,0,1,2,3
0,262.0,130.0,155.0,136.0
1,249.0,110.0,135.0,157.0
2,254.0,142.0,143.0,145.0
3,258.0,57.0,139.0,140.0
4,249.0,119.0,150.0,124.0
5,267.0,135.0,149.0,159.0
6,238.0,210.0,133.0,131.0
7,287.0,116.0,167.0,156.0
8,256.0,137.0,139.0,148.0
9,239.0,215.0,137.0,121.0
10,242.0,79.0,140.0,125.0
11,257.0,120.0,159.0,141.0
12,278.0,101.0,154.0,153.0
13,251.0,97.0,148.0,143.0
14,249.0,130.0,142.0,129.0
15,269.0,250.0,142.0,160.0
16,253.0,156.0,143.0,154.0
17,257.0,101.0,158.0,134.0
18,267.0,170.0,148.0,142.0
19,248.0,247.0,149.0,145.0
20,268.0,141.0,139.0,150.0
21,254.0,146.0,150.0,148.0
22,252.0,234.0,138.0,150.0
23,252.0,246.0,145.0,152.0
24,250.0,240.0,135.0,144.0
25,248.0,90.0,143.0,146.0
26,262.0,124.0,145.0,145.0
27,222.0,66.0,123.0,119.0
28,247.0,110.0,145.0,141.0
29,237.0,156.0,133.0,117.0
30,252.0,251.0,146.0,133.0
31,240.0,230.0,134.0,137.0
32,235.0,65.0,122.0,132.0
33,244.0,124.0,156.0,145.0
34,244.0,199.0,139.0,134.0
35,253.0,134.0,143.0,148.0
36,231.0,137.0,130.0,137.0
37,250.0,166.0,147.0,132.0
38,259.0,91.0,137.0,152.0
39,250.0,242.0,145.0,139.0
40,252.0,137.0,147.0,139.0
41,255.0,144.0,127.0,129.0
42,233.0,172.0,120.0,120.0
43,251.0,119.0,132.0,136.0
44,251.0,94.0,138.0,152.0
45,269.0,105.0,162.0,129.0
46,216.0,112.0,123.0,118.0
47,281.0,105.0,152.0,174.0
48,276.0,77.0,173.0,148.0
49,219.0,88.0,125.0,126.0
50,255.0,113.0,141.0,142.0
51,267.0,90.0,159.0,160.0
52,252.0,132.0,140.0,145.0
53,258.0,129.0,149.0,149.0
54,252.0,126.0,149.0,136.0
55,249.0,213.0,155.0,144.0
56,255.0,228.0,159.0,139.0
57,246.0,79.0,129.0,144.0
58,234.0,102.0,134.0,116.0
59,247.0,213.0,144.0,134.0
60,240.0,100.0,121.0,150.0
61,254.0,132.0,147.0,142.0
62,252.0,244.0,142.0,140.0
63,251.0,82.0,154.0,144.0
64,281.0,138.0,162.0,185.0
65,280.0,276.0,143.0,159.0
66,265.0,97.0,158.0,139.0
67,244.0,187.0,142.0,145.0
68,260.0,105.0,161.0,153.0
69,238.0,210.0,117.0,143.0
70,250.0,122.0,144.0,148.0
71,227.0,81.0,142.0,125.0
72,264.0,120.0,146.0,142.0
73,237.0,148.0,138.0,144.0
74,234.0,94.0,134.0,144.0
75,234.0,97.0,137.0,141.0
76,217.0,97.0,112.0,112.0
77,250.0,78.0,132.0,138.0
78,268.0,251.0,148.0,168.0
79,242.0,225.0,145.0,155.0
80,236.0,101.0,122.0,133.0
81,253.0,172.0,151.0,147.0
82,243.0,122.0,136.0,139.0
83,234.0,104.0,141.0,129.0
84,242.0,88.0,138.0,134.0
85,249.0,138.0,139.0,154.0
86,252.0,222.0,141.0,138.0
87,278.0,182.0,153.0,147.0
88,271.0,109.0,163.0,151.0
89,252.0,136.0,153.0,137.0
90,246.0,134.0,147.0,136.0
91,262.0,118.0,142.0,133.0
92,261.0,142.0,153.0,153.0
93,274.0,122.0,158.0,168.0
94,283.0,115.0,181.0,160.0
95,256.0,88.0,117.0,151.0
96,231.0,84.0,133.0,129.0
97,237.0,156.0,125.0,137.0
98,244.0,116.0,138.0,131.0
99,260.0,127.0,144.0,150.0
100,271.0,124.0,150.0,142.0
101,243.0,121.0,131.0,149.0
102,288.0,123.0,179.0,164.0
103,233.0,215.0,126.0,128.0
104,248.0,110.0,137.0,151.0
105,249.0,93.0,151.0,145.0
106,239.0,68.0,136.0,127.0
107,255.0,108.0,139.0,146.0
108,253.0,123.0,169.0,129.0
109,275.0,93.0,165.0,158.0
110,234.0,103.0,119.0,136.0
111,241.0,110.0,147.0,136.0
112,267.0,72.0,161.0,158.0
113,242.0,105.0,123.0,133.0
114,254.0,157.0,137.0,149.0
115,250.0,121.0,141.0,147.0
116,261.0,141.0,142.0,135.0
117,249.0,86.0,136.0,148.0
118,272.0,133.0,156.0,152.0
119,264.0,59.0,153.0,143.0
120,271.0,86.0,142.0,143.0
121,242.0,90.0,128.0,142.0
122,262.0,159.0,160.0,131.0
123,236.0,100.0,128.0,137.0
124,255.0,143.0,152.0,145.0
125,248.0,89.0,145.0,130.0
126,272.0,87.0,146.0,137.0
127,250.0,90.0,135.0,143.0
128,270.0,221.0,147.0,143.0
129,260.0,230.0,135.0,156.0
130,259.0,114.0,146.0,143.0
131,273.0,86.0,153.0,155.0
132,242.0,123.0,136.0,138.0
133,262.0,185.0,160.0,154.0
134,252.0,120.0,137.0,146.0
135,252.0,120.0,137.0,152.0
136,254.0,81.0,133.0,157.0
137,251.0,84.0,142.0,130.0
138,244.0,232.0,134.0,138.0
139,253.0,112.0,149.0,141.0
140,265.0,80.0,141.0,147.0
141,252.0,151.0,141.0,146.0
142,236.0,132.0,142.0,149.0
143,257.0,119.0,151.0,153.0
144,244.0,114.0,138.0,146.0
145,246.0,126.0,130.0,130.0
146,248.0,97.0,138.0,138.0
147,248.0,71.0,139.0,141.0
148,262.0,135.0,161.0,133.0
149,256.0,220.0,145.0,147.0
150,233.0,115.0,134.0,125.0
151,248.0,155.0,144.0,132.0
152,250.0,114.0,129.0,142.0
153,240.0,115.0,125.0,139.0
154,265.0,137.0,160.0,150.0
155,250.0,115.0,148.0,138.0
156,252.0,109.0,123.0,142.0
157,254.0,110.0,144.0,148.0
158,232.0,91.0,133.0,140.0
159,234.0,113.0,127.0,112.0
160,259.0,83.0,144.0,149.0
161,256.0,224.0,132.0,136.0
162,244.0,212.0,136.0,128.0
163,230.0,34.0,134.0,118.0
164,232.0,147.0,122.0,126.0
165,242.0,119.0,119.0,131.0
166,253.0,80.0,148.0,141.0
167,243.0,102.0,146.0,146.0
168,286.0,101.0,177.0,168.0
169,248.0,102.0,138.0,131.0
170,241.0,90.0,136.0,139.0
171,242.0,113.0,127.0,135.0
172,269.0,135.0,153.0,141.0
173,262.0,130.0,141.0,155.0
174,255.0,217.0,143.0,141.0
175,238.0,200.0,133.0,144.0
176,241.0,103.0,131.0,129.0
177,239.0,76.0,130.0,141.0
178,269.0,143.0,160.0,153.0
179,261.0,127.0,140.0,130.0
180,244.0,233.0,151.0,144.0
181,266.0,142.0,149.0,147.0
182,264.0,119.0,143.0,164.0
183,239.0,129.0,149.0,116.0
184,236.0,104.0,122.0,137.0
185,255.0,84.0,130.0,148.0
186,255.0,107.0,141.0,131.0
187,232.0,87.0,125.0,132.0
188,254.0,95.0,153.0,143.0
189,262.0,105.0,144.0,144.0
190,265.0,122.0,139.0,138.0
191,245.0,232.0,156.0,142.0
192,239.0,193.0,147.0,133.0
193,242.0,118.0,127.0,126.0
194,235.0,119.0,137.0,133.0
195,246.0,238.0,142.0,133.0
196,250.0,73.0,154.0,147.0
197,263.0,86.0,154.0,155.0
198,281.0,105.0,154.0,152.0
199,249.0,107.0,137.0,132.0
200,221.0,90.0,131.0,125.0
201,272.0,121.0,165.0,146.0
202,237.0,93.0,128.0,144.0
203,248.0,84.0,135.0,142.0
204,260.0,137.0,139.0,142.0
205,238.0,101.0,118.0,129.0
206,259.0,217.0,152.0,143.0
207,227.0,185.0,132.0,133.0
208,245.0,88.0,143.0,127.0
209,250.0,131.0,131.0,149.0
210,252.0,152.0,137.0,139.0
211,271.0,113.0,152.0,146.0
212,229.0,62.0,132.0,132.0
213,265.0,109.0,150.0,144.0
214,238.0,99.0,138.0,131.0
215,249.0,143.0,136.0,142.0
216,228.0,98.0,136.0,128.0
217,234.0,74.0,127.0,139.0
218,276.0,113.0,167.0,150.0
219,238.0,196.0,126.0,124.0
220,251.0,91.0,120.0,146.0
221,227.0,113.0,118.0,116.0
222,225.0,93.0,123.0,121.0
223,249.0,145.0,139.0,154.0
224,291.0,86.0,175.0,151.0
225,264.0,213.0,149.0,144.0
226,234.0,113.0,132.0,131.0
227,261.0,71.0,156.0,146.0
228,254.0,50.0,144.0,152.0
229,257.0,254.0,148.0,147.0
230,230.0,82.0,122.0,120.0
231,242.0,79.0,146.0,138.0
232,232.0,71.0,129.0,132.0
233,243.0,110.0,148.0,137.0
234,257.0,69.0,136.0,129.0
235,266.0,116.0,156.0,138.0
236,233.0,90.0,142.0,121.0
237,269.0,98.0,156.0,156.0
238,249.0,133.0,131.0,127.0
239,255.0,135.0,154.0,160.0
240,237.0,94.0,147.0,130.0
241,274.0,118.0,151.0,157.0
242,268.0,130.0,144.0,130.0
243,248.0,112.0,146.0,150.0
244,242.0,105.0,148.0,129.0
245,268.0,180.0,147.0,162.0
246,263.0,119.0,150.0,143.0
247,233.0,120.0,123.0,133.0
248,265.0,93.0,159.0,152.0
249,252.0,125.0,147.0,145.0
250,257.0,96.0,150.0,133.0
251,247.0,110.0,145.0,140.0
252,257.0,92.0,147.0,137.0
253,260.0,130.0,155.0,161.0
254,227.0,75.0,143.0,127.0
255,246.0,106.0,137.0,144.0
256,249.0,112.0,148.0,148.0
257,250.0,140.0,130.0,145.0
258,233.0,117.0,130.0,144.0
259,224.0,193.0,127.0,137.0
260,252.0,103.0,140.0,149.0
261,271.0,106.0,146.0,150.0
262,244.0,70.0,154.0,128.0
263,264.0,130.0,142.0,136.0
264,232.0,66.0,143.0,135.0
265,244.0,117.0,135.0,143.0
266,239.0,102.0,138.0,137.0
267,237.0,191.0,135.0,139.0
268,262.0,216.0,130.0,151.0
269,269.0,121.0,149.0,138.0
270,244.0,114.0,147.0,145.0
271,254.0,225.0,139.0,139.0
272,224.0,195.0,137.0,122.0
273,273.0,152.0,152.0,156.0
274,266.0,128.0,145.0,147.0
275,242.0,241.0,141.0,134.0
276,244.0,126.0,141.0,136.0
277,255.0,108.0,146.0,143.0
278,235.0,131.0,139.0,128.0
279,259.0,38.0,154.0,143.0
280,260.0,118.0,144.0,132.0
281,265.0,123.0,149.0,144.0
282,232.0,105.0,131.0,132.0
283,283.0,102.0,159.0,160.0
284,255.0,108.0,140.0,147.0
285,268.0,104.0,148.0,159.0
286,233.0,111.0,131.0,120.0
287,254.0,102.0,131.0,150.0
288,235.0,141.0,133.0,129.0
289,249.0,121.0,151.0,114.0
290,271.0,132.0,159.0,140.0
291,266.0,82.0,163.0,156.0
292,259.0,233.0,147.0,145.0
293,247.0,221.0,135.0,144.0
294,239.0,112.0,127.0,135.0
295,243.0,60.0,122.0,149.0
296,241.0,141.0,142.0,138.0
297,255.0,145.0,138.0,133.0
298,235.0,88.0,139.0,124.0
299,214.0,173.0,123.0,120.0
300,262.0,122.0,132.0,136.0
301,249.0,126.0,141.0,149.0
302,242.0,129.0,132.0,127.0
303,229.0,115.0,129.0,127.0
304,267.0,134.0,160.0,148.0
305,233.0,98.0,128.0,119.0
306,243.0,94.0,136.0,133.0
307,253.0,109.0,149.0,134.0
308,242.0,97.0,127.0,126.0
309,263.0,176.0,145.0,169.0
310,241.0,53.0,139.0,120.0
311,248.0,134.0,125.0,116.0
312,240.0,208.0,134.0,139.0
313,247.0,238.0,132.0,137.0
314,247.0,238.0,142.0,141.0
315,248.0,48.0,147.0,136.0
316,272.0,80.0,146.0,137.0
317,238.0,88.0,129.0,127.0
318,243.0,126.0,137.0,147.0
319,257.0,133.0,139.0,155.0
320,272.0,237.0,165.0,151.0
321,230.0,195.0,130.0,121.0
322,272.0,123.0,157.0,157.0
323,238.0,134.0,129.0,139.0
324,242.0,149.0,140.0,150.0
325,260.0,111.0,151.0,146.0
326,261.0,112.0,138.0,157.0
327,250.0,121.0,149.0,154.0
328,247.0,105.0,141.0,143.0
329,261.0,239.0,132.0,164.0
330,277.0,255.0,162.0,139.0
331,259.0,91.0,147.0,148.0
332,250.0,113.0,133.0,141.0
333,253.0,101.0,146.0,126.0
334,255.0,254.0,135.0,151.0
335,261.0,102.0,154.0,138.0
336,246.0,130.0,146.0,137.0
337,249.0,106.0,140.0,131.0
338,224.0,116.0,136.0,118.0
339,248.0,102.0,133.0,137.0
340,253.0,117.0,132.0,147.0
341,256.0,131.0,143.0,142.0
342,268.0,225.0,138.0,147.0
343,238.0,226.0,128.0,131.0
344,259.0,126.0,157.0,135.0
345,252.0,100.0,143.0,143.0
346,272.0,100.0,151.0,161.0
347,233.0,68.0,125.0,136.0
348,235.0,98.0,133.0,133.0
349,255.0,232.0,130.0,148.0
350,267.0,149.0,150.0,156.0
351,268.0,108.0,160.0,154.0
352,251.0,239.0,138.0,137.0
353,264.0,146.0,150.0,155.0
354,238.0,100.0,135.0,136.0
355,250.0,62.0,121.0,138.0
356,247.0,134.0,131.0,146.0
357,241.0,96.0,131.0,122.0
358,256.0,223.0,148.0,131.0
359,251.0,198.0,144.0,149.0
360,265.0,109.0,154.0,134.0
361,241.0,80.0,143.0,123.0
362,274.0,123.0,173.0,157.0
363,245.0,78.0,133.0,140.0
364,247.0,57.0,149.0,145.0
365,243.0,209.0,129.0,125.0
366,258.0,224.0,142.0,142.0
367,258.0,117.0,140.0,142.0
368,274.0,156.0,160.0,150.0
369,237.0,62.0,127.0,143.0
370,236.0,82.0,141.0,137.0
371,253.0,105.0,136.0,140.0
372,238.0,104.0,126.0,124.0
373,235.0,104.0,131.0,140.0
374,255.0,102.0,149.0,136.0
375,267.0,139.0,134.0,141.0
376,269.0,84.0,152.0,152.0
377,258.0,69.0,151.0,134.0
378,244.0,47.0,132.0,135.0
379,252.0,112.0,136.0,135.0
380,242.0,106.0,135.0,140.0
381,239.0,171.0,135.0,134.0
382,250.0,92.0,129.0,144.0
383,254.0,126.0,145.0,148.0
384,272.0,133.0,149.0,150.0
385,253.0,56.0,135.0,144.0
386,245.0,99.0,130.0,142.0
387,252.0,251.0,133.0,127.0
388,260.0,259.0,159.0,138.0
389,266.0,247.0,152.0,158.0
390,231.0,132.0,141.0,127.0
391,274.0,118.0,156.0,158.0
392,252.0,115.0,137.0,150.0
393,264.0,125.0,150.0,139.0
394,241.0,120.0,131.0,136.0
395,251.0,145.0,137.0,136.0
396,256.0,62.0,146.0,141.0
397,238.0,110.0,136.0,128.0
398,246.0,135.0,158.0,153.0
399,261.0,124.0,150.0,144.0
400,257.0,115.0,146.0,143.0
401,257.0,93.0,145.0,142.0
402,229.0,209.0,124.0,130.0
403,229.0,104.0,141.0,123.0
404,253.0,217.0,151.0,136.0
405,228.0,125.0,136.0,132.0
406,243.0,114.0,151.0,147.0
407,262.0,131.0,155.0,138.0
408,270.0,98.0,151.0,142.0
409,247.0,136.0,157.0,143.0
410,269.0,234.0,148.0,150.0
411,247.0,146.0,142.0,141.0
412,249.0,100.0,129.0,135.0
413,272.0,79.0,149.0,163.0
414,237.0,124.0,116.0,131.0
415,254.0,209.0,153.0,140.0
416,250.0,102.0,140.0,159.0
417,236.0,103.0,131.0,132.0
418,270.0,235.0,156.0,148.0
419,240.0,82.0,140.0,137.0
420,240.0,89.0,134.0,126.0
421,242.0,201.0,132.0,145.0
422,243.0,139.0,129.0,127.0
423,250.0,80.0,136.0,140.0
424,248.0,125.0,143.0,140.0
425,251.0,133.0,125.0,142.0
426,234.0,114.0,126.0,128.0
427,223.0,89.0,127.0,113.0
428,258.0,143.0,160.0,142.0
429,249.0,126.0,135.0,151.0
430,233.0,97.0,129.0,133.0
431,251.0,97.0,152.0,144.0
432,238.0,100.0,133.0,126.0
433,272.0,107.0,148.0,156.0
434,259.0,99.0,156.0,159.0
435,242.0,130.0,137.0,140.0
436,257.0,119.0,153.0,141.0
437,229.0,189.0,139.0,138.0
438,239.0,200.0,140.0,129.0
439,249.0,95.0,152.0,126.0
440,244.0,203.0,129.0,126.0
441,266.0,225.0,146.0,143.0
442,247.0,85.0,146.0,139.0
443,270.0,158.0,170.0,169.0
444,250.0,86.0,122.0,140.0
445,242.0,90.0,136.0,141.0
446,235.0,82.0,121.0,133.0
447,248.0,91.0,140.0,144.0
448,263.0,211.0,147.0,141.0
449,229.0,131.0,138.0,127.0
450,251.0,70.0,158.0,142.0
451,214.0,91.0,108.0,109.0
452,268.0,247.0,148.0,155.0
453,243.0,143.0,143.0,130.0
454,260.0,119.0,147.0,149.0
455,238.0,87.0,135.0,130.0
456,253.0,79.0,132.0,136.0
457,249.0,83.0,144.0,141.0
458,254.0,134.0,150.0,145.0
459,236.0,58.0,138.0,132.0
460,233.0,150.0,125.0,122.0
461,236.0,104.0,123.0,138.0
462,246.0,82.0,143.0,134.0
463,247.0,162.0,126.0,136.0
464,233.0,194.0,124.0,136.0
465,235.0,196.0,137.0,120.0
466,250.0,136.0,134.0,140.0
467,251.0,142.0,125.0,129.0
468,243.0,126.0,128.0,130.0
469,239.0,107.0,144.0,131.0
470,247.0,124.0,144.0,131.0
471,242.0,85.0,151.0,140.0
472,251.0,245.0,151.0,146.0
473,243.0,119.0,140.0,145.0
474,247.0,146.0,139.0,146.0
475,249.0,97.0,129.0,137.0
476,245.0,100.0,133.0,137.0
477,266.0,106.0,150.0,158.0
478,249.0,197.0,140.0,139.0
479,225.0,77.0,138.0,128.0
480,239.0,68.0,142.0,140.0
481,241.0,63.0,142.0,138.0
482,246.0,87.0,155.0,132.0
483,251.0,103.0,125.0,147.0
484,252.0,92.0,129.0,147.0
485,243.0,96.0,137.0,137.0
486,236.0,117.0,132.0,137.0
487,252.0,134.0,134.0,146.0
488,234.0,128.0,106.0,133.0
489,272.0,238.0,151.0,142.0
490,239.0,96.0,133.0,138.0
491,263.0,149.0,150.0,160.0
492,241.0,207.0,139.0,138.0
493,274.0,240.0,161.0,153.0
494,254.0,94.0,139.0,137.0
495,225.0,179.0,123.0,119.0
496,269.0,105.0,165.0,142.0
497,275.0,106.0,162.0,138.0
498,262.0,145.0,160.0,166.0
499,280.0,167.0,170.0,152.0
500,260.0,124.0,143.0,133.0
501,272.0,182.0,143.0,166.0
502,255.0,119.0,149.0,152.0
503,248.0,58.0,141.0,136.0
504,229.0,145.0,124.0,137.0
505,261.0,98.0,140.0,159.0
506,265.0,121.0,153.0,160.0
507,258.0,64.0,141.0,158.0
508,262.0,135.0,131.0,139.0
509,251.0,101.0,149.0,149.0
510,244.0,84.0,146.0,131.0
511,241.0,161.0,130.0,117.0
512,254.0,60.0,139.0,144.0
513,246.0,113.0,128.0,143.0
514,253.0,100.0,147.0,142.0
515,249.0,112.0,152.0,130.0
516,257.0,114.0,138.0,154.0
517,274.0,135.0,163.0,132.0
518,266.0,254.0,141.0,133.0
519,248.0,78.0,147.0,136.0
520,246.0,147.0,138.0,152.0
521,245.0,109.0,144.0,139.0
522,251.0,80.0,140.0,144.0
523,239.0,81.0,136.0,135.0
524,266.0,159.0,160.0,139.0
525,239.0,139.0,115.0,135.0
526,273.0,109.0,154.0,145.0
527,241.0,83.0,124.0,127.0
528,225.0,90.0,135.0,138.0
529,224.0,137.0,131.0,118.0
530,244.0,103.0,155.0,136.0
531,262.0,174.0,164.0,139.0
532,260.0,77.0,148.0,145.0
533,252.0,133.0,155.0,130.0
534,258.0,138.0,159.0,139.0
535,263.0,138.0,145.0,146.0
536,242.0,106.0,133.0,127.0
537,222.0,105.0,119.0,130.0
538,265.0,139.0,135.0,143.0
539,225.0,152.0,122.0,127.0
540,241.0,109.0,144.0,136.0
541,263.0,100.0,153.0,153.0
542,251.0,118.0,150.0,153.0
543,233.0,200.0,130.0,134.0
544,253.0,86.0,133.0,129.0
545,235.0,79.0,126.0,124.0
546,256.0,120.0,134.0,162.0
547,250.0,116.0,131.0,139.0
548,245.0,218.0,142.0,131.0
549,262.0,103.0,136.0,135.0
550,262.0,143.0,149.0,154.0
551,234.0,128.0,131.0,137.0
552,242.0,57.0,132.0,146.0
553,231.0,65.0,137.0,125.0
554,256.0,122.0,142.0,141.0
555,224.0,84.0,120.0,133.0
556,250.0,96.0,139.0,137.0
557,257.0,75.0,140.0,159.0
558,268.0,146.0,153.0,136.0
559,241.0,211.0,125.0,118.0
560,242.0,212.0,133.0,146.0
561,234.0,136.0,141.0,124.0
562,240.0,110.0,134.0,135.0
563,261.0,167.0,146.0,160.0
564,247.0,108.0,126.0,132.0
565,254.0,154.0,141.0,134.0
566,236.0,81.0,118.0,132.0
567,243.0,173.0,134.0,151.0
568,278.0,136.0,143.0,161.0
569,265.0,97.0,162.0,146.0
570,258.0,151.0,148.0,134.0
571,246.0,157.0,131.0,140.0
572,236.0,97.0,147.0,141.0
573,246.0,160.0,148.0,135.0
574,256.0,118.0,138.0,137.0
575,276.0,126.0,162.0,174.0
576,264.0,122.0,148.0,139.0
577,258.0,110.0,127.0,144.0
578,245.0,117.0,150.0,138.0
579,250.0,215.0,146.0,124.0
580,251.0,216.0,148.0,128.0
581,251.0,47.0,148.0,141.0
582,257.0,77.0,149.0,153.0
583,281.0,149.0,170.0,167.0
584,233.0,103.0,133.0,135.0
585,253.0,78.0,145.0,148.0
586,267.0,93.0,142.0,138.0
587,241.0,136.0,140.0,126.0
588,245.0,136.0,141.0,140.0
589,265.0,112.0,166.0,161.0
590,242.0,92.0,145.0,127.0
591,233.0,184.0,124.0,137.0
592,253.0,124.0,149.0,133.0
593,257.0,156.0,143.0,142.0
594,282.0,108.0,147.0,160.0
595,260.0,100.0,144.0,153.0
596,233.0,96.0,147.0,139.0
597,219.0,85.0,139.0,115.0
598,258.0,134.0,152.0,157.0
599,227.0,140.0,121.0,132.0
600,268.0,126.0,167.0,149.0
601,240.0,107.0,140.0,121.0
602,262.0,91.0,145.0,154.0
603,252.0,123.0,132.0,142.0
604,290.0,112.0,177.0,151.0
605,242.0,107.0,132.0,137.0
606,256.0,83.0,143.0,132.0
607,258.0,159.0,146.0,163.0
608,256.0,129.0,136.0,147.0
609,240.0,160.0,149.0,131.0
610,225.0,129.0,135.0,123.0
611,233.0,229.0,148.0,134.0
612,252.0,123.0,143.0,150.0
613,223.0,102.0,115.0,129.0
614,239.0,87.0,139.0,120.0
615,246.0,211.0,140.0,125.0
616,241.0,96.0,138.0,145.0
617,263.0,86.0,162.0,152.0
618,280.0,107.0,153.0,134.0
619,271.0,144.0,149.0,145.0
620,226.0,87.0,123.0,117.0
621,213.0,84.0,123.0,121.0
622,246.0,233.0,138.0,128.0
623,249.0,102.0,138.0,141.0
624,268.0,215.0,168.0,151.0
625,276.0,160.0,151.0,160.0
626,231.0,196.0,137.0,140.0
627,261.0,225.0,148.0,141.0
628,246.0,147.0,126.0,141.0
629,266.0,232.0,158.0,146.0
630,246.0,212.0,131.0,139.0
631,248.0,214.0,124.0,141.0
632,243.0,116.0,134.0,143.0
633,272.0,139.0,147.0,160.0
634,267.0,243.0,148.0,149.0
635,257.0,84.0,135.0,133.0
636,246.0,117.0,148.0,144.0
637,247.0,87.0,142.0,129.0
638,250.0,205.0,134.0,139.0
639,228.0,137.0,134.0,123.0
640,236.0,98.0,144.0,130.0
641,245.0,125.0,134.0,147.0
642,259.0,92.0,146.0,134.0
643,248.0,113.0,136.0,143.0
644,269.0,130.0,152.0,161.0
645,266.0,152.0,143.0,119.0
646,263.0,111.0,155.0,143.0
647,253.0,144.0,140.0,139.0
648,253.0,86.0,147.0,148.0
649,250.0,172.0,148.0,145.0
650,248.0,231.0,142.0,138.0
651,254.0,112.0,137.0,149.0
652,251.0,133.0,137.0,149.0
653,238.0,140.0,135.0,123.0
654,244.0,115.0,139.0,129.0
655,251.0,177.0,145.0,147.0
656,257.0,102.0,118.0,139.0
657,235.0,65.0,138.0,121.0
658,277.0,84.0,160.0,164.0
659,263.0,197.0,152.0,134.0
660,274.0,152.0,156.0,144.0
661,273.0,79.0,140.0,143.0
662,239.0,79.0,123.0,128.0
663,249.0,128.0,133.0,132.0
664,249.0,134.0,151.0,125.0
665,230.0,55.0,142.0,123.0
666,254.0,219.0,140.0,141.0
667,256.0,111.0,138.0,160.0
668,254.0,170.0,140.0,147.0
669,247.0,112.0,139.0,138.0
670,230.0,137.0,132.0,136.0
671,229.0,93.0,122.0,130.0
672,245.0,71.0,145.0,143.0
673,243.0,120.0,139.0,142.0
674,261.0,227.0,137.0,165.0
675,251.0,217.0,138.0,136.0
676,240.0,86.0,127.0,127.0
677,251.0,89.0,138.0,142.0
678,267.0,167.0,149.0,154.0
679,255.0,102.0,144.0,139.0
680,234.0,77.0,132.0,141.0
681,262.0,116.0,148.0,140.0
682,273.0,121.0,156.0,154.0
683,220.0,108.0,126.0,124.0
684,237.0,121.0,136.0,140.0
685,259.0,101.0,151.0,135.0
686,239.0,100.0,132.0,148.0
687,259.0,110.0,123.0,144.0
688,246.0,119.0,136.0,154.0
689,261.0,154.0,167.0,143.0
690,232.0,162.0,118.0,129.0
691,253.0,210.0,147.0,147.0
692,221.0,103.0,123.0,117.0
693,246.0,71.0,144.0,142.0
694,241.0,113.0,138.0,127.0
695,252.0,134.0,139.0,154.0
696,256.0,75.0,138.0,130.0
697,239.0,96.0,131.0,146.0
698,239.0,131.0,136.0,118.0
699,283.0,100.0,170.0,169.0
700,270.0,72.0,165.0,157.0
701,227.0,182.0,140.0,142.0
702,256.0,142.0,141.0,151.0
703,254.0,119.0,142.0,145.0
704,255.0,88.0,150.0,145.0
705,236.0,76.0,135.0,118.0
706,251.0,95.0,144.0,152.0
707,279.0,103.0,155.0,151.0
708,238.0,115.0,128.0,141.0
709,245.0,103.0,147.0,126.0
710,242.0,97.0,137.0,142.0
711,223.0,124.0,124.0,131.0
712,236.0,84.0,150.0,139.0
713,242.0,80.0,152.0,134.0
714,271.0,251.0,152.0,147.0
715,245.0,149.0,125.0,154.0
716,227.0,85.0,139.0,122.0
717,261.0,179.0,143.0,156.0
718,246.0,106.0,157.0,142.0
719,230.0,79.0,118.0,117.0
720,261.0,95.0,158.0,140.0
721,248.0,112.0,149.0,149.0
722,268.0,140.0,153.0,143.0
723,246.0,68.0,151.0,135.0
724,252.0,128.0,147.0,150.0
725,252.0,73.0,135.0,153.0
726,266.0,125.0,139.0,155.0
727,259.0,113.0,148.0,155.0
728,288.0,115.0,169.0,157.0
729,233.0,84.0,131.0,138.0
730,245.0,92.0,132.0,133.0
731,231.0,80.0,142.0,144.0
732,218.0,59.0,121.0,116.0
733,262.0,131.0,140.0,146.0
734,258.0,115.0,146.0,144.0
735,260.0,104.0,155.0,144.0
736,245.0,215.0,135.0,133.0
737,259.0,229.0,146.0,145.0
738,270.0,131.0,149.0,138.0
739,273.0,101.0,157.0,149.0
740,260.0,124.0,159.0,140.0
741,258.0,119.0,142.0,138.0
742,274.0,109.0,156.0,154.0
743,253.0,147.0,142.0,148.0
744,261.0,75.0,137.0,144.0
745,244.0,107.0,123.0,137.0
746,260.0,195.0,138.0,137.0
747,238.0,99.0,147.0,145.0
748,259.0,81.0,151.0,140.0
749,244.0,109.0,129.0,132.0
750,236.0,97.0,129.0,129.0
751,252.0,110.0,151.0,149.0
752,244.0,111.0,129.0,130.0
753,253.0,141.0,147.0,148.0
754,231.0,117.0,133.0,134.0
755,245.0,129.0,135.0,137.0
756,265.0,171.0,131.0,154.0
757,222.0,215.0,125.0,132.0
758,273.0,86.0,155.0,147.0
759,254.0,86.0,134.0,137.0
760,227.0,103.0,121.0,129.0
761,247.0,99.0,155.0,130.0
762,246.0,120.0,141.0,143.0
763,264.0,106.0,131.0,149.0
764,251.0,83.0,143.0,146.0
765,230.0,93.0,127.0,139.0
766,251.0,84.0,126.0,144.0
767,238.0,147.0,136.0,137.0
768,254.0,86.0,137.0,142.0
769,261.0,165.0,144.0,151.0
770,259.0,175.0,149.0,132.0
771,272.0,138.0,144.0,155.0
772,248.0,127.0,140.0,131.0
773,251.0,133.0,150.0,144.0
774,269.0,123.0,155.0,154.0
775,265.0,78.0,139.0,152.0
776,251.0,224.0,144.0,126.0
777,273.0,246.0,162.0,157.0
778,245.0,135.0,129.0,133.0
779,252.0,202.0,135.0,144.0
780,237.0,111.0,130.0,119.0
781,263.0,111.0,147.0,136.0
782,239.0,142.0,144.0,137.0
783,265.0,184.0,136.0,152.0
784,262.0,81.0,145.0,147.0
785,261.0,110.0,147.0,147.0
786,225.0,94.0,129.0,120.0
787,256.0,145.0,147.0,138.0
788,235.0,77.0,123.0,116.0
789,235.0,127.0,122.0,158.0
790,258.0,173.0,156.0,147.0
791,235.0,76.0,139.0,125.0
792,257.0,119.0,149.0,144.0
793,242.0,241.0,129.0,143.0
794,263.0,262.0,142.0,144.0
795,251.0,129.0,139.0,134.0
796,243.0,116.0,112.0,128.0
797,250.0,215.0,142.0,133.0
798,264.0,143.0,138.0,144.0
799,261.0,146.0,147.0,135.0
800,252.0,221.0,144.0,142.0
801,244.0,96.0,143.0,133.0
802,263.0,128.0,148.0,135.0
803,260.0,114.0,138.0,142.0
804,273.0,119.0,158.0,146.0
805,260.0,97.0,142.0,154.0
806,258.0,174.0,158.0,151.0
807,261.0,144.0,140.0,156.0
808,235.0,94.0,122.0,131.0
809,239.0,62.0,132.0,126.0
810,257.0,114.0,152.0,157.0
811,242.0,143.0,132.0,157.0
812,245.0,215.0,152.0,139.0
813,275.0,147.0,152.0,168.0
814,257.0,148.0,155.0,143.0
815,242.0,120.0,140.0,119.0
816,227.0,201.0,135.0,122.0
817,236.0,89.0,138.0,124.0
818,272.0,147.0,145.0,152.0
819,238.0,187.0,127.0,146.0
820,269.0,108.0,147.0,145.0
821,244.0,104.0,145.0,146.0
822,238.0,107.0,126.0,135.0
823,239.0,214.0,148.0,144.0
824,258.0,140.0,157.0,145.0
825,241.0,65.0,139.0,133.0
826,241.0,93.0,147.0,137.0
827,263.0,124.0,169.0,137.0
828,254.0,101.0,154.0,148.0
829,243.0,62.0,143.0,131.0
830,256.0,182.0,138.0,147.0
831,258.0,92.0,159.0,142.0
832,253.0,189.0,148.0,129.0
833,249.0,96.0,146.0,147.0
834,260.0,80.0,158.0,160.0
835,227.0,207.0,122.0,122.0
836,259.0,145.0,151.0,145.0
837,238.0,208.0,124.0,130.0
838,245.0,112.0,123.0,138.0
839,258.0,67.0,150.0,137.0
840,259.0,89.0,153.0,153.0
841,247.0,118.0,129.0,141.0
842,240.0,129.0,139.0,137.0
843,232.0,89.0,114.0,136.0
844,267.0,132.0,148.0,155.0
845,257.0,131.0,140.0,143.0
846,279.0,229.0,176.0,174.0
847,230.0,115.0,133.0,135.0
848,248.0,208.0,148.0,146.0
849,265.0,69.0,146.0,166.0
850,240.0,106.0,148.0,128.0
851,254.0,171.0,124.0,142.0
852,244.0,106.0,121.0,143.0
853,285.0,237.0,154.0,156.0
854,237.0,190.0,142.0,143.0
855,233.0,103.0,125.0,135.0
856,251.0,125.0,140.0,136.0
857,252.0,77.0,155.0,145.0
858,250.0,127.0,139.0,142.0
859,257.0,88.0,140.0,153.0
860,271.0,106.0,136.0,146.0
861,251.0,132.0,128.0,129.0
862,240.0,114.0,135.0,145.0
863,258.0,93.0,158.0,127.0
864,239.0,228.0,149.0,138.0
865,237.0,77.0,130.0,140.0
866,257.0,64.0,154.0,150.0
867,244.0,105.0,143.0,138.0
868,251.0,96.0,155.0,129.0
869,232.0,117.0,114.0,121.0
870,234.0,121.0,140.0,146.0
871,258.0,115.0,132.0,138.0
872,254.0,236.0,136.0,148.0
873,254.0,90.0,139.0,138.0
874,266.0,127.0,138.0,154.0
875,237.0,94.0,148.0,130.0
876,252.0,140.0,143.0,136.0
877,250.0,111.0,144.0,131.0
878,238.0,87.0,146.0,131.0
879,261.0,101.0,163.0,152.0
880,262.0,82.0,141.0,142.0
881,231.0,57.0,126.0,125.0
882,261.0,117.0,133.0,142.0
883,231.0,116.0,120.0,122.0
884,248.0,102.0,149.0,148.0
885,254.0,220.0,138.0,148.0
886,243.0,209.0,137.0,143.0
887,250.0,99.0,129.0,129.0
888,224.0,120.0,121.0,121.0
889,229.0,132.0,136.0,122.0
890,238.0,155.0,123.0,139.0
891,252.0,129.0,143.0,129.0
892,248.0,132.0,126.0,123.0
893,272.0,93.0,148.0,162.0
894,261.0,147.0,153.0,140.0
895,272.0,138.0,167.0,159.0
896,237.0,97.0,125.0,138.0
897,243.0,209.0,133.0,142.0
898,235.0,201.0,126.0,125.0
899,223.0,121.0,132.0,118.0
900,247.0,123.0,148.0,140.0
901,252.0,89.0,145.0,143.0
902,252.0,87.0,153.0,141.0
903,266.0,102.0,148.0,159.0
904,251.0,105.0,148.0,144.0
905,258.0,99.0,152.0,147.0
906,250.0,88.0,130.0,145.0
907,244.0,104.0,128.0,140.0
908,281.0,106.0,165.0,152.0
909,262.0,128.0,146.0,145.0
910,265.0,132.0,144.0,147.0
911,263.0,98.0,135.0,165.0
912,266.0,236.0,154.0,147.0
913,241.0,63.0,128.0,143.0
914,293.0,104.0,160.0,151.0
915,243.0,157.0,131.0,138.0
916,245.0,112.0,148.0,139.0
917,253.0,66.0,155.0,144.0
918,247.0,105.0,132.0,135.0
919,235.0,116.0,136.0,141.0
920,266.0,133.0,157.0,155.0
921,260.0,119.0,153.0,151.0
922,238.0,96.0,134.0,139.0
923,229.0,105.0,131.0,133.0
924,232.0,161.0,144.0,116.0
925,268.0,119.0,149.0,163.0
926,273.0,161.0,146.0,145.0
927,248.0,97.0,140.0,133.0
928,249.0,59.0,142.0,145.0
929,237.0,101.0,134.0,140.0
930,266.0,117.0,182.0,145.0
931,249.0,94.0,146.0,139.0
932,249.0,131.0,134.0,144.0
933,268.0,91.0,151.0,163.0
934,251.0,110.0,131.0,138.0
935,230.0,168.0,135.0,130.0
936,234.0,103.0,148.0,135.0
937,215.0,194.0,124.0,123.0
938,257.0,146.0,140.0,142.0
939,240.0,86.0,132.0,145.0
940,247.0,73.0,153.0,150.0
941,264.0,141.0,146.0,128.0
942,238.0,114.0,142.0,128.0
943,259.0,105.0,140.0,150.0
944,248.0,90.0,146.0,141.0
945,258.0,135.0,150.0,131.0
946,232.0,88.0,130.0,130.0
947,239.0,97.0,142.0,135.0
948,261.0,99.0,129.0,155.0
949,261.0,131.0,160.0,151.0
950,266.0,122.0,158.0,163.0
951,247.0,159.0,147.0,121.0
952,248.0,136.0,158.0,150.0
953,246.0,100.0,138.0,133.0
954,255.0,91.0,137.0,137.0
955,271.0,126.0,162.0,163.0
956,251.0,97.0,138.0,138.0
957,248.0,111.0,152.0,151.0
958,250.0,77.0,145.0,137.0
959,238.0,238.0,132.0,141.0
960,244.0,102.0,143.0,126.0
961,246.0,127.0,139.0,135.0
962,223.0,115.0,121.0,119.0
963,252.0,87.0,149.0,145.0
964,274.0,107.0,146.0,150.0
965,272.0,136.0,136.0,149.0
966,250.0,123.0,121.0,145.0
967,254.0,187.0,139.0,153.0
968,232.0,115.0,138.0,127.0
969,247.0,125.0,134.0,140.0
970,258.0,96.0,126.0,156.0
971,255.0,160.0,146.0,138.0
972,237.0,135.0,128.0,138.0
973,258.0,179.0,146.0,138.0
974,255.0,111.0,144.0,139.0
975,236.0,116.0,130.0,128.0
976,225.0,146.0,133.0,124.0
977,235.0,95.0,131.0,124.0
978,256.0,90.0,148.0,126.0
979,258.0,148.0,126.0,160.0
980,237.0,101.0,137.0,140.0
981,257.0,102.0,136.0,135.0
982,237.0,98.0,127.0,130.0
983,237.0,226.0,148.0,128.0
984,251.0,107.0,139.0,148.0
985,261.0,102.0,140.0,141.0
986,264.0,154.0,152.0,148.0
987,260.0,174.0,151.0,141.0
988,246.0,85.0,133.0,147.0
989,278.0,135.0,157.0,152.0
990,253.0,97.0,142.0,150.0
991,233.0,63.0,129.0,126.0
992,264.0,102.0,143.0,145.0
993,251.0,91.0,132.0,133.0
994,247.0,124.0,155.0,140.0
995,261.0,129.0,151.0,164.0
996,262.0,108.0,147.0,159.0
997,259.0,143.0,163.0,135.0
998,257.0,113.0,156.0,126.0
999,230.0,147.0,130.0,118.0
1000,257.0,115.0,133.0,131.0
1001,249.0,153.0,144.0,136.0
1002,249.0,103.0,143.0,160.0
1003,280.0,93.0,159.0,151.0
1004,246.0,112.0,152.0,144.0
1005,265.0,253.0,148.0,144.0
1006,275.0,121.0,151.0,166.0
1007,281.0,148.0,144.0,159.0
1008,262.0,79.0,143.0,150.0
1009,262.0,120.0,156.0,147.0
1010,217.0,79.0,118.0,118.0
1011,278.0,164.0,150.0,149.0
1012,234.0,94.0,128.0,126.0
1013,254.0,105.0,155.0,128.0
1014,248.0,120.0,133.0,136.0
1015,236.0,73.0,140.0,135.0
1016,246.0,95.0,139.0,151.0
1017,243.0,99.0,143.0,141.0
1018,285.0,102.0,159.0,158.0
1019,266.0,90.0,152.0,150.0
1020,243.0,78.0,137.0,134.0
1021,262.0,147.0,156.0,145.0
1022,261.0,109.0,144.0,143.0
1023,277.0,204.0,162.0,152.0
1024,237.0,194.0,127.0,145.0
1025,240.0,197.0,132.0,129.0
1026,251.0,114.0,150.0,138.0
1027,235.0,73.0,134.0,139.0
1028,265.0,125.0,146.0,150.0
1029,255.0,150.0,137.0,142.0
1030,253.0,114.0,144.0,139.0
1031,257.0,126.0,145.0,129.0
1032,264.0,229.0,149.0,147.0
1033,253.0,109.0,147.0,146.0
1034,254.0,128.0,141.0,142.0
1035,252.0,120.0,145.0,156.0
1036,248.0,118.0,150.0,138.0
1037,254.0,132.0,145.0,151.0
1038,235.0,69.0,133.0,135.0
1039,243.0,87.0,134.0,128.0
1040,252.0,99.0,137.0,137.0
1041,264.0,148.0,144.0,137.0
1042,246.0,144.0,136.0,133.0
1043,251.0,124.0,135.0,133.0
1044,243.0,98.0,125.0,131.0
1045,231.0,56.0,129.0,123.0
1046,268.0,74.0,154.0,161.0
1047,255.0,123.0,141.0,132.0
1048,242.0,208.0,146.0,142.0
1049,253.0,219.0,157.0,137.0
1050,248.0,97.0,150.0,141.0
1051,236.0,108.0,134.0,136.0
1052,237.0,125.0,123.0,145.0
1053,241.0,117.0,115.0,137.0
1054,243.0,99.0,127.0,130.0
1055,235.0,91.0,134.0,143.0
1056,245.0,190.0,135.0,124.0
1057,267.0,96.0,165.0,153.0
1058,235.0,195.0,124.0,130.0
1059,234.0,92.0,131.0,140.0
1060,266.0,122.0,154.0,136.0
1061,267.0,186.0,146.0,144.0
1062,252.0,66.0,147.0,132.0
1063,247.0,103.0,165.0,141.0
1064,274.0,165.0,150.0,146.0
1065,250.0,90.0,126.0,148.0
1066,243.0,87.0,134.0,124.0
1067,247.0,186.0,146.0,157.0
1068,263.0,161.0,138.0,153.0
1069,255.0,210.0,130.0,142.0
1070,253.0,44.0,148.0,146.0
1071,277.0,144.0,164.0,162.0
1072,250.0,152.0,147.0,147.0
1073,262.0,165.0,147.0,130.0
1074,242.0,93.0,152.0,138.0
1075,255.0,172.0,143.0,139.0
1076,224.0,128.0,125.0,128.0
1077,254.0,106.0,141.0,148.0
1078,228.0,144.0,125.0,121.0
1079,260.0,112.0,164.0,148.0
1080,249.0,87.0,155.0,149.0
1081,254.0,155.0,146.0,135.0
1082,243.0,100.0,156.0,130.0
1083,241.0,119.0,126.0,137.0
1084,264.0,217.0,143.0,153.0
1085,242.0,195.0,129.0,126.0
1086,233.0,105.0,112.0,137.0
1087,243.0,45.0,143.0,147.0
1088,258.0,142.0,144.0,155.0
1089,262.0,105.0,150.0,141.0
1090,232.0,126.0,134.0,130.0
1091,264.0,103.0,148.0,152.0
1092,243.0,198.0,125.0,138.0
1093,264.0,129.0,149.0,161.0
1094,261.0,113.0,142.0,160.0
1095,260.0,136.0,133.0,150.0
1096,264.0,96.0,150.0,144.0
1097,246.0,101.0,136.0,119.0
1098,232.0,73.0,128.0,138.0
1099,260.0,144.0,152.0,149.0
1100,269.0,91.0,166.0,159.0
1101,255.0,247.0,157.0,147.0
1102,255.0,110.0,136.0,152.0
1103,261.0,136.0,145.0,156.0
1104,266.0,120.0,136.0,155.0
1105,263.0,135.0,139.0,144.0
1106,249.0,82.0,134.0,143.0
1107,242.0,124.0,143.0,141.0
1108,228.0,160.0,130.0,117.0
1109,236.0,106.0,139.0,138.0
1110,246.0,127.0,141.0,145.0
1111,261.0,98.0,157.0,142.0
1112,226.0,188.0,131.0,134.0
1113,239.0,203.0,120.0,129.0
1114,253.0,217.0,147.0,158.0
1115,270.0,106.0,149.0,144.0
1116,234.0,89.0,126.0,127.0
1117,259.0,86.0,136.0,135.0
1118,230.0,129.0,120.0,128.0
1119,246.0,100.0,151.0,145.0
1120,242.0,93.0,140.0,147.0
1121,252.0,134.0,140.0,158.0
1122,251.0,124.0,131.0,136.0
1123,244.0,209.0,146.0,146.0
1124,276.0,151.0,155.0,155.0
1125,259.0,114.0,149.0,141.0
1126,254.0,82.0,140.0,141.0
1127,241.0,124.0,145.0,123.0
1128,262.0,254.0,148.0,152.0
1129,244.0,243.0,129.0,145.0
1130,248.0,99.0,140.0,147.0
1131,258.0,124.0,133.0,143.0
1132,260.0,78.0,153.0,150.0
1133,269.0,78.0,159.0,157.0
1134,252.0,119.0,148.0,148.0
1135,228.0,114.0,135.0,126.0
1136,240.0,55.0,140.0,140.0
1137,226.0,136.0,138.0,124.0
1138,270.0,125.0,144.0,141.0
1139,263.0,118.0,152.0,138.0
1140,245.0,78.0,135.0,134.0
1141,236.0,129.0,133.0,137.0
1142,259.0,116.0,151.0,146.0
1143,242.0,130.0,137.0,129.0
1144,261.0,95.0,135.0,141.0
1145,254.0,174.0,135.0,135.0
1146,240.0,131.0,143.0,146.0
1147,246.0,84.0,140.0,136.0
1148,224.0,122.0,131.0,139.0
1149,252.0,96.0,154.0,129.0
1150,259.0,89.0,145.0,138.0
1151,257.0,239.0,137.0,146.0
1152,260.0,132.0,148.0,143.0
1153,245.0,79.0,146.0,143.0
1154,233.0,163.0,129.0,125.0
1155,261.0,70.0,157.0,133.0
1156,225.0,104.0,135.0,128.0
1157,233.0,93.0,134.0,133.0
1158,263.0,133.0,147.0,151.0
1159,273.0,150.0,161.0,153.0
1160,262.0,126.0,155.0,149.0
1161,261.0,49.0,151.0,150.0
1162,261.0,99.0,133.0,128.0
1163,252.0,128.0,139.0,157.0
1164,245.0,81.0,145.0,145.0
1165,257.0,77.0,123.0,154.0
1166,241.0,118.0,129.0,113.0
1167,267.0,77.0,144.0,153.0
1168,239.0,116.0,141.0,121.0
1169,239.0,124.0,133.0,138.0
1170,265.0,118.0,144.0,156.0
1171,241.0,97.0,143.0,126.0
1172,284.0,155.0,174.0,167.0
1173,253.0,215.0,136.0,146.0
1174,267.0,82.0,158.0,144.0
1175,247.0,82.0,145.0,136.0
1176,257.0,93.0,131.0,143.0
1177,243.0,115.0,135.0,128.0
1178,249.0,158.0,155.0,160.0
1179,242.0,92.0,141.0,151.0
1180,244.0,199.0,129.0,140.0
1181,239.0,126.0,137.0,134.0
1182,267.0,119.0,153.0,143.0
1183,258.0,139.0,134.0,169.0
1184,251.0,97.0,149.0,136.0
1185,256.0,150.0,153.0,142.0
1186,263.0,133.0,150.0,143.0
1187,262.0,89.0,145.0,151.0
1188,238.0,87.0,137.0,129.0
1189,237.0,198.0,125.0,136.0
1190,240.0,201.0,115.0,142.0
1191,239.0,108.0,144.0,131.0
1192,262.0,123.0,140.0,128.0
1193,259.0,103.0,153.0,146.0
1194,247.0,130.0,142.0,144.0
1195,228.0,179.0,122.0,123.0
1196,255.0,83.0,144.0,159.0
1197,265.0,95.0,146.0,159.0
1198,232.0,109.0,131.0,120.0
1199,240.0,113.0,146.0,135.0
1200,273.0,183.0,134.0,153.0
1201,248.0,100.0,131.0,139.0
1202,266.0,180.0,154.0,146.0
1203,249.0,102.0,132.0,145.0
1204,268.0,187.0,162.0,150.0
1205,233.0,107.0,127.0,125.0
1206,255.0,144.0,145.0,143.0
1207,245.0,126.0,138.0,136.0
1208,257.0,109.0,137.0,150.0
1209,241.0,110.0,145.0,133.0
1210,256.0,216.0,150.0,147.0
1211,266.0,104.0,147.0,148.0
1212,225.0,137.0,125.0,127.0
1213,274.0,135.0,161.0,164.0
1214,235.0,107.0,136.0,127.0
1215,244.0,87.0,148.0,138.0
1216,256.0,217.0,143.0,136.0
1217,252.0,213.0,117.0,142.0
1218,242.0,127.0,138.0,136.0
1219,235.0,200.0,135.0,134.0
1220,221.0,78.0,127.0,120.0
1221,248.0,112.0,149.0,143.0
1222,248.0,137.0,136.0,148.0
1223,247.0,63.0,128.0,137.0
1224,246.0,136.0,137.0,132.0
1225,234.0,121.0,136.0,135.0
1226,258.0,66.0,133.0,143.0
1227,263.0,168.0,143.0,148.0
1228,253.0,77.0,147.0,138.0
1229,239.0,88.0,138.0,148.0
1230,240.0,166.0,125.0,136.0
1231,265.0,94.0,156.0,141.0
1232,260.0,136.0,138.0,136.0
1233,271.0,87.0,151.0,160.0
1234,227.0,100.0,116.0,133.0
1235,246.0,155.0,142.0,143.0
1236,229.0,71.0,138.0,126.0
1237,246.0,87.0,145.0,132.0
1238,228.0,93.0,121.0,125.0
1239,273.0,232.0,145.0,141.0
1240,256.0,130.0,139.0,148.0
1241,245.0,69.0,142.0,123.0
1242,256.0,137.0,157.0,152.0
1243,229.0,146.0,134.0,125.0
1244,235.0,163.0,119.0,129.0
1245,261.0,95.0,155.0,147.0
1246,266.0,132.0,147.0,146.0
1247,260.0,122.0,154.0,146.0
1248,228.0,144.0,124.0,131.0
1249,250.0,90.0,163.0,136.0
1250,246.0,161.0,153.0,138.0
1251,262.0,219.0,143.0,140.0
1252,267.0,224.0,136.0,150.0
1253,230.0,65.0,129.0,134.0
1254,257.0,118.0,142.0,137.0
1255,275.0,104.0,150.0,154.0
1256,242.0,106.0,138.0,132.0
1257,251.0,86.0,147.0,151.0
1258,261.0,121.0,141.0,145.0
1259,245.0,135.0,137.0,141.0
1260,245.0,140.0,130.0,130.0
1261,262.0,101.0,144.0,163.0
1262,217.0,189.0,125.0,120.0
1263,239.0,106.0,120.0,140.0
1264,251.0,116.0,141.0,126.0
1265,255.0,111.0,139.0,149.0
1266,252.0,131.0,126.0,143.0
1267,241.0,81.0,136.0,124.0
1268,213.0,108.0,120.0,110.0
1269,254.0,87.0,148.0,148.0
1270,268.0,102.0,145.0,146.0
1271,249.0,184.0,138.0,141.0
1272,243.0,137.0,143.0,126.0
1273,261.0,163.0,139.0,129.0
1274,243.0,237.0,128.0,149.0
1275,254.0,85.0,134.0,144.0
1276,245.0,116.0,135.0,136.0
1277,261.0,117.0,126.0,144.0
1278,223.0,86.0,134.0,131.0
1279,237.0,104.0,144.0,151.0
1280,253.0,133.0,156.0,148.0
1281,266.0,75.0,153.0,152.0
1282,255.0,236.0,151.0,134.0
1283,263.0,244.0,156.0,146.0
1284,252.0,91.0,138.0,145.0
1285,263.0,104.0,148.0,142.0
1286,258.0,118.0,135.0,143.0
1287,243.0,120.0,141.0,139.0
1288,258.0,156.0,153.0,147.0
1289,235.0,110.0,129.0,138.0
1290,225.0,114.0,117.0,127.0
1291,254.0,108.0,147.0,141.0
1292,278.0,118.0,161.0,150.0
1293,231.0,116.0,135.0,127.0
1294,261.0,115.0,149.0,159.0
1295,239.0,70.0,123.0,145.0
1296,238.0,98.0,149.0,132.0
1297,255.0,110.0,125.0,148.0
1298,270.0,125.0,160.0,154.0
1299,239.0,102.0,134.0,130.0
1300,273.0,106.0,152.0,150.0
1301,249.0,111.0,148.0,136.0
1302,261.0,125.0,155.0,150.0
1303,261.0,103.0,158.0,146.0
1304,259.0,227.0,142.0,147.0
1305,275.0,154.0,148.0,154.0
1306,257.0,126.0,159.0,137.0
1307,259.0,152.0,139.0,141.0
1308,245.0,122.0,138.0,134.0
1309,267.0,122.0,142.0,141.0
1310,233.0,142.0,144.0,133.0
1311,258.0,83.0,148.0,148.0
1312,272.0,108.0,146.0,162.0
1313,232.0,107.0,119.0,136.0
1314,246.0,90.0,144.0,136.0
1315,271.0,121.0,137.0,160.0
1316,257.0,111.0,161.0,151.0
1317,241.0,113.0,134.0,127.0
1318,269.0,250.0,152.0,143.0
1319,257.0,62.0,135.0,141.0
1320,238.0,160.0,141.0,137.0
1321,234.0,130.0,139.0,130.0
1322,231.0,94.0,118.0,129.0
1323,263.0,250.0,136.0,153.0
1324,259.0,104.0,149.0,165.0
1325,245.0,150.0,135.0,134.0
1326,264.0,126.0,136.0,139.0
1327,261.0,248.0,143.0,150.0
1328,254.0,120.0,132.0,143.0
1329,253.0,141.0,140.0,158.0
1330,256.0,141.0,132.0,147.0
1331,221.0,207.0,127.0,124.0
1332,240.0,82.0,135.0,124.0
1333,234.0,91.0,126.0,114.0
1334,247.0,138.0,123.0,129.0
1335,239.0,145.0,128.0,138.0
1336,249.0,83.0,145.0,147.0
1337,247.0,196.0,144.0,147.0
1338,258.0,123.0,144.0,146.0
1339,279.0,85.0,166.0,159.0
1340,253.0,107.0,142.0,149.0
1341,234.0,171.0,140.0,128.0
1342,257.0,182.0,160.0,154.0
1343,268.0,109.0,152.0,164.0
1344,239.0,117.0,132.0,145.0
1345,251.0,120.0,143.0,142.0
1346,265.0,130.0,147.0,155.0
1347,251.0,121.0,139.0,147.0
1348,231.0,152.0,131.0,128.0
1349,243.0,144.0,134.0,142.0
1350,230.0,103.0,129.0,127.0
1351,226.0,90.0,133.0,115.0
1352,261.0,85.0,142.0,164.0
1353,250.0,110.0,149.0,137.0
1354,234.0,205.0,132.0,127.0
1355,238.0,116.0,126.0,151.0
1356,273.0,154.0,155.0,155.0
1357,242.0,104.0,135.0,130.0
1358,243.0,107.0,144.0,146.0
1359,238.0,108.0,138.0,143.0
1360,261.0,161.0,146.0,143.0
1361,240.0,97.0,127.0,141.0
1362,253.0,120.0,139.0,127.0
1363,251.0,99.0,150.0,142.0
1364,261.0,117.0,175.0,149.0
1365,258.0,103.0,150.0,143.0
1366,257.0,111.0,143.0,144.0
1367,257.0,114.0,152.0,152.0
1368,267.0,77.0,153.0,155.0
1369,246.0,80.0,136.0,128.0
1370,253.0,74.0,149.0,147.0
1371,267.0,125.0,133.0,143.0
1372,240.0,102.0,131.0,132.0
1373,238.0,127.0,142.0,128.0
1374,229.0,92.0,142.0,147.0
1375,236.0,133.0,132.0,124.0
1376,239.0,204.0,145.0,135.0
1377,273.0,138.0,155.0,152.0
1378,255.0,155.0,139.0,139.0
1379,261.0,116.0,146.0,150.0
1380,259.0,82.0,148.0,144.0
1381,235.0,68.0,130.0,124.0
1382,262.0,181.0,146.0,146.0
1383,248.0,90.0,127.0,143.0
1384,256.0,113.0,146.0,140.0
1385,250.0,109.0,137.0,146.0
1386,242.0,123.0,145.0,142.0
1387,244.0,90.0,146.0,129.0
1388,249.0,107.0,153.0,150.0
1389,248.0,101.0,139.0,138.0
1390,245.0,110.0,124.0,133.0
1391,241.0,68.0,149.0,116.0
1392,249.0,105.0,148.0,151.0
1393,247.0,118.0,136.0,134.0
1394,212.0,94.0,107.0,121.0
1395,252.0,126.0,147.0,138.0
1396,239.0,202.0,133.0,142.0
1397,229.0,119.0,139.0,123.0
1398,215.0,102.0,118.0,112.0
1399,267.0,126.0,135.0,134.0
1400,271.0,118.0,156.0,151.0
1401,227.0,111.0,130.0,124.0
1402,274.0,115.0,156.0,161.0
1403,252.0,95.0,145.0,153.0
1404,264.0,159.0,144.0,155.0
1405,239.0,142.0,119.0,131.0
1406,241.0,83.0,142.0,143.0
1407,267.0,133.0,139.0,162.0
1408,239.0,105.0,132.0,121.0
1409,235.0,113.0,121.0,132.0
1410,248.0,143.0,133.0,131.0
1411,247.0,128.0,124.0,134.0
1412,267.0,226.0,145.0,150.0
1413,239.0,83.0,141.0,134.0
1414,253.0,135.0,144.0,127.0
1415,257.0,100.0,146.0,143.0
1416,262.0,251.0,150.0,155.0
1417,260.0,249.0,142.0,161.0
1418,257.0,120.0,164.0,145.0
1419,252.0,128.0,132.0,138.0
1420,255.0,159.0,148.0,137.0
1421,241.0,99.0,123.0,143.0
1422,252.0,227.0,155.0,155.0
1423,237.0,44.0,134.0,132.0
1424,266.0,117.0,160.0,154.0
1425,270.0,259.0,159.0,148.0
1426,250.0,239.0,138.0,151.0
1427,245.0,168.0,140.0,136.0
1428,265.0,148.0,145.0,146.0
1429,241.0,108.0,139.0,132.0
1430,242.0,133.0,135.0,140.0
1431,236.0,117.0,137.0,137.0
1432,264.0,113.0,153.0,139.0
1433,240.0,101.0,154.0,108.0
1434,253.0,126.0,141.0,136.0
1435,267.0,141.0,137.0,134.0
1436,260.0,124.0,166.0,148.0
1437,255.0,97.0,139.0,140.0
1438,255.0,178.0,136.0,146.0
1439,252.0,142.0,146.0,146.0
1440,249.0,167.0,151.0,127.0
1441,260.0,122.0,129.0,146.0
1442,230.0,132.0,136.0,126.0
1443,245.0,105.0,130.0,150.0
1444,271.0,73.0,164.0,146.0
1445,253.0,133.0,134.0,148.0
1446,242.0,87.0,128.0,156.0
1447,253.0,115.0,142.0,146.0
1448,255.0,133.0,134.0,140.0
1449,264.0,106.0,134.0,144.0
1450,267.0,96.0,170.0,162.0
1451,252.0,119.0,145.0,137.0
1452,255.0,92.0,154.0,145.0
1453,244.0,126.0,139.0,133.0
1454,271.0,184.0,150.0,152.0
1455,244.0,133.0,136.0,137.0
1456,268.0,140.0,152.0,139.0
1457,227.0,120.0,133.0,127.0
1458,260.0,86.0,147.0,132.0
1459,234.0,90.0,135.0,134.0
1460,235.0,91.0,131.0,138.0
1461,238.0,82.0,136.0,140.0
1462,272.0,90.0,153.0,141.0
1463,243.0,124.0,148.0,136.0
1464,263.0,128.0,138.0,149.0
1465,246.0,110.0,140.0,139.0
1466,259.0,133.0,144.0,153.0
1467,273.0,109.0,162.0,153.0
1468,225.0,195.0,122.0,135.0
1469,254.0,112.0,133.0,146.0
1470,267.0,108.0,160.0,158.0
1471,242.0,116.0,136.0,147.0
1472,254.0,101.0,139.0,146.0
1473,272.0,123.0,162.0,152.0
1474,249.0,109.0,137.0,140.0
1475,224.0,75.0,130.0,137.0
1476,247.0,96.0,132.0,145.0
1477,277.0,237.0,157.0,166.0
1478,249.0,74.0,130.0,141.0
1479,266.0,81.0,164.0,141.0
1480,258.0,118.0,148.0,150.0
1481,259.0,159.0,133.0,148.0
1482,238.0,154.0,137.0,133.0
1483,268.0,123.0,153.0,157.0
1484,238.0,117.0,127.0,126.0
1485,253.0,58.0,139.0,134.0
1486,296.0,145.0,160.0,155.0
1487,250.0,140.0,132.0,154.0
1488,252.0,87.0,122.0,118.0
1489,240.0,226.0,134.0,133.0
1490,237.0,146.0,116.0,143.0
1491,236.0,72.0,116.0,131.0
1492,220.0,105.0,107.0,116.0
1493,246.0,119.0,134.0,136.0
1494,239.0,86.0,138.0,139.0
1495,265.0,71.0,150.0,140.0
1496,247.0,98.0,139.0,137.0
1497,254.0,68.0,150.0,147.0
1498,275.0,79.0,164.0,156.0
1499,249.0,95.0,142.0,142.0
1500,242.0,120.0,135.0,142.0
1501,249.0,100.0,141.0,133.0
1502,266.0,86.0,158.0,131.0
1503,270.0,93.0,145.0,153.0
1504,250.0,130.0,140.0,140.0
1505,244.0,68.0,144.0,141.0
1506,279.0,131.0,157.0,151.0
1507,249.0,115.0,124.0,160.0
1508,267.0,113.0,148.0,154.0
1509,258.0,203.0,134.0,153.0
1510,245.0,102.0,127.0,133.0
1511,256.0,152.0,148.0,135.0
1512,254.0,90.0,143.0,129.0
1513,247.0,209.0,125.0,146.0
1514,248.0,210.0,128.0,139.0
1515,262.0,142.0,162.0,146.0
1516,259.0,101.0,132.0,136.0
1517,241.0,168.0,122.0,136.0
1518,244.0,124.0,128.0,142.0
1519,259.0,176.0,147.0,165.0
1520,225.0,58.0,127.0,124.0
1521,246.0,147.0,143.0,142.0
1522,248.0,109.0,130.0,133.0
1523,263.0,252.0,161.0,144.0
1524,242.0,118.0,139.0,129.0
1525,248.0,126.0,130.0,144.0
1526,278.0,115.0,166.0,158.0
1527,245.0,97.0,132.0,134.0
1528,254.0,146.0,154.0,153.0
1529,248.0,124.0,133.0,149.0
1530,251.0,99.0,149.0,144.0
1531,261.0,138.0,138.0,151.0
1532,272.0,238.0,138.0,165.0
1533,250.0,85.0,135.0,147.0
1534,239.0,136.0,148.0,131.0
1535,241.0,72.0,153.0,136.0
1536,260.0,182.0,165.0,154.0
1537,270.0,143.0,139.0,140.0
1538,217.0,137.0,115.0,122.0
1539,220.0,143.0,134.0,123.0
1540,250.0,99.0,132.0,154.0
1541,271.0,123.0,131.0,153.0
1542,262.0,148.0,148.0,150.0
1543,282.0,240.0,161.0,153.0
1544,264.0,126.0,146.0,153.0
1545,248.0,72.0,144.0,128.0
1546,257.0,160.0,135.0,143.0
1547,260.0,92.0,147.0,152.0
1548,257.0,51.0,150.0,148.0
1549,258.0,117.0,140.0,134.0
1550,254.0,116.0,134.0,151.0
1551,234.0,144.0,136.0,125.0
1552,262.0,93.0,134.0,147.0
1553,234.0,90.0,131.0,119.0
1554,282.0,136.0,168.0,153.0
1555,259.0,124.0,165.0,136.0
1556,252.0,129.0,140.0,140.0
1557,281.0,81.0,162.0,154.0
1558,266.0,105.0,174.0,154.0
1559,247.0,82.0,151.0,134.0
1560,236.0,85.0,149.0,144.0
1561,247.0,226.0,151.0,127.0
1562,254.0,233.0,133.0,153.0
1563,247.0,152.0,141.0,140.0
1564,212.0,122.0,120.0,118.0
1565,254.0,116.0,144.0,147.0
1566,236.0,119.0,139.0,147.0
1567,259.0,124.0,152.0,148.0
1568,263.0,101.0,149.0,142.0
1569,238.0,132.0,133.0,136.0
1570,265.0,120.0,136.0,145.0
1571,253.0,97.0,131.0,146.0
1572,245.0,178.0,138.0,136.0
1573,251.0,105.0,131.0,129.0
1574,254.0,245.0,139.0,147.0
1575,266.0,141.0,159.0,148.0
1576,239.0,209.0,140.0,121.0
1577,256.0,148.0,142.0,147.0
1578,271.0,242.0,145.0,146.0
1579,224.0,99.0,122.0,117.0
1580,239.0,80.0,136.0,134.0
1581,240.0,33.0,149.0,138.0
1582,256.0,106.0,146.0,146.0
1583,231.0,97.0,145.0,130.0
1584,262.0,171.0,140.0,142.0
1585,267.0,97.0,158.0,155.0
1586,249.0,91.0,136.0,141.0
1587,262.0,129.0,157.0,147.0
1588,271.0,133.0,143.0,156.0
1589,239.0,146.0,139.0,128.0
1590,287.0,87.0,168.0,142.0
1591,257.0,108.0,156.0,140.0
1592,260.0,92.0,147.0,149.0
1593,260.0,96.0,145.0,143.0
1594,246.0,102.0,117.0,134.0
1595,280.0,192.0,163.0,154.0
1596,217.0,141.0,122.0,125.0
1597,248.0,217.0,140.0,136.0
1598,263.0,232.0,132.0,146.0
1599,268.0,80.0,141.0,153.0
1600,254.0,150.0,152.0,141.0
1601,252.0,98.0,143.0,150.0
1602,291.0,108.0,159.0,162.0
1603,274.0,161.0,151.0,153.0
1604,267.0,95.0,153.0,154.0
1605,249.0,107.0,145.0,143.0
1606,257.0,71.0,144.0,164.0
1607,256.0,73.0,138.0,151.0
1608,245.0,221.0,146.0,142.0
1609,262.0,153.0,140.0,133.0
1610,248.0,125.0,138.0,124.0
1611,270.0,115.0,142.0,148.0
1612,245.0,106.0,144.0,135.0
1613,256.0,147.0,136.0,148.0
1614,256.0,116.0,139.0,145.0
1615,255.0,81.0,144.0,146.0
1616,256.0,90.0,138.0,144.0
1617,231.0,91.0,136.0,118.0
1618,230.0,203.0,118.0,117.0
1619,255.0,134.0,135.0,143.0
1620,235.0,91.0,142.0,143.0
1621,215.0,84.0,124.0,110.0
1622,251.0,163.0,136.0,129.0
1623,241.0,234.0,152.0,144.0
1624,249.0,117.0,128.0,141.0
1625,215.0,119.0,117.0,127.0
1626,244.0,100.0,136.0,145.0
1627,259.0,77.0,129.0,147.0
1628,280.0,96.0,151.0,145.0
1629,258.0,138.0,155.0,147.0
1630,247.0,137.0,135.0,150.0
1631,264.0,105.0,151.0,165.0
1632,242.0,112.0,139.0,154.0
1633,252.0,207.0,154.0,139.0
1634,257.0,147.0,144.0,130.0
1635,276.0,173.0,144.0,151.0
1636,263.0,127.0,169.0,148.0
1637,235.0,144.0,115.0,121.0
1638,234.0,114.0,132.0,121.0
1639,251.0,93.0,147.0,141.0
1640,242.0,81.0,132.0,124.0
1641,231.0,207.0,134.0,130.0
1642,240.0,124.0,147.0,133.0
1643,244.0,130.0,131.0,140.0
1644,243.0,85.0,136.0,135.0
1645,268.0,80.0,146.0,143.0
1646,251.0,128.0,129.0,139.0
1647,248.0,130.0,140.0,141.0
1648,246.0,124.0,130.0,138.0
1649,247.0,124.0,122.0,153.0
1650,255.0,82.0,148.0,138.0
1651,246.0,82.0,121.0,130.0
1652,232.0,94.0,130.0,129.0
1653,275.0,145.0,149.0,161.0
1654,232.0,90.0,128.0,126.0
1655,254.0,144.0,148.0,144.0
1656,242.0,84.0,137.0,144.0
1657,259.0,155.0,131.0,163.0
1658,249.0,93.0,152.0,139.0
1659,244.0,73.0,135.0,145.0
1660,256.0,106.0,139.0,139.0
1661,239.0,97.0,149.0,139.0
1662,229.0,122.0,133.0,123.0
1663,266.0,112.0,153.0,155.0
1664,241.0,118.0,135.0,129.0
1665,258.0,143.0,132.0,143.0
1666,234.0,89.0,129.0,134.0
1667,243.0,204.0,137.0,145.0
1668,254.0,153.0,133.0,145.0
1669,234.0,90.0,132.0,132.0
1670,236.0,158.0,139.0,128.0
1671,260.0,117.0,148.0,158.0
1672,250.0,79.0,137.0,149.0
1673,223.0,107.0,120.0,135.0
1674,271.0,77.0,159.0,150.0
1675,270.0,165.0,163.0,154.0
1676,226.0,110.0,131.0,129.0
1677,254.0,124.0,127.0,139.0
1678,242.0,80.0,136.0,136.0
1679,245.0,122.0,138.0,149.0
1680,263.0,106.0,144.0,144.0
1681,264.0,136.0,145.0,142.0
1682,249.0,117.0,136.0,137.0
1683,257.0,143.0,155.0,150.0
1684,294.0,261.0,152.0,171.0
1685,244.0,211.0,145.0,128.0
1686,248.0,114.0,142.0,157.0
1687,237.0,128.0,124.0,133.0
1688,225.0,215.0,140.0,125.0
1689,240.0,76.0,150.0,124.0
1690,238.0,129.0,135.0,138.0
1691,249.0,136.0,148.0,136.0
1692,251.0,94.0,144.0,133.0
1693,238.0,115.0,142.0,132.0
1694,275.0,217.0,156.0,135.0
1695,227.0,82.0,114.0,116.0
1696,252.0,108.0,140.0,150.0
1697,267.0,105.0,155.0,166.0
1698,242.0,99.0,145.0,135.0
1699,259.0,167.0,147.0,151.0
1700,253.0,125.0,150.0,148.0
1701,257.0,137.0,128.0,146.0
1702,255.0,83.0,134.0,133.0
1703,269.0,116.0,157.0,147.0
1704,262.0,156.0,146.0,149.0
1705,246.0,146.0,146.0,154.0
1706,258.0,82.0,147.0,154.0
1707,246.0,92.0,150.0,140.0
1708,227.0,153.0,126.0,142.0
1709,245.0,93.0,131.0,146.0
1710,269.0,163.0,148.0,155.0
1711,248.0,136.0,146.0,149.0
1712,224.0,92.0,135.0,135.0
1713,244.0,127.0,135.0,151.0
1714,227.0,128.0,130.0,127.0
1715,239.0,109.0,125.0,124.0
1716,248.0,239.0,148.0,131.0
1717,266.0,257.0,143.0,151.0
1718,255.0,121.0,141.0,158.0
1719,252.0,135.0,138.0,141.0
1720,246.0,109.0,130.0,142.0
1721,261.0,141.0,144.0,157.0
1722,254.0,148.0,140.0,137.0
1723,265.0,228.0,135.0,144.0
1724,249.0,212.0,138.0,142.0
1725,280.0,145.0,160.0,162.0
1726,267.0,223.0,141.0,150.0
1727,243.0,199.0,130.0,130.0
1728,248.0,64.0,131.0,134.0
1729,256.0,162.0,140.0,140.0
1730,262.0,113.0,162.0,143.0
1731,267.0,92.0,145.0,147.0
1732,238.0,114.0,130.0,141.0
1733,256.0,95.0,143.0,145.0
1734,244.0,125.0,128.0,129.0
1735,238.0,210.0,133.0,131.0
1736,238.0,210.0,132.0,131.0
1737,239.0,70.0,128.0,132.0
1738,254.0,85.0,157.0,163.0
1739,278.0,98.0,144.0,180.0
1740,260.0,88.0,146.0,140.0
1741,226.0,117.0,131.0,122.0
1742,233.0,131.0,126.0,137.0
1743,228.0,107.0,120.0,121.0
1744,270.0,117.0,149.0,158.0
1745,247.0,130.0,150.0,129.0
1746,260.0,112.0,151.0,143.0
1747,254.0,88.0,143.0,139.0
1748,250.0,186.0,133.0,140.0
1749,257.0,94.0,154.0,149.0
1750,246.0,113.0,137.0,142.0
1751,242.0,90.0,129.0,135.0
1752,243.0,68.0,140.0,145.0
1753,245.0,60.0,132.0,144.0
1754,256.0,132.0,157.0,145.0
1755,252.0,228.0,148.0,134.0
1756,252.0,162.0,149.0,134.0
1757,257.0,110.0,148.0,142.0
1758,257.0,53.0,152.0,157.0
1759,254.0,145.0,138.0,153.0
1760,245.0,140.0,152.0,144.0
1761,217.0,77.0,118.0,113.0
1762,254.0,126.0,135.0,150.0
1763,261.0,69.0,153.0,156.0
1764,252.0,116.0,138.0,142.0
1765,236.0,75.0,132.0,141.0
1766,250.0,119.0,146.0,145.0
1767,260.0,135.0,152.0,156.0
1768,268.0,228.0,154.0,136.0
1769,245.0,206.0,139.0,147.0
1770,245.0,108.0,139.0,149.0
1771,242.0,124.0,126.0,136.0
1772,246.0,96.0,139.0,132.0
1773,254.0,103.0,150.0,153.0
1774,238.0,109.0,145.0,124.0
1775,254.0,86.0,141.0,152.0
1776,277.0,238.0,145.0,150.0
1777,269.0,230.0,144.0,147.0
1778,262.0,172.0,141.0,141.0
1779,232.0,144.0,122.0,120.0
1780,250.0,155.0,137.0,154.0
1781,246.0,114.0,135.0,131.0
1782,257.0,155.0,138.0,142.0
1783,250.0,123.0,141.0,148.0
1784,256.0,219.0,131.0,131.0
1785,243.0,84.0,124.0,138.0
1786,242.0,112.0,134.0,131.0
1787,250.0,82.0,134.0,141.0
1788,259.0,74.0,153.0,127.0
1789,237.0,108.0,137.0,132.0
1790,251.0,121.0,138.0,150.0
1791,256.0,209.0,134.0,132.0
1792,258.0,211.0,151.0,152.0
1793,240.0,122.0,138.0,148.0
1794,266.0,77.0,167.0,145.0
1795,262.0,105.0,171.0,143.0
1796,236.0,124.0,138.0,138.0
1797,235.0,104.0,128.0,154.0
1798,257.0,113.0,131.0,144.0
1799,259.0,81.0,145.0,145.0
1800,270.0,146.0,152.0,155.0
1801,270.0,180.0,145.0,147.0
1802,247.0,111.0,128.0,135.0
1803,225.0,53.0,119.0,130.0
1804,269.0,132.0,154.0,134.0
1805,236.0,80.0,114.0,133.0
1806,238.0,98.0,135.0,132.0
1807,269.0,156.0,146.0,156.0
1808,243.0,124.0,135.0,136.0
1809,241.0,97.0,130.0,137.0
1810,260.0,101.0,146.0,153.0
1811,244.0,128.0,141.0,141.0
1812,266.0,100.0,143.0,143.0
1813,254.0,84.0,143.0,153.0
1814,257.0,186.0,141.0,144.0
1815,254.0,79.0,147.0,132.0
1816,252.0,105.0,150.0,152.0
1817,219.0,59.0,125.0,119.0
1818,228.0,125.0,127.0,129.0
1819,241.0,36.0,140.0,134.0
1820,230.0,97.0,129.0,121.0
1821,253.0,151.0,148.0,146.0
1822,241.0,82.0,139.0,124.0
1823,238.0,129.0,135.0,129.0
1824,249.0,132.0,136.0,145.0
1825,257.0,91.0,144.0,164.0
1826,243.0,96.0,151.0,145.0
1827,248.0,95.0,125.0,141.0
1828,241.0,110.0,133.0,154.0
1829,251.0,250.0,160.0,137.0
1830,267.0,131.0,152.0,152.0
1831,243.0,83.0,140.0,131.0
1832,262.0,103.0,155.0,139.0
1833,258.0,163.0,143.0,152.0
1834,248.0,123.0,134.0,145.0
1835,261.0,110.0,146.0,150.0
1836,254.0,106.0,144.0,154.0
1837,261.0,56.0,148.0,151.0
1838,272.0,128.0,139.0,162.0
1839,258.0,139.0,149.0,145.0
1840,269.0,77.0,130.0,154.0
1841,264.0,109.0,154.0,158.0
1842,249.0,112.0,130.0,151.0
1843,250.0,128.0,134.0,150.0
1844,265.0,202.0,156.0,167.0
1845,265.0,96.0,143.0,147.0
1846,264.0,118.0,132.0,150.0
1847,251.0,137.0,137.0,148.0
1848,260.0,120.0,151.0,157.0
1849,237.0,95.0,133.0,125.0
1850,255.0,136.0,149.0,142.0
1851,254.0,212.0,154.0,130.0
1852,216.0,203.0,125.0,121.0
1853,254.0,86.0,152.0,151.0
1854,292.0,165.0,168.0,174.0
1855,240.0,104.0,142.0,140.0
1856,246.0,94.0,126.0,143.0
1857,248.0,149.0,134.0,132.0
1858,258.0,215.0,141.0,142.0
1859,262.0,225.0,146.0,149.0
1860,225.0,118.0,124.0,137.0
1861,273.0,129.0,157.0,145.0
1862,243.0,209.0,133.0,133.0
1863,265.0,115.0,145.0,164.0
1864,248.0,92.0,125.0,129.0
1865,257.0,233.0,167.0,141.0
1866,232.0,90.0,127.0,134.0
1867,243.0,162.0,138.0,142.0
1868,256.0,230.0,141.0,139.0
1869,245.0,119.0,122.0,136.0
1870,245.0,134.0,146.0,140.0
1871,237.0,77.0,129.0,142.0
1872,251.0,140.0,149.0,143.0
1873,268.0,133.0,142.0,139.0
1874,263.0,102.0,142.0,148.0
1875,258.0,140.0,150.0,144.0
1876,238.0,117.0,135.0,152.0
1877,240.0,123.0,122.0,132.0
1878,242.0,119.0,133.0,140.0
1879,255.0,144.0,141.0,144.0
1880,244.0,201.0,149.0,134.0
1881,244.0,232.0,139.0,141.0
1882,251.0,102.0,147.0,158.0
1883,254.0,108.0,143.0,141.0
1884,265.0,229.0,144.0,156.0
1885,243.0,91.0,137.0,122.0
1886,239.0,76.0,135.0,153.0
1887,271.0,132.0,159.0,165.0
1888,248.0,90.0,144.0,141.0
1889,233.0,85.0,120.0,139.0
1890,246.0,87.0,138.0,141.0
1891,234.0,97.0,126.0,127.0
1892,248.0,132.0,147.0,136.0
1893,241.0,86.0,140.0,140.0
1894,263.0,95.0,151.0,160.0
1895,241.0,75.0,131.0,148.0
1896,232.0,94.0,120.0,123.0
1897,251.0,139.0,155.0,135.0
1898,247.0,141.0,131.0,131.0
1899,243.0,102.0,144.0,130.0
1900,225.0,84.0,140.0,123.0
1901,243.0,135.0,147.0,128.0
1902,218.0,141.0,119.0,129.0
1903,283.0,124.0,158.0,156.0
1904,250.0,213.0,153.0,127.0
1905,247.0,101.0,143.0,141.0
1906,224.0,78.0,126.0,119.0
1907,239.0,121.0,131.0,126.0
1908,250.0,84.0,130.0,142.0
1909,256.0,93.0,137.0,154.0
1910,285.0,109.0,164.0,157.0
1911,244.0,95.0,139.0,149.0
1912,268.0,160.0,148.0,147.0
1913,262.0,137.0,144.0,152.0
1914,242.0,56.0,128.0,142.0
1915,264.0,97.0,149.0,152.0
1916,253.0,226.0,134.0,131.0
1917,257.0,124.0,138.0,143.0
1918,234.0,95.0,117.0,137.0
1919,238.0,98.0,129.0,133.0
1920,257.0,109.0,146.0,150.0
1921,239.0,117.0,138.0,135.0
1922,252.0,132.0,144.0,155.0
1923,246.0,76.0,153.0,144.0
1924,240.0,85.0,141.0,126.0
1925,233.0,196.0,138.0,138.0
1926,256.0,135.0,152.0,147.0
1927,240.0,192.0,121.0,117.0
1928,248.0,118.0,137.0,148.0
1929,254.0,129.0,133.0,140.0
1930,238.0,58.0,143.0,128.0
1931,271.0,138.0,144.0,157.0
1932,242.0,92.0,144.0,126.0
1933,265.0,87.0,155.0,155.0
1934,238.0,87.0,129.0,135.0
1935,252.0,83.0,141.0,136.0
1936,226.0,128.0,117.0,123.0
1937,254.0,172.0,146.0,142.0
1938,220.0,77.0,126.0,132.0
1939,252.0,212.0,132.0,141.0
1940,230.0,108.0,123.0,134.0
1941,236.0,106.0,126.0,138.0
1942,262.0,99.0,150.0,139.0
1943,252.0,194.0,133.0,142.0
1944,252.0,113.0,142.0,134.0
1945,234.0,102.0,143.0,135.0
1946,248.0,185.0,132.0,146.0
1947,258.0,129.0,138.0,148.0
1948,251.0,85.0,127.0,132.0
1949,272.0,225.0,161.0,135.0
1950,252.0,165.0,138.0,144.0
1951,215.0,195.0,132.0,126.0
1952,257.0,168.0,153.0,147.0
1953,256.0,111.0,152.0,141.0
1954,228.0,122.0,131.0,134.0
1955,250.0,116.0,138.0,152.0
1956,235.0,101.0,142.0,125.0
1957,248.0,76.0,137.0,139.0
1958,236.0,127.0,130.0,129.0
1959,264.0,84.0,145.0,144.0
1960,253.0,100.0,139.0,135.0
1961,261.0,102.0,151.0,134.0
1962,245.0,142.0,132.0,130.0
1963,242.0,70.0,138.0,151.0
1964,263.0,111.0,148.0,141.0
1965,261.0,95.0,136.0,156.0
1966,247.0,82.0,151.0,127.0
1967,238.0,135.0,121.0,119.0
1968,253.0,90.0,139.0,139.0
1969,263.0,225.0,163.0,137.0
1970,251.0,152.0,150.0,146.0
1971,255.0,130.0,143.0,145.0
1972,241.0,87.0,140.0,146.0
1973,257.0,122.0,150.0,138.0
1974,257.0,124.0,148.0,140.0
1975,254.0,99.0,151.0,144.0
1976,256.0,97.0,146.0,135.0
1977,240.0,116.0,130.0,131.0
1978,245.0,112.0,140.0,142.0
1979,249.0,120.0,134.0,142.0
1980,287.0,82.0,159.0,170.0
1981,246.0,83.0,141.0,133.0
1982,255.0,81.0,154.0,152.0
1983,249.0,91.0,149.0,130.0
1984,245.0,133.0,143.0,145.0
1985,259.0,80.0,144.0,155.0
1986,252.0,131.0,135.0,132.0
1987,279.0,125.0,143.0,165.0
1988,247.0,143.0,139.0,134.0
1989,254.0,154.0,138.0,145.0
1990,249.0,85.0,138.0,115.0
1991,239.0,78.0,128.0,139.0
1992,230.0,174.0,125.0,119.0
1993,248.0,94.0,139.0,145.0
1994,260.0,110.0,142.0,140.0
1995,249.0,109.0,149.0,140.0
1996,247.0,212.0,142.0,148.0
1997,268.0,138.0,143.0,143.0
1998,256.0,190.0,152.0,124.0
1999,252.0,76.0,145.0,142.0
2000,256.0,123.0,149.0,145.0
2001,245.0,73.0,144.0,139.0
2002,245.0,213.0,135.0,138.0
2003,251.0,159.0,152.0,144.0
2004,251.0,133.0,138.0,134.0
2005,246.0,124.0,144.0,144.0
2006,250.0,95.0,133.0,136.0
2007,259.0,85.0,138.0,139.0
2008,260.0,103.0,131.0,161.0
2009,255.0,108.0,132.0,142.0
2010,260.0,95.0,137.0,154.0
2011,270.0,135.0,166.0,154.0
2012,238.0,86.0,136.0,128.0
2013,255.0,88.0,138.0,149.0
2014,258.0,90.0,149.0,143.0
2015,260.0,129.0,145.0,150.0
2016,270.0,143.0,154.0,136.0
2017,266.0,144.0,152.0,140.0
2018,238.0,110.0,137.0,145.0
2019,246.0,118.0,133.0,125.0
2020,267.0,121.0,149.0,153.0
2021,240.0,108.0,135.0,138.0
2022,246.0,190.0,124.0,140.0
2023,249.0,94.0,149.0,133.0
2024,257.0,77.0,150.0,149.0
2025,249.0,124.0,129.0,149.0
2026,237.0,76.0,140.0,140.0
2027,268.0,166.0,132.0,155.0
2028,235.0,117.0,131.0,141.0
2029,228.0,197.0,144.0,127.0
2030,250.0,118.0,137.0,129.0
2031,251.0,100.0,141.0,122.0
2032,267.0,120.0,156.0,146.0
2033,250.0,107.0,152.0,128.0
2034,261.0,126.0,143.0,130.0
2035,251.0,219.0,148.0,132.0
2036,267.0,117.0,153.0,143.0
2037,274.0,136.0,144.0,156.0
2038,230.0,116.0,124.0,129.0
2039,252.0,121.0,131.0,139.0
2040,246.0,102.0,136.0,131.0
2041,248.0,215.0,153.0,137.0
2042,258.0,225.0,136.0,150.0
2043,250.0,105.0,145.0,145.0
2044,213.0,96.0,132.0,122.0
2045,257.0,249.0,140.0,144.0
2046,250.0,193.0,130.0,132.0
2047,223.0,131.0,129.0,139.0
2048,257.0,127.0,142.0,143.0
2049,257.0,90.0,159.0,156.0
2050,267.0,109.0,148.0,158.0
2051,245.0,148.0,139.0,139.0
2052,249.0,146.0,130.0,146.0
2053,231.0,92.0,141.0,132.0
2054,245.0,118.0,127.0,136.0
2055,226.0,105.0,117.0,131.0
2056,231.0,104.0,135.0,135.0
2057,268.0,100.0,141.0,135.0
2058,254.0,244.0,142.0,150.0
2059,249.0,125.0,141.0,148.0
2060,261.0,106.0,147.0,141.0
2061,239.0,71.0,132.0,126.0
2062,244.0,113.0,139.0,147.0
2063,236.0,112.0,125.0,128.0
2064,260.0,73.0,152.0,149.0
2065,256.0,91.0,140.0,160.0
2066,273.0,134.0,146.0,147.0
2067,230.0,105.0,135.0,138.0
2068,249.0,213.0,133.0,144.0
2069,235.0,116.0,119.0,132.0
2070,232.0,108.0,124.0,130.0
2071,255.0,116.0,144.0,154.0
2072,273.0,104.0,155.0,154.0
2073,255.0,102.0,155.0,141.0
2074,243.0,109.0,141.0,142.0
2075,262.0,54.0,156.0,150.0
2076,256.0,91.0,136.0,152.0
2077,275.0,107.0,159.0,152.0
2078,219.0,112.0,129.0,110.0
2079,238.0,109.0,123.0,128.0
2080,254.0,185.0,153.0,148.0
2081,238.0,109.0,126.0,119.0
2082,265.0,102.0,157.0,154.0
2083,233.0,107.0,136.0,124.0
2084,232.0,111.0,128.0,132.0
2085,270.0,102.0,152.0,140.0
2086,244.0,142.0,141.0,130.0
2087,223.0,64.0,132.0,118.0
2088,220.0,89.0,121.0,133.0
2089,237.0,90.0,118.0,142.0
2090,289.0,147.0,167.0,153.0
2091,259.0,94.0,143.0,131.0
2092,237.0,100.0,139.0,126.0
2093,232.0,80.0,127.0,137.0
2094,247.0,119.0,125.0,138.0
2095,264.0,120.0,147.0,154.0
2096,284.0,152.0,165.0,162.0
2097,220.0,75.0,136.0,126.0
2098,232.0,102.0,130.0,145.0
2099,258.0,80.0,140.0,153.0
2100,251.0,113.0,128.0,143.0
2101,264.0,136.0,134.0,141.0
2102,254.0,110.0,148.0,147.0
2103,242.0,123.0,124.0,131.0
2104,261.0,87.0,150.0,142.0
2105,278.0,119.0,167.0,148.0
2106,249.0,103.0,120.0,133.0
2107,228.0,73.0,125.0,129.0
2108,250.0,95.0,146.0,141.0
2109,230.0,132.0,124.0,127.0
2110,229.0,122.0,135.0,123.0
2111,252.0,112.0,139.0,132.0
2112,278.0,246.0,139.0,165.0
2113,267.0,235.0,149.0,148.0
2114,248.0,115.0,138.0,126.0
2115,263.0,97.0,146.0,134.0
2116,264.0,114.0,139.0,140.0
2117,244.0,132.0,141.0,140.0
2118,255.0,146.0,134.0,146.0
2119,247.0,95.0,140.0,145.0
2120,245.0,98.0,137.0,142.0
2121,236.0,97.0,124.0,129.0
2122,268.0,106.0,162.0,154.0
2123,235.0,86.0,131.0,140.0
2124,259.0,87.0,139.0,153.0
2125,285.0,123.0,180.0,178.0
2126,248.0,141.0,147.0,143.0
2127,252.0,115.0,150.0,146.0
2128,268.0,123.0,142.0,140.0
2129,271.0,103.0,144.0,149.0
2130,291.0,128.0,170.0,167.0
2131,242.0,190.0,128.0,135.0
2132,244.0,193.0,133.0,133.0
2133,267.0,94.0,153.0,150.0
2134,237.0,115.0,133.0,144.0
2135,246.0,123.0,131.0,140.0
2136,251.0,120.0,144.0,153.0
2137,268.0,77.0,153.0,169.0
2138,236.0,105.0,135.0,129.0
2139,261.0,227.0,153.0,139.0
2140,234.0,200.0,122.0,127.0
2141,239.0,94.0,140.0,140.0
2142,253.0,112.0,157.0,131.0
2143,233.0,125.0,138.0,129.0
2144,243.0,72.0,132.0,138.0
2145,238.0,197.0,131.0,129.0
2146,264.0,105.0,142.0,158.0
2147,261.0,101.0,141.0,129.0
2148,277.0,160.0,163.0,154.0
2149,250.0,135.0,135.0,146.0
2150,249.0,52.0,146.0,134.0
2151,250.0,131.0,152.0,143.0
2152,258.0,125.0,148.0,156.0
2153,254.0,87.0,137.0,133.0
2154,250.0,98.0,143.0,145.0
2155,253.0,80.0,144.0,148.0
2156,248.0,95.0,132.0,133.0
2157,232.0,99.0,110.0,122.0
2158,239.0,96.0,127.0,123.0
2159,243.0,82.0,145.0,125.0
2160,240.0,87.0,128.0,138.0
2161,244.0,93.0,144.0,147.0
2162,262.0,108.0,148.0,146.0
2163,247.0,133.0,136.0,133.0
2164,267.0,141.0,155.0,154.0
2165,249.0,92.0,131.0,138.0
2166,242.0,119.0,151.0,124.0
2167,261.0,160.0,149.0,137.0
2168,279.0,175.0,153.0,172.0
2169,251.0,74.0,136.0,153.0
2170,230.0,159.0,125.0,133.0
2171,247.0,148.0,137.0,146.0
2172,242.0,98.0,134.0,140.0
2173,258.0,170.0,144.0,141.0
2174,278.0,123.0,165.0,152.0
2175,250.0,117.0,131.0,136.0
2176,272.0,128.0,150.0,141.0
2177,245.0,106.0,137.0,124.0
2178,259.0,67.0,153.0,132.0
2179,253.0,81.0,138.0,162.0
2180,270.0,144.0,149.0,139.0
2181,253.0,108.0,144.0,141.0
2182,255.0,97.0,130.0,145.0
2183,251.0,169.0,150.0,144.0
2184,258.0,108.0,137.0,146.0
2185,227.0,128.0,127.0,137.0
2186,243.0,79.0,126.0,132.0
2187,242.0,124.0,146.0,134.0
2188,235.0,75.0,135.0,136.0
2189,262.0,93.0,145.0,139.0
2190,243.0,133.0,132.0,128.0
2191,265.0,108.0,138.0,151.0
2192,251.0,163.0,136.0,127.0
2193,235.0,87.0,134.0,129.0
2194,244.0,195.0,140.0,151.0
2195,249.0,170.0,131.0,150.0
2196,253.0,188.0,141.0,154.0
2197,263.0,120.0,146.0,169.0
2198,266.0,99.0,158.0,137.0
2199,258.0,105.0,139.0,135.0
2200,249.0,218.0,136.0,147.0
2201,245.0,214.0,126.0,138.0
2202,256.0,148.0,149.0,137.0
2203,243.0,210.0,141.0,142.0
2204,264.0,121.0,143.0,152.0
2205,250.0,115.0,145.0,148.0
2206,257.0,63.0,155.0,139.0
2207,258.0,137.0,137.0,133.0
2208,235.0,106.0,130.0,141.0
2209,252.0,212.0,145.0,134.0
2210,270.0,230.0,151.0,147.0
2211,249.0,243.0,147.0,143.0
2212,259.0,57.0,133.0,152.0
2213,229.0,108.0,119.0,134.0
2214,251.0,107.0,151.0,145.0
2215,247.0,123.0,141.0,138.0
2216,230.0,115.0,135.0,128.0
2217,257.0,108.0,135.0,137.0
2218,231.0,137.0,131.0,139.0
2219,247.0,150.0,147.0,131.0
2220,261.0,69.0,137.0,147.0
2221,232.0,99.0,130.0,130.0
2222,257.0,124.0,158.0,140.0
2223,242.0,241.0,133.0,126.0
2224,242.0,133.0,140.0,124.0
2225,287.0,100.0,157.0,161.0
2226,259.0,137.0,156.0,144.0
2227,250.0,128.0,144.0,139.0
2228,248.0,213.0,133.0,138.0
2229,240.0,204.0,143.0,131.0
2230,256.0,87.0,146.0,154.0
2231,224.0,91.0,130.0,136.0
2232,254.0,217.0,142.0,144.0
2233,268.0,131.0,154.0,152.0
2234,244.0,91.0,137.0,132.0
2235,246.0,125.0,139.0,126.0
2236,252.0,55.0,148.0,153.0
2237,235.0,97.0,138.0,142.0
2238,238.0,126.0,124.0,148.0
2239,269.0,92.0,158.0,147.0
2240,233.0,205.0,126.0,139.0
2241,239.0,101.0,133.0,143.0
2242,254.0,144.0,135.0,153.0
2243,228.0,119.0,148.0,136.0
2244,240.0,122.0,131.0,128.0
2245,244.0,51.0,141.0,128.0
2246,239.0,94.0,116.0,108.0
2247,239.0,155.0,132.0,138.0
2248,223.0,130.0,136.0,120.0
2249,249.0,139.0,130.0,155.0
2250,223.0,137.0,130.0,120.0
2251,266.0,90.0,143.0,150.0
2252,257.0,110.0,137.0,143.0
2253,229.0,116.0,139.0,124.0
2254,254.0,124.0,126.0,138.0
2255,239.0,131.0,135.0,133.0
2256,252.0,101.0,134.0,139.0
2257,253.0,75.0,150.0,145.0
2258,237.0,92.0,137.0,134.0
2259,278.0,107.0,148.0,155.0
2260,235.0,87.0,134.0,126.0
2261,253.0,210.0,145.0,137.0
2262,254.0,112.0,142.0,132.0
2263,237.0,201.0,141.0,128.0
2264,255.0,220.0,146.0,136.0
2265,259.0,117.0,154.0,154.0
2266,258.0,220.0,151.0,127.0
2267,226.0,192.0,131.0,127.0
2268,251.0,217.0,140.0,122.0
2269,249.0,97.0,139.0,143.0
2270,265.0,178.0,141.0,151.0
2271,260.0,127.0,146.0,149.0
2272,240.0,119.0,147.0,123.0
2273,230.0,78.0,133.0,135.0
2274,249.0,123.0,134.0,135.0
2275,250.0,136.0,138.0,151.0
2276,265.0,179.0,161.0,153.0
2277,225.0,87.0,126.0,127.0
2278,267.0,258.0,146.0,156.0
2279,252.0,87.0,133.0,142.0
2280,237.0,119.0,133.0,132.0
2281,241.0,215.0,122.0,136.0
2282,239.0,128.0,142.0,142.0
2283,258.0,116.0,143.0,136.0
2284,232.0,124.0,124.0,123.0
2285,259.0,74.0,133.0,145.0
2286,286.0,135.0,153.0,167.0
2287,244.0,110.0,135.0,132.0
2288,257.0,64.0,143.0,145.0
2289,271.0,93.0,155.0,147.0
2290,277.0,119.0,148.0,142.0
2291,257.0,85.0,142.0,152.0
2292,218.0,106.0,123.0,121.0
2293,234.0,138.0,147.0,129.0
2294,248.0,93.0,144.0,126.0
2295,254.0,149.0,138.0,131.0
2296,235.0,98.0,138.0,128.0
2297,235.0,65.0,148.0,119.0
2298,251.0,124.0,150.0,130.0
2299,234.0,96.0,138.0,141.0
2300,241.0,112.0,139.0,121.0
2301,270.0,129.0,161.0,153.0
2302,269.0,128.0,139.0,150.0
2303,233.0,137.0,132.0,135.0
2304,269.0,93.0,151.0,150.0
2305,232.0,119.0,137.0,125.0
2306,248.0,91.0,137.0,133.0
2307,227.0,94.0,121.0,128.0
2308,265.0,142.0,145.0,154.0
2309,268.0,128.0,152.0,146.0
2310,238.0,50.0,135.0,133.0
2311,258.0,116.0,152.0,133.0
2312,242.0,80.0,155.0,140.0
2313,255.0,137.0,136.0,146.0
2314,255.0,231.0,136.0,150.0
2315,251.0,151.0,128.0,143.0
2316,268.0,142.0,139.0,155.0
2317,252.0,173.0,139.0,145.0
2318,253.0,132.0,142.0,133.0
2319,291.0,142.0,167.0,152.0
2320,232.0,75.0,131.0,133.0
2321,257.0,206.0,146.0,133.0
2322,231.0,101.0,128.0,138.0
2323,261.0,137.0,146.0,145.0
2324,246.0,125.0,146.0,153.0
2325,273.0,98.0,160.0,144.0
2326,225.0,119.0,126.0,122.0
2327,250.0,84.0,146.0,125.0
2328,261.0,130.0,147.0,143.0
2329,227.0,107.0,132.0,129.0
2330,250.0,131.0,123.0,126.0
2331,241.0,106.0,139.0,133.0
2332,274.0,149.0,153.0,155.0
2333,264.0,106.0,167.0,151.0
2334,234.0,109.0,125.0,148.0
2335,235.0,122.0,145.0,137.0
2336,247.0,213.0,140.0,148.0
2337,263.0,232.0,148.0,157.0
2338,258.0,228.0,151.0,145.0
2339,243.0,124.0,130.0,149.0
2340,261.0,88.0,150.0,146.0
2341,264.0,233.0,147.0,143.0
2342,229.0,129.0,127.0,127.0
2343,250.0,202.0,144.0,146.0
2344,255.0,84.0,176.0,145.0
2345,264.0,116.0,124.0,143.0
2346,239.0,82.0,138.0,119.0
2347,235.0,109.0,129.0,129.0
2348,259.0,42.0,146.0,145.0
2349,254.0,124.0,139.0,134.0
2350,273.0,99.0,151.0,155.0
2351,235.0,107.0,127.0,138.0
2352,254.0,142.0,141.0,152.0
2353,250.0,87.0,148.0,127.0
2354,258.0,217.0,162.0,138.0
2355,252.0,162.0,131.0,156.0
2356,277.0,152.0,156.0,144.0
2357,256.0,84.0,148.0,148.0
2358,232.0,82.0,138.0,142.0
2359,250.0,114.0,138.0,145.0
2360,256.0,109.0,149.0,141.0
2361,224.0,100.0,124.0,134.0
2362,239.0,112.0,130.0,133.0
2363,257.0,102.0,134.0,143.0
2364,249.0,244.0,167.0,131.0
2365,256.0,115.0,153.0,163.0
2366,242.0,100.0,141.0,135.0
2367,256.0,88.0,131.0,119.0
2368,224.0,126.0,117.0,119.0
2369,234.0,134.0,124.0,129.0
2370,256.0,135.0,144.0,152.0
2371,262.0,169.0,140.0,138.0
2372,262.0,67.0,156.0,134.0
2373,263.0,101.0,139.0,146.0
2374,258.0,95.0,123.0,140.0
2375,260.0,104.0,157.0,145.0
2376,240.0,99.0,142.0,145.0
2377,260.0,227.0,142.0,143.0
2378,249.0,216.0,129.0,149.0
2379,256.0,144.0,140.0,137.0
2380,259.0,252.0,137.0,144.0
2381,270.0,147.0,143.0,156.0
2382,229.0,110.0,124.0,129.0
2383,258.0,188.0,144.0,147.0
2384,258.0,103.0,154.0,140.0
2385,267.0,130.0,149.0,151.0
2386,253.0,109.0,138.0,135.0
2387,272.0,127.0,145.0,141.0
2388,242.0,220.0,135.0,124.0
2389,226.0,204.0,128.0,125.0
2390,265.0,103.0,168.0,140.0
2391,245.0,89.0,153.0,143.0
2392,249.0,75.0,149.0,135.0
2393,256.0,218.0,146.0,145.0
2394,237.0,199.0,133.0,132.0
2395,257.0,138.0,146.0,134.0
2396,245.0,137.0,136.0,144.0
2397,224.0,117.0,137.0,120.0
2398,252.0,212.0,137.0,132.0
2399,239.0,104.0,136.0,128.0
2400,253.0,149.0,145.0,140.0
2401,240.0,150.0,137.0,125.0
2402,233.0,113.0,137.0,132.0
2403,252.0,100.0,139.0,135.0
2404,272.0,116.0,156.0,153.0
2405,235.0,83.0,138.0,134.0
2406,267.0,115.0,149.0,144.0
2407,236.0,126.0,126.0,131.0
2408,249.0,144.0,132.0,141.0
2409,241.0,222.0,132.0,124.0
2410,251.0,233.0,131.0,138.0
2411,275.0,51.0,156.0,156.0
2412,225.0,196.0,114.0,124.0
2413,231.0,102.0,123.0,140.0
2414,226.0,128.0,133.0,133.0
2415,245.0,100.0,156.0,138.0
2416,241.0,119.0,140.0,130.0
2417,243.0,70.0,147.0,133.0
2418,241.0,86.0,135.0,138.0
2419,262.0,237.0,155.0,145.0
2420,256.0,159.0,150.0,137.0
2421,280.0,210.0,166.0,144.0
2422,240.0,95.0,127.0,127.0
2423,263.0,94.0,152.0,139.0
2424,238.0,125.0,130.0,135.0
2425,255.0,170.0,136.0,135.0
2426,264.0,85.0,136.0,161.0
2427,240.0,51.0,150.0,143.0
2428,258.0,121.0,142.0,152.0
2429,238.0,138.0,146.0,127.0
2430,218.0,115.0,129.0,120.0
2431,248.0,115.0,133.0,136.0
2432,248.0,212.0,151.0,129.0
2433,249.0,109.0,138.0,144.0
2434,232.0,103.0,140.0,114.0
2435,259.0,112.0,146.0,142.0
2436,246.0,139.0,147.0,131.0
2437,255.0,97.0,157.0,139.0
2438,227.0,128.0,123.0,135.0
2439,270.0,120.0,139.0,152.0
2440,245.0,112.0,137.0,142.0
2441,265.0,127.0,132.0,143.0
2442,233.0,111.0,139.0,133.0
2443,267.0,145.0,166.0,148.0
2444,255.0,106.0,138.0,149.0
2445,247.0,127.0,128.0,125.0
2446,246.0,154.0,141.0,136.0
2447,267.0,234.0,144.0,152.0
2448,227.0,79.0,129.0,151.0
2449,273.0,144.0,147.0,144.0
2450,244.0,131.0,150.0,143.0
2451,240.0,210.0,126.0,139.0
2452,242.0,122.0,152.0,133.0
2453,273.0,86.0,160.0,147.0
2454,229.0,196.0,117.0,134.0
2455,276.0,97.0,155.0,168.0
2456,268.0,88.0,151.0,150.0
2457,234.0,223.0,134.0,136.0
2458,240.0,229.0,131.0,138.0
2459,256.0,108.0,133.0,148.0
2460,239.0,90.0,134.0,130.0
2461,273.0,240.0,152.0,160.0
2462,263.0,70.0,152.0,144.0
2463,245.0,164.0,137.0,128.0
2464,236.0,176.0,131.0,141.0
2465,266.0,111.0,156.0,148.0
2466,233.0,103.0,137.0,135.0
2467,258.0,63.0,144.0,151.0
2468,265.0,174.0,145.0,137.0
2469,252.0,114.0,151.0,138.0
2470,230.0,90.0,141.0,133.0
2471,255.0,91.0,149.0,125.0
2472,235.0,76.0,140.0,120.0
2473,231.0,83.0,139.0,127.0
2474,234.0,107.0,134.0,113.0
2475,251.0,103.0,148.0,153.0
2476,236.0,232.0,143.0,123.0
2477,246.0,113.0,120.0,140.0
2478,240.0,89.0,127.0,150.0
2479,226.0,119.0,124.0,116.0
2480,252.0,100.0,141.0,137.0
2481,262.0,110.0,149.0,138.0
2482,248.0,132.0,133.0,148.0
2483,242.0,99.0,142.0,128.0
2484,258.0,129.0,147.0,150.0
2485,245.0,68.0,122.0,131.0
2486,248.0,105.0,135.0,143.0
2487,247.0,129.0,128.0,136.0
2488,269.0,166.0,153.0,144.0
2489,252.0,100.0,137.0,131.0
2490,255.0,114.0,147.0,132.0
2491,269.0,108.0,145.0,159.0
2492,265.0,101.0,148.0,163.0
2493,267.0,158.0,173.0,142.0
2494,257.0,106.0,137.0,152.0
2495,266.0,117.0,123.0,132.0
2496,255.0,132.0,162.0,149.0
2497,234.0,124.0,130.0,142.0
2498,248.0,137.0,141.0,134.0
2499,251.0,95.0,153.0,163.0
2500,241.0,66.0,129.0,134.0
2501,246.0,142.0,152.0,135.0
2502,270.0,97.0,157.0,164.0
2503,250.0,182.0,143.0,150.0
2504,241.0,203.0,140.0,128.0
2505,247.0,209.0,135.0,149.0
2506,229.0,151.0,125.0,113.0
2507,254.0,152.0,132.0,132.0
2508,230.0,77.0,128.0,117.0
2509,249.0,85.0,144.0,142.0
2510,243.0,213.0,135.0,131.0
2511,248.0,151.0,138.0,148.0
2512,244.0,208.0,136.0,128.0
2513,254.0,218.0,140.0,140.0
2514,249.0,96.0,151.0,141.0
2515,247.0,123.0,132.0,137.0
2516,257.0,112.0,159.0,152.0
2517,269.0,81.0,161.0,137.0
2518,241.0,95.0,135.0,146.0
2519,227.0,126.0,137.0,120.0
2520,258.0,95.0,149.0,157.0
2521,236.0,98.0,139.0,136.0
2522,262.0,94.0,143.0,157.0
2523,254.0,133.0,137.0,160.0
2524,233.0,94.0,117.0,131.0
2525,244.0,114.0,136.0,147.0
2526,245.0,98.0,134.0,145.0
2527,203.0,122.0,115.0,113.0
2528,247.0,137.0,123.0,138.0
2529,223.0,104.0,127.0,121.0
2530,278.0,84.0,169.0,158.0
2531,229.0,85.0,124.0,139.0
2532,239.0,95.0,136.0,137.0
2533,241.0,135.0,128.0,128.0
2534,286.0,135.0,143.0,168.0
2535,238.0,130.0,128.0,129.0
2536,252.0,140.0,141.0,147.0
2537,248.0,172.0,142.0,136.0
2538,258.0,67.0,137.0,157.0
2539,254.0,80.0,140.0,139.0
2540,257.0,78.0,148.0,150.0
2541,255.0,78.0,143.0,162.0
2542,255.0,159.0,145.0,148.0
2543,268.0,245.0,138.0,147.0
2544,265.0,237.0,138.0,152.0
2545,282.0,136.0,162.0,147.0
2546,226.0,106.0,123.0,128.0
2547,250.0,111.0,154.0,136.0
2548,232.0,80.0,129.0,122.0
2549,242.0,61.0,154.0,127.0
2550,278.0,88.0,159.0,154.0
2551,276.0,98.0,147.0,159.0
2552,219.0,75.0,134.0,128.0
2553,252.0,148.0,147.0,158.0
2554,244.0,113.0,129.0,136.0
2555,259.0,110.0,141.0,147.0
2556,242.0,189.0,123.0,136.0
2557,278.0,176.0,137.0,159.0
2558,258.0,98.0,149.0,142.0
2559,229.0,81.0,123.0,123.0
2560,251.0,114.0,134.0,136.0
2561,261.0,153.0,154.0,129.0
2562,237.0,122.0,130.0,133.0
2563,260.0,47.0,151.0,145.0
2564,259.0,214.0,150.0,133.0
2565,261.0,125.0,145.0,148.0
2566,275.0,132.0,159.0,152.0
2567,244.0,64.0,126.0,128.0
2568,232.0,95.0,128.0,128.0
2569,241.0,150.0,107.0,135.0
2570,234.0,106.0,127.0,141.0
2571,246.0,35.0,154.0,131.0
2572,239.0,148.0,127.0,140.0
2573,247.0,52.0,140.0,141.0
2574,256.0,109.0,153.0,148.0
2575,243.0,131.0,149.0,144.0
2576,235.0,89.0,125.0,146.0
2577,256.0,125.0,148.0,141.0
2578,253.0,116.0,146.0,148.0
2579,237.0,92.0,146.0,135.0
2580,233.0,68.0,125.0,130.0
2581,259.0,103.0,154.0,139.0
2582,254.0,121.0,122.0,144.0
2583,276.0,233.0,162.0,166.0
2584,227.0,93.0,129.0,133.0
2585,241.0,197.0,124.0,143.0
2586,248.0,111.0,140.0,144.0
2587,267.0,90.0,138.0,146.0
2588,254.0,104.0,138.0,133.0
2589,240.0,83.0,137.0,134.0
2590,234.0,62.0,139.0,132.0
2591,252.0,118.0,140.0,135.0
2592,229.0,134.0,119.0,118.0
2593,242.0,115.0,136.0,148.0
2594,247.0,98.0,136.0,147.0
2595,263.0,199.0,152.0,158.0
2596,256.0,132.0,147.0,149.0
2597,265.0,105.0,150.0,128.0
2598,251.0,99.0,133.0,136.0
2599,233.0,148.0,135.0,140.0
2600,257.0,102.0,157.0,143.0
2601,265.0,111.0,143.0,147.0
2602,236.0,88.0,131.0,140.0
2603,254.0,96.0,145.0,144.0
2604,252.0,93.0,153.0,142.0
2605,262.0,138.0,147.0,151.0
2606,224.0,84.0,126.0,125.0
2607,238.0,94.0,148.0,134.0
2608,252.0,202.0,136.0,152.0
2609,242.0,102.0,137.0,138.0
2610,252.0,111.0,141.0,130.0
2611,234.0,115.0,139.0,132.0
2612,220.0,187.0,125.0,104.0
2613,255.0,222.0,158.0,137.0
2614,249.0,159.0,149.0,142.0
2615,252.0,118.0,136.0,132.0
2616,235.0,114.0,132.0,137.0
2617,262.0,244.0,158.0,137.0
2618,232.0,99.0,144.0,131.0
2619,245.0,137.0,138.0,147.0
2620,263.0,128.0,151.0,150.0
2621,234.0,84.0,138.0,126.0
2622,263.0,115.0,147.0,153.0
2623,232.0,142.0,129.0,126.0
2624,253.0,121.0,136.0,148.0
2625,249.0,87.0,146.0,149.0
2626,283.0,120.0,165.0,157.0
2627,262.0,49.0,150.0,130.0
2628,270.0,138.0,144.0,156.0
2629,252.0,157.0,148.0,147.0
2630,240.0,100.0,130.0,127.0
2631,251.0,109.0,149.0,138.0
2632,221.0,69.0,122.0,122.0
2633,247.0,78.0,129.0,152.0
2634,270.0,224.0,154.0,162.0
2635,249.0,117.0,151.0,129.0
2636,261.0,104.0,163.0,151.0
2637,261.0,69.0,135.0,139.0
2638,240.0,92.0,122.0,137.0
2639,230.0,92.0,129.0,134.0
2640,259.0,62.0,160.0,146.0
2641,274.0,129.0,165.0,160.0
2642,235.0,120.0,116.0,132.0
2643,246.0,218.0,142.0,125.0
2644,246.0,82.0,137.0,132.0
2645,243.0,59.0,135.0,148.0
2646,278.0,83.0,157.0,164.0
2647,254.0,116.0,137.0,145.0
2648,236.0,122.0,138.0,139.0
2649,250.0,94.0,142.0,130.0
2650,240.0,80.0,145.0,129.0
2651,240.0,105.0,134.0,142.0
2652,255.0,110.0,129.0,139.0
2653,253.0,166.0,134.0,149.0
2654,254.0,126.0,149.0,147.0
2655,242.0,85.0,155.0,133.0
2656,261.0,114.0,149.0,150.0
2657,255.0,177.0,144.0,153.0
2658,262.0,159.0,146.0,139.0
2659,237.0,108.0,145.0,137.0
2660,240.0,68.0,145.0,129.0
2661,272.0,150.0,152.0,157.0
2662,266.0,102.0,166.0,151.0
2663,237.0,149.0,139.0,125.0
2664,268.0,124.0,145.0,133.0
2665,245.0,101.0,121.0,148.0
2666,270.0,85.0,156.0,143.0
2667,248.0,117.0,142.0,137.0
2668,262.0,184.0,164.0,152.0
2669,229.0,59.0,137.0,126.0
2670,268.0,154.0,153.0,142.0
2671,234.0,90.0,135.0,128.0
2672,265.0,111.0,140.0,154.0
2673,263.0,91.0,156.0,148.0
2674,259.0,105.0,145.0,146.0
2675,236.0,128.0,121.0,140.0
2676,249.0,165.0,136.0,146.0
2677,250.0,93.0,140.0,142.0
2678,233.0,91.0,124.0,117.0
2679,255.0,91.0,154.0,154.0
2680,250.0,128.0,136.0,146.0
2681,262.0,90.0,151.0,154.0
2682,251.0,87.0,138.0,138.0
2683,245.0,88.0,132.0,128.0
2684,258.0,109.0,155.0,156.0
2685,273.0,143.0,161.0,150.0
2686,228.0,146.0,131.0,134.0
2687,239.0,126.0,134.0,144.0
2688,251.0,244.0,145.0,149.0
2689,232.0,115.0,123.0,119.0
2690,258.0,88.0,152.0,146.0
2691,265.0,204.0,145.0,146.0
2692,250.0,104.0,146.0,147.0
2693,269.0,158.0,152.0,147.0
2694,288.0,102.0,167.0,156.0
2695,232.0,199.0,121.0,129.0
2696,209.0,94.0,124.0,118.0
2697,256.0,114.0,140.0,147.0
2698,246.0,104.0,152.0,126.0
2699,237.0,80.0,127.0,136.0
2700,246.0,108.0,136.0,156.0
2701,244.0,129.0,135.0,142.0
2702,250.0,113.0,130.0,143.0
2703,260.0,111.0,137.0,162.0
2704,262.0,252.0,150.0,152.0
2705,264.0,93.0,147.0,149.0
2706,261.0,104.0,136.0,152.0
2707,251.0,229.0,149.0,156.0
2708,239.0,91.0,129.0,123.0
2709,247.0,136.0,122.0,143.0
2710,235.0,149.0,133.0,119.0
2711,259.0,108.0,142.0,134.0
2712,262.0,83.0,162.0,146.0
2713,235.0,76.0,134.0,138.0
2714,252.0,100.0,143.0,143.0
2715,271.0,158.0,146.0,159.0
2716,255.0,112.0,140.0,140.0
2717,263.0,126.0,148.0,133.0
2718,276.0,234.0,157.0,152.0
2719,236.0,194.0,129.0,139.0
2720,240.0,128.0,132.0,126.0
2721,245.0,119.0,129.0,145.0
2722,282.0,140.0,158.0,153.0
2723,231.0,65.0,141.0,131.0
2724,265.0,92.0,150.0,135.0
2725,240.0,102.0,138.0,131.0
2726,257.0,147.0,143.0,138.0
2727,232.0,130.0,133.0,133.0
2728,257.0,115.0,143.0,131.0
2729,259.0,251.0,146.0,152.0
2730,244.0,121.0,138.0,139.0
2731,270.0,109.0,154.0,160.0
2732,265.0,142.0,151.0,152.0
2733,259.0,96.0,143.0,141.0
2734,239.0,117.0,136.0,140.0
2735,258.0,198.0,136.0,145.0
2736,258.0,92.0,150.0,144.0
2737,237.0,100.0,142.0,155.0
2738,252.0,88.0,142.0,154.0
2739,243.0,190.0,122.0,140.0
2740,229.0,204.0,133.0,136.0
2741,254.0,229.0,143.0,141.0
2742,266.0,135.0,144.0,153.0
2743,240.0,122.0,120.0,127.0
2744,264.0,127.0,154.0,146.0
2745,215.0,182.0,117.0,119.0
2746,230.0,95.0,133.0,129.0
2747,249.0,129.0,141.0,131.0
2748,245.0,139.0,140.0,138.0
2749,238.0,118.0,123.0,142.0
2750,284.0,128.0,175.0,160.0
2751,260.0,103.0,134.0,141.0
2752,258.0,94.0,140.0,136.0
2753,247.0,110.0,154.0,146.0
2754,257.0,124.0,144.0,140.0
2755,244.0,107.0,127.0,128.0
2756,257.0,163.0,131.0,153.0
2757,260.0,84.0,149.0,138.0
2758,212.0,83.0,103.0,115.0
2759,240.0,98.0,151.0,118.0
2760,250.0,155.0,139.0,146.0
2761,269.0,155.0,151.0,146.0
2762,236.0,118.0,129.0,146.0
2763,248.0,220.0,133.0,143.0
2764,269.0,155.0,143.0,137.0
2765,266.0,124.0,154.0,143.0
2766,241.0,105.0,137.0,114.0
2767,247.0,165.0,137.0,133.0
2768,277.0,98.0,167.0,155.0
2769,242.0,191.0,137.0,128.0
2770,254.0,243.0,145.0,137.0
2771,252.0,73.0,148.0,136.0
2772,237.0,110.0,137.0,127.0
2773,206.0,85.0,110.0,121.0
2774,254.0,81.0,138.0,142.0
2775,264.0,136.0,160.0,154.0
2776,258.0,107.0,146.0,146.0
2777,242.0,241.0,131.0,135.0
2778,261.0,118.0,154.0,141.0
2779,252.0,139.0,149.0,163.0
2780,241.0,94.0,133.0,147.0
2781,243.0,82.0,146.0,134.0
2782,257.0,102.0,142.0,143.0
2783,250.0,92.0,131.0,134.0
2784,257.0,135.0,143.0,166.0
2785,245.0,99.0,139.0,126.0
2786,236.0,156.0,108.0,138.0
2787,237.0,105.0,122.0,138.0
2788,213.0,69.0,119.0,119.0
2789,239.0,96.0,143.0,149.0
2790,247.0,90.0,150.0,139.0
2791,256.0,89.0,146.0,135.0
2792,255.0,108.0,140.0,144.0
2793,249.0,106.0,140.0,129.0
2794,240.0,152.0,121.0,141.0
2795,251.0,115.0,141.0,149.0
2796,257.0,134.0,138.0,155.0
2797,253.0,99.0,140.0,125.0
2798,257.0,218.0,141.0,137.0
2799,268.0,229.0,152.0,142.0
2800,249.0,129.0,138.0,146.0
2801,254.0,70.0,146.0,140.0
2802,234.0,144.0,117.0,136.0
2803,235.0,100.0,140.0,122.0
2804,254.0,150.0,129.0,136.0
2805,248.0,98.0,140.0,137.0
2806,255.0,81.0,147.0,126.0
2807,240.0,86.0,119.0,130.0
2808,251.0,247.0,151.0,135.0
2809,270.0,217.0,162.0,146.0
2810,254.0,55.0,148.0,142.0
2811,245.0,93.0,121.0,138.0
2812,243.0,159.0,146.0,137.0
2813,243.0,78.0,140.0,137.0
2814,247.0,132.0,136.0,130.0
2815,247.0,87.0,140.0,141.0
2816,255.0,108.0,126.0,154.0
2817,242.0,147.0,141.0,125.0
2818,251.0,112.0,159.0,135.0
2819,247.0,60.0,130.0,136.0
2820,251.0,109.0,129.0,139.0
2821,258.0,96.0,127.0,153.0
2822,256.0,107.0,142.0,148.0
2823,244.0,97.0,135.0,136.0
2824,238.0,127.0,135.0,132.0
2825,288.0,141.0,163.0,147.0
2826,249.0,63.0,149.0,144.0
2827,235.0,129.0,135.0,137.0
2828,244.0,104.0,139.0,133.0
2829,262.0,130.0,161.0,142.0
2830,239.0,104.0,136.0,117.0
2831,263.0,115.0,149.0,138.0
2832,263.0,120.0,155.0,149.0
2833,272.0,106.0,157.0,138.0
2834,269.0,170.0,142.0,145.0
2835,243.0,105.0,135.0,128.0
2836,229.0,66.0,136.0,134.0
2837,258.0,128.0,149.0,154.0
2838,241.0,104.0,151.0,138.0
2839,235.0,117.0,133.0,121.0
2840,247.0,110.0,133.0,135.0
2841,236.0,79.0,126.0,128.0
2842,246.0,130.0,137.0,146.0
2843,250.0,217.0,135.0,135.0
2844,255.0,168.0,130.0,137.0
2845,214.0,90.0,113.0,121.0
2846,249.0,87.0,153.0,137.0
2847,247.0,132.0,134.0,132.0
2848,270.0,125.0,149.0,174.0
2849,264.0,172.0,141.0,132.0
2850,257.0,105.0,141.0,150.0
2851,266.0,224.0,151.0,131.0
2852,259.0,97.0,146.0,141.0
2853,255.0,146.0,138.0,147.0
2854,266.0,108.0,152.0,158.0
2855,249.0,99.0,142.0,154.0
2856,240.0,83.0,147.0,126.0
2857,244.0,105.0,145.0,130.0
2858,242.0,108.0,111.0,131.0
2859,264.0,93.0,147.0,149.0
2860,248.0,126.0,147.0,135.0
2861,235.0,159.0,131.0,136.0
2862,245.0,221.0,138.0,119.0
2863,254.0,118.0,118.0,141.0
2864,237.0,198.0,140.0,134.0
2865,278.0,239.0,160.0,151.0
2866,244.0,139.0,112.0,144.0
2867,262.0,143.0,154.0,135.0
2868,258.0,98.0,151.0,135.0
2869,251.0,119.0,139.0,149.0
2870,250.0,106.0,131.0,125.0
2871,250.0,104.0,142.0,137.0
2872,224.0,87.0,134.0,112.0
2873,261.0,132.0,157.0,133.0
2874,272.0,132.0,151.0,152.0
2875,246.0,138.0,146.0,152.0
2876,253.0,114.0,138.0,129.0
2877,257.0,140.0,137.0,148.0
2878,259.0,78.0,142.0,146.0
2879,240.0,111.0,132.0,137.0
2880,226.0,90.0,112.0,128.0
2881,248.0,111.0,147.0,140.0
2882,257.0,100.0,162.0,139.0
2883,290.0,180.0,164.0,162.0
2884,272.0,104.0,151.0,161.0
2885,253.0,106.0,130.0,150.0
2886,255.0,111.0,148.0,145.0
2887,257.0,100.0,143.0,145.0
2888,263.0,111.0,152.0,150.0
2889,254.0,179.0,146.0,146.0
2890,235.0,151.0,132.0,125.0
2891,245.0,106.0,143.0,141.0
2892,250.0,95.0,135.0,136.0
2893,274.0,144.0,149.0,157.0
2894,250.0,97.0,137.0,153.0
2895,248.0,157.0,137.0,136.0
2896,263.0,80.0,142.0,154.0
2897,265.0,150.0,161.0,158.0
2898,243.0,94.0,121.0,132.0
2899,229.0,166.0,129.0,131.0
2900,239.0,62.0,149.0,129.0
2901,255.0,129.0,131.0,137.0
2902,254.0,114.0,139.0,154.0
2903,261.0,111.0,143.0,143.0
2904,263.0,138.0,146.0,145.0
2905,263.0,136.0,128.0,150.0
2906,242.0,207.0,140.0,133.0
2907,238.0,203.0,141.0,128.0
2908,252.0,76.0,146.0,144.0
2909,257.0,120.0,132.0,134.0
2910,271.0,78.0,160.0,155.0
2911,260.0,128.0,143.0,153.0
2912,249.0,110.0,129.0,133.0
2913,269.0,44.0,164.0,155.0
2914,241.0,225.0,135.0,136.0
2915,254.0,101.0,148.0,129.0
2916,251.0,105.0,131.0,145.0
2917,270.0,112.0,144.0,144.0
2918,237.0,158.0,120.0,138.0
2919,258.0,247.0,158.0,145.0
2920,268.0,65.0,163.0,148.0
2921,262.0,151.0,151.0,146.0
2922,247.0,108.0,150.0,139.0
2923,251.0,154.0,137.0,127.0
2924,232.0,86.0,127.0,131.0
2925,253.0,93.0,142.0,144.0
2926,242.0,115.0,148.0,139.0
2927,259.0,130.0,150.0,145.0
2928,245.0,92.0,143.0,139.0
2929,278.0,138.0,169.0,149.0
2930,258.0,117.0,140.0,145.0
2931,248.0,79.0,147.0,140.0
2932,282.0,140.0,160.0,163.0
2933,227.0,69.0,115.0,127.0
2934,249.0,114.0,134.0,144.0
2935,278.0,115.0,160.0,156.0
2936,256.0,140.0,138.0,134.0
2937,235.0,129.0,129.0,132.0
2938,234.0,61.0,122.0,137.0
2939,235.0,82.0,136.0,115.0
2940,256.0,106.0,141.0,133.0
2941,253.0,102.0,147.0,138.0
2942,260.0,130.0,144.0,138.0
2943,235.0,137.0,123.0,120.0
2944,243.0,96.0,119.0,130.0
2945,234.0,87.0,148.0,137.0
2946,252.0,137.0,146.0,130.0
2947,253.0,155.0,131.0,138.0
2948,259.0,122.0,157.0,152.0
2949,238.0,164.0,129.0,129.0
2950,242.0,106.0,127.0,135.0
2951,259.0,180.0,146.0,156.0
2952,269.0,73.0,140.0,154.0
2953,240.0,98.0,136.0,132.0
2954,269.0,135.0,146.0,150.0
2955,236.0,87.0,144.0,137.0
2956,269.0,124.0,148.0,161.0
2957,246.0,121.0,148.0,148.0
2958,241.0,234.0,136.0,146.0
2959,255.0,78.0,153.0,136.0
2960,247.0,82.0,130.0,129.0
2961,244.0,106.0,136.0,132.0
2962,267.0,124.0,167.0,154.0
2963,230.0,102.0,133.0,130.0
2964,250.0,98.0,151.0,143.0
2965,283.0,111.0,157.0,144.0
2966,240.0,100.0,138.0,139.0
2967,226.0,108.0,128.0,124.0
2968,239.0,124.0,133.0,142.0
2969,241.0,185.0,132.0,130.0
2970,258.0,78.0,148.0,144.0
2971,243.0,102.0,139.0,140.0
2972,250.0,110.0,141.0,137.0
2973,261.0,99.0,155.0,152.0
2974,260.0,88.0,146.0,139.0
2975,271.0,146.0,152.0,153.0
2976,245.0,96.0,140.0,125.0
2977,262.0,100.0,154.0,144.0
2978,247.0,111.0,134.0,134.0
2979,240.0,113.0,127.0,138.0
2980,254.0,253.0,152.0,146.0
2981,239.0,70.0,140.0,143.0
2982,252.0,105.0,145.0,145.0
2983,235.0,128.0,118.0,130.0
2984,233.0,70.0,125.0,139.0
2985,258.0,69.0,149.0,146.0
2986,231.0,94.0,119.0,131.0
2987,244.0,120.0,150.0,148.0
2988,246.0,108.0,149.0,145.0
2989,244.0,84.0,144.0,129.0
2990,249.0,153.0,149.0,137.0
2991,255.0,227.0,142.0,142.0
2992,266.0,104.0,138.0,146.0
2993,240.0,120.0,149.0,125.0
2994,238.0,89.0,138.0,127.0
2995,223.0,105.0,121.0,122.0
2996,236.0,116.0,125.0,121.0
2997,248.0,141.0,132.0,136.0
2998,258.0,142.0,129.0,140.0
2999,245.0,113.0,123.0,137.0
3000,264.0,127.0,157.0,146.0
3001,241.0,101.0,140.0,132.0
3002,231.0,109.0,119.0,129.0
3003,264.0,255.0,160.0,156.0
3004,235.0,99.0,140.0,126.0
3005,252.0,115.0,141.0,139.0
3006,261.0,118.0,144.0,142.0
3007,256.0,188.0,143.0,151.0
3008,242.0,223.0,128.0,125.0
3009,239.0,97.0,136.0,139.0
3010,240.0,206.0,120.0,135.0
3011,292.0,258.0,155.0,151.0
3012,234.0,198.0,133.0,145.0
3013,241.0,120.0,127.0,130.0
3014,235.0,84.0,128.0,136.0
3015,255.0,137.0,144.0,154.0
3016,261.0,99.0,142.0,151.0
3017,266.0,119.0,151.0,144.0
3018,227.0,112.0,119.0,130.0
3019,292.0,104.0,170.0,173.0
3020,264.0,118.0,137.0,149.0
3021,249.0,127.0,158.0,142.0
3022,289.0,149.0,173.0,149.0
3023,244.0,113.0,127.0,129.0
3024,248.0,101.0,139.0,135.0
3025,237.0,108.0,138.0,147.0
3026,250.0,104.0,140.0,144.0
3027,254.0,92.0,150.0,137.0
3028,249.0,132.0,137.0,139.0
3029,247.0,80.0,144.0,144.0
3030,260.0,113.0,149.0,147.0
3031,229.0,58.0,129.0,132.0
3032,255.0,105.0,140.0,150.0
3033,252.0,114.0,152.0,150.0
3034,263.0,85.0,144.0,152.0
3035,238.0,213.0,129.0,127.0
3036,243.0,109.0,134.0,117.0
3037,256.0,105.0,148.0,150.0
3038,244.0,105.0,141.0,127.0
3039,271.0,104.0,159.0,141.0
3040,239.0,112.0,135.0,126.0
3041,257.0,90.0,134.0,142.0
3042,249.0,209.0,145.0,145.0
3043,248.0,147.0,144.0,143.0
3044,240.0,115.0,145.0,141.0
3045,230.0,97.0,134.0,128.0
3046,257.0,105.0,151.0,143.0
3047,266.0,28.0,145.0,167.0
3048,243.0,145.0,120.0,146.0
3049,260.0,103.0,156.0,150.0
3050,260.0,100.0,149.0,143.0
3051,227.0,126.0,127.0,123.0
3052,268.0,108.0,160.0,150.0
3053,266.0,172.0,142.0,148.0
3054,237.0,75.0,127.0,129.0
3055,232.0,105.0,114.0,126.0
3056,218.0,137.0,130.0,126.0
3057,245.0,133.0,161.0,133.0
3058,255.0,119.0,146.0,131.0
3059,246.0,203.0,157.0,141.0
3060,274.0,173.0,157.0,151.0
3061,255.0,142.0,140.0,135.0
3062,256.0,90.0,140.0,139.0
3063,249.0,120.0,143.0,150.0
3064,242.0,61.0,142.0,141.0
3065,258.0,128.0,139.0,126.0
3066,241.0,71.0,137.0,134.0
3067,240.0,85.0,137.0,143.0
3068,263.0,255.0,152.0,142.0
3069,275.0,232.0,175.0,136.0
3070,225.0,91.0,131.0,130.0
3071,248.0,109.0,144.0,147.0
3072,269.0,128.0,157.0,152.0
3073,251.0,80.0,144.0,143.0
3074,239.0,90.0,145.0,138.0
3075,238.0,85.0,138.0,138.0
3076,259.0,133.0,141.0,153.0
3077,238.0,61.0,134.0,141.0
3078,238.0,151.0,130.0,120.0
3079,257.0,120.0,146.0,150.0
3080,250.0,216.0,131.0,149.0
3081,251.0,218.0,133.0,136.0
3082,252.0,144.0,132.0,130.0
3083,234.0,90.0,146.0,146.0
3084,257.0,92.0,152.0,139.0
3085,237.0,153.0,134.0,126.0
3086,246.0,109.0,128.0,136.0
3087,222.0,143.0,129.0,119.0
3088,256.0,109.0,135.0,139.0
3089,269.0,170.0,161.0,161.0
3090,249.0,109.0,135.0,141.0
3091,230.0,116.0,129.0,133.0
3092,234.0,104.0,129.0,129.0
3093,238.0,103.0,130.0,133.0
3094,251.0,162.0,138.0,136.0
3095,245.0,129.0,150.0,148.0
3096,255.0,75.0,144.0,150.0
3097,266.0,102.0,148.0,140.0
3098,238.0,129.0,129.0,127.0
3099,248.0,108.0,134.0,143.0
3100,250.0,49.0,147.0,136.0
3101,255.0,142.0,138.0,130.0
3102,257.0,132.0,138.0,148.0
3103,248.0,104.0,142.0,150.0
3104,241.0,174.0,125.0,126.0
3105,249.0,122.0,155.0,140.0
3106,251.0,170.0,141.0,153.0
3107,232.0,98.0,119.0,132.0
3108,231.0,206.0,136.0,122.0
3109,256.0,161.0,157.0,148.0
3110,246.0,130.0,130.0,142.0
3111,243.0,99.0,139.0,130.0
3112,242.0,130.0,129.0,141.0
3113,245.0,145.0,145.0,144.0
3114,235.0,132.0,138.0,127.0
3115,239.0,115.0,138.0,134.0
3116,209.0,121.0,119.0,116.0
3117,248.0,124.0,143.0,130.0
3118,239.0,122.0,138.0,146.0
3119,238.0,80.0,144.0,133.0
3120,251.0,94.0,143.0,135.0
3121,258.0,183.0,142.0,144.0
3122,254.0,100.0,125.0,139.0
3123,247.0,98.0,134.0,132.0
3124,246.0,102.0,137.0,135.0
3125,242.0,117.0,144.0,141.0
3126,224.0,117.0,108.0,139.0
3127,240.0,69.0,138.0,124.0
3128,241.0,142.0,128.0,123.0
3129,279.0,126.0,155.0,146.0
3130,245.0,84.0,140.0,138.0
3131,244.0,233.0,135.0,140.0
3132,245.0,104.0,144.0,141.0
3133,254.0,115.0,128.0,139.0
3134,239.0,122.0,118.0,135.0
3135,255.0,130.0,155.0,145.0
3136,243.0,151.0,143.0,137.0
3137,245.0,128.0,141.0,142.0
3138,229.0,101.0,134.0,122.0
3139,241.0,111.0,128.0,128.0
3140,235.0,133.0,134.0,138.0
3141,281.0,97.0,158.0,155.0
3142,261.0,137.0,150.0,140.0
3143,271.0,116.0,159.0,162.0
3144,265.0,81.0,140.0,152.0
3145,258.0,166.0,153.0,144.0
3146,239.0,134.0,126.0,136.0
3147,242.0,77.0,144.0,129.0
3148,249.0,147.0,149.0,147.0
3149,250.0,72.0,138.0,138.0
3150,254.0,120.0,144.0,133.0
3151,229.0,112.0,112.0,113.0
3152,242.0,147.0,141.0,138.0
3153,248.0,213.0,129.0,146.0
3154,232.0,199.0,134.0,114.0
3155,276.0,110.0,156.0,155.0
3156,270.0,104.0,151.0,143.0
3157,257.0,89.0,145.0,138.0
3158,257.0,81.0,139.0,155.0
3159,247.0,128.0,144.0,138.0
3160,246.0,80.0,129.0,135.0
3161,236.0,89.0,148.0,145.0
3162,231.0,96.0,133.0,138.0
3163,240.0,90.0,129.0,144.0
3164,260.0,85.0,140.0,150.0
3165,241.0,71.0,120.0,119.0
3166,250.0,110.0,138.0,141.0
3167,281.0,106.0,152.0,154.0
3168,249.0,89.0,136.0,123.0
3169,294.0,116.0,163.0,162.0
3170,245.0,130.0,136.0,127.0
3171,230.0,82.0,135.0,147.0
3172,256.0,109.0,146.0,140.0
3173,254.0,156.0,150.0,138.0
3174,253.0,146.0,146.0,148.0
3175,270.0,118.0,141.0,151.0
3176,241.0,145.0,131.0,140.0
3177,271.0,100.0,135.0,153.0
3178,238.0,213.0,138.0,117.0
3179,229.0,204.0,123.0,119.0
3180,247.0,92.0,131.0,143.0
3181,246.0,79.0,138.0,132.0
3182,249.0,87.0,131.0,137.0
3183,243.0,237.0,148.0,114.0
3184,250.0,115.0,143.0,137.0
3185,232.0,115.0,131.0,131.0
3186,220.0,114.0,125.0,118.0
3187,264.0,182.0,157.0,147.0
3188,257.0,132.0,136.0,144.0
3189,254.0,163.0,156.0,136.0
3190,243.0,223.0,137.0,131.0
3191,246.0,226.0,129.0,147.0
3192,262.0,168.0,149.0,153.0
3193,279.0,141.0,159.0,165.0
3194,257.0,124.0,136.0,146.0
3195,243.0,78.0,135.0,126.0
3196,247.0,125.0,128.0,141.0
3197,248.0,108.0,132.0,124.0
3198,274.0,130.0,150.0,142.0
3199,275.0,119.0,149.0,127.0
3200,247.0,151.0,143.0,138.0
3201,250.0,113.0,143.0,136.0
3202,256.0,106.0,139.0,147.0
3203,240.0,173.0,140.0,131.0
3204,246.0,100.0,146.0,147.0
3205,256.0,98.0,149.0,145.0
3206,226.0,88.0,134.0,123.0
3207,228.0,90.0,131.0,119.0
3208,249.0,195.0,135.0,133.0
3209,250.0,89.0,138.0,142.0
3210,245.0,121.0,131.0,135.0
3211,239.0,140.0,134.0,138.0
3212,266.0,113.0,150.0,163.0
3213,266.0,120.0,154.0,152.0
3214,270.0,95.0,153.0,148.0
3215,229.0,99.0,130.0,123.0
3216,251.0,123.0,137.0,140.0
3217,253.0,56.0,147.0,136.0
3218,225.0,97.0,124.0,112.0
3219,253.0,121.0,137.0,147.0
3220,239.0,57.0,130.0,132.0
3221,262.0,125.0,153.0,145.0
3222,237.0,94.0,146.0,129.0
3223,268.0,143.0,134.0,142.0
3224,241.0,40.0,139.0,132.0
3225,272.0,178.0,143.0,136.0
3226,223.0,101.0,122.0,117.0
3227,255.0,82.0,150.0,136.0
3228,233.0,208.0,129.0,131.0
3229,251.0,120.0,143.0,133.0
3230,256.0,153.0,140.0,131.0
3231,232.0,208.0,128.0,126.0
3232,247.0,132.0,130.0,141.0
3233,248.0,186.0,138.0,112.0
3234,270.0,70.0,151.0,157.0
3235,278.0,129.0,152.0,174.0
3236,224.0,129.0,130.0,116.0
3237,231.0,77.0,131.0,115.0
3238,236.0,123.0,139.0,123.0
3239,258.0,114.0,144.0,145.0
3240,239.0,149.0,125.0,140.0
3241,238.0,95.0,146.0,128.0
3242,249.0,88.0,144.0,137.0
3243,244.0,140.0,142.0,135.0
3244,244.0,118.0,137.0,140.0
3245,268.0,148.0,152.0,147.0
3246,251.0,109.0,143.0,133.0
3247,229.0,116.0,118.0,129.0
3248,257.0,125.0,147.0,157.0
3249,254.0,117.0,154.0,135.0
3250,233.0,131.0,144.0,123.0
3251,262.0,85.0,157.0,140.0
3252,258.0,84.0,147.0,151.0
3253,256.0,140.0,135.0,143.0
3254,238.0,132.0,142.0,136.0
3255,264.0,120.0,149.0,138.0
3256,226.0,101.0,128.0,129.0
3257,242.0,156.0,140.0,122.0
3258,248.0,215.0,132.0,139.0
3259,237.0,204.0,133.0,136.0
3260,256.0,124.0,136.0,153.0
3261,264.0,61.0,140.0,139.0
3262,270.0,113.0,150.0,159.0
3263,228.0,102.0,131.0,122.0
3264,251.0,142.0,140.0,148.0
3265,243.0,62.0,134.0,142.0
3266,277.0,99.0,163.0,151.0
3267,238.0,102.0,127.0,136.0
3268,258.0,119.0,133.0,150.0
3269,255.0,121.0,164.0,156.0
3270,243.0,156.0,124.0,147.0
3271,256.0,135.0,137.0,126.0
3272,254.0,125.0,137.0,135.0
3273,255.0,120.0,128.0,159.0
3274,256.0,122.0,150.0,151.0
3275,243.0,109.0,156.0,134.0
3276,247.0,106.0,139.0,137.0
3277,219.0,74.0,114.0,110.0
3278,233.0,121.0,136.0,133.0
3279,235.0,128.0,126.0,135.0
3280,240.0,203.0,131.0,143.0
3281,245.0,103.0,146.0,134.0
3282,253.0,77.0,138.0,143.0
3283,238.0,72.0,135.0,133.0
3284,252.0,105.0,135.0,137.0
3285,267.0,128.0,148.0,143.0
3286,265.0,89.0,142.0,159.0
3287,263.0,119.0,154.0,163.0
3288,226.0,76.0,119.0,118.0
3289,268.0,113.0,164.0,138.0
3290,269.0,120.0,145.0,147.0
3291,240.0,107.0,139.0,136.0
3292,249.0,86.0,145.0,133.0
3293,229.0,107.0,124.0,144.0
3294,262.0,139.0,142.0,143.0
3295,267.0,106.0,157.0,156.0
3296,261.0,116.0,150.0,152.0
3297,285.0,248.0,158.0,148.0
3298,250.0,213.0,142.0,157.0
3299,232.0,73.0,131.0,121.0
3300,271.0,155.0,148.0,165.0
3301,247.0,95.0,153.0,143.0
3302,224.0,73.0,132.0,125.0
3303,255.0,217.0,135.0,141.0
3304,243.0,104.0,130.0,132.0
3305,252.0,105.0,143.0,146.0
3306,254.0,136.0,146.0,150.0
3307,237.0,126.0,136.0,138.0
3308,248.0,145.0,137.0,151.0
3309,231.0,55.0,132.0,131.0
3310,280.0,113.0,161.0,160.0
3311,269.0,131.0,163.0,137.0
3312,261.0,133.0,158.0,147.0
3313,240.0,82.0,123.0,122.0
3314,248.0,132.0,138.0,139.0
3315,232.0,132.0,139.0,133.0
3316,233.0,85.0,135.0,127.0
3317,241.0,110.0,145.0,136.0
3318,242.0,99.0,126.0,138.0
3319,260.0,143.0,155.0,141.0
3320,253.0,121.0,139.0,152.0
3321,271.0,107.0,154.0,162.0
3322,265.0,112.0,166.0,145.0
3323,243.0,88.0,136.0,130.0
3324,256.0,197.0,164.0,148.0
3325,273.0,160.0,161.0,145.0
3326,229.0,123.0,130.0,127.0
3327,250.0,135.0,142.0,145.0
3328,252.0,122.0,143.0,150.0
3329,212.0,90.0,116.0,113.0
3330,220.0,137.0,129.0,124.0
3331,262.0,118.0,133.0,148.0
3332,243.0,224.0,128.0,140.0
3333,247.0,101.0,131.0,145.0
3334,272.0,142.0,157.0,153.0
3335,280.0,122.0,159.0,164.0
3336,231.0,83.0,144.0,124.0
3337,235.0,95.0,142.0,132.0
3338,237.0,126.0,133.0,139.0
3339,259.0,111.0,139.0,147.0
3340,256.0,237.0,146.0,135.0
3341,228.0,209.0,126.0,129.0
3342,252.0,92.0,139.0,141.0
3343,244.0,192.0,135.0,141.0
3344,235.0,126.0,128.0,126.0
3345,264.0,212.0,135.0,161.0
3346,250.0,198.0,134.0,133.0
3347,223.0,139.0,128.0,129.0
3348,267.0,184.0,152.0,138.0
3349,263.0,77.0,158.0,148.0
3350,231.0,118.0,132.0,121.0
3351,235.0,126.0,133.0,109.0
3352,244.0,233.0,137.0,139.0
3353,248.0,114.0,128.0,139.0
3354,250.0,112.0,134.0,151.0
3355,274.0,112.0,149.0,144.0
3356,248.0,96.0,126.0,144.0
3357,253.0,79.0,155.0,133.0
3358,254.0,106.0,148.0,148.0
3359,269.0,154.0,160.0,163.0
3360,247.0,97.0,155.0,130.0
3361,235.0,98.0,124.0,138.0
3362,260.0,75.0,143.0,139.0
3363,246.0,138.0,143.0,136.0
3364,252.0,78.0,153.0,154.0
3365,258.0,117.0,140.0,146.0
3366,258.0,136.0,143.0,149.0
3367,252.0,219.0,137.0,126.0
3368,258.0,123.0,145.0,147.0
3369,268.0,156.0,155.0,152.0
3370,256.0,92.0,157.0,140.0
3371,239.0,117.0,134.0,141.0
3372,233.0,68.0,139.0,133.0
3373,262.0,143.0,143.0,144.0
3374,258.0,154.0,118.0,154.0
3375,219.0,116.0,124.0,118.0
3376,307.0,135.0,164.0,167.0
3377,267.0,156.0,150.0,158.0
3378,253.0,93.0,142.0,142.0
3379,272.0,243.0,148.0,139.0
3380,249.0,220.0,141.0,130.0
3381,241.0,147.0,132.0,125.0
3382,275.0,79.0,165.0,157.0
3383,246.0,107.0,156.0,150.0
3384,254.0,113.0,157.0,152.0
3385,235.0,72.0,139.0,139.0
3386,243.0,79.0,142.0,138.0
3387,244.0,108.0,145.0,135.0
3388,247.0,93.0,134.0,145.0
3389,260.0,228.0,147.0,140.0
3390,237.0,206.0,130.0,131.0
3391,234.0,203.0,139.0,138.0
3392,251.0,157.0,114.0,162.0
3393,255.0,126.0,148.0,137.0
3394,231.0,102.0,121.0,112.0
3395,237.0,82.0,126.0,136.0
3396,267.0,232.0,155.0,143.0
3397,250.0,211.0,139.0,132.0
3398,247.0,79.0,140.0,147.0
3399,245.0,156.0,129.0,130.0
3400,262.0,127.0,157.0,145.0
3401,237.0,125.0,136.0,138.0
3402,250.0,94.0,134.0,136.0
3403,242.0,117.0,143.0,150.0
3404,255.0,155.0,143.0,138.0
3405,253.0,93.0,138.0,140.0
3406,260.0,94.0,143.0,150.0
3407,259.0,175.0,155.0,160.0
3408,261.0,133.0,144.0,152.0
3409,243.0,116.0,143.0,148.0
3410,234.0,73.0,137.0,142.0
3411,256.0,108.0,148.0,150.0
3412,234.0,100.0,140.0,115.0
3413,259.0,133.0,146.0,139.0
3414,257.0,124.0,152.0,139.0
3415,260.0,75.0,137.0,151.0
3416,225.0,118.0,127.0,118.0
3417,250.0,143.0,147.0,123.0
3418,239.0,121.0,135.0,132.0
3419,256.0,121.0,142.0,160.0
3420,233.0,70.0,134.0,141.0
3421,248.0,161.0,130.0,149.0
3422,251.0,105.0,137.0,131.0
3423,237.0,83.0,123.0,133.0
3424,217.0,106.0,110.0,128.0
3425,226.0,77.0,130.0,133.0
3426,261.0,150.0,155.0,147.0
3427,237.0,114.0,133.0,129.0
3428,253.0,128.0,140.0,135.0
3429,257.0,98.0,150.0,148.0
3430,235.0,96.0,119.0,144.0
3431,257.0,147.0,151.0,146.0
3432,257.0,84.0,148.0,159.0
3433,239.0,119.0,129.0,134.0
3434,232.0,101.0,137.0,125.0
3435,232.0,125.0,115.0,131.0
3436,232.0,123.0,141.0,120.0
3437,230.0,72.0,129.0,117.0
3438,268.0,91.0,142.0,150.0
3439,259.0,95.0,154.0,145.0
3440,229.0,87.0,116.0,121.0
3441,261.0,132.0,142.0,137.0
3442,245.0,134.0,129.0,134.0
3443,252.0,108.0,139.0,149.0
3444,257.0,92.0,150.0,147.0
3445,234.0,90.0,129.0,143.0
3446,250.0,118.0,149.0,141.0
3447,259.0,132.0,146.0,146.0
3448,241.0,66.0,134.0,139.0
3449,243.0,91.0,140.0,146.0
3450,234.0,97.0,113.0,141.0
3451,249.0,147.0,135.0,130.0
3452,248.0,121.0,125.0,138.0
3453,234.0,107.0,134.0,124.0
3454,257.0,89.0,153.0,144.0
3455,261.0,147.0,134.0,142.0
3456,247.0,134.0,156.0,143.0
3457,248.0,116.0,134.0,149.0
3458,268.0,197.0,134.0,154.0
3459,243.0,70.0,123.0,131.0
3460,247.0,105.0,136.0,129.0
3461,250.0,136.0,128.0,152.0
3462,241.0,126.0,126.0,129.0
3463,249.0,102.0,133.0,137.0
3464,265.0,176.0,138.0,141.0
3465,252.0,120.0,147.0,134.0
3466,241.0,85.0,144.0,144.0
3467,230.0,93.0,128.0,119.0
3468,247.0,242.0,138.0,143.0
3469,246.0,88.0,136.0,133.0
3470,234.0,117.0,111.0,142.0
3471,248.0,149.0,121.0,124.0
3472,236.0,88.0,127.0,129.0
3473,248.0,78.0,134.0,141.0
3474,268.0,144.0,167.0,165.0
3475,245.0,97.0,139.0,137.0
3476,263.0,89.0,148.0,156.0
3477,248.0,149.0,146.0,131.0
3478,247.0,239.0,144.0,128.0
3479,255.0,119.0,126.0,152.0
3480,260.0,123.0,150.0,148.0
3481,259.0,63.0,161.0,136.0
3482,253.0,153.0,151.0,143.0
3483,231.0,124.0,146.0,132.0
3484,262.0,155.0,144.0,149.0
3485,226.0,81.0,127.0,124.0
3486,237.0,98.0,135.0,144.0
3487,248.0,130.0,152.0,149.0
3488,241.0,122.0,129.0,137.0
3489,244.0,91.0,137.0,134.0
3490,263.0,144.0,149.0,148.0
3491,259.0,219.0,135.0,136.0
3492,239.0,133.0,133.0,116.0
3493,238.0,144.0,136.0,142.0
3494,258.0,83.0,160.0,152.0
3495,256.0,184.0,138.0,157.0
3496,237.0,63.0,133.0,111.0
3497,252.0,106.0,143.0,141.0
3498,255.0,124.0,147.0,137.0
3499,255.0,147.0,121.0,151.0
3500,232.0,56.0,131.0,135.0
3501,251.0,138.0,140.0,136.0
3502,253.0,70.0,141.0,138.0
3503,240.0,107.0,144.0,134.0
3504,212.0,114.0,125.0,127.0
3505,241.0,89.0,142.0,138.0
3506,242.0,59.0,129.0,137.0
3507,261.0,82.0,148.0,139.0
3508,256.0,115.0,132.0,148.0
3509,259.0,174.0,158.0,142.0
3510,244.0,102.0,130.0,134.0
3511,262.0,166.0,143.0,135.0
3512,253.0,154.0,135.0,149.0
3513,235.0,142.0,142.0,137.0
3514,257.0,112.0,137.0,159.0
3515,236.0,126.0,127.0,134.0
3516,232.0,97.0,117.0,133.0
3517,259.0,91.0,148.0,141.0
3518,246.0,149.0,119.0,145.0
3519,251.0,154.0,142.0,143.0
3520,229.0,75.0,119.0,139.0
3521,258.0,146.0,144.0,149.0
3522,230.0,119.0,136.0,135.0
3523,230.0,124.0,133.0,123.0
3524,262.0,80.0,147.0,139.0
3525,234.0,78.0,144.0,136.0
3526,236.0,88.0,133.0,139.0
3527,256.0,79.0,147.0,153.0
3528,241.0,116.0,135.0,128.0
3529,245.0,52.0,135.0,128.0
3530,241.0,144.0,141.0,130.0
3531,271.0,98.0,168.0,167.0
3532,233.0,86.0,132.0,123.0
3533,256.0,85.0,152.0,128.0
3534,243.0,126.0,128.0,141.0
3535,244.0,128.0,146.0,136.0
3536,251.0,111.0,143.0,138.0
3537,266.0,108.0,144.0,146.0
3538,237.0,108.0,138.0,129.0
3539,257.0,135.0,150.0,148.0
3540,221.0,107.0,109.0,143.0
3541,223.0,100.0,119.0,130.0
3542,249.0,112.0,132.0,141.0
3543,254.0,83.0,143.0,139.0
3544,261.0,140.0,148.0,136.0
3545,250.0,147.0,136.0,142.0
3546,229.0,127.0,124.0,112.0
3547,246.0,68.0,144.0,151.0
3548,264.0,114.0,143.0,138.0
3549,243.0,118.0,146.0,137.0
3550,259.0,108.0,139.0,155.0
3551,248.0,65.0,143.0,140.0
3552,258.0,118.0,153.0,147.0
3553,234.0,111.0,136.0,128.0
3554,251.0,135.0,138.0,130.0
3555,269.0,116.0,136.0,142.0
3556,254.0,123.0,142.0,150.0
3557,233.0,149.0,135.0,122.0
3558,249.0,104.0,147.0,134.0
3559,243.0,94.0,138.0,150.0
3560,234.0,93.0,140.0,129.0
3561,237.0,140.0,134.0,129.0
3562,263.0,218.0,153.0,132.0
3563,261.0,106.0,140.0,152.0
3564,266.0,107.0,152.0,163.0
3565,229.0,90.0,141.0,128.0
3566,261.0,115.0,149.0,165.0
3567,249.0,199.0,127.0,141.0
3568,263.0,130.0,156.0,149.0
3569,255.0,217.0,133.0,151.0
3570,256.0,70.0,147.0,149.0
3571,247.0,93.0,143.0,143.0
3572,250.0,146.0,133.0,148.0
3573,226.0,87.0,123.0,136.0
3574,247.0,90.0,134.0,138.0
3575,259.0,116.0,147.0,154.0
3576,240.0,106.0,144.0,128.0
3577,263.0,146.0,150.0,151.0
3578,255.0,108.0,137.0,158.0
3579,259.0,130.0,150.0,138.0
3580,261.0,120.0,134.0,163.0
3581,242.0,83.0,141.0,157.0
3582,270.0,155.0,140.0,137.0
3583,249.0,113.0,135.0,141.0
3584,248.0,75.0,124.0,133.0
3585,262.0,146.0,164.0,158.0
3586,254.0,129.0,142.0,135.0
3587,221.0,115.0,139.0,114.0
3588,242.0,103.0,126.0,136.0
3589,269.0,204.0,146.0,153.0
3590,253.0,176.0,144.0,124.0
3591,265.0,126.0,147.0,141.0
3592,230.0,143.0,116.0,133.0
3593,263.0,150.0,151.0,133.0
3594,242.0,125.0,147.0,151.0
3595,247.0,102.0,128.0,137.0
3596,262.0,120.0,126.0,132.0
3597,246.0,119.0,155.0,135.0
3598,231.0,72.0,137.0,139.0
3599,259.0,130.0,140.0,138.0
3600,278.0,112.0,170.0,147.0
3601,257.0,101.0,142.0,134.0
3602,235.0,77.0,134.0,121.0
3603,270.0,112.0,152.0,135.0
3604,250.0,70.0,140.0,141.0
3605,244.0,87.0,145.0,143.0
3606,253.0,112.0,144.0,137.0
3607,243.0,111.0,137.0,152.0
3608,248.0,112.0,138.0,149.0
3609,234.0,76.0,131.0,126.0
3610,272.0,142.0,157.0,160.0
3611,243.0,137.0,126.0,151.0
3612,272.0,181.0,158.0,174.0
3613,245.0,127.0,146.0,134.0
3614,238.0,87.0,139.0,127.0
3615,277.0,173.0,164.0,150.0
3616,247.0,147.0,132.0,146.0
3617,260.0,73.0,142.0,133.0
3618,251.0,110.0,138.0,138.0
3619,256.0,116.0,140.0,134.0
3620,226.0,71.0,129.0,122.0
3621,278.0,220.0,160.0,162.0
3622,270.0,212.0,163.0,141.0
3623,244.0,148.0,138.0,152.0
3624,242.0,218.0,143.0,136.0
3625,224.0,115.0,141.0,123.0
3626,233.0,197.0,120.0,111.0
3627,252.0,130.0,149.0,146.0
3628,261.0,108.0,150.0,147.0
3629,275.0,135.0,174.0,151.0
3630,257.0,113.0,149.0,139.0
3631,267.0,111.0,147.0,140.0
3632,262.0,151.0,141.0,152.0
3633,213.0,106.0,104.0,124.0
3634,266.0,64.0,145.0,161.0
3635,241.0,109.0,134.0,135.0
3636,250.0,237.0,139.0,121.0
3637,252.0,239.0,152.0,138.0
3638,275.0,132.0,150.0,139.0
3639,249.0,112.0,146.0,138.0
3640,264.0,116.0,146.0,147.0
3641,267.0,110.0,148.0,152.0
3642,234.0,70.0,135.0,114.0
3643,267.0,182.0,162.0,139.0
3644,268.0,91.0,156.0,141.0
3645,238.0,94.0,134.0,131.0
3646,255.0,148.0,145.0,136.0
3647,265.0,151.0,147.0,169.0
3648,236.0,78.0,134.0,130.0
3649,242.0,90.0,130.0,144.0
3650,220.0,116.0,122.0,130.0
3651,257.0,163.0,152.0,149.0
3652,240.0,106.0,137.0,134.0
3653,253.0,128.0,142.0,132.0
3654,245.0,107.0,139.0,123.0
3655,261.0,113.0,153.0,163.0
3656,246.0,30.0,148.0,142.0
3657,240.0,110.0,136.0,121.0
3658,234.0,78.0,128.0,128.0
3659,265.0,227.0,136.0,151.0
3660,253.0,215.0,133.0,145.0
3661,227.0,83.0,127.0,126.0
3662,237.0,124.0,141.0,143.0
3663,229.0,123.0,116.0,124.0
3664,239.0,193.0,134.0,136.0
3665,240.0,196.0,145.0,127.0
3666,256.0,134.0,132.0,135.0
3667,259.0,76.0,142.0,155.0
3668,239.0,131.0,138.0,124.0
3669,250.0,123.0,127.0,144.0
3670,243.0,121.0,144.0,129.0
3671,254.0,119.0,129.0,149.0
3672,224.0,122.0,128.0,115.0
3673,245.0,76.0,129.0,141.0
3674,234.0,192.0,144.0,122.0
3675,278.0,236.0,153.0,150.0
3676,222.0,184.0,111.0,129.0
3677,253.0,136.0,129.0,135.0
3678,254.0,119.0,140.0,137.0
3679,269.0,87.0,180.0,147.0
3680,250.0,70.0,141.0,126.0
3681,250.0,173.0,124.0,146.0
3682,246.0,97.0,120.0,146.0
3683,244.0,98.0,138.0,135.0
3684,264.0,241.0,138.0,149.0
3685,224.0,35.0,133.0,131.0
3686,249.0,91.0,127.0,144.0
3687,247.0,80.0,130.0,140.0
3688,234.0,154.0,125.0,140.0
3689,242.0,174.0,129.0,137.0
3690,276.0,130.0,155.0,146.0
3691,253.0,138.0,143.0,141.0
3692,250.0,106.0,136.0,147.0
3693,226.0,128.0,137.0,119.0
3694,273.0,86.0,151.0,154.0
3695,245.0,118.0,150.0,147.0
3696,247.0,199.0,135.0,151.0
3697,244.0,69.0,149.0,136.0
3698,254.0,130.0,148.0,141.0
3699,257.0,137.0,156.0,148.0
3700,229.0,107.0,136.0,119.0
3701,243.0,97.0,142.0,147.0
3702,256.0,136.0,144.0,137.0
3703,259.0,119.0,158.0,149.0
3704,261.0,125.0,158.0,150.0
3705,254.0,223.0,131.0,127.0
3706,254.0,77.0,135.0,142.0
3707,248.0,78.0,131.0,125.0
3708,269.0,98.0,163.0,147.0
3709,251.0,144.0,135.0,147.0
3710,262.0,126.0,142.0,149.0
3711,239.0,114.0,137.0,130.0
3712,244.0,85.0,134.0,141.0
3713,232.0,53.0,135.0,129.0
3714,222.0,92.0,121.0,134.0
3715,248.0,152.0,118.0,147.0
3716,245.0,110.0,155.0,145.0
3717,216.0,104.0,108.0,103.0
3718,260.0,126.0,136.0,145.0
3719,225.0,158.0,125.0,121.0
3720,253.0,165.0,139.0,134.0
3721,253.0,195.0,153.0,154.0
3722,252.0,107.0,139.0,138.0
3723,249.0,75.0,144.0,142.0
3724,254.0,224.0,152.0,142.0
3725,256.0,138.0,149.0,149.0
3726,232.0,222.0,128.0,148.0
3727,246.0,99.0,134.0,134.0
3728,262.0,119.0,145.0,132.0
3729,262.0,116.0,138.0,171.0
3730,257.0,151.0,136.0,142.0
3731,233.0,87.0,137.0,143.0
3732,233.0,97.0,130.0,142.0
3733,292.0,112.0,168.0,163.0
3734,237.0,142.0,135.0,128.0
3735,271.0,127.0,162.0,154.0
3736,253.0,149.0,148.0,140.0
3737,242.0,154.0,133.0,156.0
3738,277.0,141.0,155.0,153.0
3739,245.0,99.0,132.0,124.0
3740,263.0,116.0,152.0,142.0
3741,263.0,83.0,156.0,143.0
3742,248.0,92.0,142.0,141.0
3743,238.0,103.0,123.0,141.0
3744,241.0,128.0,140.0,139.0
3745,233.0,80.0,137.0,115.0
3746,218.0,79.0,116.0,130.0
3747,250.0,115.0,130.0,144.0
3748,238.0,111.0,132.0,138.0
3749,252.0,115.0,134.0,137.0
3750,266.0,99.0,135.0,137.0
3751,258.0,142.0,151.0,143.0
3752,260.0,99.0,147.0,144.0
3753,260.0,79.0,155.0,142.0
3754,278.0,146.0,166.0,156.0
3755,255.0,115.0,136.0,138.0
3756,262.0,93.0,149.0,155.0
3757,239.0,79.0,138.0,131.0
3758,261.0,92.0,139.0,142.0
3759,268.0,158.0,167.0,148.0
3760,242.0,119.0,137.0,133.0
3761,257.0,145.0,122.0,134.0
3762,261.0,123.0,146.0,151.0
3763,232.0,63.0,129.0,133.0
3764,247.0,145.0,135.0,121.0
3765,248.0,105.0,139.0,148.0
3766,250.0,116.0,144.0,134.0
3767,244.0,108.0,143.0,139.0
3768,255.0,146.0,163.0,152.0
3769,276.0,163.0,151.0,166.0
3770,267.0,232.0,168.0,138.0
3771,249.0,214.0,149.0,151.0
3772,243.0,91.0,143.0,144.0
3773,262.0,142.0,154.0,143.0
3774,245.0,114.0,128.0,147.0
3775,241.0,83.0,126.0,126.0
3776,255.0,148.0,151.0,138.0
3777,258.0,109.0,141.0,161.0
3778,236.0,109.0,118.0,137.0
3779,243.0,119.0,133.0,160.0
3780,230.0,94.0,123.0,131.0
3781,264.0,111.0,138.0,154.0
3782,247.0,169.0,133.0,138.0
3783,247.0,127.0,157.0,142.0
3784,242.0,119.0,125.0,125.0
3785,250.0,80.0,128.0,129.0
3786,235.0,146.0,121.0,124.0
3787,271.0,139.0,142.0,161.0
3788,258.0,135.0,144.0,159.0
3789,242.0,115.0,135.0,130.0
3790,248.0,115.0,140.0,126.0
3791,225.0,86.0,130.0,130.0
3792,253.0,89.0,138.0,136.0
3793,269.0,126.0,148.0,156.0
3794,249.0,137.0,154.0,139.0
3795,245.0,103.0,132.0,146.0
3796,281.0,173.0,166.0,127.0
3797,256.0,96.0,134.0,151.0
3798,240.0,110.0,134.0,129.0
3799,265.0,137.0,152.0,164.0
3800,232.0,77.0,144.0,118.0
3801,257.0,83.0,155.0,137.0
3802,222.0,95.0,131.0,115.0
3803,250.0,115.0,141.0,152.0
3804,255.0,116.0,133.0,132.0
3805,242.0,129.0,155.0,144.0
3806,240.0,99.0,145.0,138.0
3807,233.0,182.0,130.0,130.0
3808,237.0,103.0,134.0,127.0
3809,237.0,104.0,138.0,138.0
3810,264.0,97.0,150.0,164.0
3811,239.0,90.0,130.0,134.0
3812,242.0,112.0,144.0,145.0
3813,252.0,152.0,147.0,139.0
3814,250.0,140.0,137.0,146.0
3815,284.0,166.0,160.0,155.0
3816,247.0,96.0,149.0,138.0
3817,237.0,89.0,130.0,130.0
3818,249.0,112.0,139.0,141.0
3819,244.0,122.0,136.0,124.0
3820,237.0,78.0,138.0,132.0
3821,251.0,130.0,123.0,144.0
3822,258.0,137.0,150.0,145.0
3823,244.0,90.0,123.0,142.0
3824,259.0,100.0,146.0,163.0
3825,248.0,114.0,144.0,136.0
3826,242.0,140.0,126.0,141.0
3827,243.0,102.0,131.0,141.0
3828,251.0,142.0,128.0,130.0
3829,233.0,77.0,132.0,127.0
3830,223.0,74.0,126.0,124.0
3831,246.0,126.0,139.0,133.0
3832,258.0,104.0,158.0,147.0
3833,245.0,181.0,137.0,146.0
3834,264.0,170.0,157.0,137.0
3835,226.0,66.0,128.0,120.0
3836,251.0,111.0,144.0,145.0
3837,254.0,82.0,149.0,142.0
3838,273.0,140.0,162.0,162.0
3839,238.0,45.0,132.0,140.0
3840,248.0,178.0,136.0,131.0
3841,267.0,157.0,157.0,151.0
3842,244.0,147.0,124.0,138.0
3843,229.0,109.0,119.0,132.0
3844,244.0,138.0,132.0,119.0
3845,249.0,115.0,144.0,139.0
3846,245.0,150.0,142.0,132.0
3847,247.0,132.0,152.0,127.0
3848,250.0,63.0,125.0,135.0
3849,261.0,99.0,156.0,156.0
3850,222.0,148.0,135.0,131.0
3851,239.0,76.0,137.0,133.0
3852,249.0,105.0,130.0,122.0
3853,258.0,82.0,149.0,146.0
3854,230.0,62.0,147.0,130.0
3855,221.0,145.0,132.0,121.0
3856,260.0,92.0,146.0,140.0
3857,242.0,105.0,140.0,144.0
3858,250.0,122.0,147.0,129.0
3859,249.0,115.0,132.0,136.0
3860,226.0,98.0,133.0,128.0
3861,242.0,136.0,135.0,136.0
3862,260.0,133.0,150.0,141.0
3863,263.0,221.0,143.0,155.0
3864,257.0,96.0,142.0,135.0
3865,256.0,120.0,134.0,144.0
3866,234.0,148.0,126.0,144.0
3867,281.0,113.0,164.0,173.0
3868,263.0,90.0,157.0,163.0
3869,233.0,90.0,124.0,129.0
3870,267.0,98.0,146.0,146.0
3871,265.0,108.0,151.0,151.0
3872,253.0,70.0,154.0,154.0
3873,274.0,116.0,154.0,155.0
3874,231.0,84.0,122.0,135.0
3875,227.0,165.0,120.0,136.0
3876,240.0,148.0,133.0,133.0
3877,238.0,82.0,138.0,130.0
3878,263.0,122.0,145.0,138.0
3879,257.0,130.0,139.0,144.0
3880,251.0,141.0,119.0,153.0
3881,237.0,83.0,131.0,134.0
3882,274.0,132.0,160.0,149.0
3883,242.0,141.0,138.0,133.0
3884,264.0,145.0,154.0,140.0
3885,237.0,99.0,130.0,119.0
3886,264.0,179.0,150.0,146.0
3887,264.0,113.0,139.0,138.0
3888,250.0,90.0,151.0,157.0
3889,243.0,103.0,134.0,138.0
3890,272.0,110.0,158.0,158.0
3891,266.0,105.0,158.0,148.0
3892,264.0,122.0,150.0,142.0
3893,220.0,125.0,114.0,130.0
3894,249.0,91.0,150.0,143.0
3895,231.0,97.0,128.0,135.0
3896,265.0,76.0,160.0,151.0
3897,240.0,122.0,140.0,131.0
3898,248.0,121.0,133.0,139.0
3899,246.0,204.0,140.0,138.0
3900,235.0,140.0,122.0,123.0
3901,241.0,143.0,136.0,135.0
3902,243.0,175.0,130.0,136.0
3903,235.0,86.0,138.0,130.0
3904,253.0,137.0,145.0,132.0
3905,268.0,103.0,156.0,146.0
3906,234.0,131.0,132.0,138.0
3907,236.0,173.0,125.0,141.0
3908,254.0,107.0,144.0,146.0
3909,251.0,107.0,145.0,139.0
3910,261.0,116.0,155.0,149.0
3911,237.0,128.0,128.0,132.0
3912,277.0,121.0,162.0,148.0
3913,246.0,207.0,125.0,135.0
3914,242.0,203.0,153.0,113.0
3915,241.0,89.0,132.0,124.0
3916,255.0,111.0,143.0,162.0
3917,254.0,124.0,162.0,126.0
3918,257.0,106.0,164.0,137.0
3919,247.0,94.0,137.0,131.0
3920,259.0,85.0,150.0,142.0
3921,237.0,81.0,139.0,133.0
3922,239.0,103.0,134.0,130.0
3923,244.0,99.0,146.0,138.0
3924,252.0,155.0,150.0,148.0
3925,242.0,97.0,129.0,143.0
3926,249.0,110.0,125.0,143.0
3927,245.0,178.0,148.0,141.0
3928,242.0,102.0,145.0,142.0
3929,240.0,79.0,145.0,140.0
3930,253.0,71.0,140.0,137.0
3931,246.0,127.0,141.0,129.0
3932,252.0,78.0,149.0,142.0
3933,246.0,109.0,131.0,141.0
3934,255.0,122.0,127.0,129.0
3935,242.0,162.0,153.0,128.0
3936,266.0,141.0,150.0,154.0
3937,265.0,184.0,158.0,142.0
3938,255.0,94.0,149.0,136.0
3939,245.0,108.0,144.0,144.0
3940,264.0,153.0,138.0,148.0
3941,266.0,128.0,152.0,146.0
3942,247.0,116.0,138.0,138.0
3943,251.0,203.0,137.0,146.0
3944,249.0,132.0,150.0,129.0
3945,245.0,136.0,138.0,142.0
3946,224.0,95.0,125.0,108.0
3947,249.0,129.0,154.0,119.0
3948,236.0,79.0,133.0,126.0
3949,252.0,138.0,143.0,139.0
3950,254.0,93.0,143.0,145.0
3951,242.0,188.0,158.0,125.0
3952,272.0,100.0,170.0,156.0
3953,262.0,107.0,159.0,154.0
3954,264.0,100.0,157.0,158.0
3955,251.0,125.0,128.0,140.0
3956,258.0,123.0,151.0,149.0
3957,256.0,117.0,152.0,129.0
3958,268.0,84.0,144.0,169.0
3959,239.0,137.0,136.0,141.0
3960,241.0,134.0,133.0,139.0
3961,237.0,59.0,133.0,135.0
3962,253.0,197.0,145.0,136.0
3963,262.0,145.0,150.0,132.0
3964,243.0,137.0,143.0,141.0
3965,241.0,113.0,145.0,145.0
3966,238.0,89.0,129.0,126.0
3967,237.0,112.0,127.0,134.0
3968,254.0,96.0,129.0,141.0
3969,242.0,90.0,128.0,132.0
3970,231.0,82.0,130.0,131.0
3971,232.0,80.0,141.0,134.0
3972,266.0,122.0,143.0,143.0
3973,250.0,124.0,139.0,155.0
3974,251.0,90.0,132.0,132.0
3975,261.0,113.0,143.0,142.0
3976,247.0,110.0,135.0,132.0
3977,245.0,153.0,139.0,135.0
3978,252.0,154.0,150.0,134.0
3979,267.0,129.0,168.0,138.0
3980,260.0,134.0,151.0,137.0
3981,253.0,37.0,135.0,149.0
3982,260.0,136.0,148.0,155.0
3983,266.0,170.0,139.0,149.0
3984,248.0,79.0,145.0,132.0
3985,257.0,106.0,131.0,140.0
3986,251.0,142.0,137.0,147.0
3987,240.0,133.0,147.0,128.0
3988,227.0,128.0,122.0,129.0
3989,245.0,129.0,143.0,132.0
3990,245.0,207.0,149.0,142.0
3991,238.0,200.0,131.0,145.0
3992,240.0,89.0,140.0,141.0
3993,269.0,107.0,143.0,151.0
3994,242.0,149.0,143.0,145.0
3995,258.0,153.0,152.0,140.0
3996,260.0,72.0,155.0,149.0
3997,252.0,99.0,138.0,131.0
3998,246.0,142.0,134.0,134.0
3999,255.0,115.0,147.0,156.0
4000,241.0,110.0,149.0,131.0
4001,271.0,131.0,158.0,152.0
4002,238.0,84.0,143.0,134.0
4003,249.0,95.0,146.0,148.0
4004,215.0,100.0,115.0,103.0
4005,248.0,81.0,148.0,145.0
4006,271.0,112.0,151.0,168.0
4007,250.0,136.0,145.0,150.0
4008,243.0,89.0,127.0,133.0
4009,248.0,80.0,139.0,139.0
4010,248.0,142.0,128.0,145.0
4011,258.0,146.0,147.0,143.0
4012,239.0,115.0,143.0,139.0
4013,255.0,111.0,139.0,140.0
4014,263.0,117.0,142.0,141.0
4015,256.0,94.0,145.0,145.0
4016,253.0,131.0,141.0,145.0
4017,255.0,109.0,132.0,147.0
4018,248.0,100.0,140.0,123.0
4019,259.0,97.0,150.0,142.0
4020,250.0,190.0,146.0,144.0
4021,242.0,80.0,125.0,140.0
4022,253.0,123.0,140.0,152.0
4023,246.0,236.0,132.0,152.0
4024,257.0,110.0,145.0,145.0
4025,264.0,97.0,150.0,160.0
4026,273.0,149.0,156.0,157.0
4027,255.0,127.0,159.0,136.0
4028,253.0,80.0,144.0,144.0
4029,235.0,127.0,144.0,124.0
4030,262.0,131.0,138.0,155.0
4031,251.0,109.0,135.0,145.0
4032,254.0,249.0,168.0,144.0
4033,286.0,145.0,173.0,169.0
4034,267.0,104.0,146.0,149.0
4035,276.0,128.0,160.0,155.0
4036,241.0,99.0,136.0,128.0
4037,231.0,71.0,141.0,129.0
4038,263.0,121.0,138.0,139.0
4039,246.0,142.0,139.0,128.0
4040,281.0,161.0,159.0,163.0
4041,263.0,233.0,146.0,143.0
4042,266.0,147.0,145.0,158.0
4043,232.0,104.0,141.0,132.0
4044,224.0,197.0,114.0,124.0
4045,260.0,233.0,140.0,147.0
4046,225.0,113.0,131.0,139.0
4047,234.0,89.0,129.0,133.0
4048,232.0,99.0,128.0,134.0
4049,250.0,153.0,123.0,125.0
4050,252.0,116.0,138.0,142.0
4051,273.0,99.0,140.0,142.0
4052,254.0,112.0,134.0,143.0
4053,237.0,121.0,140.0,111.0
4054,226.0,118.0,137.0,147.0
4055,253.0,118.0,132.0,163.0
4056,235.0,87.0,133.0,138.0
4057,252.0,96.0,145.0,131.0
4058,256.0,95.0,141.0,143.0
4059,261.0,140.0,141.0,134.0
4060,250.0,215.0,139.0,136.0
4061,255.0,125.0,144.0,145.0
4062,249.0,121.0,149.0,129.0
4063,244.0,105.0,147.0,123.0
4064,242.0,107.0,135.0,137.0
4065,220.0,112.0,98.0,110.0
4066,268.0,84.0,146.0,152.0
4067,233.0,106.0,125.0,128.0
4068,249.0,179.0,145.0,153.0
4069,266.0,103.0,167.0,148.0
4070,245.0,112.0,144.0,141.0
4071,258.0,138.0,138.0,160.0
4072,281.0,174.0,144.0,140.0
4073,273.0,178.0,169.0,142.0
4074,244.0,82.0,127.0,129.0
4075,233.0,78.0,113.0,137.0
4076,266.0,175.0,148.0,145.0
4077,221.0,95.0,114.0,113.0
4078,241.0,110.0,139.0,134.0
4079,255.0,83.0,139.0,148.0
4080,235.0,120.0,135.0,134.0
4081,258.0,116.0,148.0,122.0
4082,262.0,152.0,138.0,152.0
4083,232.0,102.0,126.0,132.0
4084,231.0,104.0,122.0,126.0
4085,235.0,118.0,128.0,130.0
4086,246.0,241.0,145.0,139.0
4087,264.0,124.0,133.0,153.0
4088,235.0,123.0,137.0,139.0
4089,230.0,102.0,124.0,137.0
4090,247.0,123.0,146.0,142.0
4091,229.0,59.0,131.0,119.0
4092,259.0,171.0,147.0,150.0
4093,231.0,107.0,134.0,129.0
4094,252.0,159.0,148.0,141.0
4095,257.0,100.0,142.0,138.0
4096,225.0,124.0,114.0,125.0
4097,246.0,104.0,148.0,124.0
4098,263.0,112.0,160.0,156.0
4099,254.0,107.0,141.0,136.0
4100,255.0,113.0,141.0,147.0
4101,250.0,88.0,142.0,145.0
4102,236.0,128.0,126.0,121.0
4103,223.0,97.0,119.0,125.0
4104,259.0,237.0,141.0,138.0
4105,243.0,138.0,124.0,143.0
4106,261.0,195.0,138.0,134.0
4107,251.0,101.0,129.0,129.0
4108,246.0,104.0,142.0,141.0
4109,245.0,123.0,124.0,136.0
4110,235.0,102.0,125.0,141.0
4111,248.0,96.0,146.0,137.0
4112,255.0,147.0,145.0,144.0
4113,270.0,149.0,148.0,145.0
4114,247.0,95.0,154.0,146.0
4115,251.0,160.0,133.0,139.0
4116,238.0,80.0,123.0,128.0
4117,266.0,144.0,141.0,149.0
4118,250.0,213.0,134.0,167.0
4119,267.0,142.0,156.0,147.0
4120,250.0,153.0,135.0,135.0
4121,231.0,109.0,133.0,125.0
4122,279.0,162.0,170.0,144.0
4123,252.0,152.0,141.0,138.0
4124,251.0,138.0,135.0,128.0
4125,265.0,115.0,156.0,134.0
4126,260.0,140.0,147.0,137.0
4127,232.0,202.0,123.0,142.0
4128,240.0,70.0,130.0,145.0
4129,238.0,95.0,146.0,131.0
4130,244.0,63.0,129.0,139.0
4131,255.0,85.0,144.0,150.0
4132,277.0,95.0,148.0,162.0
4133,258.0,136.0,150.0,136.0
4134,248.0,97.0,146.0,146.0
4135,260.0,97.0,124.0,150.0
4136,235.0,96.0,126.0,130.0
4137,257.0,89.0,144.0,140.0
4138,247.0,88.0,147.0,136.0
4139,250.0,111.0,146.0,137.0
4140,276.0,104.0,146.0,136.0
4141,245.0,119.0,136.0,146.0
4142,234.0,209.0,125.0,136.0
4143,249.0,131.0,150.0,149.0
4144,217.0,113.0,120.0,120.0
4145,247.0,159.0,155.0,139.0
4146,243.0,125.0,133.0,141.0
4147,250.0,67.0,120.0,162.0
4148,255.0,113.0,149.0,145.0
4149,249.0,97.0,139.0,129.0
4150,266.0,108.0,145.0,160.0
4151,260.0,133.0,154.0,154.0
4152,247.0,116.0,132.0,142.0
4153,244.0,238.0,131.0,148.0
4154,251.0,123.0,132.0,147.0
4155,247.0,223.0,129.0,134.0
4156,246.0,64.0,132.0,137.0
4157,255.0,86.0,152.0,147.0
4158,261.0,152.0,154.0,135.0
4159,282.0,116.0,158.0,152.0
4160,247.0,60.0,135.0,134.0
4161,245.0,84.0,156.0,139.0
4162,244.0,125.0,132.0,150.0
4163,230.0,105.0,125.0,126.0
4164,244.0,86.0,133.0,138.0
4165,228.0,136.0,125.0,135.0
4166,239.0,99.0,138.0,129.0
4167,233.0,61.0,129.0,127.0
4168,241.0,97.0,128.0,132.0
4169,255.0,63.0,144.0,149.0
4170,254.0,143.0,154.0,134.0
4171,251.0,143.0,135.0,151.0
4172,262.0,188.0,143.0,144.0
4173,252.0,122.0,130.0,136.0
4174,248.0,198.0,128.0,135.0
4175,275.0,115.0,161.0,149.0
4176,234.0,74.0,139.0,136.0
4177,240.0,115.0,139.0,130.0
4178,247.0,89.0,138.0,142.0
4179,263.0,134.0,165.0,143.0
4180,240.0,154.0,123.0,125.0
4181,268.0,107.0,147.0,152.0
4182,258.0,123.0,153.0,147.0
4183,239.0,186.0,148.0,140.0
4184,264.0,209.0,162.0,144.0
4185,253.0,102.0,133.0,137.0
4186,232.0,130.0,140.0,133.0
4187,248.0,103.0,134.0,146.0
4188,248.0,51.0,134.0,136.0
4189,243.0,151.0,125.0,133.0
4190,250.0,140.0,131.0,152.0
4191,255.0,87.0,148.0,151.0
4192,257.0,63.0,135.0,166.0
4193,250.0,91.0,169.0,143.0
4194,226.0,103.0,135.0,130.0
4195,246.0,159.0,142.0,150.0
4196,247.0,135.0,143.0,143.0
4197,243.0,110.0,129.0,133.0
4198,252.0,98.0,144.0,154.0
4199,286.0,187.0,153.0,153.0
4200,256.0,88.0,145.0,139.0
4201,243.0,82.0,142.0,119.0
4202,254.0,93.0,130.0,148.0
4203,255.0,97.0,145.0,134.0
4204,251.0,137.0,133.0,129.0
4205,254.0,197.0,145.0,146.0
4206,242.0,57.0,126.0,154.0
4207,244.0,89.0,131.0,138.0
4208,278.0,175.0,145.0,161.0
4209,267.0,123.0,153.0,163.0
4210,249.0,83.0,125.0,149.0
4211,250.0,66.0,152.0,148.0
4212,268.0,229.0,155.0,156.0
4213,285.0,164.0,159.0,156.0
4214,268.0,124.0,150.0,163.0
4215,252.0,136.0,145.0,145.0
4216,243.0,177.0,127.0,145.0
4217,256.0,121.0,150.0,144.0
4218,264.0,134.0,147.0,152.0
4219,236.0,148.0,136.0,131.0
4220,268.0,133.0,159.0,156.0
4221,251.0,107.0,135.0,142.0
4222,261.0,91.0,138.0,141.0
4223,226.0,107.0,126.0,122.0
4224,264.0,111.0,153.0,154.0
4225,257.0,122.0,148.0,132.0
4226,242.0,176.0,127.0,143.0
4227,247.0,95.0,162.0,142.0
4228,249.0,69.0,129.0,151.0
4229,244.0,155.0,135.0,130.0
4230,254.0,91.0,133.0,138.0
4231,243.0,112.0,130.0,138.0
4232,219.0,66.0,129.0,117.0
4233,271.0,157.0,143.0,148.0
4234,254.0,116.0,153.0,146.0
4235,238.0,94.0,136.0,134.0
4236,236.0,67.0,157.0,137.0
4237,280.0,150.0,154.0,156.0
4238,257.0,153.0,145.0,152.0
4239,249.0,97.0,126.0,144.0
4240,246.0,129.0,147.0,142.0
4241,243.0,219.0,145.0,146.0
4242,240.0,215.0,158.0,148.0
4243,254.0,121.0,136.0,137.0
4244,264.0,108.0,153.0,165.0
4245,231.0,101.0,127.0,136.0
4246,264.0,101.0,163.0,150.0
4247,255.0,74.0,148.0,139.0
4248,248.0,113.0,142.0,134.0
4249,212.0,101.0,112.0,115.0
4250,243.0,131.0,135.0,139.0
4251,260.0,84.0,144.0,157.0
4252,250.0,96.0,146.0,136.0
4253,254.0,145.0,142.0,150.0
4254,251.0,246.0,137.0,132.0
4255,239.0,98.0,135.0,132.0
4256,233.0,72.0,132.0,138.0
4257,238.0,110.0,137.0,134.0
4258,261.0,94.0,152.0,138.0
4259,256.0,104.0,134.0,146.0
4260,249.0,114.0,131.0,149.0
4261,238.0,116.0,135.0,140.0
4262,246.0,79.0,134.0,152.0
4263,234.0,145.0,125.0,133.0
4264,264.0,113.0,140.0,143.0
4265,243.0,136.0,139.0,151.0
4266,263.0,120.0,148.0,164.0
4267,237.0,184.0,129.0,135.0
4268,238.0,140.0,136.0,139.0
4269,243.0,118.0,140.0,140.0
4270,279.0,112.0,154.0,161.0
4271,259.0,140.0,147.0,149.0
4272,250.0,85.0,149.0,145.0
4273,263.0,73.0,141.0,154.0
4274,239.0,86.0,145.0,133.0
4275,230.0,120.0,119.0,126.0
4276,266.0,159.0,138.0,135.0
4277,243.0,101.0,129.0,133.0
4278,242.0,100.0,134.0,126.0
4279,252.0,156.0,147.0,145.0
4280,230.0,78.0,120.0,130.0
4281,237.0,85.0,134.0,124.0
4282,275.0,116.0,152.0,139.0
4283,249.0,112.0,130.0,146.0
4284,229.0,62.0,134.0,132.0
4285,224.0,199.0,115.0,117.0
4286,241.0,131.0,125.0,121.0
4287,252.0,118.0,138.0,139.0
4288,281.0,122.0,154.0,149.0
4289,264.0,120.0,145.0,143.0
4290,259.0,216.0,152.0,130.0
4291,228.0,127.0,135.0,119.0
4292,255.0,206.0,148.0,138.0
4293,243.0,80.0,138.0,133.0
4294,244.0,111.0,159.0,139.0
4295,263.0,112.0,135.0,146.0
4296,246.0,156.0,139.0,121.0
4297,247.0,106.0,130.0,152.0
4298,229.0,122.0,128.0,118.0
4299,253.0,152.0,143.0,153.0
4300,256.0,89.0,137.0,157.0
4301,293.0,120.0,183.0,146.0
4302,236.0,100.0,140.0,126.0
4303,247.0,74.0,138.0,137.0
4304,256.0,105.0,134.0,146.0
4305,262.0,114.0,157.0,142.0
4306,222.0,79.0,124.0,131.0
4307,255.0,188.0,136.0,144.0
4308,245.0,109.0,143.0,130.0
4309,263.0,81.0,138.0,161.0
4310,264.0,140.0,149.0,167.0
4311,243.0,96.0,125.0,125.0
4312,244.0,214.0,133.0,130.0
4313,249.0,87.0,136.0,137.0
4314,245.0,93.0,128.0,141.0
4315,274.0,44.0,164.0,153.0
4316,250.0,127.0,143.0,133.0
4317,254.0,126.0,144.0,151.0
4318,257.0,118.0,147.0,136.0
4319,252.0,225.0,162.0,131.0
4320,273.0,111.0,173.0,149.0
4321,240.0,95.0,133.0,138.0
4322,246.0,111.0,151.0,138.0
4323,245.0,166.0,132.0,134.0
4324,242.0,207.0,142.0,133.0
4325,247.0,91.0,143.0,139.0
4326,247.0,228.0,131.0,121.0
4327,221.0,131.0,126.0,128.0
4328,255.0,212.0,148.0,134.0
4329,258.0,88.0,136.0,145.0
4330,261.0,89.0,151.0,152.0
4331,256.0,67.0,148.0,146.0
4332,283.0,121.0,159.0,162.0
4333,256.0,162.0,154.0,141.0
4334,231.0,113.0,127.0,141.0
4335,264.0,124.0,159.0,150.0
4336,258.0,249.0,135.0,161.0
4337,240.0,104.0,146.0,130.0
4338,256.0,85.0,135.0,158.0
4339,267.0,217.0,164.0,138.0
4340,261.0,96.0,146.0,155.0
4341,234.0,90.0,141.0,131.0
4342,253.0,104.0,139.0,136.0
4343,249.0,169.0,140.0,141.0
4344,245.0,119.0,152.0,145.0
4345,221.0,87.0,124.0,127.0
4346,281.0,120.0,153.0,145.0
4347,270.0,106.0,140.0,160.0
4348,279.0,124.0,166.0,151.0
4349,258.0,213.0,146.0,143.0
4350,227.0,182.0,115.0,131.0
4351,226.0,103.0,141.0,122.0
4352,245.0,128.0,133.0,131.0
4353,237.0,81.0,136.0,121.0
4354,267.0,130.0,155.0,144.0
4355,258.0,81.0,137.0,147.0
4356,224.0,107.0,110.0,126.0
4357,233.0,152.0,131.0,116.0
4358,225.0,215.0,127.0,124.0
4359,250.0,148.0,144.0,146.0
4360,246.0,124.0,129.0,156.0
4361,261.0,112.0,157.0,139.0
4362,237.0,101.0,131.0,132.0
4363,274.0,96.0,154.0,152.0
4364,233.0,114.0,129.0,142.0
4365,268.0,134.0,163.0,170.0
4366,252.0,137.0,151.0,138.0
4367,235.0,125.0,132.0,118.0
4368,258.0,76.0,140.0,140.0
4369,252.0,114.0,135.0,141.0
4370,236.0,161.0,143.0,117.0
4371,266.0,92.0,152.0,157.0
4372,261.0,99.0,160.0,155.0
4373,252.0,70.0,145.0,134.0
4374,250.0,111.0,149.0,135.0
4375,246.0,128.0,133.0,149.0
4376,252.0,118.0,164.0,137.0
4377,231.0,64.0,124.0,119.0
4378,234.0,109.0,132.0,124.0
4379,253.0,220.0,143.0,140.0
4380,246.0,217.0,135.0,139.0
4381,273.0,143.0,131.0,142.0
4382,258.0,125.0,145.0,149.0
4383,262.0,170.0,150.0,154.0
4384,230.0,84.0,131.0,141.0
4385,257.0,121.0,145.0,144.0
4386,264.0,97.0,157.0,143.0
4387,213.0,56.0,127.0,115.0
4388,251.0,139.0,138.0,131.0
4389,244.0,80.0,146.0,134.0
4390,256.0,227.0,144.0,143.0
4391,254.0,136.0,134.0,132.0
4392,222.0,94.0,131.0,129.0
4393,261.0,121.0,143.0,144.0
4394,257.0,127.0,167.0,142.0
4395,232.0,81.0,137.0,132.0
4396,254.0,111.0,146.0,141.0
4397,230.0,227.0,134.0,137.0
4398,268.0,234.0,138.0,156.0
4399,245.0,210.0,134.0,131.0
4400,245.0,154.0,119.0,144.0
4401,245.0,107.0,145.0,136.0
4402,271.0,95.0,148.0,155.0
4403,230.0,114.0,123.0,127.0
4404,237.0,204.0,128.0,126.0
4405,248.0,81.0,130.0,152.0
4406,264.0,98.0,142.0,151.0
4407,249.0,85.0,135.0,135.0
4408,228.0,85.0,127.0,123.0
4409,229.0,66.0,123.0,138.0
4410,245.0,98.0,147.0,143.0
4411,260.0,231.0,150.0,150.0
4412,250.0,221.0,141.0,145.0
4413,252.0,74.0,143.0,139.0
4414,249.0,133.0,134.0,142.0
4415,244.0,119.0,140.0,126.0
4416,239.0,95.0,118.0,138.0
4417,275.0,207.0,146.0,151.0
4418,266.0,122.0,149.0,142.0
4419,260.0,159.0,153.0,140.0
4420,237.0,90.0,134.0,127.0
4421,271.0,143.0,151.0,154.0
4422,250.0,132.0,150.0,120.0
4423,235.0,123.0,131.0,145.0
4424,256.0,118.0,145.0,139.0
4425,238.0,155.0,134.0,141.0
4426,280.0,91.0,150.0,159.0
4427,227.0,196.0,131.0,125.0
4428,250.0,111.0,142.0,153.0
4429,243.0,92.0,128.0,131.0
4430,262.0,155.0,146.0,141.0
4431,268.0,108.0,160.0,160.0
4432,264.0,139.0,161.0,145.0
4433,260.0,107.0,144.0,136.0
4434,231.0,122.0,112.0,140.0
4435,251.0,94.0,123.0,141.0
4436,253.0,124.0,153.0,130.0
4437,267.0,85.0,137.0,151.0
4438,256.0,112.0,149.0,147.0
4439,245.0,145.0,137.0,146.0
4440,264.0,187.0,153.0,135.0
4441,269.0,151.0,149.0,151.0
4442,274.0,117.0,160.0,156.0
4443,250.0,103.0,130.0,122.0
4444,262.0,71.0,140.0,140.0
4445,242.0,108.0,148.0,144.0
4446,254.0,103.0,147.0,144.0
4447,247.0,138.0,141.0,132.0
4448,269.0,180.0,156.0,155.0
4449,264.0,89.0,137.0,153.0
4450,235.0,102.0,133.0,124.0
4451,265.0,72.0,150.0,150.0
4452,239.0,90.0,133.0,138.0
4453,263.0,216.0,151.0,158.0
4454,263.0,216.0,158.0,162.0
4455,232.0,162.0,131.0,134.0
4456,246.0,204.0,129.0,127.0
4457,242.0,121.0,142.0,128.0
4458,246.0,144.0,126.0,124.0
4459,255.0,100.0,148.0,147.0
4460,260.0,114.0,144.0,143.0
4461,257.0,91.0,150.0,150.0
4462,243.0,126.0,131.0,136.0
4463,252.0,77.0,145.0,145.0
4464,262.0,152.0,139.0,145.0
4465,264.0,190.0,145.0,160.0
4466,288.0,159.0,173.0,169.0
4467,240.0,93.0,125.0,145.0
4468,274.0,120.0,129.0,161.0
4469,240.0,99.0,140.0,140.0
4470,260.0,79.0,152.0,141.0
4471,248.0,144.0,138.0,128.0
4472,257.0,93.0,159.0,145.0
4473,257.0,170.0,152.0,140.0
4474,243.0,109.0,140.0,140.0
4475,235.0,92.0,140.0,141.0
4476,242.0,94.0,127.0,122.0
4477,265.0,133.0,152.0,153.0
4478,260.0,151.0,144.0,154.0
4479,249.0,146.0,154.0,140.0
4480,239.0,128.0,123.0,132.0
4481,251.0,111.0,157.0,128.0
4482,261.0,86.0,141.0,143.0
4483,260.0,83.0,153.0,131.0
4484,243.0,98.0,138.0,131.0
4485,253.0,97.0,153.0,148.0
4486,258.0,142.0,145.0,145.0
4487,238.0,72.0,129.0,129.0
4488,250.0,218.0,157.0,134.0
4489,268.0,105.0,133.0,146.0
4490,237.0,86.0,129.0,134.0
4491,248.0,83.0,143.0,151.0
4492,275.0,99.0,140.0,170.0
4493,235.0,125.0,145.0,126.0
4494,249.0,101.0,151.0,158.0
4495,268.0,128.0,155.0,150.0
4496,260.0,246.0,150.0,134.0
4497,223.0,107.0,117.0,127.0
4498,253.0,126.0,130.0,127.0
4499,249.0,139.0,139.0,143.0
4500,258.0,234.0,146.0,126.0
4501,252.0,158.0,125.0,127.0
4502,266.0,202.0,142.0,147.0
4503,237.0,117.0,125.0,142.0
4504,247.0,111.0,136.0,141.0
4505,232.0,84.0,135.0,133.0
4506,285.0,159.0,164.0,154.0
4507,251.0,95.0,162.0,150.0
4508,219.0,116.0,130.0,119.0
4509,273.0,58.0,167.0,146.0
4510,263.0,144.0,154.0,144.0
4511,250.0,81.0,139.0,150.0
4512,255.0,120.0,153.0,128.0
4513,240.0,196.0,133.0,139.0
4514,246.0,141.0,130.0,142.0
4515,229.0,87.0,119.0,121.0
4516,227.0,76.0,115.0,113.0
4517,242.0,123.0,137.0,137.0
4518,228.0,79.0,122.0,125.0
4519,249.0,85.0,141.0,137.0
4520,249.0,220.0,152.0,138.0
4521,263.0,118.0,149.0,158.0
4522,260.0,77.0,154.0,150.0
4523,248.0,114.0,159.0,144.0
4524,224.0,76.0,127.0,130.0
4525,247.0,119.0,142.0,136.0
4526,235.0,62.0,147.0,146.0
4527,267.0,131.0,148.0,157.0
4528,253.0,129.0,142.0,134.0
4529,255.0,85.0,134.0,148.0
4530,244.0,116.0,139.0,136.0
4531,270.0,71.0,153.0,162.0
4532,259.0,116.0,153.0,147.0
4533,256.0,227.0,135.0,136.0
4534,242.0,106.0,148.0,140.0
4535,277.0,122.0,153.0,157.0
4536,255.0,153.0,145.0,149.0
4537,247.0,93.0,153.0,137.0
4538,225.0,78.0,129.0,141.0
4539,250.0,139.0,141.0,132.0
4540,241.0,137.0,123.0,139.0
4541,250.0,220.0,141.0,137.0
4542,277.0,124.0,147.0,143.0
4543,248.0,94.0,129.0,138.0
4544,250.0,81.0,142.0,141.0
4545,266.0,128.0,145.0,167.0
4546,243.0,90.0,154.0,138.0
4547,254.0,126.0,139.0,130.0
4548,272.0,124.0,159.0,158.0
4549,227.0,122.0,132.0,118.0
4550,237.0,95.0,147.0,141.0
4551,261.0,98.0,150.0,135.0
4552,237.0,138.0,127.0,120.0
4553,241.0,108.0,131.0,134.0
4554,278.0,119.0,152.0,152.0
4555,249.0,118.0,159.0,136.0
4556,228.0,63.0,132.0,123.0
4557,239.0,150.0,142.0,146.0
4558,256.0,114.0,142.0,139.0
4559,251.0,141.0,133.0,136.0
4560,239.0,125.0,125.0,136.0
4561,247.0,110.0,151.0,138.0
4562,239.0,85.0,129.0,138.0
4563,244.0,204.0,128.0,127.0
4564,267.0,117.0,162.0,146.0
4565,246.0,89.0,128.0,141.0
4566,230.0,91.0,133.0,132.0
4567,272.0,135.0,154.0,163.0
4568,277.0,131.0,162.0,159.0
4569,242.0,213.0,145.0,139.0
4570,253.0,97.0,156.0,131.0
4571,254.0,114.0,141.0,127.0
4572,240.0,101.0,151.0,140.0
4573,236.0,126.0,141.0,133.0
4574,252.0,112.0,138.0,132.0
4575,231.0,123.0,118.0,115.0
4576,241.0,90.0,117.0,128.0
4577,217.0,144.0,122.0,124.0
4578,261.0,124.0,140.0,156.0
4579,262.0,121.0,130.0,145.0
4580,236.0,210.0,129.0,135.0
4581,253.0,227.0,139.0,146.0
4582,229.0,96.0,142.0,127.0
4583,248.0,82.0,131.0,144.0
4584,259.0,66.0,138.0,146.0
4585,250.0,80.0,155.0,148.0
4586,252.0,106.0,149.0,135.0
4587,241.0,152.0,134.0,137.0
4588,258.0,218.0,143.0,133.0
4589,267.0,110.0,140.0,145.0
4590,228.0,96.0,131.0,147.0
4591,245.0,209.0,148.0,146.0
4592,257.0,218.0,146.0,134.0
4593,236.0,57.0,132.0,135.0
4594,246.0,123.0,125.0,138.0
4595,243.0,118.0,131.0,149.0
4596,260.0,249.0,152.0,139.0
4597,249.0,115.0,140.0,145.0
4598,239.0,116.0,137.0,144.0
4599,245.0,103.0,129.0,136.0
4600,246.0,102.0,128.0,133.0
4601,253.0,126.0,137.0,127.0
4602,269.0,98.0,142.0,156.0
4603,242.0,73.0,146.0,138.0
4604,251.0,40.0,135.0,137.0
4605,244.0,81.0,132.0,135.0
4606,240.0,115.0,137.0,137.0
4607,245.0,125.0,128.0,137.0
4608,256.0,107.0,152.0,134.0
4609,251.0,90.0,134.0,125.0
4610,250.0,161.0,146.0,143.0
4611,260.0,95.0,138.0,142.0
4612,250.0,107.0,148.0,139.0
4613,265.0,168.0,144.0,148.0
4614,247.0,134.0,142.0,149.0
4615,211.0,98.0,108.0,119.0
4616,243.0,81.0,140.0,137.0
4617,263.0,139.0,144.0,149.0
4618,239.0,103.0,125.0,131.0
4619,246.0,121.0,142.0,137.0
4620,263.0,94.0,145.0,149.0
4621,260.0,93.0,134.0,150.0
4622,236.0,122.0,135.0,140.0
4623,241.0,208.0,126.0,137.0
4624,247.0,63.0,129.0,146.0
4625,259.0,222.0,157.0,141.0
4626,269.0,91.0,152.0,145.0
4627,244.0,121.0,139.0,128.0
4628,268.0,121.0,158.0,138.0
4629,240.0,93.0,121.0,124.0
4630,217.0,118.0,112.0,126.0
4631,239.0,78.0,137.0,134.0
4632,238.0,93.0,133.0,123.0
4633,269.0,105.0,154.0,140.0
4634,251.0,109.0,150.0,144.0
4635,256.0,124.0,149.0,141.0
4636,244.0,40.0,147.0,125.0
4637,244.0,122.0,141.0,136.0
4638,247.0,179.0,143.0,129.0
4639,235.0,100.0,121.0,127.0
4640,255.0,187.0,132.0,157.0
4641,240.0,139.0,126.0,139.0
4642,267.0,224.0,136.0,161.0
4643,245.0,116.0,135.0,134.0
4644,239.0,167.0,136.0,143.0
4645,244.0,125.0,138.0,129.0
4646,258.0,111.0,149.0,149.0
4647,240.0,101.0,139.0,147.0
4648,257.0,144.0,151.0,135.0
4649,232.0,172.0,125.0,130.0
4650,231.0,95.0,126.0,118.0
4651,253.0,117.0,144.0,136.0
4652,254.0,134.0,144.0,145.0
4653,247.0,155.0,132.0,140.0
4654,234.0,93.0,137.0,137.0
4655,246.0,244.0,134.0,136.0
4656,244.0,118.0,124.0,129.0
4657,235.0,117.0,119.0,136.0
4658,248.0,73.0,141.0,138.0
4659,255.0,103.0,133.0,144.0
4660,243.0,51.0,132.0,138.0
4661,256.0,113.0,147.0,154.0
4662,252.0,92.0,142.0,150.0
4663,251.0,121.0,131.0,141.0
4664,254.0,135.0,139.0,142.0
4665,232.0,150.0,137.0,131.0
4666,228.0,72.0,124.0,128.0
4667,246.0,103.0,135.0,143.0
4668,264.0,69.0,173.0,148.0
4669,258.0,149.0,159.0,134.0
4670,246.0,131.0,143.0,148.0
4671,246.0,97.0,131.0,143.0
4672,269.0,249.0,149.0,158.0
4673,236.0,216.0,126.0,135.0
4674,255.0,57.0,150.0,142.0
4675,236.0,113.0,133.0,122.0
4676,248.0,84.0,144.0,138.0
4677,254.0,94.0,156.0,155.0
4678,258.0,117.0,151.0,152.0
4679,248.0,90.0,131.0,142.0
4680,257.0,113.0,136.0,145.0
4681,261.0,95.0,142.0,132.0
4682,246.0,132.0,138.0,134.0
4683,271.0,102.0,155.0,162.0
4684,255.0,94.0,161.0,155.0
4685,233.0,88.0,144.0,124.0
4686,269.0,147.0,152.0,139.0
4687,261.0,98.0,153.0,133.0
4688,239.0,133.0,148.0,141.0
4689,245.0,112.0,136.0,116.0
4690,233.0,132.0,141.0,121.0
4691,271.0,114.0,155.0,163.0
4692,263.0,79.0,142.0,148.0
4693,264.0,237.0,149.0,147.0
4694,245.0,117.0,134.0,141.0
4695,267.0,112.0,148.0,153.0
4696,249.0,140.0,146.0,144.0
4697,264.0,125.0,143.0,147.0
4698,265.0,133.0,156.0,153.0
4699,254.0,112.0,143.0,141.0
4700,267.0,219.0,146.0,156.0
4701,253.0,205.0,154.0,141.0
4702,241.0,190.0,145.0,133.0
4703,233.0,97.0,131.0,130.0
4704,254.0,69.0,138.0,129.0
4705,229.0,114.0,127.0,141.0
4706,223.0,59.0,133.0,128.0
4707,238.0,118.0,135.0,144.0
4708,260.0,63.0,154.0,149.0
4709,236.0,142.0,136.0,141.0
4710,266.0,224.0,160.0,149.0
4711,242.0,99.0,142.0,136.0
4712,226.0,99.0,128.0,112.0
4713,243.0,104.0,148.0,140.0
4714,279.0,133.0,152.0,147.0
4715,265.0,111.0,171.0,127.0
4716,261.0,128.0,147.0,151.0
4717,242.0,207.0,137.0,140.0
4718,244.0,210.0,131.0,131.0
4719,254.0,103.0,135.0,131.0
4720,252.0,127.0,129.0,137.0
4721,246.0,80.0,133.0,131.0
4722,233.0,56.0,129.0,134.0
4723,241.0,94.0,138.0,154.0
4724,248.0,77.0,138.0,140.0
4725,254.0,133.0,135.0,137.0
4726,225.0,125.0,125.0,121.0
4727,237.0,129.0,133.0,135.0
4728,251.0,100.0,145.0,154.0
4729,228.0,95.0,132.0,114.0
4730,275.0,221.0,148.0,152.0
4731,269.0,127.0,156.0,150.0
4732,275.0,68.0,167.0,152.0
4733,241.0,125.0,153.0,147.0
4734,231.0,96.0,117.0,128.0
4735,232.0,98.0,128.0,129.0
4736,252.0,103.0,126.0,143.0
4737,265.0,117.0,151.0,147.0
4738,272.0,198.0,155.0,147.0
4739,260.0,176.0,153.0,147.0
4740,233.0,142.0,139.0,119.0
4741,265.0,130.0,138.0,156.0
4742,248.0,147.0,140.0,146.0
4743,229.0,68.0,123.0,137.0
4744,265.0,258.0,149.0,154.0
4745,242.0,120.0,136.0,137.0
4746,228.0,100.0,127.0,138.0
4747,254.0,105.0,146.0,145.0
4748,258.0,130.0,164.0,144.0
4749,244.0,103.0,131.0,123.0
4750,266.0,131.0,131.0,152.0
4751,256.0,114.0,149.0,150.0
4752,258.0,247.0,147.0,141.0
4753,277.0,127.0,153.0,164.0
4754,245.0,97.0,141.0,125.0
4755,244.0,87.0,133.0,140.0
4756,244.0,213.0,147.0,140.0
4757,243.0,63.0,136.0,141.0
4758,250.0,100.0,141.0,138.0
4759,213.0,79.0,130.0,127.0
4760,238.0,70.0,141.0,122.0
4761,235.0,128.0,108.0,135.0
4762,233.0,109.0,145.0,130.0
4763,262.0,127.0,142.0,139.0
4764,260.0,123.0,142.0,148.0
4765,251.0,130.0,137.0,146.0
4766,279.0,236.0,153.0,157.0
4767,254.0,101.0,142.0,152.0
4768,250.0,117.0,130.0,138.0
4769,265.0,146.0,142.0,136.0
4770,233.0,108.0,123.0,128.0
4771,263.0,160.0,158.0,145.0
4772,261.0,146.0,146.0,140.0
4773,249.0,113.0,134.0,136.0
4774,247.0,167.0,129.0,126.0
4775,260.0,129.0,141.0,132.0
4776,276.0,141.0,154.0,161.0
4777,244.0,87.0,132.0,141.0
4778,244.0,119.0,129.0,140.0
4779,271.0,184.0,137.0,145.0
4780,271.0,120.0,146.0,140.0
4781,283.0,157.0,166.0,150.0
4782,254.0,128.0,140.0,149.0
4783,248.0,118.0,138.0,124.0
4784,279.0,177.0,154.0,153.0
4785,232.0,103.0,112.0,129.0
4786,256.0,77.0,141.0,139.0
4787,250.0,111.0,150.0,131.0
4788,258.0,58.0,142.0,137.0
4789,243.0,213.0,138.0,142.0
4790,250.0,106.0,148.0,149.0
4791,246.0,191.0,137.0,148.0
4792,258.0,92.0,138.0,146.0
4793,249.0,146.0,136.0,140.0
4794,232.0,132.0,138.0,138.0
4795,246.0,137.0,139.0,121.0
4796,224.0,153.0,125.0,121.0
4797,246.0,72.0,140.0,129.0
4798,245.0,92.0,138.0,131.0
4799,252.0,106.0,125.0,152.0
4800,248.0,152.0,145.0,124.0
4801,260.0,129.0,140.0,151.0
4802,259.0,119.0,149.0,144.0
4803,237.0,110.0,134.0,130.0
4804,262.0,103.0,142.0,153.0
4805,234.0,77.0,128.0,136.0
4806,240.0,75.0,146.0,132.0
4807,267.0,96.0,151.0,154.0
4808,238.0,76.0,127.0,125.0
4809,248.0,105.0,145.0,145.0
4810,249.0,116.0,134.0,136.0
4811,235.0,114.0,140.0,129.0
4812,258.0,73.0,144.0,146.0
4813,263.0,94.0,154.0,165.0
4814,259.0,80.0,148.0,142.0
4815,262.0,136.0,145.0,149.0
4816,236.0,127.0,122.0,146.0
4817,241.0,108.0,130.0,147.0
4818,243.0,127.0,143.0,137.0
4819,270.0,117.0,159.0,154.0
4820,278.0,108.0,170.0,162.0
4821,255.0,166.0,142.0,148.0
4822,266.0,151.0,127.0,162.0
4823,228.0,119.0,130.0,131.0
4824,245.0,101.0,142.0,137.0
4825,247.0,125.0,137.0,133.0
4826,270.0,141.0,156.0,164.0
4827,238.0,107.0,137.0,139.0
4828,243.0,163.0,118.0,134.0
4829,237.0,154.0,129.0,133.0
4830,255.0,90.0,142.0,144.0
4831,237.0,73.0,139.0,138.0
4832,241.0,84.0,139.0,145.0
4833,258.0,114.0,146.0,134.0
4834,238.0,138.0,129.0,145.0
4835,252.0,175.0,146.0,144.0
4836,282.0,117.0,145.0,161.0
4837,249.0,107.0,149.0,130.0
4838,247.0,129.0,133.0,144.0
4839,251.0,169.0,140.0,159.0
4840,256.0,91.0,160.0,143.0
4841,255.0,111.0,154.0,142.0
4842,255.0,115.0,140.0,156.0
4843,256.0,91.0,152.0,149.0
4844,250.0,216.0,151.0,123.0
4845,262.0,151.0,141.0,155.0
4846,242.0,80.0,133.0,130.0
4847,243.0,129.0,148.0,127.0
4848,263.0,154.0,154.0,144.0
4849,222.0,117.0,116.0,126.0
4850,269.0,257.0,163.0,152.0
4851,223.0,190.0,108.0,116.0
4852,227.0,194.0,133.0,131.0
4853,236.0,200.0,141.0,139.0
4854,262.0,226.0,142.0,145.0
4855,243.0,117.0,123.0,133.0
4856,248.0,81.0,126.0,131.0
4857,240.0,109.0,139.0,141.0
4858,269.0,77.0,160.0,142.0
4859,248.0,118.0,140.0,134.0
4860,238.0,127.0,148.0,127.0
4861,269.0,89.0,146.0,154.0
4862,229.0,116.0,134.0,143.0
4863,236.0,160.0,126.0,152.0
4864,265.0,93.0,157.0,140.0
4865,265.0,131.0,156.0,136.0
4866,246.0,150.0,132.0,139.0
4867,254.0,110.0,145.0,142.0
4868,244.0,219.0,139.0,131.0
4869,239.0,143.0,132.0,140.0
4870,258.0,140.0,149.0,142.0
4871,247.0,96.0,140.0,141.0
4872,252.0,93.0,155.0,150.0
4873,234.0,68.0,135.0,134.0
4874,246.0,122.0,144.0,137.0
4875,244.0,142.0,150.0,132.0
4876,245.0,100.0,155.0,144.0
4877,237.0,231.0,135.0,132.0
4878,254.0,120.0,139.0,127.0
4879,260.0,233.0,160.0,156.0
4880,226.0,199.0,134.0,127.0
4881,215.0,97.0,126.0,112.0
4882,266.0,89.0,143.0,150.0
4883,254.0,108.0,146.0,124.0
4884,232.0,132.0,130.0,130.0
4885,238.0,121.0,127.0,128.0
4886,231.0,124.0,125.0,129.0
4887,268.0,72.0,153.0,157.0
4888,249.0,118.0,146.0,147.0
4889,254.0,171.0,135.0,144.0
4890,256.0,110.0,156.0,146.0
4891,222.0,63.0,126.0,123.0
4892,258.0,150.0,131.0,145.0
4893,265.0,110.0,145.0,145.0
4894,268.0,137.0,143.0,149.0
4895,252.0,185.0,144.0,152.0
4896,246.0,118.0,124.0,132.0
4897,265.0,106.0,156.0,159.0
4898,228.0,74.0,137.0,120.0
4899,248.0,143.0,143.0,137.0
4900,271.0,126.0,140.0,157.0
4901,235.0,86.0,130.0,131.0
4902,275.0,108.0,159.0,157.0
4903,231.0,141.0,125.0,126.0
4904,249.0,92.0,139.0,155.0
4905,243.0,123.0,141.0,139.0
4906,218.0,69.0,126.0,115.0
4907,243.0,101.0,135.0,148.0
4908,244.0,89.0,135.0,122.0
4909,264.0,98.0,150.0,138.0
4910,244.0,85.0,131.0,138.0
4911,231.0,137.0,125.0,126.0
4912,253.0,112.0,131.0,157.0
4913,255.0,80.0,139.0,133.0
4914,264.0,144.0,155.0,147.0
4915,245.0,130.0,128.0,132.0
4916,264.0,136.0,155.0,152.0
4917,269.0,112.0,144.0,145.0
4918,248.0,72.0,143.0,152.0
4919,230.0,191.0,128.0,137.0
4920,256.0,225.0,140.0,149.0
4921,230.0,100.0,130.0,130.0
4922,237.0,113.0,128.0,141.0
4923,261.0,137.0,150.0,151.0
4924,256.0,170.0,141.0,146.0
4925,253.0,153.0,142.0,138.0
4926,238.0,100.0,137.0,139.0
4927,259.0,70.0,152.0,150.0
4928,243.0,234.0,141.0,142.0
4929,253.0,124.0,134.0,137.0
4930,263.0,131.0,144.0,141.0
4931,256.0,96.0,130.0,151.0
4932,248.0,93.0,123.0,125.0
4933,242.0,127.0,134.0,139.0
4934,257.0,159.0,152.0,149.0
4935,254.0,106.0,138.0,147.0
4936,223.0,98.0,125.0,124.0
4937,250.0,103.0,144.0,153.0
4938,228.0,85.0,125.0,136.0
4939,263.0,91.0,142.0,161.0
4940,241.0,138.0,126.0,137.0
4941,233.0,95.0,128.0,127.0
4942,233.0,183.0,135.0,134.0
4943,229.0,134.0,127.0,127.0
4944,242.0,116.0,142.0,134.0
4945,246.0,151.0,147.0,142.0
4946,273.0,81.0,139.0,162.0
4947,236.0,192.0,126.0,135.0
4948,249.0,77.0,139.0,136.0
4949,258.0,224.0,146.0,152.0
4950,282.0,97.0,149.0,171.0
4951,249.0,114.0,131.0,143.0
4952,248.0,98.0,132.0,140.0
4953,251.0,246.0,153.0,140.0
4954,270.0,95.0,156.0,156.0
4955,245.0,236.0,139.0,134.0
4956,237.0,75.0,135.0,142.0
4957,263.0,90.0,147.0,156.0
4958,241.0,129.0,134.0,129.0
4959,265.0,140.0,136.0,155.0
4960,221.0,93.0,131.0,126.0
4961,241.0,103.0,138.0,133.0
4962,253.0,140.0,148.0,147.0
4963,264.0,86.0,150.0,150.0
4964,251.0,217.0,129.0,134.0
4965,258.0,112.0,158.0,142.0
4966,256.0,115.0,142.0,142.0
4967,221.0,82.0,131.0,113.0
4968,260.0,123.0,149.0,141.0
4969,251.0,109.0,141.0,147.0
4970,253.0,96.0,134.0,144.0
4971,240.0,121.0,129.0,134.0
4972,243.0,105.0,129.0,147.0
4973,246.0,113.0,148.0,142.0
4974,247.0,100.0,143.0,136.0
4975,267.0,110.0,162.0,167.0
4976,265.0,85.0,152.0,143.0
4977,268.0,85.0,151.0,156.0
4978,265.0,142.0,150.0,149.0
4979,258.0,200.0,139.0,145.0
4980,263.0,114.0,146.0,158.0
4981,251.0,119.0,139.0,127.0
4982,254.0,85.0,151.0,129.0
4983,258.0,84.0,128.0,162.0
4984,256.0,127.0,143.0,145.0
4985,260.0,103.0,145.0,132.0
4986,263.0,141.0,148.0,151.0
4987,252.0,99.0,137.0,123.0
4988,250.0,65.0,142.0,150.0
4989,265.0,70.0,152.0,146.0
4990,249.0,106.0,133.0,140.0
4991,238.0,88.0,126.0,148.0
4992,244.0,221.0,144.0,147.0
4993,261.0,70.0,145.0,164.0
4994,260.0,137.0,147.0,143.0
4995,230.0,134.0,124.0,131.0
4996,254.0,133.0,139.0,133.0
4997,226.0,205.0,147.0,128.0
4998,267.0,89.0,133.0,142.0
4999,248.0,111.0,131.0,133.0
5000,259.0,191.0,149.0,160.0
5001,256.0,105.0,137.0,152.0
5002,229.0,206.0,124.0,143.0
5003,260.0,102.0,139.0,155.0
5004,267.0,157.0,160.0,144.0
5005,235.0,123.0,142.0,131.0
5006,250.0,89.0,138.0,139.0
5007,248.0,116.0,138.0,145.0
5008,235.0,104.0,136.0,140.0
5009,243.0,118.0,146.0,150.0
5010,234.0,148.0,127.0,123.0
5011,245.0,112.0,132.0,137.0
5012,237.0,134.0,141.0,126.0
5013,241.0,80.0,147.0,125.0
5014,249.0,51.0,139.0,136.0
5015,239.0,135.0,139.0,138.0
5016,244.0,133.0,145.0,129.0
5017,228.0,143.0,133.0,131.0
5018,247.0,117.0,136.0,167.0
5019,243.0,100.0,134.0,147.0
5020,252.0,129.0,138.0,131.0
5021,258.0,221.0,135.0,147.0
5022,230.0,80.0,124.0,120.0
5023,227.0,116.0,119.0,116.0
5024,248.0,159.0,133.0,150.0
5025,237.0,107.0,133.0,126.0
5026,265.0,158.0,140.0,133.0
5027,248.0,80.0,136.0,142.0
5028,248.0,138.0,139.0,126.0
5029,244.0,82.0,141.0,143.0
5030,251.0,130.0,135.0,150.0
5031,248.0,91.0,140.0,150.0
5032,240.0,147.0,138.0,143.0
5033,280.0,126.0,156.0,154.0
5034,248.0,117.0,134.0,152.0
5035,249.0,70.0,148.0,142.0
5036,248.0,109.0,151.0,125.0
5037,239.0,121.0,138.0,142.0
5038,244.0,109.0,150.0,136.0
5039,232.0,228.0,120.0,132.0
5040,260.0,167.0,130.0,144.0
5041,226.0,94.0,122.0,126.0
5042,265.0,143.0,146.0,144.0
5043,279.0,118.0,145.0,158.0
5044,254.0,128.0,142.0,134.0
5045,254.0,119.0,147.0,146.0
5046,248.0,125.0,149.0,134.0
5047,253.0,106.0,135.0,136.0
5048,235.0,96.0,125.0,147.0
5049,253.0,145.0,150.0,141.0
5050,263.0,100.0,161.0,146.0
5051,272.0,202.0,150.0,153.0
5052,229.0,201.0,140.0,142.0
5053,252.0,69.0,143.0,138.0
5054,242.0,108.0,127.0,122.0
5055,257.0,256.0,141.0,154.0
5056,236.0,199.0,122.0,126.0
5057,245.0,136.0,146.0,144.0
5058,254.0,104.0,153.0,149.0
5059,256.0,214.0,144.0,144.0
5060,262.0,87.0,140.0,149.0
5061,247.0,104.0,131.0,144.0
5062,253.0,115.0,141.0,137.0
5063,255.0,123.0,144.0,145.0
5064,257.0,102.0,148.0,150.0
5065,226.0,91.0,146.0,134.0
5066,251.0,130.0,155.0,147.0
5067,262.0,170.0,157.0,149.0
5068,230.0,95.0,130.0,139.0
5069,257.0,89.0,140.0,134.0
5070,256.0,91.0,154.0,141.0
5071,271.0,73.0,159.0,166.0
5072,254.0,140.0,142.0,138.0
5073,265.0,112.0,149.0,144.0
5074,228.0,96.0,115.0,133.0
5075,263.0,149.0,158.0,144.0
5076,255.0,109.0,146.0,139.0
5077,236.0,117.0,131.0,128.0
5078,254.0,105.0,161.0,139.0
5079,266.0,88.0,156.0,135.0
5080,232.0,225.0,120.0,134.0
5081,267.0,107.0,159.0,141.0
5082,270.0,150.0,144.0,151.0
5083,236.0,76.0,137.0,139.0
5084,247.0,83.0,134.0,151.0
5085,252.0,107.0,143.0,129.0
5086,250.0,110.0,145.0,139.0
5087,241.0,88.0,146.0,136.0
5088,241.0,97.0,141.0,119.0
5089,253.0,92.0,144.0,137.0
5090,260.0,107.0,140.0,149.0
5091,241.0,201.0,132.0,141.0
5092,264.0,81.0,142.0,141.0
5093,229.0,92.0,131.0,122.0
5094,245.0,47.0,137.0,125.0
5095,235.0,166.0,130.0,141.0
5096,238.0,104.0,135.0,148.0
5097,221.0,126.0,113.0,138.0
5098,246.0,74.0,126.0,139.0
5099,242.0,140.0,144.0,139.0
5100,254.0,125.0,149.0,126.0
5101,235.0,84.0,132.0,136.0
5102,251.0,96.0,133.0,123.0
5103,239.0,201.0,131.0,134.0
5104,248.0,108.0,120.0,141.0
5105,255.0,114.0,141.0,148.0
5106,254.0,138.0,140.0,147.0
5107,247.0,119.0,140.0,144.0
5108,251.0,96.0,144.0,152.0
5109,264.0,114.0,130.0,148.0
5110,247.0,121.0,139.0,151.0
5111,257.0,129.0,142.0,145.0
5112,254.0,115.0,124.0,139.0
5113,234.0,90.0,140.0,145.0
5114,249.0,126.0,147.0,150.0
5115,240.0,43.0,137.0,133.0
5116,245.0,101.0,143.0,147.0
5117,260.0,93.0,152.0,136.0
5118,250.0,74.0,140.0,143.0
5119,235.0,107.0,137.0,133.0
5120,245.0,91.0,139.0,134.0
5121,243.0,62.0,135.0,123.0
5122,238.0,99.0,116.0,133.0
5123,262.0,212.0,164.0,127.0
5124,251.0,144.0,137.0,126.0
5125,231.0,86.0,135.0,128.0
5126,245.0,106.0,145.0,140.0
5127,244.0,69.0,132.0,132.0
5128,251.0,159.0,134.0,136.0
5129,232.0,73.0,132.0,124.0
5130,244.0,117.0,130.0,145.0
5131,297.0,150.0,162.0,168.0
5132,242.0,137.0,145.0,134.0
5133,233.0,150.0,141.0,134.0
5134,269.0,113.0,145.0,154.0
5135,236.0,168.0,136.0,137.0
5136,241.0,123.0,128.0,134.0
5137,260.0,88.0,156.0,144.0
5138,266.0,200.0,149.0,165.0
5139,252.0,100.0,143.0,137.0
5140,260.0,107.0,148.0,151.0
5141,251.0,80.0,147.0,137.0
5142,253.0,211.0,148.0,144.0
5143,250.0,88.0,144.0,136.0
5144,267.0,143.0,148.0,144.0
5145,271.0,133.0,152.0,147.0
5146,261.0,211.0,150.0,155.0
5147,258.0,208.0,143.0,149.0
5148,242.0,137.0,124.0,135.0
5149,240.0,120.0,142.0,124.0
5150,243.0,135.0,134.0,134.0
5151,225.0,87.0,127.0,118.0
5152,245.0,91.0,157.0,130.0
5153,250.0,117.0,145.0,132.0
5154,223.0,77.0,131.0,121.0
5155,263.0,132.0,144.0,148.0
5156,244.0,98.0,153.0,129.0
5157,247.0,128.0,144.0,129.0
5158,237.0,115.0,141.0,120.0
5159,293.0,105.0,167.0,160.0
5160,233.0,149.0,141.0,124.0
5161,258.0,120.0,147.0,150.0
5162,252.0,124.0,137.0,146.0
5163,260.0,113.0,147.0,141.0
5164,260.0,137.0,135.0,142.0
5165,254.0,119.0,141.0,136.0
5166,261.0,152.0,135.0,135.0
5167,253.0,127.0,134.0,137.0
5168,233.0,115.0,143.0,122.0
5169,256.0,97.0,144.0,143.0
5170,250.0,61.0,143.0,144.0
5171,257.0,191.0,155.0,151.0
5172,221.0,134.0,134.0,123.0
5173,250.0,113.0,145.0,144.0
5174,268.0,139.0,144.0,152.0
5175,252.0,88.0,148.0,145.0
5176,238.0,77.0,144.0,137.0
5177,244.0,119.0,146.0,137.0
5178,274.0,174.0,146.0,160.0
5179,251.0,93.0,136.0,139.0
5180,246.0,120.0,145.0,148.0
5181,242.0,76.0,135.0,133.0
5182,234.0,84.0,119.0,122.0
5183,219.0,96.0,122.0,122.0
5184,239.0,69.0,127.0,134.0
5185,256.0,112.0,145.0,145.0
5186,267.0,113.0,144.0,139.0
5187,243.0,107.0,130.0,141.0
5188,264.0,84.0,150.0,142.0
5189,221.0,180.0,126.0,127.0
5190,256.0,97.0,143.0,154.0
5191,267.0,214.0,141.0,145.0
5192,261.0,208.0,152.0,138.0
5193,244.0,115.0,135.0,128.0
5194,247.0,114.0,145.0,139.0
5195,230.0,141.0,133.0,132.0
5196,238.0,68.0,151.0,128.0
5197,257.0,119.0,164.0,147.0
5198,276.0,144.0,139.0,160.0
5199,257.0,134.0,143.0,150.0
5200,249.0,146.0,148.0,156.0
5201,256.0,132.0,143.0,147.0
5202,217.0,76.0,112.0,128.0
5203,268.0,143.0,162.0,136.0
5204,261.0,87.0,150.0,144.0
5205,260.0,54.0,136.0,145.0
5206,254.0,134.0,128.0,126.0
5207,241.0,91.0,133.0,131.0
5208,261.0,96.0,135.0,156.0
5209,251.0,96.0,129.0,140.0
5210,230.0,113.0,119.0,132.0
5211,243.0,130.0,138.0,147.0
5212,236.0,132.0,126.0,144.0
5213,261.0,133.0,136.0,157.0
5214,241.0,165.0,141.0,141.0
5215,272.0,86.0,142.0,140.0
5216,250.0,91.0,138.0,152.0
5217,231.0,116.0,141.0,123.0
5218,242.0,175.0,136.0,131.0
5219,251.0,142.0,131.0,143.0
5220,261.0,136.0,154.0,149.0
5221,261.0,99.0,145.0,132.0
5222,245.0,81.0,131.0,136.0
5223,273.0,103.0,155.0,147.0
5224,230.0,87.0,119.0,127.0
5225,254.0,100.0,131.0,134.0
5226,254.0,145.0,150.0,133.0
5227,238.0,143.0,114.0,130.0
5228,251.0,57.0,150.0,138.0
5229,234.0,206.0,127.0,128.0
5230,270.0,116.0,161.0,150.0
5231,238.0,72.0,135.0,127.0
5232,275.0,90.0,160.0,154.0
5233,265.0,95.0,142.0,147.0
5234,251.0,232.0,138.0,144.0
5235,234.0,99.0,130.0,146.0
5236,243.0,102.0,140.0,132.0
5237,253.0,99.0,148.0,145.0
5238,250.0,72.0,139.0,152.0
5239,259.0,101.0,146.0,152.0
5240,255.0,134.0,138.0,143.0
5241,243.0,119.0,132.0,137.0
5242,233.0,108.0,133.0,120.0
5243,255.0,144.0,130.0,143.0
5244,251.0,105.0,144.0,150.0
5245,265.0,93.0,148.0,141.0
5246,235.0,128.0,131.0,139.0
5247,257.0,108.0,157.0,148.0
5248,236.0,96.0,132.0,131.0
5249,249.0,124.0,137.0,141.0
5250,244.0,103.0,152.0,136.0
5251,273.0,112.0,152.0,150.0
5252,244.0,97.0,144.0,142.0
5253,242.0,90.0,130.0,130.0
5254,236.0,78.0,125.0,125.0
5255,234.0,69.0,139.0,135.0
5256,256.0,117.0,155.0,137.0
5257,243.0,124.0,140.0,148.0
5258,207.0,180.0,123.0,114.0
5259,232.0,117.0,119.0,129.0
5260,249.0,92.0,147.0,134.0
5261,242.0,97.0,144.0,145.0
5262,238.0,75.0,136.0,148.0
5263,246.0,117.0,139.0,134.0
5264,250.0,85.0,129.0,142.0
5265,242.0,100.0,125.0,139.0
5266,240.0,89.0,134.0,137.0
5267,248.0,107.0,130.0,125.0
5268,243.0,116.0,137.0,134.0
5269,252.0,105.0,141.0,135.0
5270,233.0,120.0,121.0,126.0
5271,260.0,135.0,154.0,151.0
5272,266.0,235.0,141.0,143.0
5273,236.0,173.0,135.0,134.0
5274,250.0,141.0,144.0,146.0
5275,248.0,115.0,141.0,148.0
5276,248.0,90.0,143.0,134.0
5277,244.0,228.0,143.0,149.0
5278,237.0,123.0,127.0,150.0
5279,246.0,162.0,143.0,125.0
5280,274.0,93.0,151.0,142.0
5281,255.0,115.0,145.0,138.0
5282,247.0,79.0,141.0,132.0
5283,260.0,132.0,142.0,153.0
5284,257.0,137.0,127.0,145.0
5285,260.0,144.0,146.0,142.0
5286,269.0,116.0,139.0,155.0
5287,239.0,206.0,147.0,133.0
5288,249.0,85.0,151.0,147.0
5289,247.0,79.0,142.0,135.0
5290,248.0,50.0,138.0,155.0
5291,237.0,114.0,141.0,130.0
5292,258.0,139.0,154.0,127.0
5293,264.0,117.0,146.0,160.0
5294,231.0,74.0,134.0,129.0
5295,261.0,138.0,155.0,154.0
5296,249.0,144.0,151.0,145.0
5297,230.0,120.0,130.0,134.0
5298,241.0,106.0,136.0,130.0
5299,246.0,212.0,134.0,137.0
5300,255.0,221.0,129.0,138.0
5301,246.0,108.0,142.0,135.0
5302,228.0,103.0,129.0,122.0
5303,251.0,227.0,137.0,151.0
5304,249.0,225.0,132.0,155.0
5305,237.0,89.0,138.0,141.0
5306,269.0,150.0,163.0,158.0
5307,232.0,142.0,138.0,124.0
5308,238.0,135.0,127.0,122.0
5309,259.0,95.0,149.0,145.0
5310,245.0,109.0,135.0,136.0
5311,234.0,86.0,128.0,137.0
5312,259.0,147.0,128.0,158.0
5313,247.0,148.0,142.0,129.0
5314,278.0,165.0,142.0,170.0
5315,251.0,94.0,153.0,138.0
5316,236.0,122.0,123.0,118.0
5317,227.0,192.0,113.0,141.0
5318,241.0,206.0,135.0,140.0
5319,254.0,125.0,149.0,138.0
5320,239.0,98.0,131.0,135.0
5321,250.0,133.0,154.0,139.0
5322,234.0,72.0,126.0,136.0
5323,255.0,122.0,144.0,149.0
5324,264.0,146.0,136.0,133.0
5325,244.0,82.0,151.0,143.0
5326,254.0,121.0,156.0,149.0
5327,244.0,130.0,138.0,131.0
5328,263.0,164.0,145.0,139.0
5329,242.0,107.0,126.0,134.0
5330,250.0,72.0,149.0,139.0
5331,247.0,135.0,142.0,135.0
5332,256.0,91.0,137.0,138.0
5333,231.0,135.0,127.0,120.0
5334,250.0,75.0,145.0,131.0
5335,249.0,103.0,133.0,137.0
5336,229.0,121.0,124.0,137.0
5337,242.0,105.0,137.0,133.0
5338,258.0,100.0,135.0,146.0
5339,247.0,109.0,142.0,124.0
5340,255.0,98.0,146.0,139.0
5341,234.0,88.0,132.0,122.0
5342,228.0,72.0,113.0,135.0
5343,254.0,145.0,146.0,148.0
5344,247.0,114.0,150.0,150.0
5345,271.0,216.0,155.0,149.0
5346,243.0,118.0,131.0,134.0
5347,248.0,97.0,146.0,150.0
5348,234.0,110.0,115.0,134.0
5349,240.0,140.0,138.0,135.0
5350,267.0,123.0,148.0,142.0
5351,257.0,82.0,147.0,142.0
5352,251.0,115.0,145.0,146.0
5353,269.0,107.0,163.0,158.0
5354,248.0,77.0,139.0,144.0
5355,257.0,89.0,142.0,150.0
5356,248.0,65.0,136.0,142.0
5357,271.0,79.0,140.0,135.0
5358,249.0,106.0,139.0,134.0
5359,254.0,137.0,143.0,127.0
5360,229.0,117.0,132.0,136.0
5361,262.0,106.0,152.0,149.0
5362,252.0,92.0,141.0,153.0
5363,258.0,145.0,142.0,151.0
5364,249.0,130.0,138.0,149.0
5365,251.0,140.0,140.0,144.0
5366,227.0,89.0,124.0,117.0
5367,247.0,105.0,147.0,127.0
5368,254.0,125.0,140.0,145.0
5369,238.0,128.0,143.0,136.0
5370,246.0,144.0,138.0,139.0
5371,265.0,125.0,138.0,135.0
5372,270.0,129.0,153.0,148.0
5373,261.0,109.0,143.0,159.0
5374,223.0,83.0,125.0,123.0
5375,250.0,99.0,137.0,136.0
5376,258.0,86.0,149.0,131.0
5377,242.0,97.0,143.0,134.0
5378,263.0,112.0,139.0,150.0
5379,253.0,116.0,149.0,150.0
5380,255.0,100.0,132.0,149.0
5381,254.0,138.0,136.0,138.0
5382,249.0,95.0,138.0,133.0
5383,237.0,108.0,139.0,132.0
5384,259.0,116.0,143.0,150.0
5385,244.0,107.0,126.0,141.0
5386,261.0,125.0,167.0,149.0
5387,259.0,124.0,125.0,140.0
5388,245.0,119.0,131.0,139.0
5389,255.0,209.0,144.0,151.0
5390,269.0,136.0,159.0,138.0
5391,246.0,82.0,119.0,145.0
5392,256.0,116.0,145.0,148.0
5393,259.0,122.0,144.0,144.0
5394,265.0,113.0,153.0,170.0
5395,246.0,112.0,134.0,136.0
5396,224.0,121.0,118.0,125.0
5397,269.0,108.0,148.0,149.0
5398,259.0,128.0,142.0,138.0
5399,255.0,111.0,130.0,152.0
5400,254.0,82.0,136.0,152.0
5401,255.0,184.0,162.0,151.0
5402,237.0,64.0,135.0,132.0
5403,241.0,66.0,136.0,143.0
5404,240.0,109.0,133.0,135.0
5405,254.0,140.0,137.0,139.0
5406,258.0,89.0,158.0,141.0
5407,241.0,212.0,126.0,136.0
5408,237.0,115.0,137.0,137.0
5409,264.0,128.0,155.0,147.0
5410,245.0,100.0,141.0,139.0
5411,247.0,116.0,143.0,122.0
5412,232.0,141.0,120.0,134.0
5413,260.0,148.0,154.0,153.0
5414,266.0,109.0,132.0,157.0
5415,262.0,128.0,168.0,161.0
5416,248.0,111.0,128.0,120.0
5417,248.0,136.0,137.0,144.0
5418,257.0,113.0,151.0,146.0
5419,263.0,111.0,148.0,150.0
5420,242.0,153.0,159.0,157.0
5421,227.0,104.0,137.0,133.0
5422,234.0,117.0,139.0,129.0
5423,257.0,145.0,141.0,132.0
5424,250.0,139.0,144.0,130.0
5425,251.0,61.0,139.0,137.0
5426,226.0,117.0,128.0,111.0
5427,239.0,79.0,152.0,142.0
5428,267.0,131.0,135.0,146.0
5429,238.0,112.0,118.0,142.0
5430,248.0,120.0,133.0,143.0
5431,265.0,79.0,151.0,130.0
5432,236.0,104.0,142.0,141.0
5433,258.0,136.0,139.0,140.0
5434,265.0,103.0,142.0,147.0
5435,252.0,100.0,133.0,142.0
5436,256.0,160.0,130.0,143.0
5437,251.0,111.0,132.0,136.0
5438,238.0,47.0,126.0,140.0
5439,249.0,134.0,130.0,135.0
5440,263.0,136.0,137.0,163.0
5441,277.0,133.0,156.0,149.0
5442,248.0,54.0,149.0,138.0
5443,255.0,96.0,137.0,136.0
5444,261.0,74.0,143.0,133.0
5445,266.0,125.0,155.0,140.0
5446,250.0,85.0,141.0,145.0
5447,247.0,101.0,148.0,134.0
5448,269.0,242.0,152.0,159.0
5449,245.0,108.0,144.0,131.0
5450,233.0,102.0,124.0,142.0
5451,242.0,210.0,145.0,145.0
5452,243.0,211.0,147.0,139.0
5453,244.0,113.0,144.0,131.0
5454,282.0,134.0,151.0,162.0
5455,236.0,116.0,123.0,132.0
5456,250.0,120.0,135.0,136.0
5457,219.0,67.0,128.0,132.0
5458,256.0,79.0,144.0,142.0
5459,259.0,123.0,151.0,150.0
5460,261.0,86.0,142.0,155.0
5461,260.0,121.0,140.0,155.0
5462,250.0,76.0,138.0,131.0
5463,251.0,118.0,135.0,142.0
5464,242.0,131.0,139.0,126.0
5465,248.0,98.0,147.0,138.0
5466,263.0,132.0,137.0,145.0
5467,222.0,111.0,109.0,119.0
5468,235.0,99.0,139.0,123.0
5469,239.0,69.0,133.0,124.0
5470,252.0,143.0,136.0,146.0
5471,217.0,84.0,119.0,111.0
5472,251.0,137.0,133.0,121.0
5473,248.0,206.0,150.0,130.0
5474,263.0,125.0,158.0,146.0
5475,262.0,155.0,149.0,145.0
5476,234.0,199.0,117.0,136.0
5477,242.0,117.0,137.0,135.0
5478,242.0,129.0,142.0,139.0
5479,236.0,110.0,134.0,124.0
5480,257.0,86.0,169.0,143.0
5481,281.0,240.0,154.0,161.0
5482,231.0,60.0,137.0,111.0
5483,250.0,150.0,140.0,145.0
5484,265.0,114.0,142.0,151.0
5485,240.0,86.0,139.0,141.0
5486,212.0,101.0,137.0,117.0
5487,252.0,152.0,138.0,130.0
5488,262.0,259.0,160.0,148.0
5489,257.0,165.0,157.0,137.0
5490,254.0,103.0,153.0,147.0
5491,271.0,144.0,140.0,135.0
5492,256.0,99.0,135.0,129.0
5493,260.0,77.0,148.0,151.0
5494,255.0,90.0,147.0,141.0
5495,240.0,52.0,133.0,134.0
5496,237.0,88.0,123.0,130.0
5497,231.0,142.0,129.0,140.0
5498,220.0,101.0,126.0,116.0
5499,240.0,137.0,130.0,127.0
5500,230.0,93.0,121.0,121.0
5501,241.0,113.0,150.0,159.0
5502,234.0,71.0,136.0,147.0
5503,265.0,146.0,137.0,141.0
5504,263.0,95.0,160.0,145.0
5505,241.0,199.0,139.0,138.0
5506,230.0,173.0,135.0,122.0
5507,242.0,88.0,144.0,141.0
5508,245.0,134.0,142.0,151.0
5509,222.0,165.0,133.0,126.0
5510,247.0,110.0,148.0,119.0
5511,241.0,218.0,141.0,131.0
5512,275.0,139.0,154.0,149.0
5513,250.0,96.0,125.0,132.0
5514,271.0,233.0,166.0,170.0
5515,220.0,140.0,114.0,127.0
5516,257.0,172.0,154.0,151.0
5517,253.0,131.0,135.0,139.0
5518,243.0,132.0,144.0,143.0
5519,254.0,80.0,136.0,153.0
5520,243.0,146.0,151.0,138.0
5521,259.0,128.0,131.0,155.0
5522,253.0,94.0,142.0,141.0
5523,228.0,133.0,126.0,126.0
5524,215.0,161.0,121.0,122.0
5525,244.0,78.0,135.0,149.0
5526,258.0,222.0,142.0,136.0
5527,210.0,96.0,116.0,121.0
5528,244.0,123.0,142.0,131.0
5529,232.0,111.0,135.0,120.0
5530,237.0,118.0,126.0,151.0
5531,232.0,125.0,146.0,145.0
5532,253.0,94.0,148.0,149.0
5533,247.0,84.0,145.0,148.0
5534,245.0,162.0,127.0,141.0
5535,265.0,126.0,147.0,138.0
5536,264.0,111.0,156.0,143.0
5537,266.0,88.0,142.0,161.0
5538,257.0,150.0,153.0,139.0
5539,255.0,110.0,151.0,141.0
5540,268.0,128.0,152.0,149.0
5541,251.0,241.0,156.0,154.0
5542,263.0,111.0,158.0,153.0
5543,267.0,92.0,145.0,154.0
5544,245.0,214.0,139.0,134.0
5545,247.0,93.0,137.0,129.0
5546,249.0,79.0,143.0,128.0
5547,235.0,143.0,132.0,130.0
5548,228.0,78.0,133.0,119.0
5549,255.0,121.0,147.0,141.0
5550,266.0,124.0,140.0,167.0
5551,244.0,75.0,134.0,141.0
5552,242.0,81.0,134.0,135.0
5553,250.0,78.0,155.0,145.0
5554,242.0,108.0,141.0,133.0
5555,233.0,66.0,128.0,132.0
5556,216.0,100.0,132.0,127.0
5557,205.0,74.0,119.0,108.0
5558,253.0,89.0,134.0,134.0
5559,245.0,121.0,147.0,137.0
5560,252.0,135.0,145.0,134.0
5561,255.0,132.0,143.0,132.0
5562,251.0,138.0,141.0,141.0
5563,251.0,95.0,147.0,138.0
5564,249.0,145.0,144.0,141.0
5565,247.0,105.0,140.0,145.0
5566,261.0,82.0,145.0,143.0
5567,237.0,109.0,135.0,135.0
5568,225.0,105.0,142.0,123.0
5569,248.0,117.0,126.0,134.0
5570,256.0,113.0,142.0,140.0
5571,271.0,128.0,155.0,162.0
5572,267.0,164.0,129.0,155.0
5573,256.0,125.0,139.0,162.0
5574,249.0,206.0,145.0,149.0
5575,248.0,138.0,148.0,146.0
5576,261.0,94.0,143.0,148.0
5577,276.0,108.0,159.0,150.0
5578,270.0,147.0,149.0,157.0
5579,254.0,88.0,151.0,139.0
5580,271.0,95.0,147.0,148.0
5581,246.0,126.0,136.0,138.0
5582,260.0,167.0,145.0,156.0
5583,260.0,107.0,140.0,138.0
5584,240.0,127.0,124.0,128.0
5585,249.0,78.0,143.0,132.0
5586,255.0,248.0,140.0,137.0
5587,254.0,51.0,140.0,132.0
5588,262.0,96.0,149.0,155.0
5589,246.0,120.0,135.0,153.0
5590,248.0,121.0,128.0,144.0
5591,254.0,116.0,142.0,141.0
5592,256.0,128.0,154.0,150.0
5593,250.0,127.0,142.0,133.0
5594,239.0,125.0,148.0,138.0
5595,237.0,82.0,131.0,132.0
5596,281.0,68.0,146.0,151.0
5597,240.0,131.0,133.0,149.0
5598,243.0,115.0,146.0,132.0
5599,234.0,96.0,141.0,125.0
5600,236.0,104.0,138.0,133.0
5601,261.0,141.0,145.0,153.0
5602,252.0,102.0,127.0,132.0
5603,234.0,210.0,139.0,128.0
5604,246.0,169.0,141.0,139.0
5605,240.0,120.0,137.0,151.0
5606,245.0,65.0,135.0,119.0
5607,248.0,105.0,118.0,123.0
5608,247.0,165.0,133.0,143.0
5609,246.0,50.0,145.0,129.0
5610,250.0,147.0,150.0,151.0
5611,240.0,134.0,132.0,125.0
5612,256.0,101.0,142.0,147.0
5613,250.0,120.0,140.0,149.0
5614,267.0,113.0,151.0,139.0
5615,250.0,101.0,138.0,142.0
5616,244.0,147.0,128.0,136.0
5617,227.0,76.0,139.0,115.0
5618,247.0,103.0,148.0,135.0
5619,225.0,89.0,126.0,129.0
5620,270.0,151.0,152.0,146.0
5621,266.0,118.0,139.0,148.0
5622,261.0,90.0,136.0,144.0
5623,263.0,103.0,154.0,160.0
5624,254.0,208.0,128.0,134.0
5625,228.0,83.0,134.0,124.0
5626,246.0,80.0,141.0,128.0
5627,245.0,115.0,141.0,159.0
5628,261.0,140.0,146.0,161.0
5629,251.0,81.0,146.0,150.0
5630,261.0,105.0,155.0,141.0
5631,261.0,71.0,145.0,157.0
5632,253.0,100.0,151.0,137.0
5633,238.0,105.0,133.0,134.0
5634,245.0,116.0,129.0,132.0
5635,248.0,122.0,147.0,148.0
5636,240.0,204.0,135.0,135.0
5637,243.0,116.0,140.0,147.0
5638,232.0,201.0,117.0,131.0
5639,230.0,199.0,145.0,121.0
5640,268.0,85.0,147.0,146.0
5641,252.0,125.0,156.0,147.0
5642,257.0,157.0,146.0,139.0
5643,256.0,145.0,136.0,122.0
5644,228.0,134.0,131.0,132.0
5645,283.0,112.0,160.0,140.0
5646,242.0,110.0,137.0,118.0
5647,252.0,87.0,152.0,166.0
5648,253.0,161.0,153.0,141.0
5649,261.0,79.0,146.0,150.0
5650,243.0,126.0,133.0,149.0
5651,249.0,133.0,146.0,158.0
5652,251.0,84.0,145.0,129.0
5653,263.0,104.0,166.0,139.0
5654,261.0,217.0,148.0,157.0
5655,244.0,112.0,144.0,145.0
5656,239.0,125.0,142.0,132.0
5657,243.0,230.0,122.0,133.0
5658,259.0,90.0,141.0,139.0
5659,265.0,229.0,149.0,157.0
5660,266.0,128.0,144.0,151.0
5661,239.0,61.0,148.0,131.0
5662,248.0,77.0,149.0,140.0
5663,257.0,225.0,156.0,138.0
5664,247.0,109.0,130.0,142.0
5665,254.0,169.0,142.0,150.0
5666,247.0,139.0,137.0,123.0
5667,258.0,108.0,155.0,138.0
5668,235.0,118.0,143.0,139.0
5669,246.0,126.0,136.0,144.0
5670,262.0,142.0,143.0,165.0
5671,257.0,194.0,153.0,149.0
5672,256.0,117.0,148.0,151.0
5673,249.0,119.0,137.0,134.0
5674,265.0,165.0,160.0,150.0
5675,239.0,86.0,127.0,131.0
5676,260.0,110.0,139.0,148.0
5677,242.0,78.0,154.0,133.0
5678,251.0,91.0,142.0,141.0
5679,237.0,132.0,132.0,141.0
5680,249.0,175.0,136.0,143.0
5681,248.0,109.0,134.0,143.0
5682,230.0,90.0,113.0,117.0
5683,238.0,122.0,127.0,124.0
5684,261.0,93.0,150.0,133.0
5685,281.0,88.0,154.0,150.0
5686,262.0,91.0,149.0,141.0
5687,244.0,147.0,131.0,127.0
5688,262.0,115.0,138.0,155.0
5689,225.0,118.0,127.0,134.0
5690,238.0,101.0,129.0,128.0
5691,236.0,112.0,129.0,136.0
5692,269.0,122.0,145.0,139.0
5693,264.0,84.0,153.0,145.0
5694,234.0,92.0,130.0,138.0
5695,258.0,78.0,131.0,131.0
5696,241.0,84.0,149.0,140.0
5697,238.0,87.0,132.0,147.0
5698,256.0,112.0,147.0,134.0
5699,276.0,192.0,142.0,161.0
5700,230.0,125.0,117.0,134.0
5701,233.0,68.0,137.0,126.0
5702,250.0,174.0,136.0,139.0
5703,248.0,207.0,136.0,136.0
5704,267.0,92.0,141.0,155.0
5705,246.0,126.0,131.0,140.0
5706,252.0,150.0,142.0,132.0
5707,254.0,159.0,134.0,140.0
5708,258.0,115.0,146.0,137.0
5709,260.0,123.0,132.0,152.0
5710,257.0,130.0,144.0,142.0
5711,251.0,97.0,153.0,141.0
5712,246.0,105.0,138.0,135.0
5713,252.0,56.0,154.0,141.0
5714,234.0,192.0,141.0,127.0
5715,267.0,226.0,157.0,144.0
5716,243.0,112.0,133.0,136.0
5717,253.0,121.0,144.0,142.0
5718,256.0,213.0,154.0,139.0
5719,246.0,112.0,130.0,140.0
5720,246.0,105.0,149.0,153.0
5721,231.0,110.0,128.0,116.0
5722,237.0,134.0,133.0,126.0
5723,249.0,64.0,146.0,150.0
5724,257.0,85.0,153.0,144.0
5725,245.0,100.0,136.0,142.0
5726,262.0,119.0,149.0,137.0
5727,258.0,108.0,159.0,134.0
5728,268.0,229.0,179.0,143.0
5729,241.0,91.0,137.0,136.0
5730,266.0,233.0,150.0,157.0
5731,242.0,49.0,136.0,144.0
5732,225.0,63.0,129.0,119.0
5733,269.0,258.0,140.0,155.0
5734,258.0,101.0,151.0,139.0
5735,240.0,107.0,137.0,139.0
5736,258.0,72.0,150.0,140.0
5737,247.0,97.0,148.0,142.0
5738,271.0,93.0,173.0,156.0
5739,249.0,199.0,136.0,125.0
5740,251.0,208.0,144.0,155.0
5741,249.0,79.0,132.0,132.0
5742,247.0,158.0,145.0,150.0
5743,247.0,123.0,130.0,148.0
5744,254.0,106.0,140.0,138.0
5745,256.0,111.0,154.0,153.0
5746,235.0,127.0,133.0,135.0
5747,249.0,139.0,138.0,142.0
5748,250.0,128.0,140.0,148.0
5749,237.0,233.0,128.0,128.0
5750,276.0,272.0,173.0,159.0
5751,264.0,142.0,142.0,145.0
5752,252.0,130.0,141.0,140.0
5753,252.0,153.0,133.0,141.0
5754,262.0,162.0,139.0,147.0
5755,246.0,115.0,145.0,134.0
5756,264.0,123.0,153.0,138.0
5757,247.0,142.0,142.0,136.0
5758,248.0,126.0,155.0,135.0
5759,244.0,89.0,118.0,138.0
5760,254.0,89.0,131.0,149.0
5761,251.0,84.0,130.0,146.0
5762,265.0,124.0,137.0,154.0
5763,264.0,112.0,137.0,159.0
5764,268.0,260.0,136.0,149.0
5765,261.0,135.0,150.0,153.0
5766,248.0,116.0,123.0,131.0
5767,277.0,133.0,174.0,156.0
5768,257.0,105.0,137.0,147.0
5769,259.0,99.0,134.0,146.0
5770,261.0,179.0,136.0,140.0
5771,266.0,112.0,164.0,146.0
5772,236.0,84.0,129.0,121.0
5773,230.0,204.0,124.0,127.0
5774,265.0,174.0,158.0,159.0
5775,230.0,156.0,133.0,128.0
5776,265.0,152.0,134.0,145.0
5777,239.0,84.0,128.0,128.0
5778,238.0,124.0,132.0,129.0
5779,256.0,228.0,150.0,130.0
5780,246.0,219.0,137.0,136.0
5781,224.0,97.0,111.0,116.0
5782,259.0,226.0,150.0,166.0
5783,243.0,211.0,145.0,137.0
5784,269.0,95.0,155.0,131.0
5785,219.0,151.0,125.0,115.0
5786,280.0,197.0,155.0,162.0
5787,246.0,80.0,143.0,142.0
5788,262.0,109.0,150.0,139.0
5789,258.0,127.0,126.0,136.0
5790,232.0,133.0,130.0,147.0
5791,269.0,104.0,153.0,160.0
5792,268.0,102.0,153.0,142.0
5793,262.0,144.0,145.0,146.0
5794,253.0,86.0,161.0,135.0
5795,247.0,102.0,136.0,141.0
5796,250.0,125.0,135.0,144.0
5797,271.0,144.0,158.0,164.0
5798,239.0,86.0,123.0,127.0
5799,244.0,138.0,125.0,137.0
5800,266.0,85.0,156.0,152.0
5801,263.0,168.0,146.0,169.0
5802,252.0,188.0,140.0,143.0
5803,273.0,156.0,146.0,170.0
5804,230.0,128.0,131.0,138.0
5805,251.0,105.0,151.0,151.0
5806,250.0,221.0,140.0,147.0
5807,241.0,107.0,135.0,130.0
5808,251.0,214.0,140.0,140.0
5809,235.0,128.0,106.0,144.0
5810,245.0,132.0,137.0,136.0
5811,264.0,115.0,141.0,149.0
5812,225.0,106.0,115.0,126.0
5813,264.0,156.0,156.0,147.0
5814,249.0,122.0,140.0,131.0
5815,251.0,127.0,142.0,146.0
5816,246.0,142.0,148.0,126.0
5817,242.0,132.0,133.0,139.0
5818,239.0,162.0,134.0,138.0
5819,237.0,68.0,133.0,141.0
5820,228.0,108.0,111.0,129.0
5821,244.0,137.0,142.0,127.0
5822,253.0,114.0,145.0,131.0
5823,235.0,112.0,141.0,134.0
5824,235.0,76.0,136.0,140.0
5825,255.0,124.0,140.0,128.0
5826,234.0,102.0,123.0,150.0
5827,262.0,201.0,123.0,138.0
5828,254.0,116.0,145.0,126.0
5829,263.0,103.0,133.0,146.0
5830,233.0,190.0,138.0,130.0
5831,241.0,206.0,139.0,129.0
5832,259.0,218.0,146.0,158.0
5833,251.0,130.0,151.0,149.0
5834,234.0,98.0,129.0,131.0
5835,265.0,162.0,152.0,141.0
5836,253.0,147.0,161.0,148.0
5837,242.0,128.0,132.0,134.0
5838,284.0,233.0,166.0,152.0
5839,254.0,109.0,127.0,141.0
5840,229.0,116.0,121.0,128.0
5841,251.0,90.0,147.0,146.0
5842,268.0,255.0,143.0,143.0
5843,237.0,130.0,135.0,151.0
5844,262.0,86.0,146.0,148.0
5845,262.0,142.0,155.0,149.0
5846,258.0,109.0,166.0,141.0
5847,267.0,242.0,152.0,145.0
5848,248.0,120.0,144.0,140.0
5849,250.0,99.0,148.0,142.0
5850,250.0,228.0,142.0,134.0
5851,252.0,131.0,156.0,141.0
5852,245.0,72.0,147.0,132.0
5853,260.0,100.0,150.0,141.0
5854,237.0,156.0,149.0,135.0
5855,231.0,80.0,116.0,136.0
5856,268.0,92.0,171.0,164.0
5857,261.0,96.0,150.0,146.0
5858,239.0,115.0,132.0,147.0
5859,279.0,115.0,155.0,170.0
5860,250.0,178.0,144.0,138.0
5861,230.0,110.0,138.0,134.0
5862,236.0,98.0,136.0,135.0
5863,235.0,99.0,140.0,140.0
5864,258.0,68.0,125.0,146.0
5865,254.0,58.0,160.0,129.0
5866,257.0,128.0,141.0,139.0
5867,227.0,82.0,134.0,125.0
5868,232.0,89.0,145.0,129.0
5869,244.0,96.0,150.0,139.0
5870,235.0,89.0,141.0,131.0
5871,254.0,76.0,145.0,142.0
5872,266.0,93.0,150.0,151.0
5873,258.0,94.0,130.0,150.0
5874,252.0,93.0,140.0,141.0
5875,278.0,81.0,138.0,161.0
5876,258.0,132.0,148.0,153.0
5877,254.0,114.0,137.0,159.0
5878,258.0,97.0,140.0,138.0
5879,241.0,66.0,131.0,154.0
5880,254.0,84.0,150.0,143.0
5881,242.0,139.0,139.0,133.0
5882,272.0,117.0,154.0,166.0
5883,261.0,154.0,136.0,148.0
5884,247.0,128.0,142.0,148.0
5885,242.0,231.0,138.0,137.0
5886,263.0,123.0,143.0,139.0
5887,215.0,133.0,126.0,127.0
5888,256.0,102.0,135.0,150.0
5889,240.0,182.0,136.0,129.0
5890,271.0,120.0,165.0,163.0
5891,241.0,85.0,133.0,138.0
5892,276.0,122.0,142.0,160.0
5893,267.0,130.0,141.0,148.0
5894,248.0,123.0,150.0,126.0
5895,226.0,100.0,122.0,124.0
5896,237.0,73.0,135.0,125.0
5897,236.0,137.0,135.0,129.0
5898,273.0,102.0,166.0,145.0
5899,245.0,117.0,144.0,154.0
5900,255.0,92.0,155.0,141.0
5901,246.0,184.0,146.0,149.0
5902,241.0,81.0,138.0,143.0
5903,254.0,108.0,145.0,143.0
5904,273.0,129.0,139.0,162.0
5905,273.0,135.0,148.0,161.0
5906,264.0,105.0,147.0,149.0
5907,246.0,154.0,139.0,132.0
5908,249.0,119.0,128.0,152.0
5909,257.0,124.0,137.0,146.0
5910,245.0,88.0,138.0,127.0
5911,251.0,207.0,156.0,139.0
5912,296.0,110.0,166.0,155.0
5913,252.0,119.0,156.0,129.0
5914,246.0,98.0,141.0,144.0
5915,208.0,187.0,110.0,115.0
5916,241.0,125.0,137.0,135.0
5917,232.0,89.0,137.0,125.0
5918,283.0,126.0,159.0,159.0
5919,260.0,106.0,149.0,143.0
5920,252.0,69.0,130.0,150.0
5921,234.0,135.0,139.0,121.0
5922,271.0,127.0,136.0,147.0
5923,251.0,96.0,154.0,137.0
5924,234.0,115.0,137.0,137.0
5925,270.0,86.0,137.0,151.0
5926,260.0,138.0,148.0,142.0
5927,223.0,129.0,130.0,128.0
5928,266.0,141.0,148.0,152.0
5929,252.0,86.0,141.0,128.0
5930,258.0,178.0,149.0,142.0
5931,255.0,138.0,132.0,150.0
5932,238.0,60.0,139.0,141.0
5933,255.0,159.0,154.0,145.0
5934,244.0,226.0,142.0,136.0
5935,237.0,103.0,139.0,134.0
5936,236.0,202.0,132.0,143.0
5937,256.0,117.0,139.0,145.0
5938,236.0,118.0,114.0,142.0
5939,251.0,143.0,135.0,138.0
5940,249.0,76.0,140.0,130.0
5941,264.0,101.0,155.0,165.0
5942,231.0,97.0,138.0,126.0
5943,247.0,69.0,131.0,147.0
5944,238.0,115.0,130.0,134.0
5945,245.0,149.0,155.0,142.0
5946,247.0,81.0,129.0,141.0
5947,242.0,112.0,136.0,128.0
5948,238.0,100.0,138.0,144.0
5949,246.0,133.0,129.0,146.0
5950,261.0,117.0,148.0,147.0
5951,266.0,99.0,148.0,153.0
5952,266.0,161.0,150.0,148.0
5953,236.0,149.0,129.0,155.0
5954,230.0,77.0,123.0,114.0
5955,245.0,87.0,133.0,139.0
5956,230.0,140.0,141.0,119.0
5957,255.0,94.0,149.0,135.0
5958,250.0,113.0,153.0,143.0
5959,258.0,79.0,147.0,165.0
5960,258.0,96.0,143.0,141.0
5961,248.0,113.0,129.0,126.0
5962,249.0,217.0,139.0,136.0
5963,234.0,123.0,122.0,130.0
5964,271.0,130.0,160.0,161.0
5965,246.0,96.0,147.0,145.0
5966,252.0,123.0,139.0,145.0
5967,236.0,121.0,127.0,127.0
5968,227.0,102.0,119.0,126.0
5969,269.0,150.0,154.0,145.0
5970,244.0,96.0,146.0,149.0
5971,249.0,105.0,146.0,137.0
5972,244.0,133.0,145.0,129.0
5973,260.0,103.0,150.0,155.0
5974,239.0,118.0,143.0,127.0
5975,268.0,99.0,168.0,136.0
5976,254.0,107.0,147.0,142.0
5977,236.0,108.0,134.0,124.0
5978,240.0,73.0,128.0,144.0
5979,252.0,112.0,139.0,144.0
5980,252.0,130.0,150.0,156.0
5981,243.0,114.0,128.0,126.0
5982,245.0,111.0,145.0,140.0
5983,259.0,109.0,151.0,155.0
5984,251.0,80.0,153.0,148.0
5985,243.0,101.0,145.0,134.0
5986,258.0,147.0,145.0,145.0
5987,235.0,119.0,120.0,132.0
5988,265.0,94.0,143.0,143.0
5989,255.0,71.0,142.0,142.0
5990,250.0,132.0,141.0,145.0
5991,260.0,127.0,158.0,166.0
5992,261.0,80.0,133.0,140.0
5993,237.0,139.0,147.0,127.0
5994,264.0,118.0,148.0,166.0
5995,238.0,101.0,136.0,139.0
5996,246.0,109.0,136.0,130.0
5997,261.0,172.0,157.0,152.0
5998,240.0,97.0,128.0,148.0
5999,264.0,127.0,149.0,153.0
6000,263.0,83.0,149.0,145.0
6001,280.0,79.0,145.0,167.0
6002,240.0,124.0,132.0,139.0
6003,254.0,210.0,138.0,127.0
6004,273.0,114.0,154.0,160.0
6005,237.0,63.0,127.0,130.0
6006,252.0,62.0,161.0,133.0
6007,251.0,118.0,135.0,139.0
6008,262.0,86.0,151.0,150.0
6009,244.0,233.0,151.0,144.0
6010,242.0,109.0,126.0,140.0
6011,240.0,131.0,126.0,125.0
6012,240.0,165.0,129.0,139.0
6013,246.0,90.0,128.0,128.0
6014,263.0,100.0,150.0,154.0
6015,252.0,85.0,151.0,143.0
6016,219.0,134.0,131.0,121.0
6017,251.0,116.0,138.0,152.0
6018,230.0,72.0,132.0,137.0
6019,258.0,228.0,143.0,141.0
6020,256.0,226.0,132.0,158.0
6021,274.0,128.0,142.0,142.0
6022,251.0,163.0,129.0,148.0
6023,256.0,112.0,145.0,154.0
6024,264.0,121.0,145.0,142.0
6025,243.0,93.0,144.0,122.0
6026,244.0,87.0,130.0,133.0
6027,240.0,199.0,156.0,120.0
6028,241.0,133.0,131.0,139.0
6029,219.0,143.0,137.0,137.0
6030,236.0,47.0,160.0,144.0
6031,269.0,86.0,161.0,160.0
6032,250.0,94.0,149.0,127.0
6033,261.0,119.0,150.0,148.0
6034,257.0,101.0,145.0,145.0
6035,243.0,120.0,137.0,130.0
6036,262.0,95.0,132.0,139.0
6037,239.0,126.0,134.0,146.0
6038,247.0,94.0,141.0,139.0
6039,258.0,123.0,160.0,147.0
6040,246.0,102.0,125.0,126.0
6041,249.0,100.0,148.0,136.0
6042,258.0,142.0,143.0,145.0
6043,232.0,81.0,135.0,130.0
6044,242.0,83.0,134.0,132.0
6045,242.0,144.0,130.0,122.0
6046,260.0,137.0,130.0,150.0
6047,234.0,97.0,116.0,131.0
6048,232.0,195.0,133.0,143.0
6049,244.0,204.0,134.0,150.0
6050,246.0,206.0,135.0,137.0
6051,241.0,131.0,137.0,138.0
6052,273.0,163.0,143.0,151.0
6053,246.0,204.0,144.0,146.0
6054,251.0,56.0,132.0,142.0
6055,224.0,109.0,130.0,125.0
6056,255.0,213.0,143.0,138.0
6057,244.0,202.0,145.0,129.0
6058,248.0,128.0,130.0,134.0
6059,240.0,82.0,127.0,134.0
6060,241.0,86.0,131.0,144.0
6061,263.0,106.0,147.0,161.0
6062,235.0,104.0,136.0,130.0
6063,237.0,122.0,144.0,134.0
6064,250.0,125.0,157.0,140.0
6065,253.0,141.0,151.0,134.0
6066,239.0,137.0,139.0,142.0
6067,266.0,152.0,154.0,154.0
6068,268.0,127.0,156.0,155.0
6069,243.0,134.0,141.0,143.0
6070,251.0,143.0,145.0,148.0
6071,222.0,73.0,105.0,141.0
6072,232.0,96.0,132.0,128.0
6073,245.0,92.0,139.0,141.0
6074,269.0,152.0,144.0,159.0
6075,247.0,132.0,130.0,137.0
6076,248.0,113.0,124.0,136.0
6077,262.0,124.0,152.0,147.0
6078,259.0,116.0,130.0,133.0
6079,209.0,122.0,121.0,114.0
6080,265.0,113.0,148.0,143.0
6081,269.0,140.0,138.0,137.0
6082,232.0,219.0,124.0,135.0
6083,244.0,139.0,140.0,130.0
6084,254.0,125.0,142.0,138.0
6085,254.0,88.0,146.0,155.0
6086,252.0,124.0,124.0,134.0
6087,265.0,92.0,161.0,133.0
6088,245.0,129.0,133.0,145.0
6089,241.0,44.0,125.0,121.0
6090,230.0,159.0,130.0,121.0
6091,221.0,115.0,130.0,118.0
6092,234.0,89.0,147.0,111.0
6093,245.0,108.0,133.0,144.0
6094,240.0,125.0,130.0,147.0
6095,255.0,167.0,136.0,132.0
6096,238.0,93.0,136.0,147.0
6097,247.0,63.0,139.0,136.0
6098,262.0,66.0,144.0,144.0
6099,239.0,119.0,127.0,141.0
6100,265.0,136.0,133.0,144.0
6101,258.0,108.0,140.0,142.0
6102,256.0,172.0,152.0,155.0
6103,274.0,110.0,155.0,152.0
6104,232.0,81.0,149.0,132.0
6105,264.0,215.0,156.0,148.0
6106,254.0,112.0,120.0,135.0
6107,216.0,72.0,122.0,122.0
6108,250.0,98.0,135.0,117.0
6109,250.0,123.0,135.0,136.0
6110,249.0,103.0,163.0,155.0
6111,238.0,121.0,131.0,132.0
6112,259.0,104.0,153.0,152.0
6113,281.0,113.0,171.0,156.0
6114,264.0,99.0,139.0,140.0
6115,269.0,143.0,144.0,136.0
6116,237.0,191.0,137.0,130.0
6117,271.0,261.0,152.0,138.0
6118,268.0,130.0,160.0,157.0
6119,237.0,96.0,131.0,134.0
6120,252.0,115.0,146.0,152.0
6121,251.0,82.0,151.0,152.0
6122,241.0,79.0,150.0,139.0
6123,270.0,141.0,153.0,151.0
6124,257.0,146.0,133.0,165.0
6125,260.0,94.0,142.0,152.0
6126,253.0,226.0,132.0,139.0
6127,234.0,107.0,122.0,137.0
6128,244.0,65.0,133.0,134.0
6129,225.0,88.0,126.0,114.0
6130,257.0,106.0,164.0,127.0
6131,264.0,152.0,158.0,160.0
6132,203.0,183.0,114.0,107.0
6133,244.0,224.0,131.0,135.0
6134,244.0,122.0,135.0,132.0
6135,249.0,89.0,142.0,148.0
6136,239.0,151.0,135.0,130.0
6137,226.0,75.0,121.0,129.0
6138,222.0,84.0,124.0,124.0
6139,251.0,109.0,136.0,141.0
6140,276.0,168.0,152.0,141.0
6141,266.0,242.0,149.0,160.0
6142,246.0,93.0,138.0,133.0
6143,258.0,113.0,157.0,156.0
6144,241.0,145.0,137.0,119.0
6145,247.0,75.0,134.0,136.0
6146,259.0,104.0,136.0,139.0
6147,240.0,100.0,133.0,136.0
6148,250.0,96.0,141.0,156.0
6149,240.0,114.0,133.0,127.0
6150,251.0,63.0,147.0,122.0
6151,260.0,110.0,140.0,133.0
6152,247.0,142.0,138.0,128.0
6153,260.0,118.0,155.0,151.0
6154,245.0,104.0,145.0,142.0
6155,260.0,122.0,149.0,159.0
6156,269.0,117.0,159.0,154.0
6157,220.0,61.0,120.0,118.0
6158,268.0,87.0,137.0,160.0
6159,260.0,117.0,149.0,153.0
6160,270.0,169.0,156.0,157.0
6161,243.0,112.0,134.0,123.0
6162,230.0,90.0,137.0,123.0
6163,233.0,110.0,120.0,124.0
6164,248.0,92.0,143.0,144.0
6165,254.0,123.0,139.0,139.0
6166,263.0,112.0,136.0,139.0
6167,256.0,135.0,148.0,144.0
6168,239.0,93.0,122.0,131.0
6169,258.0,140.0,144.0,148.0
6170,243.0,117.0,136.0,146.0
6171,249.0,96.0,160.0,134.0
6172,237.0,213.0,134.0,129.0
6173,269.0,82.0,146.0,154.0
6174,233.0,84.0,130.0,135.0
6175,265.0,128.0,151.0,157.0
6176,235.0,84.0,134.0,138.0
6177,229.0,85.0,120.0,128.0
6178,256.0,161.0,153.0,132.0
6179,252.0,73.0,126.0,130.0
6180,219.0,110.0,128.0,120.0
6181,236.0,56.0,135.0,143.0
6182,244.0,83.0,143.0,141.0
6183,248.0,103.0,147.0,134.0
6184,248.0,124.0,147.0,144.0
6185,246.0,109.0,125.0,137.0
6186,245.0,80.0,126.0,137.0
6187,254.0,121.0,137.0,131.0
6188,273.0,174.0,143.0,147.0
6189,257.0,76.0,146.0,155.0
6190,262.0,102.0,147.0,158.0
6191,227.0,202.0,136.0,124.0
6192,230.0,205.0,128.0,144.0
6193,229.0,117.0,133.0,124.0
6194,248.0,75.0,136.0,134.0
6195,246.0,112.0,142.0,135.0
6196,244.0,119.0,132.0,131.0
6197,290.0,143.0,165.0,164.0
6198,264.0,122.0,153.0,144.0
6199,252.0,90.0,138.0,139.0
6200,243.0,124.0,139.0,122.0
6201,239.0,80.0,140.0,139.0
6202,259.0,113.0,149.0,141.0
6203,272.0,234.0,162.0,155.0
6204,263.0,122.0,137.0,131.0
6205,230.0,76.0,116.0,142.0
6206,240.0,146.0,129.0,141.0
6207,243.0,146.0,143.0,132.0
6208,271.0,106.0,148.0,133.0
6209,247.0,149.0,136.0,147.0
6210,237.0,142.0,121.0,135.0
6211,237.0,203.0,123.0,126.0
6212,255.0,131.0,132.0,147.0
6213,239.0,84.0,133.0,129.0
6214,248.0,103.0,133.0,142.0
6215,245.0,143.0,140.0,142.0
6216,259.0,99.0,147.0,152.0
6217,261.0,76.0,137.0,145.0
6218,242.0,111.0,134.0,130.0
6219,246.0,106.0,150.0,130.0
6220,262.0,101.0,141.0,150.0
6221,238.0,146.0,122.0,132.0
6222,244.0,107.0,149.0,130.0
6223,230.0,100.0,130.0,126.0
6224,238.0,125.0,132.0,127.0
6225,242.0,116.0,135.0,131.0
6226,253.0,128.0,150.0,139.0
6227,252.0,144.0,131.0,141.0
6228,262.0,111.0,154.0,142.0
6229,224.0,73.0,126.0,117.0
6230,263.0,64.0,144.0,144.0
6231,236.0,110.0,121.0,127.0
6232,258.0,58.0,144.0,151.0
6233,255.0,246.0,157.0,142.0
6234,242.0,227.0,135.0,143.0
6235,246.0,69.0,140.0,128.0
6236,237.0,109.0,138.0,150.0
6237,255.0,115.0,150.0,148.0
6238,267.0,140.0,162.0,154.0
6239,250.0,79.0,144.0,128.0
6240,248.0,87.0,143.0,142.0
6241,269.0,110.0,144.0,152.0
6242,241.0,129.0,137.0,139.0
6243,223.0,81.0,123.0,130.0
6244,246.0,97.0,132.0,138.0
6245,280.0,107.0,161.0,157.0
6246,256.0,104.0,136.0,151.0
6247,259.0,127.0,133.0,160.0
6248,221.0,56.0,130.0,135.0
6249,225.0,96.0,121.0,140.0
6250,255.0,149.0,138.0,137.0
6251,249.0,85.0,154.0,135.0
6252,235.0,74.0,118.0,138.0
6253,235.0,217.0,143.0,141.0
6254,249.0,164.0,129.0,128.0
6255,264.0,117.0,150.0,130.0
6256,244.0,68.0,143.0,133.0
6257,243.0,102.0,128.0,132.0
6258,272.0,118.0,151.0,153.0
6259,272.0,127.0,156.0,163.0
6260,274.0,127.0,164.0,162.0
6261,264.0,80.0,142.0,144.0
6262,244.0,105.0,114.0,142.0
6263,242.0,116.0,141.0,126.0
6264,248.0,123.0,133.0,139.0
6265,236.0,139.0,121.0,130.0
6266,276.0,76.0,159.0,154.0
6267,247.0,126.0,145.0,135.0
6268,249.0,110.0,124.0,150.0
6269,254.0,192.0,128.0,140.0
6270,263.0,98.0,150.0,149.0
6271,236.0,125.0,135.0,132.0
6272,247.0,133.0,136.0,132.0
6273,248.0,145.0,146.0,144.0
6274,276.0,114.0,152.0,166.0
6275,250.0,108.0,139.0,141.0
6276,254.0,125.0,144.0,142.0
6277,262.0,228.0,151.0,164.0
6278,228.0,103.0,124.0,133.0
6279,277.0,266.0,156.0,141.0
6280,254.0,136.0,140.0,124.0
6281,237.0,124.0,134.0,137.0
6282,248.0,130.0,130.0,123.0
6283,253.0,140.0,133.0,137.0
6284,276.0,159.0,143.0,156.0
6285,247.0,118.0,138.0,138.0
6286,272.0,123.0,163.0,141.0
6287,264.0,77.0,146.0,135.0
6288,235.0,108.0,120.0,126.0
6289,248.0,131.0,137.0,132.0
6290,250.0,145.0,127.0,141.0
6291,256.0,117.0,144.0,160.0
6292,259.0,108.0,135.0,149.0
6293,273.0,127.0,147.0,154.0
6294,263.0,256.0,137.0,129.0
6295,241.0,156.0,137.0,141.0
6296,250.0,155.0,163.0,154.0
6297,247.0,125.0,152.0,142.0
6298,265.0,216.0,159.0,143.0
6299,253.0,140.0,130.0,132.0
6300,231.0,90.0,141.0,123.0
6301,261.0,98.0,146.0,139.0
6302,246.0,153.0,130.0,142.0
6303,272.0,168.0,163.0,148.0
6304,246.0,125.0,144.0,141.0
6305,241.0,109.0,133.0,126.0
6306,227.0,96.0,136.0,133.0
6307,247.0,85.0,154.0,142.0
6308,269.0,97.0,144.0,151.0
6309,233.0,96.0,129.0,128.0
6310,251.0,182.0,131.0,145.0
6311,257.0,158.0,145.0,158.0
6312,259.0,96.0,151.0,140.0
6313,229.0,119.0,117.0,135.0
6314,279.0,115.0,149.0,149.0
6315,257.0,107.0,131.0,144.0
6316,254.0,212.0,146.0,139.0
6317,233.0,51.0,121.0,126.0
6318,242.0,113.0,137.0,130.0
6319,258.0,129.0,141.0,149.0
6320,258.0,122.0,149.0,140.0
6321,255.0,98.0,155.0,160.0
6322,263.0,152.0,145.0,151.0
6323,241.0,231.0,133.0,131.0
6324,240.0,120.0,134.0,121.0
6325,245.0,227.0,134.0,145.0
6326,232.0,214.0,135.0,129.0
6327,270.0,151.0,150.0,143.0
6328,241.0,153.0,135.0,138.0
6329,235.0,95.0,139.0,141.0
6330,260.0,154.0,150.0,145.0
6331,256.0,131.0,141.0,158.0
6332,284.0,122.0,164.0,166.0
6333,256.0,130.0,151.0,146.0
6334,235.0,77.0,134.0,127.0
6335,240.0,78.0,144.0,124.0
6336,240.0,107.0,134.0,136.0
6337,244.0,79.0,144.0,140.0
6338,249.0,105.0,149.0,134.0
6339,260.0,129.0,144.0,148.0
6340,266.0,87.0,139.0,153.0
6341,263.0,117.0,145.0,145.0
6342,244.0,88.0,141.0,144.0
6343,245.0,107.0,144.0,135.0
6344,261.0,116.0,143.0,140.0
6345,242.0,136.0,140.0,147.0
6346,246.0,127.0,141.0,145.0
6347,263.0,69.0,151.0,139.0
6348,262.0,226.0,130.0,141.0
6349,273.0,167.0,149.0,161.0
6350,247.0,107.0,147.0,135.0
6351,236.0,134.0,129.0,140.0
6352,236.0,185.0,142.0,126.0
6353,219.0,75.0,129.0,108.0
6354,261.0,107.0,155.0,157.0
6355,263.0,252.0,157.0,150.0
6356,269.0,71.0,141.0,153.0
6357,241.0,235.0,139.0,127.0
6358,242.0,122.0,141.0,130.0
6359,246.0,235.0,145.0,140.0
6360,230.0,82.0,130.0,118.0
6361,235.0,139.0,122.0,134.0
6362,246.0,104.0,152.0,147.0
6363,245.0,88.0,130.0,128.0
6364,261.0,102.0,134.0,144.0
6365,217.0,171.0,143.0,120.0
6366,262.0,106.0,144.0,157.0
6367,256.0,106.0,137.0,149.0
6368,257.0,98.0,137.0,146.0
6369,230.0,128.0,119.0,124.0
6370,244.0,109.0,145.0,136.0
6371,268.0,108.0,145.0,150.0
6372,241.0,127.0,137.0,131.0
6373,250.0,85.0,142.0,154.0
6374,253.0,157.0,143.0,140.0
6375,252.0,142.0,147.0,124.0
6376,242.0,150.0,141.0,136.0
6377,256.0,149.0,138.0,134.0
6378,255.0,95.0,145.0,142.0
6379,236.0,111.0,119.0,129.0
6380,251.0,130.0,135.0,154.0
6381,251.0,135.0,134.0,137.0
6382,238.0,150.0,137.0,128.0
6383,229.0,152.0,124.0,141.0
6384,245.0,112.0,120.0,139.0
6385,253.0,120.0,136.0,139.0
6386,233.0,62.0,128.0,138.0
6387,251.0,106.0,130.0,130.0
6388,247.0,171.0,140.0,139.0
6389,240.0,88.0,133.0,137.0
6390,228.0,109.0,123.0,120.0
6391,238.0,101.0,127.0,131.0
6392,255.0,149.0,156.0,142.0
6393,237.0,122.0,125.0,126.0
6394,245.0,103.0,143.0,132.0
6395,248.0,221.0,143.0,142.0
6396,246.0,103.0,133.0,138.0
6397,253.0,55.0,146.0,139.0
6398,262.0,115.0,159.0,152.0
6399,281.0,158.0,158.0,166.0
6400,218.0,182.0,124.0,119.0
6401,240.0,48.0,138.0,147.0
6402,243.0,121.0,133.0,133.0
6403,222.0,69.0,112.0,121.0
6404,259.0,110.0,137.0,145.0
6405,256.0,142.0,126.0,151.0
6406,240.0,131.0,146.0,140.0
6407,256.0,74.0,138.0,149.0
6408,275.0,120.0,158.0,155.0
6409,287.0,279.0,167.0,172.0
6410,251.0,130.0,146.0,141.0
6411,271.0,117.0,163.0,136.0
6412,245.0,120.0,147.0,139.0
6413,270.0,153.0,150.0,150.0
6414,251.0,60.0,145.0,156.0
6415,229.0,135.0,140.0,122.0
6416,255.0,100.0,148.0,138.0
6417,250.0,136.0,136.0,141.0
6418,248.0,81.0,140.0,141.0
6419,247.0,230.0,136.0,150.0
6420,239.0,147.0,133.0,142.0
6421,256.0,100.0,145.0,136.0
6422,262.0,77.0,156.0,145.0
6423,252.0,92.0,132.0,146.0
6424,255.0,242.0,128.0,145.0
6425,234.0,79.0,127.0,124.0
6426,242.0,97.0,131.0,139.0
6427,254.0,215.0,149.0,142.0
6428,238.0,116.0,142.0,141.0
6429,259.0,146.0,150.0,140.0
6430,247.0,143.0,137.0,130.0
6431,266.0,126.0,145.0,145.0
6432,276.0,108.0,147.0,161.0
6433,246.0,132.0,144.0,118.0
6434,244.0,95.0,131.0,141.0
6435,266.0,145.0,136.0,145.0
6436,259.0,83.0,141.0,148.0
6437,263.0,133.0,140.0,144.0
6438,245.0,133.0,144.0,134.0
6439,266.0,89.0,155.0,155.0
6440,237.0,105.0,149.0,132.0
6441,254.0,90.0,143.0,139.0
6442,255.0,60.0,150.0,142.0
6443,254.0,127.0,138.0,132.0
6444,234.0,93.0,132.0,132.0
6445,236.0,160.0,121.0,130.0
6446,237.0,109.0,143.0,124.0
6447,234.0,97.0,136.0,126.0
6448,258.0,106.0,139.0,133.0
6449,268.0,135.0,138.0,146.0
6450,264.0,120.0,153.0,141.0
6451,227.0,124.0,134.0,121.0
6452,248.0,148.0,134.0,142.0
6453,245.0,151.0,137.0,154.0
6454,260.0,96.0,147.0,145.0
6455,236.0,125.0,134.0,135.0
6456,236.0,128.0,139.0,132.0
6457,241.0,122.0,142.0,136.0
6458,263.0,127.0,148.0,146.0
6459,260.0,134.0,136.0,145.0
6460,258.0,112.0,141.0,146.0
6461,266.0,84.0,158.0,165.0
6462,251.0,89.0,144.0,126.0
6463,235.0,89.0,143.0,124.0
6464,246.0,150.0,112.0,159.0
6465,263.0,180.0,149.0,140.0
6466,246.0,99.0,149.0,141.0
6467,239.0,198.0,147.0,143.0
6468,247.0,99.0,131.0,146.0
6469,264.0,81.0,142.0,134.0
6470,247.0,100.0,140.0,141.0
6471,283.0,174.0,165.0,166.0
6472,256.0,108.0,149.0,146.0
6473,235.0,117.0,142.0,138.0
6474,240.0,46.0,144.0,132.0
6475,236.0,126.0,144.0,128.0
6476,239.0,111.0,136.0,127.0
6477,232.0,120.0,134.0,129.0
6478,262.0,168.0,144.0,146.0
6479,219.0,91.0,124.0,116.0
6480,236.0,127.0,148.0,132.0
6481,254.0,90.0,141.0,151.0
6482,243.0,117.0,143.0,127.0
6483,268.0,101.0,156.0,153.0
6484,234.0,110.0,119.0,136.0
6485,253.0,119.0,145.0,144.0
6486,248.0,88.0,125.0,145.0
6487,257.0,127.0,137.0,134.0
6488,226.0,88.0,139.0,124.0
6489,260.0,81.0,148.0,125.0
6490,255.0,84.0,145.0,142.0
6491,237.0,63.0,142.0,134.0
6492,258.0,143.0,148.0,149.0
6493,253.0,101.0,140.0,139.0
6494,241.0,97.0,128.0,124.0
6495,231.0,86.0,124.0,127.0
6496,242.0,82.0,141.0,137.0
6497,247.0,113.0,144.0,146.0
6498,245.0,217.0,144.0,145.0
6499,234.0,210.0,117.0,123.0
6500,243.0,106.0,133.0,144.0
6501,238.0,87.0,115.0,141.0
6502,242.0,131.0,135.0,123.0
6503,233.0,110.0,122.0,121.0
6504,246.0,122.0,133.0,121.0
6505,272.0,111.0,166.0,156.0
6506,269.0,145.0,161.0,138.0
6507,262.0,129.0,154.0,128.0
6508,241.0,50.0,118.0,128.0
6509,244.0,110.0,125.0,124.0
6510,241.0,119.0,135.0,132.0
6511,263.0,127.0,136.0,139.0
6512,245.0,185.0,133.0,143.0
6513,245.0,76.0,130.0,138.0
6514,254.0,158.0,148.0,147.0
6515,232.0,97.0,135.0,137.0
6516,244.0,87.0,130.0,138.0
6517,237.0,83.0,128.0,140.0
6518,260.0,103.0,143.0,148.0
6519,266.0,124.0,156.0,137.0
6520,260.0,140.0,143.0,148.0
6521,251.0,89.0,139.0,153.0
6522,259.0,122.0,139.0,152.0
6523,257.0,155.0,134.0,150.0
6524,255.0,117.0,125.0,145.0
6525,229.0,178.0,142.0,117.0
6526,242.0,202.0,140.0,139.0
6527,256.0,216.0,141.0,145.0
6528,277.0,132.0,163.0,170.0
6529,237.0,112.0,137.0,135.0
6530,254.0,105.0,143.0,152.0
6531,279.0,99.0,156.0,148.0
6532,238.0,85.0,153.0,124.0
6533,275.0,122.0,158.0,152.0
6534,222.0,140.0,133.0,123.0
6535,249.0,73.0,138.0,149.0
6536,248.0,222.0,156.0,133.0
6537,260.0,94.0,163.0,135.0
6538,243.0,161.0,128.0,130.0
6539,252.0,83.0,139.0,145.0
6540,240.0,159.0,151.0,137.0
6541,238.0,106.0,130.0,148.0
6542,271.0,168.0,141.0,143.0
6543,265.0,112.0,146.0,137.0
6544,253.0,142.0,135.0,141.0
6545,257.0,102.0,141.0,154.0
6546,253.0,115.0,150.0,132.0
6547,249.0,113.0,136.0,142.0
6548,243.0,223.0,138.0,129.0
6549,234.0,168.0,135.0,128.0
6550,227.0,93.0,132.0,122.0
6551,239.0,118.0,136.0,141.0
6552,260.0,216.0,133.0,142.0
6553,269.0,160.0,157.0,149.0
6554,220.0,126.0,118.0,110.0
6555,271.0,115.0,133.0,157.0
6556,258.0,93.0,148.0,149.0
6557,248.0,105.0,137.0,138.0
6558,235.0,104.0,151.0,133.0
6559,224.0,74.0,132.0,137.0
6560,254.0,132.0,126.0,148.0
6561,240.0,112.0,132.0,127.0
6562,252.0,197.0,153.0,135.0
6563,258.0,179.0,145.0,128.0
6564,284.0,129.0,170.0,157.0
6565,234.0,148.0,134.0,129.0
6566,237.0,122.0,143.0,141.0
6567,245.0,90.0,134.0,144.0
6568,249.0,135.0,153.0,135.0
6569,242.0,87.0,122.0,128.0
6570,244.0,122.0,124.0,151.0
6571,239.0,61.0,130.0,135.0
6572,274.0,81.0,163.0,160.0
6573,248.0,75.0,147.0,137.0
6574,250.0,123.0,136.0,143.0
6575,246.0,91.0,138.0,136.0
6576,240.0,97.0,134.0,151.0
6577,248.0,88.0,131.0,134.0
6578,242.0,76.0,134.0,142.0
6579,240.0,97.0,126.0,139.0
6580,267.0,128.0,137.0,163.0
6581,254.0,94.0,142.0,154.0
6582,237.0,123.0,117.0,130.0
6583,253.0,98.0,141.0,141.0
6584,245.0,110.0,120.0,153.0
6585,229.0,56.0,128.0,137.0
6586,247.0,101.0,147.0,133.0
6587,249.0,114.0,140.0,144.0
6588,248.0,125.0,130.0,134.0
6589,245.0,80.0,133.0,144.0
6590,256.0,76.0,134.0,143.0
6591,258.0,176.0,143.0,143.0
6592,261.0,108.0,138.0,152.0
6593,247.0,135.0,130.0,138.0
6594,252.0,146.0,142.0,126.0
6595,270.0,119.0,154.0,145.0
6596,263.0,93.0,146.0,149.0
6597,273.0,97.0,167.0,145.0
6598,242.0,79.0,149.0,140.0
6599,257.0,68.0,142.0,151.0
6600,259.0,144.0,161.0,148.0
6601,269.0,141.0,147.0,153.0
6602,258.0,62.0,140.0,156.0
6603,242.0,187.0,155.0,126.0
6604,241.0,89.0,119.0,135.0
6605,271.0,104.0,144.0,162.0
6606,287.0,127.0,165.0,157.0
6607,230.0,108.0,114.0,135.0
6608,263.0,99.0,147.0,154.0
6609,275.0,182.0,154.0,169.0
6610,242.0,134.0,137.0,131.0
6611,259.0,161.0,142.0,133.0
6612,258.0,118.0,153.0,160.0
6613,244.0,121.0,125.0,134.0
6614,255.0,118.0,144.0,144.0
6615,221.0,91.0,122.0,128.0
6616,253.0,143.0,156.0,151.0
6617,258.0,131.0,141.0,134.0
6618,227.0,150.0,121.0,134.0
6619,252.0,99.0,129.0,144.0
6620,251.0,169.0,133.0,147.0
6621,237.0,67.0,135.0,137.0
6622,255.0,107.0,136.0,155.0
6623,254.0,141.0,143.0,159.0
6624,261.0,118.0,135.0,152.0
6625,228.0,103.0,127.0,127.0
6626,279.0,131.0,158.0,155.0
6627,259.0,96.0,127.0,144.0
6628,244.0,119.0,136.0,129.0
6629,246.0,77.0,131.0,135.0
6630,247.0,104.0,143.0,146.0
6631,251.0,114.0,153.0,131.0
6632,256.0,102.0,147.0,136.0
6633,240.0,84.0,145.0,142.0
6634,242.0,99.0,137.0,137.0
6635,272.0,109.0,142.0,135.0
6636,243.0,123.0,147.0,121.0
6637,260.0,136.0,140.0,140.0
6638,270.0,120.0,144.0,160.0
6639,274.0,59.0,157.0,148.0
6640,256.0,131.0,135.0,139.0
6641,266.0,115.0,151.0,147.0
6642,269.0,237.0,156.0,152.0
6643,256.0,141.0,131.0,147.0
6644,241.0,123.0,132.0,139.0
6645,262.0,137.0,148.0,151.0
6646,237.0,195.0,151.0,127.0
6647,257.0,137.0,140.0,123.0
6648,237.0,72.0,147.0,132.0
6649,286.0,80.0,154.0,150.0
6650,245.0,65.0,150.0,137.0
6651,229.0,139.0,125.0,122.0
6652,238.0,165.0,132.0,139.0
6653,250.0,138.0,152.0,143.0
6654,270.0,258.0,152.0,158.0
6655,254.0,134.0,144.0,132.0
6656,258.0,83.0,143.0,142.0
6657,259.0,71.0,148.0,150.0
6658,238.0,109.0,122.0,138.0
6659,252.0,231.0,128.0,155.0
6660,245.0,197.0,151.0,141.0
6661,271.0,74.0,155.0,154.0
6662,248.0,230.0,135.0,143.0
6663,245.0,103.0,153.0,143.0
6664,245.0,95.0,156.0,139.0
6665,248.0,84.0,130.0,135.0
6666,265.0,121.0,151.0,151.0
6667,259.0,148.0,135.0,146.0
6668,236.0,203.0,136.0,135.0
6669,260.0,158.0,146.0,152.0
6670,227.0,97.0,130.0,113.0
6671,276.0,108.0,136.0,172.0
6672,246.0,116.0,126.0,135.0
6673,235.0,73.0,110.0,139.0
6674,246.0,238.0,145.0,136.0
6675,261.0,108.0,151.0,139.0
6676,288.0,114.0,167.0,146.0
6677,269.0,133.0,156.0,165.0
6678,264.0,105.0,146.0,145.0
6679,219.0,189.0,125.0,132.0
6680,250.0,80.0,131.0,132.0
6681,244.0,154.0,152.0,133.0
6682,261.0,48.0,146.0,156.0
6683,256.0,102.0,150.0,146.0
6684,224.0,108.0,114.0,124.0
6685,246.0,77.0,126.0,134.0
6686,253.0,141.0,152.0,127.0
6687,229.0,111.0,131.0,119.0
6688,238.0,100.0,141.0,135.0
6689,247.0,117.0,145.0,139.0
6690,242.0,112.0,134.0,139.0
6691,248.0,129.0,130.0,139.0
6692,251.0,89.0,147.0,147.0
6693,234.0,120.0,125.0,131.0
6694,262.0,112.0,161.0,116.0
6695,286.0,127.0,141.0,165.0
6696,267.0,113.0,138.0,144.0
6697,258.0,136.0,127.0,158.0
6698,237.0,142.0,130.0,127.0
6699,252.0,72.0,144.0,135.0
6700,248.0,98.0,131.0,142.0
6701,235.0,83.0,131.0,132.0
6702,242.0,87.0,141.0,140.0
6703,246.0,119.0,142.0,147.0
6704,240.0,129.0,130.0,123.0
6705,244.0,55.0,148.0,135.0
6706,251.0,100.0,135.0,137.0
6707,262.0,100.0,147.0,140.0
6708,245.0,106.0,131.0,143.0
6709,246.0,110.0,134.0,141.0
6710,257.0,121.0,154.0,148.0
6711,233.0,101.0,131.0,122.0
6712,272.0,123.0,149.0,148.0
6713,235.0,122.0,128.0,135.0
6714,231.0,160.0,120.0,120.0
6715,271.0,108.0,160.0,164.0
6716,239.0,134.0,145.0,140.0
6717,243.0,103.0,146.0,128.0
6718,279.0,65.0,139.0,165.0
6719,277.0,101.0,173.0,158.0
6720,257.0,108.0,146.0,157.0
6721,271.0,141.0,155.0,147.0
6722,251.0,113.0,149.0,127.0
6723,267.0,96.0,152.0,155.0
6724,269.0,81.0,149.0,158.0
6725,227.0,75.0,143.0,119.0
6726,265.0,131.0,155.0,151.0
6727,245.0,98.0,131.0,123.0
6728,237.0,112.0,130.0,148.0
6729,245.0,202.0,142.0,147.0
6730,258.0,215.0,140.0,155.0
6731,262.0,124.0,152.0,148.0
6732,271.0,257.0,155.0,144.0
6733,273.0,140.0,162.0,165.0
6734,261.0,226.0,141.0,141.0
6735,240.0,105.0,122.0,131.0
6736,257.0,125.0,143.0,147.0
6737,243.0,132.0,141.0,140.0
6738,260.0,183.0,158.0,149.0
6739,244.0,67.0,127.0,131.0
6740,248.0,154.0,133.0,141.0
6741,283.0,100.0,175.0,161.0
6742,264.0,116.0,160.0,149.0
6743,253.0,94.0,139.0,142.0
6744,258.0,87.0,139.0,134.0
6745,255.0,132.0,137.0,153.0
6746,237.0,102.0,122.0,130.0
6747,249.0,102.0,149.0,156.0
6748,260.0,125.0,161.0,141.0
6749,242.0,121.0,133.0,145.0
6750,251.0,171.0,135.0,131.0
6751,236.0,83.0,131.0,134.0
6752,258.0,150.0,149.0,149.0
6753,243.0,96.0,136.0,135.0
6754,246.0,93.0,140.0,144.0
6755,250.0,106.0,141.0,155.0
6756,258.0,71.0,127.0,136.0
6757,242.0,113.0,138.0,135.0
6758,235.0,85.0,136.0,123.0
6759,236.0,97.0,122.0,126.0
6760,266.0,87.0,144.0,144.0
6761,240.0,99.0,148.0,131.0
6762,265.0,139.0,145.0,160.0
6763,252.0,214.0,147.0,152.0
6764,264.0,226.0,141.0,154.0
6765,256.0,174.0,146.0,143.0
6766,248.0,159.0,154.0,132.0
6767,246.0,90.0,136.0,145.0
6768,254.0,152.0,128.0,147.0
6769,270.0,133.0,147.0,151.0
6770,242.0,83.0,125.0,138.0
6771,240.0,85.0,129.0,139.0
6772,264.0,128.0,145.0,153.0
6773,240.0,116.0,128.0,133.0
6774,233.0,79.0,128.0,135.0
6775,249.0,105.0,143.0,141.0
6776,225.0,105.0,140.0,135.0
6777,247.0,109.0,139.0,142.0
6778,248.0,93.0,140.0,129.0
6779,261.0,127.0,138.0,158.0
6780,256.0,117.0,129.0,139.0
6781,261.0,85.0,151.0,145.0
6782,265.0,126.0,139.0,150.0
6783,236.0,102.0,131.0,137.0
6784,231.0,132.0,130.0,123.0
6785,259.0,121.0,145.0,155.0
6786,251.0,208.0,144.0,148.0
6787,269.0,109.0,129.0,156.0
6788,236.0,128.0,134.0,124.0
6789,272.0,66.0,165.0,167.0
6790,249.0,134.0,136.0,137.0
6791,256.0,128.0,141.0,146.0
6792,225.0,199.0,120.0,121.0
6793,256.0,205.0,138.0,158.0
6794,234.0,108.0,131.0,127.0
6795,264.0,259.0,159.0,145.0
6796,272.0,72.0,143.0,148.0
6797,230.0,90.0,112.0,132.0
6798,278.0,167.0,170.0,163.0
6799,230.0,134.0,129.0,129.0
6800,260.0,83.0,142.0,148.0
6801,274.0,146.0,151.0,148.0
6802,265.0,81.0,150.0,162.0
6803,237.0,81.0,128.0,134.0
6804,252.0,204.0,145.0,149.0
6805,273.0,67.0,152.0,146.0
6806,237.0,110.0,137.0,125.0
6807,246.0,104.0,127.0,137.0
6808,259.0,125.0,137.0,157.0
6809,254.0,160.0,145.0,145.0
6810,247.0,119.0,153.0,138.0
6811,251.0,124.0,139.0,151.0
6812,231.0,47.0,119.0,131.0
6813,258.0,95.0,147.0,146.0
6814,264.0,62.0,145.0,130.0
6815,275.0,255.0,156.0,153.0
6816,244.0,92.0,130.0,143.0
6817,252.0,70.0,151.0,141.0
6818,251.0,112.0,140.0,124.0
6819,266.0,258.0,161.0,157.0
6820,237.0,89.0,139.0,120.0
6821,248.0,175.0,137.0,132.0
6822,264.0,101.0,143.0,143.0
6823,265.0,236.0,146.0,139.0
6824,256.0,109.0,143.0,130.0
6825,254.0,87.0,133.0,123.0
6826,257.0,153.0,135.0,159.0
6827,260.0,122.0,151.0,149.0
6828,260.0,92.0,146.0,147.0
6829,273.0,198.0,165.0,165.0
6830,264.0,135.0,158.0,156.0
6831,238.0,73.0,122.0,131.0
6832,260.0,103.0,154.0,131.0
6833,222.0,85.0,127.0,130.0
6834,247.0,75.0,140.0,139.0
6835,250.0,85.0,151.0,141.0
6836,249.0,115.0,136.0,146.0
6837,248.0,101.0,139.0,134.0
6838,266.0,125.0,143.0,159.0
6839,274.0,129.0,143.0,145.0
6840,259.0,90.0,155.0,153.0
6841,222.0,81.0,121.0,123.0
6842,242.0,127.0,135.0,130.0
6843,255.0,70.0,146.0,137.0
6844,246.0,114.0,149.0,133.0
6845,249.0,98.0,145.0,150.0
6846,277.0,110.0,153.0,165.0
6847,265.0,134.0,146.0,154.0
6848,243.0,104.0,125.0,144.0
6849,252.0,201.0,134.0,135.0
6850,228.0,137.0,120.0,117.0
6851,224.0,140.0,130.0,122.0
6852,251.0,242.0,145.0,155.0
6853,275.0,266.0,159.0,161.0
6854,249.0,80.0,133.0,151.0
6855,262.0,79.0,156.0,161.0
6856,239.0,95.0,140.0,126.0
6857,255.0,89.0,143.0,138.0
6858,249.0,130.0,130.0,145.0
6859,244.0,104.0,144.0,145.0
6860,244.0,85.0,151.0,139.0
6861,235.0,81.0,128.0,130.0
6862,216.0,89.0,107.0,118.0
6863,242.0,95.0,141.0,143.0
6864,241.0,150.0,129.0,139.0
6865,266.0,149.0,141.0,157.0
6866,274.0,185.0,148.0,156.0
6867,252.0,102.0,158.0,131.0
6868,253.0,111.0,143.0,134.0
6869,254.0,130.0,148.0,143.0
6870,271.0,213.0,154.0,161.0
6871,250.0,62.0,147.0,145.0
6872,233.0,195.0,136.0,144.0
6873,237.0,90.0,135.0,123.0
6874,255.0,121.0,145.0,154.0
6875,229.0,113.0,124.0,129.0
6876,251.0,104.0,133.0,138.0
6877,239.0,119.0,144.0,147.0
6878,235.0,212.0,129.0,129.0
6879,254.0,112.0,151.0,146.0
6880,254.0,84.0,131.0,135.0
6881,255.0,116.0,152.0,141.0
6882,250.0,89.0,118.0,141.0
6883,259.0,214.0,141.0,148.0
6884,242.0,35.0,127.0,130.0
6885,266.0,131.0,144.0,144.0
6886,247.0,122.0,133.0,135.0
6887,246.0,99.0,137.0,139.0
6888,247.0,114.0,120.0,147.0
6889,238.0,131.0,130.0,135.0
6890,241.0,105.0,143.0,139.0
6891,232.0,96.0,127.0,142.0
6892,261.0,117.0,156.0,143.0
6893,257.0,118.0,160.0,141.0
6894,254.0,127.0,142.0,158.0
6895,251.0,99.0,132.0,147.0
6896,264.0,126.0,142.0,143.0
6897,267.0,142.0,151.0,146.0
6898,249.0,104.0,141.0,132.0
6899,245.0,125.0,156.0,143.0
6900,269.0,122.0,157.0,160.0
6901,239.0,163.0,126.0,133.0
6902,250.0,128.0,143.0,138.0
6903,254.0,82.0,133.0,129.0
6904,261.0,77.0,152.0,165.0
6905,254.0,88.0,139.0,138.0
6906,278.0,101.0,163.0,163.0
6907,259.0,120.0,132.0,160.0
6908,248.0,225.0,133.0,150.0
6909,243.0,109.0,143.0,141.0
6910,256.0,62.0,151.0,149.0
6911,265.0,104.0,145.0,154.0
6912,266.0,153.0,145.0,142.0
6913,261.0,142.0,138.0,149.0
6914,244.0,91.0,143.0,130.0
6915,269.0,172.0,148.0,150.0
6916,248.0,76.0,136.0,137.0
6917,262.0,113.0,146.0,150.0
6918,250.0,103.0,130.0,151.0
6919,241.0,111.0,136.0,138.0
6920,232.0,109.0,123.0,126.0
6921,265.0,120.0,137.0,156.0
6922,228.0,104.0,128.0,120.0
6923,240.0,104.0,123.0,129.0
6924,228.0,104.0,123.0,118.0
6925,232.0,106.0,130.0,129.0
6926,284.0,102.0,156.0,170.0
6927,279.0,100.0,158.0,157.0
6928,248.0,96.0,141.0,148.0
6929,240.0,90.0,133.0,137.0
6930,247.0,161.0,135.0,147.0
6931,229.0,61.0,139.0,127.0
6932,256.0,108.0,146.0,156.0
6933,258.0,169.0,143.0,153.0
6934,247.0,108.0,129.0,147.0
6935,235.0,95.0,123.0,144.0
6936,257.0,102.0,146.0,138.0
6937,270.0,105.0,146.0,156.0
6938,250.0,117.0,140.0,138.0
6939,241.0,107.0,132.0,131.0
6940,262.0,92.0,157.0,141.0
6941,256.0,149.0,149.0,155.0
6942,274.0,144.0,165.0,153.0
6943,248.0,114.0,135.0,154.0
6944,270.0,129.0,139.0,150.0
6945,244.0,240.0,160.0,124.0
6946,247.0,243.0,133.0,140.0
6947,261.0,130.0,137.0,151.0
6948,256.0,126.0,147.0,141.0
6949,236.0,116.0,128.0,134.0
6950,248.0,209.0,150.0,132.0
6951,235.0,71.0,130.0,137.0
6952,258.0,195.0,140.0,139.0
6953,244.0,113.0,141.0,127.0
6954,262.0,82.0,140.0,130.0
6955,242.0,44.0,139.0,125.0
6956,247.0,116.0,147.0,148.0
6957,251.0,102.0,139.0,143.0
6958,238.0,84.0,134.0,132.0
6959,240.0,119.0,121.0,142.0
6960,249.0,90.0,152.0,132.0
6961,264.0,131.0,158.0,145.0
6962,249.0,74.0,143.0,143.0
6963,256.0,125.0,157.0,159.0
6964,253.0,126.0,149.0,142.0
6965,266.0,151.0,139.0,150.0
6966,252.0,99.0,148.0,135.0
6967,238.0,140.0,134.0,133.0
6968,261.0,73.0,161.0,155.0
6969,267.0,215.0,140.0,131.0
6970,252.0,90.0,141.0,133.0
6971,269.0,115.0,152.0,143.0
6972,261.0,125.0,151.0,154.0
6973,249.0,95.0,138.0,130.0
6974,273.0,143.0,157.0,169.0
6975,231.0,84.0,126.0,117.0
6976,245.0,85.0,130.0,126.0
6977,271.0,136.0,152.0,140.0
6978,256.0,154.0,140.0,133.0
6979,256.0,109.0,151.0,142.0
6980,258.0,110.0,125.0,152.0
6981,261.0,147.0,155.0,141.0
6982,239.0,148.0,145.0,150.0
6983,274.0,86.0,153.0,158.0
6984,250.0,119.0,135.0,144.0
6985,257.0,119.0,127.0,140.0
6986,258.0,131.0,135.0,146.0
6987,242.0,98.0,135.0,131.0
6988,241.0,138.0,142.0,129.0
6989,275.0,72.0,150.0,154.0
6990,242.0,75.0,125.0,125.0
6991,268.0,145.0,148.0,144.0
6992,264.0,155.0,148.0,143.0
6993,253.0,97.0,130.0,152.0
6994,239.0,85.0,130.0,132.0
6995,240.0,197.0,129.0,132.0
6996,262.0,133.0,148.0,157.0
6997,252.0,115.0,131.0,142.0
6998,259.0,115.0,143.0,151.0
6999,256.0,229.0,140.0,143.0
7000,257.0,64.0,144.0,134.0
7001,248.0,123.0,126.0,146.0
7002,249.0,141.0,139.0,138.0
7003,243.0,129.0,123.0,127.0
7004,239.0,87.0,146.0,132.0
7005,241.0,85.0,143.0,139.0
7006,284.0,176.0,166.0,172.0
7007,248.0,126.0,136.0,143.0
7008,268.0,113.0,143.0,146.0
7009,275.0,104.0,143.0,156.0
7010,264.0,105.0,143.0,146.0
7011,251.0,100.0,140.0,141.0
7012,248.0,89.0,139.0,161.0
7013,243.0,140.0,153.0,133.0
7014,256.0,115.0,142.0,143.0
7015,265.0,113.0,154.0,149.0
7016,243.0,97.0,123.0,139.0
7017,237.0,139.0,124.0,138.0
7018,252.0,114.0,143.0,150.0
7019,234.0,122.0,136.0,133.0
7020,260.0,119.0,150.0,154.0
7021,257.0,93.0,142.0,144.0
7022,268.0,125.0,135.0,146.0
7023,253.0,202.0,169.0,149.0
7024,258.0,111.0,143.0,143.0
7025,254.0,216.0,139.0,143.0
7026,263.0,134.0,154.0,138.0
7027,235.0,156.0,127.0,123.0
7028,258.0,228.0,144.0,136.0
7029,245.0,133.0,143.0,152.0
7030,258.0,86.0,154.0,140.0
7031,260.0,216.0,160.0,135.0
7032,251.0,150.0,146.0,136.0
7033,255.0,148.0,146.0,150.0
7034,219.0,129.0,112.0,127.0
7035,265.0,83.0,141.0,138.0
7036,259.0,125.0,158.0,146.0
7037,255.0,104.0,146.0,149.0
7038,272.0,120.0,150.0,153.0
7039,232.0,119.0,140.0,127.0
7040,264.0,90.0,150.0,150.0
7041,228.0,66.0,132.0,126.0
7042,260.0,106.0,147.0,136.0
7043,224.0,107.0,101.0,134.0
7044,244.0,210.0,123.0,130.0
7045,262.0,70.0,145.0,146.0
7046,270.0,144.0,146.0,152.0
7047,262.0,128.0,159.0,162.0
7048,242.0,123.0,135.0,154.0
7049,255.0,214.0,139.0,130.0
7050,254.0,129.0,135.0,135.0
7051,252.0,102.0,129.0,139.0
7052,237.0,122.0,120.0,122.0
7053,236.0,79.0,136.0,135.0
7054,233.0,178.0,137.0,145.0
7055,260.0,146.0,142.0,150.0
7056,240.0,144.0,133.0,146.0
7057,195.0,59.0,106.0,103.0
7058,246.0,89.0,144.0,131.0
7059,245.0,96.0,139.0,129.0
7060,245.0,107.0,137.0,121.0
7061,222.0,217.0,119.0,119.0
7062,230.0,87.0,127.0,125.0
7063,239.0,92.0,148.0,131.0
7064,224.0,187.0,106.0,118.0
7065,224.0,73.0,112.0,118.0
7066,254.0,138.0,159.0,148.0
7067,276.0,105.0,153.0,153.0
7068,230.0,109.0,126.0,128.0
7069,237.0,141.0,130.0,124.0
7070,255.0,246.0,139.0,145.0
7071,221.0,83.0,125.0,115.0
7072,221.0,156.0,121.0,123.0
7073,260.0,99.0,146.0,146.0
7074,281.0,151.0,167.0,157.0
7075,239.0,122.0,142.0,135.0
7076,264.0,167.0,156.0,155.0
7077,256.0,96.0,145.0,150.0
7078,264.0,133.0,150.0,164.0
7079,241.0,103.0,132.0,135.0
7080,276.0,101.0,169.0,148.0
7081,255.0,88.0,152.0,140.0
7082,253.0,210.0,159.0,151.0
7083,253.0,120.0,142.0,146.0
7084,245.0,145.0,138.0,149.0
7085,247.0,121.0,138.0,139.0
7086,242.0,74.0,156.0,134.0
7087,242.0,119.0,129.0,139.0
7088,229.0,142.0,125.0,145.0
7089,261.0,98.0,146.0,134.0
7090,248.0,49.0,140.0,128.0
7091,243.0,104.0,147.0,147.0
7092,263.0,114.0,161.0,147.0
7093,257.0,78.0,146.0,145.0
7094,265.0,137.0,143.0,148.0
7095,249.0,114.0,135.0,137.0
7096,238.0,120.0,143.0,122.0
7097,248.0,95.0,140.0,143.0
7098,277.0,102.0,166.0,162.0
7099,266.0,90.0,140.0,141.0
7100,256.0,131.0,163.0,142.0
7101,250.0,80.0,131.0,134.0
7102,258.0,154.0,142.0,133.0
7103,252.0,98.0,128.0,150.0
7104,248.0,100.0,125.0,143.0
7105,227.0,97.0,135.0,119.0
7106,259.0,99.0,142.0,141.0
7107,253.0,105.0,155.0,137.0
7108,277.0,131.0,151.0,165.0
7109,266.0,206.0,148.0,153.0
7110,226.0,56.0,121.0,117.0
7111,255.0,122.0,147.0,140.0
7112,248.0,237.0,132.0,143.0
7113,243.0,232.0,133.0,138.0
7114,253.0,91.0,144.0,133.0
7115,253.0,123.0,152.0,129.0
7116,276.0,96.0,146.0,154.0
7117,259.0,124.0,141.0,124.0
7118,241.0,210.0,132.0,122.0
7119,259.0,73.0,142.0,146.0
7120,258.0,129.0,141.0,158.0
7121,238.0,115.0,133.0,125.0
7122,248.0,97.0,132.0,149.0
7123,250.0,58.0,141.0,130.0
7124,227.0,108.0,129.0,116.0
7125,241.0,107.0,135.0,140.0
7126,248.0,135.0,133.0,148.0
7127,251.0,118.0,142.0,135.0
7128,258.0,253.0,145.0,147.0
7129,248.0,87.0,149.0,139.0
7130,244.0,123.0,144.0,136.0
7131,243.0,92.0,142.0,131.0
7132,239.0,109.0,131.0,129.0
7133,265.0,143.0,138.0,159.0
7134,227.0,195.0,137.0,123.0
7135,251.0,142.0,140.0,145.0
7136,249.0,144.0,135.0,132.0
7137,264.0,141.0,153.0,144.0
7138,232.0,132.0,122.0,124.0
7139,251.0,144.0,131.0,149.0
7140,243.0,161.0,138.0,135.0
7141,243.0,156.0,137.0,137.0
7142,257.0,107.0,143.0,147.0
7143,243.0,131.0,131.0,117.0
7144,264.0,130.0,157.0,155.0
7145,249.0,69.0,139.0,144.0
7146,234.0,148.0,141.0,133.0
7147,261.0,126.0,137.0,151.0
7148,234.0,195.0,118.0,137.0
7149,251.0,128.0,154.0,137.0
7150,252.0,103.0,145.0,142.0
7151,274.0,125.0,146.0,171.0
7152,271.0,224.0,164.0,155.0
7153,268.0,131.0,135.0,157.0
7154,249.0,124.0,137.0,143.0
7155,259.0,116.0,133.0,144.0
7156,235.0,203.0,121.0,131.0
7157,264.0,232.0,132.0,134.0
7158,242.0,96.0,145.0,135.0
7159,273.0,79.0,155.0,140.0
7160,227.0,59.0,144.0,133.0
7161,243.0,124.0,136.0,142.0
7162,262.0,112.0,146.0,141.0
7163,247.0,70.0,135.0,137.0
7164,244.0,91.0,141.0,137.0
7165,265.0,108.0,146.0,161.0
7166,262.0,109.0,149.0,139.0
7167,254.0,223.0,145.0,133.0
7168,260.0,138.0,137.0,143.0
7169,262.0,102.0,145.0,152.0
7170,255.0,181.0,150.0,150.0
7171,263.0,84.0,145.0,133.0
7172,243.0,86.0,136.0,144.0
7173,246.0,97.0,123.0,135.0
7174,248.0,79.0,144.0,130.0
7175,221.0,48.0,129.0,133.0
7176,258.0,91.0,136.0,165.0
7177,261.0,78.0,133.0,147.0
7178,237.0,74.0,131.0,138.0
7179,236.0,212.0,142.0,140.0
7180,253.0,89.0,142.0,157.0
7181,226.0,112.0,138.0,138.0
7182,250.0,210.0,158.0,146.0
7183,222.0,106.0,135.0,122.0
7184,269.0,92.0,145.0,155.0
7185,239.0,134.0,136.0,121.0
7186,275.0,240.0,162.0,144.0
7187,224.0,190.0,130.0,126.0
7188,237.0,91.0,139.0,131.0
7189,236.0,86.0,143.0,144.0
7190,230.0,205.0,135.0,124.0
7191,261.0,52.0,167.0,149.0
7192,231.0,84.0,130.0,117.0
7193,231.0,82.0,133.0,124.0
7194,258.0,105.0,157.0,145.0
7195,243.0,219.0,143.0,139.0
7196,252.0,56.0,137.0,153.0
7197,242.0,109.0,136.0,126.0
7198,250.0,109.0,138.0,133.0
7199,238.0,70.0,135.0,131.0
7200,254.0,188.0,153.0,140.0
7201,254.0,216.0,142.0,138.0
7202,234.0,196.0,121.0,130.0
7203,260.0,133.0,143.0,148.0
7204,240.0,107.0,122.0,151.0
7205,229.0,84.0,125.0,125.0
7206,281.0,207.0,160.0,152.0
7207,231.0,87.0,131.0,123.0
7208,254.0,94.0,144.0,134.0
7209,271.0,171.0,163.0,148.0
7210,244.0,128.0,129.0,140.0
7211,261.0,130.0,151.0,152.0
7212,237.0,105.0,132.0,143.0
7213,261.0,106.0,136.0,148.0
7214,266.0,54.0,150.0,141.0
7215,228.0,54.0,135.0,127.0
7216,217.0,91.0,132.0,113.0
7217,249.0,90.0,133.0,139.0
7218,268.0,77.0,171.0,143.0
7219,224.0,196.0,132.0,133.0
7220,256.0,115.0,145.0,124.0
7221,269.0,118.0,162.0,146.0
7222,241.0,92.0,151.0,125.0
7223,236.0,117.0,130.0,115.0
7224,258.0,84.0,157.0,125.0
7225,251.0,81.0,132.0,132.0
7226,253.0,68.0,130.0,141.0
7227,235.0,112.0,126.0,124.0
7228,242.0,144.0,135.0,130.0
7229,244.0,125.0,135.0,131.0
7230,246.0,136.0,150.0,157.0
7231,238.0,49.0,127.0,142.0
7232,251.0,95.0,133.0,145.0
7233,265.0,94.0,147.0,154.0
7234,254.0,249.0,148.0,153.0
7235,262.0,134.0,154.0,143.0
7236,256.0,127.0,145.0,141.0
7237,258.0,137.0,148.0,154.0
7238,250.0,86.0,134.0,144.0
7239,215.0,101.0,122.0,119.0
7240,247.0,49.0,144.0,138.0
7241,256.0,93.0,133.0,148.0
7242,275.0,95.0,156.0,157.0
7243,263.0,232.0,151.0,153.0
7244,243.0,129.0,126.0,142.0
7245,244.0,132.0,148.0,127.0
7246,250.0,76.0,130.0,147.0
7247,242.0,79.0,134.0,129.0
7248,247.0,239.0,137.0,123.0
7249,255.0,54.0,131.0,149.0
7250,252.0,97.0,154.0,140.0
7251,240.0,125.0,124.0,148.0
7252,258.0,119.0,145.0,143.0
7253,238.0,225.0,148.0,123.0
7254,273.0,83.0,146.0,146.0
7255,239.0,128.0,130.0,136.0
7256,281.0,255.0,165.0,162.0
7257,232.0,220.0,130.0,141.0
7258,242.0,113.0,147.0,131.0
7259,254.0,117.0,117.0,142.0
7260,283.0,116.0,149.0,153.0
7261,265.0,143.0,152.0,163.0
7262,261.0,112.0,161.0,138.0
7263,232.0,113.0,148.0,130.0
7264,245.0,121.0,140.0,135.0
7265,232.0,119.0,144.0,110.0
7266,208.0,100.0,118.0,107.0
7267,254.0,99.0,148.0,152.0
7268,250.0,86.0,152.0,146.0
7269,250.0,115.0,150.0,149.0
7270,245.0,96.0,123.0,154.0
7271,232.0,100.0,130.0,145.0
7272,268.0,136.0,144.0,160.0
7273,258.0,159.0,157.0,155.0
7274,214.0,171.0,114.0,119.0
7275,235.0,123.0,141.0,124.0
7276,217.0,128.0,119.0,129.0
7277,235.0,117.0,124.0,140.0
7278,243.0,136.0,134.0,128.0
7279,265.0,130.0,143.0,146.0
7280,263.0,132.0,147.0,157.0
7281,258.0,98.0,142.0,150.0
7282,250.0,138.0,143.0,142.0
7283,235.0,51.0,130.0,134.0
7284,242.0,113.0,132.0,140.0
7285,232.0,106.0,125.0,133.0
7286,246.0,135.0,137.0,139.0
7287,269.0,96.0,146.0,153.0
7288,265.0,77.0,152.0,153.0
7289,242.0,98.0,143.0,147.0
7290,230.0,43.0,141.0,133.0
7291,252.0,81.0,171.0,144.0
7292,278.0,78.0,160.0,164.0
7293,250.0,82.0,143.0,142.0
7294,258.0,214.0,153.0,143.0
7295,254.0,127.0,137.0,149.0
7296,242.0,76.0,131.0,136.0
7297,242.0,115.0,122.0,139.0
7298,256.0,134.0,145.0,154.0
7299,269.0,66.0,153.0,155.0
7300,243.0,99.0,144.0,130.0
7301,273.0,97.0,155.0,155.0
7302,243.0,112.0,133.0,135.0
7303,251.0,84.0,134.0,146.0
7304,223.0,154.0,141.0,134.0
7305,254.0,142.0,133.0,141.0
7306,253.0,110.0,142.0,150.0
7307,237.0,102.0,136.0,137.0
7308,270.0,224.0,142.0,144.0
7309,249.0,88.0,126.0,136.0
7310,254.0,134.0,134.0,132.0
7311,242.0,154.0,139.0,131.0
7312,280.0,189.0,152.0,140.0
7313,243.0,102.0,127.0,131.0
7314,231.0,142.0,130.0,132.0
7315,249.0,60.0,137.0,140.0
7316,252.0,147.0,141.0,142.0
7317,243.0,95.0,135.0,131.0
7318,217.0,113.0,128.0,133.0
7319,260.0,144.0,153.0,133.0
7320,254.0,155.0,133.0,137.0
7321,262.0,120.0,151.0,154.0
7322,244.0,132.0,124.0,143.0
7323,228.0,62.0,138.0,130.0
7324,257.0,138.0,147.0,132.0
7325,249.0,97.0,150.0,146.0
7326,239.0,117.0,124.0,124.0
7327,248.0,144.0,141.0,139.0
7328,222.0,193.0,119.0,123.0
7329,264.0,126.0,163.0,157.0
7330,244.0,92.0,138.0,142.0
7331,251.0,136.0,159.0,141.0
7332,243.0,124.0,134.0,137.0
7333,269.0,121.0,162.0,141.0
7334,235.0,95.0,132.0,136.0
7335,278.0,126.0,154.0,169.0
7336,268.0,124.0,142.0,139.0
7337,251.0,138.0,138.0,138.0
7338,232.0,138.0,128.0,130.0
7339,234.0,119.0,136.0,131.0
7340,253.0,101.0,127.0,148.0
7341,256.0,153.0,138.0,133.0
7342,242.0,149.0,149.0,128.0
7343,227.0,197.0,117.0,140.0
7344,248.0,99.0,128.0,130.0
7345,249.0,93.0,144.0,120.0
7346,259.0,114.0,140.0,151.0
7347,244.0,118.0,129.0,154.0
7348,249.0,135.0,160.0,138.0
7349,263.0,107.0,130.0,159.0
7350,261.0,82.0,151.0,155.0
7351,249.0,135.0,145.0,149.0
7352,241.0,180.0,142.0,158.0
7353,223.0,71.0,128.0,119.0
7354,236.0,76.0,128.0,137.0
7355,257.0,134.0,148.0,136.0
7356,258.0,178.0,151.0,158.0
7357,260.0,178.0,150.0,160.0
7358,234.0,55.0,120.0,140.0
7359,250.0,135.0,137.0,139.0
7360,236.0,90.0,138.0,120.0
7361,266.0,111.0,160.0,144.0
7362,241.0,82.0,136.0,146.0
7363,241.0,211.0,135.0,141.0
7364,274.0,244.0,161.0,156.0
7365,272.0,227.0,141.0,138.0
7366,256.0,132.0,136.0,153.0
7367,245.0,96.0,142.0,147.0
7368,253.0,94.0,145.0,153.0
7369,261.0,112.0,167.0,147.0
7370,286.0,105.0,170.0,156.0
7371,245.0,150.0,143.0,145.0
7372,217.0,114.0,117.0,100.0
7373,242.0,49.0,148.0,139.0
7374,257.0,217.0,135.0,150.0
7375,250.0,95.0,148.0,142.0
7376,270.0,136.0,158.0,149.0
7377,259.0,92.0,133.0,147.0
7378,244.0,93.0,161.0,135.0
7379,252.0,128.0,135.0,154.0
7380,247.0,93.0,148.0,137.0
7381,278.0,146.0,142.0,148.0
7382,267.0,104.0,153.0,140.0
7383,255.0,132.0,136.0,133.0
7384,240.0,130.0,140.0,124.0
7385,248.0,164.0,133.0,136.0
7386,266.0,109.0,138.0,151.0
7387,265.0,139.0,136.0,159.0
7388,251.0,163.0,143.0,139.0
7389,243.0,144.0,144.0,138.0
7390,237.0,99.0,139.0,120.0
7391,225.0,83.0,146.0,129.0
7392,265.0,261.0,157.0,140.0
7393,243.0,76.0,125.0,141.0
7394,245.0,109.0,133.0,142.0
7395,270.0,93.0,128.0,153.0
7396,227.0,131.0,130.0,122.0
7397,249.0,227.0,138.0,129.0
7398,242.0,73.0,152.0,146.0
7399,271.0,115.0,147.0,163.0
7400,254.0,100.0,135.0,143.0
7401,275.0,175.0,154.0,160.0
7402,275.0,243.0,158.0,149.0
7403,248.0,100.0,129.0,143.0
7404,264.0,89.0,127.0,155.0
7405,254.0,249.0,143.0,142.0
7406,258.0,253.0,132.0,133.0
7407,229.0,131.0,115.0,137.0
7408,240.0,88.0,141.0,141.0
7409,243.0,96.0,144.0,124.0
7410,264.0,177.0,168.0,141.0
7411,247.0,215.0,129.0,137.0
7412,272.0,140.0,137.0,149.0
7413,233.0,141.0,129.0,122.0
7414,264.0,113.0,142.0,157.0
7415,233.0,98.0,142.0,129.0
7416,248.0,107.0,132.0,143.0
7417,240.0,72.0,144.0,140.0
7418,243.0,76.0,140.0,136.0
7419,269.0,101.0,136.0,153.0
7420,240.0,63.0,138.0,123.0
7421,255.0,147.0,140.0,141.0
7422,259.0,175.0,147.0,143.0
7423,256.0,147.0,153.0,141.0
7424,234.0,126.0,127.0,143.0
7425,265.0,111.0,160.0,155.0
7426,258.0,122.0,145.0,145.0
7427,240.0,65.0,146.0,134.0
7428,253.0,203.0,149.0,132.0
7429,259.0,126.0,138.0,149.0
7430,277.0,142.0,163.0,146.0
7431,265.0,153.0,147.0,157.0
7432,247.0,81.0,153.0,145.0
7433,241.0,152.0,115.0,145.0
7434,248.0,172.0,130.0,135.0
7435,237.0,90.0,131.0,141.0
7436,246.0,89.0,147.0,143.0
7437,249.0,94.0,145.0,137.0
7438,268.0,147.0,151.0,147.0
7439,267.0,256.0,154.0,144.0
7440,269.0,108.0,141.0,157.0
7441,228.0,76.0,123.0,124.0
7442,237.0,79.0,124.0,137.0
7443,242.0,104.0,129.0,140.0
7444,230.0,106.0,123.0,119.0
7445,259.0,184.0,145.0,155.0
7446,259.0,67.0,139.0,132.0
7447,275.0,138.0,149.0,134.0
7448,254.0,119.0,139.0,147.0
7449,261.0,128.0,145.0,138.0
7450,233.0,88.0,145.0,131.0
7451,239.0,152.0,131.0,136.0
7452,252.0,120.0,134.0,144.0
7453,279.0,135.0,157.0,137.0
7454,241.0,128.0,126.0,139.0
7455,272.0,145.0,158.0,161.0
7456,258.0,79.0,135.0,151.0
7457,264.0,139.0,157.0,141.0
7458,241.0,113.0,122.0,140.0
7459,259.0,100.0,158.0,137.0
7460,270.0,111.0,157.0,145.0
7461,254.0,140.0,152.0,142.0
7462,260.0,89.0,141.0,148.0
7463,250.0,96.0,133.0,149.0
7464,262.0,100.0,151.0,138.0
7465,233.0,119.0,133.0,131.0
7466,276.0,253.0,159.0,159.0
7467,250.0,126.0,131.0,146.0
7468,256.0,125.0,139.0,137.0
7469,253.0,119.0,143.0,150.0
7470,259.0,87.0,151.0,162.0
7471,230.0,81.0,127.0,129.0
7472,233.0,121.0,129.0,122.0
7473,268.0,216.0,155.0,131.0
7474,273.0,97.0,169.0,168.0
7475,254.0,108.0,140.0,149.0
7476,236.0,109.0,141.0,124.0
7477,245.0,129.0,131.0,138.0
7478,261.0,99.0,143.0,131.0
7479,263.0,143.0,134.0,158.0
7480,232.0,108.0,127.0,135.0
7481,264.0,174.0,141.0,147.0
7482,263.0,228.0,151.0,152.0
7483,251.0,94.0,138.0,134.0
7484,249.0,206.0,140.0,152.0
7485,253.0,93.0,146.0,140.0
7486,255.0,83.0,154.0,144.0
7487,281.0,133.0,162.0,163.0
7488,251.0,77.0,125.0,152.0
7489,240.0,85.0,144.0,134.0
7490,255.0,227.0,157.0,140.0
7491,267.0,121.0,158.0,150.0
7492,234.0,144.0,134.0,138.0
7493,240.0,99.0,146.0,130.0
7494,262.0,106.0,139.0,141.0
7495,250.0,66.0,144.0,154.0
7496,245.0,159.0,159.0,139.0
7497,241.0,123.0,125.0,133.0
7498,253.0,63.0,137.0,154.0
7499,237.0,167.0,146.0,121.0
7500,255.0,111.0,138.0,136.0
7501,229.0,112.0,129.0,129.0
7502,228.0,81.0,131.0,132.0
7503,261.0,132.0,157.0,137.0
7504,244.0,119.0,130.0,123.0
7505,255.0,126.0,131.0,144.0
7506,224.0,46.0,118.0,126.0
7507,257.0,233.0,145.0,141.0
7508,236.0,69.0,125.0,142.0
7509,266.0,138.0,149.0,155.0
7510,255.0,87.0,148.0,154.0
7511,244.0,130.0,124.0,134.0
7512,244.0,75.0,135.0,137.0
7513,240.0,181.0,136.0,148.0
7514,251.0,159.0,133.0,133.0
7515,220.0,135.0,132.0,120.0
7516,255.0,230.0,139.0,124.0
7517,262.0,133.0,147.0,145.0
7518,245.0,129.0,141.0,136.0
7519,274.0,148.0,174.0,149.0
7520,261.0,100.0,147.0,149.0
7521,243.0,126.0,139.0,134.0
7522,239.0,135.0,136.0,138.0
7523,245.0,111.0,138.0,142.0
7524,265.0,119.0,154.0,151.0
7525,265.0,129.0,140.0,155.0
7526,231.0,166.0,123.0,121.0
7527,250.0,121.0,127.0,144.0
7528,257.0,161.0,136.0,152.0
7529,277.0,250.0,160.0,164.0
7530,263.0,256.0,148.0,145.0
7531,239.0,82.0,128.0,150.0
7532,237.0,116.0,126.0,152.0
7533,261.0,112.0,153.0,146.0
7534,252.0,94.0,150.0,149.0
7535,252.0,132.0,149.0,145.0
7536,262.0,84.0,143.0,153.0
7537,252.0,161.0,129.0,135.0
7538,253.0,133.0,133.0,128.0
7539,253.0,136.0,150.0,144.0
7540,231.0,119.0,125.0,133.0
7541,256.0,108.0,133.0,150.0
7542,241.0,82.0,134.0,142.0
7543,223.0,69.0,119.0,119.0
7544,244.0,101.0,129.0,134.0
7545,242.0,207.0,136.0,134.0
7546,266.0,210.0,152.0,127.0
7547,261.0,98.0,146.0,155.0
7548,229.0,90.0,144.0,137.0
7549,255.0,112.0,142.0,156.0
7550,242.0,57.0,136.0,142.0
7551,249.0,115.0,146.0,140.0
7552,263.0,151.0,147.0,157.0
7553,260.0,148.0,154.0,149.0
7554,258.0,112.0,137.0,132.0
7555,252.0,58.0,156.0,141.0
7556,258.0,133.0,147.0,142.0
7557,256.0,105.0,132.0,141.0
7558,254.0,116.0,148.0,134.0
7559,233.0,65.0,135.0,117.0
7560,249.0,88.0,147.0,130.0
7561,242.0,93.0,141.0,134.0
7562,262.0,108.0,137.0,147.0
7563,259.0,177.0,145.0,149.0
7564,256.0,89.0,136.0,147.0
7565,239.0,119.0,131.0,124.0
7566,247.0,109.0,142.0,136.0
7567,251.0,53.0,145.0,144.0
7568,256.0,136.0,151.0,140.0
7569,248.0,109.0,138.0,154.0
7570,249.0,144.0,137.0,143.0
7571,273.0,148.0,162.0,158.0
7572,240.0,123.0,130.0,136.0
7573,241.0,103.0,123.0,124.0
7574,250.0,104.0,139.0,151.0
7575,264.0,75.0,138.0,120.0
7576,270.0,147.0,143.0,149.0
7577,252.0,133.0,135.0,134.0
7578,238.0,132.0,152.0,123.0
7579,263.0,102.0,151.0,140.0
7580,240.0,89.0,148.0,145.0
7581,251.0,145.0,130.0,144.0
7582,243.0,143.0,138.0,138.0
7583,257.0,128.0,139.0,135.0
7584,219.0,90.0,124.0,120.0
7585,231.0,127.0,136.0,138.0
7586,241.0,131.0,133.0,134.0
7587,264.0,144.0,149.0,149.0
7588,250.0,89.0,143.0,142.0
7589,263.0,70.0,139.0,161.0
7590,261.0,90.0,144.0,149.0
7591,237.0,80.0,148.0,139.0
7592,265.0,158.0,139.0,146.0
7593,267.0,153.0,149.0,164.0
7594,231.0,122.0,136.0,138.0
7595,249.0,111.0,161.0,143.0
7596,267.0,113.0,131.0,160.0
7597,231.0,142.0,129.0,129.0
7598,257.0,96.0,161.0,149.0
7599,248.0,128.0,131.0,145.0
7600,230.0,96.0,115.0,127.0
7601,257.0,104.0,140.0,161.0
7602,229.0,122.0,131.0,138.0
7603,236.0,79.0,133.0,139.0
7604,251.0,114.0,152.0,140.0
7605,224.0,104.0,128.0,124.0
7606,245.0,100.0,133.0,130.0
7607,244.0,85.0,129.0,137.0
7608,255.0,71.0,138.0,153.0
7609,231.0,93.0,132.0,129.0
7610,264.0,135.0,153.0,151.0
7611,252.0,108.0,155.0,158.0
7612,252.0,124.0,140.0,138.0
7613,239.0,107.0,132.0,136.0
7614,259.0,126.0,152.0,137.0
7615,243.0,129.0,134.0,126.0
7616,254.0,128.0,148.0,152.0
7617,242.0,136.0,142.0,137.0
7618,245.0,70.0,139.0,134.0
7619,252.0,118.0,134.0,159.0
7620,241.0,99.0,134.0,142.0
7621,247.0,96.0,127.0,135.0
7622,250.0,115.0,138.0,122.0
7623,279.0,90.0,151.0,155.0
7624,253.0,167.0,155.0,148.0
7625,237.0,71.0,146.0,135.0
7626,261.0,134.0,139.0,152.0
7627,237.0,111.0,139.0,139.0
7628,261.0,147.0,149.0,137.0
7629,247.0,147.0,130.0,143.0
7630,276.0,126.0,160.0,138.0
7631,244.0,78.0,148.0,137.0
7632,259.0,104.0,145.0,143.0
7633,226.0,115.0,141.0,129.0
7634,262.0,128.0,150.0,147.0
7635,245.0,121.0,124.0,129.0
7636,256.0,109.0,163.0,158.0
7637,245.0,99.0,156.0,139.0
7638,249.0,70.0,151.0,141.0
7639,248.0,118.0,135.0,147.0
7640,264.0,91.0,151.0,158.0
7641,245.0,124.0,135.0,149.0
7642,238.0,89.0,143.0,139.0
7643,232.0,216.0,126.0,145.0
7644,274.0,173.0,128.0,161.0
7645,250.0,214.0,134.0,140.0
7646,249.0,115.0,133.0,140.0
7647,242.0,89.0,135.0,134.0
7648,251.0,135.0,157.0,154.0
7649,257.0,138.0,144.0,148.0
7650,243.0,142.0,134.0,143.0
7651,247.0,112.0,129.0,167.0
7652,242.0,111.0,139.0,143.0
7653,261.0,136.0,151.0,136.0
7654,246.0,82.0,146.0,142.0
7655,240.0,144.0,145.0,133.0
7656,249.0,102.0,146.0,140.0
7657,250.0,111.0,139.0,127.0
7658,276.0,93.0,161.0,153.0
7659,245.0,134.0,140.0,130.0
7660,254.0,137.0,143.0,139.0
7661,279.0,75.0,157.0,148.0
7662,235.0,88.0,138.0,131.0
7663,249.0,87.0,143.0,134.0
7664,256.0,114.0,146.0,146.0
7665,240.0,96.0,134.0,132.0
7666,270.0,93.0,153.0,147.0
7667,279.0,98.0,162.0,152.0
7668,289.0,180.0,151.0,155.0
7669,258.0,98.0,147.0,150.0
7670,267.0,119.0,152.0,140.0
7671,264.0,81.0,154.0,150.0
7672,254.0,224.0,140.0,153.0
7673,245.0,138.0,158.0,130.0
7674,258.0,122.0,138.0,149.0
7675,263.0,96.0,147.0,139.0
7676,251.0,125.0,135.0,141.0
7677,261.0,64.0,153.0,139.0
7678,258.0,141.0,141.0,139.0
7679,264.0,110.0,159.0,159.0
7680,245.0,43.0,129.0,152.0
7681,250.0,123.0,139.0,142.0
7682,265.0,131.0,145.0,139.0
7683,264.0,130.0,143.0,150.0
7684,231.0,91.0,131.0,134.0
7685,228.0,129.0,138.0,133.0
7686,262.0,149.0,143.0,150.0
7687,236.0,84.0,150.0,143.0
7688,238.0,77.0,138.0,130.0
7689,245.0,110.0,138.0,141.0
7690,266.0,120.0,151.0,140.0
7691,244.0,81.0,138.0,119.0
7692,231.0,82.0,139.0,112.0
7693,243.0,64.0,146.0,135.0
7694,285.0,149.0,167.0,160.0
7695,284.0,146.0,153.0,167.0
7696,267.0,137.0,142.0,143.0
7697,266.0,123.0,156.0,149.0
7698,266.0,142.0,141.0,139.0
7699,239.0,107.0,135.0,121.0
7700,249.0,88.0,143.0,143.0
7701,239.0,89.0,139.0,139.0
7702,250.0,135.0,130.0,128.0
7703,248.0,110.0,132.0,134.0
7704,223.0,115.0,127.0,119.0
7705,256.0,106.0,142.0,135.0
7706,246.0,102.0,137.0,131.0
7707,257.0,112.0,138.0,133.0
7708,239.0,98.0,126.0,127.0
7709,235.0,89.0,127.0,124.0
7710,291.0,127.0,155.0,174.0
7711,253.0,132.0,147.0,136.0
7712,242.0,139.0,147.0,136.0
7713,254.0,134.0,135.0,146.0
7714,232.0,110.0,130.0,134.0
7715,248.0,131.0,128.0,134.0
7716,270.0,90.0,153.0,155.0
7717,270.0,99.0,160.0,142.0
7718,248.0,164.0,142.0,145.0
7719,248.0,118.0,133.0,140.0
7720,232.0,121.0,132.0,136.0
7721,257.0,131.0,147.0,142.0
7722,251.0,165.0,136.0,133.0
7723,246.0,145.0,136.0,138.0
7724,246.0,112.0,148.0,146.0
7725,265.0,111.0,141.0,151.0
7726,258.0,161.0,145.0,133.0
7727,272.0,178.0,149.0,146.0
7728,260.0,91.0,150.0,142.0
7729,246.0,92.0,140.0,140.0
7730,247.0,90.0,142.0,142.0
7731,266.0,146.0,150.0,144.0
7732,259.0,108.0,141.0,149.0
7733,291.0,87.0,152.0,159.0
7734,244.0,96.0,130.0,127.0
7735,252.0,103.0,157.0,148.0
7736,247.0,141.0,138.0,136.0
7737,258.0,99.0,147.0,131.0
7738,236.0,202.0,137.0,144.0
7739,272.0,238.0,159.0,159.0
7740,255.0,127.0,138.0,142.0
7741,256.0,126.0,158.0,152.0
7742,258.0,109.0,141.0,157.0
7743,268.0,186.0,157.0,168.0
7744,255.0,105.0,137.0,148.0
7745,245.0,110.0,128.0,140.0
7746,245.0,143.0,137.0,123.0
7747,218.0,92.0,123.0,133.0
7748,229.0,109.0,131.0,118.0
7749,249.0,112.0,129.0,130.0
7750,258.0,218.0,148.0,144.0
7751,222.0,64.0,129.0,129.0
7752,242.0,120.0,136.0,136.0
7753,259.0,119.0,165.0,144.0
7754,233.0,65.0,149.0,137.0
7755,267.0,130.0,146.0,152.0
7756,233.0,123.0,130.0,135.0
7757,242.0,76.0,147.0,133.0
7758,254.0,119.0,146.0,145.0
7759,254.0,239.0,128.0,158.0
7760,278.0,132.0,156.0,156.0
7761,261.0,101.0,153.0,148.0
7762,268.0,206.0,150.0,145.0
7763,245.0,125.0,121.0,136.0
7764,285.0,99.0,150.0,155.0
7765,242.0,56.0,135.0,128.0
7766,271.0,141.0,141.0,165.0
7767,252.0,151.0,156.0,133.0
7768,266.0,137.0,154.0,137.0
7769,268.0,137.0,138.0,154.0
7770,236.0,119.0,132.0,122.0
7771,264.0,83.0,151.0,155.0
7772,267.0,127.0,158.0,146.0
7773,229.0,106.0,141.0,128.0
7774,269.0,125.0,157.0,147.0
7775,276.0,118.0,136.0,152.0
7776,248.0,78.0,136.0,143.0
7777,260.0,133.0,153.0,147.0
7778,260.0,114.0,138.0,127.0
7779,236.0,87.0,124.0,136.0
7780,251.0,95.0,152.0,145.0
7781,244.0,150.0,134.0,133.0
7782,228.0,212.0,128.0,132.0
7783,272.0,111.0,143.0,163.0
7784,246.0,113.0,141.0,135.0
7785,250.0,133.0,149.0,133.0
7786,252.0,169.0,142.0,141.0
7787,229.0,153.0,127.0,123.0
7788,261.0,147.0,139.0,158.0
7789,249.0,96.0,134.0,138.0
7790,245.0,136.0,154.0,145.0
7791,241.0,103.0,126.0,134.0
7792,254.0,96.0,146.0,142.0
7793,229.0,90.0,122.0,112.0
7794,242.0,205.0,133.0,147.0
7795,265.0,81.0,148.0,152.0
7796,258.0,123.0,145.0,150.0
7797,244.0,219.0,149.0,135.0
7798,238.0,202.0,139.0,143.0
7799,272.0,236.0,164.0,153.0
7800,262.0,119.0,142.0,151.0
7801,272.0,120.0,149.0,152.0
7802,248.0,215.0,126.0,129.0
7803,242.0,93.0,146.0,125.0
7804,260.0,137.0,140.0,147.0
7805,278.0,109.0,148.0,167.0
7806,271.0,118.0,156.0,166.0
7807,249.0,221.0,134.0,138.0
7808,254.0,120.0,149.0,154.0
7809,237.0,82.0,138.0,139.0
7810,232.0,119.0,133.0,129.0
7811,256.0,83.0,141.0,138.0
7812,243.0,149.0,133.0,125.0
7813,237.0,71.0,121.0,142.0
7814,265.0,78.0,144.0,148.0
7815,253.0,232.0,143.0,155.0
7816,235.0,214.0,136.0,128.0
7817,223.0,128.0,133.0,129.0
7818,247.0,122.0,154.0,154.0
7819,261.0,131.0,144.0,143.0
7820,241.0,76.0,139.0,128.0
7821,244.0,131.0,130.0,133.0
7822,233.0,82.0,149.0,127.0
7823,243.0,96.0,119.0,145.0
7824,265.0,150.0,146.0,152.0
7825,241.0,75.0,136.0,131.0
7826,253.0,112.0,149.0,142.0
7827,250.0,57.0,136.0,148.0
7828,253.0,226.0,138.0,146.0
7829,239.0,143.0,133.0,145.0
7830,241.0,45.0,151.0,140.0
7831,249.0,72.0,140.0,123.0
7832,249.0,112.0,151.0,144.0
7833,266.0,104.0,135.0,139.0
7834,254.0,111.0,154.0,130.0
7835,278.0,241.0,143.0,155.0
7836,266.0,122.0,143.0,151.0
7837,226.0,73.0,121.0,130.0
7838,243.0,130.0,137.0,141.0
7839,258.0,126.0,145.0,141.0
7840,258.0,140.0,162.0,145.0
7841,279.0,173.0,150.0,170.0
7842,249.0,114.0,154.0,143.0
7843,235.0,123.0,123.0,129.0
7844,236.0,108.0,135.0,129.0
7845,269.0,103.0,146.0,143.0
7846,227.0,71.0,128.0,130.0
7847,241.0,128.0,129.0,141.0
7848,233.0,140.0,121.0,124.0
7849,263.0,128.0,142.0,139.0
7850,238.0,89.0,148.0,133.0
7851,261.0,84.0,140.0,153.0
7852,237.0,107.0,135.0,122.0
7853,239.0,143.0,122.0,122.0
7854,242.0,83.0,139.0,156.0
7855,240.0,118.0,128.0,141.0
7856,265.0,133.0,164.0,156.0
7857,250.0,98.0,147.0,145.0
7858,240.0,84.0,129.0,147.0
7859,243.0,147.0,145.0,138.0
7860,223.0,91.0,129.0,147.0
7861,244.0,98.0,139.0,128.0
7862,255.0,110.0,134.0,131.0
7863,245.0,92.0,140.0,132.0
7864,264.0,164.0,146.0,156.0
7865,263.0,150.0,145.0,146.0
7866,236.0,207.0,140.0,130.0
7867,264.0,104.0,145.0,152.0
7868,264.0,109.0,142.0,146.0
7869,231.0,125.0,125.0,135.0
7870,284.0,101.0,155.0,171.0
7871,243.0,135.0,148.0,137.0
7872,252.0,88.0,140.0,128.0
7873,276.0,125.0,161.0,143.0
7874,262.0,68.0,145.0,154.0
7875,242.0,55.0,138.0,146.0
7876,259.0,126.0,144.0,135.0
7877,225.0,99.0,120.0,115.0
7878,238.0,88.0,119.0,140.0
7879,239.0,131.0,125.0,134.0
7880,244.0,142.0,130.0,134.0
7881,235.0,99.0,139.0,127.0
7882,261.0,257.0,150.0,159.0
7883,257.0,99.0,138.0,160.0
7884,255.0,96.0,146.0,142.0
7885,252.0,135.0,141.0,142.0
7886,251.0,138.0,129.0,145.0
7887,269.0,130.0,156.0,157.0
7888,232.0,101.0,137.0,132.0
7889,254.0,141.0,148.0,148.0
7890,246.0,209.0,154.0,129.0
7891,209.0,133.0,116.0,122.0
7892,260.0,88.0,136.0,133.0
7893,273.0,103.0,156.0,142.0
7894,246.0,120.0,129.0,137.0
7895,250.0,113.0,143.0,138.0
7896,244.0,117.0,135.0,148.0
7897,255.0,107.0,132.0,146.0
7898,272.0,114.0,151.0,144.0
7899,269.0,108.0,164.0,156.0
7900,261.0,221.0,162.0,153.0
7901,252.0,205.0,152.0,128.0
7902,255.0,109.0,135.0,126.0
7903,231.0,79.0,133.0,123.0
7904,259.0,80.0,153.0,137.0
7905,259.0,107.0,146.0,143.0
7906,270.0,129.0,142.0,135.0
7907,247.0,100.0,140.0,154.0
7908,234.0,126.0,131.0,125.0
7909,239.0,112.0,129.0,128.0
7910,266.0,129.0,149.0,142.0
7911,253.0,108.0,154.0,134.0
7912,261.0,99.0,159.0,148.0
7913,254.0,97.0,148.0,151.0
7914,274.0,128.0,152.0,164.0
7915,272.0,118.0,155.0,149.0
7916,227.0,117.0,128.0,136.0
7917,228.0,96.0,130.0,128.0
7918,228.0,104.0,141.0,126.0
7919,262.0,112.0,167.0,146.0
7920,242.0,123.0,131.0,140.0
7921,264.0,77.0,164.0,157.0
7922,268.0,172.0,156.0,151.0
7923,243.0,144.0,138.0,130.0
7924,235.0,106.0,149.0,133.0
7925,230.0,193.0,140.0,134.0
7926,226.0,38.0,133.0,125.0
7927,247.0,128.0,149.0,137.0
7928,266.0,111.0,145.0,158.0
7929,258.0,227.0,148.0,140.0
7930,239.0,208.0,127.0,147.0
7931,236.0,109.0,150.0,141.0
7932,268.0,142.0,144.0,162.0
7933,233.0,97.0,134.0,128.0
7934,231.0,92.0,129.0,132.0
7935,265.0,145.0,135.0,162.0
7936,278.0,112.0,157.0,155.0
7937,252.0,113.0,137.0,140.0
7938,253.0,146.0,125.0,140.0
7939,257.0,154.0,141.0,146.0
7940,268.0,190.0,143.0,158.0
7941,231.0,121.0,114.0,127.0
7942,244.0,111.0,134.0,148.0
7943,225.0,124.0,129.0,124.0
7944,237.0,66.0,145.0,131.0
7945,240.0,106.0,145.0,141.0
7946,265.0,85.0,150.0,145.0
7947,257.0,132.0,148.0,156.0
7948,238.0,131.0,131.0,127.0
7949,266.0,74.0,136.0,152.0
7950,279.0,197.0,157.0,147.0
7951,236.0,145.0,130.0,137.0
7952,235.0,114.0,137.0,147.0
7953,260.0,209.0,156.0,159.0
7954,256.0,115.0,149.0,142.0
7955,250.0,90.0,155.0,133.0
7956,252.0,99.0,144.0,140.0
7957,257.0,118.0,143.0,135.0
7958,253.0,219.0,134.0,146.0
7959,253.0,187.0,145.0,143.0
7960,265.0,173.0,153.0,152.0
7961,242.0,102.0,140.0,145.0
7962,250.0,227.0,145.0,144.0
7963,243.0,93.0,126.0,127.0
7964,251.0,154.0,134.0,135.0
7965,249.0,103.0,131.0,150.0
7966,248.0,135.0,133.0,138.0
7967,279.0,182.0,161.0,158.0
7968,255.0,99.0,165.0,144.0
7969,257.0,124.0,129.0,140.0
7970,245.0,141.0,124.0,123.0
7971,250.0,114.0,142.0,139.0
7972,254.0,92.0,136.0,135.0
7973,259.0,154.0,149.0,153.0
7974,251.0,89.0,144.0,147.0
7975,248.0,128.0,137.0,127.0
7976,257.0,133.0,163.0,159.0
7977,252.0,107.0,145.0,148.0
7978,246.0,114.0,139.0,137.0
7979,250.0,161.0,141.0,145.0
7980,260.0,97.0,155.0,149.0
7981,246.0,210.0,149.0,129.0
7982,248.0,140.0,138.0,148.0
7983,249.0,119.0,153.0,149.0
7984,262.0,60.0,149.0,169.0
7985,236.0,217.0,123.0,134.0
7986,227.0,125.0,125.0,116.0
7987,229.0,80.0,133.0,136.0
7988,276.0,121.0,164.0,168.0
7989,240.0,109.0,143.0,131.0
7990,270.0,111.0,148.0,161.0
7991,243.0,112.0,147.0,134.0
7992,238.0,88.0,141.0,117.0
7993,256.0,147.0,148.0,150.0
7994,260.0,146.0,154.0,138.0
7995,244.0,84.0,142.0,149.0
7996,253.0,112.0,131.0,149.0
7997,263.0,123.0,140.0,145.0
7998,245.0,138.0,149.0,155.0
7999,246.0,129.0,141.0,138.0
8000,255.0,108.0,154.0,143.0
8001,266.0,153.0,142.0,135.0
8002,258.0,154.0,148.0,158.0
8003,239.0,82.0,123.0,131.0
8004,251.0,77.0,147.0,137.0
8005,230.0,96.0,135.0,132.0
8006,243.0,131.0,133.0,129.0
8007,222.0,108.0,124.0,130.0
8008,250.0,142.0,158.0,137.0
8009,253.0,157.0,146.0,136.0
8010,222.0,130.0,125.0,117.0
8011,247.0,138.0,154.0,138.0
8012,245.0,98.0,135.0,142.0
8013,250.0,130.0,144.0,137.0
8014,260.0,225.0,146.0,141.0
8015,244.0,132.0,131.0,136.0
8016,245.0,133.0,135.0,147.0
8017,246.0,110.0,142.0,132.0
8018,238.0,138.0,136.0,132.0
8019,244.0,130.0,139.0,162.0
8020,261.0,97.0,142.0,143.0
8021,248.0,82.0,152.0,148.0
8022,233.0,191.0,111.0,136.0
8023,241.0,111.0,140.0,144.0
8024,258.0,118.0,150.0,161.0
8025,252.0,133.0,135.0,148.0
8026,238.0,57.0,125.0,137.0
8027,235.0,71.0,125.0,130.0
8028,253.0,67.0,145.0,127.0
8029,261.0,107.0,158.0,146.0
8030,268.0,95.0,161.0,149.0
8031,242.0,78.0,151.0,137.0
8032,244.0,145.0,147.0,136.0
8033,283.0,104.0,148.0,164.0
8034,228.0,183.0,121.0,133.0
8035,257.0,97.0,149.0,150.0
8036,258.0,232.0,149.0,138.0
8037,266.0,231.0,152.0,146.0
8038,232.0,127.0,138.0,143.0
8039,229.0,113.0,136.0,145.0
8040,275.0,147.0,164.0,149.0
8041,253.0,229.0,146.0,125.0
8042,253.0,125.0,142.0,143.0
8043,218.0,139.0,123.0,124.0
8044,276.0,119.0,149.0,160.0
8045,243.0,92.0,134.0,132.0
8046,238.0,146.0,131.0,147.0
8047,256.0,98.0,151.0,124.0
8048,239.0,115.0,128.0,146.0
8049,238.0,107.0,140.0,127.0
8050,231.0,97.0,112.0,124.0
8051,258.0,93.0,133.0,147.0
8052,244.0,111.0,137.0,134.0
8053,275.0,123.0,135.0,144.0
8054,262.0,222.0,152.0,150.0
8055,232.0,62.0,138.0,126.0
8056,248.0,73.0,142.0,144.0
8057,222.0,106.0,122.0,132.0
8058,278.0,102.0,151.0,164.0
8059,282.0,123.0,167.0,165.0
8060,240.0,79.0,145.0,146.0
8061,252.0,114.0,146.0,131.0
8062,252.0,219.0,129.0,135.0
8063,253.0,101.0,129.0,140.0
8064,227.0,100.0,118.0,134.0
8065,259.0,127.0,156.0,133.0
8066,234.0,101.0,134.0,133.0
8067,251.0,103.0,143.0,134.0
8068,245.0,102.0,127.0,143.0
8069,258.0,184.0,154.0,148.0
8070,235.0,44.0,138.0,139.0
8071,257.0,152.0,145.0,161.0
8072,255.0,134.0,147.0,141.0
8073,258.0,165.0,136.0,154.0
8074,252.0,69.0,143.0,136.0
8075,274.0,127.0,165.0,162.0
8076,264.0,100.0,158.0,165.0
8077,256.0,127.0,145.0,143.0
8078,267.0,127.0,155.0,156.0
8079,250.0,102.0,133.0,137.0
8080,259.0,99.0,135.0,151.0
8081,222.0,81.0,119.0,135.0
8082,251.0,107.0,134.0,133.0
8083,250.0,98.0,141.0,132.0
8084,258.0,69.0,149.0,144.0
8085,230.0,81.0,130.0,131.0
8086,243.0,92.0,139.0,131.0
8087,231.0,115.0,121.0,135.0
8088,258.0,69.0,143.0,130.0
8089,259.0,129.0,153.0,146.0
8090,245.0,127.0,131.0,134.0
8091,263.0,106.0,143.0,157.0
8092,225.0,90.0,119.0,122.0
8093,251.0,95.0,151.0,156.0
8094,254.0,125.0,137.0,152.0
8095,263.0,140.0,152.0,139.0
8096,277.0,208.0,166.0,150.0
8097,257.0,100.0,135.0,149.0
8098,239.0,55.0,126.0,132.0
8099,242.0,128.0,136.0,141.0
8100,270.0,267.0,144.0,159.0
8101,219.0,99.0,130.0,125.0
8102,254.0,222.0,139.0,150.0
8103,238.0,153.0,114.0,130.0
8104,269.0,112.0,157.0,151.0
8105,251.0,114.0,144.0,137.0
8106,233.0,106.0,125.0,127.0
8107,234.0,50.0,128.0,132.0
8108,253.0,253.0,143.0,136.0
8109,256.0,109.0,143.0,132.0
8110,264.0,95.0,144.0,158.0
8111,266.0,145.0,152.0,155.0
8112,268.0,114.0,145.0,139.0
8113,246.0,103.0,132.0,145.0
8114,240.0,144.0,138.0,119.0
8115,264.0,114.0,154.0,153.0
8116,224.0,131.0,113.0,139.0
8117,260.0,166.0,145.0,153.0
8118,259.0,127.0,158.0,143.0
8119,245.0,134.0,132.0,135.0
8120,224.0,62.0,124.0,110.0
8121,257.0,113.0,139.0,152.0
8122,228.0,101.0,129.0,140.0
8123,240.0,68.0,120.0,135.0
8124,251.0,105.0,143.0,137.0
8125,256.0,89.0,145.0,159.0
8126,237.0,133.0,135.0,137.0
8127,253.0,174.0,139.0,153.0
8128,249.0,138.0,137.0,138.0
8129,250.0,120.0,139.0,141.0
8130,240.0,222.0,144.0,141.0
8131,238.0,164.0,136.0,126.0
8132,258.0,145.0,144.0,141.0
8133,249.0,142.0,127.0,134.0
8134,246.0,127.0,131.0,141.0
8135,239.0,96.0,134.0,151.0
8136,247.0,79.0,150.0,132.0
8137,234.0,100.0,118.0,119.0
8138,272.0,86.0,173.0,151.0
8139,240.0,91.0,134.0,128.0
8140,267.0,147.0,140.0,135.0
8141,258.0,101.0,138.0,142.0
8142,238.0,93.0,136.0,127.0
8143,217.0,101.0,121.0,118.0
8144,237.0,125.0,118.0,120.0
8145,257.0,108.0,145.0,153.0
8146,251.0,90.0,145.0,144.0
8147,277.0,120.0,131.0,158.0
8148,267.0,94.0,151.0,142.0
8149,260.0,136.0,153.0,123.0
8150,270.0,148.0,139.0,155.0
8151,242.0,68.0,135.0,131.0
8152,265.0,110.0,146.0,147.0
8153,247.0,114.0,149.0,141.0
8154,221.0,94.0,114.0,121.0
8155,248.0,79.0,144.0,127.0
8156,242.0,94.0,126.0,136.0
8157,275.0,146.0,149.0,156.0
8158,247.0,112.0,137.0,146.0
8159,245.0,91.0,160.0,140.0
8160,262.0,119.0,136.0,131.0
8161,281.0,250.0,164.0,154.0
8162,233.0,170.0,129.0,133.0
8163,244.0,155.0,145.0,147.0
8164,264.0,104.0,151.0,152.0
8165,247.0,96.0,150.0,149.0
8166,259.0,136.0,146.0,141.0
8167,263.0,157.0,167.0,144.0
8168,242.0,105.0,136.0,135.0
8169,251.0,113.0,135.0,130.0
8170,238.0,149.0,129.0,132.0
8171,237.0,137.0,120.0,138.0
8172,249.0,133.0,151.0,142.0
8173,248.0,105.0,142.0,136.0
8174,255.0,115.0,120.0,150.0
8175,263.0,129.0,151.0,161.0
8176,251.0,109.0,127.0,144.0
8177,240.0,119.0,133.0,130.0
8178,229.0,89.0,139.0,128.0
8179,249.0,140.0,136.0,146.0
8180,238.0,107.0,125.0,115.0
8181,265.0,170.0,150.0,148.0
8182,249.0,121.0,149.0,141.0
8183,250.0,169.0,148.0,137.0
8184,213.0,96.0,124.0,100.0
8185,253.0,221.0,153.0,139.0
8186,247.0,119.0,138.0,133.0
8187,239.0,230.0,126.0,135.0
8188,248.0,116.0,156.0,128.0
8189,262.0,91.0,145.0,145.0
8190,256.0,213.0,135.0,142.0
8191,247.0,104.0,124.0,146.0
8192,233.0,88.0,120.0,128.0
8193,233.0,126.0,137.0,118.0
8194,258.0,108.0,133.0,141.0
8195,237.0,100.0,129.0,141.0
8196,231.0,128.0,135.0,136.0
8197,278.0,253.0,163.0,168.0
8198,231.0,206.0,120.0,118.0
8199,262.0,114.0,137.0,164.0
8200,259.0,250.0,149.0,139.0
8201,222.0,113.0,128.0,126.0
8202,247.0,109.0,139.0,149.0
8203,273.0,114.0,148.0,159.0
8204,255.0,151.0,149.0,141.0
8205,247.0,109.0,118.0,122.0
8206,270.0,111.0,167.0,154.0
8207,242.0,224.0,140.0,133.0
8208,263.0,109.0,138.0,146.0
8209,244.0,85.0,133.0,136.0
8210,288.0,136.0,165.0,172.0
8211,240.0,128.0,132.0,141.0
8212,243.0,115.0,143.0,141.0
8213,260.0,111.0,148.0,149.0
8214,275.0,130.0,162.0,158.0
8215,245.0,104.0,136.0,142.0
8216,267.0,83.0,156.0,152.0
8217,242.0,123.0,142.0,135.0
8218,269.0,116.0,159.0,155.0
8219,283.0,67.0,147.0,155.0
8220,266.0,227.0,141.0,154.0
8221,233.0,133.0,139.0,129.0
8222,232.0,114.0,132.0,130.0
8223,241.0,147.0,131.0,126.0
8224,247.0,112.0,140.0,133.0
8225,252.0,108.0,137.0,137.0
8226,229.0,76.0,124.0,136.0
8227,249.0,72.0,141.0,138.0
8228,263.0,79.0,160.0,136.0
8229,256.0,76.0,139.0,146.0
8230,257.0,104.0,131.0,158.0
8231,242.0,101.0,136.0,140.0
8232,283.0,102.0,166.0,167.0
8233,262.0,90.0,159.0,153.0
8234,248.0,118.0,130.0,129.0
8235,242.0,108.0,149.0,141.0
8236,238.0,120.0,135.0,121.0
8237,265.0,114.0,160.0,149.0
8238,238.0,90.0,127.0,126.0
8239,255.0,98.0,145.0,136.0
8240,231.0,122.0,133.0,135.0
8241,258.0,225.0,139.0,130.0
8242,262.0,147.0,145.0,148.0
8243,240.0,109.0,144.0,135.0
8244,256.0,195.0,148.0,135.0
8245,252.0,126.0,149.0,138.0
8246,271.0,107.0,161.0,162.0
8247,246.0,111.0,129.0,147.0
8248,260.0,220.0,148.0,157.0
8249,263.0,114.0,148.0,151.0
8250,249.0,153.0,141.0,154.0
8251,253.0,91.0,135.0,158.0
8252,257.0,124.0,151.0,155.0
8253,263.0,152.0,123.0,162.0
8254,285.0,113.0,149.0,154.0
8255,219.0,122.0,134.0,135.0
8256,256.0,133.0,140.0,151.0
8257,261.0,135.0,152.0,152.0
8258,258.0,221.0,138.0,133.0
8259,261.0,104.0,147.0,142.0
8260,268.0,89.0,142.0,147.0
8261,260.0,114.0,135.0,152.0
8262,259.0,99.0,150.0,145.0
8263,246.0,128.0,149.0,137.0
8264,243.0,92.0,152.0,136.0
8265,258.0,84.0,138.0,140.0
8266,256.0,136.0,139.0,165.0
8267,263.0,87.0,141.0,153.0
8268,241.0,105.0,125.0,126.0
8269,242.0,147.0,139.0,129.0
8270,246.0,134.0,135.0,126.0
8271,235.0,125.0,136.0,135.0
8272,262.0,80.0,142.0,149.0
8273,263.0,81.0,153.0,129.0
8274,245.0,126.0,147.0,142.0
8275,230.0,91.0,122.0,123.0
8276,268.0,132.0,154.0,153.0
8277,262.0,85.0,142.0,154.0
8278,258.0,134.0,140.0,141.0
8279,250.0,153.0,136.0,140.0
8280,247.0,100.0,130.0,144.0
8281,256.0,96.0,126.0,133.0
8282,247.0,125.0,138.0,137.0
8283,262.0,120.0,152.0,139.0
8284,252.0,202.0,148.0,123.0
8285,234.0,83.0,124.0,133.0
8286,249.0,86.0,139.0,148.0
8287,238.0,111.0,133.0,141.0
8288,240.0,91.0,131.0,138.0
8289,253.0,104.0,148.0,143.0
8290,250.0,82.0,132.0,131.0
8291,255.0,117.0,160.0,157.0
8292,264.0,117.0,144.0,154.0
8293,282.0,152.0,166.0,145.0
8294,239.0,94.0,144.0,135.0
8295,240.0,107.0,126.0,155.0
8296,249.0,123.0,157.0,147.0
8297,256.0,112.0,146.0,137.0
8298,220.0,112.0,127.0,116.0
8299,214.0,96.0,109.0,120.0
8300,277.0,92.0,170.0,156.0
8301,274.0,133.0,156.0,147.0
8302,256.0,147.0,146.0,138.0
8303,238.0,98.0,131.0,135.0
8304,262.0,83.0,153.0,148.0
8305,249.0,156.0,129.0,119.0
8306,282.0,137.0,149.0,154.0
8307,267.0,111.0,155.0,160.0
8308,225.0,82.0,118.0,132.0
8309,243.0,102.0,150.0,127.0
8310,234.0,91.0,141.0,121.0
8311,283.0,156.0,154.0,166.0
8312,260.0,147.0,137.0,151.0
8313,253.0,160.0,146.0,142.0
8314,275.0,148.0,148.0,161.0
8315,253.0,172.0,150.0,141.0
8316,258.0,119.0,153.0,132.0
8317,258.0,95.0,145.0,133.0
8318,258.0,135.0,142.0,144.0
8319,258.0,69.0,149.0,138.0
8320,253.0,99.0,132.0,146.0
8321,259.0,149.0,148.0,152.0
8322,259.0,124.0,143.0,160.0
8323,263.0,122.0,154.0,148.0
8324,248.0,65.0,128.0,143.0
8325,258.0,223.0,157.0,123.0
8326,238.0,78.0,145.0,141.0
8327,255.0,115.0,146.0,157.0
8328,258.0,148.0,139.0,132.0
8329,259.0,125.0,159.0,140.0
8330,241.0,71.0,125.0,138.0
8331,258.0,121.0,138.0,131.0
8332,267.0,108.0,152.0,147.0
8333,251.0,114.0,153.0,135.0
8334,265.0,81.0,138.0,148.0
8335,272.0,138.0,143.0,143.0
8336,237.0,141.0,137.0,147.0
8337,251.0,127.0,144.0,149.0
8338,247.0,135.0,134.0,146.0
8339,235.0,131.0,142.0,135.0
8340,257.0,104.0,148.0,164.0
8341,257.0,101.0,140.0,131.0
8342,243.0,95.0,144.0,131.0
8343,275.0,141.0,162.0,148.0
8344,233.0,118.0,128.0,140.0
8345,232.0,175.0,129.0,127.0
8346,239.0,201.0,122.0,131.0
8347,253.0,90.0,130.0,144.0
8348,244.0,93.0,146.0,143.0
8349,264.0,120.0,146.0,156.0
8350,232.0,228.0,140.0,123.0
8351,250.0,246.0,153.0,143.0
8352,251.0,101.0,135.0,151.0
8353,265.0,117.0,154.0,146.0
8354,232.0,112.0,126.0,133.0
8355,249.0,110.0,137.0,150.0
8356,248.0,209.0,128.0,152.0
8357,236.0,197.0,139.0,134.0
8358,255.0,75.0,147.0,153.0
8359,236.0,140.0,146.0,120.0
8360,251.0,174.0,151.0,135.0
8361,246.0,137.0,122.0,142.0
8362,253.0,115.0,131.0,149.0
8363,261.0,118.0,165.0,145.0
8364,260.0,150.0,135.0,144.0
8365,245.0,115.0,147.0,136.0
8366,233.0,131.0,125.0,116.0
8367,238.0,70.0,146.0,120.0
8368,254.0,102.0,154.0,137.0
8369,260.0,130.0,139.0,140.0
8370,255.0,125.0,146.0,146.0
8371,245.0,100.0,154.0,136.0
8372,229.0,197.0,141.0,132.0
8373,260.0,115.0,135.0,151.0
8374,264.0,101.0,145.0,154.0
8375,252.0,123.0,141.0,130.0
8376,253.0,55.0,135.0,155.0
8377,247.0,83.0,141.0,128.0
8378,258.0,80.0,155.0,161.0
8379,268.0,166.0,148.0,156.0
8380,236.0,93.0,131.0,136.0
8381,263.0,132.0,153.0,136.0
8382,245.0,142.0,140.0,137.0
8383,252.0,164.0,142.0,140.0
8384,255.0,207.0,141.0,141.0
8385,246.0,66.0,135.0,148.0
8386,253.0,117.0,141.0,155.0
8387,263.0,97.0,144.0,159.0
8388,277.0,113.0,148.0,168.0
8389,246.0,139.0,133.0,131.0
8390,232.0,99.0,122.0,137.0
8391,217.0,158.0,122.0,115.0
8392,269.0,252.0,166.0,158.0
8393,225.0,85.0,130.0,124.0
8394,229.0,117.0,126.0,134.0
8395,261.0,159.0,143.0,137.0
8396,248.0,132.0,149.0,127.0
8397,276.0,95.0,155.0,158.0
8398,287.0,155.0,153.0,176.0
8399,256.0,125.0,134.0,137.0
8400,258.0,184.0,137.0,124.0
8401,274.0,274.0,166.0,167.0
8402,238.0,99.0,154.0,135.0
8403,258.0,227.0,135.0,145.0
8404,241.0,106.0,123.0,133.0
8405,243.0,121.0,147.0,135.0
8406,273.0,148.0,168.0,157.0
8407,267.0,102.0,150.0,147.0
8408,257.0,80.0,134.0,145.0
8409,247.0,105.0,134.0,127.0
8410,246.0,94.0,139.0,142.0
8411,267.0,106.0,146.0,133.0
8412,242.0,178.0,128.0,145.0
8413,282.0,136.0,154.0,160.0
8414,258.0,99.0,135.0,143.0
8415,253.0,98.0,144.0,150.0
8416,253.0,212.0,139.0,148.0
8417,242.0,91.0,135.0,135.0
8418,244.0,88.0,140.0,133.0
8419,250.0,123.0,137.0,123.0
8420,237.0,141.0,131.0,136.0
8421,257.0,116.0,131.0,140.0
8422,247.0,147.0,142.0,137.0
8423,247.0,114.0,136.0,133.0
8424,252.0,192.0,145.0,145.0
8425,238.0,130.0,128.0,119.0
8426,272.0,64.0,154.0,154.0
8427,250.0,115.0,143.0,142.0
8428,274.0,81.0,148.0,165.0
8429,257.0,118.0,143.0,142.0
8430,232.0,102.0,128.0,124.0
8431,245.0,173.0,141.0,140.0
8432,271.0,171.0,166.0,158.0
8433,243.0,206.0,146.0,127.0
8434,242.0,122.0,148.0,141.0
8435,244.0,136.0,125.0,147.0
8436,254.0,112.0,137.0,139.0
8437,241.0,147.0,136.0,142.0
8438,253.0,122.0,155.0,147.0
8439,246.0,43.0,143.0,123.0
8440,243.0,198.0,127.0,141.0
8441,269.0,121.0,148.0,146.0
8442,240.0,112.0,154.0,133.0
8443,250.0,121.0,152.0,138.0
8444,280.0,128.0,167.0,150.0
8445,239.0,109.0,127.0,137.0
8446,227.0,114.0,128.0,124.0
8447,244.0,41.0,127.0,135.0
8448,257.0,75.0,145.0,145.0
8449,264.0,155.0,148.0,139.0
8450,251.0,99.0,133.0,136.0
8451,237.0,119.0,140.0,134.0
8452,229.0,128.0,113.0,143.0
8453,250.0,67.0,161.0,153.0
8454,272.0,93.0,151.0,165.0
8455,244.0,91.0,124.0,127.0
8456,234.0,95.0,130.0,132.0
8457,276.0,68.0,159.0,152.0
8458,243.0,207.0,135.0,136.0
8459,256.0,73.0,142.0,132.0
8460,250.0,64.0,156.0,139.0
8461,250.0,106.0,143.0,134.0
8462,251.0,150.0,146.0,134.0
8463,236.0,98.0,144.0,141.0
8464,262.0,223.0,155.0,152.0
8465,265.0,122.0,153.0,132.0
8466,250.0,100.0,140.0,133.0
8467,253.0,130.0,128.0,154.0
8468,262.0,143.0,138.0,137.0
8469,236.0,103.0,141.0,135.0
8470,243.0,59.0,154.0,122.0
8471,253.0,108.0,143.0,150.0
8472,263.0,102.0,139.0,150.0
8473,273.0,141.0,152.0,158.0
8474,262.0,136.0,142.0,132.0
8475,242.0,147.0,125.0,134.0
8476,241.0,131.0,135.0,129.0
8477,262.0,144.0,144.0,150.0
8478,242.0,87.0,127.0,141.0
8479,266.0,93.0,156.0,145.0
8480,266.0,94.0,150.0,164.0
8481,237.0,145.0,138.0,143.0
8482,228.0,133.0,132.0,122.0
8483,233.0,204.0,123.0,124.0
8484,273.0,181.0,142.0,156.0
8485,245.0,97.0,137.0,143.0
8486,248.0,95.0,149.0,142.0
8487,282.0,115.0,163.0,162.0
8488,253.0,105.0,153.0,147.0
8489,255.0,98.0,143.0,119.0
8490,244.0,122.0,121.0,122.0
8491,244.0,115.0,131.0,131.0
8492,216.0,92.0,113.0,120.0
8493,257.0,91.0,138.0,140.0
8494,262.0,96.0,142.0,147.0
8495,261.0,127.0,155.0,153.0
8496,251.0,148.0,138.0,115.0
8497,276.0,125.0,154.0,163.0
8498,238.0,82.0,137.0,129.0
8499,245.0,111.0,149.0,141.0
8500,254.0,87.0,150.0,142.0
8501,257.0,133.0,163.0,126.0
8502,251.0,114.0,129.0,138.0
8503,249.0,91.0,143.0,152.0
8504,239.0,109.0,140.0,134.0
8505,245.0,75.0,126.0,150.0
8506,247.0,104.0,141.0,136.0
8507,266.0,98.0,144.0,142.0
8508,252.0,116.0,146.0,131.0
8509,237.0,73.0,131.0,142.0
8510,236.0,81.0,132.0,121.0
8511,238.0,128.0,121.0,121.0
8512,257.0,84.0,140.0,132.0
8513,261.0,131.0,150.0,145.0
8514,283.0,117.0,165.0,139.0
8515,261.0,143.0,144.0,142.0
8516,251.0,100.0,146.0,137.0
8517,259.0,112.0,136.0,138.0
8518,246.0,74.0,139.0,161.0
8519,246.0,124.0,140.0,135.0
8520,260.0,117.0,147.0,155.0
8521,246.0,95.0,145.0,135.0
8522,248.0,80.0,138.0,152.0
8523,243.0,75.0,140.0,143.0
8524,246.0,101.0,152.0,141.0
8525,251.0,117.0,143.0,137.0
8526,247.0,97.0,114.0,136.0
8527,245.0,120.0,126.0,130.0
8528,262.0,119.0,138.0,144.0
8529,247.0,111.0,133.0,141.0
8530,252.0,230.0,140.0,140.0
8531,247.0,91.0,137.0,134.0
8532,247.0,116.0,141.0,140.0
8533,232.0,191.0,125.0,131.0
8534,261.0,125.0,139.0,147.0
8535,219.0,105.0,111.0,116.0
8536,226.0,103.0,127.0,128.0
8537,289.0,172.0,166.0,167.0
8538,248.0,126.0,137.0,137.0
8539,231.0,127.0,128.0,133.0
8540,241.0,186.0,137.0,143.0
8541,230.0,93.0,128.0,127.0
8542,257.0,99.0,141.0,139.0
8543,254.0,71.0,147.0,155.0
8544,226.0,81.0,140.0,127.0
8545,227.0,66.0,138.0,117.0
8546,259.0,122.0,157.0,146.0
8547,257.0,103.0,136.0,151.0
8548,242.0,46.0,137.0,142.0
8549,248.0,160.0,144.0,143.0
8550,266.0,118.0,161.0,144.0
8551,275.0,144.0,153.0,150.0
8552,234.0,61.0,127.0,135.0
8553,264.0,68.0,145.0,165.0
8554,229.0,109.0,136.0,119.0
8555,257.0,112.0,139.0,145.0
8556,259.0,123.0,153.0,148.0
8557,249.0,172.0,136.0,138.0
8558,268.0,107.0,149.0,147.0
8559,232.0,203.0,117.0,132.0
8560,255.0,104.0,145.0,134.0
8561,270.0,93.0,165.0,156.0
8562,243.0,103.0,131.0,137.0
8563,273.0,137.0,150.0,150.0
8564,259.0,118.0,148.0,156.0
8565,246.0,143.0,143.0,130.0
8566,232.0,143.0,123.0,120.0
8567,253.0,135.0,134.0,136.0
8568,249.0,217.0,143.0,126.0
8569,237.0,103.0,120.0,148.0
8570,257.0,89.0,136.0,137.0
8571,259.0,95.0,149.0,152.0
8572,260.0,218.0,162.0,148.0
8573,254.0,212.0,144.0,145.0
8574,250.0,111.0,153.0,146.0
8575,237.0,153.0,142.0,127.0
8576,248.0,123.0,115.0,137.0
8577,264.0,119.0,155.0,150.0
8578,248.0,119.0,130.0,147.0
8579,257.0,92.0,160.0,142.0
8580,246.0,56.0,133.0,136.0
8581,253.0,106.0,138.0,135.0
8582,275.0,106.0,150.0,148.0
8583,250.0,102.0,146.0,143.0
8584,242.0,102.0,138.0,125.0
8585,251.0,145.0,134.0,139.0
8586,244.0,103.0,122.0,136.0
8587,253.0,114.0,134.0,148.0
8588,250.0,123.0,149.0,139.0
8589,252.0,99.0,135.0,139.0
8590,225.0,99.0,133.0,130.0
8591,252.0,113.0,140.0,139.0
8592,240.0,133.0,139.0,136.0
8593,250.0,144.0,131.0,151.0
8594,248.0,106.0,128.0,135.0
8595,251.0,127.0,142.0,126.0
8596,248.0,118.0,129.0,132.0
8597,247.0,93.0,141.0,132.0
8598,254.0,102.0,141.0,132.0
8599,240.0,134.0,135.0,141.0
8600,249.0,141.0,130.0,135.0
8601,238.0,111.0,122.0,130.0
8602,250.0,135.0,133.0,136.0
8603,263.0,93.0,152.0,135.0
8604,240.0,125.0,138.0,140.0
8605,243.0,98.0,129.0,134.0
8606,270.0,222.0,162.0,154.0
8607,232.0,119.0,123.0,135.0
8608,258.0,79.0,142.0,137.0
8609,259.0,86.0,143.0,151.0
8610,247.0,182.0,138.0,139.0
8611,244.0,117.0,131.0,135.0
8612,263.0,125.0,146.0,149.0
8613,278.0,112.0,165.0,162.0
8614,257.0,99.0,142.0,150.0
8615,254.0,114.0,142.0,141.0
8616,263.0,135.0,145.0,160.0
8617,242.0,70.0,136.0,138.0
8618,232.0,210.0,122.0,123.0
8619,241.0,109.0,122.0,128.0
8620,289.0,97.0,161.0,163.0
8621,260.0,87.0,139.0,140.0
8622,243.0,106.0,129.0,140.0
8623,251.0,91.0,155.0,130.0
8624,234.0,130.0,131.0,135.0
8625,269.0,88.0,152.0,141.0
8626,238.0,102.0,134.0,148.0
8627,255.0,98.0,137.0,126.0
8628,262.0,149.0,147.0,148.0
8629,244.0,143.0,124.0,145.0
8630,263.0,115.0,141.0,154.0
8631,268.0,124.0,139.0,158.0
8632,242.0,94.0,129.0,145.0
8633,276.0,139.0,147.0,162.0
8634,243.0,109.0,144.0,124.0
8635,243.0,123.0,142.0,137.0
8636,255.0,109.0,144.0,136.0
8637,229.0,110.0,123.0,132.0
8638,261.0,85.0,157.0,128.0
8639,238.0,81.0,140.0,126.0
8640,234.0,146.0,124.0,129.0
8641,267.0,199.0,135.0,159.0
8642,260.0,123.0,163.0,138.0
8643,221.0,72.0,127.0,128.0
8644,250.0,119.0,138.0,139.0
8645,249.0,85.0,135.0,130.0
8646,258.0,73.0,152.0,152.0
8647,229.0,83.0,123.0,129.0
8648,267.0,175.0,147.0,144.0
8649,266.0,81.0,147.0,137.0
8650,260.0,102.0,141.0,151.0
8651,233.0,108.0,144.0,125.0
8652,251.0,90.0,134.0,131.0
8653,265.0,74.0,150.0,155.0
8654,251.0,95.0,139.0,134.0
8655,251.0,135.0,139.0,148.0
8656,239.0,83.0,138.0,139.0
8657,249.0,143.0,132.0,142.0
8658,263.0,97.0,148.0,161.0
8659,261.0,123.0,152.0,152.0
8660,264.0,108.0,147.0,147.0
8661,250.0,152.0,130.0,139.0
8662,250.0,123.0,138.0,138.0
8663,258.0,106.0,150.0,138.0
8664,237.0,51.0,134.0,146.0
8665,270.0,83.0,160.0,158.0
8666,246.0,81.0,131.0,131.0
8667,251.0,106.0,138.0,131.0
8668,262.0,128.0,140.0,148.0
8669,252.0,225.0,134.0,135.0
8670,266.0,96.0,146.0,135.0
8671,247.0,98.0,148.0,141.0
8672,258.0,100.0,127.0,149.0
8673,257.0,141.0,143.0,152.0
8674,266.0,104.0,149.0,167.0
8675,234.0,123.0,142.0,125.0
8676,268.0,135.0,139.0,164.0
8677,244.0,239.0,129.0,131.0
8678,248.0,116.0,146.0,132.0
8679,253.0,106.0,153.0,138.0
8680,259.0,130.0,140.0,130.0
8681,253.0,130.0,150.0,139.0
8682,242.0,126.0,139.0,145.0
8683,236.0,124.0,135.0,128.0
8684,251.0,108.0,133.0,127.0
8685,264.0,224.0,147.0,152.0
8686,243.0,132.0,140.0,144.0
8687,238.0,58.0,134.0,134.0
8688,239.0,130.0,126.0,136.0
8689,252.0,115.0,148.0,136.0
8690,260.0,141.0,136.0,152.0
8691,272.0,139.0,134.0,158.0
8692,254.0,161.0,149.0,159.0
8693,250.0,125.0,140.0,135.0
8694,235.0,212.0,125.0,127.0
8695,246.0,130.0,150.0,143.0
8696,252.0,95.0,138.0,144.0
8697,230.0,99.0,135.0,140.0
8698,229.0,88.0,135.0,134.0
8699,253.0,116.0,143.0,131.0
8700,224.0,116.0,109.0,129.0
8701,240.0,106.0,146.0,140.0
8702,240.0,149.0,134.0,132.0
8703,257.0,123.0,141.0,148.0
8704,256.0,89.0,158.0,152.0
8705,263.0,85.0,153.0,134.0
8706,250.0,110.0,148.0,144.0
8707,255.0,229.0,150.0,132.0
8708,242.0,147.0,135.0,142.0
8709,250.0,124.0,138.0,143.0
8710,250.0,213.0,132.0,137.0
8711,259.0,82.0,161.0,131.0
8712,258.0,123.0,140.0,149.0
8713,241.0,106.0,137.0,139.0
8714,262.0,151.0,153.0,166.0
8715,246.0,94.0,125.0,144.0
8716,238.0,130.0,147.0,132.0
8717,257.0,131.0,142.0,153.0
8718,239.0,84.0,125.0,129.0
8719,244.0,133.0,152.0,133.0
8720,258.0,113.0,144.0,147.0
8721,248.0,157.0,134.0,140.0
8722,261.0,117.0,146.0,153.0
8723,259.0,83.0,149.0,139.0
8724,230.0,144.0,127.0,122.0
8725,242.0,107.0,147.0,129.0
8726,246.0,119.0,135.0,133.0
8727,278.0,140.0,147.0,162.0
8728,253.0,225.0,136.0,128.0
8729,251.0,142.0,157.0,133.0
8730,250.0,84.0,159.0,141.0
8731,245.0,167.0,153.0,142.0
8732,257.0,105.0,130.0,140.0
8733,232.0,128.0,120.0,130.0
8734,236.0,116.0,134.0,138.0
8735,255.0,137.0,145.0,124.0
8736,264.0,128.0,138.0,145.0
8737,246.0,88.0,147.0,150.0
8738,267.0,155.0,137.0,162.0
8739,239.0,190.0,137.0,140.0
8740,254.0,150.0,143.0,148.0
8741,214.0,103.0,126.0,128.0
8742,237.0,125.0,134.0,129.0
8743,239.0,151.0,151.0,120.0
8744,263.0,121.0,147.0,143.0
8745,237.0,94.0,136.0,131.0
8746,252.0,150.0,146.0,154.0
8747,244.0,110.0,141.0,131.0
8748,256.0,93.0,143.0,151.0
8749,254.0,143.0,141.0,137.0
8750,246.0,125.0,143.0,143.0
8751,256.0,131.0,140.0,130.0
8752,241.0,129.0,142.0,129.0
8753,226.0,150.0,120.0,133.0
8754,248.0,210.0,139.0,131.0
8755,270.0,107.0,157.0,151.0
8756,261.0,154.0,150.0,140.0
8757,257.0,94.0,148.0,150.0
8758,278.0,163.0,144.0,135.0
8759,254.0,217.0,146.0,142.0
8760,243.0,93.0,120.0,129.0
8761,258.0,110.0,145.0,137.0
8762,242.0,135.0,144.0,143.0
8763,232.0,89.0,146.0,136.0
8764,261.0,123.0,166.0,162.0
8765,242.0,128.0,137.0,144.0
8766,255.0,178.0,146.0,144.0
8767,232.0,111.0,131.0,143.0
8768,242.0,202.0,125.0,144.0
8769,242.0,80.0,123.0,140.0
8770,232.0,81.0,130.0,133.0
8771,230.0,225.0,134.0,132.0
8772,256.0,81.0,131.0,141.0
8773,232.0,61.0,124.0,140.0
8774,250.0,99.0,141.0,149.0
8775,235.0,184.0,136.0,137.0
8776,260.0,86.0,150.0,145.0
8777,239.0,235.0,119.0,128.0
8778,266.0,139.0,142.0,153.0
8779,259.0,121.0,165.0,147.0
8780,250.0,108.0,153.0,150.0
8781,237.0,129.0,128.0,135.0
8782,248.0,141.0,146.0,134.0
8783,242.0,70.0,144.0,146.0
8784,231.0,136.0,138.0,124.0
8785,234.0,143.0,128.0,127.0
8786,239.0,83.0,140.0,127.0
8787,261.0,101.0,138.0,153.0
8788,262.0,142.0,164.0,151.0
8789,240.0,123.0,129.0,140.0
8790,238.0,105.0,122.0,130.0
8791,264.0,135.0,152.0,150.0
8792,249.0,98.0,127.0,129.0
8793,252.0,115.0,131.0,137.0
8794,268.0,125.0,145.0,155.0
8795,251.0,143.0,141.0,128.0
8796,237.0,125.0,140.0,141.0
8797,292.0,98.0,145.0,155.0
8798,243.0,101.0,133.0,134.0
8799,259.0,125.0,148.0,154.0
8800,256.0,63.0,150.0,142.0
8801,259.0,130.0,140.0,148.0
8802,248.0,80.0,144.0,134.0
8803,270.0,172.0,181.0,161.0
8804,250.0,64.0,137.0,140.0
8805,251.0,178.0,157.0,136.0
8806,254.0,133.0,155.0,157.0
8807,256.0,75.0,146.0,141.0
8808,251.0,215.0,128.0,141.0
8809,277.0,105.0,158.0,157.0
8810,237.0,132.0,126.0,144.0
8811,247.0,100.0,124.0,138.0
8812,231.0,157.0,117.0,122.0
8813,251.0,94.0,137.0,131.0
8814,268.0,97.0,152.0,144.0
8815,243.0,77.0,147.0,138.0
8816,267.0,113.0,151.0,135.0
8817,272.0,47.0,161.0,158.0
8818,253.0,79.0,140.0,140.0
8819,238.0,142.0,133.0,147.0
8820,276.0,102.0,144.0,150.0
8821,248.0,169.0,152.0,141.0
8822,232.0,59.0,121.0,118.0
8823,268.0,142.0,150.0,140.0
8824,235.0,124.0,115.0,136.0
8825,265.0,152.0,150.0,146.0
8826,238.0,53.0,121.0,126.0
8827,246.0,200.0,137.0,127.0
8828,232.0,64.0,137.0,118.0
8829,240.0,82.0,117.0,125.0
8830,248.0,108.0,148.0,134.0
8831,240.0,124.0,131.0,140.0
8832,244.0,127.0,136.0,144.0
8833,275.0,273.0,167.0,161.0
8834,228.0,221.0,116.0,125.0
8835,243.0,137.0,141.0,135.0
8836,250.0,90.0,134.0,145.0
8837,260.0,172.0,148.0,151.0
8838,246.0,118.0,151.0,137.0
8839,229.0,119.0,139.0,118.0
8840,276.0,98.0,153.0,147.0
8841,262.0,74.0,148.0,157.0
8842,242.0,104.0,122.0,123.0
8843,236.0,139.0,140.0,149.0
8844,264.0,49.0,135.0,140.0
8845,251.0,105.0,153.0,143.0
8846,256.0,152.0,155.0,139.0
8847,227.0,135.0,125.0,121.0
8848,246.0,74.0,139.0,129.0
8849,241.0,100.0,132.0,139.0
8850,242.0,151.0,125.0,125.0
8851,265.0,191.0,140.0,146.0
8852,235.0,142.0,126.0,119.0
8853,261.0,154.0,151.0,142.0
8854,262.0,126.0,140.0,144.0
8855,257.0,135.0,142.0,144.0
8856,261.0,108.0,138.0,136.0
8857,255.0,109.0,139.0,160.0
8858,247.0,96.0,152.0,148.0
8859,240.0,146.0,125.0,137.0
8860,258.0,138.0,148.0,148.0
8861,273.0,184.0,150.0,164.0
8862,225.0,101.0,139.0,136.0
8863,245.0,121.0,136.0,153.0
8864,254.0,138.0,146.0,159.0
8865,282.0,93.0,157.0,161.0
8866,269.0,104.0,145.0,151.0
8867,228.0,169.0,134.0,134.0
8868,240.0,165.0,136.0,142.0
8869,261.0,118.0,139.0,158.0
8870,272.0,115.0,161.0,165.0
8871,238.0,82.0,137.0,135.0
8872,266.0,138.0,149.0,148.0
8873,251.0,43.0,133.0,137.0
8874,247.0,94.0,131.0,133.0
8875,248.0,82.0,126.0,145.0
8876,266.0,92.0,157.0,154.0
8877,255.0,92.0,143.0,136.0
8878,269.0,87.0,167.0,146.0
8879,239.0,149.0,138.0,122.0
8880,247.0,105.0,138.0,125.0
8881,257.0,150.0,144.0,135.0
8882,235.0,159.0,125.0,120.0
8883,239.0,116.0,134.0,136.0
8884,254.0,139.0,134.0,143.0
8885,271.0,130.0,157.0,152.0
8886,258.0,103.0,123.0,130.0
8887,265.0,119.0,139.0,151.0
8888,258.0,213.0,152.0,144.0
8889,248.0,77.0,133.0,146.0
8890,257.0,89.0,132.0,144.0
8891,268.0,170.0,157.0,144.0
8892,252.0,84.0,143.0,139.0
8893,252.0,129.0,136.0,136.0
8894,252.0,109.0,138.0,160.0
8895,274.0,152.0,158.0,165.0
8896,265.0,111.0,150.0,143.0
8897,251.0,97.0,148.0,138.0
8898,255.0,94.0,158.0,150.0
8899,216.0,67.0,116.0,143.0
8900,241.0,90.0,142.0,132.0
8901,282.0,142.0,152.0,167.0
8902,237.0,70.0,128.0,130.0
8903,244.0,98.0,141.0,132.0
8904,251.0,121.0,151.0,149.0
8905,255.0,80.0,139.0,145.0
8906,265.0,77.0,144.0,141.0
8907,234.0,141.0,131.0,128.0
8908,247.0,86.0,141.0,130.0
8909,265.0,112.0,142.0,142.0
8910,268.0,70.0,146.0,151.0
8911,253.0,91.0,139.0,140.0
8912,255.0,127.0,150.0,143.0
8913,245.0,119.0,141.0,149.0
8914,233.0,206.0,119.0,145.0
8915,252.0,104.0,142.0,138.0
8916,231.0,113.0,126.0,131.0
8917,226.0,149.0,124.0,125.0
8918,237.0,209.0,129.0,125.0
8919,241.0,119.0,121.0,139.0
8920,228.0,51.0,125.0,121.0
8921,238.0,101.0,131.0,122.0
8922,234.0,156.0,122.0,138.0
8923,241.0,236.0,127.0,138.0
8924,269.0,134.0,140.0,159.0
8925,258.0,110.0,151.0,140.0
8926,236.0,90.0,131.0,134.0
8927,240.0,122.0,129.0,121.0
8928,260.0,101.0,153.0,143.0
8929,275.0,162.0,161.0,146.0
8930,253.0,106.0,140.0,150.0
8931,261.0,162.0,131.0,138.0
8932,266.0,96.0,149.0,159.0
8933,244.0,118.0,138.0,142.0
8934,242.0,60.0,140.0,127.0
8935,254.0,73.0,122.0,142.0
8936,257.0,155.0,130.0,141.0
8937,237.0,98.0,148.0,135.0
8938,256.0,148.0,143.0,142.0
8939,242.0,112.0,143.0,137.0
8940,229.0,75.0,123.0,133.0
8941,250.0,159.0,134.0,134.0
8942,238.0,82.0,122.0,128.0
8943,237.0,116.0,123.0,128.0
8944,238.0,211.0,137.0,135.0
8945,266.0,116.0,152.0,139.0
8946,237.0,88.0,134.0,134.0
8947,258.0,253.0,143.0,132.0
8948,254.0,220.0,140.0,155.0
8949,240.0,115.0,136.0,130.0
8950,240.0,126.0,136.0,131.0
8951,272.0,129.0,160.0,164.0
8952,263.0,136.0,144.0,149.0
8953,256.0,105.0,139.0,148.0
8954,256.0,110.0,141.0,140.0
8955,224.0,116.0,125.0,128.0
8956,284.0,154.0,156.0,167.0
8957,245.0,114.0,135.0,139.0
8958,274.0,119.0,162.0,152.0
8959,223.0,97.0,128.0,136.0
8960,247.0,97.0,138.0,144.0
8961,241.0,106.0,151.0,130.0
8962,253.0,138.0,131.0,137.0
8963,265.0,104.0,150.0,153.0
8964,278.0,128.0,160.0,156.0
8965,233.0,61.0,132.0,122.0
8966,257.0,105.0,147.0,134.0
8967,235.0,120.0,130.0,136.0
8968,247.0,130.0,143.0,148.0
8969,252.0,93.0,143.0,145.0
8970,252.0,92.0,151.0,134.0
8971,251.0,82.0,143.0,145.0
8972,229.0,94.0,132.0,122.0
8973,253.0,92.0,145.0,145.0
8974,257.0,133.0,147.0,138.0
8975,255.0,143.0,155.0,144.0
8976,236.0,103.0,123.0,139.0
8977,261.0,81.0,159.0,152.0
8978,241.0,127.0,138.0,128.0
8979,236.0,201.0,146.0,133.0
8980,261.0,114.0,150.0,155.0
8981,256.0,133.0,146.0,144.0
8982,245.0,54.0,139.0,140.0
8983,236.0,115.0,125.0,129.0
8984,254.0,78.0,148.0,145.0
8985,246.0,97.0,135.0,145.0
8986,271.0,175.0,156.0,148.0
8987,237.0,217.0,169.0,142.0
8988,269.0,172.0,141.0,146.0
8989,264.0,116.0,162.0,149.0
8990,227.0,190.0,118.0,126.0
8991,240.0,142.0,136.0,131.0
8992,274.0,129.0,161.0,150.0
8993,243.0,95.0,148.0,133.0
8994,256.0,152.0,148.0,153.0
8995,236.0,150.0,126.0,148.0
8996,258.0,97.0,141.0,158.0
8997,241.0,67.0,134.0,131.0
8998,232.0,130.0,126.0,118.0
8999,231.0,82.0,138.0,121.0
9000,250.0,148.0,136.0,132.0
9001,211.0,107.0,126.0,126.0
9002,247.0,111.0,132.0,153.0
9003,292.0,168.0,152.0,162.0
9004,244.0,104.0,131.0,139.0
9005,239.0,100.0,137.0,136.0
9006,246.0,83.0,123.0,136.0
9007,249.0,95.0,141.0,129.0
9008,243.0,101.0,132.0,132.0
9009,244.0,112.0,137.0,147.0
9010,252.0,106.0,146.0,138.0
9011,260.0,158.0,142.0,138.0
9012,238.0,134.0,136.0,143.0
9013,251.0,71.0,147.0,140.0
9014,244.0,97.0,128.0,146.0
9015,274.0,135.0,156.0,164.0
9016,264.0,225.0,136.0,157.0
9017,230.0,191.0,126.0,129.0
9018,221.0,127.0,120.0,125.0
9019,240.0,121.0,141.0,129.0
9020,246.0,206.0,143.0,126.0
9021,242.0,219.0,141.0,130.0
9022,257.0,156.0,147.0,138.0
9023,250.0,89.0,137.0,153.0
9024,234.0,117.0,133.0,131.0
9025,264.0,114.0,137.0,147.0
9026,252.0,102.0,144.0,131.0
9027,265.0,109.0,146.0,149.0
9028,269.0,133.0,150.0,149.0
9029,248.0,81.0,154.0,123.0
9030,263.0,135.0,138.0,161.0
9031,259.0,132.0,134.0,138.0
9032,234.0,112.0,142.0,123.0
9033,220.0,71.0,127.0,119.0
9034,246.0,150.0,133.0,145.0
9035,249.0,143.0,146.0,128.0
9036,271.0,119.0,145.0,154.0
9037,256.0,102.0,150.0,154.0
9038,273.0,136.0,155.0,147.0
9039,234.0,114.0,132.0,143.0
9040,253.0,115.0,133.0,143.0
9041,247.0,148.0,151.0,143.0
9042,266.0,141.0,153.0,145.0
9043,227.0,127.0,135.0,117.0
9044,254.0,148.0,142.0,136.0
9045,288.0,166.0,177.0,150.0
9046,249.0,112.0,139.0,139.0
9047,253.0,139.0,139.0,130.0
9048,240.0,91.0,148.0,131.0
9049,265.0,143.0,142.0,156.0
9050,224.0,88.0,118.0,141.0
9051,260.0,116.0,144.0,151.0
9052,263.0,62.0,149.0,138.0
9053,254.0,239.0,133.0,143.0
9054,277.0,95.0,153.0,155.0
9055,250.0,131.0,139.0,148.0
9056,280.0,130.0,139.0,149.0
9057,252.0,134.0,128.0,129.0
9058,244.0,95.0,129.0,128.0
9059,275.0,110.0,146.0,157.0
9060,236.0,101.0,117.0,143.0
9061,229.0,72.0,122.0,121.0
9062,260.0,118.0,142.0,129.0
9063,276.0,92.0,161.0,161.0
9064,245.0,119.0,133.0,154.0
9065,244.0,139.0,128.0,140.0
9066,272.0,131.0,145.0,161.0
9067,243.0,106.0,129.0,138.0
9068,255.0,127.0,146.0,143.0
9069,241.0,97.0,144.0,136.0
9070,259.0,112.0,151.0,154.0
9071,251.0,111.0,151.0,128.0
9072,244.0,109.0,135.0,152.0
9073,281.0,90.0,147.0,177.0
9074,263.0,119.0,149.0,141.0
9075,243.0,177.0,133.0,143.0
9076,219.0,90.0,139.0,113.0
9077,267.0,113.0,142.0,159.0
9078,249.0,147.0,140.0,130.0
9079,265.0,110.0,157.0,149.0
9080,252.0,81.0,133.0,153.0
9081,248.0,75.0,136.0,140.0
9082,243.0,128.0,139.0,121.0
9083,270.0,104.0,165.0,147.0
9084,244.0,87.0,143.0,140.0
9085,252.0,150.0,153.0,156.0
9086,269.0,120.0,170.0,153.0
9087,265.0,109.0,152.0,151.0
9088,256.0,96.0,150.0,130.0
9089,252.0,123.0,150.0,138.0
9090,260.0,121.0,134.0,144.0
9091,239.0,96.0,128.0,122.0
9092,248.0,76.0,139.0,143.0
9093,211.0,67.0,121.0,110.0
9094,264.0,249.0,144.0,154.0
9095,272.0,145.0,163.0,155.0
9096,239.0,119.0,143.0,117.0
9097,247.0,121.0,133.0,148.0
9098,237.0,133.0,121.0,129.0
9099,255.0,74.0,144.0,138.0
9100,228.0,98.0,136.0,120.0
9101,266.0,121.0,143.0,142.0
9102,253.0,121.0,130.0,139.0
9103,237.0,128.0,134.0,130.0
9104,254.0,156.0,151.0,142.0
9105,257.0,117.0,157.0,144.0
9106,248.0,170.0,137.0,146.0
9107,235.0,118.0,141.0,141.0
9108,249.0,240.0,157.0,133.0
9109,258.0,230.0,142.0,156.0
9110,275.0,134.0,140.0,157.0
9111,255.0,86.0,162.0,155.0
9112,268.0,100.0,139.0,142.0
9113,249.0,218.0,135.0,140.0
9114,259.0,113.0,142.0,150.0
9115,255.0,207.0,144.0,142.0
9116,245.0,81.0,132.0,139.0
9117,250.0,97.0,134.0,127.0
9118,259.0,59.0,142.0,159.0
9119,250.0,80.0,131.0,138.0
9120,259.0,237.0,146.0,142.0
9121,265.0,227.0,176.0,151.0
9122,251.0,123.0,137.0,153.0
9123,241.0,204.0,134.0,130.0
9124,259.0,221.0,140.0,156.0
9125,258.0,57.0,143.0,142.0
9126,267.0,246.0,142.0,155.0
9127,242.0,104.0,149.0,136.0
9128,258.0,143.0,146.0,147.0
9129,229.0,58.0,129.0,118.0
9130,269.0,85.0,149.0,151.0
9131,240.0,215.0,130.0,134.0
9132,214.0,136.0,119.0,129.0
9133,234.0,114.0,138.0,132.0
9134,251.0,118.0,145.0,134.0
9135,241.0,128.0,125.0,133.0
9136,234.0,107.0,138.0,124.0
9137,264.0,109.0,140.0,153.0
9138,255.0,221.0,146.0,157.0
9139,260.0,139.0,148.0,138.0
9140,254.0,78.0,117.0,146.0
9141,247.0,218.0,133.0,148.0
9142,259.0,75.0,130.0,145.0
9143,271.0,220.0,172.0,151.0
9144,257.0,226.0,138.0,146.0
9145,262.0,111.0,141.0,147.0
9146,238.0,97.0,135.0,123.0
9147,250.0,131.0,129.0,145.0
9148,255.0,127.0,148.0,127.0
9149,209.0,105.0,104.0,121.0
9150,229.0,190.0,140.0,116.0
9151,244.0,209.0,133.0,145.0
9152,248.0,160.0,143.0,150.0
9153,238.0,130.0,140.0,137.0
9154,255.0,253.0,147.0,160.0
9155,227.0,201.0,131.0,142.0
9156,248.0,209.0,148.0,144.0
9157,260.0,134.0,131.0,153.0
9158,228.0,194.0,123.0,128.0
9159,235.0,201.0,124.0,131.0
9160,251.0,206.0,146.0,135.0
9161,272.0,226.0,160.0,155.0
9162,261.0,219.0,141.0,134.0
9163,258.0,134.0,158.0,149.0
9164,252.0,100.0,148.0,144.0
9165,243.0,222.0,138.0,146.0
9166,248.0,215.0,134.0,142.0
9167,271.0,114.0,142.0,161.0
9168,252.0,181.0,139.0,154.0
9169,276.0,95.0,165.0,162.0
9170,249.0,245.0,139.0,144.0
9171,251.0,247.0,141.0,160.0
9172,285.0,252.0,176.0,150.0
9173,245.0,81.0,130.0,129.0
9174,253.0,126.0,148.0,148.0
9175,258.0,213.0,139.0,130.0
9176,247.0,116.0,125.0,139.0
9177,251.0,164.0,136.0,130.0
9178,235.0,91.0,124.0,132.0
9179,234.0,144.0,139.0,147.0
9180,259.0,98.0,136.0,139.0
9181,254.0,105.0,136.0,155.0
9182,259.0,241.0,159.0,151.0
9183,247.0,139.0,132.0,143.0
9184,256.0,140.0,139.0,156.0
9185,249.0,213.0,140.0,136.0
9186,249.0,63.0,136.0,154.0
9187,263.0,145.0,153.0,149.0
9188,243.0,100.0,133.0,136.0
9189,247.0,208.0,161.0,138.0
9190,259.0,111.0,153.0,132.0
9191,231.0,214.0,125.0,126.0
9192,260.0,218.0,150.0,129.0
9193,256.0,75.0,144.0,135.0
9194,235.0,100.0,113.0,132.0
9195,258.0,116.0,137.0,173.0
9196,242.0,238.0,132.0,128.0
9197,260.0,201.0,146.0,148.0
9198,263.0,120.0,140.0,150.0
9199,254.0,126.0,148.0,135.0
9200,255.0,226.0,149.0,144.0
9201,267.0,229.0,129.0,132.0
9202,287.0,222.0,167.0,162.0
9203,247.0,138.0,135.0,130.0
9204,263.0,131.0,147.0,157.0
9205,247.0,210.0,130.0,137.0
9206,254.0,104.0,154.0,149.0
9207,260.0,157.0,136.0,147.0
9208,263.0,101.0,161.0,130.0
9209,261.0,95.0,146.0,147.0
9210,224.0,187.0,122.0,140.0
9211,248.0,128.0,137.0,130.0
9212,231.0,212.0,115.0,114.0
9213,233.0,79.0,140.0,132.0
9214,239.0,238.0,141.0,129.0
9215,225.0,150.0,113.0,128.0
9216,254.0,216.0,141.0,136.0
9217,239.0,110.0,143.0,134.0
9218,268.0,122.0,144.0,155.0
9219,248.0,210.0,141.0,144.0
9220,245.0,210.0,137.0,137.0
9221,250.0,117.0,130.0,146.0
9222,243.0,109.0,140.0,145.0
9223,278.0,123.0,156.0,151.0
9224,258.0,55.0,150.0,153.0
9225,241.0,240.0,150.0,147.0
9226,260.0,138.0,154.0,142.0
9227,262.0,91.0,162.0,151.0
9228,246.0,115.0,131.0,150.0
9229,241.0,206.0,126.0,135.0
9230,253.0,214.0,137.0,131.0
9231,251.0,244.0,146.0,129.0
9232,248.0,209.0,136.0,142.0
9233,247.0,213.0,151.0,145.0
9234,259.0,92.0,150.0,139.0
9235,255.0,225.0,146.0,149.0
9236,255.0,69.0,134.0,156.0
9237,244.0,96.0,138.0,143.0
9238,273.0,124.0,162.0,164.0
9239,229.0,192.0,123.0,124.0
9240,217.0,182.0,119.0,111.0
9241,235.0,78.0,145.0,130.0
9242,241.0,201.0,142.0,143.0
9243,244.0,123.0,133.0,128.0
9244,243.0,211.0,140.0,157.0
9245,241.0,209.0,134.0,137.0
9246,242.0,85.0,146.0,140.0
9247,253.0,105.0,141.0,145.0
9248,256.0,86.0,126.0,141.0
9249,255.0,216.0,126.0,144.0
9250,268.0,134.0,149.0,150.0
9251,240.0,127.0,138.0,147.0
9252,245.0,105.0,136.0,142.0
9253,237.0,99.0,127.0,125.0
9254,249.0,74.0,154.0,148.0
9255,263.0,76.0,146.0,158.0
9256,242.0,242.0,143.0,140.0
9257,231.0,226.0,124.0,130.0
9258,250.0,104.0,155.0,130.0
9259,253.0,213.0,137.0,148.0
9260,239.0,163.0,139.0,140.0
9261,260.0,228.0,148.0,139.0
9262,251.0,213.0,137.0,134.0
9263,269.0,166.0,151.0,146.0
9264,246.0,103.0,138.0,136.0
9265,263.0,228.0,161.0,151.0
9266,261.0,123.0,162.0,145.0
9267,238.0,84.0,125.0,133.0
9268,253.0,118.0,143.0,133.0
9269,254.0,209.0,137.0,143.0
9270,271.0,226.0,141.0,145.0
9271,242.0,72.0,121.0,126.0
9272,268.0,129.0,129.0,159.0
9273,244.0,107.0,140.0,125.0
9274,292.0,118.0,154.0,153.0
9275,266.0,164.0,139.0,153.0
9276,249.0,146.0,149.0,132.0
9277,251.0,96.0,145.0,150.0
9278,260.0,203.0,148.0,161.0
9279,263.0,169.0,165.0,136.0
9280,266.0,104.0,146.0,144.0
9281,255.0,167.0,148.0,134.0
9282,245.0,203.0,147.0,123.0
9283,236.0,75.0,134.0,125.0
9284,239.0,192.0,146.0,114.0
9285,242.0,118.0,131.0,125.0
9286,229.0,91.0,121.0,133.0
9287,259.0,135.0,133.0,145.0
9288,236.0,106.0,122.0,128.0
9289,252.0,83.0,140.0,137.0
9290,241.0,124.0,140.0,135.0
9291,232.0,107.0,140.0,147.0
9292,245.0,150.0,122.0,144.0
9293,261.0,113.0,159.0,147.0
9294,256.0,138.0,148.0,146.0
9295,237.0,89.0,132.0,127.0
9296,260.0,107.0,144.0,144.0
9297,256.0,212.0,145.0,155.0
9298,256.0,213.0,138.0,140.0
9299,258.0,142.0,138.0,145.0
9300,235.0,49.0,130.0,141.0
9301,246.0,79.0,163.0,132.0
9302,246.0,159.0,135.0,144.0
9303,276.0,248.0,148.0,153.0
9304,279.0,137.0,161.0,166.0
9305,246.0,132.0,138.0,133.0
9306,252.0,218.0,147.0,152.0
9307,235.0,92.0,141.0,137.0
9308,252.0,214.0,151.0,140.0
9309,261.0,124.0,161.0,139.0
9310,258.0,86.0,140.0,138.0
9311,261.0,121.0,135.0,156.0
9312,232.0,202.0,129.0,144.0
9313,254.0,134.0,135.0,139.0
9314,276.0,230.0,147.0,159.0
9315,257.0,253.0,153.0,160.0
9316,257.0,245.0,138.0,150.0
9317,256.0,202.0,137.0,165.0
9318,259.0,256.0,151.0,150.0
9319,261.0,99.0,146.0,142.0
9320,264.0,101.0,146.0,143.0
9321,238.0,118.0,128.0,131.0
9322,256.0,71.0,137.0,137.0
9323,282.0,268.0,154.0,168.0
9324,276.0,101.0,168.0,156.0
9325,259.0,131.0,141.0,153.0
9326,242.0,81.0,147.0,135.0
9327,256.0,88.0,140.0,144.0
9328,260.0,126.0,147.0,146.0
9329,235.0,111.0,128.0,141.0
9330,259.0,197.0,152.0,138.0
9331,265.0,118.0,165.0,141.0
9332,252.0,158.0,149.0,139.0
9333,223.0,87.0,130.0,119.0
9334,248.0,238.0,149.0,149.0
9335,248.0,121.0,130.0,141.0
9336,296.0,281.0,164.0,175.0
9337,241.0,217.0,136.0,114.0
9338,255.0,210.0,148.0,138.0
9339,263.0,227.0,146.0,161.0
9340,242.0,105.0,148.0,138.0
9341,275.0,246.0,161.0,160.0
9342,270.0,90.0,161.0,151.0
9343,253.0,84.0,155.0,142.0
9344,267.0,220.0,149.0,142.0
9345,254.0,111.0,147.0,142.0
9346,257.0,88.0,133.0,156.0
9347,242.0,86.0,148.0,137.0
9348,250.0,129.0,139.0,128.0
9349,262.0,259.0,144.0,150.0
9350,265.0,132.0,159.0,132.0
9351,248.0,218.0,145.0,131.0
9352,240.0,129.0,127.0,139.0
9353,257.0,130.0,145.0,153.0
9354,258.0,222.0,168.0,161.0
9355,253.0,147.0,137.0,150.0
9356,235.0,107.0,131.0,129.0
9357,250.0,130.0,139.0,147.0
9358,245.0,155.0,145.0,125.0
9359,242.0,219.0,147.0,139.0
9360,237.0,227.0,121.0,125.0
9361,254.0,233.0,139.0,146.0
9362,258.0,228.0,136.0,157.0
9363,253.0,238.0,150.0,145.0
9364,247.0,119.0,128.0,160.0
9365,245.0,83.0,131.0,139.0
9366,236.0,196.0,137.0,121.0
9367,241.0,139.0,129.0,147.0
9368,241.0,104.0,123.0,136.0
9369,238.0,228.0,130.0,128.0
9370,281.0,271.0,174.0,155.0
9371,256.0,222.0,134.0,141.0
9372,231.0,104.0,129.0,141.0
9373,268.0,260.0,165.0,149.0
9374,238.0,84.0,136.0,126.0
9375,257.0,209.0,145.0,149.0
9376,251.0,204.0,142.0,137.0
9377,232.0,125.0,137.0,118.0
9378,257.0,152.0,136.0,135.0
9379,257.0,144.0,158.0,147.0
9380,232.0,98.0,126.0,131.0
9381,259.0,118.0,144.0,144.0
9382,227.0,98.0,132.0,139.0
9383,239.0,239.0,144.0,145.0
9384,265.0,154.0,147.0,143.0
9385,247.0,160.0,141.0,129.0
9386,258.0,133.0,142.0,144.0
9387,266.0,130.0,142.0,153.0
9388,273.0,223.0,162.0,161.0
9389,256.0,206.0,147.0,147.0
9390,255.0,84.0,142.0,140.0
9391,252.0,92.0,134.0,142.0
9392,260.0,83.0,153.0,147.0
9393,263.0,118.0,165.0,146.0
9394,243.0,133.0,124.0,139.0
9395,272.0,221.0,154.0,150.0
9396,248.0,105.0,134.0,131.0
9397,249.0,83.0,156.0,147.0
9398,267.0,236.0,145.0,145.0
9399,240.0,123.0,124.0,127.0
9400,269.0,169.0,144.0,143.0
9401,240.0,131.0,124.0,150.0
9402,236.0,86.0,140.0,132.0
9403,240.0,75.0,146.0,137.0
9404,261.0,204.0,129.0,150.0
9405,256.0,223.0,162.0,139.0
9406,269.0,111.0,159.0,153.0
9407,273.0,87.0,154.0,156.0
9408,256.0,68.0,139.0,134.0
9409,255.0,122.0,146.0,129.0
9410,245.0,99.0,131.0,132.0
9411,250.0,97.0,145.0,147.0
9412,241.0,209.0,136.0,147.0
9413,222.0,216.0,120.0,126.0
9414,251.0,156.0,142.0,144.0
9415,247.0,85.0,124.0,136.0
9416,251.0,231.0,147.0,141.0
9417,245.0,159.0,140.0,161.0
9418,250.0,115.0,143.0,131.0
9419,229.0,68.0,117.0,137.0
9420,262.0,75.0,141.0,136.0
9421,247.0,211.0,149.0,133.0
9422,240.0,74.0,152.0,144.0
9423,272.0,125.0,152.0,153.0
9424,258.0,90.0,156.0,147.0
9425,269.0,263.0,148.0,155.0
9426,265.0,225.0,156.0,133.0
9427,267.0,142.0,147.0,134.0
9428,246.0,124.0,145.0,144.0
9429,239.0,127.0,135.0,138.0
9430,249.0,128.0,144.0,134.0
9431,215.0,187.0,124.0,114.0
9432,281.0,90.0,151.0,148.0
9433,260.0,133.0,139.0,161.0
9434,236.0,127.0,137.0,130.0
9435,276.0,112.0,163.0,148.0
9436,261.0,112.0,146.0,151.0
9437,241.0,126.0,137.0,134.0
9438,236.0,136.0,129.0,141.0
9439,229.0,202.0,133.0,122.0
9440,243.0,90.0,124.0,144.0
9441,249.0,103.0,134.0,138.0
9442,260.0,216.0,144.0,142.0
9443,244.0,120.0,144.0,153.0
9444,246.0,114.0,154.0,135.0
9445,251.0,229.0,131.0,150.0
9446,253.0,232.0,143.0,150.0
9447,258.0,185.0,154.0,148.0
9448,253.0,149.0,143.0,148.0
9449,276.0,111.0,135.0,145.0
9450,264.0,181.0,141.0,137.0
9451,228.0,227.0,142.0,128.0
9452,226.0,200.0,114.0,123.0
9453,232.0,117.0,127.0,128.0
9454,267.0,175.0,154.0,163.0
9455,233.0,90.0,116.0,128.0
9456,238.0,205.0,131.0,127.0
9457,237.0,89.0,125.0,138.0
9458,250.0,209.0,143.0,144.0
9459,242.0,158.0,146.0,135.0
9460,244.0,208.0,130.0,151.0
9461,232.0,122.0,144.0,136.0
9462,261.0,151.0,135.0,132.0
9463,244.0,136.0,132.0,137.0
9464,258.0,86.0,153.0,141.0
9465,243.0,218.0,143.0,130.0
9466,234.0,137.0,126.0,136.0
9467,246.0,119.0,144.0,156.0
9468,267.0,105.0,163.0,149.0
9469,246.0,97.0,121.0,142.0
9470,235.0,134.0,136.0,147.0
9471,266.0,56.0,153.0,152.0
9472,252.0,156.0,146.0,160.0
9473,243.0,198.0,118.0,130.0
9474,251.0,148.0,140.0,134.0
9475,256.0,111.0,143.0,138.0
9476,240.0,224.0,135.0,120.0
9477,251.0,210.0,159.0,134.0
9478,232.0,118.0,132.0,120.0
9479,247.0,119.0,141.0,137.0
9480,236.0,214.0,147.0,142.0
9481,223.0,139.0,117.0,121.0
9482,252.0,120.0,149.0,132.0
9483,251.0,99.0,136.0,132.0
9484,254.0,135.0,140.0,156.0
9485,229.0,70.0,129.0,127.0
9486,250.0,234.0,148.0,148.0
9487,238.0,93.0,123.0,128.0
9488,258.0,102.0,156.0,154.0
9489,249.0,141.0,139.0,131.0
9490,260.0,245.0,152.0,148.0
9491,258.0,98.0,147.0,137.0
9492,262.0,95.0,135.0,154.0
9493,257.0,79.0,159.0,135.0
9494,238.0,85.0,140.0,126.0
9495,253.0,210.0,137.0,158.0
9496,232.0,141.0,127.0,131.0
9497,254.0,225.0,150.0,142.0
9498,267.0,58.0,156.0,146.0
9499,294.0,86.0,151.0,139.0
9500,262.0,123.0,160.0,145.0
9501,262.0,139.0,137.0,133.0
9502,250.0,86.0,150.0,149.0
9503,251.0,85.0,146.0,127.0
9504,248.0,122.0,131.0,131.0
9505,235.0,213.0,124.0,132.0
9506,238.0,232.0,140.0,133.0
9507,253.0,118.0,148.0,132.0
9508,259.0,131.0,147.0,154.0
9509,255.0,183.0,154.0,146.0
9510,225.0,116.0,129.0,139.0
9511,239.0,221.0,136.0,143.0
9512,241.0,136.0,123.0,138.0
9513,257.0,97.0,178.0,152.0
9514,260.0,101.0,139.0,157.0
9515,227.0,117.0,118.0,124.0
9516,275.0,128.0,142.0,155.0
9517,260.0,218.0,156.0,144.0
9518,230.0,108.0,141.0,122.0
9519,268.0,168.0,157.0,151.0
9520,249.0,103.0,143.0,148.0
9521,255.0,98.0,137.0,143.0
9522,233.0,83.0,135.0,136.0
9523,237.0,100.0,131.0,144.0
9524,260.0,122.0,149.0,137.0
9525,254.0,80.0,144.0,139.0
9526,228.0,113.0,132.0,130.0
9527,248.0,83.0,120.0,130.0
9528,240.0,207.0,128.0,117.0
9529,235.0,74.0,142.0,132.0
9530,243.0,109.0,138.0,126.0
9531,260.0,160.0,155.0,135.0
9532,257.0,159.0,148.0,135.0
9533,267.0,122.0,141.0,156.0
9534,232.0,198.0,134.0,135.0
9535,273.0,220.0,149.0,154.0
9536,240.0,197.0,148.0,131.0
9537,257.0,119.0,134.0,150.0
9538,268.0,123.0,133.0,149.0
9539,226.0,223.0,144.0,126.0
9540,287.0,130.0,181.0,151.0
9541,262.0,213.0,142.0,155.0
9542,245.0,71.0,141.0,137.0
9543,245.0,116.0,129.0,142.0
9544,239.0,117.0,132.0,139.0
9545,231.0,230.0,133.0,147.0
9546,259.0,117.0,153.0,138.0
9547,259.0,101.0,132.0,146.0
9548,234.0,128.0,144.0,130.0
9549,236.0,62.0,137.0,129.0
9550,250.0,134.0,136.0,148.0
9551,213.0,115.0,114.0,110.0
9552,244.0,137.0,123.0,136.0
9553,258.0,98.0,140.0,135.0
9554,240.0,207.0,135.0,130.0
9555,238.0,208.0,127.0,128.0
9556,252.0,202.0,132.0,138.0
9557,251.0,135.0,134.0,140.0
9558,259.0,106.0,151.0,153.0
9559,275.0,91.0,158.0,161.0
9560,249.0,243.0,132.0,142.0
9561,246.0,240.0,139.0,152.0
9562,247.0,88.0,144.0,141.0
9563,261.0,141.0,132.0,148.0
9564,250.0,144.0,135.0,155.0
9565,233.0,105.0,139.0,141.0
9566,255.0,223.0,141.0,134.0
9567,239.0,161.0,142.0,139.0
9568,238.0,106.0,136.0,129.0
9569,245.0,111.0,137.0,129.0
9570,237.0,126.0,139.0,139.0
9571,254.0,65.0,143.0,152.0
9572,247.0,130.0,142.0,147.0
9573,256.0,102.0,140.0,157.0
9574,243.0,214.0,140.0,143.0
9575,258.0,96.0,140.0,149.0
9576,245.0,102.0,139.0,144.0
9577,231.0,119.0,116.0,127.0
9578,244.0,140.0,144.0,142.0
9579,251.0,102.0,126.0,151.0
9580,276.0,239.0,149.0,160.0
9581,256.0,225.0,143.0,137.0
9582,243.0,111.0,134.0,130.0
9583,251.0,65.0,138.0,140.0
9584,246.0,62.0,143.0,155.0
9585,260.0,105.0,140.0,140.0
9586,235.0,62.0,125.0,121.0
9587,264.0,254.0,167.0,145.0
9588,254.0,209.0,147.0,135.0
9589,253.0,66.0,132.0,146.0
9590,267.0,240.0,137.0,151.0
9591,250.0,79.0,140.0,154.0
9592,245.0,158.0,140.0,133.0
9593,267.0,105.0,143.0,148.0
9594,243.0,239.0,129.0,134.0
9595,246.0,218.0,137.0,123.0
9596,214.0,116.0,124.0,113.0
9597,258.0,216.0,141.0,141.0
9598,217.0,196.0,111.0,125.0
9599,261.0,209.0,145.0,140.0
9600,233.0,232.0,131.0,144.0
9601,251.0,97.0,132.0,135.0
9602,255.0,223.0,146.0,159.0
9603,241.0,232.0,151.0,145.0
9604,234.0,124.0,126.0,131.0
9605,243.0,94.0,133.0,138.0
9606,249.0,124.0,144.0,136.0
9607,262.0,258.0,140.0,142.0
9608,254.0,234.0,138.0,149.0
9609,247.0,134.0,137.0,150.0
9610,271.0,219.0,157.0,146.0
9611,243.0,205.0,126.0,131.0
9612,258.0,133.0,150.0,152.0
9613,261.0,251.0,139.0,134.0
9614,261.0,251.0,138.0,144.0
9615,275.0,152.0,151.0,146.0
9616,215.0,181.0,120.0,127.0
9617,247.0,141.0,137.0,142.0
9618,270.0,120.0,146.0,154.0
9619,242.0,159.0,130.0,132.0
9620,236.0,137.0,120.0,140.0
9621,226.0,97.0,136.0,138.0
9622,256.0,213.0,149.0,149.0
9623,249.0,133.0,130.0,148.0
9624,243.0,98.0,141.0,135.0
9625,268.0,155.0,144.0,138.0
9626,276.0,111.0,161.0,149.0
9627,245.0,107.0,137.0,144.0
9628,260.0,101.0,142.0,152.0
9629,260.0,159.0,134.0,164.0
9630,253.0,203.0,135.0,138.0
9631,254.0,93.0,137.0,144.0
9632,250.0,111.0,128.0,149.0
9633,270.0,100.0,155.0,169.0
9634,254.0,222.0,143.0,142.0
9635,259.0,226.0,146.0,148.0
9636,243.0,163.0,137.0,127.0
9637,254.0,230.0,153.0,150.0
9638,257.0,141.0,135.0,147.0
9639,240.0,209.0,124.0,136.0
9640,234.0,107.0,136.0,120.0
9641,259.0,111.0,149.0,132.0
9642,252.0,121.0,132.0,137.0
9643,262.0,131.0,137.0,150.0
9644,238.0,95.0,115.0,132.0
9645,262.0,126.0,156.0,148.0
9646,234.0,104.0,133.0,124.0
9647,250.0,89.0,142.0,136.0
9648,238.0,122.0,143.0,137.0
9649,245.0,212.0,131.0,145.0
9650,250.0,214.0,151.0,138.0
9651,254.0,105.0,135.0,137.0
9652,262.0,95.0,136.0,152.0
9653,225.0,43.0,127.0,121.0
9654,240.0,89.0,142.0,127.0
9655,244.0,87.0,136.0,152.0
9656,266.0,172.0,144.0,147.0
9657,248.0,113.0,147.0,128.0
9658,249.0,211.0,143.0,156.0
9659,262.0,81.0,158.0,139.0
9660,244.0,47.0,135.0,126.0
9661,240.0,212.0,128.0,127.0
9662,242.0,101.0,135.0,130.0
9663,232.0,62.0,131.0,112.0
9664,256.0,93.0,152.0,144.0
9665,253.0,123.0,143.0,144.0
9666,246.0,85.0,140.0,143.0
9667,253.0,133.0,145.0,131.0
9668,258.0,105.0,138.0,139.0
9669,258.0,110.0,132.0,139.0
9670,262.0,96.0,148.0,139.0
9671,217.0,125.0,114.0,126.0
9672,256.0,179.0,150.0,153.0
9673,244.0,107.0,131.0,138.0
9674,238.0,121.0,136.0,134.0
9675,241.0,211.0,139.0,121.0
9676,224.0,114.0,131.0,121.0
9677,240.0,102.0,128.0,143.0
9678,239.0,96.0,137.0,137.0
9679,233.0,224.0,123.0,128.0
9680,259.0,76.0,129.0,159.0
9681,257.0,217.0,146.0,149.0
9682,241.0,120.0,131.0,137.0
9683,222.0,98.0,142.0,121.0
9684,262.0,219.0,140.0,151.0
9685,264.0,234.0,147.0,166.0
9686,228.0,139.0,131.0,132.0
9687,266.0,165.0,141.0,149.0
9688,267.0,143.0,151.0,158.0
9689,226.0,104.0,126.0,129.0
9690,240.0,65.0,129.0,128.0
9691,240.0,127.0,137.0,137.0
9692,242.0,101.0,128.0,124.0
9693,223.0,112.0,120.0,129.0
9694,245.0,124.0,141.0,139.0
9695,244.0,89.0,140.0,129.0
9696,257.0,135.0,162.0,150.0
9697,260.0,153.0,135.0,143.0
9698,260.0,230.0,164.0,155.0
9699,271.0,143.0,136.0,148.0
9700,240.0,115.0,127.0,146.0
9701,237.0,137.0,132.0,122.0
9702,252.0,104.0,142.0,137.0
9703,290.0,245.0,165.0,162.0
9704,240.0,87.0,140.0,141.0
9705,269.0,102.0,152.0,156.0
9706,243.0,217.0,143.0,125.0
9707,246.0,150.0,153.0,135.0
9708,266.0,176.0,145.0,144.0
9709,270.0,140.0,149.0,146.0
9710,247.0,161.0,139.0,140.0
9711,273.0,259.0,161.0,157.0
9712,242.0,122.0,138.0,136.0
9713,262.0,230.0,143.0,158.0
9714,251.0,216.0,138.0,146.0
9715,272.0,269.0,147.0,161.0
9716,251.0,121.0,147.0,139.0
9717,260.0,127.0,145.0,142.0
9718,272.0,150.0,144.0,155.0
9719,264.0,113.0,166.0,142.0
9720,269.0,233.0,141.0,148.0
9721,245.0,154.0,141.0,145.0
9722,255.0,98.0,153.0,139.0
9723,226.0,124.0,117.0,121.0
9724,238.0,79.0,136.0,141.0
9725,233.0,70.0,131.0,129.0
9726,222.0,90.0,121.0,119.0
9727,237.0,99.0,135.0,134.0
9728,244.0,118.0,133.0,139.0
9729,239.0,126.0,136.0,124.0
9730,237.0,128.0,125.0,124.0
9731,245.0,102.0,138.0,129.0
9732,248.0,239.0,139.0,145.0
9733,270.0,228.0,153.0,155.0
9734,283.0,173.0,152.0,153.0
9735,237.0,55.0,146.0,130.0
9736,291.0,140.0,162.0,150.0
9737,263.0,228.0,146.0,164.0
9738,272.0,129.0,154.0,154.0
9739,263.0,112.0,155.0,146.0
9740,234.0,87.0,127.0,138.0
9741,257.0,141.0,136.0,140.0
9742,251.0,116.0,157.0,148.0
9743,238.0,99.0,123.0,115.0
9744,260.0,235.0,138.0,143.0
9745,266.0,103.0,147.0,146.0
9746,283.0,174.0,159.0,152.0
9747,230.0,78.0,134.0,132.0
9748,249.0,93.0,142.0,139.0
9749,246.0,107.0,151.0,133.0
9750,278.0,108.0,162.0,159.0
9751,230.0,228.0,150.0,119.0
9752,235.0,93.0,137.0,138.0
9753,231.0,129.0,127.0,123.0
9754,243.0,211.0,137.0,144.0
9755,280.0,176.0,152.0,157.0
9756,243.0,124.0,140.0,144.0
9757,257.0,227.0,151.0,140.0
9758,251.0,99.0,153.0,137.0
9759,262.0,100.0,150.0,155.0
9760,262.0,219.0,148.0,145.0
9761,240.0,203.0,131.0,126.0
9762,236.0,131.0,131.0,121.0
9763,241.0,209.0,128.0,120.0
9764,250.0,217.0,148.0,138.0
9765,242.0,93.0,133.0,124.0
9766,280.0,113.0,158.0,142.0
9767,263.0,103.0,152.0,147.0
9768,247.0,70.0,135.0,136.0
9769,226.0,119.0,126.0,120.0
9770,260.0,175.0,155.0,142.0
9771,258.0,112.0,149.0,156.0
9772,261.0,252.0,154.0,145.0
9773,224.0,64.0,117.0,130.0
9774,238.0,156.0,132.0,145.0
9775,238.0,123.0,130.0,126.0
9776,268.0,109.0,160.0,155.0
9777,222.0,131.0,107.0,138.0
9778,239.0,212.0,136.0,149.0
9779,254.0,70.0,155.0,137.0
9780,262.0,219.0,150.0,146.0
9781,271.0,123.0,149.0,144.0
9782,290.0,239.0,169.0,160.0
9783,240.0,131.0,122.0,130.0
9784,261.0,96.0,145.0,151.0
9785,258.0,112.0,147.0,154.0
9786,259.0,136.0,152.0,151.0
9787,255.0,151.0,136.0,146.0
9788,213.0,96.0,107.0,114.0
9789,252.0,119.0,135.0,130.0
9790,234.0,102.0,127.0,125.0
9791,245.0,96.0,129.0,139.0
9792,247.0,164.0,123.0,143.0
9793,245.0,95.0,127.0,147.0
9794,249.0,139.0,131.0,133.0
9795,242.0,92.0,147.0,126.0
9796,227.0,190.0,120.0,120.0
9797,258.0,91.0,148.0,134.0
9798,258.0,249.0,155.0,138.0
9799,252.0,111.0,147.0,141.0
9800,279.0,168.0,155.0,157.0
9801,248.0,217.0,127.0,143.0
9802,253.0,199.0,139.0,144.0
9803,274.0,76.0,146.0,159.0
9804,234.0,109.0,134.0,134.0
9805,244.0,88.0,149.0,121.0
9806,260.0,216.0,128.0,145.0
9807,253.0,121.0,137.0,159.0
9808,240.0,86.0,143.0,132.0
9809,234.0,147.0,140.0,149.0
9810,251.0,115.0,139.0,129.0
9811,261.0,87.0,133.0,151.0
9812,230.0,136.0,129.0,130.0
9813,277.0,233.0,150.0,153.0
9814,242.0,29.0,142.0,136.0
9815,244.0,108.0,135.0,132.0
9816,256.0,153.0,136.0,151.0
9817,252.0,132.0,134.0,145.0
9818,248.0,137.0,119.0,162.0
9819,240.0,140.0,127.0,132.0
9820,250.0,88.0,140.0,133.0
9821,241.0,241.0,140.0,137.0
9822,251.0,102.0,151.0,138.0
9823,252.0,105.0,132.0,138.0
9824,270.0,260.0,161.0,154.0
9825,235.0,63.0,143.0,123.0
9826,266.0,135.0,168.0,150.0
9827,246.0,98.0,130.0,151.0
9828,259.0,62.0,145.0,135.0
9829,228.0,226.0,133.0,127.0
9830,269.0,228.0,159.0,145.0
9831,248.0,207.0,131.0,137.0
9832,286.0,137.0,178.0,158.0
9833,229.0,101.0,128.0,128.0
9834,226.0,196.0,124.0,136.0
9835,250.0,216.0,145.0,120.0
9836,261.0,229.0,145.0,155.0
9837,217.0,102.0,128.0,118.0
9838,268.0,134.0,133.0,154.0
9839,266.0,107.0,156.0,150.0
9840,269.0,142.0,149.0,149.0
9841,249.0,72.0,150.0,142.0
9842,241.0,224.0,144.0,132.0
9843,250.0,137.0,131.0,125.0
9844,223.0,91.0,137.0,129.0
9845,237.0,114.0,131.0,132.0
9846,229.0,220.0,126.0,145.0
9847,243.0,197.0,122.0,139.0
9848,234.0,210.0,121.0,130.0
9849,242.0,110.0,145.0,136.0
9850,271.0,248.0,152.0,158.0
9851,243.0,89.0,137.0,138.0
9852,258.0,106.0,143.0,147.0
9853,286.0,123.0,157.0,149.0
9854,217.0,85.0,127.0,128.0
9855,266.0,246.0,159.0,143.0
9856,249.0,92.0,145.0,138.0
9857,243.0,77.0,121.0,149.0
9858,234.0,205.0,127.0,135.0
9859,259.0,237.0,142.0,142.0
9860,244.0,244.0,131.0,152.0
9861,256.0,65.0,142.0,160.0
9862,237.0,91.0,122.0,143.0
9863,248.0,237.0,122.0,140.0
9864,247.0,60.0,147.0,139.0
9865,228.0,225.0,135.0,128.0
9866,276.0,78.0,155.0,137.0
9867,254.0,138.0,137.0,129.0
9868,257.0,142.0,137.0,152.0
9869,249.0,97.0,139.0,135.0
9870,238.0,128.0,143.0,136.0
9871,230.0,97.0,125.0,117.0
9872,228.0,199.0,123.0,119.0
9873,233.0,210.0,136.0,132.0
9874,254.0,118.0,152.0,136.0
9875,256.0,113.0,135.0,152.0
9876,248.0,85.0,149.0,141.0
9877,270.0,168.0,161.0,144.0
9878,241.0,85.0,139.0,145.0
9879,231.0,95.0,136.0,120.0
9880,242.0,88.0,135.0,143.0
9881,247.0,83.0,126.0,134.0
9882,264.0,67.0,154.0,143.0
9883,234.0,112.0,120.0,128.0
9884,241.0,127.0,141.0,138.0
9885,237.0,214.0,128.0,122.0
9886,246.0,77.0,150.0,136.0
9887,247.0,246.0,151.0,149.0
9888,244.0,90.0,129.0,136.0
9889,265.0,119.0,144.0,133.0
9890,258.0,123.0,152.0,145.0
9891,244.0,110.0,135.0,135.0
9892,231.0,221.0,148.0,142.0
9893,242.0,105.0,137.0,139.0
9894,271.0,126.0,147.0,144.0
9895,257.0,91.0,157.0,144.0
9896,232.0,105.0,132.0,131.0
9897,243.0,82.0,137.0,150.0
9898,248.0,245.0,147.0,131.0
9899,233.0,130.0,127.0,124.0
9900,253.0,55.0,117.0,146.0
9901,260.0,91.0,164.0,139.0
9902,253.0,102.0,158.0,153.0
9903,255.0,103.0,149.0,138.0
9904,235.0,135.0,117.0,132.0
9905,250.0,243.0,149.0,132.0
9906,233.0,192.0,122.0,125.0
9907,233.0,122.0,141.0,131.0
9908,254.0,68.0,155.0,164.0
9909,255.0,106.0,135.0,151.0
9910,255.0,150.0,148.0,153.0
9911,238.0,205.0,129.0,121.0
9912,258.0,223.0,147.0,145.0
9913,236.0,149.0,120.0,132.0
9914,260.0,251.0,139.0,152.0
9915,246.0,106.0,156.0,143.0
9916,252.0,134.0,139.0,138.0
9917,273.0,129.0,149.0,146.0
9918,241.0,103.0,134.0,141.0
9919,251.0,212.0,144.0,134.0
9920,264.0,221.0,128.0,144.0
9921,221.0,178.0,119.0,124.0
9922,245.0,218.0,141.0,135.0
9923,215.0,127.0,131.0,110.0
9924,260.0,229.0,155.0,153.0
9925,292.0,160.0,152.0,173.0
9926,273.0,194.0,173.0,141.0
9927,243.0,210.0,122.0,145.0
9928,281.0,122.0,157.0,163.0
9929,262.0,128.0,152.0,149.0
9930,246.0,202.0,122.0,141.0
9931,243.0,123.0,134.0,138.0
9932,226.0,118.0,126.0,122.0
9933,211.0,66.0,116.0,126.0
9934,234.0,70.0,136.0,133.0
9935,244.0,106.0,135.0,132.0
9936,269.0,176.0,155.0,153.0
9937,270.0,193.0,145.0,154.0
9938,248.0,124.0,150.0,142.0
9939,277.0,238.0,159.0,156.0
9940,244.0,209.0,140.0,140.0
9941,257.0,96.0,146.0,136.0
9942,288.0,168.0,143.0,163.0
9943,255.0,222.0,141.0,132.0
9944,248.0,134.0,153.0,131.0
9945,238.0,92.0,144.0,126.0
9946,240.0,115.0,134.0,130.0
9947,249.0,213.0,130.0,147.0
9948,223.0,135.0,133.0,129.0
9949,247.0,95.0,140.0,148.0
9950,246.0,111.0,130.0,134.0
9951,268.0,230.0,147.0,140.0
9952,241.0,94.0,134.0,132.0
9953,250.0,222.0,132.0,132.0
9954,254.0,93.0,130.0,128.0
9955,245.0,123.0,131.0,127.0
9956,243.0,130.0,132.0,128.0
9957,245.0,110.0,146.0,146.0
9958,243.0,201.0,145.0,136.0
9959,273.0,120.0,155.0,146.0
9960,253.0,136.0,146.0,142.0
9961,255.0,110.0,146.0,153.0
9962,263.0,149.0,136.0,154.0
9963,258.0,126.0,155.0,149.0
9964,247.0,147.0,136.0,140.0
9965,240.0,210.0,125.0,126.0
9966,248.0,215.0,150.0,144.0
9967,238.0,132.0,127.0,145.0
9968,247.0,63.0,137.0,148.0
9969,257.0,93.0,136.0,135.0
9970,272.0,216.0,168.0,153.0
9971,258.0,95.0,153.0,134.0
9972,260.0,90.0,146.0,150.0
9973,245.0,106.0,147.0,133.0
9974,250.0,225.0,153.0,127.0
9975,259.0,118.0,152.0,140.0
9976,261.0,119.0,145.0,153.0
9977,247.0,95.0,139.0,131.0
9978,251.0,173.0,125.0,146.0
9979,253.0,228.0,155.0,142.0
9980,230.0,112.0,121.0,111.0
9981,244.0,199.0,133.0,145.0
9982,243.0,77.0,143.0,142.0
9983,222.0,179.0,127.0,134.0
9984,261.0,232.0,137.0,145.0
9985,240.0,101.0,126.0,118.0
9986,240.0,112.0,142.0,134.0
9987,261.0,218.0,145.0,151.0
9988,285.0,116.0,179.0,175.0
9989,245.0,213.0,127.0,134.0
9990,245.0,78.0,133.0,132.0
9991,233.0,93.0,124.0,123.0
9992,262.0,110.0,153.0,156.0
9993,254.0,63.0,151.0,136.0
9994,228.0,140.0,118.0,123.0
9995,272.0,87.0,156.0,157.0
9996,250.0,127.0,138.0,133.0
9997,264.0,84.0,143.0,142.0
9998,250.0,122.0,137.0,132.0
9999,267.0,108.0,139.0,151.0
10000,240.0,139.0,125.0,137.0
10001,260.0,144.0,153.0,157.0
10002,245.0,215.0,123.0,134.0
10003,270.0,108.0,150.0,151.0
10004,262.0,114.0,151.0,160.0
10005,267.0,235.0,138.0,155.0
10006,235.0,97.0,127.0,147.0
10007,253.0,97.0,141.0,150.0
10008,244.0,219.0,144.0,137.0
10009,251.0,99.0,134.0,146.0
10010,253.0,214.0,143.0,149.0
10011,249.0,132.0,147.0,136.0
10012,241.0,130.0,135.0,147.0
10013,258.0,92.0,156.0,150.0
10014,263.0,119.0,152.0,143.0
10015,235.0,86.0,124.0,116.0
10016,257.0,138.0,141.0,143.0
10017,258.0,228.0,139.0,141.0
10018,255.0,80.0,149.0,141.0
10019,255.0,161.0,128.0,155.0
10020,237.0,208.0,137.0,134.0
10021,242.0,103.0,150.0,133.0
10022,244.0,155.0,142.0,134.0
10023,239.0,86.0,124.0,136.0
10024,253.0,103.0,152.0,154.0
10025,251.0,165.0,149.0,135.0
10026,263.0,235.0,130.0,148.0
10027,232.0,194.0,124.0,136.0
10028,252.0,126.0,138.0,126.0
10029,244.0,83.0,142.0,127.0
10030,236.0,208.0,126.0,132.0
10031,247.0,243.0,151.0,128.0
10032,248.0,218.0,151.0,132.0
10033,242.0,99.0,133.0,138.0
10034,230.0,201.0,122.0,127.0
10035,257.0,130.0,135.0,147.0
10036,250.0,212.0,133.0,147.0
10037,247.0,119.0,146.0,133.0
10038,245.0,221.0,141.0,129.0
10039,259.0,229.0,141.0,133.0
10040,253.0,94.0,143.0,146.0
10041,270.0,94.0,151.0,154.0
10042,270.0,136.0,157.0,136.0
10043,270.0,120.0,150.0,165.0
10044,246.0,95.0,137.0,141.0
10045,245.0,74.0,132.0,129.0
10046,254.0,96.0,131.0,145.0
10047,264.0,133.0,157.0,145.0
10048,224.0,112.0,119.0,133.0
10049,271.0,226.0,148.0,152.0
10050,240.0,240.0,146.0,129.0
10051,261.0,164.0,147.0,146.0
10052,271.0,160.0,150.0,152.0
10053,238.0,114.0,142.0,124.0
10054,228.0,203.0,128.0,118.0
10055,236.0,114.0,130.0,136.0
10056,239.0,131.0,144.0,135.0
10057,268.0,160.0,153.0,164.0
10058,268.0,162.0,137.0,144.0
10059,241.0,123.0,136.0,130.0
10060,230.0,193.0,124.0,119.0
10061,259.0,242.0,172.0,148.0
10062,275.0,259.0,141.0,165.0
10063,226.0,172.0,105.0,129.0
10064,254.0,102.0,126.0,139.0
10065,263.0,172.0,143.0,175.0
10066,256.0,207.0,152.0,153.0
10067,243.0,85.0,127.0,133.0
10068,228.0,82.0,128.0,126.0
10069,259.0,140.0,144.0,144.0
10070,253.0,106.0,156.0,152.0
10071,261.0,154.0,141.0,148.0
10072,251.0,236.0,161.0,144.0
10073,230.0,230.0,126.0,124.0
10074,253.0,224.0,142.0,143.0
10075,256.0,211.0,147.0,150.0
10076,261.0,228.0,137.0,147.0
10077,244.0,87.0,142.0,131.0
10078,237.0,88.0,140.0,139.0
10079,267.0,182.0,156.0,141.0
10080,269.0,123.0,149.0,153.0
10081,237.0,132.0,138.0,134.0
10082,236.0,216.0,149.0,127.0
10083,245.0,133.0,128.0,127.0
10084,219.0,106.0,123.0,118.0
10085,280.0,115.0,142.0,157.0
10086,258.0,153.0,150.0,156.0
10087,269.0,262.0,129.0,145.0
10088,253.0,197.0,132.0,138.0
10089,269.0,134.0,143.0,168.0
10090,236.0,213.0,135.0,146.0
10091,245.0,117.0,141.0,142.0
10092,246.0,164.0,120.0,140.0
10093,263.0,239.0,138.0,152.0
10094,276.0,160.0,159.0,163.0
10095,254.0,111.0,156.0,145.0
10096,231.0,79.0,130.0,134.0
10097,257.0,127.0,143.0,150.0
10098,241.0,214.0,125.0,142.0
10099,249.0,94.0,160.0,148.0
10100,265.0,136.0,153.0,156.0
10101,262.0,214.0,143.0,146.0
10102,259.0,115.0,137.0,162.0
10103,233.0,96.0,128.0,129.0
10104,242.0,209.0,123.0,134.0
10105,242.0,107.0,129.0,129.0
10106,235.0,89.0,139.0,136.0
10107,280.0,153.0,152.0,152.0
10108,254.0,66.0,147.0,152.0
10109,251.0,126.0,149.0,148.0
10110,254.0,51.0,151.0,128.0
10111,229.0,87.0,129.0,133.0
10112,233.0,99.0,132.0,129.0
10113,250.0,247.0,145.0,132.0
10114,247.0,245.0,140.0,138.0
10115,245.0,106.0,124.0,135.0
10116,237.0,121.0,128.0,146.0
10117,247.0,144.0,139.0,140.0
10118,244.0,93.0,137.0,142.0
10119,230.0,69.0,144.0,125.0
10120,266.0,172.0,141.0,146.0
10121,249.0,248.0,141.0,139.0
10122,239.0,78.0,127.0,141.0
10123,242.0,227.0,134.0,132.0
10124,252.0,144.0,143.0,134.0
10125,257.0,163.0,154.0,151.0
10126,245.0,126.0,136.0,135.0
10127,254.0,223.0,139.0,143.0
10128,262.0,62.0,147.0,156.0
10129,275.0,111.0,145.0,162.0
10130,256.0,246.0,159.0,147.0
10131,266.0,57.0,156.0,156.0
10132,270.0,110.0,162.0,136.0
10133,246.0,241.0,145.0,137.0
10134,264.0,93.0,161.0,142.0
10135,242.0,162.0,125.0,140.0
10136,262.0,97.0,139.0,155.0
10137,268.0,120.0,159.0,144.0
10138,249.0,109.0,132.0,118.0
10139,274.0,235.0,155.0,153.0
10140,244.0,201.0,152.0,140.0
10141,242.0,145.0,136.0,147.0
10142,264.0,241.0,141.0,152.0
10143,242.0,122.0,135.0,145.0
10144,262.0,61.0,147.0,133.0
10145,259.0,37.0,165.0,154.0
10146,265.0,76.0,153.0,140.0
10147,257.0,148.0,142.0,147.0
10148,238.0,64.0,138.0,125.0
10149,230.0,112.0,134.0,123.0
10150,250.0,213.0,136.0,140.0
10151,257.0,233.0,140.0,155.0
10152,262.0,250.0,154.0,132.0
10153,248.0,104.0,131.0,146.0
10154,224.0,108.0,133.0,128.0
10155,247.0,83.0,146.0,146.0
10156,274.0,105.0,157.0,152.0
10157,259.0,122.0,148.0,130.0
10158,268.0,229.0,139.0,155.0
10159,245.0,100.0,121.0,149.0
10160,263.0,234.0,132.0,144.0
10161,247.0,246.0,132.0,148.0
10162,249.0,73.0,145.0,147.0
10163,231.0,228.0,134.0,132.0
10164,275.0,239.0,154.0,139.0
10165,253.0,156.0,151.0,147.0
10166,216.0,107.0,118.0,122.0
10167,244.0,89.0,145.0,145.0
10168,250.0,100.0,144.0,153.0
10169,258.0,220.0,157.0,136.0
10170,261.0,227.0,140.0,154.0
10171,255.0,119.0,141.0,151.0
10172,255.0,227.0,140.0,139.0
10173,252.0,132.0,146.0,141.0
10174,257.0,214.0,147.0,144.0
10175,239.0,99.0,142.0,130.0
10176,271.0,151.0,153.0,155.0
10177,272.0,105.0,145.0,164.0
10178,249.0,204.0,133.0,146.0
10179,248.0,211.0,131.0,134.0
10180,255.0,246.0,134.0,146.0
10181,238.0,207.0,138.0,125.0
10182,253.0,96.0,150.0,146.0
10183,266.0,115.0,148.0,130.0
10184,233.0,73.0,123.0,149.0
10185,240.0,107.0,129.0,124.0
10186,236.0,200.0,144.0,143.0
10187,250.0,224.0,152.0,138.0
10188,253.0,62.0,164.0,152.0
10189,247.0,97.0,144.0,153.0
10190,264.0,243.0,140.0,138.0
10191,247.0,202.0,142.0,146.0
10192,255.0,115.0,161.0,152.0
10193,261.0,72.0,151.0,138.0
10194,222.0,78.0,125.0,140.0
10195,255.0,143.0,146.0,153.0
10196,251.0,135.0,145.0,149.0
10197,257.0,100.0,150.0,142.0
10198,279.0,230.0,143.0,165.0
10199,247.0,202.0,136.0,141.0
10200,251.0,220.0,149.0,138.0
10201,243.0,115.0,128.0,143.0
10202,260.0,87.0,141.0,147.0
10203,257.0,142.0,140.0,141.0
10204,264.0,107.0,163.0,149.0
10205,262.0,139.0,141.0,144.0
10206,282.0,150.0,148.0,158.0
10207,231.0,128.0,133.0,120.0
10208,263.0,115.0,155.0,158.0
10209,247.0,244.0,146.0,145.0
10210,239.0,232.0,140.0,130.0
10211,266.0,234.0,138.0,139.0
10212,235.0,142.0,130.0,137.0
10213,252.0,112.0,150.0,127.0
10214,251.0,115.0,142.0,151.0
10215,241.0,107.0,155.0,124.0
10216,255.0,158.0,145.0,137.0
10217,254.0,222.0,161.0,150.0
10218,246.0,230.0,141.0,136.0
10219,251.0,77.0,136.0,134.0
10220,243.0,208.0,149.0,129.0
10221,263.0,96.0,131.0,153.0
10222,242.0,92.0,137.0,143.0
10223,244.0,193.0,140.0,135.0
10224,266.0,191.0,149.0,156.0
10225,233.0,167.0,128.0,122.0
10226,245.0,97.0,116.0,141.0
10227,235.0,126.0,130.0,132.0
10228,220.0,80.0,133.0,130.0
10229,246.0,95.0,141.0,139.0
10230,259.0,122.0,148.0,142.0
10231,270.0,98.0,163.0,160.0
10232,255.0,126.0,138.0,142.0
10233,247.0,62.0,144.0,142.0
10234,253.0,115.0,150.0,141.0
10235,270.0,138.0,139.0,170.0
10236,245.0,218.0,131.0,130.0
10237,264.0,106.0,158.0,155.0
10238,259.0,146.0,141.0,145.0
10239,233.0,160.0,132.0,131.0
10240,250.0,86.0,138.0,135.0
10241,238.0,103.0,128.0,137.0
10242,264.0,108.0,124.0,159.0
10243,266.0,97.0,156.0,146.0
10244,252.0,122.0,154.0,150.0
10245,272.0,149.0,157.0,157.0
10246,262.0,128.0,143.0,143.0
10247,247.0,154.0,133.0,127.0
10248,287.0,153.0,177.0,168.0
10249,245.0,122.0,135.0,139.0
10250,236.0,119.0,138.0,136.0
10251,262.0,98.0,150.0,154.0
10252,280.0,153.0,155.0,170.0
10253,259.0,212.0,155.0,152.0
10254,260.0,222.0,144.0,136.0
10255,259.0,104.0,148.0,134.0
10256,250.0,107.0,138.0,131.0
10257,223.0,92.0,127.0,115.0
10258,265.0,117.0,149.0,146.0
10259,279.0,98.0,167.0,180.0
10260,236.0,83.0,143.0,136.0
10261,271.0,231.0,144.0,150.0
10262,254.0,110.0,146.0,131.0
10263,276.0,240.0,142.0,153.0
10264,270.0,217.0,133.0,159.0
10265,239.0,158.0,131.0,125.0
10266,251.0,215.0,133.0,161.0
10267,245.0,128.0,146.0,144.0
10268,262.0,80.0,151.0,145.0
10269,241.0,90.0,123.0,129.0
10270,250.0,220.0,131.0,130.0
10271,270.0,236.0,165.0,147.0
10272,239.0,79.0,125.0,129.0
10273,245.0,241.0,135.0,145.0
10274,263.0,81.0,159.0,154.0
10275,246.0,119.0,139.0,153.0
10276,251.0,131.0,139.0,135.0
10277,277.0,153.0,160.0,152.0
10278,237.0,80.0,126.0,136.0
10279,269.0,141.0,159.0,148.0
10280,271.0,264.0,152.0,158.0
10281,235.0,97.0,143.0,135.0
10282,245.0,186.0,136.0,154.0
10283,252.0,141.0,133.0,131.0
10284,222.0,64.0,124.0,130.0
10285,268.0,136.0,147.0,146.0
10286,275.0,92.0,154.0,162.0
10287,255.0,118.0,141.0,144.0
10288,242.0,86.0,134.0,142.0
10289,242.0,93.0,129.0,143.0
10290,262.0,224.0,143.0,141.0
10291,243.0,129.0,127.0,138.0
10292,246.0,211.0,140.0,131.0
10293,262.0,231.0,155.0,143.0
10294,249.0,207.0,141.0,142.0
10295,278.0,103.0,159.0,168.0
10296,272.0,137.0,148.0,142.0
10297,249.0,97.0,143.0,141.0
10298,251.0,166.0,139.0,139.0
10299,255.0,134.0,145.0,161.0
10300,259.0,229.0,152.0,147.0
10301,243.0,240.0,137.0,133.0
10302,258.0,86.0,153.0,141.0
10303,264.0,158.0,140.0,163.0
10304,252.0,216.0,133.0,131.0
10305,275.0,138.0,157.0,154.0
10306,239.0,93.0,145.0,124.0
10307,254.0,143.0,142.0,135.0
10308,260.0,252.0,157.0,163.0
10309,246.0,173.0,138.0,149.0
10310,268.0,93.0,160.0,146.0
10311,245.0,171.0,154.0,138.0
10312,239.0,208.0,122.0,118.0
10313,226.0,221.0,126.0,132.0
10314,268.0,263.0,157.0,132.0
10315,249.0,93.0,137.0,124.0
10316,250.0,226.0,146.0,134.0
10317,247.0,223.0,137.0,147.0
10318,237.0,191.0,144.0,126.0
10319,255.0,216.0,134.0,139.0
10320,258.0,195.0,132.0,159.0
10321,299.0,258.0,166.0,165.0
10322,252.0,92.0,140.0,154.0
10323,234.0,202.0,132.0,141.0
10324,264.0,232.0,137.0,148.0
10325,234.0,83.0,124.0,126.0
10326,225.0,83.0,121.0,120.0
10327,248.0,92.0,145.0,138.0
10328,261.0,116.0,150.0,145.0
10329,259.0,96.0,154.0,145.0
10330,245.0,112.0,136.0,124.0
10331,245.0,219.0,145.0,151.0
10332,249.0,216.0,152.0,142.0
10333,236.0,214.0,128.0,119.0
10334,256.0,255.0,141.0,139.0
10335,261.0,171.0,139.0,147.0
10336,244.0,136.0,143.0,134.0
10337,254.0,85.0,147.0,144.0
10338,236.0,227.0,127.0,126.0
10339,252.0,161.0,136.0,133.0
10340,244.0,104.0,142.0,147.0
10341,235.0,102.0,131.0,126.0
10342,245.0,110.0,143.0,135.0
10343,273.0,151.0,135.0,157.0
10344,248.0,106.0,139.0,137.0
10345,255.0,122.0,155.0,151.0
10346,248.0,86.0,154.0,140.0
10347,238.0,177.0,124.0,128.0
10348,249.0,131.0,135.0,140.0
10349,260.0,90.0,135.0,154.0
10350,262.0,102.0,148.0,142.0
10351,237.0,197.0,140.0,128.0
10352,261.0,208.0,152.0,150.0
10353,266.0,139.0,143.0,139.0
10354,267.0,215.0,159.0,161.0
10355,240.0,149.0,125.0,134.0
10356,250.0,98.0,125.0,145.0
10357,274.0,97.0,166.0,154.0
10358,243.0,204.0,157.0,141.0
10359,249.0,193.0,151.0,118.0
10360,256.0,200.0,152.0,143.0
10361,277.0,107.0,176.0,161.0
10362,251.0,239.0,134.0,139.0
10363,225.0,213.0,145.0,131.0
10364,244.0,214.0,145.0,127.0
10365,273.0,243.0,158.0,165.0
10366,249.0,211.0,153.0,141.0
10367,258.0,106.0,148.0,140.0
10368,242.0,95.0,135.0,132.0
10369,234.0,74.0,127.0,132.0
10370,240.0,81.0,150.0,131.0
10371,244.0,156.0,133.0,125.0
10372,253.0,112.0,130.0,146.0
10373,253.0,221.0,142.0,156.0
10374,241.0,209.0,145.0,134.0
10375,238.0,90.0,144.0,139.0
10376,263.0,75.0,160.0,148.0
10377,246.0,105.0,151.0,145.0
10378,254.0,129.0,135.0,136.0
10379,226.0,96.0,129.0,135.0
10380,263.0,133.0,141.0,136.0
10381,255.0,120.0,129.0,144.0
10382,250.0,228.0,147.0,153.0
10383,225.0,117.0,116.0,114.0
10384,233.0,115.0,129.0,134.0
10385,279.0,135.0,142.0,153.0
10386,265.0,229.0,134.0,144.0
10387,228.0,192.0,125.0,125.0
10388,258.0,179.0,141.0,145.0
10389,260.0,99.0,132.0,153.0
10390,247.0,153.0,145.0,157.0
10391,255.0,210.0,155.0,130.0
10392,238.0,109.0,117.0,131.0
10393,246.0,124.0,148.0,117.0
10394,251.0,219.0,138.0,141.0
10395,260.0,131.0,144.0,136.0
10396,243.0,147.0,141.0,128.0
10397,237.0,131.0,143.0,132.0
10398,224.0,117.0,129.0,118.0
10399,240.0,91.0,105.0,145.0
10400,271.0,123.0,153.0,158.0
10401,233.0,134.0,135.0,135.0
10402,243.0,208.0,145.0,132.0
10403,236.0,231.0,137.0,122.0
10404,228.0,223.0,133.0,127.0
10405,246.0,121.0,131.0,131.0
10406,234.0,204.0,121.0,124.0
10407,259.0,77.0,144.0,148.0
10408,250.0,135.0,135.0,140.0
10409,262.0,183.0,133.0,152.0
10410,235.0,197.0,130.0,131.0
10411,243.0,136.0,134.0,146.0
10412,247.0,221.0,121.0,130.0
10413,256.0,144.0,138.0,135.0
10414,217.0,184.0,130.0,131.0
10415,233.0,112.0,127.0,129.0
10416,257.0,111.0,146.0,144.0
10417,274.0,96.0,143.0,158.0
10418,255.0,77.0,149.0,152.0
10419,261.0,179.0,146.0,152.0
10420,236.0,98.0,122.0,135.0
10421,274.0,109.0,147.0,146.0
10422,240.0,52.0,151.0,136.0
10423,263.0,233.0,148.0,146.0
10424,257.0,116.0,140.0,146.0
10425,260.0,116.0,135.0,148.0
10426,239.0,202.0,134.0,148.0
10427,267.0,121.0,153.0,166.0
10428,254.0,107.0,151.0,147.0
10429,229.0,105.0,119.0,125.0
10430,229.0,88.0,127.0,132.0
10431,245.0,132.0,175.0,154.0
10432,272.0,228.0,149.0,146.0
10433,231.0,102.0,130.0,120.0
10434,273.0,238.0,164.0,148.0
10435,213.0,210.0,114.0,134.0
10436,259.0,223.0,161.0,141.0
10437,256.0,148.0,139.0,140.0
10438,247.0,204.0,139.0,134.0
10439,233.0,205.0,128.0,133.0
10440,252.0,56.0,135.0,144.0
10441,263.0,101.0,136.0,130.0
10442,249.0,94.0,143.0,125.0
10443,245.0,98.0,142.0,132.0
10444,281.0,154.0,157.0,139.0
10445,245.0,60.0,137.0,138.0
10446,244.0,98.0,138.0,129.0
10447,243.0,103.0,124.0,149.0
10448,251.0,250.0,125.0,135.0
10449,242.0,241.0,147.0,138.0
10450,240.0,118.0,133.0,132.0
10451,258.0,131.0,139.0,153.0
10452,250.0,114.0,150.0,125.0
10453,241.0,122.0,137.0,134.0
10454,262.0,85.0,141.0,161.0
10455,279.0,168.0,157.0,169.0
10456,260.0,139.0,137.0,144.0
10457,248.0,93.0,149.0,140.0
10458,242.0,212.0,133.0,146.0
10459,240.0,197.0,138.0,131.0
10460,237.0,209.0,132.0,130.0
10461,263.0,103.0,155.0,152.0
10462,231.0,219.0,144.0,120.0
10463,235.0,100.0,140.0,132.0
10464,240.0,211.0,135.0,140.0
10465,266.0,110.0,157.0,150.0
10466,252.0,129.0,150.0,137.0
10467,249.0,111.0,153.0,122.0
10468,237.0,110.0,139.0,111.0
10469,246.0,76.0,133.0,141.0
10470,260.0,167.0,152.0,135.0
10471,235.0,83.0,135.0,125.0
10472,243.0,204.0,126.0,126.0
10473,238.0,91.0,140.0,130.0
10474,248.0,93.0,119.0,134.0
10475,245.0,213.0,139.0,136.0
10476,229.0,80.0,134.0,131.0
10477,265.0,228.0,160.0,152.0
10478,248.0,78.0,134.0,146.0
10479,249.0,209.0,139.0,131.0
10480,267.0,147.0,161.0,153.0
10481,226.0,113.0,116.0,112.0
10482,254.0,118.0,130.0,147.0
10483,265.0,131.0,141.0,150.0
10484,236.0,143.0,129.0,129.0
10485,270.0,228.0,149.0,154.0
10486,248.0,211.0,140.0,124.0
10487,240.0,166.0,129.0,143.0
10488,249.0,134.0,125.0,142.0
10489,234.0,203.0,130.0,114.0
10490,272.0,99.0,155.0,154.0
10491,252.0,88.0,151.0,133.0
10492,249.0,90.0,156.0,142.0
10493,253.0,240.0,131.0,154.0
10494,266.0,266.0,146.0,157.0
10495,249.0,126.0,148.0,134.0
10496,246.0,238.0,116.0,137.0
10497,258.0,249.0,140.0,145.0
10498,266.0,100.0,147.0,147.0
10499,238.0,227.0,125.0,146.0
10500,236.0,225.0,127.0,135.0
10501,221.0,71.0,122.0,122.0
10502,239.0,205.0,142.0,140.0
10503,239.0,102.0,154.0,124.0
10504,245.0,235.0,145.0,139.0
10505,291.0,281.0,172.0,162.0
10506,258.0,233.0,154.0,155.0
10507,281.0,247.0,158.0,154.0
10508,257.0,117.0,141.0,143.0
10509,225.0,120.0,132.0,123.0
10510,263.0,92.0,141.0,150.0
10511,234.0,196.0,138.0,146.0
10512,242.0,133.0,141.0,137.0
10513,253.0,133.0,141.0,144.0
10514,253.0,248.0,146.0,136.0
10515,262.0,43.0,139.0,161.0
10516,248.0,225.0,124.0,138.0
10517,219.0,196.0,125.0,120.0
10518,264.0,154.0,144.0,148.0
10519,269.0,227.0,133.0,151.0
10520,277.0,63.0,165.0,168.0
10521,242.0,99.0,127.0,128.0
10522,240.0,86.0,149.0,127.0
10523,255.0,252.0,154.0,145.0
10524,251.0,132.0,143.0,147.0
10525,251.0,123.0,145.0,157.0
10526,270.0,230.0,142.0,162.0
10527,234.0,193.0,117.0,126.0
10528,245.0,213.0,135.0,143.0
10529,251.0,122.0,149.0,137.0
10530,244.0,212.0,141.0,140.0
10531,256.0,169.0,136.0,131.0
10532,248.0,100.0,127.0,132.0
10533,245.0,82.0,133.0,138.0
10534,278.0,135.0,165.0,149.0
10535,260.0,107.0,143.0,155.0
10536,266.0,236.0,150.0,147.0
10537,234.0,111.0,133.0,131.0
10538,252.0,144.0,142.0,147.0
10539,245.0,100.0,129.0,129.0
10540,250.0,81.0,154.0,126.0
10541,257.0,253.0,152.0,148.0
10542,241.0,111.0,131.0,134.0
10543,249.0,216.0,120.0,137.0
10544,248.0,125.0,120.0,134.0
10545,241.0,113.0,141.0,137.0
10546,247.0,73.0,150.0,131.0
10547,272.0,114.0,139.0,147.0
10548,244.0,238.0,129.0,136.0
10549,260.0,254.0,157.0,168.0
10550,231.0,129.0,104.0,139.0
10551,242.0,78.0,122.0,155.0
10552,253.0,165.0,137.0,136.0
10553,255.0,86.0,139.0,150.0
10554,250.0,210.0,140.0,152.0
10555,252.0,88.0,159.0,150.0
10556,253.0,116.0,147.0,143.0
10557,261.0,257.0,138.0,144.0
10558,253.0,249.0,148.0,149.0
10559,237.0,56.0,120.0,125.0
10560,260.0,113.0,145.0,138.0
10561,247.0,73.0,137.0,135.0
10562,255.0,62.0,155.0,141.0
10563,260.0,113.0,146.0,144.0
10564,247.0,187.0,136.0,127.0
10565,265.0,241.0,156.0,137.0
10566,257.0,128.0,151.0,129.0
10567,239.0,91.0,136.0,130.0
10568,233.0,66.0,132.0,127.0
10569,237.0,211.0,129.0,125.0
10570,267.0,183.0,149.0,162.0
10571,268.0,260.0,153.0,167.0
10572,254.0,109.0,145.0,163.0
10573,260.0,226.0,143.0,156.0
10574,238.0,140.0,120.0,134.0
10575,245.0,87.0,131.0,141.0
10576,255.0,118.0,151.0,134.0
10577,263.0,110.0,153.0,156.0
10578,237.0,65.0,125.0,130.0
10579,239.0,206.0,142.0,125.0
10580,232.0,215.0,135.0,121.0
10581,248.0,85.0,131.0,140.0
10582,241.0,134.0,132.0,144.0
10583,242.0,102.0,145.0,134.0
10584,256.0,230.0,146.0,140.0
10585,235.0,209.0,135.0,132.0
10586,237.0,105.0,130.0,128.0
10587,246.0,235.0,155.0,139.0
10588,256.0,245.0,142.0,132.0
10589,286.0,123.0,165.0,163.0
10590,235.0,109.0,123.0,136.0
10591,255.0,182.0,142.0,138.0
10592,254.0,151.0,136.0,144.0
10593,264.0,135.0,151.0,151.0
10594,249.0,84.0,147.0,136.0
10595,267.0,113.0,164.0,153.0
10596,253.0,253.0,143.0,147.0
10597,263.0,237.0,150.0,149.0
10598,258.0,214.0,148.0,153.0
10599,258.0,211.0,143.0,151.0
10600,252.0,245.0,146.0,139.0
10601,237.0,128.0,124.0,139.0
10602,255.0,89.0,144.0,135.0
10603,247.0,48.0,147.0,150.0
10604,235.0,100.0,130.0,122.0
10605,263.0,92.0,162.0,153.0
10606,228.0,75.0,145.0,116.0
10607,272.0,92.0,135.0,154.0
10608,252.0,169.0,144.0,150.0
10609,230.0,209.0,128.0,130.0
10610,227.0,194.0,117.0,127.0
10611,249.0,86.0,145.0,130.0
10612,256.0,174.0,142.0,143.0
10613,227.0,218.0,119.0,125.0
10614,265.0,64.0,154.0,136.0
10615,253.0,132.0,154.0,135.0
10616,239.0,84.0,135.0,139.0
10617,251.0,90.0,130.0,144.0
10618,243.0,205.0,128.0,149.0
10619,253.0,121.0,145.0,155.0
10620,241.0,106.0,145.0,116.0
10621,244.0,205.0,148.0,136.0
10622,255.0,130.0,145.0,134.0
10623,244.0,218.0,138.0,146.0
10624,231.0,40.0,138.0,123.0
10625,247.0,140.0,131.0,146.0
10626,245.0,103.0,138.0,126.0
10627,258.0,105.0,155.0,139.0
10628,255.0,187.0,151.0,141.0
10629,245.0,91.0,138.0,128.0
10630,232.0,104.0,147.0,128.0
10631,253.0,122.0,132.0,130.0
10632,261.0,102.0,142.0,143.0
10633,228.0,205.0,126.0,122.0
10634,261.0,130.0,155.0,152.0
10635,233.0,95.0,130.0,134.0
10636,241.0,114.0,153.0,131.0
10637,255.0,117.0,150.0,153.0
10638,268.0,184.0,155.0,156.0
10639,245.0,52.0,134.0,144.0
10640,273.0,148.0,164.0,152.0
10641,278.0,165.0,146.0,145.0
10642,265.0,214.0,168.0,139.0
10643,235.0,139.0,134.0,128.0
10644,246.0,210.0,148.0,146.0
10645,234.0,148.0,122.0,138.0
10646,240.0,213.0,129.0,139.0
10647,278.0,124.0,169.0,156.0
10648,281.0,152.0,157.0,151.0
10649,251.0,107.0,134.0,152.0
10650,272.0,111.0,152.0,150.0
10651,247.0,88.0,146.0,136.0
10652,243.0,63.0,148.0,126.0
10653,235.0,198.0,125.0,134.0
10654,272.0,235.0,140.0,160.0
10655,239.0,108.0,126.0,133.0
10656,251.0,226.0,150.0,143.0
10657,230.0,68.0,135.0,123.0
10658,264.0,178.0,145.0,135.0
10659,242.0,106.0,134.0,133.0
10660,241.0,144.0,138.0,148.0
10661,263.0,99.0,164.0,144.0
10662,245.0,101.0,141.0,127.0
10663,261.0,236.0,133.0,146.0
10664,260.0,94.0,131.0,143.0
10665,255.0,224.0,141.0,149.0
10666,250.0,136.0,124.0,129.0
10667,227.0,202.0,110.0,137.0
10668,234.0,66.0,137.0,119.0
10669,242.0,199.0,135.0,132.0
10670,245.0,79.0,138.0,137.0
10671,238.0,104.0,128.0,123.0
10672,265.0,158.0,153.0,159.0
10673,236.0,198.0,145.0,135.0
10674,230.0,100.0,118.0,134.0
10675,235.0,201.0,126.0,137.0
10676,252.0,125.0,133.0,130.0
10677,263.0,260.0,146.0,152.0
10678,239.0,216.0,122.0,153.0
10679,244.0,87.0,131.0,141.0
10680,271.0,108.0,140.0,163.0
10681,244.0,89.0,141.0,138.0
10682,257.0,248.0,141.0,135.0
10683,254.0,245.0,147.0,153.0
10684,233.0,108.0,142.0,125.0
10685,230.0,128.0,142.0,139.0
10686,256.0,211.0,153.0,138.0
10687,237.0,199.0,135.0,143.0
10688,231.0,78.0,122.0,130.0
10689,244.0,92.0,136.0,129.0
10690,240.0,103.0,137.0,142.0
10691,269.0,79.0,160.0,129.0
10692,242.0,89.0,150.0,138.0
10693,248.0,88.0,142.0,144.0
10694,249.0,248.0,145.0,127.0
10695,254.0,125.0,139.0,147.0
10696,254.0,95.0,137.0,141.0
10697,250.0,92.0,136.0,133.0
10698,260.0,122.0,148.0,148.0
10699,251.0,114.0,136.0,138.0
10700,251.0,170.0,153.0,148.0
10701,246.0,246.0,151.0,157.0
10702,276.0,89.0,156.0,170.0
10703,251.0,112.0,153.0,125.0
10704,259.0,72.0,142.0,151.0
10705,247.0,102.0,136.0,140.0
10706,253.0,218.0,134.0,156.0
10707,263.0,143.0,152.0,135.0
10708,270.0,113.0,148.0,147.0
10709,240.0,170.0,120.0,136.0
10710,262.0,231.0,145.0,143.0
10711,249.0,195.0,143.0,146.0
10712,245.0,211.0,122.0,126.0
10713,237.0,149.0,151.0,121.0
10714,262.0,223.0,138.0,141.0
10715,253.0,109.0,140.0,140.0
10716,263.0,234.0,138.0,146.0
10717,251.0,71.0,132.0,140.0
10718,254.0,127.0,134.0,141.0
10719,246.0,191.0,124.0,130.0
10720,260.0,80.0,143.0,132.0
10721,251.0,99.0,147.0,146.0
10722,246.0,218.0,146.0,145.0
10723,263.0,118.0,135.0,144.0
10724,246.0,205.0,132.0,147.0
10725,242.0,190.0,134.0,142.0
10726,258.0,206.0,145.0,149.0
10727,266.0,222.0,153.0,153.0
10728,219.0,105.0,133.0,109.0
10729,255.0,243.0,169.0,148.0
10730,250.0,238.0,144.0,132.0
10731,239.0,211.0,131.0,137.0
10732,253.0,218.0,149.0,141.0
10733,238.0,106.0,130.0,137.0
10734,255.0,107.0,144.0,144.0
10735,230.0,198.0,124.0,127.0
10736,229.0,44.0,122.0,135.0
10737,240.0,127.0,134.0,128.0
10738,242.0,98.0,141.0,136.0
10739,252.0,100.0,135.0,142.0
10740,250.0,92.0,134.0,124.0
10741,257.0,97.0,141.0,139.0
10742,259.0,253.0,148.0,159.0
10743,264.0,228.0,133.0,165.0
10744,224.0,200.0,129.0,119.0
10745,258.0,212.0,145.0,147.0
10746,292.0,275.0,160.0,162.0
10747,273.0,131.0,149.0,154.0
10748,234.0,36.0,145.0,137.0
10749,240.0,85.0,134.0,128.0
10750,237.0,135.0,120.0,128.0
10751,242.0,187.0,136.0,132.0
10752,269.0,253.0,159.0,159.0
10753,277.0,84.0,157.0,154.0
10754,248.0,97.0,131.0,152.0
10755,232.0,139.0,132.0,138.0
10756,240.0,123.0,120.0,140.0
10757,225.0,209.0,128.0,119.0
10758,256.0,73.0,147.0,153.0
10759,226.0,140.0,110.0,136.0
10760,260.0,108.0,146.0,158.0
10761,242.0,117.0,136.0,124.0
10762,254.0,72.0,145.0,139.0
10763,261.0,232.0,149.0,148.0
10764,247.0,139.0,138.0,150.0
10765,234.0,150.0,107.0,134.0
10766,236.0,110.0,133.0,138.0
10767,249.0,133.0,143.0,142.0
10768,255.0,125.0,144.0,131.0
10769,260.0,221.0,142.0,142.0
10770,219.0,66.0,122.0,109.0
10771,243.0,84.0,122.0,121.0
10772,268.0,243.0,138.0,151.0
10773,258.0,122.0,134.0,141.0
10774,275.0,143.0,150.0,162.0
10775,252.0,229.0,133.0,148.0
10776,244.0,90.0,141.0,128.0
10777,246.0,100.0,140.0,137.0
10778,247.0,69.0,130.0,137.0
10779,249.0,228.0,137.0,130.0
10780,240.0,235.0,143.0,139.0
10781,275.0,226.0,149.0,144.0
10782,224.0,75.0,142.0,113.0
10783,247.0,107.0,147.0,137.0
10784,242.0,76.0,130.0,128.0
10785,255.0,92.0,141.0,138.0
10786,249.0,211.0,143.0,133.0
10787,235.0,57.0,128.0,138.0
10788,242.0,137.0,126.0,138.0
10789,245.0,146.0,134.0,137.0
10790,270.0,135.0,140.0,157.0
10791,240.0,78.0,136.0,132.0
10792,249.0,141.0,139.0,148.0
10793,248.0,247.0,144.0,138.0
10794,277.0,122.0,175.0,166.0
10795,277.0,241.0,152.0,154.0
10796,252.0,250.0,161.0,130.0
10797,251.0,219.0,130.0,136.0
10798,254.0,221.0,138.0,146.0
10799,246.0,240.0,149.0,144.0
10800,266.0,256.0,155.0,151.0
10801,242.0,232.0,157.0,150.0
10802,266.0,117.0,139.0,150.0
10803,244.0,169.0,130.0,162.0
10804,280.0,124.0,178.0,166.0
10805,249.0,216.0,156.0,142.0
10806,240.0,112.0,139.0,145.0
10807,244.0,113.0,138.0,133.0
10808,275.0,80.0,149.0,153.0
10809,253.0,151.0,135.0,143.0
10810,259.0,213.0,149.0,141.0
10811,272.0,272.0,154.0,148.0
10812,247.0,83.0,139.0,146.0
10813,246.0,105.0,132.0,130.0
10814,250.0,224.0,140.0,126.0
10815,256.0,232.0,136.0,140.0
10816,270.0,139.0,156.0,151.0
10817,258.0,215.0,140.0,156.0
10818,238.0,101.0,129.0,131.0
10819,258.0,125.0,144.0,142.0
10820,255.0,219.0,118.0,145.0
10821,242.0,104.0,141.0,128.0
10822,242.0,114.0,143.0,136.0
10823,268.0,176.0,147.0,149.0
10824,238.0,188.0,141.0,124.0
10825,229.0,79.0,130.0,139.0
10826,259.0,98.0,167.0,150.0
10827,235.0,132.0,128.0,137.0
10828,243.0,101.0,138.0,132.0
10829,246.0,204.0,130.0,161.0
10830,239.0,176.0,131.0,123.0
10831,269.0,129.0,168.0,149.0
10832,258.0,222.0,148.0,156.0
10833,260.0,94.0,130.0,132.0
10834,253.0,89.0,138.0,146.0
10835,230.0,83.0,137.0,143.0
10836,232.0,134.0,141.0,116.0
10837,227.0,207.0,121.0,121.0
10838,267.0,187.0,154.0,143.0
10839,244.0,204.0,141.0,137.0
10840,258.0,218.0,145.0,145.0
10841,257.0,223.0,146.0,143.0
10842,232.0,199.0,130.0,149.0
10843,260.0,118.0,139.0,155.0
10844,246.0,118.0,128.0,153.0
10845,249.0,213.0,150.0,122.0
10846,254.0,105.0,144.0,152.0
10847,254.0,99.0,147.0,144.0
10848,248.0,126.0,141.0,139.0
10849,265.0,58.0,157.0,146.0
10850,258.0,111.0,138.0,161.0
10851,269.0,193.0,158.0,151.0
10852,254.0,124.0,141.0,147.0
10853,271.0,234.0,158.0,146.0
10854,240.0,111.0,141.0,137.0
10855,249.0,210.0,145.0,145.0
10856,250.0,226.0,150.0,136.0
10857,227.0,118.0,129.0,122.0
10858,244.0,208.0,133.0,130.0
10859,265.0,63.0,146.0,147.0
10860,245.0,67.0,137.0,151.0
10861,275.0,118.0,161.0,158.0
10862,270.0,269.0,150.0,149.0
10863,251.0,250.0,146.0,152.0
10864,269.0,79.0,149.0,162.0
10865,270.0,254.0,162.0,140.0
10866,256.0,129.0,150.0,135.0
10867,238.0,215.0,128.0,135.0
10868,228.0,205.0,128.0,124.0
10869,233.0,105.0,123.0,149.0
10870,269.0,101.0,154.0,157.0
10871,261.0,149.0,146.0,139.0
10872,256.0,115.0,144.0,143.0
10873,263.0,217.0,146.0,144.0
10874,233.0,89.0,145.0,122.0
10875,267.0,144.0,140.0,150.0
10876,241.0,140.0,132.0,141.0
10877,246.0,208.0,141.0,130.0
10878,245.0,209.0,134.0,140.0
10879,242.0,85.0,133.0,143.0
10880,259.0,103.0,146.0,145.0
10881,242.0,59.0,147.0,136.0
10882,252.0,76.0,134.0,134.0
10883,252.0,122.0,139.0,129.0
10884,274.0,154.0,134.0,156.0
10885,239.0,222.0,130.0,138.0
10886,251.0,117.0,140.0,148.0
10887,264.0,118.0,136.0,155.0
10888,241.0,120.0,149.0,130.0
10889,256.0,217.0,136.0,155.0
10890,249.0,120.0,153.0,126.0
10891,242.0,46.0,134.0,138.0
10892,237.0,206.0,129.0,138.0
10893,246.0,86.0,139.0,150.0
10894,238.0,148.0,136.0,138.0
10895,278.0,250.0,152.0,161.0
10896,245.0,234.0,128.0,146.0
10897,234.0,94.0,148.0,140.0
10898,253.0,124.0,149.0,155.0
10899,235.0,102.0,136.0,120.0
10900,235.0,117.0,147.0,148.0
10901,250.0,117.0,149.0,140.0
10902,240.0,98.0,133.0,130.0
10903,220.0,184.0,136.0,130.0
10904,246.0,102.0,140.0,139.0
10905,252.0,100.0,144.0,141.0
10906,249.0,125.0,145.0,142.0
10907,246.0,59.0,134.0,121.0
10908,250.0,118.0,146.0,132.0
10909,230.0,82.0,129.0,126.0
10910,237.0,126.0,139.0,133.0
10911,243.0,151.0,141.0,130.0
10912,239.0,153.0,137.0,136.0
10913,240.0,100.0,127.0,152.0
10914,235.0,233.0,137.0,119.0
10915,256.0,109.0,158.0,157.0
10916,249.0,143.0,136.0,139.0
10917,258.0,213.0,125.0,140.0
10918,269.0,62.0,139.0,148.0
10919,254.0,113.0,133.0,134.0
10920,246.0,200.0,145.0,134.0
10921,267.0,52.0,138.0,156.0
10922,258.0,218.0,131.0,138.0
10923,249.0,93.0,145.0,142.0
10924,238.0,76.0,125.0,143.0
10925,241.0,81.0,143.0,132.0
10926,228.0,76.0,129.0,119.0
10927,242.0,127.0,128.0,128.0
10928,251.0,40.0,141.0,139.0
10929,234.0,74.0,126.0,119.0
10930,252.0,138.0,141.0,143.0
10931,239.0,85.0,122.0,141.0
10932,250.0,110.0,135.0,145.0
10933,250.0,210.0,144.0,153.0
10934,239.0,199.0,144.0,144.0
10935,269.0,226.0,157.0,161.0
10936,253.0,96.0,147.0,138.0
10937,269.0,215.0,142.0,160.0
10938,257.0,103.0,135.0,152.0
10939,255.0,226.0,161.0,128.0
10940,221.0,192.0,119.0,119.0
10941,244.0,235.0,138.0,136.0
10942,240.0,231.0,140.0,127.0
10943,245.0,104.0,136.0,134.0
10944,261.0,104.0,140.0,144.0
10945,264.0,94.0,157.0,143.0
10946,256.0,108.0,141.0,144.0
10947,229.0,110.0,133.0,130.0
10948,264.0,150.0,139.0,158.0
10949,253.0,145.0,133.0,143.0
10950,234.0,135.0,141.0,127.0
10951,247.0,102.0,126.0,143.0
10952,258.0,128.0,136.0,138.0
10953,245.0,85.0,149.0,141.0
10954,252.0,122.0,150.0,148.0
10955,242.0,146.0,138.0,127.0
10956,261.0,223.0,136.0,139.0
10957,261.0,226.0,129.0,150.0
10958,236.0,109.0,141.0,126.0
10959,242.0,100.0,140.0,132.0
10960,234.0,202.0,133.0,137.0
10961,244.0,122.0,128.0,133.0
10962,240.0,96.0,140.0,142.0
10963,246.0,219.0,127.0,139.0
10964,236.0,94.0,130.0,131.0
10965,260.0,102.0,151.0,148.0
10966,241.0,210.0,132.0,130.0
10967,252.0,119.0,130.0,144.0
10968,260.0,257.0,140.0,149.0
10969,246.0,104.0,148.0,140.0
10970,261.0,113.0,141.0,164.0
10971,252.0,99.0,145.0,144.0
10972,230.0,199.0,140.0,125.0
10973,249.0,102.0,144.0,139.0
10974,237.0,207.0,148.0,132.0
10975,245.0,95.0,136.0,127.0
10976,258.0,147.0,150.0,148.0
10977,277.0,82.0,161.0,147.0
10978,263.0,154.0,171.0,173.0
10979,247.0,112.0,146.0,145.0
10980,239.0,120.0,142.0,143.0
10981,268.0,162.0,137.0,167.0
10982,266.0,242.0,150.0,167.0
10983,239.0,127.0,136.0,139.0
10984,245.0,101.0,143.0,141.0
10985,238.0,88.0,127.0,143.0
10986,241.0,101.0,141.0,133.0
10987,259.0,221.0,148.0,142.0
10988,246.0,106.0,129.0,147.0
10989,249.0,107.0,139.0,154.0
10990,289.0,167.0,159.0,143.0
10991,270.0,99.0,155.0,145.0
10992,244.0,215.0,149.0,139.0
10993,229.0,213.0,125.0,125.0
10994,236.0,227.0,130.0,136.0
10995,231.0,222.0,125.0,130.0
10996,251.0,79.0,149.0,156.0
10997,246.0,220.0,136.0,132.0
10998,250.0,224.0,137.0,137.0
10999,255.0,113.0,144.0,145.0
11000,252.0,92.0,142.0,138.0
11001,230.0,101.0,134.0,117.0
11002,255.0,178.0,139.0,152.0
11003,263.0,94.0,147.0,143.0
11004,242.0,142.0,128.0,143.0
11005,260.0,225.0,155.0,141.0
11006,239.0,97.0,134.0,116.0
11007,261.0,115.0,138.0,144.0
11008,273.0,264.0,148.0,143.0
11009,250.0,103.0,125.0,142.0
11010,255.0,109.0,135.0,144.0
11011,263.0,216.0,159.0,148.0
11012,256.0,134.0,139.0,152.0
11013,264.0,223.0,163.0,159.0
11014,241.0,108.0,143.0,131.0
11015,246.0,246.0,143.0,151.0
11016,258.0,258.0,134.0,154.0
11017,248.0,114.0,129.0,127.0
11018,269.0,106.0,156.0,154.0
11019,249.0,214.0,141.0,136.0
11020,235.0,151.0,131.0,135.0
11021,230.0,116.0,126.0,122.0
11022,247.0,231.0,126.0,144.0
11023,233.0,198.0,123.0,123.0
11024,269.0,106.0,157.0,150.0
11025,243.0,97.0,140.0,143.0
11026,231.0,196.0,133.0,111.0
11027,248.0,111.0,158.0,142.0
11028,274.0,135.0,178.0,154.0
11029,265.0,102.0,143.0,144.0
11030,245.0,207.0,130.0,140.0
11031,267.0,122.0,150.0,152.0
11032,264.0,220.0,166.0,161.0
11033,272.0,232.0,155.0,148.0
11034,267.0,166.0,138.0,149.0
11035,231.0,106.0,130.0,125.0
11036,239.0,158.0,122.0,126.0
11037,257.0,119.0,139.0,159.0
11038,250.0,106.0,139.0,131.0
11039,239.0,203.0,119.0,130.0
11040,247.0,107.0,134.0,146.0
11041,250.0,171.0,141.0,144.0
11042,265.0,132.0,146.0,135.0
11043,236.0,154.0,139.0,125.0
11044,260.0,77.0,140.0,152.0
11045,258.0,114.0,138.0,144.0
11046,262.0,93.0,147.0,145.0
11047,258.0,239.0,138.0,145.0
11048,245.0,98.0,133.0,122.0
11049,261.0,99.0,145.0,141.0
11050,267.0,239.0,152.0,161.0
11051,251.0,114.0,126.0,146.0
11052,246.0,242.0,151.0,153.0
11053,240.0,200.0,136.0,127.0
11054,283.0,96.0,162.0,137.0
11055,255.0,113.0,155.0,122.0
11056,251.0,201.0,148.0,145.0
11057,242.0,196.0,129.0,124.0
11058,249.0,184.0,130.0,141.0
11059,260.0,239.0,154.0,149.0
11060,242.0,199.0,135.0,152.0
11061,251.0,160.0,138.0,139.0
11062,241.0,117.0,138.0,137.0
11063,238.0,199.0,136.0,139.0
11064,260.0,115.0,133.0,158.0
11065,241.0,210.0,149.0,136.0
11066,224.0,221.0,142.0,142.0
11067,217.0,89.0,125.0,116.0
11068,255.0,122.0,161.0,148.0
11069,220.0,65.0,112.0,133.0
11070,255.0,84.0,127.0,156.0
11071,258.0,129.0,146.0,159.0
11072,280.0,151.0,166.0,148.0
11073,249.0,173.0,143.0,144.0
11074,238.0,96.0,118.0,136.0
11075,248.0,130.0,129.0,128.0
11076,240.0,91.0,132.0,136.0
11077,236.0,192.0,137.0,124.0
11078,219.0,75.0,125.0,123.0
11079,255.0,225.0,154.0,143.0
11080,253.0,132.0,133.0,148.0
11081,254.0,134.0,136.0,133.0
11082,241.0,212.0,142.0,129.0
11083,262.0,119.0,149.0,134.0
11084,256.0,86.0,143.0,133.0
11085,232.0,191.0,124.0,148.0
11086,260.0,107.0,139.0,149.0
11087,239.0,207.0,142.0,140.0
11088,241.0,81.0,147.0,132.0
11089,266.0,105.0,149.0,159.0
11090,240.0,209.0,141.0,144.0
11091,243.0,214.0,130.0,140.0
11092,275.0,127.0,159.0,160.0
11093,230.0,105.0,134.0,135.0
11094,260.0,98.0,176.0,137.0
11095,246.0,87.0,147.0,134.0
11096,258.0,215.0,142.0,143.0
11097,255.0,222.0,127.0,143.0
11098,240.0,102.0,145.0,133.0
11099,231.0,117.0,145.0,135.0
11100,243.0,119.0,136.0,149.0
11101,274.0,134.0,158.0,137.0
11102,242.0,210.0,122.0,132.0
11103,247.0,79.0,125.0,153.0
11104,234.0,194.0,137.0,135.0
11105,233.0,90.0,125.0,145.0
11106,275.0,233.0,150.0,146.0
11107,242.0,143.0,137.0,129.0
11108,263.0,263.0,162.0,160.0
11109,243.0,102.0,129.0,161.0
11110,248.0,114.0,153.0,146.0
11111,264.0,76.0,155.0,144.0
11112,248.0,182.0,134.0,125.0
11113,224.0,194.0,134.0,129.0
11114,244.0,91.0,129.0,135.0
11115,270.0,269.0,151.0,144.0
11116,252.0,201.0,151.0,142.0
11117,248.0,211.0,129.0,131.0
11118,259.0,110.0,153.0,143.0
11119,243.0,118.0,146.0,141.0
11120,242.0,62.0,144.0,118.0
11121,257.0,95.0,143.0,154.0
11122,242.0,116.0,133.0,135.0
11123,244.0,134.0,130.0,137.0
11124,272.0,239.0,153.0,153.0
11125,240.0,102.0,133.0,141.0
11126,254.0,90.0,143.0,143.0
11127,245.0,206.0,135.0,143.0
11128,241.0,214.0,143.0,129.0
11129,243.0,241.0,150.0,138.0
11130,259.0,86.0,140.0,137.0
11131,240.0,97.0,131.0,134.0
11132,262.0,99.0,146.0,137.0
11133,266.0,142.0,151.0,143.0
11134,226.0,107.0,121.0,135.0
11135,246.0,74.0,147.0,132.0
11136,249.0,109.0,151.0,142.0
11137,217.0,216.0,113.0,120.0
11138,278.0,269.0,161.0,163.0
11139,251.0,108.0,144.0,138.0
11140,249.0,100.0,137.0,156.0
11141,245.0,207.0,137.0,144.0
11142,252.0,209.0,159.0,146.0
11143,240.0,101.0,124.0,139.0
11144,268.0,93.0,135.0,153.0
11145,250.0,125.0,139.0,127.0
11146,243.0,104.0,140.0,127.0
11147,255.0,166.0,132.0,146.0
11148,239.0,132.0,151.0,138.0
11149,250.0,240.0,141.0,147.0
11150,260.0,132.0,143.0,146.0
11151,250.0,155.0,139.0,144.0
11152,237.0,93.0,130.0,132.0
11153,248.0,104.0,153.0,140.0
11154,254.0,90.0,129.0,148.0
11155,228.0,88.0,138.0,121.0
11156,276.0,229.0,145.0,149.0
11157,267.0,225.0,140.0,161.0
11158,239.0,214.0,144.0,137.0
11159,267.0,258.0,146.0,160.0
11160,263.0,254.0,163.0,148.0
11161,231.0,127.0,132.0,139.0
11162,234.0,199.0,128.0,132.0
11163,254.0,118.0,138.0,142.0
11164,240.0,238.0,157.0,137.0
11165,247.0,77.0,162.0,141.0
11166,243.0,120.0,125.0,133.0
11167,246.0,108.0,131.0,137.0
11168,258.0,246.0,139.0,144.0
11169,243.0,93.0,142.0,134.0
11170,251.0,130.0,127.0,133.0
11171,260.0,125.0,140.0,135.0
11172,253.0,208.0,135.0,136.0
11173,241.0,202.0,132.0,128.0
11174,260.0,119.0,140.0,144.0
11175,265.0,226.0,137.0,149.0
11176,231.0,63.0,140.0,131.0
11177,256.0,108.0,135.0,135.0
11178,273.0,179.0,152.0,151.0
11179,230.0,136.0,121.0,126.0
11180,240.0,120.0,128.0,129.0
11181,261.0,136.0,148.0,143.0
11182,266.0,121.0,146.0,157.0
11183,230.0,196.0,144.0,121.0
11184,271.0,235.0,164.0,152.0
11185,247.0,62.0,136.0,130.0
11186,241.0,131.0,123.0,141.0
11187,238.0,139.0,138.0,133.0
11188,245.0,223.0,134.0,137.0
11189,237.0,93.0,133.0,132.0
11190,243.0,212.0,133.0,124.0
11191,269.0,150.0,149.0,158.0
11192,273.0,153.0,172.0,158.0
11193,260.0,137.0,141.0,126.0
11194,255.0,143.0,152.0,135.0
11195,251.0,125.0,139.0,144.0
11196,237.0,226.0,133.0,142.0
11197,262.0,103.0,142.0,143.0
11198,268.0,117.0,159.0,145.0
11199,231.0,87.0,132.0,116.0
11200,256.0,175.0,146.0,143.0
11201,275.0,147.0,157.0,146.0
11202,248.0,145.0,133.0,143.0
11203,236.0,79.0,135.0,133.0
11204,223.0,209.0,128.0,118.0
11205,262.0,223.0,147.0,147.0
11206,241.0,155.0,128.0,130.0
11207,254.0,251.0,151.0,140.0
11208,260.0,82.0,152.0,142.0
11209,251.0,237.0,146.0,137.0
11210,274.0,94.0,162.0,154.0
11211,231.0,123.0,132.0,131.0
11212,246.0,120.0,135.0,131.0
11213,237.0,78.0,152.0,139.0
11214,254.0,160.0,137.0,132.0
11215,249.0,93.0,153.0,145.0
11216,271.0,129.0,166.0,151.0
11217,268.0,73.0,142.0,143.0
11218,275.0,120.0,158.0,154.0
11219,246.0,126.0,143.0,142.0
11220,253.0,220.0,146.0,143.0
11221,235.0,152.0,124.0,141.0
11222,242.0,237.0,138.0,136.0
11223,262.0,129.0,140.0,151.0
11224,237.0,106.0,124.0,132.0
11225,236.0,207.0,138.0,116.0
11226,246.0,217.0,123.0,146.0
11227,255.0,100.0,130.0,149.0
11228,238.0,109.0,138.0,137.0
11229,235.0,110.0,135.0,142.0
11230,265.0,170.0,152.0,144.0
11231,257.0,232.0,152.0,151.0
11232,252.0,244.0,145.0,137.0
11233,248.0,110.0,131.0,131.0
11234,262.0,240.0,169.0,142.0
11235,256.0,220.0,142.0,138.0
11236,243.0,206.0,147.0,140.0
11237,254.0,116.0,147.0,148.0
11238,263.0,106.0,157.0,158.0
11239,238.0,213.0,134.0,134.0
11240,269.0,109.0,138.0,155.0
11241,229.0,100.0,130.0,127.0
11242,260.0,120.0,143.0,149.0
11243,271.0,141.0,158.0,144.0
11244,258.0,219.0,153.0,138.0
11245,255.0,216.0,148.0,143.0
11246,233.0,116.0,130.0,129.0
11247,247.0,131.0,138.0,129.0
11248,243.0,117.0,144.0,134.0
11249,257.0,79.0,144.0,161.0
11250,259.0,249.0,146.0,143.0
11251,231.0,208.0,134.0,147.0
11252,245.0,89.0,126.0,138.0
11253,243.0,116.0,144.0,139.0
11254,245.0,210.0,134.0,141.0
11255,256.0,115.0,139.0,138.0
11256,238.0,98.0,136.0,136.0
11257,238.0,213.0,132.0,130.0
11258,267.0,159.0,149.0,165.0
11259,242.0,143.0,152.0,129.0
11260,276.0,231.0,156.0,170.0
11261,277.0,140.0,162.0,155.0
11262,257.0,103.0,145.0,132.0
11263,245.0,130.0,134.0,134.0
11264,261.0,78.0,141.0,142.0
11265,221.0,193.0,124.0,124.0
11266,251.0,214.0,143.0,149.0
11267,250.0,129.0,143.0,129.0
11268,260.0,116.0,154.0,148.0
11269,255.0,219.0,141.0,148.0
11270,242.0,154.0,129.0,138.0
11271,251.0,104.0,138.0,130.0
11272,265.0,219.0,157.0,145.0
11273,255.0,79.0,143.0,153.0
11274,230.0,142.0,129.0,142.0
11275,244.0,104.0,128.0,133.0
11276,228.0,62.0,141.0,135.0
11277,240.0,114.0,151.0,134.0
11278,249.0,146.0,128.0,147.0
11279,245.0,79.0,125.0,129.0
11280,253.0,94.0,144.0,145.0
11281,274.0,85.0,152.0,160.0
11282,244.0,132.0,106.0,124.0
11283,219.0,216.0,121.0,123.0
11284,252.0,139.0,151.0,160.0
11285,260.0,105.0,147.0,134.0
11286,235.0,208.0,121.0,130.0
11287,259.0,100.0,134.0,151.0
11288,239.0,208.0,133.0,136.0
11289,250.0,110.0,122.0,134.0
11290,265.0,214.0,148.0,161.0
11291,254.0,213.0,152.0,153.0
11292,277.0,224.0,156.0,166.0
11293,259.0,229.0,150.0,157.0
11294,266.0,112.0,148.0,152.0
11295,245.0,138.0,140.0,138.0
11296,254.0,162.0,139.0,147.0
11297,274.0,64.0,157.0,164.0
11298,250.0,101.0,139.0,145.0
11299,256.0,249.0,150.0,138.0
11300,231.0,96.0,123.0,138.0
11301,250.0,113.0,142.0,128.0
11302,266.0,132.0,154.0,139.0
11303,269.0,83.0,144.0,170.0
11304,245.0,181.0,136.0,135.0
11305,260.0,197.0,154.0,147.0
11306,246.0,148.0,133.0,138.0
11307,267.0,79.0,142.0,163.0
11308,243.0,197.0,136.0,127.0
11309,240.0,103.0,150.0,147.0
11310,241.0,108.0,137.0,144.0
11311,257.0,122.0,147.0,150.0
11312,250.0,121.0,155.0,131.0
11313,244.0,133.0,153.0,142.0
11314,262.0,218.0,158.0,147.0
11315,238.0,228.0,132.0,133.0
11316,257.0,80.0,159.0,151.0
11317,263.0,215.0,160.0,151.0
11318,235.0,192.0,128.0,129.0
11319,286.0,126.0,165.0,162.0
11320,240.0,202.0,143.0,144.0
11321,257.0,144.0,151.0,136.0
11322,243.0,205.0,138.0,150.0
11323,267.0,229.0,137.0,153.0
11324,251.0,123.0,133.0,136.0
11325,242.0,110.0,126.0,145.0
11326,262.0,226.0,138.0,147.0
11327,261.0,90.0,150.0,145.0
11328,268.0,140.0,146.0,156.0
11329,239.0,214.0,134.0,143.0
11330,233.0,125.0,135.0,134.0
11331,255.0,124.0,143.0,152.0
11332,249.0,111.0,146.0,144.0
11333,247.0,87.0,151.0,146.0
11334,262.0,119.0,142.0,145.0
11335,250.0,79.0,148.0,140.0
11336,256.0,87.0,143.0,137.0
11337,237.0,208.0,135.0,131.0
11338,260.0,103.0,142.0,144.0
11339,241.0,200.0,145.0,138.0
11340,254.0,98.0,149.0,115.0
11341,257.0,85.0,142.0,150.0
11342,257.0,97.0,146.0,136.0
11343,257.0,119.0,153.0,146.0
11344,242.0,114.0,131.0,134.0
11345,231.0,74.0,131.0,140.0
11346,231.0,133.0,128.0,119.0
11347,271.0,148.0,143.0,154.0
11348,244.0,112.0,137.0,139.0
11349,264.0,118.0,156.0,136.0
11350,236.0,86.0,135.0,134.0
11351,257.0,162.0,135.0,134.0
11352,255.0,80.0,151.0,144.0
11353,247.0,91.0,137.0,124.0
11354,252.0,213.0,144.0,138.0
11355,264.0,219.0,144.0,149.0
11356,252.0,207.0,130.0,158.0
11357,254.0,220.0,137.0,145.0
11358,256.0,222.0,136.0,145.0
11359,233.0,200.0,133.0,136.0
11360,229.0,196.0,135.0,127.0
11361,234.0,144.0,120.0,129.0
11362,279.0,86.0,157.0,179.0
11363,261.0,217.0,149.0,145.0
11364,262.0,241.0,158.0,158.0
11365,247.0,164.0,130.0,130.0
11366,254.0,100.0,139.0,148.0
11367,259.0,83.0,144.0,145.0
11368,243.0,157.0,144.0,149.0
11369,244.0,111.0,139.0,131.0
11370,242.0,214.0,141.0,139.0
11371,272.0,93.0,157.0,142.0
11372,249.0,210.0,130.0,141.0
11373,248.0,154.0,145.0,134.0
11374,240.0,101.0,137.0,146.0
11375,237.0,85.0,124.0,127.0
11376,252.0,129.0,134.0,146.0
11377,232.0,70.0,137.0,131.0
11378,243.0,130.0,155.0,143.0
11379,264.0,127.0,142.0,150.0
11380,274.0,111.0,160.0,151.0
11381,259.0,179.0,135.0,131.0
11382,261.0,101.0,125.0,140.0
11383,264.0,95.0,143.0,146.0
11384,234.0,84.0,131.0,138.0
11385,242.0,88.0,138.0,121.0
11386,247.0,207.0,139.0,125.0
11387,241.0,163.0,151.0,138.0
11388,244.0,192.0,145.0,135.0
11389,254.0,116.0,149.0,158.0
11390,247.0,75.0,151.0,130.0
11391,257.0,223.0,144.0,155.0
11392,263.0,86.0,143.0,144.0
11393,222.0,87.0,110.0,115.0
11394,263.0,140.0,153.0,141.0
11395,238.0,82.0,137.0,131.0
11396,233.0,218.0,138.0,135.0
11397,251.0,114.0,136.0,111.0
11398,248.0,96.0,130.0,135.0
11399,263.0,241.0,142.0,157.0
11400,231.0,75.0,140.0,135.0
11401,255.0,87.0,147.0,148.0
11402,252.0,85.0,149.0,137.0
11403,259.0,103.0,141.0,156.0
11404,237.0,132.0,117.0,152.0
11405,242.0,81.0,124.0,126.0
11406,235.0,91.0,135.0,124.0
11407,252.0,86.0,143.0,135.0
11408,240.0,86.0,132.0,132.0
11409,286.0,148.0,175.0,163.0
11410,242.0,112.0,128.0,140.0
11411,262.0,144.0,141.0,149.0
11412,242.0,198.0,141.0,137.0
11413,263.0,108.0,148.0,139.0
11414,242.0,86.0,138.0,141.0
11415,231.0,123.0,117.0,123.0
11416,240.0,119.0,136.0,135.0
11417,244.0,108.0,135.0,146.0
11418,241.0,212.0,137.0,127.0
11419,271.0,98.0,151.0,150.0
11420,265.0,108.0,162.0,155.0
11421,233.0,162.0,140.0,126.0
11422,264.0,82.0,156.0,150.0
11423,226.0,99.0,124.0,116.0
11424,261.0,105.0,149.0,148.0
11425,255.0,226.0,140.0,140.0
11426,260.0,181.0,136.0,152.0
11427,245.0,107.0,142.0,127.0
11428,254.0,139.0,135.0,139.0
11429,242.0,215.0,131.0,133.0
11430,241.0,70.0,149.0,131.0
11431,258.0,122.0,132.0,152.0
11432,252.0,77.0,148.0,151.0
11433,241.0,77.0,149.0,119.0
11434,265.0,87.0,157.0,140.0
11435,272.0,110.0,143.0,149.0
11436,252.0,90.0,145.0,146.0
11437,268.0,104.0,158.0,151.0
11438,235.0,116.0,125.0,146.0
11439,225.0,197.0,146.0,117.0
11440,271.0,205.0,139.0,160.0
11441,259.0,132.0,148.0,150.0
11442,220.0,190.0,124.0,122.0
11443,257.0,227.0,153.0,160.0
11444,246.0,233.0,143.0,134.0
11445,252.0,217.0,148.0,139.0
11446,251.0,245.0,137.0,139.0
11447,239.0,233.0,132.0,131.0
11448,232.0,137.0,137.0,125.0
11449,254.0,212.0,149.0,150.0
11450,245.0,153.0,133.0,134.0
11451,257.0,93.0,145.0,142.0
11452,229.0,128.0,138.0,117.0
11453,259.0,127.0,144.0,128.0
11454,253.0,146.0,142.0,143.0
11455,241.0,86.0,135.0,123.0
11456,253.0,108.0,139.0,123.0
11457,273.0,123.0,137.0,161.0
11458,240.0,64.0,139.0,127.0
11459,245.0,107.0,150.0,134.0
11460,251.0,77.0,152.0,144.0
11461,236.0,141.0,136.0,133.0
11462,241.0,224.0,150.0,139.0
11463,243.0,133.0,128.0,133.0
11464,242.0,80.0,130.0,130.0
11465,237.0,206.0,136.0,132.0
11466,243.0,104.0,151.0,135.0
11467,231.0,84.0,123.0,127.0
11468,261.0,128.0,158.0,137.0
11469,264.0,98.0,165.0,140.0
11470,261.0,106.0,153.0,156.0
11471,243.0,62.0,136.0,140.0
11472,270.0,212.0,146.0,134.0
11473,250.0,124.0,148.0,149.0
11474,251.0,83.0,139.0,150.0
11475,258.0,88.0,147.0,141.0
11476,285.0,143.0,160.0,168.0
11477,256.0,214.0,137.0,156.0
11478,245.0,223.0,130.0,138.0
11479,268.0,118.0,152.0,166.0
11480,249.0,96.0,142.0,142.0
11481,263.0,180.0,148.0,143.0
11482,248.0,204.0,142.0,141.0
11483,258.0,142.0,152.0,149.0
11484,258.0,131.0,150.0,139.0
11485,279.0,168.0,150.0,146.0
11486,248.0,129.0,143.0,140.0
11487,276.0,246.0,167.0,137.0
11488,248.0,214.0,152.0,131.0
11489,246.0,203.0,131.0,139.0
11490,262.0,207.0,147.0,147.0
11491,247.0,119.0,136.0,134.0
11492,256.0,125.0,150.0,144.0
11493,237.0,94.0,122.0,129.0
11494,252.0,172.0,159.0,129.0
11495,266.0,128.0,149.0,153.0
11496,260.0,208.0,148.0,150.0
11497,253.0,110.0,140.0,130.0
11498,257.0,211.0,160.0,158.0
11499,236.0,77.0,135.0,136.0
11500,261.0,65.0,151.0,152.0
11501,260.0,128.0,143.0,156.0
11502,240.0,107.0,134.0,129.0
11503,235.0,195.0,128.0,133.0
11504,220.0,118.0,131.0,132.0
11505,254.0,203.0,146.0,154.0
11506,256.0,219.0,147.0,140.0
11507,250.0,213.0,147.0,146.0
11508,242.0,131.0,132.0,125.0
11509,232.0,198.0,127.0,133.0
11510,253.0,83.0,140.0,141.0
11511,250.0,186.0,138.0,145.0
11512,262.0,112.0,154.0,143.0
11513,239.0,229.0,153.0,144.0
11514,259.0,232.0,135.0,158.0
11515,275.0,258.0,165.0,166.0
11516,251.0,220.0,142.0,137.0
11517,241.0,208.0,136.0,148.0
11518,251.0,105.0,147.0,148.0
11519,257.0,230.0,164.0,144.0
11520,243.0,62.0,141.0,146.0
11521,251.0,127.0,130.0,144.0
11522,256.0,92.0,151.0,139.0
11523,267.0,123.0,150.0,154.0
11524,244.0,219.0,134.0,132.0
11525,236.0,224.0,136.0,120.0
11526,251.0,86.0,145.0,144.0
11527,246.0,210.0,124.0,136.0
11528,226.0,188.0,132.0,122.0
11529,257.0,189.0,153.0,142.0
11530,228.0,98.0,142.0,135.0
11531,267.0,110.0,161.0,163.0
11532,265.0,190.0,150.0,151.0
11533,243.0,130.0,140.0,142.0
11534,262.0,148.0,152.0,159.0
11535,249.0,198.0,128.0,141.0
11536,246.0,122.0,147.0,131.0
11537,225.0,108.0,131.0,141.0
11538,277.0,129.0,161.0,159.0
11539,238.0,95.0,146.0,140.0
11540,259.0,155.0,145.0,145.0
11541,242.0,99.0,137.0,125.0
11542,270.0,233.0,160.0,134.0
11543,244.0,89.0,154.0,146.0
11544,255.0,120.0,153.0,140.0
11545,241.0,207.0,131.0,133.0
11546,234.0,94.0,133.0,126.0
11547,228.0,69.0,131.0,138.0
11548,243.0,67.0,137.0,137.0
11549,250.0,216.0,139.0,124.0
11550,235.0,208.0,150.0,132.0
11551,248.0,109.0,144.0,148.0
11552,239.0,121.0,133.0,129.0
11553,235.0,99.0,124.0,122.0
11554,248.0,110.0,141.0,136.0
11555,238.0,125.0,147.0,146.0
11556,263.0,85.0,151.0,159.0
11557,240.0,180.0,140.0,127.0
11558,262.0,166.0,147.0,143.0
11559,239.0,225.0,136.0,125.0
11560,246.0,138.0,145.0,128.0
11561,237.0,138.0,143.0,128.0
11562,240.0,229.0,128.0,127.0
11563,231.0,207.0,126.0,122.0
11564,284.0,140.0,156.0,170.0
11565,264.0,245.0,149.0,162.0
11566,267.0,139.0,129.0,150.0
11567,241.0,137.0,129.0,136.0
11568,264.0,213.0,148.0,138.0
11569,249.0,144.0,144.0,135.0
11570,250.0,69.0,157.0,129.0
11571,245.0,242.0,133.0,150.0
11572,262.0,239.0,142.0,131.0
11573,279.0,145.0,147.0,165.0
11574,227.0,90.0,140.0,119.0
11575,243.0,105.0,126.0,135.0
11576,257.0,109.0,152.0,146.0
11577,253.0,129.0,152.0,153.0
11578,240.0,116.0,143.0,138.0
11579,244.0,205.0,146.0,148.0
11580,240.0,201.0,146.0,155.0
11581,271.0,92.0,140.0,142.0
11582,262.0,103.0,167.0,150.0
11583,239.0,203.0,136.0,130.0
11584,276.0,153.0,167.0,149.0
11585,252.0,89.0,136.0,131.0
11586,237.0,199.0,138.0,141.0
11587,266.0,66.0,144.0,142.0
11588,246.0,219.0,133.0,143.0
11589,261.0,111.0,155.0,150.0
11590,249.0,219.0,150.0,157.0
11591,254.0,171.0,152.0,143.0
11592,250.0,173.0,142.0,142.0
11593,264.0,230.0,141.0,154.0
11594,259.0,225.0,141.0,156.0
11595,258.0,98.0,154.0,143.0
11596,248.0,237.0,143.0,127.0
11597,262.0,111.0,147.0,138.0
11598,243.0,146.0,138.0,128.0
11599,257.0,223.0,126.0,141.0
11600,235.0,138.0,125.0,123.0
11601,258.0,122.0,140.0,154.0
11602,258.0,132.0,126.0,156.0
11603,256.0,89.0,122.0,143.0
11604,264.0,101.0,137.0,156.0
11605,236.0,127.0,121.0,135.0
11606,234.0,90.0,136.0,139.0
11607,252.0,85.0,151.0,142.0
11608,239.0,214.0,129.0,123.0
11609,255.0,249.0,151.0,159.0
11610,291.0,113.0,164.0,178.0
11611,243.0,94.0,134.0,138.0
11612,250.0,145.0,136.0,140.0
11613,253.0,109.0,137.0,140.0
11614,237.0,231.0,137.0,128.0
11615,268.0,225.0,156.0,149.0
11616,260.0,222.0,140.0,138.0
11617,255.0,202.0,146.0,144.0
11618,264.0,123.0,132.0,146.0
11619,229.0,142.0,128.0,132.0
11620,243.0,126.0,125.0,154.0
11621,257.0,169.0,130.0,135.0
11622,265.0,242.0,149.0,151.0
11623,249.0,139.0,143.0,150.0
11624,263.0,56.0,163.0,148.0
11625,231.0,102.0,128.0,126.0
11626,262.0,262.0,153.0,167.0
11627,244.0,198.0,150.0,159.0
11628,258.0,79.0,159.0,141.0
11629,224.0,96.0,127.0,130.0
11630,262.0,95.0,152.0,157.0
11631,279.0,240.0,168.0,154.0
11632,251.0,221.0,131.0,144.0
11633,261.0,227.0,150.0,144.0
11634,248.0,119.0,147.0,145.0
11635,266.0,124.0,161.0,166.0
11636,266.0,123.0,149.0,147.0
11637,250.0,216.0,150.0,141.0
11638,229.0,137.0,125.0,125.0
11639,242.0,89.0,140.0,130.0
11640,235.0,125.0,121.0,112.0
11641,230.0,207.0,131.0,133.0
11642,261.0,89.0,155.0,147.0
11643,260.0,134.0,143.0,157.0
11644,247.0,175.0,132.0,137.0
11645,251.0,139.0,146.0,139.0
11646,258.0,251.0,146.0,132.0
11647,233.0,226.0,148.0,131.0
11648,250.0,229.0,138.0,134.0
11649,239.0,90.0,137.0,132.0
11650,246.0,205.0,131.0,133.0
11651,262.0,128.0,133.0,155.0
11652,268.0,221.0,131.0,157.0
11653,234.0,140.0,122.0,137.0
11654,229.0,213.0,130.0,133.0
11655,255.0,99.0,154.0,156.0
11656,265.0,242.0,145.0,158.0
11657,249.0,76.0,134.0,133.0
11658,239.0,101.0,137.0,144.0
11659,257.0,138.0,144.0,137.0
11660,270.0,177.0,159.0,154.0
11661,249.0,111.0,130.0,131.0
11662,266.0,138.0,149.0,140.0
11663,250.0,116.0,148.0,129.0
11664,233.0,106.0,129.0,111.0
11665,286.0,114.0,160.0,168.0
11666,257.0,73.0,134.0,146.0
11667,256.0,249.0,150.0,125.0
11668,239.0,235.0,122.0,127.0
11669,243.0,101.0,128.0,128.0
11670,250.0,135.0,140.0,145.0
11671,244.0,134.0,134.0,143.0
11672,252.0,129.0,149.0,147.0
11673,240.0,115.0,137.0,124.0
11674,253.0,101.0,141.0,150.0
11675,257.0,107.0,140.0,143.0
11676,261.0,119.0,159.0,140.0
11677,248.0,195.0,142.0,128.0
11678,225.0,132.0,110.0,132.0
11679,263.0,232.0,138.0,152.0
11680,236.0,84.0,136.0,136.0
11681,252.0,157.0,140.0,145.0
11682,260.0,237.0,159.0,162.0
11683,218.0,58.0,118.0,131.0
11684,250.0,103.0,130.0,153.0
11685,241.0,210.0,127.0,139.0
11686,218.0,187.0,124.0,131.0
11687,230.0,116.0,128.0,136.0
11688,240.0,170.0,130.0,136.0
11689,252.0,159.0,158.0,137.0
11690,243.0,102.0,129.0,130.0
11691,232.0,191.0,147.0,130.0
11692,257.0,99.0,158.0,154.0
11693,239.0,125.0,129.0,130.0
11694,244.0,86.0,129.0,129.0
11695,242.0,234.0,115.0,141.0
11696,250.0,139.0,142.0,154.0
11697,261.0,119.0,151.0,156.0
11698,239.0,111.0,136.0,143.0
11699,231.0,198.0,121.0,136.0
11700,253.0,243.0,146.0,136.0
11701,250.0,119.0,140.0,134.0
11702,253.0,124.0,137.0,142.0
11703,245.0,170.0,139.0,146.0
11704,244.0,107.0,154.0,137.0
11705,242.0,109.0,133.0,127.0
11706,256.0,142.0,148.0,150.0
11707,274.0,127.0,140.0,164.0
11708,244.0,158.0,137.0,152.0
11709,255.0,212.0,148.0,154.0
11710,256.0,221.0,150.0,156.0
11711,256.0,112.0,131.0,133.0
11712,259.0,68.0,157.0,148.0
11713,254.0,134.0,135.0,130.0
11714,269.0,243.0,151.0,154.0
11715,256.0,220.0,148.0,140.0
11716,234.0,208.0,134.0,129.0
11717,249.0,93.0,145.0,129.0
11718,216.0,59.0,127.0,135.0
11719,252.0,237.0,138.0,129.0
11720,267.0,252.0,139.0,136.0
11721,256.0,125.0,150.0,143.0
11722,261.0,127.0,146.0,147.0
11723,267.0,254.0,144.0,157.0
11724,257.0,103.0,154.0,144.0
11725,219.0,77.0,144.0,115.0
11726,254.0,64.0,143.0,137.0
11727,276.0,115.0,160.0,152.0
11728,231.0,82.0,124.0,130.0
11729,250.0,119.0,139.0,150.0
11730,246.0,142.0,141.0,149.0
11731,243.0,215.0,146.0,128.0
11732,257.0,121.0,134.0,150.0
11733,267.0,86.0,138.0,147.0
11734,236.0,96.0,129.0,137.0
11735,255.0,99.0,152.0,156.0
11736,243.0,86.0,121.0,150.0
11737,233.0,198.0,115.0,114.0
11738,252.0,161.0,151.0,140.0
11739,241.0,121.0,141.0,133.0
11740,237.0,215.0,134.0,134.0
11741,259.0,131.0,140.0,144.0
11742,265.0,162.0,155.0,146.0
11743,253.0,140.0,136.0,138.0
11744,266.0,126.0,164.0,159.0
11745,256.0,117.0,138.0,150.0
11746,255.0,109.0,149.0,136.0
11747,243.0,198.0,150.0,144.0
11748,246.0,150.0,137.0,142.0
11749,245.0,124.0,132.0,129.0
11750,260.0,96.0,160.0,142.0
11751,255.0,88.0,166.0,130.0
11752,256.0,128.0,132.0,144.0
11753,249.0,212.0,151.0,139.0
11754,254.0,217.0,144.0,134.0
11755,256.0,98.0,151.0,135.0
11756,245.0,125.0,137.0,124.0
11757,239.0,68.0,141.0,135.0
11758,245.0,177.0,144.0,145.0
11759,247.0,105.0,143.0,136.0
11760,273.0,103.0,153.0,171.0
11761,277.0,130.0,152.0,161.0
11762,230.0,107.0,121.0,132.0
11763,264.0,236.0,146.0,149.0
11764,242.0,114.0,140.0,138.0
11765,227.0,133.0,138.0,138.0
11766,250.0,100.0,158.0,149.0
11767,252.0,100.0,149.0,146.0
11768,263.0,262.0,165.0,143.0
11769,242.0,241.0,137.0,133.0
11770,269.0,138.0,143.0,172.0
11771,259.0,124.0,161.0,161.0
11772,235.0,110.0,125.0,138.0
11773,230.0,82.0,135.0,128.0
11774,257.0,147.0,133.0,138.0
11775,273.0,224.0,159.0,146.0
11776,250.0,74.0,128.0,147.0
11777,261.0,102.0,141.0,147.0
11778,262.0,222.0,152.0,141.0
11779,246.0,128.0,135.0,145.0
11780,269.0,113.0,155.0,153.0
11781,257.0,136.0,144.0,149.0
11782,261.0,173.0,137.0,155.0
11783,267.0,123.0,149.0,134.0
11784,239.0,88.0,132.0,145.0
11785,265.0,91.0,147.0,150.0
11786,231.0,125.0,137.0,130.0
11787,272.0,100.0,131.0,158.0
11788,251.0,114.0,135.0,141.0
11789,264.0,110.0,146.0,138.0
11790,251.0,123.0,146.0,133.0
11791,253.0,136.0,142.0,166.0
11792,247.0,201.0,148.0,137.0
11793,250.0,146.0,141.0,131.0
11794,253.0,149.0,151.0,142.0
11795,259.0,88.0,142.0,141.0
11796,262.0,257.0,147.0,145.0
11797,252.0,140.0,141.0,144.0
11798,263.0,215.0,162.0,162.0
11799,252.0,213.0,149.0,145.0
11800,249.0,104.0,141.0,144.0
11801,243.0,192.0,127.0,152.0
11802,256.0,64.0,144.0,152.0
11803,233.0,214.0,135.0,136.0
11804,209.0,75.0,115.0,126.0
11805,242.0,75.0,131.0,129.0
11806,253.0,141.0,145.0,159.0
11807,254.0,115.0,136.0,158.0
11808,257.0,79.0,140.0,143.0
11809,256.0,161.0,142.0,140.0
11810,252.0,62.0,156.0,142.0
11811,264.0,224.0,146.0,147.0
11812,224.0,116.0,124.0,117.0
11813,239.0,124.0,141.0,141.0
11814,263.0,106.0,152.0,156.0
11815,273.0,122.0,151.0,142.0
11816,243.0,124.0,144.0,134.0
11817,251.0,215.0,131.0,147.0
11818,248.0,188.0,137.0,147.0
11819,227.0,188.0,124.0,112.0
11820,256.0,97.0,153.0,143.0
11821,232.0,87.0,129.0,133.0
11822,263.0,104.0,149.0,143.0
11823,244.0,226.0,135.0,140.0
11824,261.0,129.0,145.0,153.0
11825,246.0,126.0,132.0,117.0
11826,246.0,115.0,134.0,150.0
11827,259.0,232.0,148.0,136.0
11828,271.0,113.0,151.0,138.0
11829,234.0,212.0,136.0,127.0
11830,237.0,154.0,132.0,136.0
11831,259.0,256.0,131.0,152.0
11832,275.0,269.0,165.0,161.0
11833,226.0,106.0,122.0,133.0
11834,246.0,85.0,141.0,151.0
11835,237.0,73.0,139.0,139.0
11836,245.0,70.0,135.0,127.0
11837,253.0,87.0,139.0,151.0
11838,254.0,72.0,142.0,127.0
11839,265.0,229.0,145.0,142.0
11840,278.0,127.0,152.0,150.0
11841,253.0,108.0,117.0,144.0
11842,256.0,195.0,154.0,142.0
11843,263.0,94.0,150.0,149.0
11844,236.0,117.0,123.0,114.0
11845,280.0,115.0,155.0,166.0
11846,277.0,140.0,160.0,162.0
11847,265.0,138.0,152.0,155.0
11848,242.0,91.0,129.0,149.0
11849,253.0,99.0,138.0,145.0
11850,251.0,224.0,116.0,136.0
11851,256.0,243.0,166.0,138.0
11852,247.0,223.0,145.0,142.0
11853,241.0,161.0,146.0,137.0
11854,251.0,215.0,141.0,116.0
11855,235.0,170.0,148.0,132.0
11856,240.0,209.0,147.0,137.0
11857,249.0,248.0,153.0,147.0
11858,235.0,234.0,142.0,130.0
11859,259.0,135.0,132.0,138.0
11860,234.0,103.0,127.0,133.0
11861,254.0,179.0,134.0,146.0
11862,249.0,109.0,131.0,130.0
11863,265.0,225.0,150.0,158.0
11864,273.0,151.0,153.0,169.0
11865,258.0,168.0,151.0,153.0
11866,280.0,243.0,152.0,152.0
11867,244.0,162.0,136.0,140.0
11868,240.0,132.0,132.0,135.0
11869,237.0,83.0,131.0,131.0
11870,217.0,188.0,126.0,132.0
11871,271.0,186.0,138.0,149.0
11872,232.0,106.0,141.0,123.0
11873,245.0,218.0,126.0,144.0
11874,253.0,111.0,135.0,148.0
11875,234.0,199.0,123.0,130.0
11876,259.0,98.0,140.0,145.0
11877,235.0,140.0,151.0,127.0
11878,270.0,70.0,152.0,160.0
11879,252.0,140.0,142.0,137.0
11880,235.0,91.0,135.0,152.0
11881,244.0,86.0,149.0,145.0
11882,260.0,98.0,155.0,131.0
11883,236.0,156.0,133.0,140.0
11884,243.0,97.0,134.0,139.0
11885,245.0,106.0,140.0,133.0
11886,267.0,136.0,143.0,151.0
11887,271.0,88.0,159.0,145.0
11888,253.0,94.0,135.0,141.0
11889,235.0,135.0,124.0,129.0
11890,273.0,270.0,143.0,148.0
11891,261.0,163.0,142.0,150.0
11892,256.0,142.0,152.0,139.0
11893,242.0,109.0,142.0,122.0
11894,264.0,234.0,146.0,144.0
11895,264.0,93.0,148.0,150.0
11896,261.0,258.0,146.0,147.0
11897,266.0,94.0,146.0,152.0
11898,259.0,143.0,133.0,146.0
11899,244.0,116.0,129.0,139.0
11900,249.0,102.0,135.0,144.0
11901,250.0,205.0,145.0,143.0
11902,259.0,129.0,147.0,153.0
11903,253.0,218.0,136.0,139.0
11904,239.0,73.0,134.0,130.0
11905,249.0,154.0,154.0,139.0
11906,260.0,227.0,141.0,149.0
11907,245.0,96.0,135.0,136.0
11908,278.0,149.0,154.0,160.0
11909,265.0,93.0,148.0,158.0
11910,261.0,80.0,156.0,146.0
11911,261.0,122.0,135.0,144.0
11912,255.0,74.0,134.0,140.0
11913,265.0,67.0,143.0,148.0
11914,260.0,122.0,140.0,135.0
11915,250.0,97.0,140.0,136.0
11916,274.0,112.0,150.0,164.0
11917,247.0,159.0,135.0,149.0
11918,251.0,197.0,134.0,136.0
11919,225.0,103.0,116.0,133.0
11920,270.0,113.0,149.0,151.0
11921,234.0,119.0,141.0,118.0
11922,275.0,82.0,155.0,161.0
11923,254.0,109.0,141.0,147.0
11924,248.0,128.0,137.0,134.0
11925,241.0,126.0,139.0,127.0
11926,285.0,208.0,158.0,159.0
11927,263.0,101.0,152.0,136.0
11928,250.0,116.0,135.0,135.0
11929,269.0,66.0,142.0,157.0
11930,256.0,110.0,154.0,143.0
11931,276.0,106.0,162.0,156.0
11932,247.0,66.0,144.0,140.0
11933,246.0,87.0,135.0,145.0
11934,233.0,87.0,137.0,120.0
11935,248.0,101.0,154.0,133.0
11936,229.0,194.0,131.0,128.0
11937,253.0,127.0,148.0,141.0
11938,234.0,95.0,124.0,128.0
11939,271.0,265.0,146.0,152.0
11940,287.0,248.0,175.0,161.0
11941,267.0,99.0,156.0,140.0
11942,240.0,99.0,136.0,149.0
11943,215.0,60.0,123.0,119.0
11944,230.0,91.0,145.0,121.0
11945,238.0,125.0,136.0,121.0
11946,258.0,79.0,155.0,152.0
11947,244.0,213.0,131.0,126.0
11948,238.0,228.0,122.0,130.0
11949,261.0,118.0,157.0,142.0
11950,240.0,184.0,120.0,127.0
11951,228.0,193.0,118.0,119.0
11952,233.0,224.0,138.0,145.0
11953,241.0,213.0,134.0,141.0
11954,255.0,154.0,150.0,132.0
11955,256.0,224.0,148.0,145.0
11956,240.0,174.0,148.0,140.0
11957,250.0,211.0,133.0,148.0
11958,250.0,109.0,142.0,151.0
11959,253.0,91.0,148.0,144.0
11960,253.0,212.0,152.0,142.0
11961,256.0,254.0,149.0,159.0
11962,246.0,241.0,143.0,137.0
11963,263.0,258.0,150.0,138.0
11964,268.0,64.0,141.0,148.0
11965,269.0,143.0,141.0,151.0
11966,226.0,115.0,117.0,121.0
11967,240.0,106.0,129.0,133.0
11968,221.0,178.0,139.0,131.0
11969,254.0,169.0,153.0,145.0
11970,255.0,149.0,148.0,150.0
11971,245.0,98.0,136.0,147.0
11972,260.0,73.0,160.0,148.0
11973,255.0,66.0,150.0,145.0
11974,228.0,215.0,135.0,122.0
11975,249.0,236.0,149.0,136.0
11976,211.0,183.0,125.0,124.0
11977,285.0,154.0,163.0,181.0
11978,238.0,208.0,134.0,133.0
11979,236.0,131.0,150.0,141.0
11980,263.0,257.0,135.0,165.0
11981,271.0,126.0,149.0,154.0
11982,277.0,254.0,164.0,135.0
11983,258.0,92.0,148.0,147.0
11984,249.0,201.0,139.0,156.0
11985,261.0,229.0,144.0,145.0
11986,257.0,189.0,143.0,145.0
11987,264.0,136.0,147.0,164.0
11988,259.0,94.0,159.0,162.0
11989,242.0,175.0,116.0,133.0
11990,229.0,66.0,132.0,126.0
11991,243.0,196.0,140.0,149.0
11992,251.0,102.0,137.0,133.0
11993,224.0,178.0,124.0,124.0
11994,251.0,205.0,133.0,141.0
11995,241.0,197.0,135.0,152.0
11996,262.0,231.0,148.0,133.0
11997,266.0,113.0,160.0,146.0
11998,235.0,112.0,125.0,138.0
11999,250.0,115.0,125.0,130.0
12000,230.0,77.0,131.0,131.0
12001,273.0,129.0,143.0,161.0
12002,238.0,215.0,134.0,131.0
12003,276.0,252.0,160.0,145.0
12004,272.0,89.0,145.0,129.0
12005,253.0,110.0,139.0,136.0
12006,241.0,119.0,148.0,130.0
12007,224.0,98.0,141.0,124.0
12008,240.0,114.0,137.0,155.0
12009,233.0,152.0,142.0,133.0
12010,248.0,107.0,140.0,142.0
12011,262.0,177.0,134.0,150.0
12012,239.0,103.0,130.0,122.0
12013,238.0,71.0,141.0,132.0
12014,255.0,105.0,141.0,137.0
12015,252.0,51.0,141.0,132.0
12016,235.0,76.0,133.0,133.0
12017,231.0,108.0,133.0,154.0
12018,277.0,126.0,139.0,156.0
12019,252.0,241.0,147.0,138.0
12020,261.0,248.0,157.0,159.0
12021,244.0,231.0,135.0,144.0
12022,253.0,216.0,134.0,141.0
12023,227.0,190.0,123.0,131.0
12024,267.0,240.0,155.0,157.0
12025,249.0,146.0,146.0,150.0
12026,267.0,230.0,150.0,162.0
12027,245.0,240.0,145.0,138.0
12028,236.0,129.0,121.0,140.0
12029,253.0,94.0,156.0,143.0
12030,245.0,70.0,138.0,132.0
12031,243.0,113.0,118.0,133.0
12032,241.0,204.0,149.0,121.0
12033,254.0,218.0,150.0,127.0
12034,256.0,112.0,158.0,140.0
12035,252.0,107.0,149.0,154.0
12036,242.0,113.0,131.0,142.0
12037,259.0,118.0,151.0,157.0
12038,251.0,131.0,149.0,133.0
12039,244.0,238.0,142.0,128.0
12040,248.0,112.0,135.0,129.0
12041,221.0,120.0,122.0,124.0
12042,255.0,45.0,144.0,135.0
12043,258.0,226.0,141.0,142.0
12044,222.0,118.0,133.0,132.0
12045,228.0,204.0,114.0,113.0
12046,246.0,121.0,133.0,142.0
12047,263.0,146.0,140.0,139.0
12048,249.0,91.0,121.0,135.0
12049,263.0,243.0,162.0,154.0
12050,238.0,163.0,136.0,133.0
12051,272.0,84.0,161.0,160.0
12052,278.0,105.0,143.0,160.0
12053,249.0,126.0,133.0,132.0
12054,240.0,109.0,134.0,139.0
12055,250.0,132.0,130.0,138.0
12056,248.0,135.0,136.0,145.0
12057,256.0,139.0,148.0,141.0
12058,253.0,109.0,134.0,142.0
12059,267.0,166.0,147.0,167.0
12060,237.0,202.0,113.0,121.0
12061,258.0,136.0,148.0,141.0
12062,257.0,125.0,145.0,139.0
12063,267.0,85.0,146.0,147.0
12064,265.0,151.0,151.0,151.0
12065,244.0,203.0,147.0,147.0
12066,247.0,122.0,135.0,135.0
12067,259.0,221.0,150.0,152.0
12068,246.0,101.0,131.0,136.0
12069,234.0,96.0,146.0,142.0
12070,268.0,145.0,157.0,155.0
12071,237.0,111.0,134.0,146.0
12072,271.0,144.0,142.0,153.0
12073,230.0,222.0,131.0,121.0
12074,253.0,74.0,135.0,155.0
12075,227.0,100.0,129.0,122.0
12076,253.0,67.0,150.0,148.0
12077,251.0,99.0,144.0,133.0
12078,254.0,158.0,137.0,142.0
12079,244.0,104.0,144.0,129.0
12080,249.0,120.0,152.0,140.0
12081,233.0,119.0,127.0,133.0
12082,240.0,111.0,119.0,132.0
12083,256.0,118.0,135.0,152.0
12084,239.0,105.0,127.0,137.0
12085,252.0,138.0,142.0,149.0
12086,251.0,217.0,131.0,143.0
12087,248.0,96.0,135.0,127.0
12088,230.0,89.0,135.0,134.0
12089,251.0,176.0,145.0,128.0
12090,245.0,214.0,144.0,128.0
12091,248.0,91.0,143.0,142.0
12092,263.0,99.0,131.0,155.0
12093,252.0,83.0,154.0,133.0
12094,233.0,120.0,134.0,127.0
12095,260.0,242.0,146.0,164.0
12096,250.0,148.0,154.0,128.0
12097,235.0,96.0,131.0,127.0
12098,258.0,132.0,143.0,154.0
12099,249.0,71.0,151.0,138.0
12100,260.0,151.0,149.0,162.0
12101,238.0,205.0,146.0,136.0
12102,262.0,150.0,145.0,150.0
12103,263.0,231.0,141.0,161.0
12104,234.0,203.0,127.0,129.0
12105,229.0,103.0,125.0,136.0
12106,244.0,124.0,146.0,137.0
12107,261.0,58.0,157.0,153.0
12108,257.0,233.0,140.0,146.0
12109,270.0,229.0,153.0,163.0
12110,248.0,87.0,136.0,132.0
12111,289.0,165.0,168.0,161.0
12112,258.0,80.0,154.0,152.0
12113,246.0,98.0,148.0,145.0
12114,261.0,122.0,154.0,148.0
12115,239.0,120.0,124.0,138.0
12116,246.0,106.0,121.0,131.0
12117,247.0,199.0,138.0,144.0
12118,245.0,197.0,134.0,141.0
12119,259.0,232.0,121.0,146.0
12120,244.0,171.0,137.0,137.0
12121,255.0,119.0,131.0,145.0
12122,256.0,116.0,147.0,143.0
12123,256.0,116.0,150.0,149.0
12124,247.0,102.0,146.0,123.0
12125,271.0,271.0,157.0,167.0
12126,269.0,229.0,155.0,141.0
12127,220.0,207.0,126.0,128.0
12128,233.0,136.0,122.0,120.0
12129,260.0,71.0,144.0,145.0
12130,246.0,156.0,134.0,137.0
12131,253.0,146.0,129.0,137.0
12132,236.0,81.0,140.0,127.0
12133,268.0,180.0,159.0,145.0
12134,245.0,58.0,144.0,133.0
12135,231.0,116.0,128.0,129.0
12136,251.0,205.0,148.0,143.0
12137,247.0,75.0,154.0,134.0
12138,229.0,204.0,122.0,139.0
12139,248.0,57.0,140.0,133.0
12140,260.0,172.0,146.0,143.0
12141,263.0,158.0,133.0,154.0
12142,251.0,251.0,146.0,142.0
12143,254.0,254.0,154.0,158.0
12144,257.0,84.0,133.0,142.0
12145,260.0,86.0,139.0,142.0
12146,253.0,116.0,139.0,152.0
12147,241.0,115.0,132.0,124.0
12148,256.0,88.0,138.0,157.0
12149,249.0,210.0,137.0,150.0
12150,243.0,173.0,142.0,136.0
12151,231.0,143.0,127.0,135.0
12152,248.0,109.0,135.0,130.0
12153,228.0,108.0,122.0,132.0
12154,238.0,105.0,132.0,146.0
12155,238.0,98.0,138.0,128.0
12156,241.0,224.0,126.0,119.0
12157,261.0,98.0,149.0,139.0
12158,265.0,235.0,147.0,148.0
12159,243.0,144.0,126.0,147.0
12160,230.0,157.0,131.0,138.0
12161,281.0,91.0,148.0,158.0
12162,258.0,215.0,155.0,135.0
12163,253.0,209.0,141.0,140.0
12164,233.0,99.0,141.0,123.0
12165,251.0,107.0,138.0,132.0
12166,259.0,81.0,147.0,136.0
12167,261.0,177.0,138.0,157.0
12168,243.0,112.0,122.0,140.0
12169,249.0,226.0,147.0,146.0
12170,232.0,89.0,125.0,125.0
12171,238.0,78.0,141.0,136.0
12172,284.0,112.0,156.0,155.0
12173,231.0,92.0,131.0,133.0
12174,252.0,76.0,144.0,139.0
12175,236.0,123.0,124.0,137.0
12176,229.0,66.0,142.0,123.0
12177,243.0,215.0,139.0,137.0
12178,232.0,112.0,136.0,115.0
12179,251.0,218.0,138.0,140.0
12180,246.0,120.0,139.0,127.0
12181,247.0,115.0,143.0,154.0
12182,232.0,200.0,131.0,123.0
12183,236.0,126.0,120.0,121.0
12184,242.0,240.0,142.0,131.0
12185,255.0,130.0,136.0,139.0
12186,254.0,69.0,149.0,136.0
12187,250.0,84.0,150.0,147.0
12188,261.0,240.0,139.0,134.0
12189,245.0,97.0,133.0,143.0
12190,231.0,207.0,131.0,134.0
12191,241.0,69.0,150.0,132.0
12192,257.0,135.0,137.0,138.0
12193,254.0,102.0,127.0,143.0
12194,254.0,225.0,138.0,153.0
12195,246.0,217.0,136.0,137.0
12196,221.0,75.0,134.0,122.0
12197,243.0,110.0,126.0,152.0
12198,263.0,216.0,139.0,153.0
12199,274.0,166.0,153.0,167.0
12200,259.0,120.0,140.0,142.0
12201,254.0,149.0,142.0,157.0
12202,253.0,221.0,141.0,141.0
12203,256.0,214.0,156.0,157.0
12204,247.0,216.0,120.0,142.0
12205,266.0,110.0,155.0,161.0
12206,253.0,173.0,154.0,142.0
12207,233.0,122.0,136.0,129.0
12208,252.0,43.0,143.0,130.0
12209,252.0,234.0,136.0,147.0
12210,204.0,134.0,109.0,114.0
12211,246.0,99.0,139.0,152.0
12212,240.0,98.0,128.0,128.0
12213,246.0,119.0,139.0,125.0
12214,253.0,127.0,155.0,142.0
12215,233.0,204.0,132.0,128.0
12216,258.0,256.0,141.0,158.0
12217,245.0,91.0,137.0,131.0
12218,253.0,99.0,148.0,136.0
12219,277.0,100.0,163.0,163.0
12220,252.0,127.0,139.0,146.0
12221,254.0,220.0,136.0,140.0
12222,249.0,236.0,136.0,143.0
12223,254.0,136.0,151.0,159.0
12224,237.0,68.0,130.0,138.0
12225,248.0,175.0,147.0,122.0
12226,249.0,110.0,138.0,124.0
12227,268.0,230.0,138.0,148.0
12228,265.0,100.0,148.0,144.0
12229,250.0,162.0,143.0,141.0
12230,252.0,109.0,146.0,160.0
12231,253.0,115.0,130.0,161.0
12232,237.0,117.0,143.0,139.0
12233,277.0,153.0,153.0,154.0
12234,247.0,96.0,145.0,146.0
12235,248.0,175.0,142.0,132.0
12236,242.0,124.0,129.0,136.0
12237,279.0,272.0,155.0,155.0
12238,230.0,223.0,126.0,125.0
12239,257.0,75.0,153.0,158.0
12240,274.0,274.0,164.0,179.0
12241,232.0,78.0,126.0,132.0
12242,251.0,205.0,141.0,141.0
12243,225.0,135.0,120.0,127.0
12244,260.0,99.0,149.0,150.0
12245,234.0,92.0,135.0,116.0
12246,280.0,239.0,159.0,137.0
12247,244.0,110.0,142.0,142.0
12248,263.0,116.0,149.0,146.0
12249,260.0,121.0,151.0,138.0
12250,240.0,100.0,132.0,124.0
12251,226.0,92.0,132.0,122.0
12252,232.0,151.0,135.0,145.0
12253,247.0,204.0,135.0,151.0
12254,253.0,210.0,147.0,139.0
12255,252.0,145.0,141.0,158.0
12256,243.0,205.0,134.0,125.0
12257,251.0,79.0,137.0,147.0
12258,241.0,106.0,144.0,151.0
12259,244.0,95.0,130.0,144.0
12260,222.0,106.0,132.0,130.0
12261,234.0,128.0,133.0,127.0
12262,243.0,105.0,141.0,129.0
12263,266.0,76.0,149.0,140.0
12264,237.0,117.0,148.0,130.0
12265,265.0,245.0,134.0,147.0
12266,266.0,138.0,160.0,139.0
12267,244.0,109.0,149.0,135.0
12268,232.0,210.0,130.0,134.0
12269,261.0,225.0,159.0,139.0
12270,242.0,80.0,144.0,128.0
12271,263.0,154.0,140.0,150.0
12272,252.0,108.0,143.0,137.0
12273,239.0,67.0,134.0,129.0
12274,250.0,95.0,139.0,141.0
12275,259.0,121.0,149.0,143.0
12276,264.0,261.0,157.0,152.0
12277,244.0,209.0,157.0,128.0
12278,249.0,124.0,146.0,128.0
12279,250.0,113.0,137.0,135.0
12280,255.0,214.0,156.0,141.0
12281,246.0,154.0,124.0,129.0
12282,243.0,218.0,153.0,139.0
12283,231.0,212.0,121.0,137.0
12284,264.0,245.0,143.0,147.0
12285,249.0,237.0,148.0,148.0
12286,247.0,212.0,121.0,133.0
12287,261.0,131.0,148.0,144.0
12288,250.0,70.0,154.0,147.0
12289,237.0,112.0,130.0,122.0
12290,255.0,115.0,141.0,133.0
12291,235.0,111.0,141.0,134.0
12292,237.0,225.0,128.0,123.0
12293,261.0,249.0,139.0,157.0
12294,238.0,198.0,136.0,133.0
12295,250.0,93.0,136.0,150.0
12296,235.0,191.0,124.0,122.0
12297,248.0,204.0,137.0,123.0
12298,252.0,248.0,150.0,142.0
12299,253.0,154.0,135.0,139.0
12300,269.0,232.0,147.0,150.0
12301,254.0,77.0,142.0,155.0
12302,280.0,229.0,162.0,143.0
12303,247.0,117.0,130.0,142.0
12304,251.0,133.0,123.0,144.0
12305,262.0,133.0,146.0,135.0
12306,232.0,198.0,131.0,126.0
12307,259.0,213.0,149.0,142.0
12308,235.0,114.0,125.0,131.0
12309,244.0,116.0,135.0,128.0
12310,240.0,98.0,140.0,131.0
12311,242.0,138.0,143.0,137.0
12312,282.0,127.0,156.0,160.0
12313,252.0,213.0,144.0,138.0
12314,254.0,137.0,143.0,157.0
12315,243.0,219.0,121.0,151.0
12316,254.0,137.0,148.0,136.0
12317,230.0,90.0,125.0,119.0
12318,222.0,73.0,117.0,132.0
12319,260.0,248.0,149.0,149.0
12320,230.0,98.0,135.0,130.0
12321,244.0,209.0,136.0,149.0
12322,243.0,117.0,125.0,128.0
12323,272.0,107.0,152.0,140.0
12324,236.0,91.0,125.0,119.0
12325,242.0,79.0,139.0,132.0
12326,246.0,86.0,128.0,139.0
12327,241.0,69.0,139.0,142.0
12328,269.0,80.0,157.0,151.0
12329,244.0,91.0,141.0,127.0
12330,226.0,189.0,145.0,135.0
12331,247.0,86.0,156.0,138.0
12332,261.0,239.0,149.0,161.0
12333,244.0,126.0,132.0,141.0
12334,259.0,99.0,129.0,138.0
12335,250.0,101.0,126.0,136.0
12336,230.0,76.0,123.0,131.0
12337,252.0,247.0,146.0,138.0
12338,244.0,64.0,138.0,149.0
12339,260.0,201.0,146.0,150.0
12340,263.0,57.0,162.0,153.0
12341,256.0,193.0,146.0,140.0
12342,237.0,195.0,135.0,123.0
12343,265.0,167.0,164.0,153.0
12344,247.0,106.0,152.0,155.0
12345,227.0,93.0,132.0,135.0
12346,240.0,131.0,132.0,145.0
12347,255.0,76.0,150.0,140.0
12348,254.0,103.0,159.0,147.0
12349,244.0,143.0,131.0,127.0
12350,244.0,120.0,150.0,123.0
12351,242.0,215.0,140.0,135.0
12352,242.0,215.0,136.0,141.0
12353,233.0,86.0,139.0,131.0
12354,255.0,247.0,150.0,143.0
12355,226.0,59.0,114.0,115.0
12356,256.0,145.0,143.0,147.0
12357,261.0,231.0,148.0,137.0
12358,251.0,243.0,150.0,136.0
12359,211.0,43.0,116.0,110.0
12360,267.0,223.0,159.0,156.0
12361,259.0,233.0,152.0,154.0
12362,230.0,203.0,118.0,129.0
12363,261.0,257.0,150.0,137.0
12364,229.0,225.0,139.0,138.0
12365,230.0,190.0,128.0,121.0
12366,271.0,124.0,166.0,157.0
12367,247.0,127.0,146.0,139.0
12368,244.0,92.0,143.0,127.0
12369,245.0,108.0,146.0,140.0
12370,270.0,137.0,140.0,144.0
12371,235.0,213.0,136.0,132.0
12372,266.0,144.0,152.0,141.0
12373,239.0,91.0,126.0,129.0
12374,227.0,154.0,137.0,124.0
12375,229.0,84.0,129.0,129.0
12376,229.0,102.0,130.0,116.0
12377,253.0,151.0,147.0,134.0
12378,265.0,221.0,142.0,145.0
12379,259.0,141.0,145.0,128.0
12380,252.0,165.0,121.0,155.0
12381,247.0,87.0,133.0,134.0
12382,239.0,140.0,126.0,125.0
12383,246.0,135.0,134.0,141.0
12384,265.0,224.0,157.0,146.0
12385,270.0,229.0,158.0,153.0
12386,250.0,171.0,158.0,133.0
12387,255.0,139.0,150.0,129.0
12388,254.0,250.0,140.0,139.0
12389,264.0,152.0,150.0,145.0
12390,263.0,137.0,151.0,139.0
12391,239.0,85.0,139.0,121.0
12392,257.0,218.0,152.0,148.0
12393,242.0,198.0,125.0,139.0
12394,252.0,110.0,144.0,155.0
12395,261.0,204.0,146.0,151.0
12396,263.0,223.0,135.0,156.0
12397,243.0,117.0,132.0,128.0
12398,264.0,235.0,146.0,152.0
12399,267.0,108.0,156.0,158.0
12400,250.0,107.0,129.0,132.0
12401,245.0,95.0,149.0,141.0
12402,243.0,191.0,130.0,143.0
12403,257.0,91.0,147.0,143.0
12404,254.0,101.0,138.0,133.0
12405,269.0,87.0,162.0,146.0
12406,232.0,147.0,138.0,137.0
12407,261.0,106.0,137.0,141.0
12408,227.0,196.0,125.0,132.0
12409,243.0,213.0,138.0,132.0
12410,242.0,142.0,116.0,135.0
12411,248.0,85.0,146.0,146.0
12412,271.0,136.0,160.0,147.0
12413,250.0,160.0,152.0,135.0
12414,241.0,88.0,149.0,134.0
12415,231.0,68.0,115.0,132.0
12416,265.0,107.0,166.0,135.0
12417,265.0,137.0,151.0,152.0
12418,273.0,197.0,156.0,157.0
12419,254.0,69.0,133.0,160.0
12420,242.0,139.0,139.0,138.0
12421,245.0,220.0,135.0,136.0
12422,251.0,232.0,139.0,138.0
12423,248.0,218.0,126.0,143.0
12424,280.0,109.0,158.0,170.0
12425,248.0,180.0,139.0,129.0
12426,257.0,93.0,150.0,141.0
12427,254.0,154.0,164.0,129.0
12428,255.0,255.0,164.0,151.0
12429,220.0,129.0,131.0,129.0
12430,241.0,201.0,141.0,116.0
12431,278.0,105.0,157.0,152.0
12432,267.0,82.0,140.0,158.0
12433,267.0,99.0,140.0,145.0
12434,253.0,137.0,138.0,134.0
12435,248.0,94.0,135.0,143.0
12436,241.0,111.0,143.0,138.0
12437,258.0,120.0,145.0,161.0
12438,265.0,146.0,143.0,148.0
12439,250.0,219.0,147.0,140.0
12440,235.0,101.0,124.0,135.0
12441,255.0,98.0,138.0,149.0
12442,241.0,213.0,139.0,130.0
12443,275.0,232.0,141.0,158.0
12444,279.0,138.0,161.0,162.0
12445,236.0,103.0,124.0,135.0
12446,268.0,94.0,159.0,147.0
12447,219.0,139.0,118.0,138.0
12448,244.0,108.0,152.0,139.0
12449,245.0,109.0,136.0,133.0
12450,254.0,250.0,136.0,142.0
12451,230.0,94.0,135.0,143.0
12452,229.0,66.0,127.0,133.0
12453,260.0,118.0,144.0,143.0
12454,250.0,132.0,127.0,130.0
12455,248.0,140.0,142.0,137.0
12456,277.0,125.0,147.0,137.0
12457,229.0,207.0,138.0,138.0
12458,273.0,92.0,157.0,151.0
12459,243.0,206.0,132.0,133.0
12460,278.0,266.0,150.0,164.0
12461,248.0,85.0,137.0,134.0
12462,235.0,111.0,129.0,135.0
12463,271.0,117.0,149.0,151.0
12464,253.0,105.0,159.0,139.0
12465,239.0,110.0,131.0,142.0
12466,257.0,146.0,145.0,152.0
12467,235.0,108.0,146.0,134.0
12468,244.0,126.0,141.0,146.0
12469,255.0,185.0,143.0,155.0
12470,241.0,132.0,137.0,122.0
12471,235.0,94.0,132.0,119.0
12472,236.0,89.0,147.0,140.0
12473,233.0,213.0,117.0,129.0
12474,253.0,158.0,147.0,137.0
12475,262.0,248.0,160.0,137.0
12476,277.0,263.0,166.0,145.0
12477,250.0,215.0,139.0,137.0
12478,251.0,216.0,132.0,146.0
12479,264.0,135.0,150.0,153.0
12480,248.0,134.0,122.0,141.0
12481,249.0,198.0,148.0,137.0
12482,250.0,238.0,133.0,145.0
12483,225.0,128.0,135.0,111.0
12484,248.0,247.0,139.0,139.0
12485,253.0,252.0,161.0,159.0
12486,254.0,119.0,133.0,138.0
12487,262.0,243.0,153.0,160.0
12488,219.0,47.0,128.0,124.0
12489,258.0,206.0,146.0,157.0
12490,220.0,106.0,105.0,114.0
12491,249.0,74.0,151.0,140.0
12492,253.0,104.0,142.0,151.0
12493,267.0,136.0,152.0,159.0
12494,233.0,87.0,132.0,131.0
12495,251.0,131.0,154.0,130.0
12496,239.0,105.0,136.0,138.0
12497,242.0,147.0,137.0,149.0
12498,238.0,223.0,142.0,131.0
12499,247.0,238.0,146.0,129.0
12500,240.0,231.0,146.0,127.0
12501,255.0,135.0,136.0,139.0
12502,239.0,84.0,122.0,127.0
12503,236.0,231.0,128.0,124.0
12504,254.0,142.0,147.0,145.0
12505,224.0,100.0,127.0,123.0
12506,252.0,95.0,130.0,143.0
12507,252.0,232.0,143.0,132.0
12508,260.0,257.0,159.0,147.0
12509,241.0,116.0,143.0,141.0
12510,264.0,122.0,153.0,159.0
12511,236.0,98.0,140.0,147.0
12512,230.0,148.0,121.0,138.0
12513,291.0,106.0,173.0,165.0
12514,256.0,98.0,141.0,152.0
12515,244.0,55.0,148.0,132.0
12516,273.0,81.0,161.0,157.0
12517,265.0,222.0,159.0,162.0
12518,241.0,98.0,135.0,139.0
12519,253.0,117.0,147.0,131.0
12520,225.0,106.0,127.0,128.0
12521,240.0,212.0,141.0,135.0
12522,246.0,210.0,142.0,131.0
12523,221.0,198.0,130.0,131.0
12524,281.0,126.0,155.0,141.0
12525,232.0,103.0,130.0,138.0
12526,255.0,110.0,164.0,137.0
12527,265.0,206.0,147.0,151.0
12528,263.0,230.0,158.0,138.0
12529,247.0,209.0,126.0,134.0
12530,244.0,124.0,134.0,128.0
12531,235.0,101.0,132.0,128.0
12532,269.0,142.0,171.0,150.0
12533,241.0,209.0,126.0,143.0
12534,239.0,192.0,131.0,138.0
12535,282.0,116.0,149.0,169.0
12536,245.0,104.0,125.0,139.0
12537,271.0,242.0,140.0,167.0
12538,236.0,109.0,125.0,134.0
12539,249.0,108.0,129.0,128.0
12540,241.0,208.0,146.0,125.0
12541,247.0,104.0,134.0,147.0
12542,258.0,122.0,147.0,127.0
12543,250.0,50.0,151.0,150.0
12544,236.0,109.0,131.0,144.0
12545,251.0,133.0,141.0,136.0
12546,257.0,234.0,150.0,134.0
12547,240.0,104.0,137.0,138.0
12548,259.0,251.0,134.0,152.0
12549,255.0,247.0,134.0,138.0
12550,236.0,125.0,128.0,133.0
12551,226.0,109.0,116.0,137.0
12552,251.0,130.0,147.0,145.0
12553,247.0,156.0,150.0,138.0
12554,224.0,89.0,136.0,118.0
12555,267.0,117.0,146.0,161.0
12556,254.0,230.0,151.0,141.0
12557,257.0,134.0,134.0,147.0
12558,254.0,174.0,137.0,152.0
12559,228.0,116.0,132.0,126.0
12560,258.0,93.0,135.0,145.0
12561,284.0,107.0,139.0,162.0
12562,240.0,226.0,132.0,137.0
12563,258.0,85.0,151.0,137.0
12564,227.0,101.0,120.0,132.0
12565,260.0,128.0,135.0,140.0
12566,250.0,226.0,144.0,135.0
12567,244.0,130.0,146.0,144.0
12568,250.0,222.0,157.0,138.0
12569,239.0,211.0,128.0,122.0
12570,251.0,162.0,148.0,145.0
12571,257.0,115.0,141.0,143.0
12572,276.0,122.0,152.0,152.0
12573,226.0,112.0,128.0,134.0
12574,250.0,130.0,130.0,135.0
12575,254.0,226.0,153.0,130.0
12576,246.0,155.0,144.0,135.0
12577,223.0,121.0,126.0,133.0
12578,228.0,186.0,122.0,130.0
12579,251.0,248.0,148.0,149.0
12580,256.0,70.0,152.0,142.0
12581,253.0,105.0,134.0,144.0
12582,260.0,123.0,142.0,143.0
12583,236.0,136.0,136.0,145.0
12584,248.0,246.0,150.0,133.0
12585,254.0,108.0,149.0,136.0
12586,277.0,163.0,163.0,142.0
12587,270.0,107.0,145.0,149.0
12588,249.0,220.0,155.0,139.0
12589,246.0,118.0,134.0,133.0
12590,255.0,128.0,140.0,140.0
12591,251.0,130.0,146.0,146.0
12592,247.0,102.0,132.0,140.0
12593,237.0,72.0,137.0,140.0
12594,242.0,239.0,157.0,138.0
12595,262.0,101.0,138.0,151.0
12596,248.0,96.0,136.0,138.0
12597,252.0,118.0,131.0,138.0
12598,245.0,228.0,135.0,144.0
12599,257.0,101.0,138.0,152.0
12600,245.0,239.0,148.0,122.0
12601,241.0,235.0,136.0,134.0
12602,242.0,90.0,140.0,128.0
12603,242.0,129.0,138.0,139.0
12604,250.0,110.0,132.0,148.0
12605,264.0,151.0,154.0,136.0
12606,247.0,102.0,139.0,135.0
12607,262.0,125.0,144.0,128.0
12608,261.0,99.0,137.0,146.0
12609,241.0,141.0,133.0,141.0
12610,234.0,196.0,143.0,147.0
12611,253.0,158.0,153.0,159.0
12612,242.0,49.0,147.0,135.0
12613,249.0,101.0,133.0,141.0
12614,239.0,62.0,134.0,137.0
12615,236.0,85.0,120.0,123.0
12616,254.0,123.0,124.0,142.0
12617,264.0,110.0,145.0,147.0
12618,251.0,90.0,158.0,134.0
12619,228.0,80.0,133.0,118.0
12620,247.0,131.0,125.0,118.0
12621,265.0,74.0,155.0,144.0
12622,264.0,119.0,144.0,165.0
12623,246.0,221.0,127.0,136.0
12624,233.0,79.0,126.0,123.0
12625,272.0,134.0,152.0,159.0
12626,274.0,168.0,151.0,160.0
12627,285.0,110.0,159.0,154.0
12628,257.0,105.0,146.0,155.0
12629,238.0,204.0,131.0,131.0
12630,259.0,241.0,153.0,156.0
12631,226.0,96.0,134.0,133.0
12632,261.0,220.0,145.0,163.0
12633,250.0,153.0,145.0,140.0
12634,249.0,144.0,134.0,135.0
12635,241.0,211.0,131.0,145.0
12636,239.0,229.0,121.0,144.0
12637,249.0,116.0,147.0,136.0
12638,260.0,143.0,143.0,148.0
12639,266.0,122.0,149.0,143.0
12640,272.0,115.0,158.0,150.0
12641,271.0,87.0,157.0,159.0
12642,272.0,271.0,156.0,135.0
12643,249.0,248.0,142.0,124.0
12644,245.0,125.0,125.0,135.0
12645,266.0,217.0,147.0,163.0
12646,244.0,223.0,125.0,137.0
12647,265.0,79.0,150.0,160.0
12648,239.0,103.0,130.0,143.0
12649,271.0,83.0,132.0,143.0
12650,246.0,84.0,140.0,150.0
12651,245.0,218.0,133.0,130.0
12652,251.0,218.0,142.0,134.0
12653,245.0,137.0,133.0,135.0
12654,259.0,129.0,154.0,151.0
12655,266.0,142.0,140.0,152.0
12656,250.0,201.0,144.0,141.0
12657,246.0,196.0,137.0,128.0
12658,248.0,212.0,127.0,134.0
12659,254.0,113.0,137.0,130.0
12660,228.0,215.0,132.0,136.0
12661,243.0,190.0,114.0,131.0
12662,262.0,95.0,146.0,143.0
12663,254.0,151.0,145.0,149.0
12664,260.0,122.0,164.0,128.0
12665,261.0,245.0,151.0,148.0
12666,237.0,100.0,130.0,127.0
12667,247.0,60.0,139.0,146.0
12668,232.0,188.0,134.0,133.0
12669,238.0,219.0,112.0,146.0
12670,254.0,115.0,140.0,148.0
12671,264.0,217.0,142.0,156.0
12672,257.0,57.0,138.0,144.0
12673,266.0,218.0,152.0,148.0
12674,278.0,278.0,159.0,146.0
12675,251.0,251.0,149.0,149.0
12676,250.0,130.0,153.0,127.0
12677,265.0,123.0,163.0,144.0
12678,224.0,89.0,127.0,127.0
12679,250.0,95.0,142.0,143.0
12680,256.0,216.0,150.0,156.0
12681,267.0,96.0,138.0,140.0
12682,248.0,56.0,137.0,137.0
12683,237.0,120.0,135.0,123.0
12684,223.0,98.0,126.0,121.0
12685,276.0,129.0,143.0,163.0
12686,259.0,218.0,139.0,148.0
12687,240.0,100.0,122.0,127.0
12688,276.0,276.0,159.0,154.0
12689,251.0,220.0,136.0,131.0
12690,226.0,108.0,130.0,126.0
12691,234.0,89.0,117.0,122.0
12692,248.0,80.0,132.0,142.0
12693,244.0,229.0,149.0,120.0
12694,238.0,103.0,139.0,120.0
12695,244.0,127.0,136.0,142.0
12696,237.0,74.0,136.0,137.0
12697,254.0,142.0,143.0,140.0
12698,252.0,108.0,133.0,145.0
12699,229.0,192.0,146.0,133.0
12700,261.0,234.0,133.0,137.0
12701,249.0,115.0,140.0,145.0
12702,264.0,251.0,152.0,142.0
12703,247.0,219.0,139.0,144.0
12704,255.0,230.0,137.0,153.0
12705,257.0,138.0,149.0,149.0
12706,274.0,101.0,158.0,154.0
12707,259.0,108.0,142.0,154.0
12708,259.0,231.0,134.0,150.0
12709,260.0,160.0,150.0,146.0
12710,254.0,141.0,141.0,148.0
12711,229.0,107.0,114.0,116.0
12712,233.0,200.0,132.0,143.0
12713,258.0,230.0,149.0,131.0
12714,255.0,221.0,146.0,141.0
12715,237.0,204.0,134.0,143.0
12716,241.0,190.0,127.0,121.0
12717,226.0,100.0,136.0,140.0
12718,243.0,153.0,138.0,156.0
12719,249.0,247.0,146.0,122.0
12720,250.0,111.0,149.0,138.0
12721,241.0,130.0,145.0,144.0
12722,240.0,75.0,133.0,141.0
12723,220.0,140.0,119.0,125.0
12724,261.0,76.0,148.0,138.0
12725,235.0,96.0,119.0,133.0
12726,267.0,128.0,158.0,150.0
12727,244.0,71.0,131.0,129.0
12728,232.0,112.0,128.0,130.0
12729,251.0,89.0,155.0,147.0
12730,252.0,120.0,150.0,143.0
12731,252.0,72.0,144.0,130.0
12732,214.0,92.0,128.0,132.0
12733,253.0,104.0,135.0,145.0
12734,223.0,193.0,123.0,112.0
12735,244.0,90.0,145.0,137.0
12736,249.0,100.0,137.0,148.0
12737,255.0,113.0,145.0,140.0
12738,259.0,208.0,150.0,139.0
12739,238.0,115.0,135.0,132.0
12740,278.0,250.0,148.0,176.0
12741,254.0,210.0,146.0,139.0
12742,266.0,108.0,168.0,132.0
12743,233.0,87.0,134.0,155.0
12744,235.0,111.0,124.0,123.0
12745,231.0,88.0,126.0,126.0
12746,273.0,150.0,151.0,167.0
12747,247.0,77.0,143.0,127.0
12748,266.0,97.0,147.0,143.0
12749,234.0,214.0,148.0,137.0
12750,240.0,139.0,134.0,136.0
12751,280.0,123.0,156.0,157.0
12752,236.0,88.0,134.0,135.0
12753,273.0,145.0,146.0,154.0
12754,254.0,122.0,131.0,160.0
12755,254.0,117.0,147.0,140.0
12756,261.0,129.0,149.0,158.0
12757,278.0,136.0,150.0,154.0
12758,244.0,130.0,165.0,133.0
12759,248.0,125.0,141.0,138.0
12760,250.0,141.0,158.0,143.0
12761,242.0,202.0,125.0,148.0
12762,245.0,131.0,141.0,130.0
12763,230.0,181.0,128.0,124.0
12764,254.0,97.0,126.0,131.0
12765,254.0,175.0,139.0,145.0
12766,233.0,157.0,131.0,122.0
12767,249.0,211.0,146.0,145.0
12768,252.0,237.0,138.0,159.0
12769,257.0,247.0,144.0,146.0
12770,248.0,102.0,134.0,138.0
12771,244.0,119.0,145.0,148.0
12772,251.0,119.0,140.0,144.0
12773,246.0,100.0,143.0,147.0
12774,250.0,77.0,128.0,151.0
12775,255.0,113.0,145.0,140.0
12776,245.0,242.0,143.0,145.0
12777,260.0,117.0,157.0,155.0
12778,244.0,133.0,136.0,132.0
12779,263.0,127.0,150.0,151.0
12780,281.0,141.0,153.0,169.0
12781,251.0,244.0,144.0,146.0
12782,245.0,83.0,138.0,138.0
12783,254.0,211.0,138.0,150.0
12784,257.0,231.0,163.0,142.0
12785,252.0,226.0,143.0,146.0
12786,256.0,94.0,151.0,143.0
12787,242.0,219.0,149.0,143.0
12788,234.0,101.0,135.0,116.0
12789,255.0,224.0,145.0,155.0
12790,261.0,135.0,136.0,141.0
12791,231.0,98.0,134.0,141.0
12792,250.0,215.0,136.0,140.0
12793,251.0,114.0,151.0,139.0
12794,243.0,233.0,131.0,136.0
12795,236.0,55.0,126.0,126.0
12796,258.0,95.0,139.0,147.0
12797,248.0,110.0,134.0,138.0
12798,253.0,82.0,145.0,138.0
12799,262.0,138.0,144.0,136.0
12800,264.0,232.0,142.0,157.0
12801,249.0,213.0,148.0,136.0
12802,232.0,99.0,132.0,131.0
12803,256.0,122.0,156.0,146.0
12804,216.0,94.0,114.0,118.0
12805,272.0,251.0,151.0,158.0
12806,235.0,131.0,134.0,147.0
12807,267.0,119.0,152.0,141.0
12808,270.0,216.0,143.0,143.0
12809,267.0,237.0,151.0,152.0
12810,242.0,147.0,122.0,138.0
12811,248.0,222.0,133.0,139.0
12812,230.0,205.0,127.0,117.0
12813,231.0,117.0,128.0,135.0
12814,239.0,146.0,146.0,134.0
12815,270.0,181.0,154.0,148.0
12816,254.0,137.0,142.0,137.0
12817,255.0,104.0,144.0,130.0
12818,234.0,122.0,125.0,127.0
12819,239.0,102.0,128.0,129.0
12820,253.0,142.0,138.0,145.0
12821,260.0,221.0,146.0,146.0
12822,270.0,139.0,157.0,167.0
12823,251.0,215.0,154.0,140.0
12824,232.0,191.0,128.0,129.0
12825,244.0,110.0,148.0,140.0
12826,241.0,123.0,148.0,130.0
12827,255.0,231.0,142.0,153.0
12828,245.0,109.0,133.0,136.0
12829,241.0,156.0,121.0,141.0
12830,246.0,206.0,129.0,136.0
12831,239.0,98.0,134.0,144.0
12832,254.0,159.0,139.0,135.0
12833,233.0,79.0,122.0,125.0
12834,233.0,95.0,139.0,133.0
12835,232.0,104.0,135.0,137.0
12836,259.0,120.0,154.0,147.0
12837,234.0,225.0,133.0,133.0
12838,257.0,242.0,162.0,156.0
12839,244.0,195.0,143.0,142.0
12840,241.0,125.0,147.0,143.0
12841,242.0,208.0,138.0,131.0
12842,258.0,103.0,146.0,144.0
12843,251.0,132.0,148.0,133.0
12844,262.0,127.0,128.0,147.0
12845,261.0,163.0,163.0,148.0
12846,266.0,114.0,148.0,152.0
12847,250.0,97.0,139.0,127.0
12848,228.0,68.0,141.0,129.0
12849,245.0,242.0,141.0,150.0
12850,226.0,120.0,125.0,127.0
12851,284.0,147.0,149.0,157.0
12852,254.0,122.0,156.0,134.0
12853,247.0,114.0,152.0,137.0
12854,249.0,215.0,143.0,150.0
12855,274.0,121.0,145.0,164.0
12856,238.0,98.0,130.0,127.0
12857,251.0,188.0,152.0,153.0
12858,259.0,104.0,157.0,148.0
12859,233.0,135.0,137.0,142.0
12860,232.0,192.0,120.0,138.0
12861,265.0,107.0,151.0,158.0
12862,253.0,203.0,142.0,157.0
12863,221.0,76.0,122.0,128.0
12864,220.0,125.0,137.0,120.0
12865,265.0,109.0,151.0,150.0
12866,223.0,117.0,122.0,129.0
12867,246.0,82.0,127.0,135.0
12868,239.0,234.0,135.0,131.0
12869,228.0,223.0,119.0,129.0
12870,255.0,131.0,139.0,149.0
12871,241.0,204.0,141.0,137.0
12872,252.0,135.0,134.0,147.0
12873,237.0,76.0,130.0,136.0
12874,256.0,251.0,140.0,152.0
12875,290.0,116.0,165.0,164.0
12876,230.0,142.0,134.0,138.0
12877,275.0,235.0,143.0,176.0
12878,287.0,242.0,157.0,157.0
12879,232.0,48.0,126.0,143.0
12880,244.0,205.0,125.0,138.0
12881,269.0,102.0,138.0,152.0
12882,249.0,248.0,133.0,135.0
12883,259.0,126.0,138.0,149.0
12884,265.0,220.0,145.0,139.0
12885,252.0,239.0,149.0,144.0
12886,257.0,244.0,139.0,130.0
12887,242.0,125.0,137.0,142.0
12888,279.0,236.0,148.0,162.0
12889,258.0,124.0,148.0,156.0
12890,255.0,131.0,157.0,142.0
12891,230.0,209.0,117.0,116.0
12892,249.0,126.0,127.0,142.0
12893,262.0,82.0,138.0,143.0
12894,227.0,196.0,137.0,127.0
12895,264.0,110.0,153.0,148.0
12896,253.0,217.0,157.0,156.0
12897,257.0,101.0,150.0,139.0
12898,265.0,71.0,149.0,140.0
12899,242.0,215.0,125.0,138.0
12900,254.0,92.0,141.0,144.0
12901,230.0,192.0,134.0,131.0
12902,245.0,151.0,134.0,141.0
12903,283.0,109.0,158.0,165.0
12904,234.0,81.0,132.0,124.0
12905,247.0,162.0,138.0,134.0
12906,242.0,224.0,136.0,137.0
12907,262.0,100.0,133.0,153.0
12908,271.0,123.0,168.0,154.0
12909,250.0,129.0,132.0,136.0
12910,255.0,149.0,134.0,152.0
12911,269.0,142.0,154.0,151.0
12912,261.0,87.0,133.0,153.0
12913,227.0,196.0,126.0,128.0
12914,276.0,167.0,149.0,174.0
12915,271.0,123.0,150.0,148.0
12916,247.0,85.0,142.0,135.0
12917,252.0,137.0,139.0,139.0
12918,246.0,224.0,131.0,134.0
12919,288.0,150.0,159.0,163.0
12920,262.0,127.0,137.0,144.0
12921,247.0,80.0,137.0,134.0
12922,265.0,79.0,151.0,158.0
12923,265.0,184.0,162.0,157.0
12924,260.0,243.0,150.0,141.0
12925,247.0,79.0,138.0,132.0
12926,281.0,252.0,167.0,160.0
12927,226.0,54.0,133.0,134.0
12928,257.0,142.0,145.0,135.0
12929,248.0,121.0,149.0,143.0
12930,255.0,142.0,142.0,147.0
12931,255.0,128.0,143.0,152.0
12932,232.0,105.0,134.0,142.0
12933,255.0,95.0,161.0,136.0
12934,231.0,96.0,124.0,130.0
12935,247.0,118.0,145.0,135.0
12936,249.0,112.0,153.0,134.0
12937,273.0,249.0,148.0,150.0
12938,217.0,187.0,114.0,120.0
12939,266.0,219.0,142.0,159.0
12940,234.0,202.0,137.0,128.0
12941,249.0,217.0,148.0,151.0
12942,274.0,242.0,163.0,148.0
12943,278.0,127.0,162.0,158.0
12944,239.0,116.0,115.0,144.0
12945,266.0,170.0,142.0,153.0
12946,244.0,129.0,136.0,138.0
12947,239.0,86.0,122.0,131.0
12948,264.0,48.0,163.0,144.0
12949,255.0,144.0,143.0,136.0
12950,249.0,117.0,138.0,136.0
12951,262.0,201.0,161.0,142.0
12952,246.0,98.0,157.0,155.0
12953,239.0,87.0,142.0,134.0
12954,244.0,69.0,127.0,127.0
12955,253.0,79.0,152.0,136.0
12956,238.0,169.0,146.0,142.0
12957,251.0,123.0,145.0,158.0
12958,252.0,109.0,144.0,137.0
12959,267.0,137.0,158.0,150.0
12960,242.0,219.0,119.0,127.0
12961,262.0,90.0,164.0,153.0
12962,232.0,117.0,120.0,131.0
12963,253.0,220.0,140.0,146.0
12964,260.0,110.0,146.0,167.0
12965,238.0,79.0,135.0,139.0
12966,251.0,122.0,136.0,138.0
12967,217.0,184.0,133.0,133.0
12968,261.0,124.0,151.0,150.0
12969,255.0,169.0,133.0,138.0
12970,265.0,207.0,148.0,132.0
12971,271.0,97.0,147.0,138.0
12972,251.0,89.0,121.0,147.0
12973,262.0,163.0,148.0,133.0
12974,228.0,91.0,135.0,120.0
12975,249.0,112.0,142.0,140.0
12976,274.0,245.0,144.0,163.0
12977,254.0,239.0,157.0,161.0
12978,272.0,68.0,150.0,148.0
12979,219.0,198.0,120.0,139.0
12980,264.0,117.0,164.0,143.0
12981,237.0,101.0,124.0,131.0
12982,266.0,212.0,145.0,140.0
12983,234.0,200.0,139.0,132.0
12984,261.0,116.0,138.0,137.0
12985,248.0,97.0,130.0,137.0
12986,234.0,110.0,137.0,120.0
12987,242.0,152.0,117.0,141.0
12988,238.0,207.0,131.0,149.0
12989,234.0,203.0,129.0,132.0
12990,265.0,109.0,140.0,140.0
12991,250.0,114.0,134.0,135.0
12992,258.0,128.0,151.0,147.0
12993,247.0,83.0,136.0,131.0
12994,256.0,223.0,142.0,140.0
12995,221.0,123.0,110.0,136.0
12996,284.0,282.0,149.0,157.0
12997,257.0,212.0,153.0,140.0
12998,265.0,132.0,149.0,152.0
12999,254.0,143.0,125.0,132.0
13000,251.0,183.0,135.0,146.0
13001,285.0,107.0,161.0,147.0
13002,257.0,121.0,133.0,152.0
13003,278.0,106.0,149.0,161.0
13004,258.0,144.0,151.0,146.0
13005,246.0,112.0,146.0,137.0
13006,255.0,86.0,133.0,134.0
13007,241.0,82.0,140.0,148.0
13008,280.0,244.0,166.0,158.0
13009,253.0,104.0,141.0,127.0
13010,253.0,153.0,134.0,150.0
13011,242.0,79.0,140.0,128.0
13012,247.0,217.0,135.0,132.0
13013,238.0,123.0,139.0,139.0
13014,237.0,211.0,117.0,128.0
13015,243.0,69.0,146.0,127.0
13016,256.0,221.0,139.0,147.0
13017,251.0,232.0,129.0,130.0
13018,242.0,224.0,126.0,127.0
13019,228.0,91.0,127.0,133.0
13020,252.0,187.0,156.0,135.0
13021,258.0,137.0,151.0,135.0
13022,239.0,204.0,134.0,124.0
13023,271.0,145.0,160.0,145.0
13024,253.0,108.0,135.0,145.0
13025,252.0,252.0,141.0,145.0
13026,260.0,210.0,143.0,134.0
13027,252.0,67.0,127.0,144.0
13028,262.0,240.0,130.0,152.0
13029,267.0,152.0,148.0,154.0
13030,239.0,82.0,129.0,115.0
13031,258.0,215.0,137.0,146.0
13032,247.0,141.0,143.0,147.0
13033,241.0,122.0,137.0,130.0
13034,257.0,106.0,140.0,134.0
13035,231.0,138.0,128.0,143.0
13036,258.0,250.0,158.0,154.0
13037,249.0,101.0,142.0,145.0
13038,231.0,197.0,123.0,128.0
13039,260.0,217.0,136.0,146.0
13040,242.0,73.0,144.0,138.0
13041,243.0,45.0,133.0,140.0
13042,262.0,170.0,153.0,134.0
13043,272.0,90.0,164.0,152.0
13044,255.0,255.0,154.0,145.0
13045,234.0,149.0,129.0,126.0
13046,243.0,209.0,122.0,142.0
13047,237.0,191.0,137.0,140.0
13048,262.0,224.0,133.0,156.0
13049,265.0,235.0,156.0,139.0
13050,256.0,218.0,154.0,132.0
13051,223.0,201.0,125.0,132.0
13052,271.0,235.0,154.0,136.0
13053,240.0,204.0,140.0,116.0
13054,244.0,72.0,142.0,148.0
13055,276.0,233.0,152.0,175.0
13056,248.0,118.0,149.0,135.0
13057,250.0,137.0,160.0,151.0
13058,263.0,148.0,147.0,155.0
13059,253.0,92.0,146.0,145.0
13060,226.0,203.0,139.0,124.0
13061,241.0,114.0,132.0,144.0
13062,226.0,80.0,132.0,120.0
13063,249.0,112.0,142.0,138.0
13064,243.0,109.0,146.0,136.0
13065,260.0,143.0,141.0,143.0
13066,250.0,98.0,130.0,132.0
13067,267.0,145.0,154.0,142.0
13068,236.0,171.0,140.0,132.0
13069,250.0,119.0,147.0,144.0
13070,249.0,199.0,146.0,133.0
13071,242.0,118.0,129.0,131.0
13072,268.0,162.0,149.0,153.0
13073,259.0,114.0,159.0,157.0
13074,254.0,107.0,145.0,133.0
13075,274.0,160.0,157.0,148.0
13076,259.0,96.0,144.0,153.0
13077,245.0,138.0,124.0,152.0
13078,234.0,214.0,136.0,130.0
13079,225.0,205.0,130.0,127.0
13080,283.0,237.0,164.0,167.0
13081,253.0,98.0,146.0,136.0
13082,265.0,81.0,144.0,173.0
13083,268.0,156.0,155.0,152.0
13084,254.0,50.0,145.0,133.0
13085,255.0,76.0,163.0,153.0
13086,260.0,250.0,138.0,160.0
13087,240.0,230.0,133.0,159.0
13088,258.0,63.0,144.0,158.0
13089,261.0,105.0,153.0,147.0
13090,267.0,165.0,146.0,156.0
13091,257.0,188.0,145.0,142.0
13092,257.0,209.0,158.0,152.0
13093,256.0,208.0,140.0,137.0
13094,241.0,82.0,133.0,142.0
13095,245.0,95.0,134.0,149.0
13096,235.0,221.0,141.0,140.0
13097,265.0,148.0,153.0,147.0
13098,261.0,85.0,140.0,142.0
13099,253.0,108.0,135.0,138.0
13100,266.0,119.0,134.0,156.0
13101,229.0,117.0,120.0,120.0
13102,260.0,227.0,156.0,152.0
13103,255.0,223.0,148.0,148.0
13104,225.0,102.0,121.0,114.0
13105,231.0,107.0,122.0,127.0
13106,233.0,198.0,129.0,132.0
13107,263.0,214.0,154.0,156.0
13108,253.0,151.0,138.0,150.0
13109,287.0,250.0,157.0,169.0
13110,252.0,215.0,125.0,147.0
13111,256.0,220.0,140.0,141.0
13112,232.0,100.0,139.0,126.0
13113,253.0,78.0,141.0,134.0
13114,241.0,235.0,141.0,135.0
13115,262.0,158.0,146.0,153.0
13116,247.0,199.0,132.0,143.0
13117,260.0,132.0,153.0,139.0
13118,263.0,135.0,149.0,152.0
13119,233.0,209.0,126.0,116.0
13120,245.0,221.0,131.0,122.0
13121,263.0,115.0,131.0,143.0
13122,262.0,119.0,153.0,155.0
13123,248.0,103.0,153.0,152.0
13124,270.0,121.0,153.0,168.0
13125,238.0,213.0,128.0,145.0
13126,237.0,224.0,126.0,131.0
13127,269.0,114.0,149.0,158.0
13128,244.0,164.0,124.0,133.0
13129,270.0,233.0,136.0,156.0
13130,253.0,116.0,146.0,147.0
13131,241.0,220.0,126.0,122.0
13132,259.0,213.0,145.0,148.0
13133,250.0,219.0,154.0,137.0
13134,242.0,211.0,130.0,122.0
13135,237.0,94.0,140.0,131.0
13136,247.0,241.0,135.0,149.0
13137,252.0,246.0,136.0,149.0
13138,248.0,212.0,158.0,141.0
13139,260.0,122.0,145.0,142.0
13140,280.0,152.0,144.0,160.0
13141,272.0,111.0,158.0,136.0
13142,254.0,122.0,144.0,152.0
13143,252.0,147.0,151.0,150.0
13144,268.0,149.0,152.0,158.0
13145,224.0,58.0,104.0,111.0
13146,222.0,120.0,107.0,145.0
13147,252.0,89.0,144.0,144.0
13148,238.0,194.0,140.0,141.0
13149,259.0,220.0,160.0,148.0
13150,254.0,119.0,135.0,127.0
13151,266.0,258.0,146.0,150.0
13152,262.0,129.0,151.0,165.0
13153,260.0,128.0,145.0,140.0
13154,252.0,210.0,140.0,129.0
13155,272.0,249.0,161.0,142.0
13156,251.0,215.0,143.0,140.0
13157,259.0,207.0,144.0,163.0
13158,252.0,221.0,130.0,164.0
13159,233.0,190.0,142.0,127.0
13160,257.0,119.0,152.0,141.0
13161,247.0,235.0,138.0,145.0
13162,257.0,244.0,158.0,138.0
13163,243.0,78.0,127.0,115.0
13164,257.0,119.0,159.0,135.0
13165,274.0,141.0,161.0,144.0
13166,250.0,87.0,150.0,141.0
13167,243.0,55.0,147.0,137.0
13168,250.0,138.0,138.0,142.0
13169,225.0,62.0,127.0,124.0
13170,276.0,125.0,155.0,157.0
13171,236.0,211.0,130.0,133.0
13172,257.0,232.0,146.0,148.0
13173,227.0,121.0,124.0,133.0
13174,267.0,124.0,147.0,158.0
13175,270.0,99.0,154.0,153.0
13176,276.0,242.0,147.0,161.0
13177,212.0,114.0,112.0,115.0
13178,252.0,242.0,163.0,139.0
13179,275.0,256.0,150.0,150.0
13180,270.0,238.0,162.0,155.0
13181,263.0,222.0,148.0,132.0
13182,256.0,124.0,144.0,139.0
13183,235.0,89.0,147.0,136.0
13184,248.0,214.0,136.0,141.0
13185,235.0,135.0,126.0,137.0
13186,229.0,162.0,126.0,142.0
13187,253.0,218.0,141.0,136.0
13188,262.0,227.0,155.0,163.0
13189,254.0,116.0,129.0,142.0
13190,258.0,78.0,159.0,147.0
13191,269.0,102.0,160.0,138.0
13192,249.0,109.0,138.0,138.0
13193,258.0,118.0,147.0,124.0
13194,280.0,279.0,170.0,172.0
13195,214.0,128.0,127.0,115.0
13196,264.0,109.0,148.0,152.0
13197,255.0,234.0,153.0,145.0
13198,244.0,240.0,130.0,120.0
13199,239.0,193.0,129.0,114.0
13200,265.0,151.0,148.0,155.0
13201,239.0,84.0,134.0,129.0
13202,245.0,210.0,137.0,135.0
13203,245.0,117.0,138.0,121.0
13204,260.0,94.0,142.0,148.0
13205,245.0,77.0,136.0,146.0
13206,259.0,112.0,157.0,135.0
13207,292.0,172.0,163.0,173.0
13208,238.0,66.0,127.0,136.0
13209,246.0,108.0,134.0,142.0
13210,260.0,226.0,138.0,149.0
13211,233.0,117.0,148.0,125.0
13212,261.0,119.0,160.0,139.0
13213,274.0,222.0,160.0,162.0
13214,259.0,213.0,151.0,139.0
13215,228.0,109.0,122.0,139.0
13216,251.0,201.0,134.0,143.0
13217,230.0,130.0,139.0,130.0
13218,255.0,98.0,133.0,143.0
13219,256.0,76.0,149.0,150.0
13220,248.0,213.0,134.0,132.0
13221,243.0,107.0,133.0,132.0
13222,238.0,118.0,145.0,129.0
13223,254.0,201.0,137.0,134.0
13224,246.0,111.0,138.0,142.0
13225,226.0,197.0,124.0,118.0
13226,238.0,189.0,140.0,134.0
13227,249.0,137.0,134.0,135.0
13228,256.0,221.0,137.0,146.0
13229,259.0,153.0,145.0,144.0
13230,244.0,118.0,135.0,134.0
13231,239.0,215.0,138.0,132.0
13232,229.0,94.0,146.0,120.0
13233,250.0,108.0,141.0,134.0
13234,263.0,223.0,142.0,129.0
13235,260.0,239.0,142.0,142.0
13236,223.0,181.0,124.0,122.0
13237,261.0,94.0,146.0,147.0
13238,243.0,227.0,133.0,133.0
13239,263.0,219.0,156.0,154.0
13240,251.0,72.0,134.0,149.0
13241,224.0,113.0,125.0,122.0
13242,234.0,125.0,135.0,142.0
13243,225.0,106.0,112.0,122.0
13244,243.0,206.0,145.0,125.0
13245,248.0,111.0,121.0,133.0
13246,237.0,209.0,130.0,130.0
13247,280.0,228.0,153.0,139.0
13248,247.0,163.0,131.0,138.0
13249,264.0,154.0,132.0,147.0
13250,275.0,133.0,140.0,174.0
13251,242.0,143.0,131.0,141.0
13252,263.0,136.0,154.0,145.0
13253,242.0,116.0,125.0,138.0
13254,223.0,62.0,146.0,126.0
13255,245.0,216.0,118.0,137.0
13256,251.0,145.0,138.0,136.0
13257,248.0,110.0,132.0,141.0
13258,238.0,210.0,144.0,130.0
13259,231.0,105.0,123.0,135.0
13260,276.0,120.0,151.0,155.0
13261,237.0,98.0,130.0,140.0
13262,250.0,219.0,137.0,151.0
13263,273.0,146.0,154.0,145.0
13264,251.0,108.0,133.0,144.0
13265,240.0,212.0,143.0,133.0
13266,267.0,128.0,148.0,157.0
13267,239.0,202.0,127.0,121.0
13268,244.0,77.0,140.0,136.0
13269,259.0,104.0,140.0,145.0
13270,251.0,120.0,140.0,137.0
13271,228.0,116.0,141.0,130.0
13272,253.0,82.0,143.0,145.0
13273,268.0,243.0,144.0,154.0
13274,246.0,132.0,136.0,131.0
13275,234.0,210.0,135.0,145.0
13276,263.0,239.0,146.0,155.0
13277,258.0,98.0,152.0,130.0
13278,238.0,69.0,129.0,128.0
13279,249.0,107.0,139.0,130.0
13280,263.0,131.0,145.0,158.0
13281,266.0,141.0,151.0,142.0
13282,246.0,236.0,132.0,152.0
13283,267.0,128.0,136.0,153.0
13284,240.0,63.0,146.0,127.0
13285,262.0,124.0,144.0,146.0
13286,231.0,134.0,122.0,133.0
13287,254.0,227.0,141.0,141.0
13288,238.0,136.0,134.0,135.0
13289,233.0,79.0,138.0,128.0
13290,256.0,249.0,137.0,138.0
13291,280.0,143.0,172.0,147.0
13292,278.0,121.0,163.0,156.0
13293,270.0,70.0,153.0,154.0
13294,254.0,146.0,148.0,128.0
13295,250.0,218.0,144.0,135.0
13296,232.0,73.0,137.0,137.0
13297,256.0,105.0,147.0,144.0
13298,246.0,216.0,142.0,136.0
13299,245.0,215.0,139.0,135.0
13300,250.0,130.0,136.0,144.0
13301,251.0,120.0,152.0,132.0
13302,265.0,232.0,150.0,136.0
13303,248.0,91.0,147.0,133.0
13304,233.0,162.0,122.0,121.0
13305,254.0,99.0,144.0,140.0
13306,246.0,127.0,141.0,137.0
13307,249.0,108.0,132.0,144.0
13308,248.0,233.0,137.0,137.0
13309,291.0,132.0,164.0,159.0
13310,231.0,203.0,134.0,130.0
13311,260.0,80.0,147.0,146.0
13312,265.0,222.0,154.0,151.0
13313,243.0,213.0,136.0,140.0
13314,240.0,223.0,127.0,137.0
13315,256.0,69.0,153.0,161.0
13316,267.0,231.0,156.0,153.0
13317,282.0,173.0,154.0,145.0
13318,255.0,219.0,145.0,130.0
13319,241.0,236.0,135.0,143.0
13320,269.0,108.0,164.0,138.0
13321,232.0,85.0,134.0,122.0
13322,239.0,126.0,143.0,136.0
13323,285.0,263.0,157.0,164.0
13324,227.0,199.0,123.0,124.0
13325,245.0,209.0,131.0,130.0
13326,250.0,97.0,143.0,136.0
13327,252.0,214.0,140.0,141.0
13328,246.0,210.0,133.0,128.0
13329,264.0,136.0,148.0,155.0
13330,278.0,128.0,155.0,164.0
13331,237.0,195.0,139.0,143.0
13332,257.0,80.0,138.0,161.0
13333,266.0,110.0,144.0,153.0
13334,271.0,158.0,147.0,137.0
13335,248.0,133.0,130.0,137.0
13336,245.0,122.0,153.0,147.0
13337,239.0,212.0,131.0,139.0
13338,229.0,97.0,126.0,118.0
13339,247.0,204.0,134.0,136.0
13340,241.0,79.0,139.0,139.0
13341,243.0,206.0,137.0,139.0
13342,230.0,122.0,134.0,141.0
13343,232.0,125.0,134.0,124.0
13344,259.0,125.0,156.0,146.0
13345,243.0,112.0,150.0,142.0
13346,234.0,127.0,131.0,119.0
13347,244.0,121.0,140.0,150.0
13348,258.0,217.0,138.0,151.0
13349,230.0,189.0,121.0,116.0
13350,253.0,207.0,141.0,139.0
13351,273.0,265.0,166.0,151.0
13352,243.0,201.0,134.0,142.0
13353,244.0,105.0,133.0,132.0
13354,277.0,135.0,142.0,144.0
13355,240.0,153.0,138.0,151.0
13356,239.0,116.0,137.0,143.0
13357,216.0,91.0,129.0,134.0
13358,242.0,83.0,139.0,163.0
13359,237.0,77.0,156.0,123.0
13360,233.0,200.0,134.0,141.0
13361,242.0,235.0,132.0,135.0
13362,226.0,79.0,139.0,123.0
13363,243.0,119.0,141.0,132.0
13364,248.0,125.0,144.0,144.0
13365,237.0,198.0,134.0,136.0
13366,267.0,166.0,142.0,142.0
13367,234.0,125.0,137.0,122.0
13368,257.0,176.0,139.0,137.0
13369,260.0,78.0,148.0,159.0
13370,249.0,221.0,141.0,131.0
13371,252.0,86.0,140.0,138.0
13372,261.0,154.0,140.0,142.0
13373,269.0,134.0,165.0,147.0
13374,263.0,164.0,168.0,134.0
13375,273.0,228.0,151.0,147.0
13376,250.0,209.0,140.0,140.0
13377,253.0,94.0,142.0,128.0
13378,226.0,140.0,133.0,119.0
13379,265.0,216.0,147.0,147.0
13380,251.0,146.0,149.0,132.0
13381,223.0,90.0,134.0,117.0
13382,246.0,99.0,131.0,140.0
13383,247.0,200.0,135.0,137.0
13384,270.0,88.0,146.0,160.0
13385,261.0,121.0,155.0,149.0
13386,261.0,110.0,151.0,145.0
13387,256.0,82.0,135.0,154.0
13388,253.0,248.0,152.0,140.0
13389,256.0,251.0,146.0,155.0
13390,237.0,199.0,128.0,139.0
13391,250.0,128.0,131.0,145.0
13392,236.0,89.0,128.0,129.0
13393,237.0,146.0,131.0,125.0
13394,255.0,230.0,134.0,145.0
13395,237.0,109.0,139.0,141.0
13396,252.0,106.0,142.0,149.0
13397,247.0,102.0,156.0,141.0
13398,244.0,209.0,137.0,128.0
13399,272.0,240.0,162.0,149.0
13400,260.0,112.0,125.0,141.0
13401,270.0,163.0,161.0,141.0
13402,238.0,164.0,116.0,129.0
13403,270.0,113.0,151.0,160.0
13404,257.0,142.0,146.0,145.0
13405,245.0,124.0,133.0,130.0
13406,252.0,85.0,148.0,147.0
13407,232.0,75.0,127.0,128.0
13408,250.0,194.0,138.0,134.0
13409,265.0,78.0,147.0,143.0
13410,257.0,118.0,143.0,159.0
13411,256.0,181.0,130.0,132.0
13412,235.0,206.0,140.0,137.0
13413,258.0,210.0,153.0,137.0
13414,237.0,83.0,128.0,133.0
13415,240.0,188.0,119.0,141.0
13416,230.0,85.0,132.0,133.0
13417,238.0,122.0,120.0,145.0
13418,251.0,72.0,147.0,142.0
13419,241.0,210.0,134.0,135.0
13420,253.0,144.0,143.0,138.0
13421,233.0,76.0,123.0,129.0
13422,264.0,125.0,146.0,144.0
13423,261.0,107.0,159.0,150.0
13424,241.0,104.0,138.0,135.0
13425,237.0,119.0,148.0,125.0
13426,253.0,92.0,142.0,151.0
13427,238.0,155.0,145.0,127.0
13428,249.0,116.0,137.0,134.0
13429,252.0,93.0,146.0,140.0
13430,234.0,130.0,136.0,135.0
13431,261.0,105.0,132.0,149.0
13432,250.0,72.0,149.0,141.0
13433,215.0,82.0,134.0,120.0
13434,253.0,78.0,129.0,147.0
13435,265.0,139.0,154.0,144.0
13436,237.0,194.0,140.0,137.0
13437,242.0,212.0,130.0,134.0
13438,235.0,109.0,115.0,123.0
13439,239.0,216.0,129.0,135.0
13440,237.0,137.0,134.0,128.0
13441,246.0,217.0,137.0,139.0
13442,244.0,150.0,142.0,135.0
13443,244.0,197.0,137.0,143.0
13444,233.0,207.0,122.0,124.0
13445,255.0,177.0,146.0,142.0
13446,245.0,85.0,143.0,143.0
13447,258.0,142.0,140.0,145.0
13448,242.0,140.0,141.0,145.0
13449,244.0,114.0,118.0,142.0
13450,266.0,227.0,137.0,148.0
13451,270.0,147.0,161.0,148.0
13452,240.0,123.0,126.0,130.0
13453,261.0,100.0,151.0,148.0
13454,267.0,82.0,151.0,150.0
13455,257.0,224.0,131.0,154.0
13456,277.0,237.0,164.0,156.0
13457,274.0,238.0,157.0,141.0
13458,233.0,109.0,133.0,140.0
13459,231.0,121.0,129.0,134.0
13460,242.0,189.0,144.0,136.0
13461,238.0,147.0,128.0,135.0
13462,243.0,214.0,149.0,147.0
13463,257.0,201.0,145.0,135.0
13464,242.0,219.0,136.0,144.0
13465,260.0,237.0,138.0,142.0
13466,240.0,133.0,127.0,123.0
13467,263.0,130.0,139.0,138.0
13468,242.0,221.0,134.0,142.0
13469,264.0,231.0,152.0,147.0
13470,254.0,124.0,140.0,147.0
13471,248.0,106.0,116.0,134.0
13472,236.0,126.0,123.0,133.0
13473,248.0,213.0,146.0,141.0
13474,240.0,90.0,130.0,129.0
13475,277.0,99.0,144.0,154.0
13476,265.0,235.0,153.0,154.0
13477,249.0,148.0,146.0,135.0
13478,245.0,75.0,147.0,150.0
13479,232.0,199.0,110.0,145.0
13480,235.0,202.0,131.0,136.0
13481,247.0,200.0,146.0,136.0
13482,250.0,115.0,133.0,144.0
13483,260.0,106.0,148.0,145.0
13484,254.0,176.0,146.0,149.0
13485,240.0,75.0,136.0,138.0
13486,275.0,149.0,159.0,150.0
13487,271.0,90.0,147.0,151.0
13488,232.0,117.0,138.0,125.0
13489,250.0,224.0,137.0,129.0
13490,222.0,103.0,112.0,119.0
13491,247.0,126.0,143.0,152.0
13492,234.0,193.0,128.0,119.0
13493,270.0,266.0,157.0,162.0
13494,271.0,122.0,149.0,131.0
13495,244.0,105.0,144.0,130.0
13496,256.0,162.0,150.0,134.0
13497,245.0,140.0,134.0,147.0
13498,246.0,237.0,126.0,133.0
13499,225.0,156.0,146.0,129.0
13500,242.0,119.0,138.0,133.0
13501,255.0,108.0,124.0,139.0
13502,255.0,131.0,129.0,135.0
13503,203.0,94.0,115.0,105.0
13504,261.0,69.0,148.0,151.0
13505,258.0,117.0,141.0,138.0
13506,274.0,247.0,150.0,146.0
13507,262.0,219.0,159.0,138.0
13508,248.0,113.0,147.0,140.0
13509,241.0,174.0,133.0,137.0
13510,263.0,88.0,151.0,148.0
13511,246.0,114.0,133.0,133.0
13512,246.0,114.0,135.0,128.0
13513,270.0,80.0,180.0,162.0
13514,235.0,108.0,148.0,127.0
13515,260.0,70.0,147.0,142.0
13516,269.0,250.0,144.0,153.0
13517,253.0,124.0,144.0,135.0
13518,237.0,126.0,126.0,146.0
13519,242.0,208.0,155.0,143.0
13520,262.0,138.0,139.0,151.0
13521,258.0,138.0,145.0,124.0
13522,240.0,215.0,135.0,132.0
13523,258.0,253.0,148.0,158.0
13524,238.0,233.0,124.0,140.0
13525,256.0,170.0,151.0,149.0
13526,251.0,222.0,147.0,144.0
13527,259.0,126.0,146.0,132.0
13528,269.0,111.0,149.0,142.0
13529,216.0,115.0,121.0,122.0
13530,258.0,226.0,138.0,147.0
13531,245.0,235.0,144.0,135.0
13532,253.0,74.0,146.0,134.0
13533,263.0,112.0,145.0,154.0
13534,243.0,187.0,137.0,141.0
13535,269.0,140.0,153.0,154.0
13536,236.0,148.0,120.0,124.0
13537,258.0,119.0,125.0,145.0
13538,256.0,89.0,140.0,151.0
13539,236.0,213.0,138.0,127.0
13540,223.0,220.0,129.0,131.0
13541,230.0,227.0,127.0,129.0
13542,235.0,93.0,130.0,144.0
13543,249.0,105.0,139.0,120.0
13544,230.0,84.0,131.0,128.0
13545,252.0,217.0,150.0,154.0
13546,246.0,104.0,131.0,126.0
13547,262.0,218.0,135.0,130.0
13548,250.0,166.0,146.0,149.0
13549,263.0,102.0,147.0,157.0
13550,251.0,221.0,137.0,132.0
13551,245.0,116.0,125.0,141.0
13552,265.0,230.0,141.0,147.0
13553,236.0,230.0,128.0,139.0
13554,235.0,94.0,130.0,123.0
13555,264.0,110.0,148.0,135.0
13556,270.0,236.0,142.0,147.0
13557,236.0,83.0,136.0,106.0
13558,242.0,91.0,129.0,132.0
13559,228.0,117.0,122.0,126.0
13560,232.0,107.0,128.0,131.0
13561,262.0,129.0,150.0,141.0
13562,249.0,194.0,134.0,132.0
13563,241.0,101.0,128.0,140.0
13564,269.0,247.0,160.0,145.0
13565,244.0,131.0,131.0,143.0
13566,258.0,237.0,146.0,146.0
13567,269.0,227.0,139.0,152.0
13568,235.0,107.0,115.0,124.0
13569,246.0,114.0,131.0,129.0
13570,256.0,220.0,148.0,147.0
13571,237.0,231.0,151.0,136.0
13572,245.0,160.0,129.0,141.0
13573,249.0,98.0,152.0,136.0
13574,234.0,144.0,132.0,134.0
13575,246.0,158.0,130.0,127.0
13576,248.0,137.0,149.0,126.0
13577,262.0,148.0,143.0,143.0
13578,267.0,83.0,149.0,152.0
13579,246.0,207.0,149.0,142.0
13580,229.0,228.0,132.0,129.0
13581,242.0,241.0,123.0,147.0
13582,275.0,110.0,146.0,155.0
13583,245.0,119.0,129.0,132.0
13584,254.0,81.0,129.0,142.0
13585,246.0,233.0,148.0,140.0
13586,249.0,154.0,136.0,143.0
13587,263.0,131.0,155.0,149.0
13588,264.0,116.0,141.0,130.0
13589,247.0,74.0,143.0,134.0
13590,254.0,108.0,155.0,139.0
13591,241.0,89.0,133.0,135.0
13592,251.0,131.0,144.0,160.0
13593,232.0,153.0,132.0,127.0
13594,239.0,191.0,132.0,142.0
13595,263.0,135.0,142.0,143.0
13596,221.0,120.0,121.0,121.0
13597,240.0,205.0,159.0,134.0
13598,226.0,100.0,126.0,125.0
13599,234.0,101.0,133.0,130.0
13600,266.0,80.0,160.0,152.0
13601,273.0,170.0,135.0,147.0
13602,264.0,237.0,144.0,138.0
13603,235.0,205.0,138.0,142.0
13604,266.0,153.0,154.0,157.0
13605,260.0,136.0,124.0,121.0
13606,278.0,253.0,161.0,151.0
13607,250.0,97.0,138.0,139.0
13608,247.0,127.0,136.0,136.0
13609,245.0,211.0,145.0,139.0
13610,243.0,156.0,121.0,126.0
13611,253.0,111.0,133.0,139.0
13612,246.0,95.0,142.0,142.0
13613,235.0,83.0,134.0,126.0
13614,255.0,226.0,150.0,148.0
13615,261.0,63.0,143.0,143.0
13616,239.0,148.0,150.0,127.0
13617,248.0,141.0,138.0,131.0
13618,249.0,243.0,133.0,141.0
13619,227.0,100.0,134.0,129.0
13620,229.0,189.0,123.0,134.0
13621,235.0,112.0,132.0,126.0
13622,221.0,100.0,124.0,129.0
13623,248.0,132.0,132.0,137.0
13624,242.0,75.0,136.0,141.0
13625,235.0,93.0,134.0,128.0
13626,259.0,110.0,149.0,149.0
13627,244.0,106.0,128.0,137.0
13628,214.0,180.0,136.0,114.0
13629,253.0,107.0,141.0,135.0
13630,254.0,133.0,147.0,148.0
13631,248.0,181.0,145.0,142.0
13632,232.0,120.0,136.0,138.0
13633,253.0,220.0,136.0,153.0
13634,254.0,213.0,148.0,146.0
13635,243.0,202.0,136.0,139.0
13636,227.0,152.0,129.0,120.0
13637,255.0,151.0,135.0,158.0
13638,244.0,76.0,124.0,142.0
13639,256.0,119.0,141.0,147.0
13640,263.0,121.0,154.0,153.0
13641,227.0,83.0,142.0,136.0
13642,254.0,119.0,146.0,152.0
13643,241.0,147.0,136.0,139.0
13644,246.0,133.0,133.0,140.0
13645,240.0,202.0,132.0,123.0
13646,229.0,209.0,126.0,126.0
13647,251.0,237.0,148.0,139.0
13648,234.0,95.0,127.0,136.0
13649,272.0,237.0,148.0,159.0
13650,246.0,50.0,144.0,151.0
13651,230.0,79.0,143.0,133.0
13652,269.0,147.0,140.0,149.0
13653,254.0,125.0,148.0,144.0
13654,244.0,110.0,147.0,145.0
13655,249.0,99.0,147.0,133.0
13656,222.0,88.0,107.0,115.0
13657,246.0,215.0,134.0,143.0
13658,241.0,113.0,134.0,121.0
13659,250.0,148.0,130.0,129.0
13660,241.0,211.0,139.0,127.0
13661,223.0,100.0,117.0,117.0
13662,258.0,121.0,135.0,139.0
13663,242.0,103.0,142.0,125.0
13664,245.0,89.0,117.0,140.0
13665,251.0,160.0,145.0,133.0
13666,238.0,102.0,132.0,133.0
13667,270.0,261.0,166.0,159.0
13668,235.0,125.0,125.0,136.0
13669,250.0,228.0,139.0,139.0
13670,269.0,190.0,147.0,148.0
13671,240.0,100.0,121.0,136.0
13672,234.0,175.0,137.0,128.0
13673,255.0,153.0,158.0,141.0
13674,249.0,100.0,140.0,147.0
13675,253.0,158.0,146.0,150.0
13676,254.0,86.0,133.0,154.0
13677,272.0,140.0,152.0,153.0
13678,243.0,202.0,128.0,127.0
13679,267.0,146.0,140.0,155.0
13680,237.0,223.0,131.0,130.0
13681,251.0,144.0,147.0,155.0
13682,239.0,100.0,124.0,134.0
13683,239.0,140.0,133.0,125.0
13684,262.0,147.0,147.0,148.0
13685,294.0,161.0,171.0,161.0
13686,265.0,156.0,149.0,153.0
13687,246.0,118.0,130.0,133.0
13688,222.0,37.0,125.0,127.0
13689,269.0,162.0,156.0,137.0
13690,233.0,83.0,134.0,130.0
13691,247.0,150.0,159.0,130.0
13692,259.0,220.0,143.0,160.0
13693,244.0,116.0,141.0,134.0
13694,256.0,104.0,134.0,151.0
13695,241.0,123.0,118.0,142.0
13696,252.0,82.0,137.0,149.0
13697,262.0,120.0,152.0,143.0
13698,249.0,80.0,140.0,128.0
13699,247.0,145.0,132.0,133.0
13700,259.0,119.0,150.0,141.0
13701,261.0,121.0,161.0,145.0
13702,249.0,206.0,125.0,147.0
13703,249.0,238.0,139.0,133.0
13704,225.0,109.0,123.0,133.0
13705,244.0,126.0,140.0,141.0
13706,260.0,234.0,144.0,140.0
13707,264.0,89.0,134.0,145.0
13708,236.0,139.0,142.0,132.0
13709,257.0,158.0,147.0,135.0
13710,245.0,136.0,140.0,131.0
13711,260.0,109.0,149.0,148.0
13712,252.0,95.0,153.0,149.0
13713,221.0,197.0,121.0,116.0
13714,231.0,197.0,141.0,134.0
13715,262.0,232.0,158.0,155.0
13716,268.0,262.0,155.0,162.0
13717,241.0,235.0,148.0,129.0
13718,279.0,127.0,152.0,155.0
13719,225.0,110.0,121.0,132.0
13720,248.0,126.0,141.0,133.0
13721,252.0,111.0,137.0,146.0
13722,263.0,247.0,151.0,139.0
13723,255.0,239.0,152.0,128.0
13724,236.0,96.0,142.0,137.0
13725,255.0,210.0,147.0,138.0
13726,256.0,229.0,149.0,132.0
13727,275.0,100.0,170.0,169.0
13728,249.0,211.0,126.0,156.0
13729,231.0,76.0,128.0,144.0
13730,258.0,129.0,127.0,148.0
13731,238.0,207.0,141.0,140.0
13732,245.0,151.0,137.0,133.0
13733,280.0,119.0,153.0,164.0
13734,238.0,79.0,125.0,137.0
13735,273.0,115.0,139.0,149.0
13736,266.0,255.0,149.0,158.0
13737,249.0,238.0,133.0,139.0
13738,227.0,62.0,121.0,123.0
13739,246.0,202.0,131.0,144.0
13740,248.0,223.0,127.0,137.0
13741,235.0,187.0,133.0,140.0
13742,265.0,114.0,142.0,149.0
13743,275.0,144.0,158.0,164.0
13744,271.0,125.0,150.0,151.0
13745,260.0,224.0,153.0,141.0
13746,245.0,226.0,141.0,132.0
13747,242.0,91.0,120.0,150.0
13748,258.0,256.0,155.0,139.0
13749,265.0,222.0,153.0,136.0
13750,240.0,199.0,133.0,126.0
13751,229.0,197.0,137.0,128.0
13752,237.0,212.0,149.0,132.0
13753,257.0,140.0,153.0,147.0
13754,249.0,213.0,139.0,140.0
13755,235.0,200.0,142.0,114.0
13756,268.0,236.0,146.0,167.0
13757,241.0,80.0,141.0,131.0
13758,248.0,168.0,125.0,137.0
13759,257.0,211.0,156.0,161.0
13760,255.0,120.0,134.0,146.0
13761,253.0,101.0,134.0,129.0
13762,276.0,181.0,152.0,146.0
13763,230.0,101.0,142.0,126.0
13764,232.0,205.0,136.0,128.0
13765,224.0,111.0,131.0,132.0
13766,246.0,70.0,135.0,140.0
13767,257.0,104.0,143.0,137.0
13768,233.0,208.0,125.0,119.0
13769,263.0,72.0,138.0,148.0
13770,257.0,142.0,150.0,121.0
13771,264.0,185.0,142.0,152.0
13772,246.0,120.0,137.0,132.0
13773,247.0,97.0,153.0,134.0
13774,262.0,228.0,145.0,133.0
13775,258.0,104.0,137.0,145.0
13776,254.0,192.0,149.0,160.0
13777,248.0,80.0,140.0,140.0
13778,247.0,101.0,128.0,132.0
13779,246.0,66.0,146.0,142.0
13780,261.0,107.0,150.0,139.0
13781,260.0,233.0,142.0,140.0
13782,243.0,211.0,147.0,145.0
13783,260.0,126.0,139.0,144.0
13784,256.0,245.0,156.0,153.0
13785,272.0,108.0,158.0,156.0
13786,272.0,119.0,145.0,151.0
13787,232.0,85.0,124.0,123.0
13788,232.0,221.0,131.0,136.0
13789,247.0,205.0,149.0,152.0
13790,264.0,134.0,153.0,131.0
13791,253.0,232.0,138.0,132.0
13792,263.0,164.0,147.0,140.0
13793,269.0,108.0,153.0,143.0
13794,241.0,86.0,152.0,140.0
13795,237.0,114.0,132.0,125.0
13796,241.0,45.0,136.0,145.0
13797,249.0,112.0,148.0,147.0
13798,242.0,104.0,156.0,133.0
13799,253.0,220.0,145.0,140.0
13800,226.0,86.0,129.0,119.0
13801,244.0,159.0,140.0,135.0
13802,216.0,206.0,113.0,118.0
13803,265.0,234.0,147.0,160.0
13804,241.0,89.0,131.0,138.0
13805,226.0,119.0,129.0,127.0
13806,242.0,117.0,154.0,133.0
13807,249.0,113.0,137.0,131.0
13808,284.0,241.0,165.0,158.0
13809,248.0,225.0,156.0,149.0
13810,235.0,212.0,145.0,143.0
13811,231.0,126.0,128.0,133.0
13812,228.0,56.0,139.0,140.0
13813,255.0,228.0,143.0,154.0
13814,248.0,79.0,138.0,125.0
13815,255.0,116.0,149.0,151.0
13816,252.0,218.0,151.0,135.0
13817,269.0,118.0,150.0,158.0
13818,260.0,147.0,144.0,139.0
13819,252.0,240.0,132.0,147.0
13820,275.0,92.0,144.0,137.0
13821,257.0,138.0,141.0,163.0
13822,242.0,84.0,151.0,125.0
13823,243.0,215.0,128.0,134.0
13824,237.0,73.0,139.0,139.0
13825,251.0,75.0,158.0,141.0
13826,263.0,116.0,147.0,156.0
13827,240.0,113.0,134.0,136.0
13828,267.0,96.0,143.0,140.0
13829,245.0,165.0,136.0,137.0
13830,231.0,90.0,138.0,124.0
13831,256.0,138.0,145.0,145.0
13832,234.0,87.0,128.0,128.0
13833,266.0,224.0,153.0,155.0
13834,236.0,211.0,132.0,133.0
13835,246.0,172.0,139.0,141.0
13836,251.0,90.0,143.0,154.0
13837,255.0,90.0,148.0,147.0
13838,283.0,126.0,158.0,165.0
13839,263.0,241.0,139.0,154.0
13840,228.0,206.0,130.0,130.0
13841,245.0,129.0,132.0,133.0
13842,263.0,141.0,137.0,168.0
13843,246.0,206.0,146.0,129.0
13844,249.0,208.0,146.0,132.0
13845,238.0,122.0,130.0,129.0
13846,253.0,212.0,136.0,147.0
13847,246.0,118.0,147.0,144.0
13848,268.0,236.0,148.0,163.0
13849,236.0,214.0,143.0,137.0
13850,247.0,119.0,133.0,122.0
13851,242.0,128.0,151.0,148.0
13852,267.0,174.0,150.0,149.0
13853,259.0,226.0,146.0,149.0
13854,270.0,237.0,166.0,147.0
13855,249.0,104.0,136.0,137.0
13856,255.0,114.0,142.0,148.0
13857,249.0,241.0,120.0,144.0
13858,254.0,247.0,133.0,151.0
13859,247.0,220.0,145.0,139.0
13860,257.0,156.0,149.0,137.0
13861,238.0,84.0,135.0,134.0
13862,240.0,110.0,128.0,137.0
13863,258.0,241.0,137.0,147.0
13864,254.0,214.0,138.0,141.0
13865,225.0,215.0,123.0,107.0
13866,259.0,217.0,142.0,134.0
13867,254.0,172.0,145.0,138.0
13868,237.0,202.0,133.0,121.0
13869,243.0,138.0,121.0,141.0
13870,245.0,107.0,125.0,149.0
13871,261.0,100.0,141.0,149.0
13872,245.0,89.0,127.0,157.0
13873,257.0,130.0,141.0,142.0
13874,214.0,79.0,130.0,134.0
13875,251.0,136.0,132.0,133.0
13876,275.0,242.0,165.0,162.0
13877,237.0,122.0,134.0,126.0
13878,248.0,117.0,143.0,138.0
13879,246.0,214.0,138.0,120.0
13880,253.0,210.0,142.0,156.0
13881,232.0,111.0,132.0,113.0
13882,267.0,126.0,149.0,155.0
13883,252.0,88.0,155.0,140.0
13884,231.0,113.0,132.0,136.0
13885,236.0,207.0,130.0,131.0
13886,260.0,153.0,138.0,135.0
13887,267.0,71.0,141.0,157.0
13888,264.0,116.0,136.0,138.0
13889,245.0,213.0,117.0,151.0
13890,281.0,241.0,166.0,144.0
13891,232.0,59.0,115.0,132.0
13892,235.0,140.0,138.0,134.0
13893,240.0,182.0,125.0,156.0
13894,246.0,123.0,135.0,140.0
13895,245.0,83.0,134.0,132.0
13896,261.0,114.0,148.0,161.0
13897,262.0,134.0,147.0,136.0
13898,261.0,222.0,138.0,148.0
13899,232.0,98.0,131.0,139.0
13900,234.0,211.0,131.0,126.0
13901,252.0,212.0,171.0,151.0
13902,242.0,102.0,135.0,141.0
13903,259.0,239.0,156.0,145.0
13904,266.0,103.0,139.0,144.0
13905,251.0,150.0,141.0,139.0
13906,234.0,197.0,126.0,136.0
13907,240.0,99.0,143.0,123.0
13908,266.0,120.0,153.0,146.0
13909,281.0,249.0,147.0,157.0
13910,251.0,174.0,147.0,138.0
13911,251.0,131.0,139.0,126.0
13912,255.0,129.0,139.0,142.0
13913,250.0,143.0,141.0,137.0
13914,238.0,29.0,140.0,144.0
13915,261.0,216.0,157.0,142.0
13916,251.0,92.0,135.0,130.0
13917,265.0,80.0,155.0,157.0
13918,253.0,137.0,155.0,148.0
13919,245.0,132.0,129.0,127.0
13920,268.0,243.0,149.0,147.0
13921,250.0,67.0,114.0,147.0
13922,252.0,159.0,140.0,149.0
13923,246.0,83.0,123.0,124.0
13924,229.0,226.0,134.0,128.0
13925,248.0,221.0,155.0,146.0
13926,242.0,148.0,138.0,150.0
13927,256.0,112.0,145.0,133.0
13928,233.0,86.0,126.0,139.0
13929,239.0,118.0,145.0,130.0
13930,262.0,72.0,125.0,153.0
13931,239.0,120.0,127.0,135.0
13932,241.0,167.0,139.0,146.0
13933,280.0,138.0,158.0,175.0
13934,255.0,149.0,139.0,147.0
13935,245.0,79.0,138.0,124.0
13936,267.0,266.0,151.0,139.0
13937,236.0,223.0,145.0,148.0
13938,258.0,62.0,142.0,144.0
13939,262.0,79.0,165.0,154.0
13940,245.0,96.0,132.0,131.0
13941,259.0,251.0,150.0,152.0
13942,252.0,220.0,144.0,149.0
13943,260.0,228.0,139.0,144.0
13944,279.0,192.0,152.0,159.0
13945,245.0,118.0,128.0,145.0
13946,258.0,226.0,161.0,156.0
13947,219.0,208.0,132.0,130.0
13948,262.0,251.0,148.0,151.0
13949,271.0,226.0,146.0,159.0
13950,250.0,205.0,146.0,142.0
13951,257.0,90.0,151.0,151.0
13952,233.0,137.0,145.0,127.0
13953,243.0,213.0,143.0,134.0
13954,233.0,87.0,133.0,140.0
13955,241.0,207.0,125.0,139.0
13956,260.0,247.0,137.0,148.0
13957,246.0,216.0,141.0,138.0
13958,261.0,118.0,153.0,142.0
13959,251.0,160.0,151.0,141.0
13960,232.0,215.0,131.0,133.0
13961,245.0,128.0,120.0,141.0
13962,252.0,125.0,143.0,155.0
13963,263.0,103.0,150.0,156.0
13964,235.0,139.0,128.0,116.0
13965,254.0,226.0,144.0,136.0
13966,238.0,203.0,112.0,134.0
13967,257.0,210.0,148.0,149.0
13968,234.0,114.0,136.0,119.0
13969,260.0,99.0,158.0,150.0
13970,245.0,74.0,128.0,137.0
13971,266.0,261.0,155.0,151.0
13972,270.0,241.0,140.0,153.0
13973,260.0,113.0,143.0,147.0
13974,231.0,223.0,125.0,125.0
13975,255.0,223.0,137.0,139.0
13976,238.0,209.0,120.0,149.0
13977,261.0,107.0,141.0,147.0
13978,230.0,204.0,123.0,138.0
13979,253.0,218.0,144.0,148.0
13980,233.0,104.0,127.0,125.0
13981,240.0,138.0,119.0,126.0
13982,258.0,216.0,143.0,156.0
13983,245.0,136.0,138.0,144.0
13984,240.0,103.0,144.0,137.0
13985,249.0,127.0,137.0,138.0
13986,231.0,130.0,128.0,133.0
13987,279.0,166.0,154.0,151.0
13988,258.0,155.0,136.0,148.0
13989,268.0,139.0,148.0,164.0
13990,261.0,103.0,139.0,154.0
13991,268.0,127.0,160.0,151.0
13992,239.0,112.0,129.0,139.0
13993,252.0,92.0,133.0,133.0
13994,261.0,219.0,141.0,165.0
13995,223.0,112.0,121.0,127.0
13996,272.0,165.0,135.0,174.0
13997,240.0,102.0,149.0,131.0
13998,239.0,98.0,145.0,128.0
13999,268.0,187.0,141.0,157.0
14000,234.0,59.0,121.0,132.0
14001,245.0,80.0,148.0,143.0
14002,234.0,210.0,127.0,132.0
14003,276.0,114.0,155.0,155.0
14004,242.0,236.0,138.0,140.0
14005,250.0,50.0,144.0,131.0
14006,254.0,120.0,132.0,134.0
14007,257.0,100.0,139.0,141.0
14008,261.0,232.0,126.0,150.0
14009,263.0,124.0,154.0,137.0
14010,261.0,108.0,146.0,137.0
14011,268.0,234.0,146.0,142.0
14012,241.0,94.0,134.0,140.0
14013,248.0,67.0,126.0,140.0
14014,237.0,202.0,137.0,142.0
14015,290.0,116.0,148.0,162.0
14016,246.0,215.0,132.0,141.0
14017,281.0,233.0,152.0,144.0
14018,244.0,126.0,132.0,138.0
14019,253.0,230.0,136.0,153.0
14020,255.0,102.0,131.0,132.0
14021,252.0,230.0,147.0,138.0
14022,257.0,247.0,153.0,142.0
14023,262.0,135.0,171.0,153.0
14024,277.0,129.0,142.0,166.0
14025,251.0,118.0,138.0,132.0
14026,259.0,107.0,148.0,146.0
14027,253.0,95.0,139.0,148.0
14028,230.0,199.0,134.0,125.0
14029,238.0,97.0,156.0,131.0
14030,261.0,251.0,155.0,141.0
14031,271.0,232.0,142.0,148.0
14032,236.0,145.0,117.0,136.0
14033,237.0,115.0,132.0,128.0
14034,250.0,203.0,143.0,150.0
14035,254.0,91.0,141.0,155.0
14036,250.0,60.0,144.0,137.0
14037,270.0,125.0,152.0,143.0
14038,220.0,198.0,112.0,118.0
14039,250.0,68.0,134.0,138.0
14040,230.0,107.0,121.0,118.0
14041,249.0,105.0,116.0,148.0
14042,245.0,208.0,144.0,143.0
14043,237.0,107.0,127.0,133.0
14044,246.0,101.0,119.0,143.0
14045,252.0,215.0,133.0,133.0
14046,262.0,118.0,152.0,152.0
14047,235.0,105.0,135.0,137.0
14048,250.0,115.0,140.0,145.0
14049,254.0,96.0,144.0,142.0
14050,275.0,104.0,167.0,142.0
14051,267.0,238.0,140.0,142.0
14052,273.0,93.0,152.0,145.0
14053,242.0,197.0,128.0,141.0
14054,248.0,81.0,146.0,148.0
14055,264.0,157.0,142.0,144.0
14056,265.0,103.0,156.0,153.0
14057,260.0,225.0,143.0,146.0
14058,253.0,146.0,144.0,152.0
14059,250.0,165.0,140.0,147.0
14060,236.0,195.0,149.0,124.0
14061,220.0,216.0,130.0,122.0
14062,255.0,123.0,145.0,143.0
14063,253.0,87.0,144.0,137.0
14064,245.0,135.0,145.0,140.0
14065,251.0,86.0,130.0,148.0
14066,254.0,217.0,140.0,149.0
14067,281.0,126.0,162.0,145.0
14068,261.0,148.0,151.0,149.0
14069,220.0,107.0,130.0,130.0
14070,235.0,104.0,127.0,136.0
14071,264.0,82.0,153.0,161.0
14072,268.0,114.0,147.0,161.0
14073,262.0,143.0,123.0,151.0
14074,262.0,235.0,144.0,143.0
14075,245.0,115.0,134.0,144.0
14076,249.0,232.0,140.0,141.0
14077,259.0,110.0,155.0,151.0
14078,244.0,139.0,141.0,153.0
14079,251.0,96.0,140.0,149.0
14080,237.0,114.0,141.0,132.0
14081,243.0,97.0,141.0,132.0
14082,245.0,84.0,138.0,138.0
14083,261.0,231.0,171.0,152.0
14084,256.0,114.0,147.0,144.0
14085,257.0,108.0,138.0,139.0
14086,256.0,78.0,154.0,132.0
14087,241.0,197.0,142.0,128.0
14088,248.0,211.0,147.0,139.0
14089,246.0,125.0,144.0,127.0
14090,259.0,94.0,140.0,160.0
14091,233.0,201.0,122.0,123.0
14092,237.0,165.0,111.0,132.0
14093,279.0,260.0,169.0,136.0
14094,236.0,156.0,129.0,128.0
14095,239.0,100.0,140.0,147.0
14096,250.0,227.0,155.0,152.0
14097,270.0,205.0,164.0,159.0
14098,260.0,111.0,154.0,142.0
14099,253.0,133.0,162.0,138.0
14100,274.0,218.0,166.0,151.0
14101,243.0,152.0,133.0,122.0
14102,273.0,264.0,142.0,159.0
14103,251.0,130.0,136.0,137.0
14104,260.0,223.0,148.0,154.0
14105,255.0,128.0,137.0,142.0
14106,274.0,246.0,155.0,163.0
14107,244.0,218.0,128.0,139.0
14108,255.0,101.0,143.0,136.0
14109,252.0,74.0,134.0,133.0
14110,238.0,88.0,129.0,133.0
14111,249.0,100.0,142.0,148.0
14112,251.0,122.0,142.0,143.0
14113,265.0,82.0,157.0,152.0
14114,237.0,134.0,122.0,142.0
14115,250.0,149.0,139.0,127.0
14116,226.0,186.0,123.0,126.0
14117,246.0,88.0,136.0,139.0
14118,270.0,244.0,147.0,157.0
14119,249.0,92.0,151.0,145.0
14120,223.0,128.0,119.0,129.0
14121,240.0,207.0,133.0,136.0
14122,267.0,99.0,157.0,146.0
14123,257.0,113.0,148.0,141.0
14124,262.0,260.0,159.0,150.0
14125,263.0,71.0,164.0,151.0
14126,248.0,248.0,150.0,141.0
14127,254.0,156.0,133.0,143.0
14128,260.0,112.0,140.0,145.0
14129,219.0,73.0,129.0,114.0
14130,252.0,87.0,127.0,138.0
14131,235.0,119.0,131.0,134.0
14132,251.0,180.0,133.0,139.0
14133,258.0,132.0,145.0,148.0
14134,261.0,224.0,144.0,153.0
14135,262.0,218.0,137.0,156.0
14136,241.0,117.0,126.0,145.0
14137,239.0,202.0,138.0,125.0
14138,212.0,192.0,112.0,119.0
14139,260.0,164.0,129.0,140.0
14140,265.0,80.0,147.0,151.0
14141,243.0,205.0,143.0,136.0
14142,259.0,124.0,154.0,142.0
14143,216.0,94.0,128.0,116.0
14144,247.0,90.0,143.0,146.0
14145,235.0,234.0,139.0,136.0
14146,265.0,230.0,146.0,161.0
14147,238.0,228.0,127.0,134.0
14148,235.0,225.0,136.0,130.0
14149,264.0,139.0,144.0,147.0
14150,255.0,73.0,133.0,139.0
14151,255.0,128.0,129.0,136.0
14152,261.0,113.0,134.0,147.0
14153,263.0,95.0,147.0,157.0
14154,245.0,213.0,146.0,144.0
14155,238.0,215.0,134.0,140.0
14156,239.0,100.0,129.0,128.0
14157,257.0,75.0,153.0,152.0
14158,272.0,125.0,165.0,146.0
14159,277.0,237.0,156.0,148.0
14160,232.0,219.0,144.0,121.0
14161,268.0,233.0,146.0,134.0
14162,268.0,101.0,147.0,171.0
14163,233.0,121.0,129.0,137.0
14164,242.0,129.0,145.0,137.0
14165,242.0,188.0,141.0,138.0
14166,262.0,120.0,138.0,155.0
14167,258.0,135.0,138.0,153.0
14168,247.0,66.0,150.0,134.0
14169,269.0,101.0,131.0,144.0
14170,255.0,171.0,133.0,141.0
14171,238.0,91.0,141.0,160.0
14172,253.0,223.0,146.0,143.0
14173,242.0,93.0,137.0,143.0
14174,262.0,109.0,165.0,144.0
14175,260.0,256.0,152.0,144.0
14176,262.0,147.0,143.0,148.0
14177,237.0,194.0,134.0,151.0
14178,259.0,91.0,157.0,141.0
14179,248.0,103.0,135.0,127.0
14180,252.0,116.0,147.0,132.0
14181,275.0,189.0,162.0,163.0
14182,235.0,129.0,138.0,128.0
14183,264.0,229.0,150.0,150.0
14184,249.0,62.0,125.0,138.0
14185,236.0,194.0,150.0,122.0
14186,256.0,101.0,143.0,158.0
14187,254.0,132.0,133.0,145.0
14188,263.0,137.0,151.0,146.0
14189,244.0,130.0,134.0,159.0
14190,256.0,121.0,143.0,151.0
14191,251.0,112.0,141.0,144.0
14192,239.0,88.0,123.0,141.0
14193,220.0,92.0,135.0,134.0
14194,251.0,101.0,140.0,135.0
14195,258.0,150.0,147.0,147.0
14196,230.0,183.0,141.0,139.0
14197,252.0,149.0,149.0,161.0
14198,253.0,121.0,142.0,149.0
14199,256.0,123.0,150.0,140.0
14200,281.0,157.0,150.0,166.0
14201,253.0,246.0,142.0,146.0
14202,254.0,110.0,145.0,143.0
14203,228.0,140.0,128.0,116.0
14204,249.0,82.0,152.0,135.0
14205,239.0,92.0,148.0,137.0
14206,254.0,168.0,144.0,149.0
14207,272.0,177.0,150.0,165.0
14208,234.0,203.0,123.0,117.0
14209,232.0,231.0,127.0,136.0
14210,263.0,90.0,165.0,154.0
14211,228.0,135.0,131.0,129.0
14212,250.0,129.0,133.0,141.0
14213,249.0,239.0,142.0,137.0
14214,263.0,123.0,160.0,152.0
14215,228.0,53.0,126.0,128.0
14216,260.0,107.0,146.0,144.0
14217,251.0,116.0,123.0,142.0
14218,249.0,96.0,146.0,136.0
14219,258.0,126.0,146.0,145.0
14220,246.0,206.0,149.0,128.0
14221,246.0,206.0,151.0,125.0
14222,255.0,95.0,145.0,132.0
14223,251.0,227.0,131.0,130.0
14224,236.0,215.0,132.0,146.0
14225,245.0,221.0,134.0,139.0
14226,253.0,203.0,131.0,139.0
14227,259.0,150.0,126.0,149.0
14228,271.0,242.0,159.0,156.0
14229,241.0,210.0,133.0,127.0
14230,249.0,215.0,153.0,128.0
14231,250.0,98.0,153.0,152.0
14232,255.0,99.0,142.0,150.0
14233,264.0,100.0,142.0,152.0
14234,244.0,179.0,136.0,129.0
14235,265.0,232.0,162.0,147.0
14236,308.0,135.0,175.0,172.0
14237,233.0,95.0,130.0,132.0
14238,263.0,105.0,153.0,151.0
14239,238.0,168.0,142.0,150.0
14240,264.0,253.0,138.0,140.0
14241,241.0,201.0,128.0,138.0
14242,241.0,133.0,126.0,136.0
14243,253.0,210.0,139.0,146.0
14244,242.0,73.0,129.0,140.0
14245,253.0,223.0,138.0,156.0
14246,230.0,110.0,133.0,129.0
14247,250.0,145.0,117.0,127.0
14248,254.0,86.0,138.0,142.0
14249,254.0,104.0,136.0,148.0
14250,247.0,238.0,142.0,146.0
14251,280.0,102.0,143.0,157.0
14252,231.0,102.0,133.0,128.0
14253,247.0,110.0,129.0,141.0
14254,235.0,107.0,125.0,132.0
14255,240.0,100.0,110.0,150.0
14256,264.0,115.0,154.0,145.0
14257,233.0,122.0,129.0,127.0
14258,238.0,82.0,134.0,128.0
14259,233.0,95.0,136.0,137.0
14260,243.0,111.0,136.0,126.0
14261,257.0,153.0,127.0,156.0
14262,262.0,87.0,153.0,149.0
14263,237.0,84.0,133.0,137.0
14264,260.0,161.0,136.0,148.0
14265,239.0,89.0,123.0,138.0
14266,224.0,109.0,127.0,123.0
14267,269.0,82.0,148.0,148.0
14268,261.0,93.0,160.0,150.0
14269,235.0,212.0,138.0,128.0
14270,254.0,228.0,139.0,139.0
14271,259.0,105.0,145.0,147.0
14272,243.0,66.0,138.0,123.0
14273,270.0,96.0,151.0,131.0
14274,245.0,207.0,129.0,140.0
14275,234.0,111.0,123.0,122.0
14276,291.0,122.0,152.0,169.0
14277,242.0,114.0,147.0,127.0
14278,228.0,100.0,129.0,131.0
14279,280.0,233.0,166.0,159.0
14280,284.0,61.0,162.0,176.0
14281,272.0,69.0,153.0,159.0
14282,242.0,212.0,143.0,135.0
14283,247.0,186.0,138.0,145.0
14284,259.0,145.0,147.0,145.0
14285,228.0,141.0,118.0,122.0
14286,230.0,117.0,138.0,115.0
14287,230.0,121.0,130.0,128.0
14288,266.0,234.0,150.0,151.0
14289,263.0,119.0,139.0,151.0
14290,273.0,236.0,156.0,157.0
14291,257.0,152.0,152.0,153.0
14292,228.0,144.0,120.0,115.0
14293,261.0,88.0,152.0,154.0
14294,259.0,239.0,154.0,147.0
14295,230.0,95.0,133.0,123.0
14296,262.0,240.0,150.0,137.0
14297,243.0,212.0,128.0,140.0
14298,264.0,234.0,143.0,155.0
14299,256.0,87.0,142.0,138.0
14300,250.0,208.0,139.0,131.0
14301,270.0,250.0,142.0,151.0
14302,257.0,226.0,153.0,144.0
14303,245.0,113.0,137.0,132.0
14304,243.0,74.0,145.0,124.0
14305,235.0,124.0,125.0,123.0
14306,240.0,104.0,125.0,136.0
14307,243.0,236.0,148.0,149.0
14308,238.0,109.0,128.0,140.0
14309,248.0,202.0,136.0,145.0
14310,246.0,143.0,136.0,130.0
14311,224.0,101.0,119.0,131.0
14312,239.0,101.0,138.0,142.0
14313,241.0,206.0,145.0,113.0
14314,230.0,226.0,137.0,134.0
14315,237.0,119.0,132.0,126.0
14316,237.0,93.0,138.0,131.0
14317,247.0,196.0,146.0,138.0
14318,264.0,118.0,152.0,147.0
14319,242.0,106.0,116.0,137.0
14320,261.0,210.0,139.0,149.0
14321,254.0,72.0,145.0,151.0
14322,248.0,107.0,142.0,132.0
14323,244.0,81.0,142.0,135.0
14324,261.0,93.0,131.0,139.0
14325,266.0,86.0,157.0,143.0
14326,248.0,218.0,139.0,134.0
14327,241.0,120.0,158.0,129.0
14328,264.0,237.0,149.0,144.0
14329,242.0,135.0,141.0,139.0
14330,247.0,153.0,137.0,135.0
14331,215.0,169.0,111.0,123.0
14332,255.0,214.0,143.0,154.0
14333,238.0,132.0,133.0,139.0
14334,243.0,102.0,141.0,141.0
14335,260.0,259.0,151.0,145.0
14336,279.0,117.0,152.0,148.0
14337,243.0,198.0,123.0,145.0
14338,273.0,228.0,151.0,162.0
14339,260.0,113.0,155.0,146.0
14340,259.0,115.0,149.0,159.0
14341,266.0,101.0,148.0,145.0
14342,256.0,124.0,149.0,138.0
14343,238.0,212.0,131.0,138.0
14344,257.0,234.0,136.0,159.0
14345,262.0,239.0,135.0,149.0
14346,256.0,114.0,146.0,146.0
14347,235.0,203.0,125.0,129.0
14348,257.0,146.0,152.0,155.0
14349,225.0,81.0,126.0,129.0
14350,216.0,123.0,120.0,120.0
14351,258.0,90.0,137.0,122.0
14352,234.0,85.0,128.0,132.0
14353,250.0,124.0,148.0,140.0
14354,250.0,124.0,148.0,141.0
14355,238.0,119.0,148.0,139.0
14356,282.0,108.0,144.0,156.0
14357,245.0,235.0,145.0,129.0
14358,263.0,141.0,131.0,145.0
14359,234.0,132.0,122.0,123.0
14360,251.0,110.0,145.0,132.0
14361,250.0,87.0,128.0,140.0
14362,259.0,224.0,156.0,143.0
14363,233.0,209.0,125.0,132.0
14364,235.0,123.0,126.0,133.0
14365,301.0,139.0,165.0,173.0
14366,266.0,212.0,165.0,143.0
14367,264.0,125.0,144.0,139.0
14368,264.0,130.0,144.0,132.0
14369,236.0,151.0,136.0,131.0
14370,234.0,90.0,142.0,135.0
14371,265.0,63.0,147.0,130.0
14372,249.0,73.0,132.0,137.0
14373,244.0,196.0,149.0,127.0
14374,241.0,111.0,109.0,136.0
14375,256.0,121.0,130.0,138.0
14376,250.0,105.0,128.0,146.0
14377,260.0,229.0,143.0,143.0
14378,266.0,221.0,149.0,157.0
14379,259.0,151.0,155.0,139.0
14380,237.0,92.0,135.0,138.0
14381,235.0,211.0,128.0,121.0
14382,241.0,104.0,137.0,139.0
14383,241.0,90.0,127.0,141.0
14384,259.0,120.0,139.0,135.0
14385,254.0,232.0,137.0,140.0
14386,235.0,68.0,143.0,129.0
14387,278.0,119.0,151.0,143.0
14388,274.0,250.0,161.0,165.0
14389,217.0,81.0,142.0,105.0
14390,264.0,230.0,152.0,163.0
14391,269.0,236.0,138.0,158.0
14392,256.0,99.0,159.0,143.0
14393,238.0,99.0,125.0,134.0
14394,228.0,91.0,137.0,128.0
14395,268.0,132.0,151.0,143.0
14396,267.0,116.0,142.0,142.0
14397,246.0,225.0,132.0,155.0
14398,265.0,92.0,143.0,149.0
14399,245.0,111.0,140.0,120.0
14400,255.0,126.0,147.0,148.0
14401,258.0,99.0,144.0,129.0
14402,243.0,213.0,132.0,147.0
14403,257.0,227.0,140.0,156.0
14404,272.0,245.0,145.0,162.0
14405,262.0,235.0,139.0,153.0
14406,246.0,213.0,133.0,139.0
14407,240.0,52.0,129.0,121.0
14408,260.0,181.0,139.0,146.0
14409,228.0,105.0,121.0,113.0
14410,255.0,58.0,156.0,128.0
14411,245.0,108.0,112.0,118.0
14412,229.0,120.0,116.0,124.0
14413,244.0,234.0,146.0,132.0
14414,261.0,184.0,146.0,167.0
14415,211.0,209.0,118.0,117.0
14416,250.0,211.0,141.0,153.0
14417,263.0,127.0,147.0,140.0
14418,269.0,136.0,155.0,141.0
14419,254.0,120.0,145.0,138.0
14420,257.0,215.0,141.0,153.0
14421,254.0,216.0,161.0,140.0
14422,259.0,109.0,154.0,141.0
14423,235.0,111.0,112.0,129.0
14424,270.0,249.0,140.0,148.0
14425,267.0,209.0,151.0,142.0
14426,266.0,156.0,144.0,157.0
14427,269.0,94.0,140.0,150.0
14428,275.0,108.0,153.0,156.0
14429,237.0,191.0,126.0,140.0
14430,241.0,67.0,140.0,134.0
14431,233.0,126.0,124.0,123.0
14432,251.0,172.0,146.0,150.0
14433,251.0,125.0,133.0,138.0
14434,231.0,71.0,131.0,133.0
14435,230.0,49.0,131.0,120.0
14436,272.0,151.0,139.0,150.0
14437,234.0,202.0,143.0,127.0
14438,268.0,151.0,150.0,149.0
14439,231.0,192.0,132.0,128.0
14440,259.0,106.0,145.0,147.0
14441,252.0,223.0,144.0,144.0
14442,261.0,148.0,159.0,147.0
14443,256.0,174.0,140.0,143.0
14444,245.0,106.0,127.0,130.0
14445,242.0,77.0,135.0,134.0
14446,253.0,155.0,147.0,141.0
14447,267.0,222.0,152.0,142.0
14448,247.0,212.0,162.0,149.0
14449,243.0,201.0,143.0,139.0
14450,244.0,211.0,153.0,131.0
14451,238.0,110.0,122.0,127.0
14452,259.0,126.0,152.0,158.0
14453,285.0,86.0,164.0,143.0
14454,240.0,97.0,122.0,129.0
14455,269.0,76.0,138.0,145.0
14456,247.0,128.0,119.0,136.0
14457,270.0,112.0,148.0,151.0
14458,258.0,123.0,154.0,156.0
14459,231.0,119.0,136.0,126.0
14460,258.0,146.0,150.0,140.0
14461,240.0,230.0,149.0,138.0
14462,263.0,106.0,145.0,147.0
14463,224.0,84.0,126.0,129.0
14464,258.0,115.0,138.0,140.0
14465,246.0,65.0,140.0,146.0
14466,258.0,162.0,150.0,149.0
14467,217.0,148.0,122.0,133.0
14468,228.0,207.0,121.0,118.0
14469,213.0,56.0,107.0,124.0
14470,239.0,119.0,140.0,135.0
14471,224.0,122.0,116.0,122.0
14472,251.0,109.0,144.0,153.0
14473,273.0,234.0,159.0,165.0
14474,283.0,83.0,161.0,164.0
14475,240.0,229.0,140.0,137.0
14476,239.0,200.0,120.0,132.0
14477,253.0,122.0,133.0,144.0
14478,239.0,110.0,132.0,131.0
14479,257.0,141.0,144.0,137.0
14480,270.0,249.0,155.0,157.0
14481,254.0,228.0,137.0,153.0
14482,256.0,228.0,149.0,154.0
14483,231.0,120.0,144.0,106.0
14484,255.0,148.0,128.0,146.0
14485,260.0,176.0,150.0,147.0
14486,258.0,221.0,152.0,142.0
14487,254.0,235.0,147.0,141.0
14488,266.0,105.0,146.0,158.0
14489,250.0,205.0,136.0,139.0
14490,251.0,227.0,142.0,140.0
14491,238.0,101.0,133.0,128.0
14492,246.0,206.0,139.0,138.0
14493,243.0,221.0,144.0,144.0
14494,236.0,209.0,122.0,131.0
14495,277.0,102.0,151.0,162.0
14496,240.0,111.0,142.0,142.0
14497,260.0,137.0,149.0,140.0
14498,275.0,268.0,168.0,155.0
14499,234.0,93.0,128.0,124.0
14500,242.0,109.0,135.0,145.0
14501,267.0,220.0,156.0,140.0
14502,235.0,129.0,106.0,131.0
14503,243.0,137.0,140.0,137.0
14504,223.0,81.0,142.0,118.0
14505,257.0,246.0,139.0,144.0
14506,263.0,220.0,137.0,149.0
14507,254.0,139.0,141.0,152.0
14508,276.0,166.0,151.0,149.0
14509,231.0,78.0,127.0,135.0
14510,244.0,128.0,148.0,138.0
14511,246.0,211.0,141.0,135.0
14512,242.0,120.0,121.0,151.0
14513,262.0,148.0,140.0,143.0
14514,254.0,108.0,141.0,149.0
14515,263.0,110.0,148.0,163.0
14516,253.0,241.0,150.0,151.0
14517,248.0,134.0,122.0,138.0
14518,263.0,231.0,155.0,151.0
14519,234.0,167.0,130.0,127.0
14520,261.0,252.0,151.0,142.0
14521,247.0,218.0,137.0,126.0
14522,267.0,80.0,148.0,155.0
14523,238.0,140.0,142.0,137.0
14524,241.0,105.0,144.0,139.0
14525,242.0,86.0,142.0,140.0
14526,258.0,101.0,140.0,156.0
14527,261.0,112.0,143.0,151.0
14528,237.0,110.0,129.0,124.0
14529,258.0,166.0,152.0,143.0
14530,254.0,233.0,132.0,135.0
14531,279.0,128.0,157.0,154.0
14532,236.0,95.0,124.0,125.0
14533,237.0,94.0,120.0,140.0
14534,232.0,67.0,138.0,126.0
14535,248.0,87.0,134.0,134.0
14536,296.0,251.0,160.0,170.0
14537,240.0,133.0,141.0,141.0
14538,252.0,212.0,136.0,135.0
14539,249.0,98.0,124.0,147.0
14540,257.0,120.0,144.0,139.0
14541,273.0,120.0,164.0,148.0
14542,231.0,202.0,122.0,127.0
14543,278.0,97.0,140.0,151.0
14544,248.0,138.0,151.0,131.0
14545,249.0,81.0,146.0,130.0
14546,254.0,160.0,148.0,144.0
14547,263.0,140.0,145.0,154.0
14548,241.0,100.0,140.0,131.0
14549,264.0,88.0,137.0,139.0
14550,249.0,134.0,138.0,128.0
14551,246.0,118.0,151.0,143.0
14552,273.0,133.0,147.0,144.0
14553,244.0,237.0,143.0,131.0
14554,276.0,230.0,161.0,169.0
14555,263.0,78.0,139.0,158.0
14556,240.0,165.0,144.0,135.0
14557,257.0,108.0,144.0,145.0
14558,264.0,71.0,146.0,145.0
14559,238.0,202.0,140.0,145.0
14560,234.0,119.0,144.0,130.0
14561,257.0,138.0,155.0,154.0
14562,234.0,195.0,133.0,139.0
14563,241.0,202.0,128.0,129.0
14564,251.0,105.0,148.0,145.0
14565,260.0,113.0,145.0,144.0
14566,255.0,121.0,142.0,147.0
14567,267.0,102.0,144.0,160.0
14568,243.0,208.0,120.0,137.0
14569,227.0,192.0,116.0,124.0
14570,256.0,106.0,148.0,139.0
14571,246.0,84.0,133.0,141.0
14572,254.0,230.0,147.0,135.0
14573,266.0,259.0,142.0,153.0
14574,245.0,115.0,143.0,135.0
14575,242.0,93.0,113.0,140.0
14576,242.0,117.0,124.0,130.0
14577,246.0,99.0,157.0,142.0
14578,240.0,63.0,139.0,123.0
14579,250.0,101.0,150.0,149.0
14580,240.0,238.0,138.0,127.0
14581,245.0,226.0,147.0,141.0
14582,238.0,63.0,125.0,122.0
14583,244.0,101.0,140.0,125.0
14584,237.0,159.0,130.0,131.0
14585,269.0,150.0,158.0,147.0
14586,246.0,102.0,139.0,135.0
14587,238.0,104.0,117.0,124.0
14588,257.0,211.0,154.0,143.0
14589,281.0,93.0,175.0,151.0
14590,241.0,173.0,142.0,130.0
14591,253.0,170.0,137.0,140.0
14592,239.0,150.0,121.0,126.0
14593,233.0,114.0,138.0,116.0
14594,256.0,92.0,143.0,143.0
14595,239.0,150.0,134.0,133.0
14596,231.0,127.0,122.0,128.0
14597,250.0,84.0,146.0,152.0
14598,237.0,93.0,139.0,146.0
14599,255.0,125.0,130.0,145.0
14600,252.0,110.0,138.0,143.0
14601,250.0,145.0,132.0,144.0
14602,233.0,88.0,122.0,134.0
14603,257.0,126.0,137.0,144.0
14604,235.0,201.0,128.0,136.0
14605,266.0,138.0,146.0,145.0
14606,253.0,211.0,156.0,126.0
14607,264.0,252.0,154.0,157.0
14608,250.0,238.0,147.0,140.0
14609,232.0,107.0,134.0,127.0
14610,239.0,108.0,135.0,125.0
14611,229.0,174.0,125.0,123.0
14612,254.0,121.0,148.0,146.0
14613,246.0,112.0,135.0,142.0
14614,257.0,102.0,132.0,142.0
14615,256.0,122.0,153.0,146.0
14616,242.0,203.0,143.0,132.0
14617,243.0,207.0,143.0,142.0
14618,223.0,125.0,132.0,135.0
14619,268.0,100.0,133.0,148.0
14620,268.0,152.0,159.0,147.0
14621,241.0,79.0,124.0,118.0
14622,253.0,202.0,128.0,147.0
14623,247.0,92.0,147.0,139.0
14624,264.0,222.0,148.0,146.0
14625,243.0,203.0,130.0,141.0
14626,240.0,207.0,156.0,145.0
14627,262.0,57.0,139.0,148.0
14628,221.0,132.0,129.0,127.0
14629,268.0,178.0,143.0,148.0
14630,257.0,252.0,136.0,143.0
14631,243.0,103.0,127.0,130.0
14632,247.0,141.0,132.0,158.0
14633,248.0,126.0,143.0,134.0
14634,246.0,210.0,137.0,143.0
14635,263.0,241.0,169.0,143.0
14636,266.0,101.0,138.0,147.0
14637,248.0,215.0,142.0,125.0
14638,257.0,61.0,148.0,135.0
14639,261.0,220.0,146.0,157.0
14640,284.0,170.0,154.0,154.0
14641,260.0,69.0,131.0,153.0
14642,236.0,204.0,116.0,129.0
14643,259.0,152.0,144.0,144.0
14644,258.0,224.0,138.0,142.0
14645,256.0,185.0,125.0,151.0
14646,242.0,175.0,135.0,136.0
14647,240.0,95.0,133.0,116.0
14648,269.0,218.0,156.0,154.0
14649,232.0,82.0,136.0,137.0
14650,250.0,148.0,140.0,164.0
14651,250.0,114.0,139.0,145.0
14652,257.0,93.0,143.0,152.0
14653,244.0,142.0,135.0,141.0
14654,263.0,227.0,131.0,156.0
14655,266.0,230.0,144.0,154.0
14656,254.0,88.0,142.0,139.0
14657,247.0,234.0,141.0,138.0
14658,255.0,82.0,142.0,147.0
14659,269.0,138.0,156.0,144.0
14660,244.0,214.0,144.0,139.0
14661,271.0,168.0,150.0,135.0
14662,261.0,153.0,146.0,153.0
14663,257.0,139.0,129.0,131.0
14664,264.0,178.0,151.0,146.0
14665,249.0,141.0,153.0,127.0
14666,257.0,114.0,138.0,135.0
14667,247.0,50.0,135.0,149.0
14668,239.0,216.0,139.0,128.0
14669,245.0,119.0,139.0,147.0
14670,253.0,219.0,137.0,151.0
14671,232.0,86.0,127.0,130.0
14672,257.0,256.0,134.0,154.0
14673,259.0,98.0,139.0,161.0
14674,247.0,215.0,130.0,143.0
14675,257.0,154.0,144.0,151.0
14676,239.0,144.0,131.0,130.0
14677,270.0,99.0,158.0,154.0
14678,230.0,93.0,131.0,133.0
14679,253.0,117.0,145.0,135.0
14680,242.0,110.0,140.0,142.0
14681,231.0,82.0,124.0,125.0
14682,253.0,132.0,140.0,131.0
14683,255.0,142.0,142.0,132.0
14684,248.0,167.0,145.0,133.0
14685,243.0,239.0,134.0,140.0
14686,229.0,119.0,125.0,143.0
14687,253.0,225.0,128.0,142.0
14688,269.0,135.0,163.0,147.0
14689,241.0,101.0,112.0,136.0
14690,248.0,178.0,141.0,150.0
14691,263.0,217.0,139.0,139.0
14692,264.0,218.0,143.0,154.0
14693,244.0,215.0,135.0,160.0
14694,232.0,210.0,121.0,132.0
14695,243.0,62.0,120.0,121.0
14696,253.0,125.0,137.0,143.0
14697,237.0,193.0,146.0,127.0
14698,244.0,133.0,136.0,123.0
14699,267.0,221.0,146.0,153.0
14700,258.0,228.0,135.0,146.0
14701,250.0,91.0,122.0,138.0
14702,251.0,119.0,145.0,140.0
14703,258.0,110.0,149.0,138.0
14704,252.0,108.0,135.0,140.0
14705,237.0,110.0,129.0,152.0
14706,241.0,146.0,133.0,151.0
14707,285.0,241.0,173.0,161.0
14708,274.0,234.0,157.0,160.0
14709,245.0,96.0,134.0,137.0
14710,254.0,225.0,148.0,155.0
14711,244.0,211.0,150.0,126.0
14712,236.0,163.0,136.0,134.0
14713,235.0,96.0,127.0,140.0
14714,255.0,178.0,128.0,140.0
14715,257.0,208.0,143.0,161.0
14716,251.0,91.0,141.0,131.0
14717,261.0,79.0,135.0,146.0
14718,260.0,223.0,142.0,145.0
14719,262.0,224.0,135.0,129.0
14720,268.0,79.0,138.0,157.0
14721,253.0,152.0,147.0,147.0
14722,263.0,131.0,141.0,138.0
14723,264.0,88.0,146.0,147.0
14724,242.0,115.0,152.0,124.0
14725,256.0,201.0,163.0,141.0
14726,248.0,241.0,138.0,139.0
14727,267.0,128.0,149.0,177.0
14728,283.0,124.0,169.0,166.0
14729,280.0,245.0,162.0,155.0
14730,243.0,202.0,142.0,142.0
14731,275.0,127.0,146.0,161.0
14732,238.0,229.0,128.0,136.0
14733,246.0,119.0,126.0,129.0
14734,261.0,142.0,153.0,140.0
14735,248.0,92.0,127.0,124.0
14736,254.0,217.0,144.0,147.0
14737,231.0,194.0,133.0,132.0
14738,244.0,206.0,131.0,130.0
14739,240.0,122.0,123.0,126.0
14740,264.0,134.0,135.0,140.0
14741,266.0,221.0,162.0,143.0
14742,257.0,227.0,147.0,152.0
14743,247.0,109.0,143.0,147.0
14744,239.0,93.0,137.0,135.0
14745,266.0,139.0,149.0,151.0
14746,239.0,107.0,126.0,148.0
14747,254.0,120.0,146.0,157.0
14748,239.0,98.0,113.0,141.0
14749,245.0,147.0,133.0,143.0
14750,217.0,46.0,125.0,118.0
14751,253.0,228.0,130.0,144.0
14752,226.0,80.0,119.0,132.0
14753,267.0,167.0,151.0,163.0
14754,231.0,113.0,133.0,133.0
14755,236.0,112.0,124.0,109.0
14756,238.0,107.0,137.0,139.0
14757,248.0,105.0,137.0,142.0
14758,251.0,102.0,147.0,149.0
14759,262.0,261.0,150.0,141.0
14760,266.0,108.0,150.0,145.0
14761,249.0,69.0,136.0,141.0
14762,246.0,60.0,135.0,121.0
14763,256.0,90.0,130.0,135.0
14764,250.0,129.0,156.0,134.0
14765,256.0,110.0,150.0,128.0
14766,267.0,104.0,149.0,154.0
14767,256.0,253.0,150.0,150.0
14768,286.0,283.0,160.0,176.0
14769,237.0,151.0,140.0,133.0
14770,258.0,141.0,161.0,149.0
14771,247.0,128.0,131.0,131.0
14772,238.0,164.0,127.0,134.0
14773,239.0,138.0,140.0,134.0
14774,242.0,108.0,137.0,141.0
14775,250.0,155.0,140.0,156.0
14776,238.0,166.0,146.0,142.0
14777,237.0,202.0,131.0,126.0
14778,242.0,78.0,129.0,124.0
14779,282.0,240.0,162.0,145.0
14780,268.0,79.0,156.0,160.0
14781,245.0,141.0,132.0,129.0
14782,235.0,92.0,134.0,137.0
14783,256.0,124.0,133.0,131.0
14784,243.0,77.0,136.0,136.0
14785,235.0,88.0,135.0,127.0
14786,239.0,129.0,134.0,138.0
14787,230.0,76.0,142.0,117.0
14788,239.0,153.0,129.0,125.0
14789,265.0,148.0,156.0,159.0
14790,241.0,121.0,134.0,136.0
14791,259.0,231.0,146.0,140.0
14792,258.0,157.0,143.0,144.0
14793,248.0,100.0,146.0,145.0
14794,256.0,87.0,140.0,157.0
14795,243.0,197.0,135.0,132.0
14796,258.0,190.0,149.0,148.0
14797,231.0,77.0,132.0,122.0
14798,235.0,94.0,122.0,118.0
14799,242.0,117.0,122.0,126.0
14800,238.0,102.0,128.0,134.0
14801,242.0,108.0,127.0,159.0
14802,258.0,78.0,147.0,152.0
14803,261.0,94.0,137.0,156.0
14804,222.0,82.0,125.0,117.0
14805,247.0,121.0,130.0,139.0
14806,251.0,217.0,147.0,135.0
14807,259.0,115.0,150.0,140.0
14808,252.0,208.0,140.0,132.0
14809,245.0,89.0,139.0,127.0
14810,265.0,121.0,144.0,160.0
14811,229.0,221.0,113.0,133.0
14812,257.0,116.0,139.0,133.0
14813,224.0,84.0,131.0,122.0
14814,263.0,98.0,151.0,145.0
14815,255.0,245.0,147.0,124.0
14816,263.0,176.0,145.0,146.0
14817,237.0,153.0,128.0,134.0
14818,232.0,140.0,122.0,128.0
14819,249.0,50.0,130.0,146.0
14820,254.0,158.0,146.0,156.0
14821,284.0,271.0,139.0,161.0
14822,270.0,234.0,144.0,144.0
14823,253.0,160.0,140.0,130.0
14824,253.0,227.0,147.0,147.0
14825,241.0,115.0,134.0,141.0
14826,267.0,152.0,142.0,146.0
14827,238.0,126.0,137.0,123.0
14828,233.0,131.0,126.0,122.0
14829,251.0,145.0,150.0,141.0
14830,246.0,115.0,135.0,144.0
14831,241.0,202.0,146.0,127.0
14832,235.0,196.0,134.0,128.0
14833,244.0,121.0,133.0,132.0
14834,242.0,196.0,133.0,141.0
14835,251.0,241.0,131.0,147.0
14836,250.0,127.0,145.0,156.0
14837,236.0,109.0,149.0,138.0
14838,227.0,67.0,134.0,118.0
14839,245.0,230.0,136.0,133.0
14840,244.0,217.0,147.0,141.0
14841,241.0,121.0,129.0,152.0
14842,235.0,131.0,152.0,134.0
14843,241.0,107.0,115.0,139.0
14844,263.0,89.0,143.0,152.0
14845,252.0,224.0,135.0,148.0
14846,248.0,98.0,142.0,141.0
14847,259.0,107.0,138.0,155.0
14848,235.0,201.0,145.0,122.0
14849,252.0,103.0,139.0,151.0
14850,240.0,125.0,137.0,145.0
14851,238.0,119.0,127.0,137.0
14852,269.0,257.0,134.0,142.0
14853,269.0,269.0,152.0,153.0
14854,243.0,242.0,147.0,138.0
14855,256.0,127.0,141.0,153.0
14856,273.0,135.0,149.0,162.0
14857,257.0,215.0,140.0,142.0
14858,252.0,93.0,148.0,146.0
14859,225.0,125.0,129.0,136.0
14860,254.0,151.0,153.0,147.0
14861,237.0,135.0,136.0,140.0
14862,260.0,136.0,159.0,140.0
14863,235.0,98.0,133.0,119.0
14864,232.0,70.0,125.0,140.0
14865,233.0,67.0,135.0,140.0
14866,257.0,65.0,144.0,153.0
14867,245.0,93.0,148.0,122.0
14868,243.0,203.0,133.0,138.0
14869,262.0,78.0,156.0,167.0
14870,250.0,95.0,132.0,125.0
14871,224.0,133.0,132.0,121.0
14872,252.0,218.0,155.0,151.0
14873,244.0,77.0,132.0,142.0
14874,253.0,223.0,136.0,158.0
14875,244.0,77.0,128.0,143.0
14876,264.0,107.0,157.0,154.0
14877,261.0,130.0,137.0,158.0
14878,220.0,103.0,116.0,122.0
14879,241.0,65.0,130.0,138.0
14880,261.0,234.0,151.0,134.0
14881,273.0,126.0,149.0,156.0
14882,265.0,95.0,133.0,158.0
14883,240.0,100.0,136.0,115.0
14884,251.0,107.0,140.0,147.0
14885,247.0,134.0,164.0,137.0
14886,284.0,140.0,162.0,169.0
14887,252.0,214.0,147.0,128.0
14888,250.0,130.0,137.0,132.0
14889,237.0,100.0,124.0,131.0
14890,251.0,153.0,140.0,130.0
14891,265.0,111.0,160.0,159.0
14892,238.0,87.0,142.0,136.0
14893,242.0,188.0,124.0,132.0
14894,266.0,91.0,159.0,144.0
14895,238.0,184.0,130.0,124.0
14896,256.0,223.0,149.0,150.0
14897,248.0,216.0,150.0,129.0
14898,258.0,116.0,154.0,149.0
14899,250.0,213.0,131.0,141.0
14900,246.0,242.0,136.0,142.0
14901,252.0,113.0,142.0,147.0
14902,229.0,96.0,129.0,138.0
14903,258.0,225.0,141.0,138.0
14904,273.0,88.0,150.0,133.0
14905,268.0,119.0,127.0,159.0
14906,251.0,230.0,133.0,138.0
14907,246.0,132.0,141.0,137.0
14908,257.0,67.0,154.0,155.0
14909,237.0,223.0,139.0,123.0
14910,268.0,100.0,160.0,139.0
14911,235.0,229.0,140.0,135.0
14912,238.0,187.0,136.0,133.0
14913,249.0,148.0,144.0,141.0
14914,256.0,101.0,155.0,139.0
14915,254.0,121.0,143.0,153.0
14916,250.0,226.0,137.0,129.0
14917,251.0,105.0,141.0,143.0
14918,244.0,203.0,138.0,145.0
14919,240.0,102.0,130.0,132.0
14920,236.0,157.0,133.0,134.0
14921,240.0,225.0,130.0,140.0
14922,231.0,96.0,129.0,124.0
14923,239.0,218.0,124.0,130.0
14924,261.0,121.0,132.0,147.0
14925,230.0,108.0,132.0,139.0
14926,256.0,115.0,146.0,148.0
14927,267.0,93.0,170.0,166.0
14928,255.0,110.0,157.0,133.0
14929,253.0,217.0,128.0,142.0
14930,232.0,107.0,131.0,124.0
14931,274.0,230.0,149.0,145.0
14932,232.0,98.0,134.0,134.0
14933,247.0,126.0,120.0,131.0
14934,266.0,217.0,136.0,141.0
14935,249.0,200.0,135.0,133.0
14936,230.0,205.0,126.0,119.0
14937,270.0,74.0,140.0,169.0
14938,258.0,74.0,161.0,145.0
14939,259.0,119.0,143.0,153.0
14940,242.0,205.0,143.0,137.0
14941,242.0,204.0,130.0,121.0
14942,254.0,105.0,138.0,147.0
14943,267.0,127.0,156.0,148.0
14944,263.0,226.0,150.0,145.0
14945,255.0,239.0,148.0,139.0
14946,237.0,208.0,137.0,127.0
14947,257.0,123.0,132.0,165.0
14948,279.0,132.0,144.0,143.0
14949,251.0,129.0,133.0,150.0
14950,237.0,97.0,127.0,119.0
14951,257.0,194.0,149.0,158.0
14952,242.0,206.0,150.0,126.0
14953,269.0,249.0,160.0,140.0
14954,232.0,91.0,122.0,127.0
14955,249.0,159.0,148.0,133.0
14956,257.0,97.0,137.0,158.0
14957,251.0,175.0,156.0,137.0
14958,269.0,244.0,144.0,146.0
14959,246.0,223.0,146.0,120.0
14960,233.0,189.0,136.0,124.0
14961,231.0,103.0,129.0,140.0
14962,238.0,209.0,128.0,148.0
14963,261.0,111.0,139.0,142.0
14964,223.0,54.0,132.0,130.0
14965,233.0,185.0,129.0,140.0
14966,268.0,240.0,151.0,143.0
14967,234.0,208.0,137.0,131.0
14968,251.0,110.0,139.0,148.0
14969,254.0,141.0,139.0,148.0
14970,255.0,82.0,129.0,155.0
14971,244.0,127.0,132.0,141.0
14972,228.0,99.0,131.0,120.0
14973,274.0,125.0,157.0,134.0
14974,248.0,105.0,149.0,134.0
14975,252.0,249.0,152.0,137.0
14976,236.0,103.0,126.0,135.0
14977,254.0,237.0,156.0,153.0
14978,242.0,81.0,142.0,129.0
14979,240.0,114.0,143.0,147.0
14980,252.0,135.0,132.0,140.0
14981,253.0,111.0,143.0,147.0
14982,259.0,248.0,146.0,147.0
14983,232.0,87.0,126.0,123.0
14984,274.0,253.0,155.0,149.0
14985,259.0,224.0,144.0,151.0
14986,250.0,113.0,135.0,139.0
14987,255.0,120.0,146.0,147.0
14988,247.0,100.0,145.0,133.0
14989,247.0,116.0,145.0,133.0
14990,270.0,143.0,161.0,159.0
14991,281.0,86.0,173.0,164.0
14992,248.0,139.0,132.0,147.0
14993,261.0,99.0,143.0,160.0
14994,262.0,133.0,148.0,138.0
14995,255.0,100.0,133.0,149.0
14996,241.0,109.0,139.0,140.0
14997,247.0,150.0,148.0,139.0
14998,251.0,95.0,136.0,134.0
14999,260.0,102.0,143.0,145.0
15000,241.0,109.0,127.0,123.0
15001,259.0,215.0,142.0,154.0
15002,259.0,231.0,161.0,142.0
15003,240.0,203.0,138.0,133.0
15004,299.0,141.0,172.0,179.0
15005,235.0,75.0,142.0,141.0
15006,268.0,261.0,140.0,163.0
15007,267.0,260.0,164.0,146.0
15008,264.0,225.0,149.0,153.0
15009,270.0,99.0,162.0,154.0
15010,265.0,131.0,146.0,152.0
15011,246.0,98.0,128.0,122.0
15012,246.0,73.0,133.0,139.0
15013,258.0,142.0,132.0,171.0
15014,237.0,114.0,124.0,135.0
15015,246.0,140.0,140.0,124.0
15016,245.0,215.0,134.0,124.0
15017,232.0,96.0,131.0,121.0
15018,251.0,141.0,144.0,144.0
15019,250.0,218.0,140.0,126.0
15020,267.0,129.0,160.0,143.0
15021,243.0,93.0,145.0,137.0
15022,249.0,118.0,138.0,135.0
15023,260.0,117.0,139.0,140.0
15024,239.0,90.0,141.0,145.0
15025,243.0,117.0,129.0,142.0
15026,262.0,140.0,142.0,145.0
15027,254.0,114.0,144.0,140.0
15028,253.0,134.0,140.0,146.0
15029,260.0,101.0,155.0,147.0
15030,245.0,237.0,131.0,153.0
15031,223.0,215.0,135.0,128.0
15032,249.0,171.0,146.0,146.0
15033,263.0,115.0,139.0,160.0
15034,238.0,197.0,135.0,133.0
15035,252.0,208.0,143.0,144.0
15036,232.0,213.0,135.0,128.0
15037,256.0,82.0,148.0,143.0
15038,247.0,205.0,140.0,133.0
15039,267.0,95.0,165.0,154.0
15040,242.0,91.0,150.0,131.0
15041,258.0,223.0,150.0,141.0
15042,254.0,100.0,140.0,147.0
15043,270.0,225.0,156.0,156.0
15044,259.0,145.0,156.0,158.0
15045,241.0,110.0,137.0,146.0
15046,249.0,222.0,123.0,135.0
15047,238.0,117.0,124.0,135.0
15048,260.0,210.0,132.0,151.0
15049,239.0,112.0,142.0,127.0
15050,261.0,240.0,135.0,149.0
15051,257.0,211.0,146.0,133.0
15052,243.0,135.0,136.0,144.0
15053,252.0,225.0,154.0,145.0
15054,248.0,137.0,138.0,134.0
15055,244.0,86.0,129.0,137.0
15056,269.0,246.0,157.0,163.0
15057,260.0,234.0,143.0,157.0
15058,239.0,131.0,144.0,133.0
15059,247.0,149.0,111.0,128.0
15060,246.0,52.0,155.0,134.0
15061,236.0,187.0,132.0,144.0
15062,239.0,212.0,145.0,144.0
15063,241.0,130.0,135.0,126.0
15064,243.0,108.0,148.0,138.0
15065,262.0,240.0,138.0,146.0
15066,259.0,102.0,151.0,146.0
15067,249.0,152.0,142.0,139.0
15068,229.0,180.0,131.0,119.0
15069,254.0,226.0,152.0,146.0
15070,273.0,250.0,153.0,155.0
15071,258.0,207.0,145.0,143.0
15072,244.0,97.0,144.0,126.0
15073,246.0,51.0,131.0,126.0
15074,252.0,118.0,144.0,142.0
15075,243.0,118.0,138.0,142.0
15076,237.0,85.0,131.0,140.0
15077,253.0,206.0,137.0,134.0
15078,249.0,219.0,153.0,143.0
15079,262.0,259.0,148.0,156.0
15080,238.0,114.0,123.0,143.0
15081,270.0,141.0,150.0,164.0
15082,250.0,123.0,136.0,137.0
15083,263.0,86.0,151.0,153.0
15084,246.0,167.0,131.0,133.0
15085,246.0,90.0,136.0,145.0
15086,244.0,214.0,139.0,120.0
15087,248.0,217.0,136.0,137.0
15088,241.0,96.0,140.0,136.0
15089,265.0,189.0,152.0,148.0
15090,244.0,149.0,131.0,134.0
15091,253.0,99.0,125.0,137.0
15092,242.0,198.0,147.0,142.0
15093,273.0,237.0,141.0,145.0
15094,248.0,240.0,166.0,129.0
15095,238.0,195.0,121.0,127.0
15096,251.0,245.0,128.0,154.0
15097,248.0,119.0,141.0,135.0
15098,278.0,126.0,168.0,149.0
15099,231.0,199.0,150.0,128.0
15100,277.0,242.0,162.0,159.0
15101,247.0,108.0,152.0,137.0
15102,247.0,168.0,129.0,140.0
15103,250.0,217.0,143.0,144.0
15104,257.0,221.0,142.0,133.0
15105,231.0,50.0,134.0,132.0
15106,238.0,154.0,118.0,142.0
15107,243.0,206.0,137.0,136.0
15108,239.0,108.0,134.0,129.0
15109,232.0,147.0,131.0,141.0
15110,249.0,213.0,143.0,146.0
15111,271.0,108.0,150.0,169.0
15112,247.0,204.0,133.0,137.0
15113,248.0,243.0,136.0,138.0
15114,247.0,242.0,135.0,147.0
15115,275.0,107.0,153.0,154.0
15116,259.0,257.0,147.0,167.0
15117,256.0,231.0,163.0,134.0
15118,264.0,235.0,142.0,149.0
15119,252.0,90.0,151.0,130.0
15120,242.0,123.0,128.0,137.0
15121,237.0,91.0,144.0,127.0
15122,256.0,236.0,153.0,138.0
15123,257.0,135.0,145.0,143.0
15124,288.0,99.0,156.0,170.0
15125,246.0,234.0,143.0,140.0
15126,249.0,126.0,144.0,138.0
15127,258.0,216.0,159.0,146.0
15128,239.0,107.0,127.0,141.0
15129,273.0,127.0,153.0,163.0
15130,233.0,202.0,133.0,121.0
15131,224.0,115.0,121.0,125.0
15132,284.0,257.0,161.0,171.0
15133,270.0,114.0,157.0,166.0
15134,235.0,207.0,124.0,118.0
15135,255.0,152.0,137.0,142.0
15136,239.0,106.0,136.0,146.0
15137,242.0,103.0,127.0,134.0
15138,260.0,162.0,150.0,153.0
15139,256.0,97.0,137.0,130.0
15140,258.0,124.0,138.0,148.0
15141,247.0,84.0,124.0,138.0
15142,263.0,118.0,157.0,136.0
15143,253.0,220.0,137.0,134.0
15144,233.0,100.0,121.0,124.0
15145,247.0,222.0,133.0,129.0
15146,253.0,218.0,129.0,137.0
15147,267.0,232.0,137.0,147.0
15148,244.0,97.0,146.0,149.0
15149,229.0,95.0,128.0,136.0
15150,231.0,79.0,128.0,132.0
15151,225.0,184.0,135.0,124.0
15152,259.0,234.0,139.0,147.0
15153,235.0,106.0,130.0,145.0
15154,250.0,213.0,137.0,147.0
15155,282.0,151.0,142.0,164.0
15156,247.0,216.0,148.0,134.0
15157,253.0,225.0,136.0,135.0
15158,253.0,219.0,135.0,134.0
15159,242.0,200.0,138.0,129.0
15160,237.0,207.0,137.0,138.0
15161,265.0,122.0,153.0,150.0
15162,262.0,130.0,152.0,154.0
15163,238.0,206.0,121.0,144.0
15164,250.0,218.0,137.0,140.0
15165,277.0,269.0,169.0,152.0
15166,238.0,122.0,119.0,120.0
15167,267.0,93.0,155.0,148.0
15168,201.0,76.0,108.0,117.0
15169,243.0,211.0,148.0,151.0
15170,247.0,107.0,123.0,146.0
15171,239.0,211.0,131.0,142.0
15172,246.0,119.0,146.0,129.0
15173,268.0,234.0,146.0,154.0
15174,252.0,223.0,153.0,145.0
15175,233.0,210.0,130.0,127.0
15176,254.0,105.0,140.0,137.0
15177,255.0,212.0,134.0,155.0
15178,251.0,105.0,139.0,145.0
15179,248.0,125.0,140.0,131.0
15180,245.0,119.0,132.0,145.0
15181,231.0,92.0,130.0,120.0
15182,223.0,204.0,122.0,121.0
15183,231.0,182.0,133.0,131.0
15184,233.0,201.0,128.0,135.0
15185,274.0,131.0,155.0,157.0
15186,253.0,217.0,134.0,144.0
15187,276.0,236.0,162.0,156.0
15188,253.0,75.0,146.0,149.0
15189,259.0,228.0,150.0,162.0
15190,258.0,101.0,148.0,145.0
15191,244.0,217.0,143.0,142.0
15192,256.0,225.0,143.0,138.0
15193,272.0,150.0,147.0,177.0
15194,277.0,144.0,166.0,157.0
15195,255.0,137.0,136.0,139.0
15196,262.0,139.0,144.0,151.0
15197,228.0,144.0,122.0,130.0
15198,263.0,202.0,142.0,160.0
15199,236.0,176.0,136.0,126.0
15200,245.0,101.0,127.0,134.0
15201,247.0,131.0,144.0,141.0
15202,248.0,216.0,122.0,133.0
15203,245.0,209.0,119.0,147.0
15204,274.0,154.0,156.0,149.0
15205,248.0,112.0,156.0,131.0
15206,260.0,74.0,144.0,143.0
15207,253.0,213.0,131.0,133.0
15208,271.0,149.0,136.0,147.0
15209,272.0,138.0,141.0,163.0
15210,244.0,85.0,129.0,140.0
15211,250.0,111.0,121.0,152.0
15212,263.0,249.0,144.0,139.0
15213,273.0,253.0,139.0,150.0
15214,242.0,85.0,147.0,137.0
15215,269.0,179.0,155.0,160.0
15216,265.0,230.0,139.0,145.0
15217,238.0,190.0,132.0,147.0
15218,234.0,104.0,124.0,132.0
15219,243.0,149.0,130.0,119.0
15220,240.0,76.0,135.0,125.0
15221,250.0,198.0,151.0,143.0
15222,252.0,109.0,149.0,144.0
15223,230.0,209.0,137.0,130.0
15224,252.0,99.0,149.0,142.0
15225,238.0,135.0,132.0,139.0
15226,274.0,57.0,173.0,159.0
15227,252.0,123.0,132.0,139.0
15228,264.0,100.0,146.0,147.0
15229,253.0,94.0,150.0,139.0
15230,248.0,145.0,141.0,129.0
15231,251.0,88.0,138.0,138.0
15232,225.0,71.0,133.0,136.0
15233,249.0,219.0,149.0,153.0
15234,254.0,245.0,150.0,136.0
15235,226.0,92.0,122.0,126.0
15236,257.0,142.0,147.0,147.0
15237,222.0,120.0,117.0,136.0
15238,263.0,143.0,138.0,144.0
15239,239.0,203.0,140.0,127.0
15240,223.0,77.0,118.0,140.0
15241,246.0,98.0,126.0,138.0
15242,256.0,219.0,149.0,165.0
15243,243.0,110.0,141.0,140.0
15244,250.0,224.0,159.0,145.0
15245,268.0,107.0,138.0,142.0
15246,238.0,128.0,122.0,128.0
15247,228.0,76.0,134.0,123.0
15248,241.0,148.0,144.0,127.0
15249,255.0,248.0,141.0,146.0
15250,243.0,236.0,139.0,147.0
15251,255.0,115.0,140.0,148.0
15252,275.0,248.0,169.0,148.0
15253,267.0,61.0,152.0,147.0
15254,244.0,225.0,150.0,141.0
15255,252.0,60.0,140.0,155.0
15256,241.0,106.0,142.0,125.0
15257,250.0,133.0,140.0,134.0
15258,254.0,220.0,136.0,149.0
15259,258.0,142.0,145.0,145.0
15260,241.0,80.0,154.0,128.0
15261,260.0,222.0,159.0,134.0
15262,248.0,219.0,147.0,148.0
15263,259.0,231.0,151.0,143.0
15264,247.0,218.0,149.0,141.0
15265,234.0,90.0,121.0,147.0
15266,247.0,170.0,141.0,139.0
15267,244.0,147.0,142.0,151.0
15268,241.0,199.0,142.0,141.0
15269,238.0,216.0,134.0,121.0
15270,233.0,86.0,128.0,121.0
15271,230.0,129.0,127.0,118.0
15272,259.0,159.0,139.0,149.0
15273,259.0,89.0,152.0,133.0
15274,250.0,114.0,137.0,138.0
15275,256.0,136.0,153.0,144.0
15276,234.0,80.0,130.0,126.0
15277,250.0,100.0,136.0,132.0
15278,227.0,102.0,129.0,138.0
15279,238.0,130.0,128.0,125.0
15280,252.0,205.0,131.0,143.0
15281,267.0,114.0,143.0,153.0
15282,247.0,132.0,140.0,143.0
15283,256.0,75.0,154.0,149.0
15284,236.0,126.0,134.0,133.0
15285,264.0,162.0,162.0,152.0
15286,256.0,147.0,135.0,146.0
15287,264.0,103.0,157.0,152.0
15288,242.0,97.0,147.0,148.0
15289,245.0,74.0,147.0,139.0
15290,270.0,244.0,162.0,159.0
15291,236.0,91.0,158.0,127.0
15292,250.0,137.0,140.0,125.0
15293,243.0,192.0,137.0,147.0
15294,243.0,41.0,141.0,127.0
15295,242.0,71.0,145.0,148.0
15296,269.0,115.0,146.0,146.0
15297,226.0,105.0,139.0,120.0
15298,253.0,248.0,154.0,141.0
15299,258.0,134.0,135.0,140.0
15300,268.0,114.0,148.0,149.0
15301,247.0,208.0,136.0,138.0
15302,249.0,226.0,151.0,148.0
15303,255.0,112.0,156.0,161.0
15304,253.0,211.0,134.0,145.0
15305,233.0,96.0,125.0,121.0
15306,265.0,114.0,156.0,135.0
15307,223.0,223.0,129.0,115.0
15308,242.0,218.0,136.0,137.0
15309,246.0,82.0,118.0,127.0
15310,245.0,206.0,148.0,143.0
15311,236.0,125.0,131.0,129.0
15312,276.0,184.0,148.0,145.0
15313,249.0,80.0,141.0,144.0
15314,244.0,102.0,140.0,140.0
15315,260.0,137.0,150.0,127.0
15316,245.0,114.0,141.0,143.0
15317,223.0,140.0,128.0,124.0
15318,233.0,108.0,139.0,140.0
15319,275.0,172.0,138.0,137.0
15320,240.0,106.0,137.0,127.0
15321,225.0,94.0,135.0,125.0
15322,238.0,84.0,132.0,139.0
15323,256.0,121.0,143.0,134.0
15324,266.0,237.0,152.0,150.0
15325,217.0,133.0,106.0,120.0
15326,253.0,225.0,158.0,151.0
15327,242.0,104.0,118.0,132.0
15328,251.0,210.0,132.0,137.0
15329,259.0,236.0,145.0,155.0
15330,256.0,233.0,145.0,158.0
15331,236.0,84.0,122.0,145.0
15332,267.0,125.0,144.0,150.0
15333,258.0,116.0,137.0,145.0
15334,267.0,91.0,142.0,150.0
15335,248.0,129.0,143.0,141.0
15336,252.0,218.0,151.0,137.0
15337,235.0,128.0,121.0,129.0
15338,248.0,215.0,143.0,139.0
15339,230.0,212.0,133.0,135.0
15340,241.0,110.0,133.0,122.0
15341,248.0,137.0,143.0,126.0
15342,233.0,126.0,129.0,149.0
15343,265.0,79.0,144.0,139.0
15344,288.0,256.0,169.0,164.0
15345,257.0,141.0,168.0,155.0
15346,259.0,113.0,145.0,156.0
15347,266.0,250.0,143.0,148.0
15348,256.0,146.0,151.0,146.0
15349,270.0,259.0,148.0,150.0
15350,239.0,130.0,128.0,122.0
15351,264.0,104.0,153.0,152.0
15352,271.0,232.0,144.0,151.0
15353,233.0,124.0,145.0,134.0
15354,265.0,72.0,156.0,148.0
15355,253.0,201.0,143.0,139.0
15356,238.0,233.0,135.0,141.0
15357,267.0,231.0,142.0,148.0
15358,234.0,228.0,137.0,142.0
15359,247.0,218.0,139.0,136.0
15360,259.0,135.0,144.0,132.0
15361,222.0,196.0,113.0,133.0
15362,218.0,72.0,129.0,124.0
15363,279.0,270.0,168.0,168.0
15364,272.0,171.0,151.0,164.0
15365,255.0,198.0,151.0,146.0
15366,245.0,188.0,132.0,141.0
15367,247.0,86.0,132.0,139.0
15368,256.0,100.0,140.0,139.0
15369,226.0,178.0,118.0,138.0
15370,247.0,106.0,136.0,114.0
15371,247.0,91.0,143.0,132.0
15372,244.0,221.0,130.0,136.0
15373,239.0,79.0,137.0,129.0
15374,242.0,129.0,133.0,148.0
15375,225.0,64.0,130.0,116.0
15376,256.0,229.0,142.0,146.0
15377,228.0,72.0,106.0,142.0
15378,266.0,226.0,155.0,141.0
15379,268.0,175.0,152.0,162.0
15380,238.0,146.0,132.0,131.0
15381,230.0,132.0,134.0,124.0
15382,234.0,196.0,128.0,129.0
15383,271.0,237.0,152.0,161.0
15384,252.0,154.0,144.0,133.0
15385,253.0,225.0,143.0,147.0
15386,224.0,199.0,131.0,134.0
15387,267.0,112.0,154.0,157.0
15388,248.0,78.0,137.0,137.0
15389,252.0,133.0,140.0,139.0
15390,271.0,167.0,160.0,159.0
15391,273.0,122.0,151.0,151.0
15392,262.0,107.0,143.0,160.0
15393,261.0,226.0,142.0,144.0
15394,259.0,117.0,152.0,164.0
15395,241.0,109.0,132.0,139.0
15396,242.0,89.0,143.0,132.0
15397,251.0,83.0,138.0,146.0
15398,253.0,65.0,141.0,134.0
15399,246.0,208.0,134.0,143.0
15400,260.0,222.0,147.0,145.0
15401,265.0,87.0,146.0,160.0
15402,251.0,181.0,139.0,159.0
15403,236.0,202.0,142.0,114.0
15404,269.0,93.0,151.0,144.0
15405,233.0,90.0,133.0,149.0
15406,224.0,142.0,130.0,126.0
15407,257.0,88.0,141.0,157.0
15408,250.0,157.0,155.0,142.0
15409,252.0,133.0,135.0,135.0
15410,251.0,156.0,139.0,129.0
15411,266.0,107.0,145.0,159.0
15412,257.0,170.0,140.0,154.0
15413,251.0,73.0,140.0,154.0
15414,263.0,113.0,139.0,139.0
15415,248.0,79.0,135.0,153.0
15416,270.0,39.0,142.0,162.0
15417,262.0,209.0,138.0,138.0
15418,261.0,83.0,158.0,149.0
15419,235.0,68.0,151.0,133.0
15420,239.0,122.0,137.0,124.0
15421,233.0,116.0,133.0,139.0
15422,250.0,104.0,151.0,135.0
15423,257.0,151.0,155.0,148.0
15424,240.0,176.0,128.0,143.0
15425,249.0,130.0,130.0,136.0
15426,254.0,61.0,123.0,144.0
15427,235.0,80.0,142.0,132.0
15428,249.0,100.0,139.0,132.0
15429,266.0,109.0,147.0,144.0
15430,234.0,221.0,136.0,138.0
15431,248.0,137.0,134.0,146.0
15432,240.0,153.0,137.0,140.0
15433,248.0,114.0,150.0,147.0
15434,246.0,128.0,132.0,132.0
15435,245.0,118.0,132.0,128.0
15436,261.0,215.0,160.0,139.0
15437,254.0,93.0,152.0,131.0
15438,246.0,110.0,143.0,139.0
15439,263.0,138.0,138.0,139.0
15440,246.0,211.0,136.0,151.0
15441,264.0,150.0,152.0,144.0
15442,247.0,115.0,140.0,129.0
15443,252.0,96.0,140.0,146.0
15444,256.0,101.0,153.0,143.0
15445,262.0,57.0,144.0,152.0
15446,253.0,153.0,138.0,131.0
15447,245.0,116.0,144.0,163.0
15448,241.0,221.0,141.0,135.0
15449,241.0,210.0,144.0,142.0
15450,249.0,97.0,135.0,132.0
15451,240.0,214.0,137.0,141.0
15452,247.0,216.0,134.0,137.0
15453,237.0,113.0,130.0,125.0
15454,249.0,110.0,139.0,151.0
15455,265.0,99.0,141.0,148.0
15456,241.0,205.0,127.0,127.0
15457,281.0,162.0,172.0,161.0
15458,266.0,147.0,149.0,149.0
15459,236.0,128.0,117.0,138.0
15460,243.0,110.0,128.0,136.0
15461,248.0,215.0,139.0,143.0
15462,263.0,229.0,139.0,152.0
15463,257.0,103.0,138.0,153.0
15464,248.0,229.0,137.0,144.0
15465,246.0,118.0,129.0,148.0
15466,251.0,209.0,144.0,144.0
15467,227.0,150.0,138.0,138.0
15468,262.0,142.0,156.0,137.0
15469,267.0,126.0,159.0,147.0
15470,263.0,91.0,142.0,141.0
15471,233.0,95.0,116.0,118.0
15472,234.0,105.0,124.0,134.0
15473,240.0,151.0,129.0,123.0
15474,232.0,229.0,127.0,126.0
15475,243.0,142.0,134.0,129.0
15476,254.0,82.0,155.0,141.0
15477,227.0,200.0,124.0,132.0
15478,251.0,207.0,155.0,147.0
15479,234.0,203.0,127.0,134.0
15480,231.0,63.0,134.0,123.0
15481,248.0,123.0,144.0,144.0
15482,257.0,211.0,145.0,148.0
15483,252.0,139.0,130.0,152.0
15484,226.0,95.0,136.0,122.0
15485,237.0,228.0,143.0,137.0
15486,255.0,222.0,146.0,144.0
15487,276.0,251.0,160.0,143.0
15488,261.0,140.0,141.0,146.0
15489,251.0,205.0,135.0,127.0
15490,237.0,209.0,144.0,126.0
15491,230.0,110.0,134.0,119.0
15492,284.0,63.0,166.0,167.0
15493,243.0,98.0,131.0,136.0
15494,260.0,208.0,159.0,158.0
15495,262.0,259.0,143.0,137.0
15496,247.0,225.0,160.0,147.0
15497,246.0,109.0,137.0,119.0
15498,240.0,210.0,150.0,136.0
15499,278.0,90.0,159.0,158.0
15500,275.0,114.0,148.0,140.0
15501,239.0,105.0,135.0,126.0
15502,233.0,90.0,126.0,130.0
15503,268.0,267.0,138.0,150.0
15504,275.0,245.0,150.0,141.0
15505,262.0,166.0,156.0,151.0
15506,256.0,112.0,150.0,128.0
15507,256.0,254.0,151.0,148.0
15508,256.0,254.0,141.0,141.0
15509,239.0,116.0,133.0,131.0
15510,236.0,122.0,141.0,125.0
15511,254.0,117.0,136.0,158.0
15512,237.0,90.0,135.0,140.0
15513,265.0,238.0,162.0,139.0
15514,268.0,85.0,140.0,160.0
15515,244.0,205.0,150.0,149.0
15516,247.0,70.0,135.0,133.0
15517,251.0,161.0,134.0,138.0
15518,246.0,103.0,137.0,142.0
15519,262.0,131.0,143.0,140.0
15520,248.0,217.0,137.0,145.0
15521,239.0,196.0,129.0,124.0
15522,234.0,226.0,132.0,134.0
15523,242.0,227.0,137.0,140.0
15524,235.0,197.0,136.0,133.0
15525,269.0,232.0,158.0,150.0
15526,257.0,224.0,165.0,147.0
15527,250.0,215.0,153.0,147.0
15528,254.0,139.0,164.0,138.0
15529,235.0,200.0,130.0,132.0
15530,226.0,191.0,126.0,129.0
15531,256.0,158.0,141.0,146.0
15532,264.0,139.0,157.0,149.0
15533,243.0,156.0,145.0,128.0
15534,240.0,132.0,120.0,135.0
15535,261.0,226.0,161.0,142.0
15536,242.0,129.0,131.0,135.0
15537,242.0,113.0,133.0,128.0
15538,250.0,221.0,127.0,138.0
15539,268.0,147.0,145.0,152.0
15540,226.0,214.0,113.0,120.0
15541,248.0,208.0,135.0,142.0
15542,252.0,212.0,147.0,145.0
15543,265.0,86.0,158.0,167.0
15544,236.0,136.0,127.0,144.0
15545,244.0,173.0,148.0,139.0
15546,225.0,177.0,117.0,131.0
15547,251.0,162.0,127.0,140.0
15548,226.0,208.0,116.0,130.0
15549,254.0,103.0,135.0,151.0
15550,261.0,94.0,152.0,135.0
15551,257.0,114.0,132.0,142.0
15552,252.0,230.0,141.0,135.0
15553,276.0,275.0,144.0,156.0
15554,239.0,207.0,132.0,130.0
15555,253.0,221.0,141.0,142.0
15556,258.0,102.0,137.0,139.0
15557,273.0,99.0,159.0,156.0
15558,270.0,82.0,154.0,174.0
15559,233.0,131.0,131.0,142.0
15560,249.0,114.0,145.0,147.0
15561,257.0,115.0,143.0,158.0
15562,253.0,238.0,142.0,148.0
15563,263.0,157.0,160.0,130.0
15564,240.0,196.0,125.0,143.0
15565,212.0,105.0,127.0,114.0
15566,240.0,208.0,141.0,144.0
15567,276.0,145.0,163.0,150.0
15568,209.0,203.0,130.0,125.0
15569,253.0,88.0,136.0,149.0
15570,253.0,250.0,130.0,143.0
15571,247.0,73.0,149.0,140.0
15572,262.0,142.0,141.0,142.0
15573,243.0,129.0,137.0,117.0
15574,241.0,212.0,131.0,147.0
15575,255.0,219.0,147.0,136.0
15576,240.0,74.0,129.0,139.0
15577,252.0,225.0,128.0,143.0
15578,247.0,216.0,144.0,149.0
15579,251.0,102.0,126.0,153.0
15580,240.0,131.0,131.0,137.0
15581,279.0,106.0,154.0,179.0
15582,265.0,103.0,172.0,132.0
15583,277.0,110.0,163.0,149.0
15584,249.0,114.0,146.0,126.0
15585,250.0,117.0,143.0,136.0
15586,280.0,153.0,162.0,156.0
15587,277.0,158.0,157.0,144.0
15588,250.0,127.0,145.0,142.0
15589,267.0,102.0,147.0,148.0
15590,243.0,202.0,129.0,136.0
15591,266.0,225.0,168.0,142.0
15592,230.0,103.0,124.0,134.0
15593,260.0,117.0,147.0,140.0
15594,256.0,208.0,133.0,130.0
15595,245.0,91.0,149.0,140.0
15596,254.0,58.0,154.0,155.0
15597,267.0,122.0,145.0,145.0
15598,252.0,96.0,131.0,132.0
15599,254.0,148.0,134.0,147.0
15600,233.0,99.0,124.0,132.0
15601,252.0,219.0,137.0,153.0
15602,251.0,104.0,128.0,131.0
15603,224.0,145.0,140.0,133.0
15604,252.0,128.0,141.0,145.0
15605,244.0,156.0,132.0,135.0
15606,258.0,133.0,145.0,135.0
15607,250.0,222.0,122.0,149.0
15608,272.0,140.0,134.0,167.0
15609,243.0,198.0,146.0,135.0
15610,246.0,218.0,135.0,140.0
15611,235.0,101.0,130.0,132.0
15612,235.0,106.0,134.0,128.0
15613,246.0,103.0,128.0,138.0
15614,260.0,119.0,145.0,147.0
15615,237.0,120.0,121.0,135.0
15616,241.0,125.0,120.0,125.0
15617,262.0,103.0,147.0,136.0
15618,264.0,110.0,155.0,141.0
15619,247.0,139.0,148.0,122.0
15620,232.0,192.0,131.0,126.0
15621,254.0,244.0,142.0,131.0
15622,280.0,155.0,159.0,148.0
15623,250.0,166.0,134.0,137.0
15624,271.0,69.0,145.0,157.0
15625,236.0,193.0,124.0,141.0
15626,253.0,242.0,153.0,153.0
15627,246.0,219.0,140.0,147.0
15628,247.0,109.0,138.0,124.0
15629,256.0,220.0,151.0,149.0
15630,246.0,74.0,138.0,139.0
15631,254.0,121.0,144.0,150.0
15632,247.0,215.0,118.0,128.0
15633,246.0,106.0,139.0,139.0
15634,267.0,127.0,141.0,158.0
15635,260.0,89.0,149.0,133.0
15636,272.0,79.0,154.0,161.0
15637,253.0,101.0,132.0,141.0
15638,231.0,94.0,126.0,135.0
15639,233.0,232.0,124.0,125.0
15640,247.0,199.0,133.0,116.0
15641,259.0,130.0,134.0,133.0
15642,239.0,204.0,140.0,138.0
15643,246.0,211.0,129.0,137.0
15644,268.0,235.0,139.0,150.0
15645,258.0,225.0,154.0,142.0
15646,239.0,130.0,141.0,133.0
15647,254.0,98.0,138.0,150.0
15648,236.0,68.0,117.0,137.0
15649,265.0,145.0,139.0,140.0
15650,252.0,206.0,139.0,138.0
15651,263.0,134.0,147.0,139.0
15652,246.0,159.0,127.0,145.0
15653,241.0,102.0,140.0,127.0
15654,273.0,141.0,160.0,158.0
15655,264.0,140.0,148.0,150.0
15656,247.0,121.0,128.0,114.0
15657,288.0,186.0,157.0,167.0
15658,244.0,93.0,132.0,144.0
15659,247.0,151.0,158.0,135.0
15660,238.0,196.0,142.0,144.0
15661,259.0,108.0,152.0,141.0
15662,237.0,121.0,134.0,119.0
15663,244.0,171.0,156.0,153.0
15664,262.0,258.0,156.0,140.0
15665,241.0,233.0,126.0,146.0
15666,262.0,139.0,157.0,140.0
15667,263.0,178.0,138.0,149.0
15668,236.0,89.0,123.0,134.0
15669,252.0,223.0,148.0,143.0
15670,257.0,117.0,144.0,155.0
15671,254.0,224.0,143.0,139.0
15672,249.0,122.0,139.0,144.0
15673,262.0,114.0,151.0,152.0
15674,260.0,233.0,145.0,141.0
15675,263.0,116.0,139.0,152.0
15676,266.0,256.0,151.0,135.0
15677,239.0,87.0,131.0,136.0
15678,229.0,190.0,127.0,132.0
15679,261.0,236.0,152.0,145.0
15680,245.0,121.0,137.0,134.0
15681,244.0,135.0,144.0,131.0
15682,242.0,121.0,132.0,122.0
15683,250.0,122.0,143.0,150.0
15684,266.0,224.0,153.0,139.0
15685,244.0,202.0,122.0,145.0
15686,270.0,151.0,152.0,160.0
15687,271.0,151.0,147.0,169.0
15688,264.0,238.0,152.0,142.0
15689,272.0,116.0,158.0,145.0
15690,247.0,124.0,141.0,153.0
15691,260.0,123.0,159.0,153.0
15692,256.0,149.0,145.0,153.0
15693,248.0,229.0,149.0,135.0
15694,263.0,218.0,137.0,142.0
15695,263.0,103.0,160.0,156.0
15696,268.0,130.0,154.0,149.0
15697,251.0,117.0,128.0,142.0
15698,220.0,115.0,115.0,125.0
15699,228.0,206.0,121.0,133.0
15700,249.0,119.0,146.0,136.0
15701,281.0,108.0,166.0,156.0
15702,287.0,225.0,177.0,163.0
15703,266.0,107.0,150.0,165.0
15704,231.0,208.0,128.0,131.0
15705,262.0,179.0,148.0,156.0
15706,240.0,125.0,141.0,138.0
15707,237.0,134.0,125.0,141.0
15708,233.0,201.0,132.0,121.0
15709,272.0,254.0,140.0,153.0
15710,266.0,145.0,143.0,154.0
15711,268.0,130.0,143.0,150.0
15712,255.0,103.0,139.0,143.0
15713,264.0,88.0,157.0,141.0
15714,248.0,103.0,142.0,133.0
15715,253.0,218.0,150.0,151.0
15716,250.0,242.0,142.0,144.0
15717,245.0,237.0,140.0,119.0
15718,256.0,111.0,148.0,142.0
15719,244.0,205.0,147.0,118.0
15720,280.0,122.0,164.0,146.0
15721,251.0,142.0,137.0,146.0
15722,245.0,128.0,136.0,136.0
15723,237.0,237.0,129.0,131.0
15724,243.0,162.0,140.0,131.0
15725,238.0,238.0,153.0,145.0
15726,256.0,116.0,140.0,129.0
15727,272.0,137.0,157.0,145.0
15728,229.0,221.0,134.0,128.0
15729,238.0,164.0,122.0,145.0
15730,256.0,251.0,154.0,147.0
15731,263.0,262.0,160.0,137.0
15732,252.0,199.0,143.0,138.0
15733,242.0,239.0,139.0,141.0
15734,257.0,138.0,138.0,155.0
15735,236.0,77.0,135.0,139.0
15736,243.0,108.0,139.0,130.0
15737,256.0,228.0,126.0,138.0
15738,252.0,116.0,142.0,136.0
15739,246.0,118.0,141.0,142.0
15740,260.0,135.0,139.0,146.0
15741,250.0,93.0,138.0,140.0
15742,241.0,106.0,134.0,139.0
15743,268.0,95.0,153.0,151.0
15744,258.0,93.0,146.0,151.0
15745,252.0,145.0,137.0,131.0
15746,269.0,234.0,135.0,170.0
15747,258.0,89.0,150.0,140.0
15748,232.0,200.0,117.0,129.0
15749,263.0,95.0,147.0,154.0
15750,243.0,161.0,148.0,132.0
15751,235.0,200.0,123.0,142.0
15752,247.0,101.0,120.0,148.0
15753,242.0,134.0,146.0,138.0
15754,271.0,153.0,138.0,138.0
15755,272.0,138.0,146.0,155.0
15756,238.0,85.0,137.0,134.0
15757,253.0,155.0,162.0,131.0
15758,237.0,147.0,131.0,155.0
15759,250.0,238.0,132.0,129.0
15760,233.0,33.0,126.0,135.0
15761,248.0,134.0,129.0,143.0
15762,254.0,119.0,139.0,139.0
15763,249.0,111.0,147.0,142.0
15764,243.0,221.0,132.0,132.0
15765,254.0,127.0,143.0,148.0
15766,250.0,111.0,139.0,152.0
15767,223.0,223.0,140.0,116.0
15768,253.0,253.0,141.0,141.0
15769,271.0,126.0,133.0,150.0
15770,250.0,140.0,133.0,136.0
15771,251.0,222.0,141.0,114.0
15772,267.0,128.0,152.0,160.0
15773,244.0,100.0,137.0,136.0
15774,237.0,219.0,139.0,138.0
15775,259.0,227.0,141.0,141.0
15776,249.0,104.0,146.0,149.0
15777,255.0,246.0,133.0,140.0
15778,258.0,120.0,164.0,155.0
15779,249.0,137.0,131.0,144.0
15780,276.0,90.0,168.0,154.0
15781,225.0,143.0,130.0,125.0
15782,224.0,219.0,128.0,125.0
15783,242.0,132.0,131.0,150.0
15784,252.0,69.0,141.0,154.0
15785,235.0,120.0,114.0,117.0
15786,264.0,253.0,151.0,150.0
15787,246.0,133.0,138.0,110.0
15788,237.0,80.0,131.0,144.0
15789,245.0,207.0,144.0,160.0
15790,229.0,111.0,128.0,127.0
15791,231.0,154.0,138.0,136.0
15792,263.0,112.0,139.0,147.0
15793,258.0,167.0,161.0,148.0
15794,263.0,111.0,153.0,144.0
15795,267.0,106.0,162.0,150.0
15796,245.0,219.0,140.0,119.0
15797,223.0,190.0,126.0,129.0
15798,257.0,150.0,145.0,151.0
15799,268.0,102.0,157.0,136.0
15800,231.0,204.0,135.0,123.0
15801,259.0,138.0,139.0,162.0
15802,228.0,202.0,122.0,142.0
15803,257.0,70.0,155.0,153.0
15804,240.0,119.0,137.0,135.0
15805,272.0,171.0,157.0,166.0
15806,258.0,113.0,144.0,144.0
15807,230.0,112.0,129.0,120.0
15808,248.0,91.0,156.0,138.0
15809,262.0,56.0,124.0,140.0
15810,247.0,62.0,142.0,135.0
15811,244.0,120.0,125.0,148.0
15812,254.0,102.0,146.0,144.0
15813,286.0,148.0,158.0,168.0
15814,234.0,100.0,137.0,136.0
15815,280.0,108.0,146.0,167.0
15816,244.0,161.0,141.0,134.0
15817,247.0,104.0,132.0,143.0
15818,232.0,199.0,116.0,133.0
15819,253.0,173.0,140.0,126.0
15820,261.0,99.0,161.0,144.0
15821,260.0,211.0,138.0,144.0
15822,243.0,97.0,130.0,134.0
15823,251.0,218.0,124.0,140.0
15824,238.0,72.0,132.0,131.0
15825,261.0,84.0,159.0,162.0
15826,246.0,118.0,132.0,145.0
15827,244.0,160.0,144.0,142.0
15828,242.0,110.0,128.0,128.0
15829,237.0,196.0,127.0,131.0
15830,246.0,125.0,155.0,139.0
15831,253.0,223.0,123.0,143.0
15832,257.0,172.0,143.0,143.0
15833,273.0,157.0,152.0,157.0
15834,229.0,117.0,113.0,121.0
15835,255.0,120.0,155.0,143.0
15836,249.0,225.0,145.0,136.0
15837,273.0,215.0,139.0,146.0
15838,251.0,118.0,125.0,148.0
15839,260.0,99.0,160.0,137.0
15840,253.0,134.0,143.0,136.0
15841,240.0,139.0,143.0,121.0
15842,262.0,131.0,160.0,151.0
15843,269.0,140.0,138.0,160.0
15844,247.0,239.0,143.0,144.0
15845,261.0,121.0,144.0,141.0
15846,232.0,97.0,116.0,130.0
15847,263.0,250.0,147.0,143.0
15848,237.0,224.0,129.0,123.0
15849,252.0,213.0,132.0,137.0
15850,231.0,192.0,134.0,122.0
15851,236.0,198.0,130.0,131.0
15852,269.0,228.0,155.0,156.0
15853,239.0,208.0,142.0,136.0
15854,237.0,206.0,128.0,140.0
15855,258.0,230.0,150.0,152.0
15856,255.0,147.0,146.0,153.0
15857,244.0,122.0,148.0,137.0
15858,238.0,136.0,121.0,135.0
15859,258.0,159.0,143.0,149.0
15860,246.0,89.0,134.0,133.0
15861,243.0,115.0,123.0,125.0
15862,227.0,194.0,141.0,110.0
15863,257.0,81.0,160.0,131.0
15864,231.0,84.0,134.0,113.0
15865,253.0,212.0,130.0,139.0
15866,274.0,251.0,164.0,162.0
15867,255.0,238.0,141.0,128.0
15868,233.0,124.0,122.0,134.0
15869,271.0,234.0,162.0,154.0
15870,261.0,224.0,152.0,152.0
15871,259.0,76.0,151.0,139.0
15872,246.0,92.0,133.0,149.0
15873,226.0,193.0,124.0,134.0
15874,248.0,98.0,145.0,138.0
15875,266.0,173.0,141.0,154.0
15876,254.0,209.0,158.0,138.0
15877,232.0,95.0,124.0,131.0
15878,263.0,110.0,148.0,148.0
15879,224.0,124.0,122.0,124.0
15880,265.0,180.0,149.0,156.0
15881,239.0,209.0,141.0,141.0
15882,255.0,150.0,148.0,149.0
15883,238.0,99.0,145.0,144.0
15884,268.0,247.0,145.0,140.0
15885,243.0,92.0,146.0,131.0
15886,247.0,196.0,131.0,139.0
15887,237.0,197.0,130.0,123.0
15888,266.0,165.0,151.0,152.0
15889,258.0,49.0,160.0,139.0
15890,247.0,49.0,152.0,141.0
15891,281.0,80.0,153.0,140.0
15892,277.0,95.0,141.0,161.0
15893,258.0,132.0,145.0,144.0
15894,240.0,72.0,140.0,138.0
15895,243.0,148.0,158.0,152.0
15896,261.0,162.0,148.0,154.0
15897,242.0,238.0,146.0,130.0
15898,254.0,142.0,146.0,144.0
15899,263.0,118.0,142.0,142.0
15900,245.0,138.0,138.0,130.0
15901,240.0,95.0,139.0,113.0
15902,257.0,48.0,144.0,136.0
15903,245.0,129.0,143.0,138.0
15904,252.0,127.0,134.0,143.0
15905,280.0,252.0,165.0,165.0
15906,224.0,90.0,122.0,120.0
15907,236.0,80.0,142.0,119.0
15908,243.0,199.0,126.0,138.0
15909,256.0,129.0,150.0,134.0
15910,257.0,159.0,139.0,148.0
15911,223.0,166.0,122.0,123.0
15912,275.0,86.0,157.0,164.0
15913,251.0,174.0,135.0,135.0
15914,234.0,201.0,133.0,131.0
15915,234.0,198.0,129.0,132.0
15916,244.0,148.0,130.0,123.0
15917,229.0,89.0,122.0,126.0
15918,262.0,96.0,134.0,143.0
15919,258.0,135.0,157.0,142.0
15920,244.0,212.0,147.0,138.0
15921,239.0,78.0,135.0,137.0
15922,268.0,222.0,155.0,139.0
15923,264.0,227.0,149.0,148.0
15924,261.0,86.0,145.0,141.0
15925,259.0,131.0,146.0,156.0
15926,245.0,125.0,135.0,146.0
15927,263.0,114.0,161.0,155.0
15928,260.0,98.0,160.0,156.0
15929,274.0,116.0,158.0,154.0
15930,239.0,76.0,124.0,150.0
15931,251.0,109.0,129.0,133.0
15932,252.0,221.0,138.0,142.0
15933,228.0,89.0,129.0,130.0
15934,254.0,211.0,159.0,143.0
15935,258.0,219.0,139.0,151.0
15936,245.0,206.0,121.0,137.0
15937,252.0,219.0,133.0,145.0
15938,262.0,109.0,135.0,131.0
15939,290.0,242.0,152.0,175.0
15940,261.0,128.0,142.0,137.0
15941,240.0,114.0,134.0,133.0
15942,249.0,150.0,136.0,143.0
15943,230.0,75.0,143.0,120.0
15944,252.0,103.0,147.0,136.0
15945,241.0,214.0,138.0,136.0
15946,248.0,165.0,145.0,136.0
15947,248.0,124.0,140.0,129.0
15948,248.0,170.0,144.0,138.0
15949,227.0,78.0,127.0,109.0
15950,264.0,93.0,148.0,151.0
15951,231.0,108.0,128.0,126.0
15952,240.0,220.0,138.0,145.0
15953,255.0,83.0,149.0,143.0
15954,254.0,207.0,139.0,142.0
15955,236.0,133.0,121.0,138.0
15956,239.0,216.0,152.0,136.0
15957,250.0,215.0,155.0,137.0
15958,233.0,85.0,140.0,126.0
15959,244.0,106.0,133.0,133.0
15960,250.0,215.0,151.0,129.0
15961,230.0,219.0,132.0,136.0
15962,242.0,196.0,151.0,137.0
15963,253.0,103.0,154.0,151.0
15964,249.0,228.0,141.0,140.0
15965,224.0,78.0,132.0,129.0
15966,240.0,88.0,137.0,137.0
15967,242.0,147.0,122.0,138.0
15968,232.0,196.0,124.0,133.0
15969,248.0,105.0,143.0,135.0
15970,245.0,185.0,138.0,134.0
15971,256.0,159.0,154.0,150.0
15972,242.0,215.0,150.0,137.0
15973,260.0,260.0,154.0,149.0
15974,259.0,259.0,162.0,141.0
15975,231.0,121.0,136.0,131.0
15976,239.0,215.0,127.0,137.0
15977,241.0,111.0,144.0,138.0
15978,256.0,236.0,159.0,140.0
15979,259.0,89.0,148.0,134.0
15980,258.0,151.0,130.0,154.0
15981,235.0,114.0,135.0,136.0
15982,262.0,127.0,141.0,155.0
15983,242.0,90.0,137.0,149.0
15984,224.0,83.0,132.0,136.0
15985,249.0,120.0,143.0,127.0
15986,252.0,15.0,144.0,147.0
15987,259.0,233.0,158.0,147.0
15988,229.0,105.0,119.0,142.0
15989,241.0,51.0,142.0,123.0
15990,265.0,139.0,148.0,161.0
15991,255.0,131.0,142.0,146.0
15992,272.0,239.0,159.0,141.0
15993,248.0,72.0,147.0,146.0
15994,242.0,215.0,141.0,135.0
15995,238.0,143.0,146.0,136.0
15996,245.0,222.0,134.0,138.0
15997,244.0,202.0,144.0,132.0
15998,241.0,108.0,130.0,133.0
15999,243.0,174.0,138.0,119.0
16000,228.0,176.0,128.0,126.0
16001,258.0,176.0,144.0,136.0
16002,238.0,118.0,146.0,133.0
16003,249.0,213.0,143.0,141.0
16004,249.0,138.0,133.0,144.0
16005,260.0,151.0,134.0,148.0
16006,229.0,195.0,133.0,128.0
16007,253.0,213.0,150.0,137.0
16008,246.0,113.0,115.0,138.0
16009,239.0,233.0,136.0,135.0
16010,250.0,128.0,127.0,142.0
16011,249.0,127.0,139.0,132.0
16012,266.0,221.0,145.0,156.0
16013,246.0,92.0,123.0,141.0
16014,233.0,202.0,121.0,125.0
16015,265.0,126.0,150.0,155.0
16016,241.0,129.0,144.0,124.0
16017,264.0,150.0,146.0,146.0
16018,268.0,226.0,169.0,166.0
16019,264.0,137.0,150.0,147.0
16020,254.0,56.0,148.0,141.0
16021,254.0,127.0,156.0,146.0
16022,277.0,126.0,160.0,153.0
16023,256.0,102.0,142.0,144.0
16024,235.0,82.0,137.0,125.0
16025,228.0,91.0,149.0,128.0
16026,253.0,99.0,141.0,138.0
16027,260.0,164.0,141.0,163.0
16028,270.0,229.0,146.0,161.0
16029,264.0,152.0,144.0,138.0
16030,229.0,95.0,126.0,130.0
16031,226.0,107.0,125.0,116.0
16032,259.0,125.0,153.0,152.0
16033,256.0,225.0,142.0,132.0
16034,251.0,122.0,146.0,148.0
16035,240.0,211.0,140.0,131.0
16036,217.0,114.0,112.0,124.0
16037,228.0,171.0,125.0,122.0
16038,246.0,213.0,129.0,147.0
16039,260.0,133.0,129.0,152.0
16040,249.0,174.0,142.0,124.0
16041,264.0,223.0,163.0,130.0
16042,257.0,142.0,145.0,144.0
16043,270.0,203.0,165.0,131.0
16044,262.0,216.0,143.0,145.0
16045,247.0,222.0,148.0,146.0
16046,272.0,156.0,145.0,164.0
16047,256.0,89.0,153.0,131.0
16048,251.0,238.0,134.0,131.0
16049,248.0,84.0,129.0,143.0
16050,263.0,149.0,141.0,139.0
16051,235.0,208.0,137.0,123.0
16052,251.0,233.0,142.0,137.0
16053,236.0,193.0,132.0,138.0
16054,259.0,107.0,139.0,147.0
16055,240.0,220.0,135.0,141.0
16056,252.0,107.0,145.0,132.0
16057,242.0,145.0,129.0,136.0
16058,256.0,200.0,138.0,153.0
16059,237.0,75.0,124.0,131.0
16060,257.0,110.0,122.0,132.0
16061,249.0,120.0,147.0,133.0
16062,224.0,104.0,135.0,123.0
16063,254.0,98.0,139.0,135.0
16064,249.0,189.0,141.0,136.0
16065,275.0,159.0,161.0,145.0
16066,226.0,117.0,129.0,133.0
16067,245.0,139.0,136.0,138.0
16068,256.0,228.0,153.0,148.0
16069,230.0,119.0,123.0,131.0
16070,245.0,134.0,139.0,128.0
16071,285.0,240.0,145.0,149.0
16072,254.0,220.0,141.0,141.0
16073,233.0,80.0,128.0,150.0
16074,247.0,76.0,138.0,137.0
16075,237.0,97.0,135.0,135.0
16076,249.0,108.0,130.0,144.0
16077,250.0,217.0,153.0,154.0
16078,243.0,220.0,136.0,146.0
16079,227.0,81.0,121.0,123.0
16080,253.0,92.0,136.0,144.0
16081,234.0,140.0,134.0,119.0
16082,271.0,253.0,147.0,149.0
16083,270.0,113.0,151.0,141.0
16084,244.0,220.0,138.0,145.0
16085,241.0,103.0,151.0,126.0
16086,250.0,134.0,124.0,139.0
16087,257.0,146.0,151.0,142.0
16088,259.0,225.0,146.0,148.0
16089,263.0,130.0,147.0,140.0
16090,269.0,130.0,146.0,163.0
16091,236.0,118.0,132.0,128.0
16092,269.0,191.0,159.0,160.0
16093,260.0,70.0,136.0,149.0
16094,273.0,188.0,157.0,168.0
16095,231.0,112.0,135.0,131.0
16096,225.0,124.0,123.0,134.0
16097,256.0,116.0,132.0,117.0
16098,236.0,51.0,123.0,127.0
16099,233.0,99.0,133.0,141.0
16100,281.0,241.0,153.0,154.0
16101,265.0,137.0,147.0,130.0
16102,240.0,95.0,149.0,133.0
16103,248.0,80.0,141.0,148.0
16104,235.0,76.0,132.0,139.0
16105,251.0,79.0,130.0,147.0
16106,274.0,58.0,161.0,154.0
16107,242.0,102.0,130.0,129.0
16108,247.0,99.0,145.0,128.0
16109,238.0,131.0,131.0,135.0
16110,247.0,65.0,149.0,141.0
16111,238.0,230.0,134.0,131.0
16112,254.0,157.0,142.0,130.0
16113,236.0,89.0,142.0,135.0
16114,226.0,111.0,125.0,120.0
16115,242.0,87.0,146.0,141.0
16116,227.0,134.0,135.0,119.0
16117,252.0,115.0,135.0,131.0
16118,240.0,201.0,122.0,143.0
16119,239.0,197.0,145.0,122.0
16120,244.0,113.0,142.0,142.0
16121,231.0,209.0,114.0,131.0
16122,246.0,73.0,136.0,131.0
16123,253.0,124.0,141.0,154.0
16124,241.0,83.0,145.0,132.0
16125,233.0,195.0,130.0,130.0
16126,264.0,226.0,157.0,148.0
16127,245.0,130.0,127.0,137.0
16128,260.0,248.0,150.0,136.0
16129,264.0,150.0,133.0,141.0
16130,250.0,96.0,129.0,136.0
16131,253.0,102.0,149.0,134.0
16132,241.0,125.0,138.0,134.0
16133,247.0,207.0,141.0,149.0
16134,235.0,195.0,135.0,134.0
16135,228.0,203.0,122.0,125.0
16136,259.0,106.0,146.0,159.0
16137,244.0,219.0,144.0,132.0
16138,257.0,185.0,147.0,135.0
16139,211.0,89.0,122.0,121.0
16140,266.0,138.0,135.0,157.0
16141,258.0,126.0,143.0,145.0
16142,230.0,111.0,131.0,136.0
16143,267.0,131.0,150.0,133.0
16144,239.0,169.0,120.0,146.0
16145,260.0,220.0,148.0,141.0
16146,280.0,152.0,156.0,167.0
16147,256.0,144.0,141.0,149.0
16148,214.0,115.0,112.0,122.0
16149,242.0,152.0,143.0,133.0
16150,259.0,234.0,155.0,150.0
16151,288.0,107.0,151.0,158.0
16152,262.0,108.0,161.0,150.0
16153,227.0,145.0,133.0,131.0
16154,232.0,115.0,137.0,132.0
16155,252.0,110.0,134.0,135.0
16156,261.0,137.0,144.0,147.0
16157,253.0,96.0,122.0,146.0
16158,265.0,109.0,138.0,154.0
16159,235.0,208.0,141.0,133.0
16160,259.0,94.0,143.0,155.0
16161,250.0,102.0,141.0,147.0
16162,264.0,234.0,144.0,139.0
16163,232.0,201.0,122.0,131.0
16164,288.0,255.0,172.0,176.0
16165,270.0,98.0,154.0,158.0
16166,252.0,82.0,145.0,145.0
16167,266.0,71.0,147.0,146.0
16168,276.0,148.0,156.0,152.0
16169,240.0,108.0,134.0,135.0
16170,270.0,102.0,162.0,162.0
16171,241.0,213.0,142.0,123.0
16172,252.0,209.0,149.0,146.0
16173,269.0,227.0,138.0,154.0
16174,246.0,226.0,129.0,130.0
16175,237.0,144.0,158.0,149.0
16176,250.0,114.0,152.0,142.0
16177,249.0,230.0,132.0,126.0
16178,259.0,145.0,141.0,148.0
16179,267.0,112.0,143.0,152.0
16180,245.0,240.0,152.0,151.0
16181,238.0,112.0,140.0,136.0
16182,224.0,93.0,108.0,128.0
16183,249.0,77.0,141.0,157.0
16184,250.0,98.0,149.0,149.0
16185,244.0,111.0,137.0,134.0
16186,238.0,90.0,144.0,129.0
16187,247.0,87.0,131.0,146.0
16188,244.0,83.0,154.0,140.0
16189,247.0,75.0,134.0,129.0
16190,250.0,87.0,145.0,136.0
16191,263.0,184.0,155.0,146.0
16192,232.0,222.0,123.0,130.0
16193,243.0,96.0,130.0,144.0
16194,256.0,217.0,155.0,142.0
16195,251.0,121.0,151.0,138.0
16196,234.0,229.0,134.0,130.0
16197,243.0,135.0,140.0,124.0
16198,251.0,108.0,153.0,137.0
16199,229.0,134.0,132.0,139.0
16200,250.0,139.0,125.0,141.0
16201,252.0,215.0,143.0,152.0
16202,251.0,149.0,136.0,128.0
16203,246.0,152.0,149.0,137.0
16204,266.0,47.0,154.0,151.0
16205,239.0,123.0,142.0,146.0
16206,249.0,63.0,144.0,139.0
16207,258.0,242.0,127.0,140.0
16208,253.0,121.0,147.0,149.0
16209,241.0,71.0,129.0,129.0
16210,249.0,114.0,154.0,147.0
16211,250.0,79.0,141.0,149.0
16212,233.0,204.0,135.0,122.0
16213,256.0,74.0,141.0,145.0
16214,258.0,85.0,148.0,131.0
16215,245.0,205.0,127.0,142.0
16216,259.0,105.0,143.0,150.0
16217,255.0,110.0,126.0,138.0
16218,277.0,215.0,154.0,161.0
16219,250.0,137.0,144.0,129.0
16220,245.0,217.0,153.0,136.0
16221,249.0,203.0,126.0,143.0
16222,225.0,90.0,121.0,119.0
16223,242.0,240.0,143.0,149.0
16224,279.0,155.0,152.0,174.0
16225,257.0,121.0,146.0,142.0
16226,255.0,147.0,151.0,136.0
16227,247.0,64.0,124.0,138.0
16228,248.0,222.0,134.0,139.0
16229,253.0,91.0,146.0,132.0
16230,246.0,207.0,135.0,136.0
16231,220.0,74.0,113.0,121.0
16232,277.0,248.0,158.0,161.0
16233,241.0,127.0,138.0,141.0
16234,237.0,104.0,139.0,116.0
16235,266.0,147.0,157.0,146.0
16236,254.0,143.0,134.0,143.0
16237,237.0,94.0,136.0,140.0
16238,271.0,184.0,131.0,164.0
16239,243.0,202.0,141.0,151.0
16240,257.0,93.0,131.0,157.0
16241,274.0,93.0,145.0,150.0
16242,254.0,211.0,154.0,148.0
16243,262.0,225.0,154.0,142.0
16244,255.0,161.0,119.0,146.0
16245,259.0,231.0,140.0,158.0
16246,260.0,67.0,139.0,152.0
16247,250.0,245.0,134.0,144.0
16248,273.0,134.0,143.0,156.0
16249,236.0,86.0,135.0,131.0
16250,244.0,203.0,146.0,120.0
16251,247.0,105.0,144.0,129.0
16252,262.0,237.0,160.0,142.0
16253,261.0,134.0,137.0,140.0
16254,249.0,241.0,133.0,156.0
16255,246.0,133.0,140.0,155.0
16256,240.0,205.0,135.0,128.0
16257,281.0,246.0,159.0,161.0
16258,252.0,144.0,144.0,144.0
16259,244.0,135.0,140.0,138.0
16260,243.0,146.0,125.0,133.0
16261,247.0,118.0,135.0,138.0
16262,270.0,259.0,160.0,146.0
16263,273.0,245.0,167.0,143.0
16264,236.0,84.0,131.0,128.0
16265,259.0,91.0,144.0,148.0
16266,262.0,91.0,145.0,153.0
16267,235.0,228.0,140.0,144.0
16268,232.0,224.0,128.0,138.0
16269,245.0,128.0,125.0,134.0
16270,255.0,74.0,146.0,143.0
16271,267.0,135.0,149.0,145.0
16272,265.0,237.0,158.0,139.0
16273,270.0,144.0,148.0,152.0
16274,282.0,161.0,158.0,172.0
16275,246.0,149.0,137.0,140.0
16276,242.0,105.0,134.0,134.0
16277,262.0,114.0,154.0,132.0
16278,251.0,142.0,135.0,140.0
16279,245.0,89.0,145.0,146.0
16280,247.0,208.0,136.0,141.0
16281,245.0,129.0,139.0,125.0
16282,258.0,249.0,146.0,137.0
16283,249.0,239.0,132.0,130.0
16284,232.0,69.0,147.0,118.0
16285,272.0,104.0,146.0,154.0
16286,224.0,106.0,110.0,127.0
16287,251.0,229.0,139.0,154.0
16288,245.0,231.0,133.0,134.0
16289,230.0,100.0,129.0,118.0
16290,251.0,115.0,146.0,133.0
16291,249.0,119.0,139.0,131.0
16292,253.0,145.0,134.0,145.0
16293,253.0,242.0,158.0,141.0
16294,248.0,218.0,122.0,136.0
16295,233.0,91.0,134.0,132.0
16296,252.0,114.0,148.0,141.0
16297,266.0,110.0,146.0,153.0
16298,248.0,212.0,126.0,129.0
16299,237.0,72.0,145.0,135.0
16300,247.0,93.0,149.0,131.0
16301,261.0,91.0,147.0,146.0
16302,264.0,101.0,149.0,154.0
16303,243.0,201.0,142.0,139.0
16304,240.0,82.0,128.0,137.0
16305,268.0,85.0,144.0,156.0
16306,260.0,150.0,150.0,148.0
16307,241.0,82.0,149.0,131.0
16308,246.0,208.0,141.0,135.0
16309,264.0,85.0,156.0,138.0
16310,236.0,226.0,128.0,129.0
16311,242.0,80.0,131.0,133.0
16312,277.0,113.0,164.0,158.0
16313,264.0,150.0,139.0,140.0
16314,262.0,115.0,149.0,153.0
16315,250.0,142.0,146.0,142.0
16316,251.0,242.0,143.0,136.0
16317,244.0,101.0,126.0,127.0
16318,247.0,166.0,130.0,134.0
16319,257.0,120.0,132.0,149.0
16320,250.0,117.0,154.0,140.0
16321,249.0,81.0,125.0,135.0
16322,250.0,65.0,140.0,142.0
16323,244.0,93.0,133.0,138.0
16324,237.0,116.0,136.0,128.0
16325,242.0,96.0,109.0,149.0
16326,260.0,156.0,149.0,148.0
16327,230.0,203.0,118.0,123.0
16328,234.0,98.0,130.0,125.0
16329,260.0,77.0,142.0,144.0
16330,269.0,159.0,164.0,144.0
16331,242.0,202.0,134.0,131.0
16332,229.0,225.0,135.0,129.0
16333,267.0,222.0,164.0,157.0
16334,261.0,102.0,151.0,137.0
16335,242.0,146.0,131.0,138.0
16336,251.0,228.0,142.0,137.0
16337,255.0,126.0,144.0,152.0
16338,242.0,159.0,140.0,131.0
16339,239.0,125.0,146.0,129.0
16340,251.0,144.0,139.0,142.0
16341,258.0,212.0,168.0,153.0
16342,261.0,216.0,140.0,133.0
16343,235.0,99.0,128.0,140.0
16344,263.0,176.0,154.0,163.0
16345,235.0,234.0,142.0,147.0
16346,269.0,118.0,166.0,145.0
16347,232.0,67.0,123.0,122.0
16348,260.0,155.0,149.0,148.0
16349,233.0,172.0,129.0,116.0
16350,229.0,222.0,128.0,137.0
16351,241.0,130.0,125.0,135.0
16352,246.0,112.0,138.0,141.0
16353,261.0,93.0,149.0,152.0
16354,244.0,205.0,127.0,130.0
16355,262.0,99.0,154.0,149.0
16356,248.0,85.0,126.0,130.0
16357,238.0,128.0,130.0,113.0
16358,247.0,74.0,152.0,132.0
16359,264.0,111.0,148.0,146.0
16360,250.0,92.0,139.0,136.0
16361,238.0,229.0,122.0,131.0
16362,249.0,99.0,145.0,148.0
16363,228.0,196.0,141.0,136.0
16364,251.0,151.0,143.0,140.0
16365,259.0,124.0,149.0,146.0
16366,259.0,109.0,153.0,142.0
16367,259.0,111.0,146.0,143.0
16368,257.0,127.0,144.0,144.0
16369,251.0,124.0,155.0,142.0
16370,258.0,154.0,140.0,142.0
16371,258.0,121.0,128.0,143.0
16372,259.0,100.0,140.0,149.0
16373,257.0,161.0,132.0,134.0
16374,250.0,106.0,140.0,157.0
16375,250.0,102.0,140.0,155.0
16376,250.0,153.0,138.0,146.0
16377,230.0,83.0,127.0,122.0
16378,246.0,138.0,131.0,144.0
16379,244.0,121.0,123.0,130.0
16380,247.0,87.0,128.0,138.0
16381,246.0,200.0,137.0,145.0
16382,258.0,120.0,142.0,132.0
16383,261.0,112.0,159.0,149.0
16384,237.0,81.0,131.0,135.0
16385,259.0,206.0,147.0,148.0
16386,236.0,195.0,150.0,120.0
16387,261.0,96.0,146.0,142.0
16388,253.0,224.0,150.0,152.0
16389,253.0,168.0,148.0,140.0
16390,236.0,112.0,126.0,131.0
16391,245.0,73.0,132.0,147.0
16392,224.0,103.0,120.0,126.0
16393,251.0,106.0,139.0,132.0
16394,272.0,124.0,156.0,142.0
16395,238.0,117.0,115.0,122.0
16396,270.0,87.0,148.0,150.0
16397,253.0,96.0,145.0,135.0
16398,233.0,85.0,137.0,136.0
16399,254.0,119.0,132.0,139.0
16400,253.0,214.0,146.0,141.0
16401,257.0,129.0,141.0,145.0
16402,227.0,193.0,132.0,130.0
16403,244.0,84.0,134.0,130.0
16404,267.0,116.0,161.0,142.0
16405,243.0,107.0,144.0,145.0
16406,251.0,99.0,137.0,152.0
16407,250.0,78.0,149.0,119.0
16408,231.0,89.0,118.0,124.0
16409,249.0,209.0,152.0,140.0
16410,234.0,162.0,124.0,134.0
16411,243.0,139.0,124.0,138.0
16412,243.0,211.0,120.0,126.0
16413,252.0,108.0,148.0,147.0
16414,226.0,84.0,118.0,130.0
16415,264.0,76.0,149.0,147.0
16416,240.0,113.0,130.0,139.0
16417,228.0,192.0,135.0,125.0
16418,248.0,83.0,133.0,152.0
16419,270.0,127.0,158.0,147.0
16420,260.0,221.0,140.0,149.0
16421,240.0,80.0,131.0,118.0
16422,249.0,115.0,142.0,141.0
16423,257.0,144.0,155.0,145.0
16424,260.0,123.0,151.0,149.0
16425,246.0,144.0,140.0,133.0
16426,246.0,113.0,128.0,138.0
16427,261.0,255.0,147.0,145.0
16428,237.0,206.0,124.0,137.0
16429,253.0,222.0,132.0,144.0
16430,255.0,228.0,137.0,149.0
16431,251.0,108.0,163.0,142.0
16432,262.0,107.0,159.0,149.0
16433,257.0,217.0,132.0,135.0
16434,239.0,236.0,142.0,131.0
16435,239.0,236.0,142.0,140.0
16436,247.0,156.0,131.0,131.0
16437,223.0,126.0,123.0,115.0
16438,260.0,132.0,151.0,163.0
16439,250.0,209.0,125.0,150.0
16440,264.0,97.0,152.0,152.0
16441,242.0,132.0,143.0,146.0
16442,243.0,131.0,134.0,137.0
16443,240.0,106.0,129.0,121.0
16444,233.0,101.0,120.0,144.0
16445,254.0,69.0,152.0,133.0
16446,239.0,84.0,134.0,145.0
16447,242.0,132.0,133.0,137.0
16448,257.0,115.0,142.0,138.0
16449,246.0,117.0,139.0,140.0
16450,270.0,264.0,125.0,163.0
16451,248.0,81.0,125.0,135.0
16452,249.0,217.0,134.0,156.0
16453,240.0,179.0,130.0,131.0
16454,244.0,92.0,127.0,138.0
16455,268.0,224.0,152.0,153.0
16456,275.0,267.0,168.0,157.0
16457,264.0,111.0,159.0,151.0
16458,256.0,232.0,145.0,144.0
16459,234.0,202.0,129.0,138.0
16460,230.0,144.0,137.0,124.0
16461,240.0,104.0,123.0,143.0
16462,254.0,207.0,161.0,149.0
16463,257.0,252.0,159.0,142.0
16464,254.0,107.0,146.0,154.0
16465,254.0,131.0,153.0,146.0
16466,235.0,84.0,116.0,140.0
16467,264.0,105.0,160.0,157.0
16468,240.0,98.0,124.0,155.0
16469,264.0,255.0,159.0,150.0
16470,255.0,95.0,149.0,130.0
16471,260.0,165.0,141.0,154.0
16472,244.0,118.0,138.0,138.0
16473,259.0,156.0,147.0,134.0
16474,246.0,109.0,147.0,153.0
16475,255.0,95.0,155.0,139.0
16476,247.0,203.0,158.0,130.0
16477,279.0,96.0,158.0,168.0
16478,255.0,164.0,151.0,140.0
16479,246.0,246.0,137.0,145.0
16480,248.0,100.0,133.0,148.0
16481,256.0,124.0,147.0,152.0
16482,282.0,275.0,159.0,162.0
16483,270.0,261.0,167.0,140.0
16484,241.0,117.0,137.0,147.0
16485,258.0,101.0,149.0,141.0
16486,257.0,169.0,139.0,143.0
16487,275.0,137.0,134.0,144.0
16488,259.0,114.0,141.0,150.0
16489,268.0,125.0,124.0,146.0
16490,226.0,142.0,122.0,120.0
16491,250.0,78.0,130.0,132.0
16492,240.0,103.0,142.0,146.0
16493,250.0,137.0,130.0,142.0
16494,236.0,208.0,133.0,124.0
16495,227.0,214.0,108.0,136.0
16496,265.0,111.0,165.0,157.0
16497,256.0,98.0,128.0,142.0
16498,237.0,176.0,138.0,123.0
16499,274.0,129.0,160.0,147.0
16500,248.0,134.0,133.0,148.0
16501,231.0,100.0,119.0,129.0
16502,262.0,120.0,146.0,143.0
16503,236.0,199.0,124.0,137.0
16504,246.0,206.0,144.0,154.0
16505,227.0,86.0,125.0,128.0
16506,246.0,138.0,127.0,136.0
16507,268.0,86.0,151.0,139.0
16508,241.0,193.0,140.0,144.0
16509,232.0,200.0,134.0,109.0
16510,271.0,225.0,153.0,146.0
16511,256.0,255.0,136.0,147.0
16512,267.0,266.0,155.0,153.0
16513,242.0,90.0,141.0,136.0
16514,242.0,234.0,137.0,131.0
16515,269.0,237.0,158.0,157.0
16516,256.0,90.0,136.0,139.0
16517,266.0,233.0,146.0,153.0
16518,256.0,217.0,142.0,143.0
16519,252.0,159.0,125.0,141.0
16520,250.0,216.0,137.0,150.0
16521,244.0,207.0,138.0,133.0
16522,271.0,112.0,161.0,168.0
16523,258.0,104.0,139.0,145.0
16524,235.0,97.0,132.0,136.0
16525,265.0,124.0,151.0,146.0
16526,233.0,209.0,120.0,139.0
16527,248.0,131.0,131.0,140.0
16528,265.0,117.0,140.0,157.0
16529,261.0,125.0,158.0,137.0
16530,270.0,184.0,163.0,153.0
16531,260.0,111.0,152.0,146.0
16532,251.0,240.0,138.0,146.0
16533,243.0,226.0,136.0,123.0
16534,270.0,145.0,158.0,165.0
16535,244.0,115.0,134.0,114.0
16536,249.0,89.0,150.0,131.0
16537,257.0,216.0,153.0,138.0
16538,228.0,201.0,117.0,124.0
16539,261.0,155.0,133.0,162.0
16540,261.0,78.0,139.0,151.0
16541,237.0,90.0,116.0,130.0
16542,261.0,72.0,137.0,137.0
16543,256.0,135.0,149.0,144.0
16544,259.0,98.0,143.0,146.0
16545,244.0,212.0,130.0,154.0
16546,251.0,211.0,138.0,141.0
16547,286.0,191.0,153.0,161.0
16548,272.0,254.0,146.0,131.0
16549,253.0,128.0,151.0,149.0
16550,228.0,120.0,113.0,131.0
16551,252.0,139.0,137.0,144.0
16552,231.0,93.0,129.0,121.0
16553,245.0,151.0,150.0,126.0
16554,230.0,68.0,124.0,114.0
16555,268.0,243.0,166.0,151.0
16556,255.0,157.0,125.0,149.0
16557,264.0,124.0,154.0,150.0
16558,252.0,113.0,143.0,142.0
16559,233.0,182.0,136.0,133.0
16560,260.0,56.0,143.0,147.0
16561,255.0,160.0,127.0,140.0
16562,230.0,207.0,123.0,142.0
16563,231.0,98.0,143.0,116.0
16564,232.0,201.0,127.0,135.0
16565,243.0,127.0,140.0,134.0
16566,234.0,197.0,134.0,134.0
16567,271.0,240.0,169.0,168.0
16568,222.0,186.0,116.0,121.0
16569,251.0,244.0,144.0,128.0
16570,256.0,153.0,150.0,142.0
16571,260.0,114.0,150.0,152.0
16572,246.0,92.0,131.0,149.0
16573,248.0,57.0,126.0,142.0
16574,237.0,220.0,139.0,137.0
16575,260.0,250.0,152.0,154.0
16576,225.0,123.0,137.0,118.0
16577,247.0,56.0,153.0,140.0
16578,260.0,93.0,141.0,134.0
16579,234.0,132.0,124.0,137.0
16580,272.0,136.0,152.0,134.0
16581,250.0,112.0,131.0,148.0
16582,236.0,208.0,126.0,139.0
16583,261.0,217.0,136.0,148.0
16584,243.0,215.0,145.0,122.0
16585,264.0,228.0,150.0,160.0
16586,243.0,146.0,139.0,145.0
16587,254.0,133.0,142.0,148.0
16588,254.0,208.0,137.0,140.0
16589,282.0,118.0,163.0,136.0
16590,242.0,213.0,141.0,157.0
16591,242.0,125.0,139.0,131.0
16592,254.0,130.0,141.0,142.0
16593,241.0,82.0,147.0,124.0
16594,258.0,146.0,153.0,145.0
16595,253.0,134.0,133.0,140.0
16596,241.0,114.0,129.0,134.0
16597,226.0,76.0,115.0,111.0
16598,254.0,213.0,155.0,131.0
16599,239.0,211.0,141.0,138.0
16600,237.0,129.0,128.0,127.0
16601,228.0,95.0,133.0,132.0
16602,251.0,151.0,142.0,140.0
16603,274.0,90.0,156.0,145.0
16604,245.0,217.0,142.0,117.0
16605,239.0,122.0,127.0,142.0
16606,249.0,244.0,121.0,144.0
16607,245.0,207.0,132.0,125.0
16608,269.0,130.0,140.0,155.0
16609,223.0,196.0,116.0,130.0
16610,258.0,217.0,119.0,128.0
16611,255.0,172.0,141.0,160.0
16612,238.0,71.0,127.0,109.0
16613,256.0,225.0,146.0,147.0
16614,258.0,212.0,137.0,132.0
16615,269.0,173.0,162.0,147.0
16616,260.0,220.0,135.0,139.0
16617,238.0,198.0,132.0,125.0
16618,272.0,89.0,146.0,152.0
16619,255.0,123.0,148.0,145.0
16620,245.0,240.0,148.0,121.0
16621,224.0,188.0,130.0,135.0
16622,235.0,55.0,137.0,124.0
16623,244.0,218.0,136.0,129.0
16624,248.0,93.0,151.0,141.0
16625,275.0,257.0,150.0,161.0
16626,258.0,44.0,145.0,132.0
16627,277.0,209.0,152.0,163.0
16628,238.0,139.0,111.0,134.0
16629,280.0,126.0,173.0,153.0
16630,255.0,147.0,140.0,131.0
16631,235.0,130.0,130.0,150.0
16632,268.0,266.0,175.0,147.0
16633,240.0,92.0,121.0,126.0
16634,253.0,79.0,151.0,154.0
16635,258.0,246.0,159.0,155.0
16636,241.0,124.0,146.0,127.0
16637,263.0,242.0,143.0,151.0
16638,240.0,230.0,144.0,143.0
16639,245.0,127.0,124.0,141.0
16640,266.0,229.0,147.0,152.0
16641,276.0,248.0,160.0,163.0
16642,237.0,95.0,140.0,144.0
16643,281.0,98.0,162.0,160.0
16644,252.0,237.0,148.0,137.0
16645,256.0,225.0,155.0,149.0
16646,253.0,246.0,158.0,144.0
16647,276.0,126.0,159.0,146.0
16648,236.0,69.0,135.0,126.0
16649,253.0,93.0,141.0,135.0
16650,246.0,129.0,154.0,142.0
16651,253.0,123.0,148.0,141.0
16652,280.0,221.0,158.0,164.0
16653,233.0,116.0,119.0,131.0
16654,247.0,129.0,118.0,127.0
16655,239.0,122.0,132.0,133.0
16656,260.0,223.0,165.0,146.0
16657,263.0,249.0,149.0,152.0
16658,229.0,127.0,113.0,135.0
16659,258.0,213.0,140.0,137.0
16660,245.0,150.0,119.0,132.0
16661,259.0,145.0,146.0,147.0
16662,263.0,172.0,149.0,146.0
16663,256.0,220.0,123.0,157.0
16664,239.0,89.0,123.0,139.0
16665,242.0,204.0,127.0,143.0
16666,242.0,212.0,125.0,130.0
16667,224.0,194.0,128.0,144.0
16668,264.0,94.0,150.0,139.0
16669,253.0,224.0,154.0,142.0
16670,247.0,215.0,134.0,134.0
16671,220.0,89.0,123.0,120.0
16672,259.0,93.0,137.0,151.0
16673,280.0,109.0,149.0,159.0
16674,259.0,111.0,137.0,141.0
16675,254.0,156.0,147.0,147.0
16676,244.0,144.0,136.0,134.0
16677,274.0,116.0,170.0,149.0
16678,250.0,223.0,152.0,144.0
16679,223.0,204.0,126.0,135.0
16680,242.0,107.0,135.0,126.0
16681,252.0,234.0,129.0,147.0
16682,268.0,234.0,142.0,163.0
16683,228.0,84.0,116.0,121.0
16684,218.0,100.0,117.0,125.0
16685,247.0,151.0,140.0,128.0
16686,261.0,123.0,139.0,156.0
16687,272.0,93.0,145.0,152.0
16688,252.0,145.0,147.0,129.0
16689,281.0,231.0,147.0,155.0
16690,269.0,70.0,155.0,154.0
16691,239.0,108.0,132.0,133.0
16692,250.0,223.0,143.0,137.0
16693,251.0,224.0,139.0,149.0
16694,255.0,186.0,153.0,127.0
16695,266.0,109.0,149.0,142.0
16696,236.0,84.0,136.0,134.0
16697,261.0,129.0,141.0,136.0
16698,256.0,125.0,140.0,151.0
16699,268.0,66.0,140.0,165.0
16700,229.0,82.0,108.0,130.0
16701,259.0,70.0,162.0,150.0
16702,251.0,131.0,131.0,156.0
16703,240.0,120.0,131.0,145.0
16704,271.0,149.0,153.0,147.0
16705,248.0,89.0,139.0,142.0
16706,238.0,99.0,145.0,141.0
16707,230.0,229.0,132.0,131.0
16708,260.0,135.0,138.0,141.0
16709,252.0,77.0,132.0,134.0
16710,248.0,111.0,141.0,128.0
16711,277.0,134.0,156.0,174.0
16712,261.0,225.0,138.0,145.0
16713,240.0,134.0,127.0,125.0
16714,276.0,120.0,148.0,152.0
16715,256.0,166.0,118.0,150.0
16716,255.0,127.0,158.0,149.0
16717,257.0,202.0,136.0,154.0
16718,244.0,189.0,130.0,134.0
16719,242.0,41.0,124.0,143.0
16720,249.0,70.0,147.0,139.0
16721,263.0,148.0,138.0,153.0
16722,261.0,87.0,146.0,143.0
16723,247.0,241.0,139.0,128.0
16724,226.0,94.0,127.0,123.0
16725,254.0,117.0,149.0,143.0
16726,260.0,112.0,141.0,151.0
16727,249.0,64.0,131.0,144.0
16728,260.0,88.0,142.0,139.0
16729,231.0,70.0,126.0,137.0
16730,247.0,104.0,144.0,139.0
16731,252.0,112.0,141.0,142.0
16732,240.0,135.0,133.0,146.0
16733,249.0,117.0,139.0,147.0
16734,252.0,187.0,134.0,134.0
16735,236.0,80.0,128.0,128.0
16736,240.0,134.0,127.0,137.0
16737,233.0,202.0,131.0,135.0
16738,240.0,196.0,121.0,139.0
16739,250.0,211.0,145.0,137.0
16740,267.0,250.0,156.0,145.0
16741,246.0,91.0,151.0,155.0
16742,253.0,166.0,134.0,124.0
16743,253.0,153.0,158.0,145.0
16744,268.0,114.0,148.0,140.0
16745,267.0,232.0,153.0,151.0
16746,271.0,126.0,147.0,152.0
16747,234.0,211.0,128.0,134.0
16748,276.0,73.0,142.0,150.0
16749,274.0,161.0,159.0,147.0
16750,257.0,115.0,150.0,146.0
16751,240.0,106.0,129.0,142.0
16752,239.0,117.0,126.0,139.0
16753,269.0,149.0,152.0,156.0
16754,261.0,129.0,139.0,144.0
16755,235.0,200.0,133.0,122.0
16756,254.0,103.0,140.0,137.0
16757,253.0,214.0,152.0,137.0
16758,234.0,196.0,135.0,126.0
16759,246.0,106.0,129.0,132.0
16760,253.0,250.0,147.0,150.0
16761,249.0,226.0,139.0,151.0
16762,229.0,95.0,123.0,123.0
16763,225.0,127.0,133.0,120.0
16764,229.0,89.0,119.0,146.0
16765,234.0,200.0,132.0,130.0
16766,265.0,111.0,161.0,147.0
16767,229.0,120.0,116.0,137.0
16768,264.0,235.0,138.0,142.0
16769,240.0,125.0,136.0,134.0
16770,244.0,190.0,129.0,130.0
16771,262.0,113.0,154.0,146.0
16772,239.0,64.0,137.0,122.0
16773,240.0,201.0,139.0,143.0
16774,256.0,126.0,153.0,156.0
16775,253.0,230.0,132.0,135.0
16776,254.0,92.0,131.0,138.0
16777,240.0,157.0,130.0,130.0
16778,266.0,231.0,161.0,147.0
16779,236.0,108.0,141.0,128.0
16780,246.0,156.0,138.0,134.0
16781,250.0,96.0,145.0,146.0
16782,237.0,165.0,117.0,138.0
16783,251.0,193.0,133.0,136.0
16784,230.0,80.0,129.0,144.0
16785,240.0,168.0,134.0,129.0
16786,246.0,209.0,149.0,130.0
16787,216.0,95.0,119.0,113.0
16788,246.0,217.0,123.0,134.0
16789,246.0,209.0,128.0,144.0
16790,243.0,160.0,142.0,139.0
16791,250.0,225.0,150.0,150.0
16792,246.0,92.0,152.0,147.0
16793,253.0,92.0,143.0,149.0
16794,249.0,224.0,163.0,145.0
16795,236.0,198.0,123.0,122.0
16796,262.0,89.0,156.0,156.0
16797,250.0,104.0,149.0,137.0
16798,254.0,172.0,145.0,149.0
16799,233.0,194.0,132.0,137.0
16800,236.0,89.0,131.0,118.0
16801,257.0,145.0,141.0,157.0
16802,263.0,113.0,135.0,141.0
16803,248.0,103.0,142.0,142.0
16804,237.0,115.0,138.0,124.0
16805,238.0,113.0,126.0,146.0
16806,252.0,222.0,139.0,138.0
16807,256.0,214.0,153.0,136.0
16808,253.0,117.0,132.0,131.0
16809,246.0,125.0,141.0,142.0
16810,214.0,72.0,126.0,118.0
16811,266.0,233.0,133.0,142.0
16812,233.0,58.0,130.0,138.0
16813,254.0,84.0,155.0,165.0
16814,255.0,229.0,122.0,165.0
16815,280.0,243.0,152.0,145.0
16816,256.0,209.0,146.0,131.0
16817,256.0,127.0,156.0,142.0
16818,239.0,191.0,143.0,142.0
16819,252.0,55.0,149.0,152.0
16820,225.0,89.0,107.0,113.0
16821,260.0,149.0,142.0,152.0
16822,238.0,141.0,142.0,129.0
16823,270.0,116.0,149.0,148.0
16824,227.0,226.0,128.0,152.0
16825,265.0,228.0,149.0,133.0
16826,259.0,178.0,148.0,153.0
16827,250.0,83.0,138.0,145.0
16828,291.0,180.0,163.0,157.0
16829,267.0,111.0,154.0,149.0
16830,267.0,131.0,143.0,138.0
16831,239.0,214.0,127.0,128.0
16832,248.0,212.0,133.0,133.0
16833,283.0,153.0,146.0,168.0
16834,258.0,143.0,154.0,133.0
16835,255.0,94.0,134.0,139.0
16836,260.0,177.0,147.0,148.0
16837,257.0,242.0,144.0,156.0
16838,236.0,221.0,137.0,134.0
16839,242.0,193.0,139.0,127.0
16840,233.0,68.0,132.0,135.0
16841,241.0,101.0,129.0,142.0
16842,241.0,102.0,129.0,139.0
16843,246.0,78.0,147.0,131.0
16844,229.0,108.0,138.0,126.0
16845,234.0,98.0,127.0,132.0
16846,260.0,234.0,135.0,151.0
16847,238.0,89.0,131.0,126.0
16848,238.0,212.0,140.0,132.0
16849,259.0,76.0,140.0,135.0
16850,257.0,127.0,141.0,144.0
16851,249.0,211.0,156.0,122.0
16852,234.0,118.0,131.0,130.0
16853,244.0,242.0,153.0,145.0
16854,258.0,125.0,155.0,131.0
16855,244.0,75.0,139.0,125.0
16856,238.0,119.0,125.0,141.0
16857,247.0,162.0,135.0,147.0
16858,253.0,66.0,160.0,153.0
16859,267.0,114.0,157.0,140.0
16860,255.0,250.0,136.0,144.0
16861,245.0,205.0,133.0,144.0
16862,255.0,173.0,164.0,147.0
16863,270.0,265.0,164.0,155.0
16864,261.0,147.0,143.0,155.0
16865,259.0,181.0,144.0,146.0
16866,228.0,145.0,128.0,127.0
16867,253.0,202.0,134.0,127.0
16868,242.0,211.0,133.0,133.0
16869,243.0,223.0,136.0,119.0
16870,249.0,229.0,144.0,135.0
16871,248.0,100.0,135.0,138.0
16872,244.0,60.0,127.0,160.0
16873,231.0,205.0,127.0,133.0
16874,259.0,144.0,151.0,159.0
16875,258.0,111.0,141.0,141.0
16876,255.0,135.0,139.0,138.0
16877,241.0,100.0,127.0,119.0
16878,233.0,103.0,140.0,132.0
16879,281.0,101.0,163.0,145.0
16880,216.0,85.0,117.0,131.0
16881,231.0,118.0,126.0,123.0
16882,229.0,97.0,124.0,115.0
16883,275.0,239.0,163.0,160.0
16884,234.0,66.0,134.0,115.0
16885,288.0,83.0,163.0,154.0
16886,239.0,110.0,131.0,151.0
16887,234.0,74.0,120.0,127.0
16888,238.0,123.0,129.0,132.0
16889,253.0,121.0,125.0,153.0
16890,229.0,206.0,131.0,132.0
16891,271.0,231.0,160.0,151.0
16892,255.0,113.0,143.0,139.0
16893,245.0,241.0,133.0,127.0
16894,231.0,102.0,134.0,122.0
16895,275.0,123.0,153.0,154.0
16896,265.0,233.0,160.0,148.0
16897,262.0,101.0,151.0,166.0
16898,241.0,105.0,135.0,139.0
16899,234.0,105.0,133.0,119.0
16900,251.0,217.0,123.0,129.0
16901,252.0,126.0,138.0,148.0
16902,255.0,115.0,146.0,144.0
16903,255.0,119.0,133.0,153.0
16904,247.0,152.0,153.0,143.0
16905,230.0,95.0,130.0,140.0
16906,247.0,122.0,145.0,144.0
16907,236.0,111.0,123.0,139.0
16908,245.0,122.0,141.0,131.0
16909,260.0,133.0,142.0,155.0
16910,245.0,152.0,142.0,138.0
16911,260.0,158.0,161.0,138.0
16912,235.0,77.0,147.0,120.0
16913,268.0,115.0,152.0,147.0
16914,244.0,75.0,140.0,126.0
16915,253.0,125.0,146.0,141.0
16916,234.0,40.0,138.0,118.0
16917,256.0,109.0,157.0,134.0
16918,253.0,118.0,146.0,151.0
16919,240.0,159.0,137.0,149.0
16920,251.0,89.0,130.0,147.0
16921,258.0,108.0,153.0,158.0
16922,248.0,117.0,139.0,157.0
16923,238.0,83.0,138.0,140.0
16924,248.0,116.0,150.0,132.0
16925,255.0,143.0,146.0,122.0
16926,254.0,94.0,135.0,139.0
16927,222.0,119.0,124.0,114.0
16928,238.0,201.0,138.0,133.0
16929,258.0,243.0,158.0,141.0
16930,263.0,134.0,144.0,145.0
16931,266.0,100.0,146.0,144.0
16932,240.0,126.0,141.0,133.0
16933,243.0,90.0,131.0,147.0
16934,250.0,101.0,139.0,147.0
16935,259.0,96.0,158.0,150.0
16936,235.0,201.0,128.0,134.0
16937,237.0,213.0,134.0,126.0
16938,265.0,99.0,150.0,148.0
16939,255.0,243.0,138.0,160.0
16940,249.0,209.0,133.0,140.0
16941,227.0,102.0,130.0,124.0
16942,254.0,115.0,143.0,151.0
16943,258.0,127.0,151.0,148.0
16944,237.0,94.0,130.0,139.0
16945,247.0,83.0,132.0,163.0
16946,230.0,124.0,114.0,138.0
16947,257.0,79.0,143.0,148.0
16948,233.0,83.0,136.0,134.0
16949,259.0,228.0,150.0,150.0
16950,252.0,252.0,149.0,139.0
16951,253.0,249.0,151.0,152.0
16952,253.0,216.0,147.0,144.0
16953,230.0,203.0,131.0,128.0
16954,251.0,98.0,133.0,135.0
16955,237.0,68.0,126.0,120.0
16956,271.0,95.0,144.0,140.0
16957,269.0,254.0,147.0,143.0
16958,248.0,134.0,137.0,134.0
16959,253.0,124.0,148.0,142.0
16960,258.0,224.0,150.0,131.0
16961,250.0,140.0,141.0,133.0
16962,275.0,158.0,175.0,152.0
16963,281.0,244.0,145.0,152.0
16964,231.0,194.0,122.0,126.0
16965,256.0,124.0,133.0,140.0
16966,264.0,139.0,140.0,136.0
16967,257.0,111.0,127.0,139.0
16968,239.0,104.0,124.0,137.0
16969,259.0,123.0,169.0,157.0
16970,245.0,114.0,133.0,145.0
16971,244.0,236.0,148.0,138.0
16972,266.0,232.0,158.0,151.0
16973,268.0,142.0,149.0,145.0
16974,258.0,107.0,155.0,141.0
16975,268.0,240.0,160.0,146.0
16976,282.0,162.0,178.0,157.0
16977,233.0,149.0,128.0,132.0
16978,275.0,145.0,169.0,153.0
16979,249.0,96.0,154.0,133.0
16980,258.0,98.0,153.0,137.0
16981,263.0,239.0,149.0,147.0
16982,245.0,118.0,140.0,132.0
16983,244.0,134.0,136.0,135.0
16984,260.0,79.0,148.0,143.0
16985,257.0,208.0,137.0,151.0
16986,226.0,217.0,133.0,128.0
16987,248.0,159.0,142.0,137.0
16988,251.0,200.0,132.0,146.0
16989,241.0,206.0,139.0,142.0
16990,252.0,79.0,147.0,141.0
16991,242.0,91.0,135.0,135.0
16992,265.0,112.0,150.0,142.0
16993,279.0,230.0,168.0,165.0
16994,250.0,109.0,135.0,141.0
16995,219.0,191.0,125.0,114.0
16996,271.0,227.0,152.0,145.0
16997,268.0,131.0,139.0,137.0
16998,266.0,153.0,147.0,132.0
16999,243.0,64.0,142.0,134.0
17000,252.0,240.0,131.0,161.0
17001,273.0,261.0,153.0,164.0
17002,263.0,217.0,145.0,146.0
17003,245.0,111.0,122.0,144.0
17004,235.0,113.0,142.0,137.0
17005,231.0,147.0,128.0,130.0
17006,242.0,179.0,123.0,141.0
17007,274.0,80.0,158.0,141.0
17008,258.0,120.0,141.0,152.0
17009,243.0,108.0,132.0,134.0
17010,267.0,180.0,153.0,148.0
17011,266.0,61.0,158.0,165.0
17012,279.0,159.0,155.0,153.0
17013,236.0,197.0,149.0,144.0
17014,224.0,224.0,123.0,141.0
17015,268.0,268.0,169.0,146.0
17016,263.0,237.0,154.0,133.0
17017,222.0,194.0,130.0,123.0
17018,244.0,197.0,136.0,129.0
17019,265.0,153.0,142.0,148.0
17020,240.0,128.0,138.0,148.0
17021,266.0,215.0,139.0,147.0
17022,241.0,91.0,134.0,133.0
17023,252.0,141.0,141.0,123.0
17024,244.0,205.0,122.0,124.0
17025,247.0,103.0,140.0,147.0
17026,266.0,121.0,147.0,153.0
17027,240.0,107.0,136.0,133.0
17028,233.0,100.0,128.0,130.0
17029,255.0,98.0,160.0,141.0
17030,263.0,119.0,132.0,144.0
17031,262.0,220.0,167.0,143.0
17032,244.0,136.0,125.0,143.0
17033,250.0,98.0,145.0,135.0
17034,249.0,210.0,143.0,140.0
17035,250.0,142.0,134.0,128.0
17036,268.0,265.0,147.0,149.0
17037,267.0,232.0,160.0,148.0
17038,234.0,98.0,138.0,131.0
17039,245.0,237.0,134.0,145.0
17040,245.0,237.0,128.0,133.0
17041,251.0,112.0,132.0,151.0
17042,263.0,87.0,141.0,141.0
17043,248.0,110.0,140.0,140.0
17044,228.0,196.0,134.0,138.0
17045,260.0,95.0,137.0,140.0
17046,262.0,123.0,150.0,133.0
17047,259.0,99.0,160.0,141.0
17048,253.0,48.0,145.0,121.0
17049,235.0,127.0,137.0,128.0
17050,253.0,219.0,138.0,145.0
17051,262.0,104.0,148.0,143.0
17052,268.0,111.0,145.0,134.0
17053,244.0,116.0,138.0,139.0
17054,251.0,251.0,148.0,161.0
17055,236.0,119.0,145.0,135.0
17056,246.0,240.0,138.0,144.0
17057,248.0,94.0,130.0,131.0
17058,263.0,143.0,128.0,163.0
17059,244.0,221.0,137.0,127.0
17060,211.0,187.0,121.0,126.0
17061,248.0,206.0,147.0,131.0
17062,283.0,258.0,174.0,172.0
17063,233.0,207.0,113.0,131.0
17064,261.0,123.0,135.0,151.0
17065,272.0,229.0,145.0,155.0
17066,232.0,86.0,122.0,113.0
17067,253.0,76.0,151.0,153.0
17068,255.0,117.0,141.0,145.0
17069,268.0,105.0,132.0,163.0
17070,237.0,73.0,133.0,129.0
17071,244.0,112.0,136.0,141.0
17072,248.0,201.0,139.0,141.0
17073,242.0,124.0,136.0,143.0
17074,229.0,150.0,129.0,113.0
17075,255.0,223.0,147.0,151.0
17076,253.0,144.0,134.0,132.0
17077,238.0,232.0,145.0,144.0
17078,250.0,99.0,152.0,144.0
17079,266.0,218.0,141.0,151.0
17080,259.0,101.0,149.0,152.0
17081,238.0,96.0,146.0,142.0
17082,265.0,122.0,134.0,159.0
17083,251.0,114.0,151.0,146.0
17084,256.0,174.0,133.0,140.0
17085,243.0,208.0,143.0,141.0
17086,256.0,82.0,135.0,147.0
17087,246.0,141.0,134.0,143.0
17088,255.0,118.0,148.0,125.0
17089,265.0,144.0,136.0,128.0
17090,268.0,104.0,134.0,160.0
17091,227.0,74.0,126.0,127.0
17092,280.0,249.0,159.0,150.0
17093,228.0,78.0,113.0,125.0
17094,242.0,102.0,145.0,138.0
17095,259.0,231.0,133.0,145.0
17096,247.0,82.0,145.0,138.0
17097,241.0,163.0,144.0,130.0
17098,249.0,232.0,146.0,149.0
17099,228.0,211.0,124.0,140.0
17100,256.0,224.0,139.0,142.0
17101,228.0,196.0,110.0,118.0
17102,267.0,223.0,156.0,147.0
17103,263.0,154.0,157.0,149.0
17104,274.0,264.0,165.0,146.0
17105,235.0,201.0,148.0,123.0
17106,240.0,111.0,131.0,138.0
17107,251.0,141.0,133.0,131.0
17108,248.0,142.0,151.0,136.0
17109,265.0,84.0,149.0,156.0
17110,255.0,108.0,142.0,145.0
17111,252.0,141.0,152.0,150.0
17112,274.0,222.0,151.0,171.0
17113,254.0,226.0,148.0,146.0
17114,247.0,169.0,145.0,143.0
17115,268.0,114.0,163.0,147.0
17116,243.0,93.0,122.0,133.0
17117,219.0,68.0,126.0,120.0
17118,254.0,107.0,139.0,148.0
17119,237.0,141.0,141.0,118.0
17120,233.0,99.0,117.0,138.0
17121,246.0,146.0,144.0,136.0
17122,227.0,172.0,128.0,138.0
17123,279.0,249.0,148.0,152.0
17124,261.0,114.0,156.0,162.0
17125,248.0,224.0,138.0,142.0
17126,252.0,128.0,146.0,141.0
17127,256.0,256.0,135.0,136.0
17128,268.0,146.0,155.0,158.0
17129,232.0,132.0,126.0,119.0
17130,249.0,108.0,141.0,152.0
17131,250.0,113.0,139.0,139.0
17132,272.0,113.0,123.0,139.0
17133,247.0,100.0,127.0,150.0
17134,262.0,214.0,148.0,145.0
17135,256.0,72.0,155.0,139.0
17136,237.0,68.0,154.0,139.0
17137,254.0,152.0,148.0,152.0
17138,243.0,133.0,133.0,134.0
17139,277.0,131.0,146.0,169.0
17140,261.0,214.0,155.0,136.0
17141,276.0,157.0,165.0,154.0
17142,243.0,207.0,138.0,139.0
17143,263.0,227.0,163.0,139.0
17144,238.0,105.0,133.0,122.0
17145,246.0,214.0,134.0,136.0
17146,249.0,224.0,126.0,134.0
17147,253.0,148.0,148.0,136.0
17148,271.0,151.0,147.0,156.0
17149,267.0,85.0,147.0,163.0
17150,263.0,224.0,146.0,144.0
17151,273.0,224.0,139.0,154.0
17152,261.0,54.0,155.0,148.0
17153,250.0,213.0,133.0,134.0
17154,289.0,249.0,169.0,162.0
17155,252.0,94.0,130.0,140.0
17156,249.0,219.0,146.0,134.0
17157,245.0,128.0,128.0,137.0
17158,265.0,85.0,153.0,160.0
17159,267.0,104.0,152.0,163.0
17160,239.0,141.0,138.0,123.0
17161,240.0,94.0,137.0,140.0
17162,262.0,134.0,142.0,144.0
17163,244.0,86.0,144.0,132.0
17164,254.0,183.0,150.0,136.0
17165,278.0,112.0,144.0,161.0
17166,239.0,209.0,135.0,134.0
17167,267.0,223.0,147.0,149.0
17168,256.0,226.0,149.0,136.0
17169,269.0,86.0,162.0,144.0
17170,243.0,107.0,143.0,132.0
17171,253.0,209.0,141.0,144.0
17172,258.0,130.0,151.0,144.0
17173,269.0,188.0,144.0,146.0
17174,253.0,213.0,149.0,135.0
17175,255.0,65.0,133.0,135.0
17176,250.0,123.0,140.0,142.0
17177,242.0,96.0,134.0,136.0
17178,269.0,96.0,153.0,154.0
17179,273.0,130.0,157.0,156.0
17180,259.0,89.0,138.0,151.0
17181,236.0,148.0,138.0,141.0
17182,238.0,98.0,135.0,132.0
17183,254.0,68.0,137.0,137.0
17184,260.0,237.0,148.0,141.0
17185,254.0,100.0,134.0,131.0
17186,243.0,139.0,135.0,137.0
17187,267.0,254.0,143.0,137.0
17188,253.0,73.0,158.0,145.0
17189,277.0,121.0,172.0,148.0
17190,259.0,113.0,152.0,146.0
17191,257.0,95.0,141.0,143.0
17192,259.0,204.0,145.0,143.0
17193,253.0,231.0,129.0,134.0
17194,246.0,153.0,141.0,129.0
17195,260.0,113.0,154.0,142.0
17196,267.0,140.0,155.0,151.0
17197,241.0,174.0,137.0,139.0
17198,255.0,103.0,138.0,134.0
17199,246.0,88.0,137.0,138.0
17200,265.0,118.0,142.0,139.0
17201,257.0,108.0,138.0,154.0
17202,256.0,218.0,149.0,128.0
17203,261.0,92.0,150.0,152.0
17204,237.0,108.0,149.0,129.0
17205,225.0,174.0,123.0,133.0
17206,244.0,131.0,133.0,139.0
17207,242.0,102.0,142.0,145.0
17208,254.0,80.0,129.0,141.0
17209,216.0,189.0,114.0,111.0
17210,265.0,231.0,167.0,150.0
17211,245.0,230.0,123.0,139.0
17212,281.0,266.0,172.0,156.0
17213,263.0,75.0,157.0,153.0
17214,248.0,82.0,136.0,156.0
17215,254.0,224.0,147.0,134.0
17216,229.0,204.0,133.0,132.0
17217,252.0,83.0,138.0,145.0
17218,273.0,217.0,157.0,160.0
17219,247.0,149.0,130.0,143.0
17220,246.0,103.0,143.0,118.0
17221,223.0,108.0,130.0,118.0
17222,248.0,97.0,140.0,135.0
17223,251.0,143.0,133.0,142.0
17224,256.0,150.0,144.0,154.0
17225,243.0,239.0,130.0,144.0
17226,244.0,127.0,135.0,127.0
17227,248.0,73.0,154.0,142.0
17228,248.0,86.0,152.0,130.0
17229,255.0,224.0,140.0,145.0
17230,248.0,110.0,130.0,136.0
17231,243.0,151.0,137.0,140.0
17232,266.0,89.0,154.0,163.0
17233,230.0,107.0,126.0,130.0
17234,263.0,110.0,144.0,153.0
17235,248.0,171.0,154.0,144.0
17236,228.0,221.0,131.0,125.0
17237,248.0,212.0,138.0,142.0
17238,250.0,220.0,137.0,129.0
17239,251.0,217.0,142.0,145.0
17240,261.0,209.0,151.0,166.0
17241,249.0,123.0,135.0,144.0
17242,257.0,121.0,146.0,144.0
17243,256.0,165.0,130.0,137.0
17244,263.0,126.0,155.0,151.0
17245,247.0,122.0,130.0,143.0
17246,259.0,224.0,150.0,147.0
17247,237.0,61.0,141.0,141.0
17248,259.0,95.0,149.0,144.0
17249,251.0,123.0,142.0,138.0
17250,227.0,108.0,129.0,120.0
17251,246.0,103.0,131.0,138.0
17252,252.0,200.0,139.0,138.0
17253,258.0,243.0,157.0,148.0
17254,244.0,122.0,125.0,136.0
17255,255.0,160.0,155.0,142.0
17256,253.0,215.0,142.0,140.0
17257,255.0,112.0,153.0,143.0
17258,233.0,203.0,111.0,120.0
17259,248.0,150.0,145.0,133.0
17260,223.0,221.0,134.0,133.0
17261,269.0,142.0,154.0,155.0
17262,240.0,199.0,135.0,139.0
17263,247.0,56.0,151.0,139.0
17264,254.0,125.0,126.0,136.0
17265,235.0,121.0,124.0,134.0
17266,236.0,145.0,137.0,133.0
17267,255.0,122.0,146.0,147.0
17268,275.0,180.0,153.0,150.0
17269,252.0,194.0,152.0,146.0
17270,239.0,146.0,135.0,141.0
17271,229.0,227.0,126.0,132.0
17272,268.0,125.0,144.0,154.0
17273,237.0,110.0,136.0,125.0
17274,257.0,108.0,136.0,164.0
17275,274.0,73.0,158.0,168.0
17276,246.0,207.0,131.0,139.0
17277,250.0,66.0,130.0,142.0
17278,251.0,55.0,149.0,141.0
17279,257.0,114.0,146.0,156.0
17280,252.0,166.0,133.0,129.0
17281,244.0,129.0,131.0,125.0
17282,242.0,77.0,131.0,143.0
17283,239.0,101.0,133.0,131.0
17284,269.0,247.0,152.0,151.0
17285,253.0,123.0,151.0,135.0
17286,245.0,144.0,132.0,134.0
17287,247.0,112.0,129.0,132.0
17288,246.0,204.0,140.0,137.0
17289,263.0,120.0,143.0,151.0
17290,274.0,113.0,144.0,158.0
17291,259.0,108.0,148.0,156.0
17292,246.0,105.0,146.0,146.0
17293,248.0,158.0,128.0,143.0
17294,254.0,99.0,134.0,147.0
17295,244.0,112.0,143.0,130.0
17296,255.0,148.0,160.0,151.0
17297,283.0,235.0,148.0,155.0
17298,247.0,82.0,136.0,128.0
17299,268.0,253.0,139.0,138.0
17300,272.0,271.0,151.0,156.0
17301,236.0,235.0,145.0,118.0
17302,245.0,83.0,143.0,147.0
17303,273.0,250.0,161.0,151.0
17304,230.0,83.0,116.0,153.0
17305,258.0,235.0,153.0,144.0
17306,221.0,138.0,131.0,120.0
17307,251.0,95.0,145.0,151.0
17308,240.0,82.0,148.0,137.0
17309,250.0,220.0,147.0,135.0
17310,234.0,87.0,130.0,120.0
17311,253.0,124.0,132.0,154.0
17312,244.0,128.0,134.0,140.0
17313,259.0,178.0,147.0,138.0
17314,255.0,132.0,139.0,144.0
17315,239.0,193.0,133.0,122.0
17316,228.0,75.0,139.0,134.0
17317,270.0,130.0,155.0,151.0
17318,269.0,117.0,163.0,145.0
17319,253.0,145.0,134.0,145.0
17320,256.0,152.0,131.0,146.0
17321,246.0,219.0,128.0,134.0
17322,243.0,148.0,133.0,145.0
17323,270.0,100.0,152.0,143.0
17324,240.0,113.0,134.0,146.0
17325,268.0,78.0,168.0,157.0
17326,249.0,132.0,138.0,156.0
17327,246.0,100.0,143.0,135.0
17328,248.0,213.0,136.0,141.0
17329,262.0,125.0,144.0,149.0
17330,260.0,240.0,141.0,137.0
17331,249.0,70.0,129.0,146.0
17332,231.0,100.0,124.0,136.0
17333,229.0,122.0,139.0,131.0
17334,236.0,231.0,139.0,134.0
17335,264.0,104.0,128.0,158.0
17336,276.0,248.0,141.0,157.0
17337,268.0,136.0,148.0,150.0
17338,256.0,175.0,146.0,153.0
17339,257.0,127.0,141.0,135.0
17340,258.0,227.0,126.0,128.0
17341,244.0,99.0,142.0,142.0
17342,260.0,142.0,133.0,138.0
17343,241.0,144.0,139.0,136.0
17344,245.0,128.0,116.0,131.0
17345,245.0,98.0,139.0,141.0
17346,255.0,219.0,126.0,146.0
17347,273.0,76.0,149.0,159.0
17348,262.0,95.0,150.0,152.0
17349,266.0,119.0,138.0,154.0
17350,243.0,235.0,131.0,135.0
17351,246.0,238.0,142.0,126.0
17352,271.0,103.0,154.0,151.0
17353,258.0,109.0,129.0,151.0
17354,220.0,116.0,122.0,130.0
17355,269.0,116.0,156.0,143.0
17356,244.0,128.0,138.0,133.0
17357,252.0,111.0,134.0,149.0
17358,263.0,141.0,147.0,151.0
17359,253.0,120.0,148.0,138.0
17360,231.0,92.0,135.0,143.0
17361,246.0,150.0,133.0,123.0
17362,272.0,229.0,156.0,158.0
17363,249.0,123.0,148.0,132.0
17364,253.0,134.0,140.0,145.0
17365,243.0,133.0,139.0,142.0
17366,243.0,235.0,157.0,129.0
17367,229.0,221.0,136.0,132.0
17368,257.0,109.0,153.0,143.0
17369,254.0,89.0,156.0,157.0
17370,244.0,230.0,127.0,137.0
17371,263.0,161.0,152.0,151.0
17372,250.0,63.0,156.0,139.0
17373,238.0,132.0,126.0,129.0
17374,237.0,91.0,126.0,126.0
17375,261.0,251.0,143.0,153.0
17376,248.0,175.0,146.0,145.0
17377,259.0,100.0,145.0,139.0
17378,245.0,136.0,146.0,145.0
17379,240.0,207.0,114.0,151.0
17380,258.0,160.0,140.0,140.0
17381,221.0,195.0,112.0,128.0
17382,240.0,124.0,144.0,134.0
17383,255.0,147.0,144.0,137.0
17384,258.0,125.0,159.0,135.0
17385,276.0,215.0,153.0,149.0
17386,251.0,153.0,140.0,153.0
17387,258.0,99.0,147.0,152.0
17388,241.0,89.0,133.0,131.0
17389,231.0,200.0,124.0,129.0
17390,246.0,208.0,138.0,143.0
17391,271.0,154.0,144.0,150.0
17392,250.0,111.0,134.0,144.0
17393,239.0,139.0,138.0,145.0
17394,254.0,213.0,146.0,136.0
17395,264.0,234.0,142.0,157.0
17396,229.0,202.0,140.0,132.0
17397,245.0,155.0,152.0,136.0
17398,254.0,220.0,147.0,150.0
17399,259.0,245.0,145.0,140.0
17400,276.0,111.0,165.0,160.0
17401,266.0,121.0,168.0,150.0
17402,255.0,106.0,138.0,148.0
17403,237.0,116.0,131.0,146.0
17404,233.0,216.0,125.0,118.0
17405,277.0,132.0,153.0,162.0
17406,263.0,120.0,156.0,139.0
17407,245.0,244.0,142.0,157.0
17408,255.0,217.0,141.0,141.0
17409,265.0,192.0,149.0,148.0
17410,270.0,127.0,143.0,156.0
17411,263.0,122.0,145.0,147.0
17412,257.0,150.0,148.0,145.0
17413,237.0,210.0,131.0,128.0
17414,253.0,115.0,140.0,139.0
17415,252.0,118.0,140.0,144.0
17416,248.0,220.0,128.0,138.0
17417,273.0,241.0,152.0,156.0
17418,254.0,98.0,135.0,130.0
17419,223.0,180.0,136.0,128.0
17420,253.0,111.0,148.0,145.0
17421,261.0,40.0,153.0,152.0
17422,232.0,79.0,131.0,132.0
17423,237.0,232.0,135.0,129.0
17424,252.0,152.0,157.0,130.0
17425,256.0,58.0,135.0,138.0
17426,254.0,97.0,159.0,149.0
17427,252.0,144.0,148.0,136.0
17428,237.0,225.0,135.0,141.0
17429,221.0,195.0,126.0,117.0
17430,249.0,212.0,136.0,144.0
17431,229.0,191.0,132.0,131.0
17432,241.0,94.0,132.0,141.0
17433,254.0,120.0,155.0,139.0
17434,247.0,214.0,139.0,141.0
17435,260.0,145.0,154.0,140.0
17436,262.0,191.0,149.0,152.0
17437,237.0,213.0,133.0,129.0
17438,232.0,76.0,141.0,123.0
17439,249.0,211.0,146.0,143.0
17440,268.0,159.0,167.0,149.0
17441,222.0,120.0,126.0,123.0
17442,241.0,115.0,137.0,152.0
17443,265.0,132.0,134.0,154.0
17444,263.0,123.0,152.0,140.0
17445,243.0,145.0,143.0,132.0
17446,239.0,66.0,134.0,129.0
17447,251.0,148.0,152.0,147.0
17448,233.0,211.0,137.0,127.0
17449,257.0,140.0,137.0,144.0
17450,246.0,119.0,144.0,138.0
17451,257.0,252.0,131.0,142.0
17452,248.0,199.0,152.0,116.0
17453,254.0,108.0,137.0,143.0
17454,246.0,219.0,148.0,133.0
17455,241.0,118.0,140.0,137.0
17456,254.0,51.0,144.0,144.0
17457,276.0,156.0,164.0,167.0
17458,244.0,68.0,139.0,140.0
17459,257.0,128.0,142.0,150.0
17460,234.0,205.0,128.0,133.0
17461,241.0,212.0,144.0,133.0
17462,234.0,187.0,133.0,117.0
17463,272.0,117.0,158.0,149.0
17464,239.0,231.0,142.0,130.0
17465,233.0,54.0,122.0,128.0
17466,250.0,85.0,131.0,128.0
17467,274.0,139.0,170.0,155.0
17468,248.0,205.0,145.0,147.0
17469,247.0,106.0,148.0,143.0
17470,251.0,120.0,148.0,149.0
17471,267.0,243.0,155.0,141.0
17472,246.0,115.0,139.0,142.0
17473,245.0,190.0,138.0,124.0
17474,292.0,245.0,177.0,156.0
17475,246.0,199.0,148.0,141.0
17476,257.0,103.0,140.0,143.0
17477,261.0,155.0,143.0,153.0
17478,270.0,235.0,140.0,137.0
17479,252.0,139.0,136.0,147.0
17480,231.0,92.0,143.0,137.0
17481,273.0,239.0,169.0,158.0
17482,235.0,92.0,133.0,134.0
17483,254.0,213.0,143.0,133.0
17484,255.0,226.0,151.0,147.0
17485,247.0,162.0,129.0,127.0
17486,230.0,127.0,130.0,127.0
17487,254.0,85.0,135.0,138.0
17488,260.0,138.0,136.0,151.0
17489,220.0,149.0,125.0,131.0
17490,269.0,224.0,151.0,145.0
17491,247.0,136.0,144.0,136.0
17492,266.0,227.0,147.0,161.0
17493,245.0,206.0,133.0,126.0
17494,278.0,142.0,148.0,156.0
17495,265.0,230.0,152.0,141.0
17496,273.0,209.0,148.0,157.0
17497,253.0,151.0,138.0,133.0
17498,231.0,118.0,139.0,129.0
17499,253.0,224.0,142.0,142.0
17500,253.0,227.0,142.0,160.0
17501,245.0,239.0,130.0,140.0
17502,276.0,104.0,153.0,158.0
17503,242.0,138.0,155.0,129.0
17504,251.0,226.0,140.0,146.0
17505,265.0,93.0,154.0,164.0
17506,248.0,91.0,142.0,131.0
17507,259.0,220.0,149.0,159.0
17508,257.0,157.0,134.0,141.0
17509,244.0,243.0,136.0,134.0
17510,261.0,260.0,136.0,151.0
17511,259.0,108.0,152.0,151.0
17512,267.0,128.0,142.0,154.0
17513,240.0,87.0,127.0,131.0
17514,257.0,102.0,156.0,138.0
17515,261.0,223.0,139.0,145.0
17516,234.0,58.0,139.0,132.0
17517,249.0,120.0,140.0,144.0
17518,284.0,258.0,140.0,173.0
17519,271.0,230.0,152.0,154.0
17520,257.0,99.0,154.0,150.0
17521,237.0,203.0,137.0,137.0
17522,257.0,220.0,141.0,146.0
17523,249.0,102.0,136.0,141.0
17524,234.0,104.0,138.0,128.0
17525,278.0,120.0,159.0,154.0
17526,268.0,139.0,166.0,153.0
17527,241.0,130.0,144.0,129.0
17528,244.0,213.0,119.0,133.0
17529,242.0,91.0,143.0,121.0
17530,229.0,212.0,133.0,129.0
17531,235.0,79.0,136.0,118.0
17532,277.0,110.0,155.0,157.0
17533,256.0,140.0,134.0,153.0
17534,257.0,100.0,143.0,132.0
17535,256.0,212.0,139.0,138.0
17536,251.0,176.0,139.0,140.0
17537,263.0,100.0,135.0,153.0
17538,262.0,237.0,151.0,145.0
17539,268.0,243.0,154.0,151.0
17540,249.0,163.0,137.0,139.0
17541,244.0,108.0,137.0,146.0
17542,225.0,104.0,113.0,123.0
17543,252.0,102.0,138.0,135.0
17544,260.0,238.0,138.0,144.0
17545,229.0,78.0,136.0,132.0
17546,232.0,84.0,124.0,133.0
17547,276.0,127.0,134.0,154.0
17548,249.0,129.0,137.0,137.0
17549,224.0,77.0,124.0,126.0
17550,250.0,72.0,144.0,134.0
17551,254.0,134.0,138.0,128.0
17552,245.0,242.0,141.0,137.0
17553,245.0,161.0,130.0,156.0
17554,243.0,76.0,133.0,146.0
17555,247.0,95.0,124.0,141.0
17556,261.0,117.0,150.0,134.0
17557,247.0,74.0,151.0,135.0
17558,260.0,68.0,156.0,142.0
17559,258.0,65.0,131.0,151.0
17560,240.0,58.0,124.0,132.0
17561,250.0,134.0,124.0,146.0
17562,239.0,105.0,142.0,144.0
17563,254.0,178.0,130.0,149.0
17564,254.0,137.0,157.0,134.0
17565,276.0,70.0,160.0,164.0
17566,249.0,105.0,151.0,142.0
17567,244.0,88.0,152.0,140.0
17568,244.0,105.0,138.0,133.0
17569,246.0,222.0,128.0,147.0
17570,238.0,227.0,138.0,151.0
17571,257.0,236.0,163.0,150.0
17572,264.0,130.0,151.0,147.0
17573,244.0,103.0,139.0,132.0
17574,229.0,176.0,117.0,120.0
17575,266.0,130.0,151.0,134.0
17576,252.0,111.0,136.0,146.0
17577,237.0,198.0,140.0,124.0
17578,262.0,229.0,151.0,153.0
17579,263.0,226.0,141.0,145.0
17580,243.0,42.0,130.0,140.0
17581,232.0,89.0,124.0,129.0
17582,241.0,150.0,138.0,127.0
17583,262.0,102.0,139.0,123.0
17584,230.0,101.0,135.0,127.0
17585,246.0,151.0,152.0,146.0
17586,241.0,137.0,130.0,124.0
17587,256.0,145.0,147.0,145.0
17588,230.0,112.0,138.0,132.0
17589,254.0,88.0,133.0,156.0
17590,230.0,117.0,124.0,140.0
17591,251.0,168.0,135.0,143.0
17592,254.0,131.0,134.0,138.0
17593,249.0,133.0,148.0,131.0
17594,243.0,49.0,133.0,141.0
17595,261.0,105.0,147.0,144.0
17596,265.0,216.0,144.0,140.0
17597,237.0,115.0,132.0,141.0
17598,240.0,98.0,139.0,139.0
17599,254.0,99.0,150.0,133.0
17600,262.0,121.0,144.0,145.0
17601,260.0,146.0,149.0,146.0
17602,235.0,85.0,131.0,131.0
17603,288.0,81.0,155.0,169.0
17604,244.0,123.0,144.0,136.0
17605,266.0,93.0,150.0,152.0
17606,276.0,123.0,153.0,163.0
17607,245.0,204.0,130.0,141.0
17608,270.0,167.0,151.0,148.0
17609,289.0,90.0,157.0,159.0
17610,261.0,231.0,137.0,143.0
17611,241.0,210.0,137.0,137.0
17612,250.0,125.0,133.0,144.0
17613,244.0,212.0,139.0,127.0
17614,249.0,197.0,150.0,148.0
17615,273.0,154.0,149.0,161.0
17616,238.0,85.0,134.0,148.0
17617,237.0,111.0,142.0,135.0
17618,261.0,217.0,156.0,143.0
17619,263.0,124.0,136.0,152.0
17620,254.0,160.0,147.0,137.0
17621,252.0,212.0,150.0,138.0
17622,232.0,79.0,122.0,129.0
17623,226.0,208.0,130.0,142.0
17624,249.0,101.0,141.0,157.0
17625,242.0,204.0,132.0,135.0
17626,261.0,153.0,140.0,136.0
17627,267.0,65.0,141.0,148.0
17628,244.0,104.0,134.0,146.0
17629,257.0,133.0,154.0,143.0
17630,243.0,241.0,138.0,125.0
17631,274.0,87.0,143.0,155.0
17632,239.0,90.0,141.0,127.0
17633,247.0,105.0,142.0,134.0
17634,235.0,163.0,137.0,125.0
17635,237.0,100.0,135.0,142.0
17636,239.0,135.0,138.0,134.0
17637,229.0,131.0,135.0,126.0
17638,250.0,110.0,144.0,137.0
17639,266.0,87.0,160.0,136.0
17640,245.0,83.0,145.0,136.0
17641,263.0,233.0,156.0,139.0
17642,267.0,113.0,151.0,148.0
17643,276.0,97.0,163.0,168.0
17644,255.0,122.0,148.0,126.0
17645,244.0,132.0,134.0,130.0
17646,240.0,88.0,133.0,121.0
17647,250.0,192.0,132.0,140.0
17648,253.0,240.0,139.0,158.0
17649,242.0,240.0,133.0,130.0
17650,239.0,138.0,129.0,131.0
17651,252.0,250.0,140.0,146.0
17652,260.0,143.0,144.0,140.0
17653,239.0,82.0,130.0,121.0
17654,236.0,128.0,128.0,130.0
17655,239.0,66.0,132.0,123.0
17656,226.0,88.0,126.0,135.0
17657,247.0,93.0,138.0,151.0
17658,247.0,211.0,130.0,124.0
17659,219.0,89.0,115.0,118.0
17660,251.0,105.0,161.0,145.0
17661,253.0,97.0,145.0,140.0
17662,233.0,104.0,142.0,127.0
17663,255.0,244.0,147.0,144.0
17664,232.0,190.0,141.0,148.0
17665,227.0,177.0,121.0,120.0
17666,245.0,209.0,143.0,138.0
17667,247.0,109.0,130.0,137.0
17668,224.0,190.0,118.0,125.0
17669,229.0,72.0,130.0,118.0
17670,244.0,205.0,129.0,144.0
17671,250.0,62.0,153.0,142.0
17672,242.0,213.0,138.0,138.0
17673,238.0,147.0,142.0,125.0
17674,257.0,114.0,133.0,142.0
17675,259.0,102.0,153.0,136.0
17676,245.0,87.0,150.0,149.0
17677,211.0,151.0,116.0,113.0
17678,243.0,126.0,148.0,130.0
17679,253.0,98.0,152.0,144.0
17680,256.0,173.0,145.0,143.0
17681,254.0,136.0,143.0,156.0
17682,227.0,119.0,109.0,130.0
17683,234.0,110.0,121.0,144.0
17684,237.0,85.0,138.0,126.0
17685,236.0,192.0,124.0,137.0
17686,246.0,216.0,138.0,147.0
17687,255.0,107.0,139.0,151.0
17688,243.0,240.0,144.0,142.0
17689,246.0,110.0,138.0,142.0
17690,250.0,136.0,138.0,159.0
17691,246.0,81.0,139.0,143.0
17692,261.0,102.0,155.0,153.0
17693,251.0,176.0,145.0,141.0
17694,254.0,122.0,150.0,136.0
17695,253.0,132.0,126.0,144.0
17696,242.0,131.0,128.0,132.0
17697,251.0,56.0,127.0,128.0
17698,245.0,207.0,147.0,128.0
17699,274.0,226.0,149.0,165.0
17700,240.0,72.0,146.0,132.0
17701,249.0,224.0,127.0,148.0
17702,234.0,182.0,121.0,147.0
17703,247.0,137.0,134.0,139.0
17704,254.0,171.0,153.0,138.0
17705,250.0,86.0,131.0,140.0
17706,261.0,128.0,155.0,148.0
17707,245.0,209.0,143.0,140.0
17708,242.0,214.0,138.0,139.0
17709,249.0,221.0,132.0,137.0
17710,260.0,148.0,142.0,145.0
17711,263.0,222.0,150.0,151.0
17712,257.0,114.0,143.0,145.0
17713,258.0,102.0,145.0,140.0
17714,240.0,118.0,130.0,130.0
17715,248.0,224.0,116.0,139.0
17716,277.0,252.0,151.0,159.0
17717,250.0,100.0,148.0,158.0
17718,250.0,163.0,124.0,132.0
17719,246.0,211.0,139.0,143.0
17720,247.0,81.0,123.0,136.0
17721,268.0,130.0,148.0,146.0
17722,257.0,253.0,147.0,123.0
17723,258.0,108.0,143.0,138.0
17724,239.0,116.0,125.0,127.0
17725,236.0,91.0,130.0,134.0
17726,246.0,123.0,129.0,147.0
17727,239.0,139.0,133.0,132.0
17728,250.0,80.0,139.0,142.0
17729,236.0,119.0,120.0,116.0
17730,238.0,120.0,118.0,136.0
17731,262.0,113.0,147.0,136.0
17732,251.0,117.0,147.0,147.0
17733,260.0,256.0,131.0,155.0
17734,241.0,106.0,135.0,153.0
17735,253.0,250.0,145.0,133.0
17736,260.0,174.0,134.0,137.0
17737,238.0,92.0,135.0,147.0
17738,237.0,198.0,146.0,137.0
17739,240.0,103.0,140.0,136.0
17740,245.0,144.0,160.0,143.0
17741,253.0,135.0,157.0,137.0
17742,274.0,244.0,161.0,148.0
17743,257.0,163.0,143.0,142.0
17744,208.0,90.0,112.0,107.0
17745,278.0,123.0,143.0,160.0
17746,251.0,166.0,142.0,142.0
17747,257.0,255.0,159.0,145.0
17748,254.0,100.0,141.0,142.0
17749,249.0,184.0,147.0,140.0
17750,243.0,110.0,140.0,146.0
17751,261.0,229.0,133.0,144.0
17752,275.0,267.0,150.0,143.0
17753,251.0,221.0,141.0,156.0
17754,247.0,109.0,141.0,132.0
17755,258.0,100.0,148.0,160.0
17756,244.0,80.0,141.0,141.0
17757,280.0,241.0,148.0,168.0
17758,247.0,208.0,143.0,145.0
17759,262.0,128.0,144.0,154.0
17760,259.0,223.0,144.0,144.0
17761,245.0,218.0,143.0,139.0
17762,261.0,254.0,163.0,142.0
17763,249.0,124.0,119.0,146.0
17764,281.0,114.0,172.0,159.0
17765,240.0,239.0,134.0,147.0
17766,210.0,140.0,121.0,120.0
17767,251.0,92.0,137.0,137.0
17768,255.0,205.0,151.0,147.0
17769,227.0,136.0,135.0,132.0
17770,260.0,237.0,146.0,158.0
17771,243.0,134.0,151.0,131.0
17772,276.0,114.0,158.0,166.0
17773,248.0,208.0,139.0,141.0
17774,262.0,115.0,145.0,153.0
17775,275.0,241.0,151.0,164.0
17776,241.0,157.0,130.0,130.0
17777,254.0,120.0,130.0,132.0
17778,251.0,100.0,137.0,136.0
17779,238.0,129.0,128.0,133.0
17780,273.0,228.0,165.0,161.0
17781,248.0,223.0,139.0,141.0
17782,255.0,148.0,141.0,146.0
17783,266.0,127.0,145.0,157.0
17784,241.0,69.0,125.0,129.0
17785,230.0,70.0,126.0,134.0
17786,265.0,149.0,134.0,154.0
17787,261.0,121.0,148.0,154.0
17788,241.0,119.0,142.0,138.0
17789,243.0,232.0,133.0,140.0
17790,247.0,236.0,133.0,140.0
17791,271.0,228.0,157.0,158.0
17792,235.0,206.0,129.0,135.0
17793,215.0,83.0,109.0,124.0
17794,223.0,108.0,125.0,125.0
17795,255.0,242.0,140.0,144.0
17796,265.0,226.0,150.0,137.0
17797,228.0,85.0,116.0,131.0
17798,245.0,97.0,126.0,141.0
17799,213.0,118.0,118.0,113.0
17800,261.0,83.0,136.0,138.0
17801,251.0,138.0,144.0,118.0
17802,259.0,144.0,144.0,160.0
17803,278.0,153.0,154.0,147.0
17804,225.0,105.0,134.0,125.0
17805,271.0,236.0,148.0,146.0
17806,256.0,97.0,134.0,137.0
17807,229.0,111.0,132.0,140.0
17808,259.0,258.0,151.0,144.0
17809,268.0,108.0,156.0,167.0
17810,251.0,178.0,133.0,142.0
17811,238.0,71.0,128.0,133.0
17812,259.0,92.0,135.0,154.0
17813,240.0,100.0,141.0,139.0
17814,238.0,206.0,138.0,134.0
17815,246.0,96.0,132.0,148.0
17816,251.0,149.0,144.0,133.0
17817,222.0,88.0,134.0,133.0
17818,263.0,118.0,142.0,146.0
17819,259.0,235.0,150.0,152.0
17820,247.0,154.0,143.0,146.0
17821,257.0,91.0,143.0,152.0
17822,248.0,215.0,128.0,146.0
17823,260.0,219.0,140.0,141.0
17824,236.0,86.0,142.0,138.0
17825,253.0,130.0,142.0,151.0
17826,230.0,154.0,123.0,132.0
17827,259.0,115.0,145.0,146.0
17828,261.0,217.0,133.0,153.0
17829,264.0,127.0,158.0,143.0
17830,240.0,223.0,156.0,157.0
17831,246.0,106.0,139.0,131.0
17832,241.0,211.0,146.0,127.0
17833,253.0,99.0,136.0,155.0
17834,240.0,165.0,130.0,113.0
17835,250.0,113.0,147.0,141.0
17836,251.0,223.0,147.0,155.0
17837,245.0,240.0,139.0,141.0
17838,245.0,222.0,135.0,144.0
17839,272.0,135.0,151.0,144.0
17840,252.0,205.0,133.0,128.0
17841,244.0,93.0,150.0,147.0
17842,252.0,101.0,127.0,127.0
17843,257.0,244.0,160.0,149.0
17844,259.0,155.0,155.0,147.0
17845,246.0,245.0,135.0,153.0
17846,247.0,246.0,158.0,139.0
17847,260.0,238.0,148.0,144.0
17848,243.0,198.0,139.0,143.0
17849,269.0,231.0,148.0,142.0
17850,242.0,86.0,146.0,141.0
17851,271.0,74.0,145.0,149.0
17852,247.0,128.0,126.0,130.0
17853,244.0,185.0,133.0,149.0
17854,234.0,188.0,129.0,135.0
17855,255.0,137.0,123.0,139.0
17856,266.0,114.0,149.0,156.0
17857,253.0,127.0,144.0,145.0
17858,247.0,120.0,147.0,143.0
17859,247.0,222.0,142.0,128.0
17860,266.0,113.0,140.0,143.0
17861,266.0,232.0,144.0,148.0
17862,256.0,103.0,137.0,157.0
17863,250.0,71.0,147.0,150.0
17864,238.0,118.0,125.0,134.0
17865,249.0,116.0,137.0,143.0
17866,251.0,151.0,153.0,139.0
17867,248.0,207.0,146.0,145.0
17868,260.0,119.0,159.0,148.0
17869,243.0,98.0,145.0,136.0
17870,265.0,88.0,145.0,156.0
17871,257.0,108.0,144.0,137.0
17872,250.0,87.0,148.0,148.0
17873,229.0,55.0,123.0,143.0
17874,252.0,212.0,146.0,151.0
17875,259.0,219.0,146.0,145.0
17876,256.0,80.0,140.0,154.0
17877,230.0,194.0,111.0,122.0
17878,252.0,95.0,146.0,147.0
17879,256.0,125.0,151.0,147.0
17880,222.0,198.0,136.0,114.0
17881,243.0,133.0,137.0,142.0
17882,248.0,223.0,145.0,144.0
17883,289.0,264.0,157.0,159.0
17884,241.0,198.0,137.0,119.0
17885,275.0,113.0,153.0,149.0
17886,229.0,87.0,147.0,141.0
17887,245.0,92.0,147.0,132.0
17888,273.0,116.0,147.0,160.0
17889,248.0,167.0,138.0,137.0
17890,268.0,106.0,148.0,154.0
17891,276.0,235.0,146.0,150.0
17892,276.0,110.0,137.0,160.0
17893,256.0,141.0,150.0,152.0
17894,261.0,236.0,165.0,152.0
17895,242.0,94.0,137.0,134.0
17896,235.0,204.0,148.0,138.0
17897,276.0,121.0,167.0,160.0
17898,238.0,232.0,132.0,138.0
17899,257.0,251.0,163.0,139.0
17900,252.0,182.0,140.0,129.0
17901,218.0,80.0,124.0,130.0
17902,243.0,124.0,131.0,146.0
17903,259.0,120.0,142.0,133.0
17904,266.0,123.0,147.0,152.0
17905,226.0,197.0,135.0,132.0
17906,251.0,134.0,138.0,141.0
17907,251.0,251.0,138.0,145.0
17908,254.0,126.0,149.0,149.0
17909,265.0,104.0,129.0,156.0
17910,271.0,126.0,155.0,157.0
17911,250.0,152.0,137.0,130.0
17912,251.0,87.0,142.0,144.0
17913,241.0,173.0,132.0,122.0
17914,251.0,102.0,137.0,155.0
17915,255.0,99.0,150.0,162.0
17916,268.0,120.0,150.0,157.0
17917,251.0,64.0,143.0,140.0
17918,275.0,192.0,157.0,162.0
17919,241.0,49.0,146.0,142.0
17920,244.0,161.0,132.0,135.0
17921,246.0,160.0,121.0,140.0
17922,240.0,205.0,140.0,119.0
17923,238.0,111.0,116.0,135.0
17924,247.0,61.0,147.0,149.0
17925,242.0,208.0,146.0,137.0
17926,260.0,233.0,140.0,158.0
17927,269.0,176.0,142.0,151.0
17928,245.0,161.0,131.0,130.0
17929,246.0,132.0,128.0,141.0
17930,261.0,91.0,151.0,146.0
17931,218.0,217.0,141.0,119.0
17932,269.0,135.0,151.0,154.0
17933,246.0,221.0,135.0,132.0
17934,240.0,126.0,132.0,122.0
17935,230.0,89.0,128.0,126.0
17936,250.0,94.0,138.0,140.0
17937,253.0,129.0,134.0,135.0
17938,256.0,159.0,148.0,152.0
17939,251.0,147.0,131.0,151.0
17940,243.0,115.0,138.0,121.0
17941,249.0,109.0,126.0,148.0
17942,234.0,106.0,120.0,124.0
17943,244.0,210.0,128.0,115.0
17944,261.0,139.0,159.0,140.0
17945,239.0,215.0,126.0,134.0
17946,264.0,101.0,174.0,146.0
17947,258.0,185.0,134.0,139.0
17948,229.0,97.0,127.0,127.0
17949,281.0,246.0,160.0,167.0
17950,234.0,203.0,129.0,121.0
17951,253.0,229.0,148.0,129.0
17952,271.0,237.0,148.0,151.0
17953,269.0,191.0,160.0,153.0
17954,248.0,86.0,159.0,138.0
17955,238.0,133.0,142.0,131.0
17956,270.0,237.0,140.0,170.0
17957,242.0,118.0,130.0,138.0
17958,251.0,50.0,136.0,133.0
17959,227.0,125.0,118.0,115.0
17960,226.0,194.0,144.0,137.0
17961,267.0,230.0,137.0,142.0
17962,236.0,109.0,149.0,135.0
17963,244.0,205.0,141.0,129.0
17964,258.0,111.0,142.0,135.0
17965,275.0,94.0,164.0,158.0
17966,225.0,80.0,133.0,135.0
17967,254.0,147.0,127.0,142.0
17968,250.0,221.0,133.0,149.0
17969,248.0,127.0,144.0,129.0
17970,243.0,92.0,134.0,151.0
17971,234.0,163.0,137.0,138.0
17972,257.0,137.0,148.0,134.0
17973,265.0,129.0,152.0,150.0
17974,256.0,172.0,130.0,153.0
17975,254.0,137.0,137.0,154.0
17976,227.0,98.0,127.0,124.0
17977,251.0,127.0,139.0,132.0
17978,251.0,124.0,150.0,151.0
17979,237.0,98.0,134.0,130.0
17980,237.0,81.0,132.0,145.0
17981,232.0,114.0,141.0,132.0
17982,235.0,132.0,134.0,135.0
17983,243.0,83.0,131.0,128.0
17984,278.0,246.0,165.0,167.0
17985,237.0,234.0,138.0,141.0
17986,247.0,244.0,140.0,143.0
17987,244.0,208.0,139.0,133.0
17988,245.0,208.0,136.0,133.0
17989,244.0,243.0,136.0,143.0
17990,271.0,103.0,167.0,151.0
17991,267.0,164.0,142.0,144.0
17992,244.0,201.0,134.0,139.0
17993,251.0,127.0,142.0,137.0
17994,257.0,214.0,144.0,144.0
17995,232.0,76.0,126.0,135.0
17996,258.0,99.0,151.0,132.0
17997,247.0,92.0,141.0,142.0
17998,231.0,120.0,122.0,128.0
17999,283.0,245.0,169.0,161.0
18000,246.0,104.0,152.0,148.0
18001,243.0,104.0,125.0,134.0
18002,258.0,132.0,138.0,142.0
18003,244.0,127.0,144.0,123.0
18004,257.0,87.0,145.0,149.0
18005,251.0,117.0,144.0,145.0
18006,242.0,198.0,153.0,133.0
18007,251.0,82.0,146.0,147.0
18008,278.0,91.0,153.0,142.0
18009,249.0,130.0,134.0,152.0
18010,245.0,96.0,145.0,153.0
18011,252.0,87.0,138.0,163.0
18012,236.0,178.0,146.0,145.0
18013,219.0,162.0,120.0,116.0
18014,262.0,84.0,134.0,153.0
18015,243.0,97.0,137.0,137.0
18016,247.0,185.0,125.0,140.0
18017,262.0,72.0,138.0,148.0
18018,277.0,101.0,149.0,169.0
18019,263.0,110.0,132.0,147.0
18020,253.0,104.0,134.0,142.0
18021,228.0,83.0,115.0,130.0
18022,258.0,106.0,152.0,147.0
18023,242.0,215.0,130.0,150.0
18024,247.0,117.0,143.0,127.0
18025,235.0,119.0,135.0,130.0
18026,243.0,211.0,126.0,126.0
18027,252.0,226.0,135.0,161.0
18028,249.0,207.0,148.0,147.0
18029,253.0,130.0,129.0,156.0
18030,241.0,106.0,114.0,131.0
18031,246.0,97.0,138.0,126.0
18032,225.0,201.0,136.0,113.0
18033,238.0,214.0,137.0,143.0
18034,244.0,142.0,128.0,138.0
18035,224.0,180.0,134.0,115.0
18036,244.0,200.0,140.0,140.0
18037,242.0,113.0,139.0,138.0
18038,260.0,73.0,150.0,150.0
18039,264.0,238.0,156.0,150.0
18040,235.0,106.0,132.0,132.0
18041,259.0,108.0,145.0,148.0
18042,248.0,87.0,134.0,133.0
18043,260.0,106.0,150.0,139.0
18044,251.0,112.0,129.0,156.0
18045,271.0,141.0,164.0,145.0
18046,248.0,127.0,130.0,136.0
18047,259.0,247.0,162.0,137.0
18048,258.0,110.0,138.0,145.0
18049,278.0,104.0,167.0,150.0
18050,257.0,148.0,137.0,143.0
18051,235.0,175.0,126.0,135.0
18052,242.0,114.0,129.0,128.0
18053,254.0,86.0,158.0,145.0
18054,255.0,227.0,157.0,137.0
18055,242.0,100.0,146.0,144.0
18056,227.0,79.0,121.0,125.0
18057,253.0,244.0,151.0,151.0
18058,256.0,149.0,142.0,138.0
18059,251.0,146.0,130.0,130.0
18060,275.0,262.0,172.0,162.0
18061,255.0,109.0,158.0,137.0
18062,266.0,101.0,152.0,149.0
18063,245.0,90.0,130.0,139.0
18064,254.0,141.0,142.0,140.0
18065,226.0,226.0,125.0,126.0
18066,251.0,221.0,135.0,139.0
18067,252.0,217.0,144.0,150.0
18068,251.0,92.0,130.0,127.0
18069,259.0,199.0,158.0,132.0
18070,256.0,225.0,153.0,150.0
18071,245.0,218.0,134.0,130.0
18072,238.0,84.0,147.0,122.0
18073,241.0,209.0,137.0,136.0
18074,261.0,251.0,129.0,148.0
18075,233.0,223.0,124.0,135.0
18076,258.0,235.0,131.0,145.0
18077,229.0,116.0,142.0,122.0
18078,261.0,162.0,166.0,147.0
18079,249.0,129.0,137.0,149.0
18080,245.0,132.0,140.0,118.0
18081,266.0,166.0,143.0,143.0
18082,245.0,78.0,153.0,149.0
18083,267.0,125.0,166.0,134.0
18084,244.0,206.0,156.0,138.0
18085,237.0,78.0,128.0,131.0
18086,288.0,164.0,161.0,163.0
18087,236.0,199.0,134.0,123.0
18088,262.0,225.0,131.0,147.0
18089,238.0,79.0,132.0,117.0
18090,252.0,105.0,138.0,148.0
18091,236.0,104.0,119.0,134.0
18092,249.0,142.0,129.0,144.0
18093,232.0,206.0,135.0,131.0
18094,264.0,223.0,146.0,141.0
18095,248.0,221.0,160.0,146.0
18096,253.0,226.0,153.0,128.0
18097,276.0,102.0,161.0,166.0
18098,258.0,233.0,138.0,137.0
18099,243.0,73.0,142.0,132.0
18100,243.0,136.0,126.0,138.0
18101,241.0,185.0,118.0,132.0
18102,245.0,108.0,130.0,151.0
18103,294.0,156.0,178.0,167.0
18104,262.0,86.0,148.0,146.0
18105,236.0,127.0,138.0,138.0
18106,245.0,200.0,135.0,138.0
18107,252.0,207.0,148.0,153.0
18108,249.0,226.0,144.0,146.0
18109,264.0,107.0,148.0,147.0
18110,249.0,104.0,138.0,142.0
18111,251.0,123.0,153.0,161.0
18112,243.0,141.0,142.0,132.0
18113,256.0,69.0,138.0,151.0
18114,267.0,97.0,154.0,136.0
18115,241.0,53.0,136.0,149.0
18116,239.0,207.0,132.0,140.0
18117,243.0,100.0,135.0,114.0
18118,233.0,132.0,129.0,134.0
18119,240.0,227.0,131.0,132.0
18120,255.0,138.0,154.0,142.0
18121,228.0,110.0,121.0,125.0
18122,246.0,242.0,142.0,143.0
18123,252.0,125.0,152.0,144.0
18124,222.0,192.0,126.0,125.0
18125,266.0,174.0,157.0,136.0
18126,272.0,122.0,157.0,144.0
18127,230.0,201.0,137.0,123.0
18128,231.0,198.0,131.0,123.0
18129,259.0,247.0,137.0,151.0
18130,261.0,108.0,164.0,150.0
18131,223.0,188.0,121.0,135.0
18132,253.0,213.0,140.0,148.0
18133,262.0,220.0,156.0,155.0
18134,274.0,153.0,148.0,148.0
18135,262.0,88.0,140.0,137.0
18136,250.0,133.0,129.0,146.0
18137,239.0,202.0,127.0,132.0
18138,258.0,71.0,133.0,144.0
18139,224.0,186.0,129.0,120.0
18140,256.0,86.0,148.0,147.0
18141,252.0,227.0,159.0,148.0
18142,243.0,123.0,126.0,134.0
18143,252.0,115.0,140.0,148.0
18144,242.0,65.0,140.0,135.0
18145,254.0,160.0,134.0,139.0
18146,241.0,171.0,134.0,126.0
18147,268.0,223.0,151.0,156.0
18148,254.0,117.0,151.0,162.0
18149,248.0,131.0,144.0,133.0
18150,256.0,158.0,145.0,132.0
18151,245.0,97.0,134.0,131.0
18152,269.0,259.0,155.0,156.0
18153,243.0,233.0,131.0,154.0
18154,240.0,230.0,140.0,123.0
18155,235.0,171.0,137.0,144.0
18156,245.0,199.0,142.0,140.0
18157,251.0,97.0,141.0,137.0
18158,243.0,238.0,160.0,138.0
18159,249.0,221.0,142.0,154.0
18160,276.0,276.0,156.0,157.0
18161,248.0,134.0,133.0,145.0
18162,235.0,101.0,137.0,146.0
18163,257.0,151.0,142.0,136.0
18164,257.0,226.0,160.0,144.0
18165,250.0,92.0,145.0,138.0
18166,269.0,257.0,157.0,151.0
18167,231.0,198.0,118.0,108.0
18168,259.0,156.0,150.0,156.0
18169,245.0,95.0,149.0,150.0
18170,247.0,233.0,137.0,136.0
18171,251.0,237.0,160.0,145.0
18172,255.0,123.0,133.0,145.0
18173,253.0,47.0,140.0,152.0
18174,245.0,165.0,128.0,133.0
18175,267.0,168.0,150.0,138.0
18176,239.0,198.0,150.0,135.0
18177,253.0,96.0,126.0,143.0
18178,256.0,218.0,144.0,136.0
18179,249.0,242.0,137.0,143.0
18180,215.0,208.0,126.0,122.0
18181,252.0,129.0,136.0,143.0
18182,244.0,206.0,138.0,121.0
18183,262.0,95.0,143.0,155.0
18184,250.0,213.0,142.0,148.0
18185,238.0,206.0,143.0,134.0
18186,258.0,89.0,143.0,136.0
18187,236.0,198.0,139.0,133.0
18188,261.0,113.0,148.0,158.0
18189,270.0,149.0,144.0,139.0
18190,248.0,95.0,130.0,137.0
18191,231.0,222.0,135.0,131.0
18192,280.0,271.0,152.0,162.0
18193,239.0,207.0,122.0,137.0
18194,240.0,100.0,136.0,136.0
18195,240.0,131.0,127.0,132.0
18196,247.0,57.0,136.0,126.0
18197,237.0,96.0,143.0,126.0
18198,254.0,133.0,157.0,151.0
18199,255.0,221.0,149.0,132.0
18200,270.0,235.0,141.0,161.0
18201,248.0,92.0,129.0,136.0
18202,274.0,203.0,146.0,160.0
18203,241.0,139.0,138.0,132.0
18204,272.0,57.0,158.0,141.0
18205,250.0,160.0,142.0,138.0
18206,265.0,54.0,132.0,131.0
18207,258.0,77.0,131.0,144.0
18208,228.0,58.0,116.0,136.0
18209,246.0,92.0,141.0,153.0
18210,241.0,203.0,134.0,128.0
18211,246.0,130.0,145.0,135.0
18212,224.0,101.0,126.0,127.0
18213,254.0,124.0,139.0,149.0
18214,267.0,104.0,160.0,153.0
18215,242.0,225.0,140.0,137.0
18216,252.0,226.0,130.0,136.0
18217,255.0,98.0,139.0,148.0
18218,272.0,91.0,165.0,170.0
18219,247.0,145.0,125.0,140.0
18220,255.0,221.0,146.0,147.0
18221,256.0,92.0,146.0,147.0
18222,254.0,149.0,150.0,149.0
18223,234.0,201.0,137.0,132.0
18224,273.0,249.0,159.0,162.0
18225,240.0,110.0,148.0,145.0
18226,244.0,162.0,131.0,144.0
18227,256.0,182.0,122.0,137.0
18228,240.0,202.0,139.0,112.0
18229,260.0,229.0,144.0,131.0
18230,237.0,114.0,139.0,127.0
18231,282.0,118.0,158.0,152.0
18232,260.0,112.0,144.0,143.0
18233,238.0,100.0,139.0,134.0
18234,237.0,225.0,130.0,118.0
18235,260.0,247.0,139.0,156.0
18236,238.0,90.0,136.0,144.0
18237,245.0,96.0,153.0,134.0
18238,268.0,123.0,155.0,150.0
18239,250.0,135.0,144.0,145.0
18240,258.0,152.0,147.0,151.0
18241,267.0,150.0,155.0,149.0
18242,271.0,225.0,151.0,144.0
18243,264.0,218.0,134.0,147.0
18244,257.0,139.0,138.0,146.0
18245,256.0,125.0,149.0,147.0
18246,236.0,94.0,125.0,136.0
18247,263.0,262.0,161.0,134.0
18248,241.0,228.0,128.0,142.0
18249,241.0,100.0,131.0,128.0
18250,243.0,78.0,152.0,132.0
18251,256.0,139.0,138.0,151.0
18252,274.0,129.0,154.0,162.0
18253,235.0,112.0,137.0,139.0
18254,251.0,123.0,139.0,152.0
18255,242.0,101.0,119.0,139.0
18256,246.0,129.0,139.0,150.0
18257,238.0,117.0,132.0,138.0
18258,249.0,119.0,146.0,135.0
18259,259.0,218.0,141.0,155.0
18260,251.0,134.0,152.0,146.0
18261,244.0,86.0,115.0,147.0
18262,255.0,214.0,139.0,132.0
18263,264.0,68.0,146.0,153.0
18264,253.0,98.0,144.0,132.0
18265,249.0,202.0,140.0,150.0
18266,262.0,252.0,155.0,151.0
18267,262.0,229.0,149.0,141.0
18268,253.0,92.0,133.0,134.0
18269,246.0,58.0,134.0,134.0
18270,259.0,82.0,124.0,147.0
18271,216.0,185.0,122.0,121.0
18272,231.0,85.0,126.0,132.0
18273,261.0,115.0,139.0,152.0
18274,244.0,110.0,137.0,139.0
18275,256.0,205.0,129.0,140.0
18276,260.0,135.0,127.0,142.0
18277,236.0,205.0,133.0,139.0
18278,250.0,97.0,148.0,138.0
18279,253.0,118.0,142.0,152.0
18280,268.0,230.0,133.0,172.0
18281,249.0,212.0,148.0,147.0
18282,234.0,192.0,141.0,136.0
18283,230.0,114.0,132.0,135.0
18284,257.0,98.0,143.0,155.0
18285,249.0,134.0,152.0,131.0
18286,271.0,180.0,150.0,156.0
18287,261.0,115.0,135.0,154.0
18288,249.0,107.0,137.0,142.0
18289,254.0,139.0,115.0,146.0
18290,253.0,96.0,147.0,156.0
18291,241.0,81.0,132.0,137.0
18292,228.0,78.0,140.0,119.0
18293,231.0,91.0,122.0,124.0
18294,227.0,205.0,135.0,126.0
18295,249.0,213.0,133.0,140.0
18296,262.0,228.0,150.0,141.0
18297,249.0,165.0,151.0,135.0
18298,249.0,214.0,136.0,153.0
18299,262.0,220.0,143.0,154.0
18300,257.0,247.0,153.0,137.0
18301,230.0,116.0,138.0,121.0
18302,244.0,132.0,144.0,134.0
18303,239.0,208.0,124.0,148.0
18304,260.0,229.0,145.0,140.0
18305,229.0,119.0,128.0,112.0
18306,224.0,190.0,115.0,126.0
18307,279.0,133.0,156.0,159.0
18308,247.0,124.0,131.0,141.0
18309,236.0,118.0,122.0,137.0
18310,250.0,214.0,140.0,122.0
18311,259.0,106.0,153.0,145.0
18312,256.0,48.0,156.0,163.0
18313,231.0,206.0,118.0,140.0
18314,247.0,222.0,154.0,133.0
18315,259.0,231.0,140.0,154.0
18316,274.0,100.0,159.0,151.0
18317,254.0,163.0,127.0,140.0
18318,230.0,129.0,129.0,122.0
18319,234.0,120.0,134.0,127.0
18320,263.0,129.0,141.0,145.0
18321,257.0,83.0,154.0,139.0
18322,240.0,227.0,138.0,127.0
18323,247.0,119.0,142.0,139.0
18324,246.0,211.0,138.0,137.0
18325,241.0,74.0,148.0,151.0
18326,259.0,121.0,141.0,138.0
18327,240.0,111.0,136.0,129.0
18328,247.0,141.0,129.0,143.0
18329,266.0,220.0,147.0,147.0
18330,243.0,122.0,149.0,123.0
18331,247.0,87.0,133.0,122.0
18332,260.0,133.0,156.0,156.0
18333,253.0,56.0,148.0,139.0
18334,262.0,109.0,144.0,144.0
18335,264.0,127.0,158.0,155.0
18336,248.0,218.0,150.0,138.0
18337,242.0,103.0,132.0,131.0
18338,261.0,204.0,160.0,143.0
18339,273.0,81.0,156.0,155.0
18340,280.0,215.0,153.0,169.0
18341,258.0,210.0,149.0,127.0
18342,248.0,245.0,145.0,143.0
18343,255.0,79.0,143.0,145.0
18344,252.0,152.0,139.0,122.0
18345,243.0,106.0,145.0,142.0
18346,227.0,94.0,120.0,130.0
18347,238.0,135.0,131.0,132.0
18348,266.0,217.0,155.0,143.0
18349,250.0,117.0,147.0,141.0
18350,268.0,119.0,155.0,147.0
18351,242.0,238.0,134.0,149.0
18352,267.0,131.0,151.0,148.0
18353,244.0,129.0,137.0,151.0
18354,238.0,237.0,130.0,147.0
18355,239.0,196.0,137.0,139.0
18356,237.0,106.0,125.0,122.0
18357,230.0,94.0,138.0,134.0
18358,232.0,185.0,143.0,152.0
18359,253.0,214.0,132.0,145.0
18360,262.0,136.0,150.0,163.0
18361,248.0,122.0,135.0,142.0
18362,246.0,143.0,130.0,139.0
18363,246.0,151.0,138.0,141.0
18364,243.0,224.0,146.0,138.0
18365,254.0,216.0,137.0,148.0
18366,237.0,102.0,139.0,129.0
18367,229.0,201.0,122.0,131.0
18368,241.0,112.0,142.0,134.0
18369,256.0,163.0,138.0,126.0
18370,250.0,220.0,121.0,128.0
18371,243.0,77.0,134.0,143.0
18372,229.0,114.0,119.0,126.0
18373,257.0,110.0,133.0,136.0
18374,240.0,102.0,125.0,151.0
18375,268.0,147.0,156.0,151.0
18376,261.0,136.0,148.0,156.0
18377,247.0,129.0,142.0,128.0
18378,255.0,106.0,144.0,161.0
18379,238.0,225.0,146.0,142.0
18380,226.0,71.0,129.0,117.0
18381,275.0,141.0,149.0,158.0
18382,248.0,144.0,138.0,139.0
18383,257.0,111.0,132.0,155.0
18384,245.0,82.0,137.0,149.0
18385,243.0,105.0,123.0,142.0
18386,254.0,123.0,147.0,148.0
18387,249.0,216.0,132.0,138.0
18388,240.0,114.0,128.0,130.0
18389,257.0,130.0,141.0,142.0
18390,236.0,100.0,128.0,143.0
18391,254.0,229.0,134.0,147.0
18392,256.0,222.0,123.0,144.0
18393,255.0,221.0,145.0,146.0
18394,253.0,141.0,139.0,143.0
18395,243.0,101.0,137.0,139.0
18396,242.0,211.0,142.0,141.0
18397,236.0,157.0,134.0,139.0
18398,267.0,63.0,164.0,139.0
18399,267.0,38.0,151.0,154.0
18400,250.0,120.0,143.0,138.0
18401,273.0,74.0,150.0,147.0
18402,254.0,108.0,135.0,164.0
18403,239.0,214.0,132.0,115.0
18404,261.0,86.0,154.0,162.0
18405,289.0,132.0,154.0,171.0
18406,260.0,103.0,140.0,149.0
18407,236.0,141.0,125.0,132.0
18408,246.0,79.0,124.0,136.0
18409,253.0,101.0,150.0,157.0
18410,251.0,159.0,124.0,149.0
18411,258.0,150.0,144.0,140.0
18412,273.0,128.0,157.0,156.0
18413,261.0,219.0,154.0,136.0
18414,236.0,208.0,131.0,143.0
18415,250.0,122.0,145.0,136.0
18416,221.0,129.0,113.0,121.0
18417,250.0,217.0,137.0,158.0
18418,252.0,92.0,133.0,143.0
18419,226.0,148.0,135.0,130.0
18420,270.0,134.0,155.0,158.0
18421,254.0,89.0,146.0,158.0
18422,243.0,241.0,149.0,153.0
18423,260.0,96.0,143.0,143.0
18424,258.0,120.0,145.0,142.0
18425,241.0,135.0,145.0,143.0
18426,263.0,106.0,137.0,160.0
18427,241.0,89.0,147.0,139.0
18428,254.0,229.0,136.0,148.0
18429,283.0,262.0,139.0,158.0
18430,272.0,170.0,145.0,160.0
18431,238.0,110.0,130.0,142.0
18432,253.0,92.0,139.0,135.0
18433,241.0,160.0,125.0,138.0
18434,237.0,108.0,123.0,129.0
18435,285.0,113.0,158.0,165.0
18436,252.0,231.0,149.0,136.0
18437,260.0,222.0,145.0,138.0
18438,251.0,89.0,132.0,139.0
18439,262.0,225.0,148.0,159.0
18440,248.0,218.0,129.0,152.0
18441,248.0,205.0,140.0,124.0
18442,263.0,225.0,144.0,135.0
18443,254.0,114.0,153.0,121.0
18444,268.0,126.0,149.0,150.0
18445,235.0,103.0,123.0,123.0
18446,275.0,97.0,137.0,154.0
18447,263.0,128.0,154.0,155.0
18448,257.0,124.0,136.0,144.0
18449,255.0,149.0,128.0,143.0
18450,252.0,217.0,154.0,137.0
18451,284.0,250.0,166.0,164.0
18452,247.0,227.0,141.0,144.0
18453,240.0,133.0,129.0,137.0
18454,237.0,222.0,138.0,122.0
18455,260.0,224.0,152.0,139.0
18456,237.0,138.0,118.0,143.0
18457,227.0,122.0,125.0,127.0
18458,247.0,99.0,132.0,159.0
18459,260.0,91.0,140.0,136.0
18460,244.0,88.0,123.0,149.0
18461,258.0,227.0,139.0,149.0
18462,260.0,178.0,156.0,162.0
18463,230.0,91.0,128.0,148.0
18464,252.0,125.0,129.0,147.0
18465,242.0,94.0,139.0,141.0
18466,256.0,134.0,132.0,135.0
18467,228.0,194.0,124.0,127.0
18468,236.0,120.0,132.0,129.0
18469,248.0,111.0,125.0,141.0
18470,233.0,105.0,138.0,124.0
18471,250.0,168.0,151.0,160.0
18472,260.0,115.0,148.0,132.0
18473,264.0,155.0,142.0,160.0
18474,227.0,109.0,133.0,132.0
18475,236.0,92.0,136.0,140.0
18476,229.0,192.0,142.0,130.0
18477,245.0,201.0,140.0,149.0
18478,256.0,243.0,135.0,138.0
18479,224.0,211.0,134.0,122.0
18480,264.0,252.0,152.0,153.0
18481,251.0,147.0,140.0,148.0
18482,237.0,113.0,140.0,148.0
18483,269.0,119.0,158.0,153.0
18484,252.0,207.0,136.0,154.0
18485,259.0,219.0,142.0,146.0
18486,269.0,109.0,155.0,164.0
18487,257.0,83.0,162.0,156.0
18488,242.0,135.0,131.0,137.0
18489,249.0,214.0,141.0,128.0
18490,235.0,84.0,127.0,131.0
18491,259.0,125.0,125.0,148.0
18492,244.0,218.0,135.0,128.0
18493,252.0,226.0,135.0,143.0
18494,257.0,244.0,155.0,149.0
18495,253.0,98.0,126.0,142.0
18496,252.0,137.0,136.0,136.0
18497,240.0,207.0,134.0,130.0
18498,249.0,213.0,139.0,138.0
18499,261.0,127.0,148.0,138.0
18500,246.0,98.0,121.0,140.0
18501,255.0,230.0,120.0,154.0
18502,234.0,128.0,131.0,131.0
18503,233.0,186.0,122.0,134.0
18504,255.0,98.0,148.0,137.0
18505,257.0,222.0,131.0,138.0
18506,234.0,100.0,126.0,130.0
18507,236.0,111.0,138.0,130.0
18508,238.0,87.0,130.0,121.0
18509,251.0,113.0,142.0,134.0
18510,246.0,230.0,116.0,134.0
18511,228.0,92.0,131.0,128.0
18512,235.0,183.0,132.0,142.0
18513,265.0,150.0,146.0,144.0
18514,254.0,171.0,134.0,148.0
18515,251.0,116.0,130.0,145.0
18516,236.0,105.0,135.0,127.0
18517,274.0,107.0,136.0,154.0
18518,252.0,121.0,138.0,139.0
18519,239.0,89.0,144.0,132.0
18520,266.0,170.0,164.0,158.0
18521,269.0,88.0,160.0,150.0
18522,244.0,208.0,136.0,140.0
18523,261.0,68.0,159.0,145.0
18524,264.0,121.0,142.0,151.0
18525,271.0,111.0,150.0,153.0
18526,256.0,172.0,130.0,148.0
18527,267.0,181.0,148.0,154.0
18528,246.0,77.0,152.0,149.0
18529,260.0,233.0,154.0,151.0
18530,242.0,115.0,135.0,132.0
18531,218.0,189.0,126.0,125.0
18532,254.0,225.0,154.0,146.0
18533,246.0,200.0,137.0,135.0
18534,294.0,141.0,151.0,169.0
18535,240.0,131.0,125.0,149.0
18536,259.0,128.0,152.0,144.0
18537,246.0,84.0,144.0,140.0
18538,239.0,119.0,137.0,135.0
18539,278.0,235.0,175.0,154.0
18540,243.0,137.0,143.0,151.0
18541,240.0,76.0,133.0,127.0
18542,277.0,245.0,165.0,159.0
18543,275.0,131.0,157.0,149.0
18544,251.0,221.0,143.0,143.0
18545,248.0,203.0,142.0,127.0
18546,254.0,217.0,139.0,146.0
18547,222.0,104.0,130.0,120.0
18548,251.0,152.0,148.0,137.0
18549,242.0,129.0,117.0,138.0
18550,260.0,245.0,156.0,153.0
18551,268.0,97.0,146.0,149.0
18552,249.0,99.0,136.0,134.0
18553,247.0,219.0,145.0,133.0
18554,238.0,132.0,129.0,139.0
18555,261.0,111.0,143.0,146.0
18556,265.0,208.0,159.0,143.0
18557,278.0,222.0,144.0,157.0
18558,234.0,124.0,143.0,113.0
18559,250.0,212.0,143.0,136.0
18560,275.0,235.0,139.0,146.0
18561,278.0,132.0,163.0,144.0
18562,252.0,123.0,144.0,143.0
18563,236.0,226.0,135.0,131.0
18564,258.0,154.0,133.0,157.0
18565,263.0,154.0,165.0,157.0
18566,253.0,225.0,155.0,151.0
18567,259.0,255.0,143.0,138.0
18568,252.0,121.0,149.0,141.0
18569,246.0,108.0,144.0,124.0
18570,271.0,258.0,155.0,161.0
18571,272.0,230.0,150.0,166.0
18572,244.0,202.0,147.0,142.0
18573,263.0,129.0,156.0,167.0
18574,256.0,248.0,141.0,147.0
18575,258.0,228.0,142.0,144.0
18576,243.0,201.0,119.0,143.0
18577,260.0,87.0,141.0,147.0
18578,251.0,119.0,132.0,145.0
18579,262.0,68.0,149.0,139.0
18580,244.0,207.0,149.0,135.0
18581,255.0,143.0,140.0,145.0
18582,272.0,201.0,145.0,154.0
18583,239.0,149.0,129.0,127.0
18584,251.0,100.0,134.0,159.0
18585,239.0,212.0,123.0,141.0
18586,249.0,222.0,120.0,133.0
18587,244.0,96.0,125.0,148.0
18588,238.0,236.0,138.0,127.0
18589,246.0,244.0,151.0,145.0
18590,250.0,68.0,145.0,141.0
18591,254.0,154.0,138.0,146.0
18592,259.0,96.0,136.0,141.0
18593,240.0,101.0,148.0,140.0
18594,221.0,193.0,116.0,136.0
18595,269.0,264.0,158.0,154.0
18596,235.0,137.0,139.0,133.0
18597,242.0,101.0,153.0,152.0
18598,259.0,111.0,157.0,153.0
18599,255.0,84.0,147.0,146.0
18600,288.0,279.0,169.0,168.0
18601,253.0,120.0,132.0,150.0
18602,235.0,89.0,144.0,131.0
18603,274.0,68.0,155.0,154.0
18604,241.0,132.0,139.0,126.0
18605,262.0,166.0,150.0,144.0
18606,274.0,112.0,153.0,151.0
18607,263.0,226.0,151.0,153.0
18608,229.0,74.0,113.0,132.0
18609,251.0,121.0,147.0,146.0
18610,223.0,198.0,123.0,123.0
18611,258.0,149.0,147.0,137.0
18612,204.0,82.0,109.0,116.0
18613,246.0,81.0,146.0,146.0
18614,245.0,84.0,137.0,146.0
18615,249.0,142.0,147.0,146.0
18616,238.0,89.0,129.0,139.0
18617,255.0,122.0,126.0,141.0
18618,262.0,221.0,152.0,160.0
18619,246.0,101.0,147.0,142.0
18620,255.0,250.0,144.0,167.0
18621,247.0,128.0,141.0,141.0
18622,250.0,117.0,146.0,141.0
18623,239.0,44.0,135.0,138.0
18624,233.0,189.0,125.0,130.0
18625,229.0,192.0,131.0,130.0
18626,251.0,159.0,151.0,141.0
18627,246.0,159.0,151.0,141.0
18628,227.0,137.0,141.0,143.0
18629,244.0,120.0,144.0,139.0
18630,225.0,105.0,130.0,131.0
18631,249.0,216.0,143.0,138.0
18632,266.0,116.0,154.0,144.0
18633,255.0,213.0,153.0,161.0
18634,235.0,207.0,140.0,123.0
18635,240.0,89.0,147.0,142.0
18636,216.0,110.0,129.0,127.0
18637,270.0,265.0,150.0,160.0
18638,252.0,140.0,124.0,142.0
18639,241.0,102.0,123.0,131.0
18640,224.0,83.0,120.0,120.0
18641,253.0,74.0,162.0,143.0
18642,272.0,131.0,152.0,153.0
18643,263.0,230.0,146.0,147.0
18644,263.0,183.0,143.0,141.0
18645,259.0,231.0,151.0,148.0
18646,244.0,100.0,137.0,151.0
18647,266.0,109.0,153.0,148.0
18648,257.0,161.0,150.0,155.0
18649,232.0,204.0,123.0,139.0
18650,242.0,238.0,130.0,138.0
18651,262.0,258.0,160.0,152.0
18652,273.0,129.0,152.0,157.0
18653,233.0,52.0,131.0,137.0
18654,246.0,216.0,148.0,130.0
18655,275.0,230.0,148.0,150.0
18656,237.0,183.0,135.0,137.0
18657,251.0,209.0,142.0,147.0
18658,255.0,113.0,150.0,151.0
18659,232.0,125.0,124.0,132.0
18660,225.0,200.0,124.0,120.0
18661,245.0,220.0,135.0,129.0
18662,240.0,209.0,137.0,133.0
18663,261.0,162.0,151.0,154.0
18664,243.0,127.0,142.0,129.0
18665,223.0,207.0,125.0,106.0
18666,233.0,233.0,138.0,130.0
18667,264.0,226.0,147.0,133.0
18668,241.0,94.0,138.0,133.0
18669,224.0,99.0,108.0,125.0
18670,242.0,113.0,139.0,139.0
18671,252.0,106.0,157.0,144.0
18672,231.0,196.0,119.0,122.0
18673,266.0,238.0,157.0,141.0
18674,253.0,119.0,138.0,142.0
18675,274.0,139.0,159.0,161.0
18676,250.0,212.0,142.0,144.0
18677,257.0,154.0,135.0,134.0
18678,266.0,95.0,141.0,161.0
18679,248.0,103.0,138.0,151.0
18680,240.0,166.0,142.0,128.0
18681,230.0,198.0,117.0,134.0
18682,242.0,120.0,124.0,129.0
18683,246.0,105.0,145.0,136.0
18684,263.0,260.0,158.0,147.0
18685,242.0,105.0,142.0,129.0
18686,254.0,139.0,151.0,149.0
18687,231.0,117.0,129.0,129.0
18688,237.0,137.0,137.0,143.0
18689,248.0,60.0,143.0,131.0
18690,240.0,96.0,124.0,132.0
18691,276.0,159.0,154.0,156.0
18692,245.0,128.0,144.0,141.0
18693,255.0,112.0,140.0,133.0
18694,251.0,80.0,160.0,137.0
18695,251.0,97.0,129.0,134.0
18696,268.0,81.0,169.0,157.0
18697,251.0,80.0,129.0,121.0
18698,246.0,219.0,134.0,154.0
18699,254.0,102.0,144.0,146.0
18700,251.0,111.0,144.0,139.0
18701,251.0,117.0,153.0,133.0
18702,240.0,123.0,138.0,133.0
18703,247.0,68.0,141.0,142.0
18704,246.0,245.0,136.0,147.0
18705,255.0,149.0,127.0,155.0
18706,261.0,142.0,159.0,157.0
18707,256.0,99.0,147.0,149.0
18708,242.0,241.0,146.0,149.0
18709,257.0,92.0,138.0,148.0
18710,244.0,202.0,148.0,137.0
18711,239.0,170.0,143.0,142.0
18712,245.0,97.0,116.0,133.0
18713,267.0,101.0,145.0,133.0
18714,253.0,124.0,124.0,138.0
18715,246.0,110.0,137.0,134.0
18716,246.0,132.0,120.0,143.0
18717,268.0,169.0,158.0,137.0
18718,275.0,140.0,154.0,146.0
18719,256.0,104.0,133.0,144.0
18720,221.0,153.0,128.0,126.0
18721,253.0,245.0,176.0,134.0
18722,260.0,159.0,148.0,151.0
18723,237.0,196.0,148.0,123.0
18724,240.0,146.0,143.0,144.0
18725,245.0,211.0,135.0,145.0
18726,240.0,209.0,130.0,126.0
18727,243.0,154.0,112.0,133.0
18728,240.0,212.0,139.0,152.0
18729,240.0,221.0,137.0,128.0
18730,267.0,86.0,144.0,147.0
18731,259.0,96.0,145.0,150.0
18732,254.0,137.0,142.0,145.0
18733,237.0,223.0,123.0,131.0
18734,248.0,234.0,154.0,143.0
18735,273.0,88.0,167.0,158.0
18736,253.0,103.0,123.0,136.0
18737,284.0,126.0,176.0,158.0
18738,236.0,126.0,141.0,133.0
18739,251.0,93.0,141.0,142.0
18740,232.0,136.0,122.0,111.0
18741,231.0,202.0,125.0,133.0
18742,275.0,270.0,156.0,152.0
18743,260.0,255.0,133.0,138.0
18744,253.0,93.0,137.0,146.0
18745,237.0,73.0,135.0,129.0
18746,273.0,121.0,162.0,158.0
18747,228.0,110.0,124.0,131.0
18748,256.0,138.0,141.0,147.0
18749,231.0,206.0,134.0,129.0
18750,247.0,134.0,129.0,135.0
18751,248.0,103.0,146.0,143.0
18752,227.0,184.0,134.0,122.0
18753,270.0,132.0,162.0,137.0
18754,266.0,116.0,155.0,147.0
18755,230.0,204.0,119.0,124.0
18756,257.0,215.0,141.0,144.0
18757,236.0,233.0,145.0,121.0
18758,245.0,80.0,143.0,125.0
18759,275.0,82.0,155.0,160.0
18760,224.0,83.0,126.0,138.0
18761,238.0,49.0,145.0,129.0
18762,273.0,93.0,167.0,165.0
18763,251.0,146.0,147.0,152.0
18764,255.0,144.0,137.0,144.0
18765,252.0,110.0,160.0,144.0
18766,245.0,131.0,140.0,123.0
18767,240.0,224.0,134.0,126.0
18768,266.0,109.0,142.0,159.0
18769,235.0,234.0,124.0,149.0
18770,272.0,104.0,164.0,149.0
18771,252.0,94.0,122.0,135.0
18772,259.0,105.0,158.0,146.0
18773,232.0,139.0,139.0,137.0
18774,237.0,208.0,126.0,138.0
18775,219.0,171.0,123.0,129.0
18776,246.0,72.0,147.0,138.0
18777,249.0,97.0,140.0,142.0
18778,230.0,152.0,133.0,132.0
18779,289.0,112.0,175.0,156.0
18780,235.0,91.0,134.0,123.0
18781,252.0,93.0,147.0,144.0
18782,259.0,165.0,154.0,147.0
18783,245.0,65.0,149.0,135.0
18784,242.0,75.0,128.0,137.0
18785,254.0,228.0,139.0,140.0
18786,251.0,201.0,133.0,129.0
18787,237.0,91.0,141.0,126.0
18788,265.0,131.0,160.0,131.0
18789,264.0,138.0,140.0,146.0
18790,277.0,231.0,153.0,142.0
18791,279.0,233.0,155.0,163.0
18792,258.0,135.0,146.0,139.0
18793,246.0,98.0,137.0,134.0
18794,246.0,165.0,152.0,141.0
18795,272.0,228.0,155.0,156.0
18796,265.0,97.0,141.0,144.0
18797,233.0,79.0,123.0,129.0
18798,263.0,201.0,139.0,159.0
18799,247.0,211.0,144.0,156.0
18800,249.0,149.0,151.0,143.0
18801,246.0,208.0,137.0,131.0
18802,265.0,218.0,143.0,149.0
18803,252.0,83.0,131.0,132.0
18804,262.0,262.0,153.0,160.0
18805,245.0,69.0,145.0,150.0
18806,249.0,99.0,144.0,134.0
18807,241.0,126.0,140.0,132.0
18808,221.0,129.0,128.0,121.0
18809,250.0,228.0,157.0,133.0
18810,271.0,204.0,148.0,160.0
18811,253.0,119.0,150.0,161.0
18812,231.0,223.0,132.0,134.0
18813,240.0,156.0,129.0,131.0
18814,243.0,87.0,139.0,147.0
18815,254.0,103.0,134.0,125.0
18816,270.0,116.0,147.0,134.0
18817,265.0,79.0,152.0,149.0
18818,225.0,116.0,137.0,118.0
18819,263.0,232.0,141.0,140.0
18820,265.0,71.0,144.0,146.0
18821,245.0,219.0,135.0,144.0
18822,234.0,118.0,132.0,122.0
18823,253.0,118.0,146.0,138.0
18824,234.0,85.0,131.0,145.0
18825,255.0,253.0,149.0,160.0
18826,250.0,96.0,137.0,141.0
18827,258.0,123.0,149.0,144.0
18828,232.0,195.0,130.0,125.0
18829,236.0,73.0,120.0,136.0
18830,269.0,137.0,140.0,148.0
18831,239.0,82.0,133.0,148.0
18832,242.0,127.0,135.0,137.0
18833,251.0,168.0,155.0,142.0
18834,242.0,208.0,156.0,142.0
18835,227.0,53.0,138.0,128.0
18836,231.0,98.0,131.0,145.0
18837,250.0,140.0,139.0,131.0
18838,243.0,104.0,136.0,143.0
18839,223.0,84.0,120.0,117.0
18840,239.0,195.0,150.0,122.0
18841,251.0,132.0,141.0,129.0
18842,239.0,232.0,140.0,129.0
18843,244.0,237.0,144.0,132.0
18844,254.0,88.0,152.0,144.0
18845,267.0,234.0,155.0,158.0
18846,247.0,176.0,141.0,130.0
18847,256.0,112.0,154.0,149.0
18848,245.0,95.0,135.0,138.0
18849,252.0,226.0,143.0,149.0
18850,283.0,122.0,157.0,148.0
18851,265.0,230.0,139.0,159.0
18852,241.0,93.0,135.0,132.0
18853,221.0,83.0,118.0,113.0
18854,285.0,98.0,149.0,155.0
18855,261.0,111.0,127.0,141.0
18856,247.0,114.0,121.0,133.0
18857,237.0,217.0,139.0,122.0
18858,252.0,100.0,142.0,137.0
18859,267.0,118.0,144.0,141.0
18860,236.0,121.0,141.0,142.0
18861,248.0,79.0,145.0,137.0
18862,218.0,173.0,115.0,133.0
18863,257.0,128.0,148.0,146.0
18864,232.0,92.0,122.0,140.0
18865,251.0,114.0,134.0,133.0
18866,228.0,71.0,131.0,127.0
18867,244.0,113.0,130.0,138.0
18868,263.0,96.0,140.0,147.0
18869,238.0,160.0,146.0,147.0
18870,272.0,245.0,157.0,160.0
18871,248.0,173.0,146.0,138.0
18872,246.0,115.0,138.0,133.0
18873,257.0,91.0,143.0,152.0
18874,268.0,111.0,141.0,154.0
18875,261.0,230.0,158.0,147.0
18876,239.0,110.0,127.0,128.0
18877,228.0,94.0,137.0,123.0
18878,241.0,91.0,145.0,151.0
18879,246.0,101.0,122.0,131.0
18880,239.0,88.0,135.0,115.0
18881,255.0,130.0,144.0,148.0
18882,233.0,203.0,127.0,124.0
18883,274.0,189.0,161.0,153.0
18884,259.0,55.0,142.0,145.0
18885,265.0,226.0,138.0,154.0
18886,256.0,134.0,147.0,133.0
18887,245.0,201.0,135.0,145.0
18888,261.0,68.0,140.0,150.0
18889,245.0,128.0,142.0,120.0
18890,268.0,230.0,149.0,154.0
18891,261.0,67.0,149.0,144.0
18892,246.0,175.0,140.0,136.0
18893,221.0,87.0,125.0,122.0
18894,261.0,137.0,154.0,135.0
18895,241.0,64.0,152.0,144.0
18896,267.0,263.0,156.0,150.0
18897,242.0,74.0,140.0,136.0
18898,249.0,226.0,134.0,132.0
18899,259.0,90.0,139.0,150.0
18900,199.0,93.0,104.0,102.0
18901,254.0,215.0,145.0,144.0
18902,267.0,96.0,149.0,165.0
18903,229.0,123.0,129.0,122.0
18904,254.0,122.0,152.0,136.0
18905,257.0,134.0,147.0,146.0
18906,233.0,199.0,128.0,131.0
18907,242.0,202.0,161.0,126.0
18908,240.0,107.0,141.0,134.0
18909,230.0,97.0,125.0,124.0
18910,246.0,114.0,138.0,149.0
18911,253.0,234.0,139.0,150.0
18912,252.0,201.0,141.0,142.0
18913,259.0,219.0,131.0,146.0
18914,271.0,231.0,144.0,153.0
18915,239.0,93.0,129.0,133.0
18916,239.0,144.0,128.0,124.0
18917,253.0,130.0,151.0,158.0
18918,275.0,176.0,151.0,155.0
18919,233.0,141.0,108.0,137.0
18920,258.0,154.0,156.0,132.0
18921,246.0,75.0,134.0,136.0
18922,238.0,129.0,125.0,127.0
18923,255.0,68.0,154.0,155.0
18924,257.0,123.0,151.0,144.0
18925,274.0,118.0,152.0,166.0
18926,248.0,219.0,129.0,143.0
18927,275.0,191.0,158.0,156.0
18928,256.0,214.0,131.0,143.0
18929,246.0,110.0,126.0,131.0
18930,245.0,217.0,142.0,140.0
18931,248.0,88.0,124.0,153.0
18932,237.0,113.0,146.0,129.0
18933,255.0,158.0,137.0,145.0
18934,255.0,219.0,151.0,142.0
18935,256.0,71.0,142.0,149.0
18936,255.0,127.0,136.0,143.0
18937,240.0,99.0,143.0,132.0
18938,248.0,108.0,131.0,153.0
18939,244.0,136.0,134.0,136.0
18940,244.0,120.0,143.0,136.0
18941,253.0,187.0,148.0,133.0
18942,234.0,72.0,144.0,135.0
18943,247.0,119.0,136.0,125.0
18944,240.0,103.0,146.0,146.0
18945,262.0,239.0,153.0,147.0
18946,256.0,150.0,148.0,137.0
18947,268.0,145.0,151.0,152.0
18948,266.0,159.0,156.0,156.0
18949,271.0,100.0,143.0,143.0
18950,234.0,201.0,108.0,124.0
18951,251.0,156.0,147.0,131.0
18952,264.0,101.0,152.0,157.0
18953,236.0,158.0,138.0,132.0
18954,268.0,212.0,166.0,139.0
18955,225.0,216.0,117.0,129.0
18956,246.0,73.0,139.0,131.0
18957,250.0,114.0,137.0,137.0
18958,245.0,211.0,138.0,132.0
18959,231.0,103.0,137.0,112.0
18960,258.0,229.0,150.0,141.0
18961,241.0,89.0,124.0,142.0
18962,248.0,45.0,147.0,143.0
18963,238.0,113.0,133.0,134.0
18964,265.0,90.0,128.0,143.0
18965,272.0,270.0,158.0,159.0
18966,248.0,246.0,145.0,142.0
18967,240.0,229.0,146.0,126.0
18968,253.0,93.0,149.0,146.0
18969,267.0,224.0,153.0,156.0
18970,240.0,218.0,129.0,130.0
18971,249.0,249.0,147.0,130.0
18972,243.0,108.0,136.0,131.0
18973,251.0,224.0,139.0,136.0
18974,249.0,79.0,141.0,141.0
18975,243.0,225.0,143.0,130.0
18976,252.0,130.0,137.0,140.0
18977,254.0,145.0,131.0,152.0
18978,261.0,115.0,163.0,150.0
18979,226.0,108.0,126.0,130.0
18980,237.0,134.0,123.0,115.0
18981,256.0,79.0,163.0,161.0
18982,249.0,164.0,130.0,147.0
18983,269.0,105.0,162.0,144.0
18984,242.0,115.0,141.0,142.0
18985,261.0,128.0,147.0,149.0
18986,272.0,126.0,155.0,167.0
18987,257.0,174.0,150.0,144.0
18988,245.0,140.0,133.0,144.0
18989,254.0,76.0,143.0,146.0
18990,247.0,133.0,143.0,146.0
18991,239.0,99.0,124.0,124.0
18992,235.0,77.0,129.0,142.0
18993,247.0,107.0,141.0,127.0
18994,251.0,123.0,145.0,140.0
18995,254.0,212.0,137.0,133.0
18996,254.0,79.0,146.0,150.0
18997,261.0,238.0,142.0,150.0
18998,263.0,110.0,148.0,149.0
18999,246.0,93.0,136.0,123.0
19000,252.0,246.0,145.0,132.0
19001,234.0,228.0,123.0,128.0
19002,252.0,252.0,126.0,146.0
19003,260.0,146.0,142.0,135.0
19004,257.0,109.0,150.0,129.0
19005,247.0,118.0,132.0,131.0
19006,236.0,200.0,130.0,132.0
19007,275.0,248.0,147.0,152.0
19008,245.0,163.0,135.0,121.0
19009,244.0,104.0,141.0,139.0
19010,229.0,119.0,143.0,128.0
19011,252.0,113.0,150.0,153.0
19012,242.0,210.0,144.0,143.0
19013,269.0,108.0,164.0,147.0
19014,233.0,192.0,138.0,142.0
19015,241.0,73.0,140.0,134.0
19016,256.0,210.0,153.0,144.0
19017,252.0,206.0,145.0,131.0
19018,230.0,111.0,122.0,122.0
19019,237.0,92.0,127.0,127.0
19020,249.0,212.0,143.0,126.0
19021,282.0,253.0,143.0,148.0
19022,250.0,98.0,140.0,139.0
19023,252.0,224.0,144.0,143.0
19024,239.0,112.0,126.0,139.0
19025,276.0,61.0,169.0,153.0
19026,250.0,106.0,145.0,132.0
19027,240.0,236.0,147.0,134.0
19028,235.0,231.0,125.0,136.0
19029,228.0,161.0,129.0,120.0
19030,224.0,189.0,130.0,126.0
19031,262.0,93.0,147.0,158.0
19032,262.0,138.0,151.0,166.0
19033,245.0,100.0,147.0,127.0
19034,239.0,115.0,130.0,139.0
19035,239.0,230.0,139.0,137.0
19036,263.0,80.0,147.0,143.0
19037,257.0,148.0,153.0,150.0
19038,263.0,134.0,145.0,161.0
19039,254.0,125.0,155.0,150.0
19040,261.0,227.0,157.0,146.0
19041,255.0,207.0,147.0,147.0
19042,261.0,122.0,130.0,140.0
19043,275.0,274.0,157.0,158.0
19044,248.0,146.0,138.0,130.0
19045,263.0,103.0,150.0,134.0
19046,292.0,265.0,151.0,167.0
19047,243.0,181.0,136.0,130.0
19048,253.0,88.0,161.0,134.0
19049,252.0,99.0,131.0,147.0
19050,243.0,84.0,123.0,134.0
19051,267.0,156.0,149.0,145.0
19052,226.0,157.0,139.0,132.0
19053,250.0,84.0,145.0,154.0
19054,262.0,213.0,143.0,160.0
19055,249.0,116.0,134.0,130.0
19056,263.0,129.0,144.0,153.0
19057,267.0,235.0,157.0,160.0
19058,241.0,114.0,142.0,137.0
19059,254.0,155.0,140.0,141.0
19060,246.0,102.0,141.0,134.0
19061,224.0,179.0,128.0,107.0
19062,245.0,95.0,126.0,132.0
19063,242.0,217.0,132.0,130.0
19064,236.0,120.0,135.0,134.0
19065,254.0,134.0,137.0,145.0
19066,283.0,249.0,149.0,157.0
19067,238.0,93.0,142.0,134.0
19068,241.0,118.0,144.0,132.0
19069,267.0,225.0,154.0,152.0
19070,253.0,159.0,144.0,139.0
19071,236.0,173.0,141.0,132.0
19072,267.0,125.0,139.0,137.0
19073,250.0,114.0,146.0,140.0
19074,240.0,233.0,126.0,146.0
19075,267.0,78.0,155.0,151.0
19076,249.0,95.0,135.0,139.0
19077,234.0,97.0,127.0,120.0
19078,249.0,161.0,135.0,148.0
19079,240.0,152.0,130.0,133.0
19080,275.0,132.0,165.0,162.0
19081,249.0,210.0,143.0,132.0
19082,257.0,108.0,153.0,140.0
19083,224.0,195.0,123.0,133.0
19084,253.0,110.0,125.0,151.0
19085,241.0,216.0,138.0,139.0
19086,251.0,119.0,149.0,145.0
19087,238.0,209.0,138.0,126.0
19088,240.0,120.0,143.0,131.0
19089,257.0,107.0,156.0,129.0
19090,265.0,210.0,152.0,159.0
19091,260.0,226.0,147.0,142.0
19092,287.0,253.0,178.0,162.0
19093,270.0,74.0,157.0,155.0
19094,289.0,273.0,160.0,174.0
19095,265.0,160.0,158.0,158.0
19096,253.0,206.0,137.0,147.0
19097,266.0,57.0,162.0,154.0
19098,251.0,112.0,142.0,149.0
19099,257.0,90.0,146.0,149.0
19100,246.0,110.0,127.0,142.0
19101,223.0,198.0,121.0,117.0
19102,225.0,81.0,131.0,129.0
19103,224.0,195.0,115.0,120.0
19104,251.0,84.0,123.0,122.0
19105,256.0,212.0,147.0,155.0
19106,258.0,44.0,152.0,146.0
19107,232.0,114.0,123.0,144.0
19108,247.0,228.0,121.0,133.0
19109,287.0,106.0,167.0,144.0
19110,238.0,112.0,131.0,130.0
19111,236.0,210.0,147.0,134.0
19112,260.0,214.0,152.0,122.0
19113,277.0,69.0,141.0,157.0
19114,226.0,198.0,140.0,122.0
19115,246.0,109.0,134.0,144.0
19116,266.0,165.0,141.0,141.0
19117,249.0,128.0,135.0,138.0
19118,241.0,97.0,144.0,123.0
19119,253.0,100.0,139.0,142.0
19120,244.0,219.0,137.0,137.0
19121,256.0,115.0,138.0,138.0
19122,248.0,209.0,144.0,148.0
19123,230.0,110.0,136.0,118.0
19124,249.0,104.0,150.0,129.0
19125,260.0,137.0,137.0,153.0
19126,251.0,99.0,144.0,141.0
19127,250.0,76.0,141.0,132.0
19128,242.0,125.0,139.0,133.0
19129,243.0,213.0,128.0,131.0
19130,251.0,108.0,142.0,152.0
19131,253.0,253.0,150.0,144.0
19132,259.0,242.0,144.0,152.0
19133,239.0,116.0,123.0,128.0
19134,244.0,61.0,132.0,148.0
19135,227.0,123.0,115.0,111.0
19136,275.0,240.0,147.0,160.0
19137,253.0,216.0,120.0,131.0
19138,236.0,206.0,125.0,135.0
19139,243.0,110.0,132.0,122.0
19140,258.0,108.0,140.0,155.0
19141,235.0,181.0,124.0,136.0
19142,244.0,205.0,131.0,130.0
19143,268.0,215.0,155.0,154.0
19144,256.0,91.0,142.0,140.0
19145,255.0,103.0,139.0,140.0
19146,259.0,89.0,156.0,163.0
19147,260.0,221.0,142.0,166.0
19148,244.0,107.0,130.0,148.0
19149,241.0,147.0,138.0,133.0
19150,278.0,117.0,158.0,166.0
19151,243.0,90.0,130.0,143.0
19152,240.0,112.0,121.0,134.0
19153,247.0,214.0,139.0,147.0
19154,235.0,143.0,136.0,116.0
19155,251.0,212.0,148.0,132.0
19156,260.0,112.0,142.0,142.0
19157,253.0,220.0,145.0,129.0
19158,248.0,237.0,146.0,133.0
19159,230.0,202.0,119.0,146.0
19160,254.0,90.0,150.0,143.0
19161,265.0,158.0,145.0,147.0
19162,260.0,236.0,132.0,151.0
19163,238.0,210.0,142.0,129.0
19164,232.0,145.0,117.0,123.0
19165,258.0,230.0,137.0,152.0
19166,283.0,267.0,158.0,149.0
19167,237.0,77.0,141.0,143.0
19168,265.0,115.0,121.0,151.0
19169,267.0,230.0,150.0,158.0
19170,249.0,76.0,145.0,147.0
19171,247.0,207.0,135.0,142.0
19172,247.0,232.0,151.0,150.0
19173,260.0,129.0,154.0,150.0
19174,249.0,76.0,129.0,142.0
19175,241.0,99.0,139.0,141.0
19176,261.0,116.0,149.0,139.0
19177,252.0,137.0,151.0,148.0
19178,236.0,201.0,133.0,141.0
19179,236.0,101.0,136.0,103.0
19180,238.0,97.0,131.0,131.0
19181,288.0,179.0,166.0,178.0
19182,238.0,84.0,128.0,141.0
19183,267.0,118.0,140.0,140.0
19184,259.0,219.0,153.0,139.0
19185,237.0,136.0,137.0,134.0
19186,258.0,221.0,140.0,150.0
19187,250.0,83.0,142.0,150.0
19188,253.0,123.0,158.0,128.0
19189,252.0,86.0,139.0,137.0
19190,244.0,90.0,138.0,139.0
19191,280.0,164.0,143.0,165.0
19192,243.0,210.0,127.0,129.0
19193,270.0,97.0,152.0,148.0
19194,243.0,90.0,135.0,134.0
19195,245.0,92.0,144.0,149.0
19196,241.0,127.0,125.0,129.0
19197,261.0,228.0,148.0,131.0
19198,272.0,240.0,160.0,158.0
19199,250.0,97.0,147.0,140.0
19200,249.0,91.0,145.0,132.0
19201,249.0,124.0,141.0,142.0
19202,285.0,241.0,163.0,157.0
19203,244.0,111.0,131.0,136.0
19204,262.0,96.0,152.0,144.0
19205,255.0,108.0,149.0,133.0
19206,258.0,209.0,157.0,126.0
19207,267.0,115.0,162.0,132.0
19208,242.0,119.0,130.0,129.0
19209,259.0,108.0,131.0,153.0
19210,262.0,118.0,144.0,133.0
19211,222.0,114.0,129.0,133.0
19212,236.0,94.0,140.0,133.0
19213,256.0,133.0,143.0,153.0
19214,256.0,224.0,135.0,144.0
19215,256.0,153.0,135.0,155.0
19216,267.0,108.0,151.0,157.0
19217,253.0,224.0,114.0,137.0
19218,233.0,88.0,132.0,134.0
19219,267.0,256.0,169.0,140.0
19220,235.0,92.0,141.0,130.0
19221,236.0,94.0,126.0,143.0
19222,271.0,166.0,145.0,155.0
19223,251.0,139.0,124.0,131.0
19224,267.0,229.0,155.0,150.0
19225,270.0,247.0,160.0,145.0
19226,241.0,180.0,133.0,123.0
19227,247.0,142.0,142.0,150.0
19228,267.0,94.0,148.0,135.0
19229,272.0,86.0,168.0,169.0
19230,255.0,148.0,145.0,147.0
19231,234.0,144.0,138.0,136.0
19232,237.0,127.0,137.0,123.0
19233,246.0,111.0,149.0,143.0
19234,273.0,110.0,175.0,142.0
19235,243.0,210.0,145.0,144.0
19236,245.0,108.0,135.0,146.0
19237,254.0,115.0,156.0,160.0
19238,254.0,100.0,132.0,145.0
19239,236.0,192.0,124.0,134.0
19240,257.0,221.0,139.0,143.0
19241,254.0,168.0,134.0,149.0
19242,239.0,141.0,135.0,153.0
19243,252.0,157.0,143.0,130.0
19244,265.0,122.0,140.0,138.0
19245,249.0,223.0,136.0,127.0
19246,251.0,211.0,138.0,123.0
19247,247.0,93.0,139.0,141.0
19248,252.0,214.0,134.0,146.0
19249,254.0,123.0,140.0,138.0
19250,271.0,198.0,178.0,152.0
19251,260.0,221.0,142.0,152.0
19252,255.0,175.0,142.0,140.0
19253,249.0,216.0,146.0,122.0
19254,266.0,205.0,153.0,162.0
19255,251.0,206.0,156.0,152.0
19256,244.0,161.0,143.0,133.0
19257,213.0,119.0,119.0,120.0
19258,244.0,70.0,129.0,143.0
19259,277.0,90.0,150.0,164.0
19260,249.0,82.0,146.0,137.0
19261,263.0,128.0,154.0,139.0
19262,260.0,148.0,134.0,150.0
19263,245.0,236.0,145.0,134.0
19264,229.0,82.0,122.0,133.0
19265,251.0,221.0,136.0,138.0
19266,237.0,115.0,134.0,126.0
19267,268.0,148.0,143.0,138.0
19268,249.0,214.0,131.0,157.0
19269,264.0,129.0,138.0,149.0
19270,260.0,117.0,147.0,146.0
19271,241.0,218.0,141.0,127.0
19272,243.0,220.0,147.0,138.0
19273,240.0,92.0,139.0,132.0
19274,250.0,105.0,136.0,139.0
19275,267.0,145.0,164.0,156.0
19276,245.0,126.0,129.0,148.0
19277,244.0,63.0,144.0,134.0
19278,236.0,203.0,130.0,136.0
19279,249.0,93.0,152.0,146.0
19280,264.0,136.0,144.0,142.0
19281,251.0,224.0,127.0,140.0
19282,228.0,195.0,143.0,124.0
19283,258.0,96.0,134.0,161.0
19284,242.0,104.0,133.0,132.0
19285,250.0,112.0,147.0,124.0
19286,240.0,87.0,140.0,119.0
19287,252.0,208.0,117.0,141.0
19288,244.0,163.0,140.0,134.0
19289,241.0,207.0,129.0,141.0
19290,249.0,166.0,144.0,142.0
19291,238.0,122.0,130.0,137.0
19292,235.0,235.0,144.0,137.0
19293,248.0,133.0,142.0,148.0
19294,268.0,122.0,137.0,140.0
19295,235.0,104.0,121.0,116.0
19296,249.0,108.0,146.0,128.0
19297,216.0,216.0,138.0,111.0
19298,260.0,90.0,150.0,149.0
19299,275.0,238.0,154.0,162.0
19300,257.0,104.0,152.0,142.0
19301,238.0,128.0,148.0,139.0
19302,239.0,101.0,133.0,126.0
19303,260.0,166.0,142.0,156.0
19304,246.0,91.0,148.0,146.0
19305,244.0,213.0,146.0,136.0
19306,266.0,77.0,144.0,148.0
19307,224.0,66.0,149.0,108.0
19308,257.0,115.0,154.0,143.0
19309,244.0,89.0,149.0,142.0
19310,256.0,218.0,139.0,148.0
19311,248.0,221.0,131.0,140.0
19312,250.0,102.0,149.0,149.0
19313,234.0,113.0,132.0,146.0
19314,249.0,222.0,153.0,142.0
19315,241.0,231.0,149.0,147.0
19316,275.0,140.0,151.0,144.0
19317,262.0,231.0,135.0,140.0
19318,239.0,208.0,126.0,121.0
19319,247.0,122.0,155.0,125.0
19320,278.0,154.0,157.0,159.0
19321,241.0,108.0,134.0,140.0
19322,273.0,134.0,150.0,162.0
19323,258.0,213.0,153.0,159.0
19324,248.0,93.0,159.0,138.0
19325,245.0,116.0,135.0,114.0
19326,259.0,165.0,139.0,152.0
19327,234.0,164.0,140.0,131.0
19328,245.0,209.0,142.0,142.0
19329,242.0,120.0,143.0,137.0
19330,248.0,129.0,131.0,150.0
19331,243.0,193.0,134.0,136.0
19332,271.0,236.0,152.0,141.0
19333,237.0,127.0,131.0,138.0
19334,280.0,126.0,159.0,160.0
19335,261.0,227.0,159.0,140.0
19336,258.0,162.0,133.0,143.0
19337,249.0,220.0,141.0,131.0
19338,252.0,215.0,138.0,142.0
19339,251.0,129.0,149.0,145.0
19340,238.0,115.0,141.0,130.0
19341,261.0,117.0,138.0,154.0
19342,238.0,237.0,147.0,133.0
19343,232.0,153.0,133.0,147.0
19344,271.0,231.0,153.0,137.0
19345,264.0,193.0,144.0,147.0
19346,248.0,216.0,148.0,147.0
19347,256.0,120.0,132.0,144.0
19348,239.0,102.0,133.0,127.0
19349,255.0,221.0,142.0,139.0
19350,258.0,232.0,150.0,142.0
19351,251.0,100.0,134.0,147.0
19352,257.0,143.0,138.0,142.0
19353,255.0,113.0,136.0,145.0
19354,241.0,124.0,130.0,125.0
19355,261.0,97.0,142.0,151.0
19356,237.0,117.0,130.0,126.0
19357,245.0,81.0,137.0,137.0
19358,265.0,221.0,138.0,153.0
19359,245.0,207.0,138.0,130.0
19360,275.0,108.0,151.0,152.0
19361,255.0,234.0,133.0,144.0
19362,228.0,101.0,113.0,120.0
19363,205.0,91.0,99.0,106.0
19364,276.0,51.0,156.0,178.0
19365,272.0,99.0,159.0,145.0
19366,256.0,99.0,149.0,163.0
19367,246.0,221.0,137.0,136.0
19368,254.0,114.0,141.0,151.0
19369,248.0,146.0,136.0,141.0
19370,266.0,61.0,170.0,148.0
19371,254.0,81.0,154.0,149.0
19372,259.0,105.0,139.0,160.0
19373,210.0,83.0,112.0,127.0
19374,251.0,222.0,144.0,132.0
19375,263.0,106.0,144.0,132.0
19376,239.0,199.0,131.0,145.0
19377,242.0,166.0,146.0,135.0
19378,236.0,95.0,128.0,135.0
19379,252.0,116.0,163.0,136.0
19380,279.0,90.0,164.0,149.0
19381,268.0,160.0,139.0,156.0
19382,252.0,225.0,132.0,129.0
19383,244.0,221.0,152.0,137.0
19384,262.0,117.0,144.0,140.0
19385,224.0,82.0,119.0,122.0
19386,255.0,154.0,139.0,146.0
19387,244.0,92.0,135.0,123.0
19388,250.0,104.0,130.0,140.0
19389,265.0,229.0,147.0,129.0
19390,244.0,37.0,148.0,142.0
19391,236.0,187.0,135.0,131.0
19392,254.0,212.0,141.0,136.0
19393,272.0,123.0,140.0,164.0
19394,236.0,95.0,124.0,136.0
19395,211.0,90.0,119.0,112.0
19396,230.0,190.0,124.0,120.0
19397,257.0,217.0,146.0,136.0
19398,264.0,144.0,138.0,160.0
19399,282.0,231.0,162.0,155.0
19400,231.0,147.0,119.0,131.0
19401,247.0,127.0,144.0,148.0
19402,244.0,61.0,129.0,143.0
19403,223.0,185.0,124.0,132.0
19404,235.0,85.0,147.0,140.0
19405,250.0,146.0,147.0,156.0
19406,229.0,126.0,129.0,121.0
19407,245.0,87.0,117.0,129.0
19408,264.0,220.0,138.0,140.0
19409,237.0,94.0,135.0,129.0
19410,240.0,108.0,140.0,134.0
19411,240.0,187.0,134.0,136.0
19412,242.0,109.0,131.0,129.0
19413,249.0,101.0,134.0,149.0
19414,261.0,112.0,156.0,146.0
19415,253.0,113.0,127.0,137.0
19416,248.0,222.0,137.0,152.0
19417,235.0,210.0,136.0,128.0
19418,244.0,87.0,128.0,133.0
19419,254.0,111.0,152.0,143.0
19420,256.0,101.0,155.0,148.0
19421,254.0,104.0,143.0,143.0
19422,244.0,211.0,136.0,146.0
19423,261.0,124.0,143.0,132.0
19424,240.0,141.0,142.0,127.0
19425,271.0,105.0,148.0,152.0
19426,250.0,216.0,159.0,142.0
19427,225.0,187.0,119.0,129.0
19428,238.0,120.0,133.0,139.0
19429,263.0,262.0,155.0,146.0
19430,262.0,96.0,148.0,147.0
19431,257.0,234.0,145.0,141.0
19432,247.0,245.0,166.0,132.0
19433,238.0,236.0,146.0,144.0
19434,238.0,101.0,126.0,122.0
19435,251.0,153.0,166.0,140.0
19436,246.0,106.0,127.0,137.0
19437,256.0,256.0,138.0,152.0
19438,247.0,116.0,127.0,160.0
19439,266.0,179.0,158.0,149.0
19440,256.0,256.0,157.0,147.0
19441,262.0,262.0,149.0,154.0
19442,232.0,138.0,126.0,131.0
19443,247.0,108.0,148.0,136.0
19444,256.0,88.0,149.0,140.0
19445,256.0,219.0,146.0,147.0
19446,246.0,161.0,141.0,139.0
19447,264.0,125.0,136.0,156.0
19448,247.0,85.0,138.0,133.0
19449,220.0,112.0,126.0,126.0
19450,250.0,225.0,144.0,146.0
19451,219.0,68.0,111.0,130.0
19452,252.0,101.0,139.0,145.0
19453,262.0,139.0,166.0,152.0
19454,270.0,225.0,155.0,136.0
19455,246.0,211.0,134.0,131.0
19456,252.0,128.0,144.0,153.0
19457,262.0,210.0,163.0,147.0
19458,260.0,83.0,137.0,142.0
19459,261.0,127.0,133.0,152.0
19460,241.0,198.0,121.0,142.0
19461,230.0,149.0,131.0,139.0
19462,234.0,193.0,119.0,121.0
19463,251.0,230.0,139.0,135.0
19464,264.0,115.0,153.0,144.0
19465,248.0,152.0,148.0,150.0
19466,233.0,124.0,139.0,129.0
19467,226.0,130.0,130.0,128.0
19468,251.0,176.0,142.0,148.0
19469,253.0,137.0,148.0,147.0
19470,244.0,114.0,128.0,135.0
19471,258.0,129.0,143.0,166.0
19472,263.0,123.0,159.0,166.0
19473,257.0,157.0,135.0,158.0
19474,240.0,96.0,140.0,131.0
19475,258.0,67.0,133.0,154.0
19476,245.0,78.0,134.0,132.0
19477,259.0,157.0,141.0,136.0
19478,245.0,68.0,131.0,128.0
19479,253.0,130.0,130.0,143.0
19480,270.0,115.0,161.0,148.0
19481,257.0,222.0,161.0,149.0
19482,270.0,133.0,152.0,153.0
19483,240.0,203.0,140.0,133.0
19484,254.0,223.0,149.0,151.0
19485,243.0,238.0,140.0,146.0
19486,253.0,249.0,152.0,132.0
19487,253.0,93.0,150.0,141.0
19488,225.0,89.0,127.0,120.0
19489,286.0,124.0,168.0,165.0
19490,253.0,225.0,140.0,142.0
19491,257.0,206.0,160.0,137.0
19492,252.0,140.0,135.0,141.0
19493,245.0,229.0,128.0,141.0
19494,243.0,102.0,131.0,129.0
19495,272.0,179.0,159.0,156.0
19496,274.0,171.0,150.0,139.0
19497,257.0,100.0,147.0,130.0
19498,241.0,94.0,139.0,128.0
19499,247.0,168.0,143.0,136.0
19500,277.0,240.0,154.0,153.0
19501,231.0,91.0,146.0,141.0
19502,247.0,220.0,136.0,148.0
19503,263.0,135.0,137.0,162.0
19504,265.0,82.0,143.0,134.0
19505,263.0,114.0,157.0,148.0
19506,257.0,252.0,143.0,136.0
19507,246.0,134.0,141.0,141.0
19508,253.0,114.0,148.0,140.0
19509,257.0,123.0,153.0,143.0
19510,245.0,215.0,130.0,127.0
19511,219.0,80.0,132.0,137.0
19512,236.0,141.0,123.0,128.0
19513,272.0,240.0,152.0,154.0
19514,250.0,246.0,146.0,149.0
19515,270.0,120.0,169.0,143.0
19516,228.0,86.0,141.0,118.0
19517,240.0,54.0,127.0,138.0
19518,268.0,137.0,154.0,163.0
19519,242.0,207.0,135.0,147.0
19520,268.0,233.0,140.0,146.0
19521,249.0,108.0,137.0,151.0
19522,260.0,145.0,139.0,147.0
19523,274.0,110.0,156.0,145.0
19524,254.0,208.0,151.0,140.0
19525,250.0,125.0,142.0,126.0
19526,258.0,121.0,149.0,151.0
19527,242.0,239.0,138.0,130.0
19528,230.0,221.0,121.0,143.0
19529,243.0,222.0,136.0,158.0
19530,255.0,116.0,150.0,148.0
19531,215.0,73.0,117.0,113.0
19532,264.0,93.0,162.0,142.0
19533,252.0,80.0,141.0,134.0
19534,261.0,138.0,144.0,152.0
19535,251.0,238.0,151.0,150.0
19536,260.0,226.0,129.0,152.0
19537,247.0,220.0,148.0,156.0
19538,247.0,109.0,130.0,151.0
19539,271.0,114.0,155.0,145.0
19540,250.0,131.0,132.0,160.0
19541,241.0,207.0,122.0,117.0
19542,252.0,97.0,139.0,145.0
19543,250.0,123.0,147.0,127.0
19544,261.0,111.0,149.0,143.0
19545,242.0,116.0,144.0,131.0
19546,229.0,80.0,113.0,129.0
19547,248.0,228.0,143.0,143.0
19548,240.0,220.0,129.0,147.0
19549,234.0,223.0,139.0,127.0
19550,236.0,95.0,121.0,134.0
19551,269.0,141.0,156.0,132.0
19552,239.0,213.0,139.0,128.0
19553,222.0,189.0,133.0,124.0
19554,242.0,114.0,125.0,145.0
19555,249.0,205.0,139.0,113.0
19556,252.0,221.0,153.0,122.0
19557,263.0,263.0,158.0,156.0
19558,246.0,246.0,127.0,151.0
19559,254.0,148.0,138.0,141.0
19560,265.0,111.0,138.0,145.0
19561,240.0,203.0,135.0,142.0
19562,267.0,130.0,134.0,148.0
19563,224.0,91.0,119.0,127.0
19564,238.0,100.0,115.0,125.0
19565,234.0,214.0,130.0,138.0
19566,263.0,255.0,159.0,139.0
19567,254.0,133.0,144.0,139.0
19568,243.0,239.0,138.0,138.0
19569,235.0,234.0,147.0,142.0
19570,250.0,213.0,146.0,133.0
19571,238.0,121.0,130.0,143.0
19572,269.0,153.0,159.0,156.0
19573,249.0,157.0,121.0,141.0
19574,245.0,105.0,140.0,134.0
19575,235.0,211.0,144.0,118.0
19576,236.0,94.0,146.0,133.0
19577,263.0,138.0,142.0,136.0
19578,253.0,131.0,144.0,138.0
19579,253.0,101.0,126.0,152.0
19580,240.0,120.0,130.0,134.0
19581,264.0,233.0,156.0,139.0
19582,263.0,229.0,156.0,150.0
19583,237.0,131.0,120.0,144.0
19584,264.0,154.0,172.0,139.0
19585,274.0,125.0,154.0,161.0
19586,255.0,238.0,152.0,140.0
19587,269.0,94.0,142.0,142.0
19588,254.0,246.0,156.0,137.0
19589,234.0,105.0,127.0,156.0
19590,262.0,89.0,140.0,135.0
19591,242.0,81.0,136.0,134.0
19592,242.0,219.0,135.0,144.0
19593,257.0,97.0,144.0,146.0
19594,259.0,83.0,126.0,138.0
19595,258.0,135.0,143.0,131.0
19596,226.0,214.0,151.0,134.0
19597,248.0,139.0,129.0,145.0
19598,269.0,243.0,161.0,138.0
19599,237.0,202.0,137.0,134.0
19600,266.0,103.0,153.0,137.0
19601,261.0,149.0,144.0,140.0
19602,243.0,109.0,138.0,137.0
19603,234.0,200.0,140.0,137.0
19604,268.0,223.0,153.0,162.0
19605,249.0,116.0,142.0,148.0
19606,250.0,216.0,142.0,134.0
19607,254.0,166.0,140.0,141.0
19608,240.0,97.0,139.0,130.0
19609,235.0,108.0,122.0,143.0
19610,265.0,116.0,144.0,152.0
19611,256.0,81.0,153.0,153.0
19612,241.0,132.0,125.0,134.0
19613,254.0,132.0,134.0,145.0
19614,252.0,89.0,144.0,148.0
19615,247.0,149.0,138.0,148.0
19616,245.0,131.0,143.0,133.0
19617,265.0,107.0,153.0,153.0
19618,248.0,219.0,136.0,145.0
19619,232.0,114.0,114.0,142.0
19620,245.0,116.0,131.0,128.0
19621,263.0,138.0,137.0,149.0
19622,223.0,184.0,123.0,129.0
19623,245.0,136.0,129.0,140.0
19624,221.0,104.0,127.0,116.0
19625,263.0,229.0,160.0,148.0
19626,237.0,83.0,135.0,126.0
19627,290.0,130.0,163.0,177.0
19628,249.0,112.0,129.0,140.0
19629,239.0,206.0,135.0,129.0
19630,242.0,95.0,129.0,131.0
19631,254.0,135.0,153.0,146.0
19632,233.0,228.0,116.0,129.0
19633,247.0,130.0,126.0,136.0
19634,235.0,103.0,130.0,139.0
19635,265.0,125.0,143.0,145.0
19636,263.0,232.0,157.0,141.0
19637,251.0,163.0,136.0,141.0
19638,259.0,104.0,144.0,159.0
19639,252.0,223.0,144.0,142.0
19640,225.0,196.0,133.0,108.0
19641,253.0,239.0,134.0,140.0
19642,289.0,275.0,153.0,163.0
19643,242.0,119.0,150.0,148.0
19644,272.0,250.0,165.0,147.0
19645,251.0,95.0,154.0,131.0
19646,262.0,91.0,149.0,151.0
19647,272.0,248.0,143.0,161.0
19648,259.0,121.0,145.0,131.0
19649,240.0,100.0,130.0,132.0
19650,247.0,224.0,125.0,140.0
19651,261.0,88.0,136.0,148.0
19652,261.0,239.0,152.0,154.0
19653,259.0,157.0,146.0,149.0
19654,253.0,122.0,146.0,129.0
19655,265.0,142.0,155.0,139.0
19656,239.0,98.0,133.0,129.0
19657,248.0,147.0,133.0,144.0
19658,277.0,76.0,155.0,153.0
19659,242.0,106.0,131.0,138.0
19660,246.0,106.0,144.0,141.0
19661,254.0,78.0,150.0,136.0
19662,251.0,207.0,148.0,121.0
19663,241.0,161.0,121.0,144.0
19664,264.0,232.0,156.0,144.0
19665,266.0,226.0,168.0,146.0
19666,255.0,230.0,149.0,141.0
19667,258.0,126.0,140.0,153.0
19668,249.0,114.0,139.0,146.0
19669,249.0,114.0,142.0,122.0
19670,243.0,99.0,140.0,136.0
19671,281.0,177.0,173.0,151.0
19672,278.0,106.0,142.0,151.0
19673,256.0,112.0,153.0,151.0
19674,244.0,235.0,151.0,145.0
19675,241.0,54.0,148.0,131.0
19676,255.0,34.0,150.0,141.0
19677,262.0,248.0,154.0,138.0
19678,253.0,224.0,138.0,137.0
19679,247.0,98.0,131.0,128.0
19680,237.0,74.0,135.0,136.0
19681,244.0,120.0,138.0,141.0
19682,248.0,75.0,139.0,139.0
19683,252.0,138.0,133.0,139.0
19684,230.0,115.0,118.0,139.0
19685,231.0,168.0,125.0,135.0
19686,245.0,105.0,130.0,131.0
19687,249.0,80.0,142.0,136.0
19688,249.0,141.0,128.0,132.0
19689,249.0,93.0,148.0,133.0
19690,244.0,113.0,145.0,139.0
19691,262.0,173.0,157.0,140.0
19692,238.0,210.0,141.0,133.0
19693,248.0,225.0,138.0,148.0
19694,244.0,129.0,146.0,142.0
19695,277.0,153.0,150.0,162.0
19696,252.0,110.0,141.0,135.0
19697,249.0,207.0,129.0,143.0
19698,258.0,107.0,162.0,139.0
19699,258.0,232.0,131.0,150.0
19700,266.0,77.0,152.0,145.0
19701,254.0,87.0,146.0,137.0
19702,246.0,220.0,147.0,147.0
19703,263.0,159.0,141.0,145.0
19704,249.0,112.0,127.0,144.0
19705,262.0,233.0,146.0,156.0
19706,262.0,232.0,164.0,136.0
19707,237.0,207.0,138.0,130.0
19708,244.0,112.0,123.0,151.0
19709,247.0,145.0,126.0,136.0
19710,259.0,230.0,143.0,140.0
19711,248.0,188.0,143.0,136.0
19712,244.0,83.0,124.0,132.0
19713,244.0,115.0,135.0,151.0
19714,237.0,80.0,138.0,124.0
19715,223.0,92.0,131.0,131.0
19716,234.0,205.0,132.0,135.0
19717,252.0,85.0,151.0,128.0
19718,248.0,98.0,133.0,129.0
19719,278.0,242.0,152.0,142.0
19720,255.0,219.0,139.0,153.0
19721,247.0,114.0,154.0,139.0
19722,239.0,187.0,129.0,134.0
19723,273.0,243.0,142.0,160.0
19724,233.0,176.0,129.0,132.0
19725,242.0,95.0,136.0,133.0
19726,264.0,167.0,148.0,149.0
19727,257.0,75.0,150.0,135.0
19728,245.0,128.0,134.0,135.0
19729,237.0,206.0,138.0,134.0
19730,262.0,227.0,149.0,153.0
19731,249.0,137.0,130.0,150.0
19732,237.0,96.0,116.0,114.0
19733,257.0,68.0,150.0,152.0
19734,264.0,231.0,141.0,138.0
19735,263.0,136.0,145.0,150.0
19736,263.0,168.0,151.0,156.0
19737,252.0,139.0,142.0,150.0
19738,206.0,128.0,104.0,117.0
19739,257.0,53.0,146.0,148.0
19740,245.0,209.0,143.0,143.0
19741,260.0,226.0,157.0,160.0
19742,225.0,84.0,131.0,125.0
19743,257.0,237.0,166.0,154.0
19744,284.0,98.0,167.0,165.0
19745,243.0,131.0,118.0,142.0
19746,269.0,148.0,161.0,148.0
19747,252.0,136.0,134.0,148.0
19748,278.0,74.0,160.0,152.0
19749,253.0,225.0,140.0,145.0
19750,256.0,102.0,145.0,143.0
19751,286.0,118.0,156.0,157.0
19752,269.0,136.0,163.0,143.0
19753,253.0,112.0,141.0,150.0
19754,241.0,95.0,124.0,142.0
19755,257.0,132.0,130.0,130.0
19756,268.0,265.0,157.0,167.0
19757,244.0,101.0,147.0,136.0
19758,230.0,153.0,131.0,130.0
19759,257.0,137.0,135.0,142.0
19760,234.0,197.0,125.0,132.0
19761,250.0,82.0,128.0,136.0
19762,268.0,91.0,166.0,139.0
19763,240.0,210.0,132.0,140.0
19764,271.0,109.0,162.0,149.0
19765,277.0,242.0,155.0,141.0
19766,244.0,205.0,135.0,149.0
19767,235.0,196.0,136.0,134.0
19768,251.0,122.0,138.0,143.0
19769,235.0,96.0,129.0,138.0
19770,234.0,218.0,127.0,133.0
19771,260.0,174.0,163.0,147.0
19772,257.0,107.0,138.0,147.0
19773,271.0,147.0,168.0,150.0
19774,244.0,123.0,142.0,129.0
19775,231.0,65.0,131.0,130.0
19776,259.0,229.0,141.0,143.0
19777,247.0,101.0,134.0,140.0
19778,236.0,120.0,141.0,137.0
19779,268.0,159.0,134.0,152.0
19780,241.0,204.0,135.0,131.0
19781,254.0,130.0,149.0,145.0
19782,274.0,143.0,137.0,156.0
19783,249.0,197.0,130.0,154.0
19784,239.0,92.0,133.0,127.0
19785,249.0,136.0,141.0,138.0
19786,251.0,90.0,148.0,136.0
19787,246.0,110.0,138.0,136.0
19788,267.0,235.0,156.0,162.0
19789,243.0,203.0,137.0,131.0
19790,246.0,92.0,136.0,137.0
19791,246.0,142.0,141.0,131.0
19792,245.0,98.0,136.0,141.0
19793,238.0,150.0,133.0,130.0
19794,242.0,78.0,133.0,133.0
19795,257.0,239.0,155.0,130.0
19796,256.0,111.0,142.0,152.0
19797,247.0,93.0,151.0,139.0
19798,238.0,214.0,145.0,144.0
19799,252.0,62.0,137.0,155.0
19800,255.0,158.0,136.0,153.0
19801,259.0,101.0,143.0,142.0
19802,250.0,227.0,127.0,158.0
19803,232.0,41.0,125.0,142.0
19804,244.0,131.0,135.0,131.0
19805,236.0,228.0,150.0,130.0
19806,251.0,96.0,132.0,138.0
19807,254.0,145.0,125.0,141.0
19808,247.0,207.0,138.0,129.0
19809,238.0,110.0,142.0,128.0
19810,256.0,119.0,149.0,145.0
19811,255.0,223.0,141.0,141.0
19812,276.0,156.0,147.0,147.0
19813,245.0,164.0,132.0,144.0
19814,241.0,93.0,138.0,138.0
19815,223.0,131.0,119.0,116.0
19816,254.0,229.0,144.0,121.0
19817,261.0,172.0,137.0,140.0
19818,267.0,119.0,164.0,152.0
19819,241.0,204.0,147.0,140.0
19820,245.0,73.0,125.0,137.0
19821,252.0,98.0,128.0,142.0
19822,253.0,225.0,151.0,125.0
19823,242.0,155.0,140.0,135.0
19824,251.0,224.0,140.0,131.0
19825,251.0,96.0,147.0,138.0
19826,251.0,166.0,134.0,131.0
19827,234.0,111.0,126.0,134.0
19828,263.0,95.0,149.0,147.0
19829,271.0,110.0,147.0,145.0
19830,229.0,112.0,134.0,129.0
19831,248.0,93.0,147.0,127.0
19832,258.0,242.0,146.0,150.0
19833,277.0,167.0,155.0,152.0
19834,263.0,256.0,170.0,155.0
19835,268.0,121.0,149.0,165.0
19836,263.0,155.0,154.0,153.0
19837,263.0,230.0,159.0,153.0
19838,263.0,232.0,143.0,162.0
19839,229.0,198.0,145.0,128.0
19840,270.0,186.0,151.0,145.0
19841,242.0,204.0,136.0,129.0
19842,239.0,109.0,130.0,132.0
19843,262.0,161.0,142.0,145.0
19844,250.0,119.0,144.0,137.0
19845,271.0,108.0,168.0,153.0
19846,258.0,110.0,147.0,153.0
19847,267.0,105.0,162.0,153.0
19848,252.0,236.0,138.0,152.0
19849,260.0,238.0,157.0,148.0
19850,241.0,127.0,145.0,129.0
19851,249.0,231.0,137.0,140.0
19852,261.0,59.0,152.0,140.0
19853,260.0,126.0,146.0,143.0
19854,248.0,85.0,135.0,150.0
19855,235.0,210.0,118.0,127.0
19856,255.0,97.0,149.0,139.0
19857,260.0,244.0,154.0,149.0
19858,263.0,92.0,147.0,148.0
19859,238.0,103.0,132.0,122.0
19860,251.0,134.0,136.0,150.0
19861,252.0,84.0,147.0,140.0
19862,239.0,57.0,122.0,137.0
19863,215.0,184.0,117.0,127.0
19864,252.0,223.0,140.0,151.0
19865,243.0,86.0,138.0,137.0
19866,263.0,230.0,142.0,152.0
19867,256.0,210.0,129.0,138.0
19868,250.0,221.0,149.0,143.0
19869,260.0,231.0,147.0,150.0
19870,233.0,139.0,131.0,129.0
19871,219.0,113.0,120.0,132.0
19872,247.0,99.0,143.0,139.0
19873,244.0,111.0,136.0,133.0
19874,260.0,159.0,135.0,151.0
19875,268.0,118.0,140.0,164.0
19876,240.0,87.0,129.0,154.0
19877,250.0,240.0,147.0,143.0
19878,228.0,114.0,131.0,136.0
19879,237.0,119.0,125.0,130.0
19880,246.0,126.0,138.0,141.0
19881,248.0,117.0,140.0,137.0
19882,257.0,99.0,127.0,153.0
19883,254.0,244.0,145.0,139.0
19884,263.0,128.0,139.0,160.0
19885,265.0,106.0,150.0,153.0
19886,247.0,208.0,138.0,144.0
19887,234.0,207.0,144.0,132.0
19888,267.0,152.0,142.0,148.0
19889,271.0,132.0,162.0,138.0
19890,240.0,145.0,142.0,117.0
19891,247.0,98.0,130.0,140.0
19892,219.0,117.0,118.0,135.0
19893,226.0,186.0,118.0,122.0
19894,259.0,219.0,128.0,156.0
19895,256.0,116.0,137.0,158.0
19896,268.0,106.0,143.0,142.0
19897,275.0,129.0,160.0,149.0
19898,252.0,103.0,147.0,155.0
19899,232.0,197.0,126.0,131.0
19900,252.0,74.0,149.0,149.0
19901,229.0,82.0,111.0,124.0
19902,255.0,249.0,154.0,154.0
19903,261.0,150.0,132.0,143.0
19904,244.0,219.0,143.0,126.0
19905,245.0,209.0,133.0,134.0
19906,266.0,136.0,134.0,144.0
19907,255.0,108.0,148.0,136.0
19908,265.0,256.0,154.0,163.0
19909,251.0,211.0,151.0,134.0
19910,239.0,102.0,132.0,135.0
19911,235.0,114.0,128.0,134.0
19912,264.0,84.0,134.0,141.0
19913,250.0,125.0,135.0,139.0
19914,259.0,73.0,147.0,132.0
19915,233.0,115.0,125.0,118.0
19916,245.0,121.0,141.0,135.0
19917,245.0,124.0,140.0,145.0
19918,257.0,114.0,148.0,140.0
19919,240.0,87.0,146.0,138.0
19920,280.0,95.0,155.0,168.0
19921,262.0,227.0,139.0,142.0
19922,267.0,100.0,137.0,150.0
19923,235.0,97.0,143.0,131.0
19924,268.0,139.0,148.0,137.0
19925,267.0,262.0,148.0,154.0
19926,232.0,174.0,129.0,130.0
19927,255.0,236.0,141.0,133.0
19928,255.0,246.0,137.0,141.0
19929,262.0,108.0,155.0,141.0
19930,263.0,98.0,145.0,141.0
19931,254.0,251.0,135.0,142.0
19932,254.0,131.0,145.0,146.0
19933,257.0,87.0,156.0,137.0
19934,241.0,114.0,120.0,149.0
19935,289.0,259.0,160.0,152.0
19936,271.0,235.0,166.0,160.0
19937,254.0,214.0,139.0,155.0
19938,255.0,48.0,141.0,153.0
19939,239.0,114.0,150.0,129.0
19940,257.0,252.0,137.0,153.0
19941,243.0,143.0,128.0,130.0
19942,275.0,144.0,152.0,148.0
19943,246.0,75.0,144.0,143.0
19944,237.0,207.0,122.0,126.0
19945,240.0,76.0,145.0,133.0
19946,260.0,116.0,134.0,154.0
19947,267.0,227.0,161.0,161.0
19948,248.0,123.0,146.0,123.0
19949,262.0,88.0,144.0,153.0
19950,233.0,133.0,141.0,118.0
19951,237.0,106.0,131.0,145.0
19952,263.0,117.0,147.0,134.0
19953,257.0,215.0,151.0,154.0
19954,232.0,91.0,135.0,122.0
19955,244.0,222.0,130.0,151.0
19956,251.0,139.0,128.0,139.0
19957,232.0,143.0,124.0,126.0
19958,237.0,210.0,128.0,134.0
19959,245.0,242.0,137.0,135.0
19960,256.0,96.0,148.0,145.0
19961,250.0,224.0,137.0,135.0
19962,259.0,233.0,137.0,128.0
19963,240.0,99.0,139.0,144.0
19964,234.0,87.0,148.0,129.0
19965,249.0,92.0,137.0,153.0
19966,247.0,123.0,152.0,145.0
19967,229.0,91.0,131.0,130.0
19968,256.0,221.0,153.0,148.0
19969,263.0,233.0,152.0,166.0
19970,270.0,109.0,155.0,144.0
19971,243.0,217.0,133.0,134.0
19972,222.0,203.0,135.0,116.0
19973,248.0,212.0,130.0,145.0
19974,253.0,120.0,135.0,152.0
19975,260.0,174.0,137.0,137.0
19976,245.0,217.0,133.0,128.0
19977,281.0,147.0,162.0,149.0
19978,237.0,144.0,115.0,113.0
19979,266.0,125.0,142.0,141.0
19980,258.0,144.0,133.0,147.0
19981,262.0,95.0,152.0,154.0
19982,247.0,245.0,152.0,141.0
19983,236.0,100.0,120.0,139.0
19984,253.0,106.0,140.0,135.0
19985,234.0,129.0,123.0,122.0
19986,271.0,130.0,151.0,159.0
19987,253.0,147.0,136.0,149.0
19988,243.0,157.0,138.0,140.0
19989,264.0,149.0,150.0,152.0
19990,251.0,102.0,151.0,145.0
19991,260.0,230.0,150.0,154.0
19992,250.0,164.0,139.0,137.0
19993,239.0,98.0,137.0,136.0
19994,240.0,95.0,136.0,135.0
19995,246.0,211.0,128.0,142.0
19996,263.0,169.0,158.0,147.0
19997,260.0,121.0,165.0,135.0
19998,228.0,133.0,140.0,130.0
19999,255.0,119.0,147.0,150.0
20000,223.0,86.0,127.0,118.0
20001,266.0,257.0,143.0,165.0
20002,266.0,257.0,145.0,160.0
20003,231.0,95.0,136.0,128.0
20004,239.0,126.0,141.0,132.0
20005,279.0,147.0,170.0,155.0
20006,232.0,51.0,132.0,126.0
20007,244.0,94.0,138.0,142.0
20008,252.0,93.0,132.0,134.0
20009,260.0,143.0,152.0,149.0
20010,231.0,196.0,136.0,116.0
20011,271.0,78.0,151.0,141.0
20012,229.0,118.0,130.0,124.0
20013,261.0,227.0,137.0,145.0
20014,252.0,218.0,150.0,147.0
20015,249.0,224.0,144.0,133.0
20016,265.0,229.0,156.0,150.0
20017,249.0,200.0,134.0,146.0
20018,266.0,253.0,136.0,159.0
20019,257.0,125.0,142.0,148.0
20020,292.0,253.0,157.0,165.0
20021,238.0,85.0,136.0,131.0
20022,249.0,125.0,138.0,140.0
20023,241.0,132.0,142.0,129.0
20024,250.0,136.0,136.0,133.0
20025,236.0,63.0,125.0,140.0
20026,252.0,90.0,117.0,151.0
20027,264.0,111.0,139.0,164.0
20028,251.0,119.0,136.0,134.0
20029,238.0,110.0,135.0,137.0
20030,230.0,80.0,133.0,128.0
20031,265.0,226.0,145.0,158.0
20032,249.0,218.0,132.0,136.0
20033,226.0,86.0,129.0,122.0
20034,231.0,68.0,122.0,118.0
20035,244.0,120.0,129.0,127.0
20036,284.0,143.0,161.0,170.0
20037,271.0,121.0,159.0,165.0
20038,261.0,127.0,149.0,138.0
20039,243.0,128.0,141.0,126.0
20040,279.0,246.0,147.0,156.0
20041,267.0,231.0,139.0,131.0
20042,262.0,136.0,157.0,141.0
20043,250.0,138.0,146.0,141.0
20044,246.0,223.0,136.0,132.0
20045,252.0,84.0,140.0,147.0
20046,252.0,217.0,157.0,125.0
20047,246.0,211.0,137.0,149.0
20048,278.0,131.0,163.0,147.0
20049,268.0,229.0,162.0,141.0
20050,243.0,108.0,129.0,131.0
20051,259.0,156.0,138.0,143.0
20052,253.0,103.0,145.0,144.0
20053,260.0,122.0,144.0,159.0
20054,263.0,103.0,148.0,139.0
20055,257.0,90.0,122.0,138.0
20056,245.0,122.0,142.0,142.0
20057,252.0,90.0,137.0,133.0
20058,251.0,77.0,130.0,151.0
20059,260.0,135.0,151.0,158.0
20060,233.0,117.0,142.0,126.0
20061,247.0,104.0,132.0,140.0
20062,273.0,131.0,147.0,167.0
20063,257.0,169.0,149.0,145.0
20064,246.0,102.0,137.0,138.0
20065,262.0,230.0,147.0,139.0
20066,234.0,116.0,135.0,126.0
20067,245.0,115.0,128.0,130.0
20068,261.0,255.0,153.0,160.0
20069,226.0,199.0,130.0,120.0
20070,256.0,124.0,148.0,145.0
20071,251.0,136.0,145.0,142.0
20072,258.0,100.0,146.0,141.0
20073,224.0,102.0,127.0,129.0
20074,277.0,261.0,155.0,157.0
20075,231.0,202.0,125.0,119.0
20076,277.0,242.0,156.0,157.0
20077,233.0,126.0,135.0,135.0
20078,246.0,213.0,148.0,146.0
20079,231.0,118.0,127.0,136.0
20080,258.0,117.0,154.0,144.0
20081,233.0,125.0,110.0,140.0
20082,214.0,197.0,112.0,128.0
20083,245.0,103.0,143.0,145.0
20084,260.0,99.0,159.0,134.0
20085,252.0,218.0,142.0,160.0
20086,234.0,188.0,126.0,131.0
20087,267.0,78.0,157.0,146.0
20088,234.0,142.0,137.0,130.0
20089,276.0,100.0,156.0,156.0
20090,256.0,108.0,158.0,139.0
20091,251.0,67.0,148.0,142.0
20092,233.0,213.0,140.0,145.0
20093,261.0,142.0,144.0,135.0
20094,262.0,229.0,154.0,142.0
20095,245.0,87.0,155.0,135.0
20096,231.0,157.0,133.0,132.0
20097,277.0,243.0,146.0,144.0
20098,248.0,239.0,139.0,150.0
20099,252.0,243.0,131.0,144.0
20100,232.0,159.0,129.0,136.0
20101,272.0,92.0,152.0,156.0
20102,239.0,203.0,135.0,132.0
20103,226.0,93.0,121.0,135.0
20104,258.0,108.0,156.0,148.0
20105,267.0,108.0,153.0,149.0
20106,251.0,103.0,159.0,137.0
20107,236.0,100.0,134.0,128.0
20108,263.0,233.0,144.0,156.0
20109,248.0,222.0,142.0,143.0
20110,249.0,148.0,137.0,146.0
20111,274.0,153.0,151.0,154.0
20112,246.0,99.0,157.0,140.0
20113,266.0,229.0,161.0,155.0
20114,245.0,113.0,142.0,141.0
20115,255.0,141.0,142.0,132.0
20116,253.0,202.0,143.0,135.0
20117,240.0,107.0,135.0,143.0
20118,253.0,217.0,149.0,138.0
20119,244.0,117.0,126.0,132.0
20120,242.0,150.0,155.0,137.0
20121,243.0,96.0,128.0,147.0
20122,249.0,152.0,135.0,138.0
20123,252.0,91.0,150.0,151.0
20124,252.0,85.0,136.0,152.0
20125,242.0,149.0,139.0,125.0
20126,260.0,78.0,136.0,159.0
20127,254.0,213.0,138.0,122.0
20128,243.0,87.0,116.0,127.0
20129,259.0,115.0,139.0,140.0
20130,265.0,125.0,153.0,152.0
20131,239.0,109.0,156.0,146.0
20132,249.0,135.0,137.0,141.0
20133,256.0,232.0,133.0,142.0
20134,253.0,229.0,146.0,150.0
20135,238.0,97.0,130.0,138.0
20136,267.0,172.0,161.0,161.0
20137,261.0,114.0,130.0,142.0
20138,243.0,207.0,135.0,123.0
20139,248.0,248.0,148.0,149.0
20140,244.0,244.0,141.0,142.0
20141,244.0,90.0,143.0,141.0
20142,260.0,68.0,138.0,136.0
20143,225.0,182.0,129.0,131.0
20144,238.0,130.0,145.0,149.0
20145,231.0,204.0,121.0,134.0
20146,224.0,163.0,133.0,124.0
20147,266.0,227.0,147.0,143.0
20148,255.0,103.0,143.0,151.0
20149,255.0,73.0,139.0,145.0
20150,248.0,63.0,148.0,141.0
20151,238.0,83.0,133.0,142.0
20152,238.0,215.0,124.0,137.0
20153,262.0,255.0,161.0,135.0
20154,270.0,148.0,158.0,142.0
20155,257.0,128.0,135.0,148.0
20156,260.0,93.0,158.0,143.0
20157,248.0,108.0,142.0,137.0
20158,248.0,83.0,139.0,130.0
20159,257.0,219.0,129.0,144.0
20160,260.0,214.0,134.0,145.0
20161,249.0,217.0,141.0,152.0
20162,246.0,104.0,146.0,149.0
20163,250.0,222.0,132.0,131.0
20164,246.0,97.0,143.0,135.0
20165,231.0,99.0,139.0,137.0
20166,224.0,144.0,124.0,120.0
20167,243.0,222.0,145.0,133.0
20168,251.0,168.0,144.0,129.0
20169,255.0,94.0,165.0,132.0
20170,264.0,260.0,154.0,155.0
20171,256.0,252.0,147.0,144.0
20172,261.0,227.0,151.0,150.0
20173,259.0,110.0,139.0,145.0
20174,250.0,216.0,146.0,140.0
20175,253.0,246.0,164.0,135.0
20176,256.0,219.0,139.0,133.0
20177,239.0,182.0,139.0,129.0
20178,249.0,221.0,143.0,131.0
20179,221.0,94.0,122.0,119.0
20180,255.0,90.0,154.0,139.0
20181,251.0,119.0,128.0,126.0
20182,233.0,225.0,114.0,126.0
20183,251.0,115.0,145.0,137.0
20184,265.0,219.0,145.0,144.0
20185,258.0,107.0,140.0,161.0
20186,242.0,148.0,133.0,139.0
20187,277.0,233.0,149.0,156.0
20188,243.0,207.0,139.0,141.0
20189,227.0,112.0,131.0,118.0
20190,266.0,238.0,150.0,145.0
20191,247.0,156.0,145.0,135.0
20192,244.0,224.0,127.0,149.0
20193,251.0,163.0,133.0,135.0
20194,265.0,141.0,135.0,154.0
20195,249.0,132.0,129.0,148.0
20196,255.0,99.0,153.0,156.0
20197,251.0,94.0,160.0,140.0
20198,226.0,68.0,129.0,122.0
20199,241.0,66.0,118.0,130.0
20200,255.0,122.0,147.0,133.0
20201,235.0,119.0,125.0,139.0
20202,263.0,134.0,137.0,154.0
20203,241.0,118.0,128.0,132.0
20204,243.0,117.0,125.0,128.0
20205,238.0,62.0,128.0,129.0
20206,261.0,139.0,157.0,142.0
20207,260.0,250.0,168.0,151.0
20208,235.0,212.0,137.0,131.0
20209,250.0,209.0,145.0,144.0
20210,236.0,144.0,136.0,135.0
20211,217.0,101.0,134.0,124.0
20212,257.0,191.0,133.0,151.0
20213,259.0,108.0,157.0,160.0
20214,227.0,118.0,137.0,126.0
20215,252.0,222.0,139.0,140.0
20216,232.0,100.0,132.0,140.0
20217,257.0,139.0,159.0,151.0
20218,266.0,235.0,152.0,149.0
20219,259.0,228.0,145.0,144.0
20220,265.0,109.0,169.0,154.0
20221,265.0,163.0,155.0,155.0
20222,244.0,88.0,131.0,131.0
20223,263.0,118.0,165.0,140.0
20224,270.0,88.0,147.0,145.0
20225,230.0,183.0,146.0,138.0
20226,265.0,125.0,150.0,149.0
20227,262.0,147.0,151.0,156.0
20228,249.0,84.0,156.0,138.0
20229,243.0,86.0,146.0,138.0
20230,273.0,125.0,152.0,149.0
20231,241.0,195.0,152.0,136.0
20232,236.0,201.0,136.0,134.0
20233,254.0,230.0,143.0,138.0
20234,261.0,72.0,132.0,160.0
20235,264.0,91.0,156.0,159.0
20236,254.0,213.0,136.0,144.0
20237,241.0,151.0,119.0,142.0
20238,226.0,99.0,121.0,133.0
20239,249.0,242.0,140.0,144.0
20240,208.0,124.0,121.0,116.0
20241,265.0,150.0,151.0,154.0
20242,258.0,225.0,148.0,127.0
20243,260.0,260.0,148.0,139.0
20244,243.0,234.0,148.0,125.0
20245,242.0,98.0,141.0,131.0
20246,254.0,223.0,157.0,139.0
20247,254.0,226.0,133.0,144.0
20248,240.0,103.0,122.0,136.0
20249,242.0,199.0,134.0,122.0
20250,266.0,264.0,144.0,135.0
20251,266.0,153.0,156.0,156.0
20252,243.0,204.0,140.0,129.0
20253,256.0,206.0,157.0,141.0
20254,240.0,101.0,126.0,123.0
20255,241.0,194.0,134.0,130.0
20256,256.0,237.0,127.0,140.0
20257,261.0,126.0,141.0,144.0
20258,253.0,87.0,140.0,148.0
20259,230.0,83.0,118.0,123.0
20260,253.0,102.0,156.0,136.0
20261,241.0,133.0,117.0,131.0
20262,265.0,230.0,145.0,140.0
20263,248.0,88.0,150.0,133.0
20264,252.0,221.0,130.0,148.0
20265,251.0,88.0,128.0,121.0
20266,249.0,91.0,154.0,130.0
20267,245.0,139.0,150.0,137.0
20268,245.0,236.0,142.0,133.0
20269,254.0,108.0,148.0,134.0
20270,259.0,76.0,150.0,137.0
20271,228.0,113.0,139.0,136.0
20272,241.0,230.0,133.0,146.0
20273,245.0,88.0,128.0,144.0
20274,263.0,124.0,143.0,151.0
20275,261.0,123.0,135.0,164.0
20276,247.0,144.0,146.0,139.0
20277,234.0,78.0,137.0,129.0
20278,249.0,108.0,150.0,141.0
20279,244.0,59.0,131.0,136.0
20280,270.0,224.0,131.0,158.0
20281,259.0,88.0,143.0,151.0
20282,253.0,113.0,120.0,133.0
20283,255.0,228.0,133.0,142.0
20284,271.0,150.0,145.0,144.0
20285,250.0,70.0,129.0,149.0
20286,236.0,149.0,124.0,133.0
20287,242.0,119.0,136.0,131.0
20288,250.0,94.0,138.0,142.0
20289,253.0,127.0,134.0,138.0
20290,246.0,207.0,130.0,146.0
20291,250.0,127.0,143.0,135.0
20292,271.0,128.0,145.0,155.0
20293,246.0,87.0,136.0,138.0
20294,267.0,228.0,145.0,137.0
20295,245.0,210.0,141.0,143.0
20296,268.0,233.0,167.0,163.0
20297,256.0,203.0,137.0,149.0
20298,234.0,101.0,130.0,132.0
20299,242.0,125.0,130.0,140.0
20300,236.0,80.0,124.0,139.0
20301,272.0,267.0,171.0,157.0
20302,240.0,130.0,125.0,138.0
20303,274.0,169.0,170.0,153.0
20304,269.0,170.0,161.0,163.0
20305,233.0,72.0,153.0,140.0
20306,236.0,209.0,141.0,131.0
20307,259.0,126.0,142.0,144.0
20308,282.0,276.0,168.0,164.0
20309,240.0,80.0,144.0,126.0
20310,232.0,206.0,125.0,131.0
20311,269.0,80.0,149.0,146.0
20312,239.0,104.0,135.0,136.0
20313,259.0,116.0,151.0,136.0
20314,253.0,222.0,137.0,128.0
20315,235.0,127.0,136.0,136.0
20316,243.0,123.0,132.0,129.0
20317,241.0,111.0,135.0,132.0
20318,240.0,82.0,142.0,139.0
20319,256.0,105.0,136.0,156.0
20320,262.0,223.0,140.0,161.0
20321,236.0,201.0,121.0,133.0
20322,254.0,138.0,145.0,151.0
20323,242.0,70.0,128.0,132.0
20324,274.0,238.0,157.0,161.0
20325,257.0,115.0,157.0,131.0
20326,235.0,197.0,122.0,146.0
20327,260.0,112.0,164.0,154.0
20328,250.0,131.0,152.0,133.0
20329,268.0,186.0,148.0,146.0
20330,239.0,187.0,137.0,124.0
20331,221.0,127.0,122.0,117.0
20332,234.0,73.0,138.0,122.0
20333,234.0,113.0,134.0,117.0
20334,234.0,234.0,136.0,132.0
20335,245.0,87.0,136.0,143.0
20336,223.0,46.0,122.0,132.0
20337,258.0,58.0,152.0,135.0
20338,224.0,178.0,124.0,143.0
20339,262.0,228.0,142.0,143.0
20340,261.0,242.0,154.0,145.0
20341,255.0,109.0,145.0,148.0
20342,257.0,233.0,141.0,137.0
20343,232.0,140.0,139.0,124.0
20344,276.0,157.0,124.0,162.0
20345,255.0,246.0,130.0,141.0
20346,265.0,173.0,142.0,150.0
20347,256.0,105.0,121.0,124.0
20348,271.0,116.0,146.0,160.0
20349,247.0,97.0,139.0,146.0
20350,283.0,87.0,161.0,158.0
20351,248.0,248.0,147.0,146.0
20352,267.0,176.0,154.0,150.0
20353,243.0,210.0,149.0,137.0
20354,240.0,113.0,137.0,141.0
20355,241.0,79.0,124.0,131.0
20356,233.0,108.0,127.0,136.0
20357,245.0,205.0,129.0,133.0
20358,233.0,152.0,138.0,121.0
20359,245.0,82.0,139.0,137.0
20360,236.0,173.0,129.0,140.0
20361,261.0,64.0,152.0,155.0
20362,262.0,138.0,155.0,143.0
20363,253.0,118.0,146.0,150.0
20364,271.0,110.0,155.0,155.0
20365,235.0,102.0,122.0,129.0
20366,281.0,120.0,138.0,161.0
20367,244.0,102.0,114.0,134.0
20368,248.0,226.0,153.0,143.0
20369,235.0,227.0,119.0,123.0
20370,235.0,227.0,137.0,133.0
20371,241.0,102.0,144.0,132.0
20372,253.0,91.0,141.0,135.0
20373,256.0,95.0,160.0,153.0
20374,255.0,90.0,151.0,146.0
20375,262.0,230.0,140.0,152.0
20376,267.0,235.0,140.0,136.0
20377,252.0,242.0,144.0,151.0
20378,251.0,177.0,140.0,129.0
20379,233.0,189.0,126.0,132.0
20380,272.0,232.0,164.0,166.0
20381,230.0,98.0,119.0,118.0
20382,241.0,117.0,140.0,133.0
20383,231.0,189.0,121.0,129.0
20384,250.0,90.0,133.0,148.0
20385,267.0,224.0,169.0,150.0
20386,248.0,75.0,151.0,137.0
20387,243.0,77.0,133.0,133.0
20388,276.0,266.0,144.0,167.0
20389,281.0,251.0,166.0,162.0
20390,245.0,95.0,131.0,142.0
20391,237.0,211.0,136.0,135.0
20392,246.0,123.0,139.0,129.0
20393,247.0,112.0,140.0,140.0
20394,259.0,225.0,161.0,150.0
20395,245.0,94.0,133.0,137.0
20396,252.0,225.0,148.0,125.0
20397,262.0,134.0,143.0,151.0
20398,232.0,210.0,133.0,121.0
20399,269.0,241.0,138.0,163.0
20400,262.0,144.0,139.0,150.0
20401,233.0,226.0,136.0,132.0
20402,246.0,169.0,132.0,130.0
20403,245.0,82.0,135.0,147.0
20404,253.0,148.0,161.0,129.0
20405,241.0,87.0,129.0,134.0
20406,233.0,220.0,130.0,131.0
20407,247.0,238.0,147.0,143.0
20408,243.0,240.0,151.0,143.0
20409,235.0,227.0,148.0,143.0
20410,220.0,115.0,130.0,121.0
20411,231.0,196.0,140.0,123.0
20412,260.0,129.0,137.0,130.0
20413,243.0,206.0,112.0,126.0
20414,242.0,60.0,131.0,147.0
20415,217.0,183.0,114.0,122.0
20416,242.0,69.0,146.0,137.0
20417,236.0,64.0,136.0,138.0
20418,244.0,153.0,136.0,137.0
20419,231.0,86.0,143.0,121.0
20420,256.0,138.0,138.0,152.0
20421,241.0,175.0,135.0,134.0
20422,241.0,207.0,121.0,156.0
20423,229.0,119.0,140.0,135.0
20424,232.0,132.0,133.0,137.0
20425,252.0,90.0,136.0,135.0
20426,241.0,191.0,125.0,146.0
20427,227.0,110.0,127.0,131.0
20428,268.0,128.0,155.0,162.0
20429,275.0,259.0,157.0,144.0
20430,232.0,196.0,136.0,128.0
20431,240.0,160.0,144.0,143.0
20432,256.0,142.0,132.0,150.0
20433,255.0,85.0,160.0,150.0
20434,259.0,92.0,143.0,156.0
20435,269.0,226.0,147.0,167.0
20436,230.0,77.0,118.0,135.0
20437,258.0,113.0,147.0,136.0
20438,244.0,116.0,148.0,139.0
20439,231.0,116.0,127.0,129.0
20440,240.0,232.0,135.0,140.0
20441,245.0,126.0,151.0,149.0
20442,251.0,235.0,143.0,153.0
20443,246.0,138.0,142.0,129.0
20444,242.0,89.0,144.0,121.0
20445,231.0,108.0,126.0,138.0
20446,259.0,160.0,137.0,146.0
20447,244.0,92.0,138.0,131.0
20448,261.0,113.0,146.0,152.0
20449,243.0,199.0,140.0,135.0
20450,257.0,105.0,149.0,152.0
20451,258.0,236.0,152.0,149.0
20452,258.0,116.0,128.0,137.0
20453,243.0,218.0,127.0,138.0
20454,260.0,212.0,149.0,138.0
20455,253.0,99.0,141.0,151.0
20456,267.0,166.0,132.0,157.0
20457,238.0,213.0,129.0,133.0
20458,241.0,213.0,137.0,128.0
20459,269.0,138.0,150.0,149.0
20460,247.0,64.0,135.0,136.0
20461,240.0,84.0,127.0,139.0
20462,246.0,218.0,139.0,131.0
20463,230.0,109.0,126.0,124.0
20464,248.0,123.0,144.0,142.0
20465,228.0,196.0,127.0,127.0
20466,251.0,220.0,147.0,145.0
20467,255.0,90.0,157.0,136.0
20468,246.0,146.0,144.0,129.0
20469,255.0,124.0,152.0,131.0
20470,256.0,139.0,147.0,136.0
20471,254.0,90.0,142.0,137.0
20472,244.0,106.0,129.0,128.0
20473,238.0,122.0,119.0,129.0
20474,271.0,111.0,136.0,156.0
20475,284.0,102.0,163.0,166.0
20476,233.0,97.0,127.0,126.0
20477,243.0,121.0,143.0,133.0
20478,269.0,114.0,142.0,149.0
20479,268.0,167.0,135.0,161.0
20480,218.0,191.0,118.0,130.0
20481,252.0,112.0,144.0,138.0
20482,252.0,135.0,155.0,142.0
20483,242.0,208.0,120.0,134.0
20484,245.0,216.0,122.0,148.0
20485,257.0,131.0,138.0,157.0
20486,262.0,188.0,143.0,145.0
20487,249.0,212.0,134.0,129.0
20488,232.0,121.0,131.0,126.0
20489,257.0,238.0,142.0,150.0
20490,264.0,234.0,144.0,142.0
20491,235.0,193.0,132.0,131.0
20492,234.0,191.0,141.0,140.0
20493,233.0,121.0,128.0,133.0
20494,246.0,219.0,129.0,133.0
20495,278.0,119.0,165.0,149.0
20496,259.0,98.0,145.0,150.0
20497,274.0,242.0,151.0,157.0
20498,250.0,214.0,154.0,136.0
20499,272.0,226.0,155.0,151.0
20500,246.0,123.0,124.0,138.0
20501,261.0,98.0,149.0,128.0
20502,258.0,152.0,132.0,151.0
20503,253.0,80.0,143.0,137.0
20504,260.0,67.0,153.0,144.0
20505,266.0,117.0,153.0,143.0
20506,264.0,95.0,129.0,154.0
20507,235.0,228.0,135.0,127.0
20508,249.0,242.0,144.0,140.0
20509,268.0,232.0,159.0,148.0
20510,270.0,234.0,147.0,153.0
20511,217.0,52.0,134.0,129.0
20512,252.0,81.0,137.0,143.0
20513,267.0,228.0,136.0,147.0
20514,255.0,220.0,154.0,138.0
20515,252.0,77.0,140.0,142.0
20516,229.0,92.0,141.0,142.0
20517,259.0,87.0,145.0,148.0
20518,236.0,117.0,127.0,137.0
20519,258.0,186.0,141.0,148.0
20520,227.0,124.0,138.0,123.0
20521,263.0,75.0,139.0,157.0
20522,247.0,115.0,164.0,124.0
20523,250.0,117.0,139.0,148.0
20524,242.0,97.0,143.0,137.0
20525,255.0,167.0,151.0,150.0
20526,230.0,170.0,122.0,120.0
20527,248.0,238.0,133.0,139.0
20528,239.0,207.0,129.0,132.0
20529,256.0,160.0,143.0,130.0
20530,243.0,162.0,129.0,140.0
20531,235.0,114.0,130.0,137.0
20532,263.0,106.0,150.0,156.0
20533,258.0,163.0,140.0,149.0
20534,264.0,122.0,146.0,143.0
20535,269.0,263.0,158.0,163.0
20536,234.0,94.0,118.0,133.0
20537,234.0,112.0,124.0,128.0
20538,247.0,121.0,138.0,143.0
20539,263.0,222.0,140.0,145.0
20540,250.0,204.0,129.0,139.0
20541,222.0,197.0,126.0,122.0
20542,244.0,224.0,136.0,134.0
20543,266.0,111.0,149.0,149.0
20544,264.0,134.0,142.0,131.0
20545,244.0,132.0,132.0,134.0
20546,209.0,86.0,127.0,120.0
20547,276.0,250.0,158.0,162.0
20548,249.0,220.0,145.0,134.0
20549,266.0,75.0,157.0,133.0
20550,236.0,134.0,125.0,134.0
20551,270.0,152.0,165.0,143.0
20552,249.0,133.0,137.0,142.0
20553,261.0,115.0,143.0,148.0
20554,244.0,123.0,131.0,148.0
20555,233.0,128.0,129.0,127.0
20556,248.0,128.0,136.0,140.0
20557,249.0,144.0,146.0,140.0
20558,261.0,119.0,157.0,140.0
20559,263.0,105.0,155.0,149.0
20560,244.0,83.0,144.0,136.0
20561,249.0,133.0,146.0,148.0
20562,247.0,220.0,135.0,141.0
20563,259.0,212.0,149.0,136.0
20564,246.0,100.0,138.0,137.0
20565,241.0,206.0,156.0,128.0
20566,253.0,122.0,141.0,137.0
20567,233.0,75.0,135.0,133.0
20568,247.0,217.0,142.0,128.0
20569,271.0,105.0,150.0,153.0
20570,242.0,212.0,142.0,124.0
20571,229.0,106.0,128.0,116.0
20572,245.0,131.0,137.0,133.0
20573,242.0,148.0,136.0,137.0
20574,266.0,202.0,147.0,162.0
20575,250.0,248.0,137.0,138.0
20576,246.0,137.0,133.0,136.0
20577,222.0,59.0,133.0,133.0
20578,273.0,175.0,155.0,156.0
20579,276.0,136.0,161.0,156.0
20580,259.0,250.0,159.0,146.0
20581,246.0,237.0,149.0,129.0
20582,250.0,95.0,145.0,141.0
20583,238.0,88.0,139.0,125.0
20584,209.0,118.0,121.0,115.0
20585,290.0,103.0,152.0,157.0
20586,257.0,107.0,138.0,135.0
20587,264.0,238.0,148.0,141.0
20588,243.0,141.0,126.0,137.0
20589,255.0,126.0,147.0,124.0
20590,245.0,199.0,139.0,118.0
20591,256.0,139.0,146.0,152.0
20592,249.0,99.0,133.0,139.0
20593,257.0,228.0,139.0,146.0
20594,262.0,130.0,146.0,155.0
20595,240.0,94.0,136.0,128.0
20596,266.0,244.0,147.0,138.0
20597,247.0,121.0,134.0,148.0
20598,255.0,69.0,123.0,151.0
20599,284.0,123.0,158.0,163.0
20600,228.0,147.0,128.0,141.0
20601,237.0,67.0,138.0,135.0
20602,250.0,113.0,139.0,136.0
20603,247.0,78.0,137.0,147.0
20604,252.0,81.0,143.0,145.0
20605,255.0,86.0,141.0,141.0
20606,262.0,227.0,136.0,138.0
20607,245.0,92.0,118.0,132.0
20608,258.0,98.0,166.0,160.0
20609,236.0,119.0,116.0,122.0
20610,268.0,235.0,163.0,152.0
20611,230.0,107.0,123.0,132.0
20612,259.0,239.0,139.0,145.0
20613,253.0,84.0,139.0,145.0
20614,250.0,85.0,147.0,122.0
20615,234.0,131.0,126.0,137.0
20616,262.0,88.0,146.0,150.0
20617,247.0,88.0,139.0,141.0
20618,271.0,87.0,144.0,145.0
20619,249.0,228.0,128.0,146.0
20620,234.0,110.0,136.0,121.0
20621,260.0,251.0,166.0,163.0
20622,261.0,135.0,155.0,150.0
20623,231.0,101.0,125.0,142.0
20624,240.0,122.0,129.0,123.0
20625,249.0,218.0,141.0,145.0
20626,252.0,89.0,142.0,145.0
20627,257.0,145.0,151.0,149.0
20628,246.0,221.0,152.0,136.0
20629,253.0,245.0,139.0,133.0
20630,248.0,65.0,131.0,145.0
20631,252.0,105.0,128.0,147.0
20632,237.0,205.0,141.0,132.0
20633,254.0,225.0,144.0,128.0
20634,267.0,109.0,142.0,147.0
20635,245.0,220.0,146.0,148.0
20636,250.0,219.0,135.0,136.0
20637,264.0,114.0,153.0,150.0
20638,258.0,131.0,142.0,150.0
20639,295.0,140.0,165.0,152.0
20640,241.0,74.0,134.0,141.0
20641,231.0,103.0,143.0,121.0
20642,252.0,103.0,141.0,136.0
20643,241.0,148.0,144.0,140.0
20644,259.0,132.0,137.0,140.0
20645,262.0,116.0,154.0,139.0
20646,244.0,98.0,132.0,130.0
20647,244.0,77.0,130.0,135.0
20648,275.0,197.0,149.0,156.0
20649,249.0,104.0,136.0,149.0
20650,279.0,71.0,151.0,161.0
20651,255.0,79.0,146.0,135.0
20652,279.0,95.0,151.0,154.0
20653,249.0,218.0,153.0,135.0
20654,248.0,138.0,138.0,139.0
20655,260.0,101.0,154.0,161.0
20656,258.0,121.0,142.0,138.0
20657,291.0,170.0,166.0,148.0
20658,251.0,215.0,145.0,130.0
20659,239.0,199.0,139.0,132.0
20660,248.0,227.0,152.0,143.0
20661,255.0,73.0,146.0,148.0
20662,247.0,59.0,145.0,139.0
20663,255.0,226.0,148.0,144.0
20664,264.0,223.0,137.0,155.0
20665,239.0,75.0,144.0,141.0
20666,249.0,100.0,141.0,132.0
20667,232.0,104.0,131.0,129.0
20668,259.0,148.0,139.0,148.0
20669,272.0,252.0,147.0,153.0
20670,267.0,224.0,156.0,148.0
20671,230.0,188.0,131.0,124.0
20672,239.0,121.0,154.0,127.0
20673,225.0,93.0,117.0,128.0
20674,234.0,135.0,146.0,122.0
20675,238.0,87.0,147.0,138.0
20676,276.0,242.0,160.0,168.0
20677,260.0,237.0,164.0,140.0
20678,243.0,100.0,135.0,130.0
20679,254.0,215.0,141.0,171.0
20680,259.0,250.0,155.0,157.0
20681,262.0,84.0,146.0,146.0
20682,271.0,127.0,138.0,165.0
20683,242.0,207.0,134.0,135.0
20684,252.0,153.0,119.0,135.0
20685,237.0,47.0,139.0,129.0
20686,259.0,54.0,123.0,152.0
20687,214.0,175.0,126.0,114.0
20688,232.0,86.0,123.0,127.0
20689,260.0,232.0,126.0,153.0
20690,226.0,96.0,116.0,126.0
20691,241.0,87.0,126.0,129.0
20692,225.0,106.0,123.0,134.0
20693,243.0,97.0,140.0,125.0
20694,243.0,82.0,154.0,133.0
20695,247.0,115.0,131.0,155.0
20696,261.0,222.0,147.0,153.0
20697,234.0,63.0,130.0,143.0
20698,246.0,179.0,132.0,140.0
20699,272.0,228.0,143.0,154.0
20700,248.0,148.0,147.0,147.0
20701,250.0,177.0,128.0,142.0
20702,226.0,210.0,139.0,125.0
20703,243.0,108.0,133.0,138.0
20704,259.0,215.0,118.0,141.0
20705,252.0,217.0,145.0,140.0
20706,255.0,113.0,139.0,136.0
20707,258.0,151.0,153.0,133.0
20708,264.0,93.0,152.0,145.0
20709,262.0,234.0,158.0,147.0
20710,269.0,154.0,139.0,139.0
20711,243.0,143.0,140.0,143.0
20712,237.0,100.0,132.0,131.0
20713,284.0,115.0,153.0,156.0
20714,254.0,147.0,156.0,141.0
20715,258.0,234.0,160.0,156.0
20716,232.0,92.0,130.0,125.0
20717,264.0,108.0,147.0,150.0
20718,243.0,87.0,147.0,127.0
20719,240.0,213.0,138.0,129.0
20720,257.0,142.0,133.0,143.0
20721,231.0,97.0,134.0,134.0
20722,268.0,91.0,164.0,145.0
20723,268.0,175.0,150.0,147.0
20724,253.0,232.0,145.0,139.0
20725,274.0,110.0,163.0,154.0
20726,265.0,123.0,141.0,153.0
20727,245.0,221.0,133.0,137.0
20728,279.0,234.0,136.0,153.0
20729,261.0,221.0,141.0,153.0
20730,259.0,122.0,155.0,135.0
20731,240.0,77.0,133.0,135.0
20732,239.0,124.0,144.0,141.0
20733,227.0,216.0,135.0,124.0
20734,231.0,220.0,130.0,135.0
20735,269.0,222.0,147.0,146.0
20736,269.0,263.0,152.0,153.0
20737,257.0,98.0,150.0,130.0
20738,259.0,226.0,148.0,134.0
20739,254.0,219.0,141.0,142.0
20740,239.0,93.0,140.0,152.0
20741,248.0,214.0,142.0,136.0
20742,245.0,217.0,150.0,130.0
20743,261.0,163.0,151.0,134.0
20744,257.0,205.0,148.0,149.0
20745,273.0,221.0,166.0,158.0
20746,255.0,215.0,129.0,145.0
20747,251.0,221.0,143.0,146.0
20748,254.0,198.0,138.0,131.0
20749,252.0,98.0,153.0,151.0
20750,229.0,119.0,125.0,120.0
20751,254.0,69.0,147.0,137.0
20752,235.0,64.0,126.0,133.0
20753,250.0,217.0,139.0,140.0
20754,260.0,141.0,146.0,138.0
20755,253.0,113.0,145.0,121.0
20756,264.0,100.0,154.0,146.0
20757,257.0,114.0,139.0,132.0
20758,248.0,61.0,145.0,123.0
20759,276.0,143.0,140.0,162.0
20760,261.0,236.0,170.0,159.0
20761,261.0,258.0,158.0,151.0
20762,248.0,245.0,137.0,137.0
20763,251.0,179.0,142.0,142.0
20764,265.0,233.0,149.0,155.0
20765,260.0,122.0,125.0,150.0
20766,244.0,140.0,132.0,136.0
20767,234.0,177.0,137.0,127.0
20768,262.0,104.0,148.0,143.0
20769,214.0,69.0,132.0,108.0
20770,252.0,90.0,142.0,153.0
20771,266.0,131.0,155.0,140.0
20772,259.0,229.0,138.0,155.0
20773,242.0,112.0,135.0,134.0
20774,245.0,107.0,136.0,138.0
20775,250.0,83.0,145.0,134.0
20776,244.0,203.0,136.0,144.0
20777,271.0,109.0,148.0,144.0
20778,265.0,215.0,156.0,142.0
20779,239.0,207.0,137.0,137.0
20780,248.0,216.0,136.0,136.0
20781,263.0,230.0,134.0,146.0
20782,247.0,106.0,143.0,143.0
20783,241.0,148.0,137.0,119.0
20784,244.0,220.0,129.0,152.0
20785,268.0,99.0,161.0,143.0
20786,261.0,142.0,145.0,152.0
20787,254.0,107.0,149.0,144.0
20788,224.0,153.0,131.0,140.0
20789,245.0,117.0,142.0,126.0
20790,266.0,229.0,131.0,155.0
20791,254.0,222.0,144.0,149.0
20792,241.0,110.0,138.0,135.0
20793,235.0,95.0,137.0,132.0
20794,263.0,119.0,150.0,160.0
20795,236.0,97.0,142.0,140.0
20796,263.0,249.0,168.0,147.0
20797,278.0,265.0,174.0,158.0
20798,244.0,201.0,136.0,131.0
20799,237.0,208.0,125.0,135.0
20800,236.0,232.0,139.0,125.0
20801,262.0,135.0,155.0,148.0
20802,249.0,199.0,145.0,142.0
20803,246.0,44.0,146.0,126.0
20804,268.0,121.0,148.0,148.0
20805,258.0,215.0,122.0,140.0
20806,252.0,112.0,163.0,144.0
20807,247.0,56.0,133.0,123.0
20808,242.0,91.0,133.0,133.0
20809,254.0,243.0,150.0,136.0
20810,229.0,124.0,119.0,125.0
20811,263.0,122.0,163.0,148.0
20812,221.0,201.0,122.0,135.0
20813,243.0,117.0,127.0,137.0
20814,266.0,78.0,150.0,147.0
20815,259.0,237.0,145.0,158.0
20816,238.0,89.0,139.0,125.0
20817,262.0,87.0,135.0,152.0
20818,220.0,62.0,113.0,120.0
20819,254.0,216.0,147.0,152.0
20820,256.0,223.0,171.0,139.0
20821,222.0,183.0,116.0,132.0
20822,234.0,198.0,133.0,127.0
20823,247.0,106.0,140.0,157.0
20824,241.0,101.0,154.0,127.0
20825,246.0,117.0,145.0,129.0
20826,235.0,103.0,127.0,131.0
20827,244.0,227.0,138.0,135.0
20828,251.0,84.0,148.0,132.0
20829,224.0,102.0,121.0,124.0
20830,242.0,141.0,135.0,132.0
20831,249.0,138.0,130.0,143.0
20832,270.0,232.0,161.0,159.0
20833,249.0,117.0,143.0,149.0
20834,235.0,227.0,138.0,137.0
20835,222.0,193.0,117.0,130.0
20836,260.0,74.0,153.0,154.0
20837,201.0,128.0,120.0,109.0
20838,242.0,221.0,139.0,149.0
20839,253.0,219.0,140.0,135.0
20840,232.0,142.0,131.0,121.0
20841,261.0,124.0,154.0,158.0
20842,240.0,197.0,146.0,145.0
20843,245.0,130.0,128.0,141.0
20844,240.0,215.0,141.0,136.0
20845,249.0,139.0,125.0,154.0
20846,253.0,115.0,152.0,130.0
20847,244.0,111.0,147.0,145.0
20848,265.0,160.0,141.0,142.0
20849,247.0,109.0,129.0,139.0
20850,263.0,227.0,139.0,140.0
20851,236.0,198.0,130.0,133.0
20852,245.0,137.0,139.0,124.0
20853,236.0,87.0,145.0,131.0
20854,233.0,76.0,135.0,131.0
20855,240.0,78.0,125.0,140.0
20856,240.0,92.0,136.0,133.0
20857,249.0,160.0,152.0,133.0
20858,250.0,103.0,129.0,150.0
20859,257.0,106.0,155.0,141.0
20860,250.0,146.0,137.0,145.0
20861,256.0,109.0,135.0,147.0
20862,247.0,75.0,129.0,154.0
20863,242.0,73.0,119.0,148.0
20864,249.0,210.0,151.0,152.0
20865,261.0,114.0,138.0,148.0
20866,266.0,131.0,150.0,152.0
20867,256.0,143.0,144.0,150.0
20868,252.0,228.0,145.0,147.0
20869,236.0,145.0,124.0,125.0
20870,274.0,269.0,169.0,155.0
20871,235.0,205.0,131.0,147.0
20872,234.0,119.0,132.0,129.0
20873,276.0,147.0,155.0,148.0
20874,229.0,148.0,134.0,140.0
20875,260.0,224.0,137.0,133.0
20876,244.0,231.0,136.0,131.0
20877,232.0,98.0,116.0,132.0
20878,238.0,238.0,147.0,148.0
20879,232.0,35.0,139.0,131.0
20880,262.0,237.0,146.0,149.0
20881,250.0,244.0,152.0,147.0
20882,259.0,114.0,152.0,156.0
20883,243.0,94.0,132.0,127.0
20884,253.0,102.0,146.0,124.0
20885,242.0,93.0,131.0,135.0
20886,258.0,99.0,144.0,144.0
20887,256.0,164.0,150.0,138.0
20888,246.0,222.0,138.0,135.0
20889,251.0,203.0,144.0,152.0
20890,250.0,148.0,148.0,130.0
20891,229.0,139.0,128.0,126.0
20892,244.0,76.0,140.0,148.0
20893,251.0,126.0,135.0,142.0
20894,252.0,145.0,135.0,146.0
20895,263.0,203.0,145.0,157.0
20896,248.0,241.0,141.0,138.0
20897,238.0,81.0,136.0,148.0
20898,244.0,223.0,146.0,143.0
20899,247.0,242.0,132.0,136.0
20900,251.0,111.0,138.0,152.0
20901,252.0,110.0,130.0,140.0
20902,257.0,230.0,146.0,145.0
20903,243.0,226.0,132.0,143.0
20904,245.0,228.0,140.0,142.0
20905,269.0,152.0,167.0,162.0
20906,272.0,239.0,145.0,152.0
20907,258.0,122.0,145.0,132.0
20908,268.0,177.0,149.0,144.0
20909,245.0,216.0,131.0,137.0
20910,247.0,237.0,145.0,156.0
20911,250.0,203.0,129.0,158.0
20912,233.0,114.0,116.0,125.0
20913,258.0,153.0,130.0,143.0
20914,250.0,107.0,138.0,145.0
20915,262.0,223.0,129.0,150.0
20916,244.0,114.0,142.0,135.0
20917,272.0,145.0,154.0,160.0
20918,252.0,167.0,149.0,142.0
20919,270.0,122.0,156.0,157.0
20920,254.0,217.0,132.0,145.0
20921,253.0,136.0,138.0,127.0
20922,247.0,79.0,131.0,144.0
20923,253.0,126.0,118.0,156.0
20924,250.0,215.0,138.0,143.0
20925,256.0,142.0,121.0,137.0
20926,275.0,75.0,158.0,158.0
20927,256.0,74.0,131.0,141.0
20928,231.0,195.0,127.0,126.0
20929,254.0,127.0,140.0,126.0
20930,257.0,119.0,143.0,128.0
20931,255.0,208.0,145.0,138.0
20932,258.0,108.0,137.0,150.0
20933,264.0,216.0,155.0,140.0
20934,276.0,132.0,159.0,163.0
20935,273.0,71.0,169.0,151.0
20936,260.0,232.0,144.0,138.0
20937,253.0,241.0,131.0,134.0
20938,259.0,153.0,137.0,140.0
20939,239.0,157.0,127.0,121.0
20940,253.0,225.0,132.0,148.0
20941,242.0,92.0,138.0,121.0
20942,250.0,134.0,139.0,149.0
20943,253.0,248.0,143.0,150.0
20944,252.0,236.0,155.0,143.0
20945,254.0,64.0,138.0,143.0
20946,265.0,86.0,150.0,164.0
20947,227.0,77.0,135.0,122.0
20948,234.0,143.0,144.0,131.0
20949,241.0,107.0,136.0,123.0
20950,247.0,117.0,151.0,133.0
20951,260.0,209.0,152.0,137.0
20952,257.0,124.0,144.0,150.0
20953,269.0,94.0,147.0,137.0
20954,251.0,212.0,136.0,154.0
20955,278.0,190.0,167.0,151.0
20956,238.0,129.0,143.0,125.0
20957,231.0,140.0,122.0,119.0
20958,238.0,108.0,146.0,126.0
20959,264.0,197.0,152.0,162.0
20960,246.0,227.0,129.0,148.0
20961,248.0,108.0,134.0,160.0
20962,259.0,218.0,138.0,134.0
20963,247.0,206.0,129.0,144.0
20964,254.0,117.0,156.0,151.0
20965,265.0,136.0,145.0,171.0
20966,247.0,115.0,140.0,143.0
20967,282.0,237.0,148.0,160.0
20968,257.0,139.0,145.0,137.0
20969,254.0,91.0,141.0,165.0
20970,254.0,102.0,129.0,139.0
20971,266.0,109.0,133.0,158.0
20972,262.0,89.0,146.0,163.0
20973,249.0,107.0,139.0,145.0
20974,244.0,204.0,137.0,133.0
20975,247.0,110.0,128.0,153.0
20976,260.0,95.0,149.0,138.0
20977,234.0,87.0,133.0,124.0
20978,254.0,224.0,144.0,147.0
20979,258.0,130.0,141.0,148.0
20980,246.0,149.0,138.0,141.0
20981,258.0,106.0,132.0,148.0
20982,261.0,103.0,154.0,145.0
20983,254.0,148.0,139.0,151.0
20984,251.0,140.0,152.0,136.0
20985,259.0,106.0,154.0,162.0
20986,238.0,74.0,140.0,137.0
20987,254.0,227.0,142.0,158.0
20988,249.0,115.0,142.0,145.0
20989,225.0,83.0,119.0,129.0
20990,255.0,103.0,137.0,147.0
20991,244.0,109.0,132.0,131.0
20992,259.0,168.0,151.0,157.0
20993,237.0,55.0,134.0,134.0
20994,244.0,64.0,133.0,121.0
20995,248.0,246.0,142.0,150.0
20996,238.0,236.0,141.0,130.0
20997,260.0,143.0,125.0,145.0
20998,235.0,117.0,131.0,140.0
20999,275.0,163.0,171.0,163.0
21000,246.0,85.0,140.0,130.0
21001,234.0,202.0,122.0,125.0
21002,247.0,107.0,143.0,148.0
21003,258.0,108.0,156.0,133.0
21004,270.0,244.0,155.0,165.0
21005,286.0,245.0,155.0,156.0
21006,239.0,118.0,121.0,136.0
21007,248.0,119.0,135.0,133.0
21008,253.0,88.0,137.0,133.0
21009,254.0,254.0,141.0,159.0
21010,254.0,98.0,142.0,127.0
21011,262.0,144.0,145.0,153.0
21012,250.0,75.0,139.0,138.0
21013,273.0,225.0,157.0,171.0
21014,223.0,89.0,117.0,122.0
21015,259.0,230.0,136.0,154.0
21016,257.0,121.0,149.0,142.0
21017,257.0,139.0,165.0,138.0
21018,255.0,123.0,135.0,142.0
21019,236.0,215.0,120.0,139.0
21020,254.0,217.0,154.0,152.0
21021,236.0,134.0,127.0,136.0
21022,236.0,175.0,130.0,133.0
21023,246.0,113.0,142.0,139.0
21024,242.0,109.0,128.0,131.0
21025,271.0,148.0,158.0,150.0
21026,271.0,133.0,156.0,145.0
21027,261.0,78.0,139.0,148.0
21028,258.0,227.0,137.0,145.0
21029,250.0,219.0,153.0,133.0
21030,269.0,233.0,147.0,161.0
21031,244.0,103.0,134.0,141.0
21032,224.0,178.0,129.0,125.0
21033,249.0,225.0,126.0,125.0
21034,255.0,128.0,134.0,142.0
21035,260.0,132.0,149.0,144.0
21036,247.0,134.0,130.0,138.0
21037,243.0,99.0,138.0,138.0
21038,258.0,118.0,131.0,132.0
21039,257.0,198.0,144.0,146.0
21040,254.0,246.0,135.0,138.0
21041,255.0,147.0,138.0,141.0
21042,235.0,138.0,123.0,127.0
21043,255.0,222.0,147.0,130.0
21044,241.0,235.0,136.0,151.0
21045,236.0,230.0,131.0,132.0
21046,246.0,60.0,148.0,140.0
21047,263.0,195.0,153.0,163.0
21048,257.0,180.0,154.0,145.0
21049,264.0,231.0,148.0,154.0
21050,265.0,232.0,148.0,148.0
21051,259.0,174.0,164.0,145.0
21052,236.0,144.0,127.0,145.0
21053,269.0,243.0,162.0,157.0
21054,242.0,97.0,130.0,147.0
21055,263.0,134.0,134.0,154.0
21056,242.0,135.0,135.0,124.0
21057,246.0,204.0,132.0,152.0
21058,253.0,90.0,161.0,143.0
21059,247.0,117.0,156.0,144.0
21060,257.0,104.0,143.0,133.0
21061,266.0,239.0,152.0,145.0
21062,234.0,86.0,132.0,128.0
21063,260.0,52.0,131.0,160.0
21064,255.0,223.0,151.0,144.0
21065,237.0,236.0,132.0,140.0
21066,250.0,230.0,157.0,144.0
21067,246.0,242.0,139.0,121.0
21068,261.0,257.0,144.0,139.0
21069,265.0,105.0,137.0,143.0
21070,241.0,228.0,135.0,127.0
21071,257.0,83.0,142.0,126.0
21072,238.0,116.0,127.0,121.0
21073,257.0,206.0,135.0,145.0
21074,229.0,114.0,123.0,116.0
21075,213.0,81.0,123.0,109.0
21076,231.0,87.0,119.0,131.0
21077,260.0,125.0,159.0,149.0
21078,252.0,226.0,127.0,150.0
21079,262.0,112.0,149.0,146.0
21080,237.0,93.0,134.0,128.0
21081,244.0,209.0,150.0,122.0
21082,231.0,83.0,133.0,140.0
21083,279.0,95.0,156.0,168.0
21084,230.0,206.0,125.0,123.0
21085,245.0,135.0,139.0,138.0
21086,261.0,109.0,135.0,157.0
21087,247.0,142.0,131.0,139.0
21088,235.0,131.0,126.0,135.0
21089,256.0,161.0,144.0,127.0
21090,239.0,231.0,136.0,148.0
21091,249.0,206.0,138.0,140.0
21092,234.0,210.0,145.0,133.0
21093,275.0,109.0,161.0,157.0
21094,252.0,225.0,138.0,140.0
21095,265.0,220.0,138.0,144.0
21096,242.0,69.0,131.0,135.0
21097,252.0,106.0,140.0,140.0
21098,258.0,209.0,144.0,136.0
21099,264.0,132.0,132.0,149.0
21100,260.0,116.0,139.0,155.0
21101,271.0,164.0,154.0,150.0
21102,253.0,213.0,136.0,153.0
21103,249.0,107.0,147.0,142.0
21104,261.0,159.0,155.0,149.0
21105,232.0,79.0,142.0,134.0
21106,243.0,92.0,135.0,147.0
21107,242.0,238.0,147.0,136.0
21108,252.0,82.0,143.0,147.0
21109,213.0,178.0,123.0,112.0
21110,257.0,253.0,148.0,145.0
21111,255.0,154.0,124.0,142.0
21112,235.0,108.0,124.0,136.0
21113,246.0,219.0,136.0,147.0
21114,245.0,101.0,143.0,127.0
21115,251.0,65.0,134.0,139.0
21116,252.0,225.0,152.0,133.0
21117,298.0,159.0,171.0,166.0
21118,252.0,215.0,138.0,131.0
21119,253.0,214.0,138.0,142.0
21120,236.0,93.0,137.0,134.0
21121,236.0,97.0,128.0,127.0
21122,260.0,129.0,139.0,142.0
21123,266.0,77.0,133.0,149.0
21124,245.0,73.0,144.0,153.0
21125,249.0,83.0,140.0,131.0
21126,249.0,119.0,149.0,154.0
21127,248.0,133.0,139.0,134.0
21128,252.0,147.0,130.0,138.0
21129,212.0,63.0,118.0,118.0
21130,259.0,115.0,137.0,152.0
21131,247.0,98.0,138.0,141.0
21132,243.0,218.0,142.0,125.0
21133,222.0,113.0,122.0,111.0
21134,242.0,187.0,135.0,140.0
21135,224.0,91.0,130.0,119.0
21136,239.0,205.0,118.0,134.0
21137,232.0,62.0,137.0,125.0
21138,243.0,220.0,143.0,143.0
21139,236.0,190.0,130.0,144.0
21140,274.0,123.0,149.0,146.0
21141,257.0,59.0,142.0,151.0
21142,267.0,60.0,144.0,153.0
21143,261.0,155.0,132.0,158.0
21144,286.0,116.0,170.0,155.0
21145,261.0,110.0,149.0,151.0
21146,254.0,115.0,150.0,131.0
21147,274.0,108.0,157.0,167.0
21148,246.0,179.0,137.0,139.0
21149,238.0,151.0,140.0,146.0
21150,240.0,104.0,144.0,138.0
21151,253.0,153.0,139.0,140.0
21152,240.0,114.0,143.0,141.0
21153,253.0,141.0,144.0,147.0
21154,267.0,69.0,160.0,152.0
21155,260.0,160.0,147.0,150.0
21156,258.0,73.0,139.0,143.0
21157,280.0,232.0,153.0,162.0
21158,260.0,80.0,145.0,144.0
21159,264.0,120.0,157.0,140.0
21160,249.0,204.0,128.0,144.0
21161,243.0,229.0,140.0,138.0
21162,232.0,205.0,133.0,132.0
21163,257.0,115.0,151.0,148.0
21164,244.0,162.0,138.0,141.0
21165,258.0,124.0,157.0,150.0
21166,228.0,197.0,119.0,132.0
21167,240.0,189.0,133.0,148.0
21168,224.0,114.0,125.0,120.0
21169,266.0,161.0,150.0,150.0
21170,245.0,206.0,142.0,138.0
21171,236.0,208.0,132.0,139.0
21172,239.0,109.0,134.0,117.0
21173,261.0,136.0,145.0,149.0
21174,247.0,159.0,123.0,131.0
21175,259.0,141.0,149.0,153.0
21176,268.0,116.0,148.0,145.0
21177,266.0,263.0,170.0,152.0
21178,235.0,129.0,122.0,123.0
21179,268.0,94.0,144.0,165.0
21180,259.0,129.0,149.0,144.0
21181,276.0,168.0,162.0,141.0
21182,271.0,230.0,152.0,159.0
21183,250.0,222.0,158.0,122.0
21184,244.0,199.0,154.0,142.0
21185,249.0,208.0,143.0,140.0
21186,230.0,203.0,124.0,137.0
21187,253.0,237.0,145.0,142.0
21188,244.0,93.0,134.0,128.0
21189,244.0,78.0,135.0,132.0
21190,258.0,123.0,133.0,150.0
21191,254.0,71.0,145.0,131.0
21192,232.0,136.0,143.0,131.0
21193,252.0,231.0,132.0,148.0
21194,243.0,95.0,136.0,130.0
21195,248.0,220.0,133.0,148.0
21196,287.0,225.0,166.0,151.0
21197,217.0,196.0,118.0,130.0
21198,263.0,160.0,137.0,152.0
21199,274.0,270.0,157.0,165.0
21200,236.0,98.0,142.0,150.0
21201,245.0,213.0,129.0,142.0
21202,227.0,148.0,127.0,124.0
21203,241.0,211.0,122.0,129.0
21204,238.0,95.0,134.0,132.0
21205,281.0,49.0,149.0,170.0
21206,256.0,217.0,142.0,162.0
21207,256.0,111.0,148.0,154.0
21208,242.0,187.0,129.0,134.0
21209,254.0,150.0,132.0,117.0
21210,245.0,229.0,131.0,135.0
21211,241.0,113.0,133.0,137.0
21212,241.0,110.0,117.0,144.0
21213,266.0,83.0,146.0,150.0
21214,258.0,101.0,140.0,140.0
21215,243.0,92.0,148.0,140.0
21216,253.0,153.0,153.0,145.0
21217,234.0,200.0,134.0,117.0
21218,253.0,84.0,151.0,136.0
21219,268.0,229.0,151.0,160.0
21220,277.0,96.0,155.0,156.0
21221,246.0,161.0,126.0,123.0
21222,253.0,63.0,138.0,144.0
21223,230.0,81.0,126.0,138.0
21224,256.0,225.0,147.0,157.0
21225,247.0,215.0,136.0,133.0
21226,246.0,240.0,132.0,139.0
21227,260.0,166.0,128.0,153.0
21228,249.0,110.0,139.0,127.0
21229,254.0,98.0,147.0,145.0
21230,256.0,82.0,146.0,149.0
21231,254.0,120.0,142.0,148.0
21232,225.0,90.0,128.0,119.0
21233,257.0,244.0,143.0,152.0
21234,259.0,89.0,148.0,145.0
21235,238.0,132.0,131.0,130.0
21236,251.0,90.0,144.0,138.0
21237,242.0,218.0,148.0,123.0
21238,244.0,87.0,134.0,130.0
21239,251.0,100.0,146.0,137.0
21240,241.0,110.0,154.0,127.0
21241,241.0,228.0,122.0,134.0
21242,221.0,94.0,101.0,114.0
21243,244.0,216.0,135.0,138.0
21244,261.0,201.0,140.0,161.0
21245,254.0,216.0,142.0,142.0
21246,239.0,210.0,121.0,131.0
21247,259.0,85.0,144.0,150.0
21248,290.0,245.0,163.0,159.0
21249,232.0,206.0,128.0,131.0
21250,243.0,91.0,132.0,142.0
21251,244.0,81.0,146.0,146.0
21252,243.0,101.0,132.0,143.0
21253,230.0,73.0,124.0,141.0
21254,248.0,118.0,137.0,129.0
21255,251.0,212.0,136.0,146.0
21256,260.0,125.0,157.0,128.0
21257,242.0,123.0,139.0,130.0
21258,267.0,97.0,149.0,162.0
21259,219.0,180.0,122.0,114.0
21260,268.0,159.0,140.0,152.0
21261,263.0,135.0,147.0,156.0
21262,231.0,69.0,116.0,120.0
21263,250.0,117.0,134.0,143.0
21264,245.0,150.0,140.0,136.0
21265,243.0,225.0,137.0,130.0
21266,246.0,87.0,113.0,135.0
21267,239.0,111.0,121.0,138.0
21268,277.0,166.0,168.0,156.0
21269,268.0,101.0,150.0,158.0
21270,228.0,199.0,131.0,134.0
21271,242.0,66.0,147.0,134.0
21272,249.0,127.0,148.0,132.0
21273,238.0,86.0,134.0,127.0
21274,258.0,63.0,141.0,139.0
21275,245.0,75.0,152.0,129.0
21276,250.0,239.0,139.0,137.0
21277,248.0,106.0,136.0,143.0
21278,236.0,106.0,128.0,143.0
21279,248.0,68.0,140.0,153.0
21280,267.0,130.0,140.0,139.0
21281,246.0,93.0,142.0,146.0
21282,262.0,217.0,130.0,138.0
21283,262.0,95.0,144.0,144.0
21284,276.0,100.0,153.0,162.0
21285,268.0,259.0,143.0,132.0
21286,246.0,74.0,138.0,134.0
21287,249.0,85.0,155.0,139.0
21288,262.0,226.0,145.0,138.0
21289,263.0,263.0,149.0,152.0
21290,256.0,129.0,157.0,148.0
21291,272.0,69.0,147.0,144.0
21292,240.0,105.0,128.0,136.0
21293,241.0,164.0,145.0,125.0
21294,264.0,213.0,155.0,144.0
21295,268.0,126.0,151.0,149.0
21296,269.0,103.0,138.0,152.0
21297,237.0,226.0,143.0,137.0
21298,244.0,147.0,125.0,144.0
21299,259.0,148.0,137.0,147.0
21300,269.0,144.0,142.0,167.0
21301,234.0,168.0,132.0,130.0
21302,254.0,210.0,147.0,138.0
21303,259.0,247.0,158.0,152.0
21304,250.0,162.0,147.0,137.0
21305,257.0,103.0,146.0,147.0
21306,229.0,193.0,128.0,122.0
21307,246.0,90.0,138.0,125.0
21308,226.0,200.0,125.0,116.0
21309,220.0,133.0,124.0,122.0
21310,262.0,229.0,147.0,155.0
21311,239.0,68.0,140.0,145.0
21312,227.0,82.0,134.0,134.0
21313,221.0,128.0,111.0,135.0
21314,247.0,115.0,132.0,138.0
21315,259.0,113.0,160.0,153.0
21316,226.0,85.0,132.0,141.0
21317,237.0,94.0,139.0,124.0
21318,274.0,271.0,150.0,150.0
21319,270.0,100.0,158.0,156.0
21320,250.0,137.0,140.0,139.0
21321,245.0,102.0,146.0,129.0
21322,247.0,89.0,145.0,142.0
21323,250.0,88.0,126.0,142.0
21324,229.0,119.0,121.0,121.0
21325,244.0,140.0,140.0,132.0
21326,244.0,138.0,126.0,136.0
21327,270.0,110.0,159.0,153.0
21328,240.0,117.0,119.0,146.0
21329,251.0,117.0,144.0,133.0
21330,256.0,223.0,142.0,133.0
21331,253.0,226.0,168.0,147.0
21332,236.0,103.0,123.0,133.0
21333,269.0,105.0,134.0,146.0
21334,229.0,78.0,132.0,141.0
21335,244.0,210.0,146.0,129.0
21336,258.0,251.0,161.0,144.0
21337,235.0,90.0,137.0,130.0
21338,234.0,110.0,124.0,129.0
21339,268.0,256.0,149.0,133.0
21340,238.0,113.0,135.0,130.0
21341,248.0,134.0,140.0,131.0
21342,268.0,96.0,152.0,147.0
21343,243.0,106.0,123.0,137.0
21344,247.0,115.0,131.0,140.0
21345,239.0,197.0,138.0,132.0
21346,240.0,132.0,124.0,124.0
21347,242.0,93.0,150.0,138.0
21348,249.0,90.0,131.0,127.0
21349,246.0,149.0,136.0,133.0
21350,254.0,90.0,140.0,137.0
21351,243.0,114.0,145.0,135.0
21352,239.0,84.0,132.0,137.0
21353,242.0,77.0,144.0,132.0
21354,240.0,190.0,137.0,141.0
21355,228.0,68.0,124.0,121.0
21356,227.0,196.0,126.0,129.0
21357,235.0,160.0,134.0,145.0
21358,243.0,238.0,143.0,123.0
21359,233.0,143.0,131.0,120.0
21360,235.0,202.0,126.0,140.0
21361,228.0,116.0,126.0,128.0
21362,243.0,113.0,148.0,142.0
21363,270.0,265.0,152.0,171.0
21364,253.0,248.0,150.0,132.0
21365,260.0,254.0,140.0,147.0
21366,262.0,119.0,149.0,138.0
21367,267.0,235.0,160.0,143.0
21368,249.0,230.0,145.0,130.0
21369,253.0,216.0,150.0,148.0
21370,264.0,183.0,147.0,149.0
21371,245.0,55.0,132.0,135.0
21372,273.0,266.0,160.0,164.0
21373,234.0,117.0,123.0,140.0
21374,262.0,104.0,134.0,140.0
21375,234.0,104.0,132.0,144.0
21376,265.0,115.0,146.0,165.0
21377,242.0,134.0,139.0,145.0
21378,258.0,145.0,139.0,126.0
21379,235.0,123.0,122.0,138.0
21380,263.0,94.0,151.0,156.0
21381,228.0,84.0,127.0,140.0
21382,259.0,255.0,145.0,147.0
21383,232.0,119.0,134.0,126.0
21384,272.0,151.0,143.0,147.0
21385,219.0,183.0,132.0,122.0
21386,248.0,139.0,134.0,131.0
21387,256.0,151.0,142.0,159.0
21388,256.0,123.0,136.0,141.0
21389,246.0,102.0,131.0,140.0
21390,260.0,81.0,134.0,147.0
21391,246.0,114.0,129.0,134.0
21392,253.0,107.0,130.0,139.0
21393,251.0,123.0,145.0,141.0
21394,265.0,228.0,140.0,152.0
21395,255.0,115.0,145.0,137.0
21396,230.0,125.0,133.0,127.0
21397,242.0,126.0,126.0,139.0
21398,241.0,111.0,132.0,132.0
21399,255.0,192.0,139.0,144.0
21400,225.0,97.0,133.0,130.0
21401,260.0,101.0,158.0,148.0
21402,272.0,272.0,162.0,149.0
21403,225.0,196.0,125.0,135.0
21404,250.0,74.0,134.0,135.0
21405,252.0,47.0,153.0,148.0
21406,259.0,114.0,151.0,147.0
21407,245.0,210.0,126.0,124.0
21408,262.0,226.0,159.0,144.0
21409,246.0,242.0,137.0,133.0
21410,261.0,115.0,144.0,134.0
21411,236.0,94.0,134.0,120.0
21412,226.0,189.0,111.0,125.0
21413,253.0,140.0,136.0,134.0
21414,241.0,203.0,130.0,127.0
21415,249.0,206.0,133.0,147.0
21416,251.0,96.0,141.0,145.0
21417,270.0,108.0,152.0,160.0
21418,246.0,143.0,146.0,140.0
21419,281.0,132.0,170.0,154.0
21420,251.0,211.0,145.0,143.0
21421,236.0,203.0,146.0,139.0
21422,262.0,244.0,152.0,149.0
21423,240.0,151.0,136.0,139.0
21424,239.0,99.0,132.0,126.0
21425,243.0,148.0,131.0,138.0
21426,245.0,196.0,131.0,130.0
21427,263.0,139.0,143.0,165.0
21428,256.0,122.0,155.0,152.0
21429,228.0,92.0,129.0,125.0
21430,250.0,132.0,120.0,147.0
21431,266.0,117.0,151.0,151.0
21432,243.0,58.0,137.0,135.0
21433,218.0,100.0,104.0,111.0
21434,248.0,169.0,135.0,145.0
21435,220.0,217.0,116.0,122.0
21436,256.0,128.0,136.0,142.0
21437,245.0,166.0,151.0,137.0
21438,258.0,230.0,152.0,148.0
21439,255.0,225.0,142.0,153.0
21440,249.0,153.0,147.0,134.0
21441,258.0,134.0,126.0,143.0
21442,233.0,87.0,130.0,115.0
21443,253.0,96.0,132.0,132.0
21444,235.0,234.0,143.0,138.0
21445,253.0,92.0,143.0,157.0
21446,239.0,211.0,130.0,132.0
21447,234.0,114.0,131.0,113.0
21448,243.0,141.0,138.0,144.0
21449,261.0,223.0,146.0,135.0
21450,243.0,146.0,133.0,138.0
21451,271.0,168.0,153.0,163.0
21452,247.0,197.0,143.0,134.0
21453,254.0,157.0,139.0,162.0
21454,268.0,227.0,165.0,141.0
21455,247.0,133.0,133.0,132.0
21456,252.0,93.0,132.0,145.0
21457,249.0,86.0,140.0,140.0
21458,261.0,104.0,155.0,165.0
21459,219.0,201.0,125.0,114.0
21460,271.0,242.0,166.0,144.0
21461,238.0,83.0,133.0,134.0
21462,238.0,234.0,150.0,144.0
21463,251.0,115.0,135.0,149.0
21464,246.0,91.0,135.0,133.0
21465,260.0,114.0,145.0,149.0
21466,270.0,104.0,166.0,151.0
21467,267.0,132.0,135.0,154.0
21468,246.0,168.0,147.0,138.0
21469,257.0,223.0,138.0,144.0
21470,242.0,233.0,130.0,125.0
21471,255.0,85.0,151.0,153.0
21472,236.0,116.0,123.0,124.0
21473,247.0,209.0,151.0,138.0
21474,271.0,78.0,155.0,145.0
21475,240.0,213.0,133.0,126.0
21476,272.0,228.0,162.0,156.0
21477,231.0,92.0,132.0,122.0
21478,229.0,223.0,120.0,132.0
21479,251.0,240.0,139.0,127.0
21480,268.0,257.0,139.0,153.0
21481,216.0,114.0,116.0,114.0
21482,261.0,123.0,144.0,154.0
21483,234.0,109.0,123.0,127.0
21484,269.0,125.0,156.0,176.0
21485,245.0,244.0,128.0,145.0
21486,287.0,130.0,142.0,174.0
21487,238.0,75.0,137.0,135.0
21488,258.0,146.0,131.0,151.0
21489,255.0,225.0,131.0,132.0
21490,234.0,130.0,144.0,141.0
21491,266.0,236.0,142.0,148.0
21492,255.0,248.0,148.0,154.0
21493,258.0,245.0,166.0,142.0
21494,234.0,207.0,135.0,129.0
21495,261.0,139.0,139.0,134.0
21496,229.0,69.0,136.0,127.0
21497,233.0,95.0,132.0,139.0
21498,250.0,78.0,138.0,154.0
21499,249.0,95.0,136.0,139.0
21500,252.0,229.0,138.0,147.0
21501,254.0,138.0,136.0,153.0
21502,229.0,207.0,120.0,132.0
21503,278.0,194.0,151.0,151.0
21504,263.0,119.0,141.0,139.0
21505,257.0,237.0,146.0,138.0
21506,240.0,126.0,131.0,125.0
21507,253.0,89.0,154.0,134.0
21508,253.0,190.0,156.0,137.0
21509,248.0,122.0,141.0,144.0
21510,238.0,61.0,140.0,134.0
21511,251.0,91.0,157.0,147.0
21512,257.0,229.0,132.0,142.0
21513,253.0,224.0,128.0,130.0
21514,245.0,106.0,125.0,132.0
21515,245.0,110.0,136.0,140.0
21516,236.0,120.0,138.0,140.0
21517,251.0,212.0,154.0,140.0
21518,263.0,115.0,135.0,148.0
21519,255.0,229.0,137.0,143.0
21520,243.0,122.0,135.0,133.0
21521,238.0,210.0,144.0,133.0
21522,228.0,203.0,124.0,119.0
21523,268.0,137.0,141.0,158.0
21524,256.0,87.0,153.0,142.0
21525,216.0,100.0,119.0,125.0
21526,261.0,214.0,157.0,148.0
21527,256.0,211.0,141.0,141.0
21528,232.0,199.0,138.0,131.0
21529,248.0,156.0,142.0,145.0
21530,253.0,154.0,153.0,136.0
21531,247.0,73.0,141.0,124.0
21532,263.0,102.0,139.0,146.0
21533,259.0,229.0,143.0,147.0
21534,234.0,117.0,137.0,133.0
21535,258.0,160.0,132.0,136.0
21536,248.0,129.0,141.0,141.0
21537,255.0,91.0,145.0,142.0
21538,254.0,221.0,130.0,144.0
21539,255.0,125.0,145.0,147.0
21540,250.0,118.0,143.0,150.0
21541,253.0,100.0,135.0,152.0
21542,267.0,145.0,134.0,134.0
21543,276.0,188.0,140.0,176.0
21544,241.0,139.0,146.0,141.0
21545,260.0,115.0,130.0,156.0
21546,232.0,100.0,112.0,120.0
21547,233.0,201.0,131.0,132.0
21548,267.0,85.0,142.0,159.0
21549,247.0,88.0,142.0,153.0
21550,259.0,141.0,139.0,146.0
21551,250.0,189.0,147.0,142.0
21552,260.0,64.0,136.0,142.0
21553,240.0,201.0,141.0,128.0
21554,251.0,108.0,145.0,135.0
21555,238.0,90.0,138.0,128.0
21556,250.0,221.0,155.0,139.0
21557,250.0,155.0,149.0,138.0
21558,254.0,84.0,156.0,141.0
21559,239.0,74.0,140.0,127.0
21560,257.0,128.0,137.0,137.0
21561,257.0,227.0,142.0,150.0
21562,228.0,161.0,129.0,128.0
21563,252.0,222.0,134.0,135.0
21564,260.0,202.0,150.0,137.0
21565,276.0,91.0,152.0,167.0
21566,237.0,205.0,135.0,140.0
21567,231.0,99.0,130.0,134.0
21568,253.0,230.0,137.0,148.0
21569,247.0,117.0,156.0,129.0
21570,240.0,140.0,117.0,144.0
21571,247.0,220.0,130.0,138.0
21572,223.0,117.0,140.0,134.0
21573,245.0,134.0,129.0,121.0
21574,232.0,89.0,123.0,142.0
21575,264.0,242.0,149.0,140.0
21576,282.0,182.0,148.0,160.0
21577,253.0,210.0,151.0,125.0
21578,233.0,125.0,132.0,139.0
21579,247.0,114.0,145.0,142.0
21580,268.0,226.0,136.0,149.0
21581,269.0,161.0,129.0,144.0
21582,262.0,129.0,147.0,140.0
21583,258.0,83.0,147.0,138.0
21584,243.0,125.0,132.0,131.0
21585,257.0,110.0,147.0,133.0
21586,268.0,126.0,152.0,147.0
21587,256.0,137.0,147.0,151.0
21588,222.0,117.0,128.0,129.0
21589,238.0,193.0,139.0,144.0
21590,241.0,93.0,133.0,125.0
21591,262.0,131.0,153.0,139.0
21592,272.0,130.0,143.0,149.0
21593,269.0,126.0,146.0,141.0
21594,257.0,228.0,130.0,151.0
21595,234.0,114.0,125.0,141.0
21596,266.0,115.0,154.0,141.0
21597,215.0,146.0,122.0,100.0
21598,239.0,83.0,132.0,135.0
21599,234.0,114.0,123.0,130.0
21600,248.0,239.0,143.0,139.0
21601,275.0,266.0,152.0,147.0
21602,240.0,177.0,143.0,130.0
21603,236.0,153.0,137.0,143.0
21604,221.0,90.0,109.0,127.0
21605,253.0,125.0,140.0,144.0
21606,274.0,122.0,157.0,156.0
21607,256.0,223.0,140.0,142.0
21608,233.0,98.0,127.0,122.0
21609,241.0,125.0,127.0,140.0
21610,254.0,144.0,142.0,140.0
21611,263.0,156.0,139.0,157.0
21612,261.0,125.0,146.0,167.0
21613,282.0,92.0,170.0,153.0
21614,247.0,238.0,141.0,141.0
21615,250.0,248.0,135.0,137.0
21616,251.0,109.0,138.0,146.0
21617,259.0,129.0,143.0,140.0
21618,221.0,87.0,128.0,127.0
21619,225.0,98.0,132.0,132.0
21620,252.0,144.0,131.0,138.0
21621,260.0,133.0,136.0,152.0
21622,246.0,238.0,142.0,137.0
21623,256.0,115.0,127.0,142.0
21624,257.0,141.0,147.0,140.0
21625,240.0,70.0,126.0,141.0
21626,264.0,80.0,145.0,150.0
21627,245.0,212.0,131.0,138.0
21628,278.0,140.0,161.0,152.0
21629,255.0,63.0,138.0,134.0
21630,241.0,205.0,134.0,145.0
21631,236.0,102.0,128.0,148.0
21632,246.0,111.0,136.0,139.0
21633,254.0,88.0,149.0,138.0
21634,249.0,220.0,130.0,140.0
21635,249.0,119.0,136.0,130.0
21636,270.0,102.0,134.0,151.0
21637,253.0,143.0,140.0,141.0
21638,250.0,111.0,152.0,135.0
21639,233.0,129.0,117.0,134.0
21640,226.0,192.0,117.0,140.0
21641,257.0,224.0,131.0,145.0
21642,255.0,104.0,150.0,154.0
21643,219.0,109.0,138.0,105.0
21644,224.0,124.0,123.0,119.0
21645,250.0,127.0,145.0,135.0
21646,271.0,141.0,151.0,169.0
21647,269.0,128.0,169.0,148.0
21648,266.0,262.0,150.0,148.0
21649,231.0,227.0,137.0,113.0
21650,272.0,149.0,162.0,154.0
21651,258.0,212.0,151.0,150.0
21652,255.0,112.0,141.0,141.0
21653,256.0,222.0,141.0,160.0
21654,233.0,136.0,118.0,116.0
21655,245.0,211.0,147.0,135.0
21656,254.0,127.0,129.0,146.0
21657,261.0,236.0,136.0,142.0
21658,254.0,243.0,140.0,153.0
21659,259.0,225.0,146.0,141.0
21660,216.0,105.0,122.0,122.0
21661,254.0,109.0,144.0,117.0
21662,257.0,95.0,139.0,139.0
21663,236.0,115.0,132.0,132.0
21664,237.0,98.0,126.0,142.0
21665,253.0,122.0,138.0,137.0
21666,251.0,209.0,144.0,137.0
21667,240.0,120.0,144.0,135.0
21668,258.0,150.0,136.0,149.0
21669,262.0,227.0,148.0,140.0
21670,264.0,189.0,147.0,166.0
21671,245.0,211.0,133.0,138.0
21672,250.0,218.0,144.0,128.0
21673,230.0,80.0,118.0,127.0
21674,280.0,96.0,155.0,145.0
21675,222.0,96.0,120.0,131.0
21676,250.0,97.0,141.0,131.0
21677,227.0,220.0,121.0,139.0
21678,260.0,225.0,150.0,126.0
21679,241.0,106.0,123.0,129.0
21680,258.0,82.0,124.0,140.0
21681,258.0,206.0,159.0,140.0
21682,239.0,121.0,123.0,136.0
21683,224.0,40.0,114.0,131.0
21684,251.0,117.0,139.0,140.0
21685,256.0,84.0,145.0,145.0
21686,258.0,114.0,149.0,140.0
21687,252.0,93.0,153.0,155.0
21688,233.0,153.0,119.0,129.0
21689,245.0,102.0,134.0,139.0
21690,244.0,152.0,129.0,146.0
21691,243.0,86.0,148.0,146.0
21692,257.0,126.0,151.0,150.0
21693,241.0,141.0,135.0,129.0
21694,237.0,228.0,140.0,135.0
21695,270.0,127.0,146.0,155.0
21696,245.0,206.0,150.0,140.0
21697,255.0,105.0,144.0,155.0
21698,240.0,174.0,137.0,140.0
21699,252.0,109.0,150.0,145.0
21700,240.0,194.0,131.0,146.0
21701,251.0,125.0,132.0,123.0
21702,248.0,108.0,137.0,145.0
21703,261.0,120.0,155.0,133.0
21704,245.0,144.0,152.0,125.0
21705,253.0,127.0,150.0,144.0
21706,245.0,53.0,141.0,134.0
21707,253.0,249.0,148.0,141.0
21708,251.0,144.0,138.0,136.0
21709,253.0,244.0,140.0,136.0
21710,263.0,254.0,168.0,133.0
21711,256.0,129.0,128.0,133.0
21712,271.0,131.0,154.0,159.0
21713,263.0,153.0,140.0,143.0
21714,255.0,99.0,149.0,137.0
21715,245.0,88.0,123.0,136.0
21716,256.0,125.0,132.0,138.0
21717,252.0,133.0,135.0,139.0
21718,263.0,227.0,151.0,140.0
21719,252.0,109.0,135.0,161.0
21720,239.0,201.0,130.0,143.0
21721,253.0,214.0,145.0,144.0
21722,257.0,146.0,140.0,139.0
21723,249.0,68.0,140.0,162.0
21724,282.0,265.0,174.0,153.0
21725,248.0,140.0,142.0,144.0
21726,243.0,113.0,122.0,125.0
21727,264.0,115.0,155.0,145.0
21728,240.0,231.0,141.0,130.0
21729,243.0,205.0,129.0,147.0
21730,255.0,118.0,132.0,156.0
21731,237.0,138.0,131.0,128.0
21732,261.0,152.0,140.0,143.0
21733,247.0,118.0,136.0,134.0
21734,266.0,63.0,168.0,148.0
21735,243.0,124.0,130.0,129.0
21736,246.0,95.0,144.0,138.0
21737,244.0,190.0,138.0,131.0
21738,255.0,135.0,143.0,135.0
21739,242.0,207.0,149.0,139.0
21740,271.0,176.0,145.0,150.0
21741,252.0,137.0,137.0,140.0
21742,261.0,89.0,152.0,136.0
21743,253.0,243.0,121.0,147.0
21744,269.0,113.0,154.0,149.0
21745,268.0,223.0,149.0,136.0
21746,265.0,255.0,150.0,134.0
21747,259.0,249.0,149.0,147.0
21748,257.0,140.0,157.0,170.0
21749,244.0,218.0,127.0,139.0
21750,235.0,132.0,110.0,128.0
21751,253.0,103.0,133.0,143.0
21752,239.0,207.0,120.0,130.0
21753,242.0,235.0,136.0,142.0
21754,267.0,107.0,163.0,161.0
21755,254.0,114.0,147.0,139.0
21756,244.0,102.0,134.0,129.0
21757,259.0,145.0,159.0,137.0
21758,261.0,75.0,161.0,146.0
21759,258.0,229.0,133.0,127.0
21760,254.0,79.0,139.0,134.0
21761,252.0,121.0,143.0,157.0
21762,250.0,153.0,151.0,147.0
21763,255.0,246.0,144.0,152.0
21764,257.0,81.0,140.0,148.0
21765,234.0,111.0,145.0,148.0
21766,243.0,239.0,140.0,137.0
21767,256.0,228.0,150.0,134.0
21768,252.0,81.0,154.0,141.0
21769,236.0,105.0,141.0,130.0
21770,248.0,113.0,142.0,137.0
21771,263.0,129.0,143.0,146.0
21772,234.0,92.0,128.0,122.0
21773,237.0,149.0,131.0,120.0
21774,252.0,214.0,147.0,148.0
21775,241.0,98.0,146.0,135.0
21776,246.0,205.0,152.0,135.0
21777,261.0,120.0,150.0,148.0
21778,244.0,217.0,137.0,131.0
21779,254.0,155.0,149.0,134.0
21780,266.0,134.0,135.0,153.0
21781,260.0,55.0,163.0,149.0
21782,249.0,98.0,118.0,148.0
21783,259.0,74.0,143.0,146.0
21784,274.0,235.0,163.0,155.0
21785,253.0,96.0,139.0,139.0
21786,253.0,95.0,152.0,149.0
21787,242.0,158.0,135.0,132.0
21788,241.0,76.0,146.0,136.0
21789,256.0,120.0,141.0,137.0
21790,237.0,197.0,130.0,126.0
21791,253.0,100.0,140.0,154.0
21792,247.0,136.0,147.0,141.0
21793,239.0,214.0,139.0,120.0
21794,239.0,102.0,136.0,142.0
21795,260.0,146.0,148.0,133.0
21796,252.0,92.0,157.0,138.0
21797,261.0,140.0,164.0,154.0
21798,258.0,108.0,147.0,141.0
21799,272.0,192.0,157.0,163.0
21800,243.0,208.0,139.0,132.0
21801,248.0,60.0,154.0,130.0
21802,248.0,108.0,134.0,139.0
21803,245.0,194.0,132.0,132.0
21804,244.0,104.0,152.0,141.0
21805,250.0,113.0,125.0,143.0
21806,264.0,225.0,145.0,144.0
21807,261.0,118.0,151.0,159.0
21808,249.0,206.0,143.0,143.0
21809,259.0,70.0,162.0,133.0
21810,240.0,103.0,145.0,129.0
21811,256.0,213.0,124.0,139.0
21812,237.0,122.0,147.0,137.0
21813,242.0,214.0,139.0,133.0
21814,235.0,203.0,124.0,131.0
21815,261.0,126.0,137.0,149.0
21816,261.0,118.0,144.0,133.0
21817,232.0,140.0,128.0,118.0
21818,241.0,109.0,143.0,113.0
21819,253.0,220.0,114.0,141.0
21820,242.0,135.0,143.0,132.0
21821,257.0,204.0,134.0,140.0
21822,256.0,220.0,157.0,139.0
21823,262.0,67.0,147.0,141.0
21824,223.0,213.0,144.0,122.0
21825,257.0,58.0,145.0,146.0
21826,235.0,209.0,127.0,129.0
21827,249.0,90.0,144.0,128.0
21828,239.0,196.0,130.0,141.0
21829,238.0,72.0,132.0,147.0
21830,242.0,75.0,139.0,139.0
21831,237.0,63.0,131.0,132.0
21832,260.0,239.0,144.0,133.0
21833,241.0,134.0,137.0,141.0
21834,256.0,228.0,146.0,148.0
21835,251.0,95.0,127.0,161.0
21836,266.0,118.0,154.0,138.0
21837,232.0,63.0,130.0,126.0
21838,237.0,175.0,142.0,123.0
21839,286.0,242.0,166.0,152.0
21840,266.0,117.0,158.0,159.0
21841,240.0,180.0,132.0,129.0
21842,275.0,102.0,156.0,149.0
21843,229.0,95.0,113.0,126.0
21844,241.0,91.0,147.0,141.0
21845,240.0,140.0,125.0,136.0
21846,242.0,205.0,142.0,138.0
21847,236.0,82.0,118.0,130.0
21848,242.0,98.0,123.0,129.0
21849,271.0,167.0,147.0,159.0
21850,255.0,156.0,153.0,159.0
21851,239.0,145.0,136.0,140.0
21852,261.0,107.0,153.0,154.0
21853,263.0,126.0,146.0,163.0
21854,261.0,130.0,132.0,147.0
21855,238.0,85.0,133.0,134.0
21856,247.0,171.0,143.0,137.0
21857,246.0,220.0,155.0,144.0
21858,243.0,220.0,141.0,136.0
21859,270.0,108.0,159.0,150.0
21860,249.0,215.0,155.0,141.0
21861,263.0,87.0,153.0,140.0
21862,233.0,105.0,131.0,130.0
21863,262.0,107.0,135.0,140.0
21864,270.0,112.0,156.0,158.0
21865,245.0,200.0,144.0,143.0
21866,244.0,100.0,140.0,145.0
21867,240.0,103.0,152.0,138.0
21868,242.0,94.0,144.0,139.0
21869,244.0,118.0,128.0,132.0
21870,256.0,94.0,143.0,153.0
21871,254.0,223.0,142.0,141.0
21872,260.0,131.0,137.0,150.0
21873,248.0,197.0,146.0,136.0
21874,216.0,141.0,126.0,113.0
21875,246.0,212.0,150.0,139.0
21876,256.0,134.0,144.0,153.0
21877,231.0,76.0,127.0,121.0
21878,246.0,115.0,153.0,154.0
21879,262.0,241.0,161.0,143.0
21880,249.0,121.0,128.0,142.0
21881,268.0,125.0,137.0,144.0
21882,264.0,228.0,157.0,149.0
21883,242.0,110.0,137.0,142.0
21884,254.0,203.0,142.0,141.0
21885,249.0,127.0,129.0,152.0
21886,242.0,106.0,141.0,129.0
21887,246.0,88.0,144.0,137.0
21888,252.0,221.0,129.0,130.0
21889,260.0,140.0,142.0,165.0
21890,261.0,127.0,140.0,134.0
21891,267.0,100.0,153.0,146.0
21892,264.0,129.0,162.0,144.0
21893,245.0,126.0,149.0,142.0
21894,239.0,90.0,115.0,133.0
21895,241.0,110.0,141.0,127.0
21896,251.0,218.0,137.0,145.0
21897,275.0,247.0,159.0,137.0
21898,267.0,150.0,155.0,143.0
21899,250.0,78.0,133.0,142.0
21900,240.0,95.0,126.0,140.0
21901,253.0,217.0,140.0,136.0
21902,254.0,218.0,139.0,137.0
21903,239.0,210.0,146.0,141.0
21904,244.0,122.0,136.0,128.0
21905,254.0,248.0,152.0,156.0
21906,273.0,136.0,150.0,142.0
21907,248.0,86.0,152.0,133.0
21908,240.0,195.0,131.0,133.0
21909,260.0,215.0,126.0,134.0
21910,277.0,246.0,173.0,156.0
21911,238.0,60.0,133.0,133.0
21912,264.0,94.0,158.0,150.0
21913,269.0,100.0,164.0,140.0
21914,231.0,116.0,141.0,122.0
21915,243.0,134.0,142.0,140.0
21916,255.0,239.0,139.0,145.0
21917,250.0,96.0,134.0,146.0
21918,221.0,191.0,124.0,122.0
21919,255.0,248.0,149.0,154.0
21920,245.0,99.0,119.0,122.0
21921,245.0,111.0,132.0,139.0
21922,229.0,205.0,127.0,145.0
21923,240.0,92.0,138.0,132.0
21924,258.0,124.0,165.0,150.0
21925,246.0,92.0,154.0,142.0
21926,260.0,83.0,152.0,147.0
21927,242.0,118.0,138.0,140.0
21928,259.0,111.0,159.0,145.0
21929,243.0,218.0,133.0,132.0
21930,268.0,160.0,152.0,134.0
21931,242.0,210.0,123.0,150.0
21932,249.0,94.0,140.0,125.0
21933,258.0,257.0,145.0,132.0
21934,283.0,110.0,168.0,169.0
21935,248.0,124.0,132.0,147.0
21936,240.0,94.0,134.0,135.0
21937,253.0,123.0,140.0,152.0
21938,266.0,230.0,164.0,152.0
21939,222.0,87.0,117.0,119.0
21940,266.0,115.0,142.0,142.0
21941,233.0,59.0,132.0,132.0
21942,244.0,216.0,130.0,129.0
21943,258.0,72.0,141.0,164.0
21944,238.0,218.0,133.0,129.0
21945,247.0,102.0,131.0,140.0
21946,245.0,220.0,134.0,124.0
21947,255.0,110.0,152.0,145.0
21948,256.0,226.0,143.0,132.0
21949,259.0,236.0,136.0,150.0
21950,246.0,112.0,135.0,131.0
21951,247.0,217.0,143.0,133.0
21952,263.0,239.0,157.0,151.0
21953,249.0,233.0,138.0,147.0
21954,246.0,100.0,143.0,134.0
21955,235.0,231.0,139.0,137.0
21956,250.0,138.0,136.0,147.0
21957,247.0,113.0,142.0,151.0
21958,248.0,111.0,141.0,133.0
21959,224.0,221.0,132.0,125.0
21960,231.0,165.0,109.0,131.0
21961,264.0,99.0,153.0,144.0
21962,259.0,125.0,144.0,139.0
21963,254.0,102.0,143.0,124.0
21964,223.0,216.0,123.0,117.0
21965,261.0,114.0,151.0,151.0
21966,241.0,210.0,129.0,148.0
21967,231.0,126.0,127.0,116.0
21968,230.0,222.0,146.0,134.0
21969,237.0,203.0,139.0,132.0
21970,245.0,114.0,153.0,124.0
21971,233.0,198.0,132.0,142.0
21972,241.0,222.0,135.0,135.0
21973,273.0,152.0,143.0,158.0
21974,255.0,222.0,147.0,139.0
21975,249.0,114.0,136.0,128.0
21976,257.0,214.0,139.0,155.0
21977,268.0,79.0,154.0,153.0
21978,274.0,251.0,149.0,160.0
21979,258.0,125.0,132.0,149.0
21980,255.0,114.0,135.0,127.0
21981,269.0,237.0,160.0,145.0
21982,253.0,86.0,145.0,155.0
21983,258.0,213.0,148.0,139.0
21984,277.0,52.0,151.0,163.0
21985,239.0,239.0,133.0,130.0
21986,249.0,107.0,141.0,136.0
21987,246.0,162.0,132.0,155.0
21988,247.0,150.0,138.0,146.0
21989,224.0,56.0,127.0,123.0
21990,264.0,148.0,150.0,137.0
21991,282.0,80.0,166.0,156.0
21992,263.0,132.0,139.0,154.0
21993,253.0,87.0,165.0,139.0
21994,225.0,97.0,148.0,134.0
21995,247.0,131.0,137.0,151.0
21996,237.0,233.0,135.0,126.0
21997,274.0,138.0,141.0,138.0
21998,252.0,222.0,144.0,146.0
21999,236.0,90.0,138.0,133.0
22000,241.0,219.0,130.0,132.0
22001,246.0,100.0,126.0,142.0
22002,255.0,219.0,159.0,139.0
22003,245.0,85.0,130.0,127.0
22004,253.0,109.0,137.0,156.0
22005,257.0,102.0,139.0,152.0
22006,243.0,106.0,123.0,139.0
22007,237.0,90.0,124.0,141.0
22008,266.0,220.0,139.0,160.0
22009,272.0,108.0,162.0,152.0
22010,237.0,75.0,124.0,126.0
22011,232.0,104.0,139.0,131.0
22012,240.0,72.0,140.0,147.0
22013,238.0,148.0,125.0,139.0
22014,223.0,223.0,145.0,141.0
22015,249.0,217.0,150.0,127.0
22016,255.0,148.0,152.0,135.0
22017,246.0,152.0,133.0,145.0
22018,263.0,259.0,162.0,156.0
22019,237.0,84.0,116.0,140.0
22020,262.0,235.0,133.0,139.0
22021,249.0,210.0,138.0,141.0
22022,252.0,107.0,139.0,147.0
22023,277.0,271.0,159.0,166.0
22024,259.0,97.0,151.0,168.0
22025,245.0,124.0,130.0,135.0
22026,252.0,136.0,138.0,134.0
22027,243.0,122.0,145.0,145.0
22028,251.0,121.0,140.0,137.0
22029,256.0,250.0,150.0,147.0
22030,271.0,139.0,144.0,145.0
22031,237.0,62.0,134.0,143.0
22032,245.0,201.0,145.0,126.0
22033,282.0,245.0,141.0,176.0
22034,270.0,166.0,156.0,143.0
22035,252.0,208.0,120.0,136.0
22036,246.0,49.0,137.0,138.0
22037,250.0,126.0,158.0,132.0
22038,259.0,124.0,152.0,148.0
22039,268.0,124.0,163.0,154.0
22040,254.0,127.0,133.0,154.0
22041,279.0,81.0,150.0,171.0
22042,225.0,85.0,129.0,125.0
22043,236.0,142.0,132.0,139.0
22044,246.0,98.0,125.0,133.0
22045,241.0,115.0,130.0,125.0
22046,252.0,115.0,138.0,150.0
22047,242.0,205.0,124.0,140.0
22048,242.0,58.0,138.0,153.0
22049,242.0,201.0,137.0,158.0
22050,247.0,81.0,131.0,139.0
22051,279.0,153.0,160.0,159.0
22052,244.0,88.0,124.0,128.0
22053,226.0,115.0,129.0,122.0
22054,262.0,95.0,145.0,149.0
22055,231.0,229.0,138.0,143.0
22056,243.0,215.0,146.0,140.0
22057,263.0,240.0,156.0,148.0
22058,247.0,205.0,146.0,143.0
22059,233.0,87.0,147.0,127.0
22060,259.0,246.0,150.0,155.0
22061,217.0,187.0,126.0,113.0
22062,259.0,122.0,142.0,142.0
22063,261.0,98.0,160.0,142.0
22064,251.0,112.0,150.0,138.0
22065,242.0,99.0,132.0,136.0
22066,263.0,221.0,163.0,144.0
22067,255.0,135.0,148.0,159.0
22068,236.0,72.0,129.0,125.0
22069,270.0,144.0,148.0,147.0
22070,266.0,146.0,144.0,150.0
22071,229.0,156.0,135.0,141.0
22072,252.0,73.0,156.0,144.0
22073,253.0,103.0,148.0,145.0
22074,278.0,112.0,156.0,152.0
22075,256.0,102.0,144.0,124.0
22076,256.0,165.0,158.0,142.0
22077,270.0,228.0,146.0,159.0
22078,251.0,208.0,126.0,138.0
22079,257.0,88.0,147.0,154.0
22080,239.0,104.0,137.0,126.0
22081,242.0,214.0,135.0,123.0
22082,265.0,76.0,138.0,147.0
22083,228.0,115.0,134.0,132.0
22084,259.0,100.0,147.0,143.0
22085,236.0,104.0,135.0,147.0
22086,257.0,75.0,151.0,140.0
22087,257.0,253.0,140.0,140.0
22088,236.0,195.0,123.0,129.0
22089,235.0,198.0,134.0,131.0
22090,223.0,103.0,128.0,125.0
22091,238.0,115.0,129.0,124.0
22092,245.0,223.0,153.0,125.0
22093,232.0,208.0,127.0,131.0
22094,283.0,109.0,151.0,170.0
22095,263.0,95.0,148.0,158.0
22096,268.0,71.0,166.0,156.0
22097,229.0,213.0,126.0,136.0
22098,247.0,231.0,150.0,142.0
22099,261.0,220.0,137.0,157.0
22100,258.0,176.0,145.0,147.0
22101,260.0,107.0,155.0,152.0
22102,241.0,163.0,133.0,134.0
22103,242.0,95.0,133.0,137.0
22104,239.0,78.0,140.0,134.0
22105,246.0,236.0,135.0,153.0
22106,251.0,241.0,151.0,145.0
22107,241.0,206.0,145.0,136.0
22108,227.0,65.0,130.0,139.0
22109,254.0,227.0,134.0,139.0
22110,243.0,211.0,142.0,128.0
22111,259.0,211.0,150.0,140.0
22112,238.0,192.0,134.0,122.0
22113,262.0,101.0,140.0,163.0
22114,276.0,185.0,147.0,160.0
22115,240.0,130.0,116.0,138.0
22116,247.0,225.0,140.0,140.0
22117,254.0,212.0,158.0,147.0
22118,248.0,245.0,135.0,147.0
22119,251.0,212.0,140.0,132.0
22120,259.0,114.0,133.0,141.0
22121,251.0,219.0,140.0,152.0
22122,232.0,223.0,144.0,136.0
22123,264.0,234.0,147.0,157.0
22124,246.0,211.0,155.0,159.0
22125,240.0,219.0,126.0,134.0
22126,262.0,140.0,150.0,151.0
22127,255.0,84.0,151.0,139.0
22128,259.0,105.0,148.0,153.0
22129,219.0,104.0,132.0,115.0
22130,239.0,101.0,124.0,136.0
22131,245.0,109.0,145.0,134.0
22132,243.0,87.0,146.0,151.0
22133,263.0,111.0,145.0,156.0
22134,257.0,111.0,146.0,152.0
22135,265.0,76.0,126.0,152.0
22136,267.0,116.0,147.0,146.0
22137,268.0,59.0,136.0,147.0
22138,233.0,200.0,118.0,138.0
22139,261.0,221.0,151.0,142.0
22140,243.0,209.0,131.0,144.0
22141,239.0,109.0,144.0,142.0
22142,253.0,90.0,132.0,151.0
22143,240.0,101.0,146.0,144.0
22144,253.0,200.0,140.0,136.0
22145,236.0,68.0,129.0,148.0
22146,280.0,175.0,165.0,149.0
22147,263.0,91.0,146.0,138.0
22148,251.0,183.0,140.0,141.0
22149,256.0,96.0,144.0,150.0
22150,273.0,141.0,153.0,152.0
22151,238.0,147.0,136.0,132.0
22152,245.0,114.0,139.0,144.0
22153,262.0,175.0,137.0,151.0
22154,236.0,188.0,142.0,128.0
22155,257.0,120.0,133.0,123.0
22156,223.0,108.0,124.0,114.0
22157,271.0,115.0,148.0,152.0
22158,244.0,104.0,134.0,122.0
22159,267.0,112.0,152.0,166.0
22160,232.0,122.0,119.0,136.0
22161,261.0,258.0,156.0,149.0
22162,249.0,246.0,150.0,141.0
22163,259.0,82.0,150.0,142.0
22164,243.0,120.0,132.0,143.0
22165,244.0,138.0,142.0,144.0
22166,236.0,208.0,142.0,123.0
22167,270.0,64.0,150.0,146.0
22168,250.0,117.0,140.0,138.0
22169,238.0,76.0,137.0,136.0
22170,260.0,234.0,141.0,139.0
22171,233.0,231.0,121.0,132.0
22172,269.0,64.0,155.0,157.0
22173,258.0,92.0,140.0,136.0
22174,229.0,185.0,114.0,148.0
22175,214.0,104.0,114.0,122.0
22176,238.0,205.0,135.0,129.0
22177,268.0,245.0,148.0,152.0
22178,251.0,224.0,153.0,150.0
22179,271.0,145.0,156.0,148.0
22180,257.0,128.0,151.0,136.0
22181,268.0,247.0,166.0,160.0
22182,239.0,215.0,124.0,136.0
22183,241.0,218.0,121.0,124.0
22184,248.0,244.0,136.0,137.0
22185,240.0,134.0,141.0,133.0
22186,232.0,135.0,121.0,142.0
22187,243.0,57.0,152.0,138.0
22188,255.0,171.0,142.0,140.0
22189,279.0,151.0,150.0,144.0
22190,243.0,102.0,132.0,134.0
22191,273.0,117.0,148.0,150.0
22192,235.0,224.0,123.0,132.0
22193,241.0,117.0,122.0,140.0
22194,259.0,231.0,151.0,150.0
22195,242.0,192.0,120.0,135.0
22196,242.0,111.0,145.0,131.0
22197,250.0,97.0,150.0,132.0
22198,252.0,147.0,142.0,144.0
22199,230.0,197.0,122.0,117.0
22200,255.0,142.0,137.0,148.0
22201,241.0,156.0,136.0,117.0
22202,239.0,125.0,142.0,146.0
22203,255.0,129.0,131.0,135.0
22204,247.0,216.0,145.0,154.0
22205,239.0,81.0,143.0,146.0
22206,242.0,210.0,139.0,132.0
22207,237.0,96.0,134.0,141.0
22208,258.0,252.0,146.0,146.0
22209,237.0,231.0,112.0,133.0
22210,243.0,204.0,147.0,127.0
22211,267.0,194.0,146.0,150.0
22212,260.0,196.0,148.0,153.0
22213,262.0,118.0,146.0,149.0
22214,274.0,113.0,153.0,154.0
22215,245.0,102.0,147.0,124.0
22216,237.0,72.0,121.0,137.0
22217,241.0,235.0,144.0,143.0
22218,238.0,231.0,145.0,143.0
22219,276.0,199.0,151.0,165.0
22220,277.0,242.0,161.0,144.0
22221,246.0,102.0,143.0,142.0
22222,246.0,179.0,147.0,137.0
22223,234.0,125.0,141.0,132.0
22224,254.0,209.0,143.0,159.0
22225,261.0,53.0,152.0,146.0
22226,242.0,210.0,128.0,143.0
22227,228.0,109.0,118.0,120.0
22228,239.0,87.0,125.0,143.0
22229,265.0,106.0,147.0,150.0
22230,239.0,100.0,134.0,134.0
22231,257.0,143.0,125.0,150.0
22232,231.0,75.0,131.0,126.0
22233,273.0,143.0,150.0,158.0
22234,237.0,232.0,132.0,124.0
22235,242.0,231.0,152.0,139.0
22236,264.0,115.0,139.0,162.0
22237,214.0,188.0,122.0,122.0
22238,247.0,174.0,163.0,144.0
22239,235.0,120.0,137.0,122.0
22240,255.0,141.0,143.0,145.0
22241,253.0,117.0,155.0,148.0
22242,263.0,215.0,152.0,148.0
22243,241.0,78.0,144.0,141.0
22244,255.0,99.0,131.0,144.0
22245,244.0,121.0,125.0,129.0
22246,241.0,127.0,139.0,138.0
22247,241.0,200.0,139.0,149.0
22248,274.0,109.0,157.0,149.0
22249,260.0,81.0,159.0,139.0
22250,245.0,97.0,141.0,133.0
22251,221.0,183.0,125.0,125.0
22252,238.0,98.0,118.0,137.0
22253,262.0,141.0,138.0,136.0
22254,250.0,136.0,149.0,130.0
22255,239.0,230.0,140.0,131.0
22256,250.0,249.0,164.0,142.0
22257,268.0,239.0,151.0,143.0
22258,266.0,155.0,141.0,156.0
22259,232.0,100.0,130.0,133.0
22260,274.0,155.0,145.0,162.0
22261,251.0,111.0,132.0,142.0
22262,247.0,116.0,127.0,153.0
22263,268.0,90.0,151.0,158.0
22264,273.0,264.0,153.0,158.0
22265,227.0,218.0,149.0,128.0
22266,248.0,146.0,130.0,141.0
22267,258.0,115.0,153.0,139.0
22268,246.0,81.0,134.0,123.0
22269,259.0,100.0,137.0,147.0
22270,242.0,107.0,123.0,121.0
22271,222.0,200.0,120.0,126.0
22272,257.0,90.0,145.0,144.0
22273,249.0,79.0,135.0,138.0
22274,236.0,211.0,148.0,122.0
22275,266.0,125.0,136.0,144.0
22276,238.0,98.0,130.0,132.0
22277,244.0,95.0,138.0,133.0
22278,266.0,234.0,143.0,142.0
22279,255.0,223.0,128.0,140.0
22280,256.0,220.0,127.0,134.0
22281,257.0,222.0,148.0,133.0
22282,242.0,74.0,137.0,151.0
22283,257.0,112.0,154.0,145.0
22284,233.0,134.0,133.0,134.0
22285,240.0,223.0,133.0,132.0
22286,263.0,89.0,148.0,149.0
22287,247.0,66.0,148.0,144.0
22288,247.0,89.0,148.0,140.0
22289,271.0,131.0,156.0,153.0
22290,234.0,68.0,116.0,136.0
22291,247.0,122.0,137.0,122.0
22292,247.0,212.0,141.0,145.0
22293,264.0,99.0,138.0,152.0
22294,259.0,250.0,141.0,149.0
22295,240.0,211.0,124.0,136.0
22296,261.0,236.0,158.0,148.0
22297,213.0,55.0,113.0,134.0
22298,248.0,123.0,143.0,151.0
22299,247.0,207.0,125.0,133.0
22300,265.0,253.0,165.0,159.0
22301,243.0,114.0,146.0,140.0
22302,271.0,120.0,136.0,167.0
22303,252.0,115.0,129.0,139.0
22304,256.0,179.0,147.0,136.0
22305,255.0,113.0,138.0,151.0
22306,251.0,208.0,121.0,139.0
22307,225.0,123.0,131.0,138.0
22308,238.0,205.0,151.0,132.0
22309,243.0,105.0,131.0,125.0
22310,267.0,140.0,147.0,146.0
22311,256.0,72.0,147.0,142.0
22312,242.0,217.0,134.0,130.0
22313,238.0,85.0,132.0,128.0
22314,258.0,149.0,141.0,142.0
22315,255.0,205.0,127.0,143.0
22316,232.0,202.0,131.0,146.0
22317,244.0,213.0,149.0,143.0
22318,242.0,122.0,140.0,123.0
22319,254.0,107.0,144.0,142.0
22320,246.0,198.0,141.0,133.0
22321,256.0,208.0,143.0,138.0
22322,249.0,109.0,151.0,133.0
22323,244.0,172.0,135.0,142.0
22324,275.0,263.0,161.0,147.0
22325,266.0,105.0,137.0,166.0
22326,247.0,229.0,138.0,141.0
22327,261.0,110.0,152.0,147.0
22328,248.0,86.0,135.0,138.0
22329,240.0,133.0,146.0,120.0
22330,233.0,64.0,123.0,127.0
22331,241.0,121.0,134.0,153.0
22332,230.0,89.0,141.0,141.0
22333,244.0,109.0,138.0,134.0
22334,241.0,109.0,124.0,126.0
22335,261.0,66.0,149.0,151.0
22336,272.0,268.0,142.0,147.0
22337,262.0,129.0,141.0,163.0
22338,268.0,144.0,138.0,153.0
22339,244.0,235.0,146.0,148.0
22340,236.0,227.0,124.0,134.0
22341,225.0,199.0,134.0,124.0
22342,249.0,83.0,135.0,136.0
22343,253.0,103.0,157.0,140.0
22344,252.0,222.0,143.0,143.0
22345,252.0,222.0,143.0,147.0
22346,230.0,222.0,129.0,128.0
22347,261.0,249.0,136.0,156.0
22348,230.0,93.0,134.0,144.0
22349,273.0,129.0,155.0,151.0
22350,247.0,187.0,156.0,135.0
22351,274.0,257.0,178.0,149.0
22352,261.0,87.0,145.0,151.0
22353,239.0,206.0,143.0,119.0
22354,245.0,122.0,150.0,122.0
22355,244.0,109.0,137.0,151.0
22356,251.0,153.0,135.0,140.0
22357,254.0,114.0,142.0,160.0
22358,233.0,198.0,146.0,135.0
22359,241.0,222.0,130.0,145.0
22360,252.0,152.0,123.0,142.0
22361,248.0,100.0,151.0,136.0
22362,245.0,173.0,116.0,134.0
22363,250.0,76.0,137.0,142.0
22364,263.0,135.0,145.0,140.0
22365,261.0,100.0,149.0,145.0
22366,249.0,93.0,146.0,134.0
22367,234.0,205.0,135.0,118.0
22368,253.0,140.0,132.0,145.0
22369,275.0,148.0,133.0,161.0
22370,259.0,241.0,164.0,155.0
22371,250.0,115.0,143.0,148.0
22372,251.0,217.0,138.0,141.0
22373,266.0,140.0,136.0,143.0
22374,240.0,127.0,149.0,136.0
22375,238.0,105.0,133.0,130.0
22376,250.0,112.0,136.0,144.0
22377,220.0,110.0,127.0,119.0
22378,233.0,233.0,131.0,141.0
22379,258.0,204.0,136.0,136.0
22380,247.0,112.0,131.0,137.0
22381,228.0,71.0,142.0,129.0
22382,232.0,202.0,119.0,121.0
22383,258.0,207.0,143.0,151.0
22384,238.0,89.0,130.0,130.0
22385,244.0,223.0,134.0,141.0
22386,263.0,214.0,165.0,142.0
22387,240.0,91.0,137.0,130.0
22388,256.0,136.0,140.0,142.0
22389,256.0,213.0,140.0,145.0
22390,248.0,209.0,128.0,135.0
22391,258.0,159.0,147.0,149.0
22392,248.0,109.0,136.0,150.0
22393,250.0,111.0,132.0,151.0
22394,247.0,113.0,138.0,129.0
22395,252.0,94.0,155.0,141.0
22396,259.0,99.0,137.0,136.0
22397,246.0,92.0,145.0,138.0
22398,249.0,103.0,148.0,135.0
22399,257.0,212.0,143.0,130.0
22400,251.0,224.0,152.0,158.0
22401,266.0,111.0,157.0,152.0
22402,259.0,164.0,140.0,149.0
22403,242.0,197.0,136.0,134.0
22404,273.0,246.0,144.0,158.0
22405,245.0,139.0,155.0,143.0
22406,250.0,99.0,136.0,145.0
22407,265.0,81.0,155.0,148.0
22408,250.0,108.0,138.0,127.0
22409,265.0,129.0,146.0,168.0
22410,263.0,262.0,160.0,147.0
22411,232.0,231.0,137.0,134.0
22412,258.0,232.0,149.0,149.0
22413,255.0,92.0,138.0,151.0
22414,246.0,191.0,149.0,141.0
22415,235.0,205.0,141.0,131.0
22416,257.0,122.0,143.0,146.0
22417,233.0,73.0,129.0,134.0
22418,243.0,67.0,139.0,129.0
22419,233.0,74.0,123.0,135.0
22420,240.0,101.0,125.0,134.0
22421,255.0,129.0,135.0,146.0
22422,242.0,193.0,118.0,128.0
22423,242.0,209.0,131.0,131.0
22424,261.0,97.0,140.0,138.0
22425,264.0,262.0,148.0,135.0
22426,232.0,230.0,136.0,129.0
22427,262.0,107.0,147.0,147.0
22428,238.0,127.0,126.0,137.0
22429,257.0,256.0,146.0,158.0
22430,267.0,190.0,149.0,136.0
22431,262.0,175.0,150.0,146.0
22432,265.0,164.0,149.0,148.0
22433,269.0,78.0,148.0,152.0
22434,267.0,261.0,162.0,155.0
22435,247.0,97.0,145.0,130.0
22436,274.0,65.0,159.0,139.0
22437,249.0,93.0,126.0,150.0
22438,260.0,89.0,148.0,134.0
22439,257.0,164.0,132.0,160.0
22440,250.0,127.0,152.0,138.0
22441,259.0,217.0,144.0,137.0
22442,266.0,108.0,142.0,151.0
22443,253.0,77.0,136.0,151.0
22444,247.0,69.0,135.0,137.0
22445,239.0,113.0,143.0,140.0
22446,280.0,109.0,154.0,166.0
22447,239.0,125.0,139.0,128.0
22448,245.0,87.0,119.0,151.0
22449,260.0,255.0,135.0,165.0
22450,264.0,128.0,150.0,151.0
22451,270.0,132.0,139.0,155.0
22452,247.0,79.0,141.0,133.0
22453,229.0,218.0,126.0,120.0
22454,260.0,249.0,160.0,137.0
22455,258.0,130.0,151.0,155.0
22456,248.0,115.0,146.0,129.0
22457,241.0,106.0,155.0,131.0
22458,240.0,206.0,148.0,133.0
22459,251.0,99.0,146.0,148.0
22460,257.0,93.0,143.0,158.0
22461,249.0,225.0,128.0,144.0
22462,225.0,97.0,122.0,136.0
22463,232.0,135.0,130.0,126.0
22464,249.0,202.0,138.0,150.0
22465,257.0,85.0,142.0,148.0
22466,238.0,122.0,134.0,136.0
22467,246.0,80.0,144.0,136.0
22468,246.0,232.0,139.0,144.0
22469,254.0,112.0,132.0,141.0
22470,239.0,199.0,147.0,133.0
22471,258.0,110.0,138.0,157.0
22472,253.0,182.0,131.0,155.0
22473,246.0,104.0,142.0,132.0
22474,231.0,90.0,137.0,129.0
22475,261.0,118.0,150.0,145.0
22476,248.0,209.0,144.0,126.0
22477,240.0,82.0,145.0,145.0
22478,267.0,166.0,146.0,168.0
22479,261.0,232.0,156.0,148.0
22480,270.0,81.0,157.0,143.0
22481,240.0,72.0,137.0,132.0
22482,243.0,130.0,142.0,136.0
22483,248.0,209.0,132.0,137.0
22484,240.0,207.0,123.0,128.0
22485,240.0,202.0,121.0,134.0
22486,242.0,55.0,128.0,134.0
22487,249.0,103.0,143.0,141.0
22488,261.0,156.0,140.0,138.0
22489,268.0,157.0,148.0,166.0
22490,222.0,154.0,132.0,115.0
22491,246.0,128.0,136.0,148.0
22492,258.0,228.0,142.0,146.0
22493,259.0,99.0,133.0,150.0
22494,249.0,149.0,140.0,143.0
22495,240.0,206.0,123.0,123.0
22496,238.0,102.0,135.0,141.0
22497,222.0,77.0,116.0,130.0
22498,244.0,120.0,132.0,138.0
22499,241.0,66.0,134.0,139.0
22500,255.0,70.0,140.0,142.0
22501,226.0,222.0,127.0,116.0
22502,267.0,263.0,135.0,135.0
22503,258.0,73.0,144.0,140.0
22504,253.0,133.0,132.0,141.0
22505,233.0,83.0,137.0,131.0
22506,269.0,160.0,141.0,151.0
22507,259.0,106.0,148.0,127.0
22508,248.0,67.0,147.0,123.0
22509,267.0,88.0,169.0,145.0
22510,264.0,219.0,139.0,162.0
22511,252.0,98.0,123.0,135.0
22512,249.0,35.0,140.0,149.0
22513,241.0,131.0,124.0,136.0
22514,259.0,227.0,138.0,151.0
22515,262.0,137.0,152.0,141.0
22516,244.0,75.0,134.0,135.0
22517,233.0,144.0,122.0,146.0
22518,242.0,241.0,149.0,133.0
22519,246.0,158.0,142.0,129.0
22520,259.0,120.0,144.0,148.0
22521,245.0,238.0,139.0,142.0
22522,268.0,238.0,151.0,128.0
22523,247.0,120.0,140.0,116.0
22524,275.0,105.0,156.0,151.0
22525,238.0,88.0,144.0,125.0
22526,256.0,115.0,170.0,126.0
22527,252.0,219.0,154.0,130.0
22528,235.0,191.0,124.0,126.0
22529,229.0,186.0,120.0,122.0
22530,255.0,157.0,141.0,143.0
22531,281.0,98.0,148.0,166.0
22532,247.0,98.0,134.0,154.0
22533,261.0,259.0,135.0,158.0
22534,259.0,186.0,135.0,157.0
22535,261.0,223.0,138.0,158.0
22536,258.0,158.0,160.0,143.0
22537,255.0,87.0,149.0,154.0
22538,256.0,113.0,144.0,159.0
22539,248.0,223.0,139.0,137.0
22540,241.0,200.0,138.0,128.0
22541,247.0,67.0,144.0,127.0
22542,253.0,184.0,139.0,147.0
22543,259.0,125.0,142.0,125.0
22544,259.0,81.0,142.0,138.0
22545,234.0,124.0,132.0,137.0
22546,238.0,85.0,126.0,140.0
22547,254.0,214.0,141.0,132.0
22548,277.0,94.0,156.0,164.0
22549,258.0,246.0,148.0,137.0
22550,249.0,99.0,142.0,130.0
22551,255.0,79.0,146.0,125.0
22552,244.0,94.0,122.0,157.0
22553,240.0,233.0,150.0,130.0
22554,261.0,92.0,144.0,144.0
22555,266.0,118.0,139.0,153.0
22556,260.0,228.0,146.0,148.0
22557,286.0,104.0,167.0,159.0
22558,237.0,179.0,107.0,133.0
22559,264.0,110.0,158.0,138.0
22560,248.0,248.0,156.0,144.0
22561,260.0,218.0,146.0,128.0
22562,260.0,227.0,162.0,141.0
22563,264.0,167.0,147.0,146.0
22564,256.0,205.0,154.0,145.0
22565,265.0,214.0,154.0,162.0
22566,261.0,127.0,130.0,145.0
22567,258.0,214.0,162.0,131.0
22568,258.0,253.0,152.0,146.0
22569,237.0,75.0,140.0,128.0
22570,243.0,125.0,131.0,141.0
22571,252.0,77.0,148.0,151.0
22572,235.0,67.0,146.0,146.0
22573,266.0,93.0,151.0,151.0
22574,249.0,107.0,146.0,145.0
22575,248.0,213.0,130.0,134.0
22576,246.0,213.0,146.0,143.0
22577,276.0,243.0,152.0,142.0
22578,264.0,239.0,145.0,159.0
22579,249.0,97.0,134.0,129.0
22580,278.0,244.0,159.0,151.0
22581,243.0,234.0,139.0,136.0
22582,259.0,248.0,144.0,145.0
22583,243.0,43.0,153.0,144.0
22584,253.0,245.0,159.0,130.0
22585,234.0,196.0,136.0,142.0
22586,251.0,102.0,140.0,140.0
22587,238.0,233.0,136.0,137.0
22588,249.0,226.0,144.0,138.0
22589,227.0,194.0,128.0,113.0
22590,238.0,95.0,135.0,137.0
22591,275.0,234.0,155.0,168.0
22592,271.0,190.0,142.0,144.0
22593,235.0,201.0,135.0,143.0
22594,246.0,132.0,153.0,145.0
22595,246.0,207.0,148.0,139.0
22596,256.0,111.0,136.0,139.0
22597,287.0,113.0,161.0,162.0
22598,266.0,240.0,146.0,149.0
22599,264.0,226.0,164.0,138.0
22600,252.0,103.0,146.0,139.0
22601,251.0,62.0,140.0,134.0
22602,242.0,88.0,138.0,136.0
22603,255.0,98.0,137.0,145.0
22604,259.0,225.0,144.0,156.0
22605,244.0,211.0,141.0,147.0
22606,244.0,186.0,137.0,148.0
22607,260.0,219.0,162.0,145.0
22608,260.0,215.0,132.0,139.0
22609,244.0,82.0,144.0,149.0
22610,271.0,90.0,152.0,126.0
22611,223.0,118.0,130.0,142.0
22612,244.0,125.0,140.0,141.0
22613,248.0,183.0,146.0,149.0
22614,250.0,153.0,129.0,152.0
22615,239.0,199.0,139.0,132.0
22616,220.0,95.0,124.0,124.0
22617,243.0,207.0,144.0,132.0
22618,248.0,216.0,140.0,136.0
22619,235.0,142.0,133.0,121.0
22620,273.0,235.0,163.0,141.0
22621,239.0,239.0,146.0,136.0
22622,222.0,222.0,139.0,125.0
22623,260.0,136.0,159.0,144.0
22624,225.0,92.0,124.0,124.0
22625,244.0,125.0,140.0,151.0
22626,262.0,129.0,150.0,137.0
22627,267.0,216.0,164.0,163.0
22628,237.0,128.0,128.0,143.0
22629,270.0,155.0,169.0,150.0
22630,249.0,102.0,140.0,141.0
22631,236.0,199.0,124.0,116.0
22632,241.0,118.0,132.0,136.0
22633,244.0,80.0,145.0,141.0
22634,235.0,111.0,145.0,139.0
22635,246.0,112.0,148.0,140.0
22636,231.0,116.0,135.0,122.0
22637,217.0,180.0,131.0,126.0
22638,259.0,80.0,148.0,148.0
22639,237.0,209.0,124.0,135.0
22640,253.0,177.0,141.0,135.0
22641,253.0,127.0,141.0,147.0
22642,262.0,113.0,145.0,145.0
22643,250.0,225.0,147.0,138.0
22644,246.0,146.0,126.0,150.0
22645,242.0,211.0,147.0,131.0
22646,253.0,88.0,148.0,148.0
22647,269.0,184.0,139.0,130.0
22648,288.0,163.0,162.0,139.0
22649,289.0,135.0,159.0,162.0
22650,252.0,214.0,158.0,132.0
22651,225.0,94.0,128.0,132.0
22652,236.0,160.0,130.0,121.0
22653,262.0,130.0,148.0,149.0
22654,265.0,119.0,151.0,150.0
22655,235.0,140.0,142.0,132.0
22656,244.0,215.0,126.0,135.0
22657,239.0,98.0,138.0,135.0
22658,283.0,244.0,168.0,139.0
22659,271.0,105.0,145.0,154.0
22660,253.0,106.0,149.0,135.0
22661,253.0,114.0,151.0,142.0
22662,274.0,148.0,143.0,136.0
22663,279.0,111.0,166.0,157.0
22664,264.0,225.0,149.0,149.0
22665,267.0,134.0,152.0,141.0
22666,249.0,210.0,131.0,143.0
22667,252.0,211.0,137.0,154.0
22668,248.0,230.0,144.0,130.0
22669,248.0,230.0,145.0,129.0
22670,258.0,135.0,138.0,149.0
22671,266.0,225.0,159.0,144.0
22672,241.0,192.0,132.0,129.0
22673,242.0,106.0,137.0,136.0
22674,252.0,130.0,131.0,140.0
22675,247.0,131.0,132.0,136.0
22676,261.0,132.0,153.0,149.0
22677,236.0,87.0,128.0,136.0
22678,234.0,87.0,132.0,137.0
22679,256.0,107.0,163.0,135.0
22680,257.0,121.0,143.0,135.0
22681,263.0,217.0,170.0,146.0
22682,227.0,196.0,127.0,128.0
22683,239.0,90.0,132.0,128.0
22684,252.0,95.0,150.0,136.0
22685,246.0,215.0,132.0,133.0
22686,253.0,116.0,150.0,137.0
22687,226.0,110.0,120.0,113.0
22688,280.0,135.0,151.0,155.0
22689,233.0,113.0,131.0,120.0
22690,255.0,168.0,154.0,145.0
22691,255.0,204.0,147.0,144.0
22692,260.0,122.0,121.0,135.0
22693,252.0,51.0,163.0,131.0
22694,260.0,107.0,147.0,150.0
22695,239.0,98.0,147.0,130.0
22696,258.0,97.0,140.0,118.0
22697,244.0,50.0,143.0,144.0
22698,244.0,73.0,130.0,126.0
22699,250.0,146.0,152.0,158.0
22700,264.0,213.0,153.0,140.0
22701,245.0,85.0,141.0,145.0
22702,239.0,217.0,127.0,122.0
22703,246.0,127.0,141.0,143.0
22704,254.0,92.0,149.0,133.0
22705,244.0,160.0,147.0,138.0
22706,259.0,89.0,134.0,138.0
22707,246.0,199.0,143.0,122.0
22708,294.0,130.0,168.0,160.0
22709,244.0,125.0,147.0,133.0
22710,249.0,126.0,137.0,148.0
22711,251.0,130.0,137.0,144.0
22712,229.0,98.0,124.0,142.0
22713,257.0,118.0,161.0,145.0
22714,234.0,105.0,136.0,150.0
22715,264.0,160.0,153.0,150.0
22716,240.0,119.0,140.0,123.0
22717,250.0,119.0,145.0,145.0
22718,264.0,151.0,136.0,133.0
22719,254.0,225.0,141.0,144.0
22720,249.0,233.0,154.0,133.0
22721,258.0,252.0,162.0,145.0
22722,276.0,125.0,147.0,160.0
22723,258.0,80.0,150.0,153.0
22724,255.0,247.0,136.0,139.0
22725,247.0,95.0,140.0,145.0
22726,237.0,205.0,121.0,135.0
22727,261.0,109.0,139.0,140.0
22728,266.0,189.0,154.0,154.0
22729,243.0,101.0,145.0,137.0
22730,241.0,234.0,132.0,145.0
22731,236.0,93.0,139.0,130.0
22732,262.0,124.0,160.0,122.0
22733,252.0,127.0,151.0,138.0
22734,261.0,140.0,177.0,155.0
22735,257.0,227.0,148.0,145.0
22736,255.0,38.0,133.0,137.0
22737,261.0,87.0,147.0,146.0
22738,262.0,105.0,143.0,143.0
22739,253.0,53.0,137.0,144.0
22740,287.0,126.0,162.0,151.0
22741,268.0,78.0,155.0,156.0
22742,272.0,224.0,143.0,155.0
22743,228.0,128.0,123.0,138.0
22744,240.0,119.0,146.0,139.0
22745,234.0,198.0,133.0,129.0
22746,244.0,80.0,135.0,123.0
22747,252.0,211.0,128.0,137.0
22748,285.0,164.0,161.0,162.0
22749,234.0,69.0,127.0,135.0
22750,270.0,133.0,145.0,158.0
22751,246.0,219.0,139.0,131.0
22752,230.0,85.0,124.0,136.0
22753,282.0,164.0,165.0,165.0
22754,228.0,92.0,111.0,126.0
22755,260.0,227.0,157.0,145.0
22756,243.0,138.0,143.0,133.0
22757,225.0,91.0,114.0,125.0
22758,235.0,116.0,125.0,125.0
22759,230.0,114.0,128.0,119.0
22760,253.0,73.0,149.0,123.0
22761,239.0,128.0,136.0,144.0
22762,265.0,97.0,135.0,151.0
22763,253.0,76.0,132.0,136.0
22764,260.0,226.0,147.0,133.0
22765,253.0,220.0,142.0,142.0
22766,269.0,127.0,151.0,153.0
22767,241.0,119.0,134.0,133.0
22768,232.0,93.0,124.0,113.0
22769,246.0,118.0,132.0,130.0
22770,261.0,192.0,154.0,153.0
22771,229.0,143.0,135.0,118.0
22772,269.0,159.0,150.0,157.0
22773,241.0,99.0,125.0,140.0
22774,250.0,83.0,139.0,150.0
22775,254.0,218.0,137.0,137.0
22776,255.0,100.0,136.0,143.0
22777,251.0,227.0,140.0,154.0
22778,253.0,229.0,144.0,146.0
22779,238.0,206.0,131.0,134.0
22780,237.0,81.0,141.0,124.0
22781,238.0,157.0,141.0,146.0
22782,246.0,238.0,127.0,142.0
22783,270.0,197.0,156.0,147.0
22784,273.0,225.0,154.0,154.0
22785,246.0,107.0,139.0,147.0
22786,247.0,212.0,136.0,140.0
22787,224.0,125.0,132.0,130.0
22788,257.0,212.0,142.0,143.0
22789,248.0,248.0,145.0,153.0
22790,253.0,221.0,139.0,126.0
22791,244.0,133.0,141.0,129.0
22792,265.0,125.0,147.0,145.0
22793,233.0,201.0,128.0,130.0
22794,274.0,104.0,159.0,160.0
22795,243.0,104.0,130.0,150.0
22796,238.0,135.0,147.0,135.0
22797,249.0,226.0,136.0,142.0
22798,243.0,210.0,139.0,134.0
22799,274.0,91.0,155.0,163.0
22800,221.0,175.0,125.0,128.0
22801,241.0,204.0,132.0,121.0
22802,258.0,247.0,157.0,141.0
22803,221.0,70.0,128.0,119.0
22804,246.0,106.0,137.0,144.0
22805,234.0,118.0,135.0,126.0
22806,254.0,162.0,152.0,142.0
22807,245.0,82.0,139.0,147.0
22808,260.0,256.0,145.0,148.0
22809,240.0,139.0,124.0,144.0
22810,253.0,89.0,144.0,149.0
22811,246.0,122.0,140.0,141.0
22812,240.0,232.0,138.0,131.0
22813,264.0,102.0,148.0,154.0
22814,266.0,197.0,135.0,145.0
22815,267.0,114.0,136.0,143.0
22816,257.0,212.0,142.0,139.0
22817,250.0,85.0,136.0,136.0
22818,265.0,130.0,150.0,149.0
22819,268.0,162.0,148.0,161.0
22820,288.0,227.0,166.0,165.0
22821,250.0,87.0,139.0,138.0
22822,266.0,138.0,158.0,159.0
22823,260.0,139.0,139.0,149.0
22824,245.0,142.0,139.0,125.0
22825,246.0,96.0,134.0,139.0
22826,261.0,100.0,143.0,144.0
22827,243.0,121.0,134.0,138.0
22828,246.0,93.0,128.0,138.0
22829,232.0,99.0,139.0,142.0
22830,250.0,248.0,158.0,147.0
22831,238.0,117.0,139.0,120.0
22832,273.0,249.0,155.0,160.0
22833,278.0,174.0,153.0,136.0
22834,252.0,210.0,146.0,161.0
22835,250.0,124.0,136.0,127.0
22836,271.0,127.0,162.0,142.0
22837,250.0,110.0,148.0,142.0
22838,252.0,140.0,133.0,154.0
22839,254.0,247.0,166.0,139.0
22840,258.0,228.0,147.0,151.0
22841,261.0,108.0,173.0,159.0
22842,284.0,120.0,153.0,152.0
22843,260.0,104.0,141.0,150.0
22844,256.0,124.0,144.0,143.0
22845,246.0,122.0,132.0,142.0
22846,253.0,106.0,133.0,141.0
22847,246.0,92.0,135.0,130.0
22848,256.0,132.0,147.0,122.0
22849,268.0,135.0,147.0,152.0
22850,285.0,249.0,148.0,157.0
22851,239.0,108.0,118.0,143.0
22852,257.0,144.0,149.0,134.0
22853,243.0,202.0,140.0,154.0
22854,248.0,182.0,133.0,131.0
22855,255.0,111.0,140.0,149.0
22856,260.0,105.0,148.0,152.0
22857,254.0,163.0,139.0,151.0
22858,252.0,104.0,147.0,146.0
22859,270.0,220.0,148.0,143.0
22860,246.0,234.0,132.0,132.0
22861,238.0,204.0,141.0,125.0
22862,242.0,105.0,149.0,141.0
22863,236.0,191.0,133.0,131.0
22864,246.0,201.0,125.0,140.0
22865,240.0,215.0,150.0,122.0
22866,267.0,92.0,145.0,160.0
22867,264.0,92.0,145.0,149.0
22868,253.0,85.0,137.0,128.0
22869,257.0,130.0,137.0,140.0
22870,269.0,240.0,159.0,159.0
22871,219.0,87.0,119.0,128.0
22872,254.0,98.0,146.0,132.0
22873,275.0,188.0,145.0,157.0
22874,213.0,79.0,126.0,122.0
22875,241.0,196.0,145.0,132.0
22876,276.0,127.0,162.0,151.0
22877,264.0,84.0,151.0,160.0
22878,225.0,195.0,116.0,117.0
22879,241.0,135.0,135.0,141.0
22880,257.0,88.0,144.0,162.0
22881,240.0,239.0,125.0,142.0
22882,246.0,216.0,144.0,144.0
22883,262.0,155.0,140.0,133.0
22884,278.0,139.0,175.0,142.0
22885,257.0,144.0,152.0,142.0
22886,243.0,89.0,138.0,151.0
22887,254.0,213.0,145.0,143.0
22888,250.0,214.0,146.0,133.0
22889,249.0,202.0,148.0,128.0
22890,230.0,229.0,124.0,141.0
22891,247.0,114.0,138.0,132.0
22892,238.0,75.0,141.0,145.0
22893,272.0,114.0,152.0,149.0
22894,251.0,146.0,140.0,137.0
22895,209.0,152.0,102.0,117.0
22896,253.0,205.0,140.0,146.0
22897,244.0,196.0,132.0,136.0
22898,252.0,237.0,128.0,138.0
22899,225.0,103.0,108.0,126.0
22900,260.0,111.0,153.0,155.0
22901,247.0,60.0,144.0,128.0
22902,245.0,234.0,134.0,137.0
22903,278.0,131.0,172.0,171.0
22904,266.0,118.0,155.0,159.0
22905,223.0,222.0,137.0,112.0
22906,226.0,225.0,122.0,136.0
22907,255.0,99.0,135.0,138.0
22908,249.0,102.0,131.0,136.0
22909,241.0,102.0,147.0,126.0
22910,257.0,107.0,150.0,141.0
22911,229.0,93.0,130.0,133.0
22912,245.0,90.0,133.0,134.0
22913,253.0,79.0,140.0,137.0
22914,259.0,238.0,145.0,121.0
22915,243.0,236.0,133.0,137.0
22916,250.0,220.0,138.0,145.0
22917,253.0,108.0,140.0,135.0
22918,225.0,200.0,118.0,127.0
22919,253.0,123.0,138.0,147.0
22920,263.0,236.0,148.0,152.0
22921,259.0,154.0,152.0,143.0
22922,249.0,92.0,149.0,139.0
22923,238.0,208.0,138.0,127.0
22924,252.0,90.0,150.0,132.0
22925,258.0,231.0,161.0,149.0
22926,256.0,195.0,143.0,140.0
22927,262.0,86.0,158.0,150.0
22928,245.0,207.0,137.0,130.0
22929,242.0,90.0,133.0,140.0
22930,257.0,141.0,137.0,151.0
22931,261.0,124.0,160.0,127.0
22932,253.0,130.0,154.0,138.0
22933,244.0,176.0,137.0,123.0
22934,249.0,218.0,136.0,143.0
22935,266.0,136.0,147.0,167.0
22936,274.0,253.0,137.0,175.0
22937,236.0,209.0,132.0,130.0
22938,258.0,160.0,140.0,149.0
22939,260.0,117.0,156.0,139.0
22940,266.0,102.0,162.0,152.0
22941,261.0,224.0,141.0,146.0
22942,251.0,172.0,127.0,142.0
22943,248.0,219.0,145.0,135.0
22944,271.0,233.0,143.0,156.0
22945,264.0,222.0,145.0,140.0
22946,256.0,225.0,145.0,139.0
22947,248.0,104.0,130.0,148.0
22948,255.0,129.0,150.0,150.0
22949,245.0,89.0,142.0,135.0
22950,274.0,105.0,169.0,165.0
22951,259.0,49.0,147.0,143.0
22952,259.0,145.0,142.0,130.0
22953,234.0,100.0,112.0,130.0
22954,256.0,104.0,148.0,150.0
22955,242.0,242.0,127.0,148.0
22956,237.0,214.0,125.0,127.0
22957,262.0,118.0,168.0,153.0
22958,247.0,147.0,145.0,145.0
22959,237.0,52.0,132.0,144.0
22960,247.0,114.0,141.0,142.0
22961,260.0,83.0,149.0,136.0
22962,243.0,220.0,130.0,119.0
22963,249.0,70.0,140.0,132.0
22964,236.0,202.0,121.0,125.0
22965,254.0,227.0,145.0,141.0
22966,263.0,117.0,156.0,142.0
22967,243.0,104.0,142.0,142.0
22968,264.0,101.0,141.0,144.0
22969,241.0,160.0,135.0,135.0
22970,255.0,67.0,139.0,152.0
22971,231.0,136.0,142.0,131.0
22972,258.0,252.0,168.0,150.0
22973,257.0,138.0,147.0,134.0
22974,228.0,100.0,134.0,135.0
22975,281.0,143.0,152.0,169.0
22976,245.0,88.0,142.0,144.0
22977,263.0,139.0,139.0,139.0
22978,249.0,248.0,136.0,134.0
22979,249.0,132.0,146.0,142.0
22980,268.0,65.0,168.0,156.0
22981,241.0,110.0,133.0,126.0
22982,270.0,94.0,140.0,162.0
22983,245.0,129.0,113.0,136.0
22984,244.0,119.0,127.0,141.0
22985,240.0,198.0,128.0,151.0
22986,245.0,99.0,145.0,133.0
22987,263.0,142.0,141.0,146.0
22988,219.0,187.0,127.0,125.0
22989,250.0,215.0,131.0,130.0
22990,251.0,220.0,134.0,139.0
22991,255.0,128.0,139.0,146.0
22992,279.0,214.0,167.0,144.0
22993,230.0,192.0,124.0,138.0
22994,251.0,152.0,141.0,131.0
22995,239.0,102.0,130.0,129.0
22996,264.0,229.0,155.0,146.0
22997,253.0,111.0,148.0,146.0
22998,240.0,136.0,131.0,145.0
22999,271.0,111.0,142.0,142.0
23000,245.0,205.0,135.0,131.0
23001,229.0,193.0,121.0,131.0
23002,237.0,106.0,126.0,138.0
23003,241.0,117.0,135.0,140.0
23004,268.0,156.0,138.0,147.0
23005,240.0,202.0,153.0,126.0
23006,249.0,203.0,138.0,136.0
23007,264.0,114.0,153.0,157.0
23008,230.0,204.0,124.0,111.0
23009,239.0,143.0,124.0,135.0
23010,244.0,119.0,143.0,143.0
23011,242.0,110.0,139.0,136.0
23012,260.0,102.0,148.0,143.0
23013,236.0,218.0,132.0,131.0
23014,229.0,211.0,128.0,140.0
23015,250.0,172.0,142.0,149.0
23016,254.0,115.0,126.0,136.0
23017,261.0,249.0,148.0,155.0
23018,236.0,81.0,132.0,124.0
23019,244.0,101.0,142.0,128.0
23020,276.0,170.0,152.0,145.0
23021,266.0,95.0,151.0,140.0
23022,249.0,237.0,151.0,133.0
23023,242.0,230.0,134.0,139.0
23024,261.0,218.0,155.0,154.0
23025,263.0,220.0,137.0,147.0
23026,255.0,95.0,133.0,145.0
23027,262.0,129.0,151.0,140.0
23028,247.0,143.0,144.0,142.0
23029,243.0,215.0,123.0,136.0
23030,277.0,234.0,152.0,154.0
23031,276.0,246.0,158.0,149.0
23032,242.0,216.0,145.0,139.0
23033,224.0,101.0,127.0,117.0
23034,271.0,224.0,151.0,148.0
23035,270.0,223.0,141.0,145.0
23036,239.0,102.0,132.0,129.0
23037,243.0,192.0,124.0,136.0
23038,247.0,238.0,138.0,141.0
23039,246.0,116.0,148.0,138.0
23040,246.0,87.0,152.0,155.0
23041,261.0,215.0,140.0,149.0
23042,233.0,187.0,120.0,129.0
23043,228.0,114.0,119.0,135.0
23044,225.0,48.0,123.0,117.0
23045,246.0,146.0,139.0,144.0
23046,248.0,220.0,139.0,133.0
23047,248.0,207.0,131.0,131.0
23048,241.0,140.0,144.0,130.0
23049,255.0,151.0,139.0,145.0
23050,231.0,128.0,142.0,132.0
23051,243.0,230.0,140.0,138.0
23052,243.0,127.0,140.0,135.0
23053,251.0,126.0,134.0,151.0
23054,253.0,130.0,149.0,134.0
23055,270.0,118.0,159.0,142.0
23056,266.0,219.0,145.0,147.0
23057,234.0,115.0,123.0,122.0
23058,261.0,216.0,127.0,153.0
23059,272.0,104.0,161.0,144.0
23060,230.0,87.0,138.0,124.0
23061,253.0,227.0,144.0,153.0
23062,236.0,103.0,123.0,139.0
23063,268.0,120.0,141.0,148.0
23064,265.0,125.0,154.0,120.0
23065,259.0,124.0,151.0,142.0
23066,239.0,123.0,146.0,139.0
23067,245.0,82.0,132.0,132.0
23068,254.0,108.0,149.0,144.0
23069,246.0,90.0,130.0,130.0
23070,220.0,197.0,111.0,120.0
23071,253.0,142.0,135.0,151.0
23072,262.0,152.0,143.0,133.0
23073,274.0,129.0,144.0,158.0
23074,213.0,129.0,123.0,124.0
23075,232.0,89.0,139.0,132.0
23076,253.0,65.0,137.0,135.0
23077,257.0,153.0,136.0,146.0
23078,274.0,247.0,161.0,165.0
23079,254.0,237.0,135.0,144.0
23080,246.0,206.0,139.0,140.0
23081,253.0,225.0,140.0,145.0
23082,257.0,120.0,122.0,146.0
23083,250.0,135.0,147.0,138.0
23084,256.0,223.0,128.0,146.0
23085,260.0,48.0,143.0,134.0
23086,250.0,154.0,139.0,125.0
23087,246.0,245.0,153.0,148.0
23088,252.0,96.0,147.0,140.0
23089,255.0,217.0,147.0,147.0
23090,259.0,87.0,130.0,136.0
23091,222.0,92.0,136.0,130.0
23092,255.0,82.0,130.0,148.0
23093,247.0,225.0,130.0,137.0
23094,219.0,187.0,138.0,119.0
23095,223.0,196.0,137.0,116.0
23096,235.0,175.0,122.0,141.0
23097,263.0,87.0,138.0,135.0
23098,238.0,200.0,138.0,133.0
23099,237.0,120.0,132.0,128.0
23100,232.0,186.0,127.0,118.0
23101,253.0,135.0,140.0,143.0
23102,257.0,119.0,145.0,154.0
23103,251.0,214.0,136.0,141.0
23104,264.0,131.0,164.0,159.0
23105,257.0,110.0,145.0,142.0
23106,250.0,223.0,156.0,130.0
23107,273.0,123.0,144.0,139.0
23108,243.0,116.0,147.0,144.0
23109,254.0,213.0,142.0,137.0
23110,243.0,81.0,142.0,135.0
23111,227.0,131.0,130.0,126.0
23112,241.0,117.0,151.0,126.0
23113,249.0,103.0,132.0,136.0
23114,249.0,118.0,137.0,141.0
23115,258.0,251.0,155.0,131.0
23116,268.0,242.0,142.0,166.0
23117,259.0,84.0,146.0,166.0
23118,240.0,201.0,139.0,131.0
23119,268.0,131.0,140.0,156.0
23120,249.0,242.0,145.0,142.0
23121,255.0,95.0,157.0,155.0
23122,223.0,111.0,121.0,114.0
23123,246.0,198.0,131.0,142.0
23124,258.0,210.0,144.0,144.0
23125,260.0,114.0,143.0,136.0
23126,258.0,96.0,143.0,141.0
23127,271.0,87.0,140.0,151.0
23128,231.0,228.0,125.0,131.0
23129,278.0,107.0,161.0,155.0
23130,247.0,111.0,144.0,151.0
23131,241.0,101.0,137.0,128.0
23132,254.0,214.0,140.0,134.0
23133,256.0,225.0,144.0,147.0
23134,221.0,95.0,124.0,124.0
23135,238.0,132.0,129.0,136.0
23136,256.0,134.0,160.0,144.0
23137,253.0,142.0,147.0,132.0
23138,228.0,156.0,129.0,124.0
23139,242.0,118.0,140.0,138.0
23140,237.0,199.0,129.0,130.0
23141,258.0,118.0,148.0,126.0
23142,230.0,128.0,123.0,120.0
23143,267.0,91.0,164.0,146.0
23144,272.0,112.0,153.0,160.0
23145,239.0,190.0,122.0,133.0
23146,237.0,130.0,130.0,126.0
23147,243.0,219.0,130.0,119.0
23148,267.0,134.0,148.0,157.0
23149,246.0,207.0,141.0,137.0
23150,253.0,93.0,140.0,139.0
23151,277.0,218.0,162.0,149.0
23152,264.0,109.0,120.0,152.0
23153,254.0,84.0,147.0,162.0
23154,244.0,218.0,156.0,109.0
23155,229.0,99.0,124.0,120.0
23156,268.0,251.0,166.0,151.0
23157,236.0,196.0,113.0,132.0
23158,260.0,215.0,144.0,139.0
23159,255.0,107.0,151.0,130.0
23160,252.0,96.0,144.0,126.0
23161,247.0,99.0,140.0,134.0
23162,239.0,122.0,134.0,132.0
23163,249.0,42.0,133.0,130.0
23164,257.0,152.0,148.0,147.0
23165,245.0,69.0,128.0,136.0
23166,277.0,115.0,166.0,160.0
23167,254.0,223.0,140.0,151.0
23168,264.0,133.0,147.0,144.0
23169,235.0,125.0,124.0,143.0
23170,244.0,70.0,137.0,151.0
23171,248.0,73.0,138.0,136.0
23172,269.0,233.0,140.0,154.0
23173,255.0,125.0,153.0,141.0
23174,230.0,106.0,134.0,133.0
23175,236.0,169.0,130.0,145.0
23176,241.0,110.0,130.0,141.0
23177,239.0,108.0,139.0,124.0
23178,259.0,81.0,153.0,159.0
23179,260.0,103.0,154.0,137.0
23180,241.0,85.0,140.0,136.0
23181,276.0,130.0,135.0,147.0
23182,236.0,97.0,124.0,122.0
23183,267.0,105.0,144.0,149.0
23184,236.0,132.0,128.0,133.0
23185,252.0,203.0,147.0,141.0
23186,252.0,120.0,137.0,146.0
23187,238.0,139.0,136.0,127.0
23188,260.0,116.0,144.0,153.0
23189,256.0,70.0,151.0,145.0
23190,263.0,232.0,158.0,138.0
23191,244.0,106.0,144.0,137.0
23192,263.0,125.0,155.0,148.0
23193,261.0,131.0,134.0,144.0
23194,251.0,97.0,135.0,131.0
23195,266.0,225.0,134.0,137.0
23196,238.0,145.0,119.0,126.0
23197,258.0,226.0,147.0,144.0
23198,242.0,124.0,143.0,146.0
23199,260.0,86.0,129.0,142.0
23200,245.0,82.0,139.0,137.0
23201,265.0,101.0,144.0,159.0
23202,229.0,91.0,138.0,130.0
23203,275.0,145.0,153.0,135.0
23204,248.0,77.0,145.0,130.0
23205,250.0,211.0,141.0,151.0
23206,265.0,256.0,158.0,144.0
23207,256.0,171.0,162.0,147.0
23208,233.0,197.0,136.0,131.0
23209,245.0,208.0,125.0,133.0
23210,250.0,82.0,138.0,154.0
23211,237.0,144.0,130.0,134.0
23212,258.0,126.0,139.0,153.0
23213,261.0,45.0,140.0,141.0
23214,247.0,207.0,143.0,132.0
23215,258.0,233.0,129.0,135.0
23216,232.0,95.0,127.0,145.0
23217,244.0,219.0,147.0,142.0
23218,236.0,129.0,133.0,116.0
23219,266.0,158.0,167.0,158.0
23220,251.0,149.0,141.0,130.0
23221,263.0,103.0,142.0,129.0
23222,247.0,57.0,132.0,143.0
23223,289.0,252.0,152.0,158.0
23224,261.0,125.0,152.0,145.0
23225,245.0,110.0,146.0,138.0
23226,237.0,196.0,145.0,130.0
23227,255.0,62.0,148.0,145.0
23228,245.0,113.0,129.0,124.0
23229,260.0,152.0,148.0,148.0
23230,257.0,226.0,152.0,144.0
23231,246.0,109.0,130.0,143.0
23232,230.0,193.0,142.0,141.0
23233,249.0,94.0,134.0,138.0
23234,232.0,116.0,138.0,132.0
23235,256.0,132.0,140.0,142.0
23236,235.0,116.0,138.0,142.0
23237,232.0,182.0,129.0,126.0
23238,252.0,216.0,118.0,146.0
23239,291.0,205.0,169.0,168.0
23240,224.0,118.0,133.0,127.0
23241,260.0,117.0,154.0,146.0
23242,236.0,110.0,135.0,126.0
23243,242.0,83.0,134.0,129.0
23244,238.0,121.0,156.0,125.0
23245,254.0,62.0,137.0,140.0
23246,254.0,157.0,145.0,149.0
23247,265.0,70.0,147.0,151.0
23248,265.0,219.0,138.0,162.0
23249,239.0,111.0,139.0,137.0
23250,251.0,215.0,140.0,149.0
23251,246.0,95.0,123.0,136.0
23252,238.0,235.0,146.0,130.0
23253,235.0,94.0,134.0,136.0
23254,237.0,79.0,136.0,133.0
23255,266.0,166.0,144.0,155.0
23256,260.0,131.0,123.0,145.0
23257,251.0,131.0,127.0,138.0
23258,263.0,150.0,127.0,135.0
23259,247.0,209.0,153.0,142.0
23260,244.0,111.0,158.0,142.0
23261,264.0,94.0,174.0,160.0
23262,252.0,210.0,137.0,146.0
23263,241.0,130.0,146.0,137.0
23264,234.0,96.0,133.0,132.0
23265,258.0,75.0,144.0,141.0
23266,265.0,96.0,146.0,150.0
23267,259.0,116.0,152.0,144.0
23268,239.0,222.0,128.0,144.0
23269,278.0,244.0,155.0,156.0
23270,267.0,115.0,145.0,156.0
23271,259.0,119.0,147.0,135.0
23272,244.0,163.0,140.0,137.0
23273,258.0,235.0,148.0,137.0
23274,235.0,52.0,144.0,130.0
23275,234.0,94.0,136.0,155.0
23276,231.0,96.0,131.0,130.0
23277,237.0,68.0,147.0,138.0
23278,221.0,71.0,130.0,117.0
23279,255.0,85.0,160.0,141.0
23280,239.0,218.0,139.0,126.0
23281,231.0,118.0,134.0,129.0
23282,264.0,226.0,152.0,144.0
23283,281.0,116.0,164.0,145.0
23284,260.0,146.0,143.0,143.0
23285,251.0,206.0,141.0,140.0
23286,261.0,111.0,137.0,137.0
23287,241.0,103.0,140.0,140.0
23288,262.0,157.0,141.0,135.0
23289,266.0,237.0,144.0,147.0
23290,280.0,267.0,165.0,150.0
23291,254.0,125.0,136.0,146.0
23292,242.0,106.0,147.0,143.0
23293,254.0,98.0,127.0,132.0
23294,246.0,87.0,149.0,140.0
23295,230.0,148.0,134.0,136.0
23296,225.0,70.0,138.0,130.0
23297,283.0,250.0,168.0,155.0
23298,241.0,209.0,131.0,137.0
23299,236.0,122.0,128.0,145.0
23300,257.0,233.0,135.0,145.0
23301,252.0,232.0,143.0,143.0
23302,281.0,130.0,135.0,151.0
23303,219.0,61.0,112.0,123.0
23304,252.0,134.0,118.0,149.0
23305,241.0,228.0,126.0,146.0
23306,270.0,257.0,157.0,155.0
23307,227.0,97.0,131.0,117.0
23308,260.0,226.0,137.0,144.0
23309,254.0,234.0,148.0,137.0
23310,262.0,96.0,138.0,147.0
23311,259.0,128.0,155.0,137.0
23312,269.0,236.0,140.0,137.0
23313,251.0,26.0,132.0,141.0
23314,257.0,251.0,152.0,158.0
23315,236.0,204.0,131.0,121.0
23316,254.0,109.0,137.0,142.0
23317,233.0,111.0,135.0,135.0
23318,252.0,144.0,152.0,133.0
23319,275.0,128.0,151.0,157.0
23320,251.0,246.0,148.0,152.0
23321,247.0,245.0,150.0,136.0
23322,251.0,129.0,146.0,136.0
23323,271.0,109.0,152.0,148.0
23324,257.0,149.0,136.0,141.0
23325,264.0,114.0,152.0,148.0
23326,247.0,227.0,155.0,131.0
23327,251.0,66.0,131.0,139.0
23328,241.0,130.0,144.0,127.0
23329,282.0,217.0,158.0,175.0
23330,262.0,95.0,137.0,140.0
23331,209.0,89.0,116.0,114.0
23332,248.0,91.0,153.0,137.0
23333,251.0,97.0,137.0,137.0
23334,249.0,223.0,125.0,141.0
23335,236.0,83.0,135.0,117.0
23336,268.0,87.0,146.0,160.0
23337,257.0,69.0,137.0,142.0
23338,255.0,210.0,146.0,147.0
23339,246.0,136.0,141.0,131.0
23340,248.0,104.0,150.0,140.0
23341,246.0,112.0,123.0,147.0
23342,268.0,156.0,163.0,154.0
23343,235.0,101.0,136.0,132.0
23344,272.0,184.0,158.0,149.0
23345,248.0,110.0,145.0,142.0
23346,254.0,243.0,145.0,140.0
23347,258.0,154.0,152.0,134.0
23348,216.0,99.0,131.0,109.0
23349,248.0,102.0,144.0,144.0
23350,261.0,116.0,145.0,134.0
23351,253.0,138.0,133.0,145.0
23352,256.0,120.0,136.0,141.0
23353,240.0,93.0,139.0,139.0
23354,254.0,130.0,124.0,147.0
23355,271.0,245.0,162.0,156.0
23356,244.0,214.0,130.0,138.0
23357,236.0,198.0,120.0,124.0
23358,258.0,152.0,131.0,146.0
23359,257.0,232.0,146.0,148.0
23360,255.0,95.0,149.0,139.0
23361,263.0,123.0,134.0,149.0
23362,234.0,103.0,121.0,144.0
23363,256.0,217.0,135.0,141.0
23364,269.0,115.0,146.0,148.0
23365,255.0,214.0,144.0,153.0
23366,260.0,95.0,156.0,150.0
23367,253.0,209.0,148.0,160.0
23368,276.0,232.0,142.0,150.0
23369,259.0,104.0,153.0,140.0
23370,230.0,79.0,146.0,131.0
23371,275.0,137.0,157.0,151.0
23372,250.0,196.0,149.0,138.0
23373,275.0,137.0,171.0,160.0
23374,258.0,153.0,148.0,143.0
23375,246.0,197.0,140.0,124.0
23376,248.0,117.0,133.0,136.0
23377,228.0,83.0,127.0,124.0
23378,229.0,94.0,135.0,121.0
23379,266.0,221.0,165.0,145.0
23380,256.0,216.0,144.0,142.0
23381,258.0,122.0,153.0,148.0
23382,262.0,256.0,155.0,154.0
23383,270.0,223.0,145.0,148.0
23384,233.0,159.0,127.0,131.0
23385,254.0,108.0,139.0,139.0
23386,269.0,112.0,139.0,155.0
23387,248.0,74.0,132.0,138.0
23388,258.0,123.0,142.0,142.0
23389,269.0,231.0,151.0,138.0
23390,276.0,99.0,172.0,148.0
23391,229.0,91.0,133.0,132.0
23392,234.0,108.0,131.0,141.0
23393,237.0,118.0,122.0,134.0
23394,254.0,143.0,131.0,139.0
23395,240.0,113.0,139.0,132.0
23396,268.0,112.0,152.0,146.0
23397,267.0,144.0,144.0,145.0
23398,244.0,114.0,134.0,135.0
23399,239.0,88.0,120.0,127.0
23400,239.0,92.0,128.0,145.0
23401,254.0,101.0,135.0,128.0
23402,243.0,99.0,142.0,136.0
23403,244.0,222.0,118.0,137.0
23404,253.0,120.0,127.0,150.0
23405,253.0,222.0,141.0,129.0
23406,272.0,246.0,132.0,163.0
23407,265.0,107.0,146.0,157.0
23408,241.0,97.0,139.0,132.0
23409,254.0,217.0,151.0,151.0
23410,246.0,120.0,121.0,145.0
23411,248.0,217.0,141.0,142.0
23412,247.0,119.0,130.0,134.0
23413,277.0,157.0,150.0,171.0
23414,247.0,213.0,144.0,138.0
23415,237.0,122.0,135.0,133.0
23416,251.0,134.0,136.0,141.0
23417,234.0,133.0,127.0,134.0
23418,281.0,236.0,168.0,144.0
23419,248.0,91.0,127.0,136.0
23420,254.0,227.0,138.0,146.0
23421,258.0,132.0,138.0,150.0
23422,229.0,84.0,124.0,132.0
23423,257.0,78.0,132.0,145.0
23424,247.0,149.0,153.0,140.0
23425,219.0,59.0,130.0,119.0
23426,254.0,125.0,136.0,152.0
23427,261.0,75.0,155.0,135.0
23428,233.0,73.0,126.0,125.0
23429,239.0,200.0,124.0,137.0
23430,233.0,151.0,131.0,120.0
23431,254.0,144.0,137.0,149.0
23432,248.0,82.0,156.0,137.0
23433,256.0,246.0,128.0,136.0
23434,264.0,95.0,162.0,149.0
23435,228.0,103.0,121.0,127.0
23436,253.0,100.0,153.0,143.0
23437,225.0,111.0,123.0,128.0
23438,247.0,98.0,123.0,141.0
23439,238.0,124.0,133.0,130.0
23440,223.0,101.0,126.0,137.0
23441,245.0,159.0,129.0,149.0
23442,218.0,137.0,118.0,118.0
23443,236.0,158.0,131.0,137.0
23444,246.0,227.0,145.0,155.0
23445,259.0,148.0,129.0,149.0
23446,242.0,110.0,132.0,122.0
23447,245.0,100.0,133.0,130.0
23448,231.0,106.0,146.0,138.0
23449,240.0,121.0,137.0,130.0
23450,251.0,228.0,143.0,149.0
23451,238.0,109.0,137.0,133.0
23452,230.0,140.0,130.0,121.0
23453,246.0,168.0,141.0,137.0
23454,230.0,118.0,114.0,131.0
23455,236.0,225.0,132.0,147.0
23456,226.0,215.0,133.0,125.0
23457,237.0,236.0,118.0,142.0
23458,256.0,100.0,124.0,147.0
23459,256.0,108.0,146.0,174.0
23460,227.0,206.0,147.0,128.0
23461,274.0,108.0,145.0,149.0
23462,257.0,96.0,137.0,146.0
23463,261.0,113.0,146.0,146.0
23464,233.0,82.0,119.0,132.0
23465,274.0,264.0,163.0,147.0
23466,274.0,105.0,164.0,167.0
23467,279.0,246.0,152.0,145.0
23468,277.0,232.0,154.0,166.0
23469,275.0,247.0,142.0,139.0
23470,258.0,127.0,150.0,149.0
23471,242.0,146.0,139.0,131.0
23472,246.0,218.0,117.0,125.0
23473,260.0,92.0,147.0,134.0
23474,228.0,91.0,124.0,125.0
23475,243.0,235.0,144.0,143.0
23476,269.0,255.0,166.0,156.0
23477,259.0,118.0,151.0,149.0
23478,240.0,200.0,136.0,130.0
23479,254.0,105.0,145.0,133.0
23480,268.0,99.0,144.0,148.0
23481,258.0,135.0,140.0,156.0
23482,230.0,204.0,117.0,126.0
23483,241.0,204.0,122.0,132.0
23484,243.0,125.0,137.0,134.0
23485,266.0,123.0,145.0,142.0
23486,253.0,100.0,140.0,148.0
23487,251.0,207.0,148.0,134.0
23488,256.0,104.0,134.0,144.0
23489,265.0,84.0,150.0,159.0
23490,243.0,101.0,138.0,138.0
23491,244.0,112.0,146.0,133.0
23492,247.0,100.0,134.0,138.0
23493,230.0,75.0,134.0,135.0
23494,254.0,227.0,146.0,147.0
23495,249.0,218.0,139.0,120.0
23496,228.0,91.0,134.0,149.0
23497,244.0,153.0,147.0,147.0
23498,269.0,89.0,163.0,169.0
23499,233.0,115.0,130.0,127.0
23500,278.0,115.0,170.0,162.0
23501,251.0,221.0,154.0,130.0
23502,247.0,96.0,149.0,134.0
23503,261.0,165.0,152.0,155.0
23504,242.0,212.0,144.0,148.0
23505,265.0,121.0,161.0,148.0
23506,258.0,85.0,134.0,155.0
23507,262.0,104.0,150.0,147.0
23508,259.0,92.0,134.0,147.0
23509,251.0,207.0,153.0,141.0
23510,266.0,83.0,146.0,146.0
23511,251.0,145.0,136.0,132.0
23512,268.0,52.0,139.0,141.0
23513,245.0,154.0,126.0,141.0
23514,246.0,206.0,123.0,151.0
23515,274.0,132.0,147.0,163.0
23516,272.0,146.0,155.0,152.0
23517,232.0,129.0,137.0,136.0
23518,247.0,90.0,145.0,123.0
23519,246.0,228.0,138.0,137.0
23520,257.0,201.0,119.0,147.0
23521,256.0,217.0,153.0,149.0
23522,244.0,206.0,136.0,134.0
23523,240.0,106.0,136.0,138.0
23524,250.0,136.0,134.0,127.0
23525,262.0,112.0,130.0,156.0
23526,243.0,171.0,148.0,138.0
23527,244.0,206.0,126.0,158.0
23528,232.0,132.0,120.0,136.0
23529,252.0,136.0,133.0,152.0
23530,239.0,204.0,111.0,148.0
23531,266.0,171.0,158.0,152.0
23532,240.0,128.0,117.0,141.0
23533,262.0,92.0,142.0,150.0
23534,244.0,213.0,126.0,144.0
23535,238.0,219.0,129.0,129.0
23536,225.0,80.0,122.0,131.0
23537,259.0,124.0,161.0,143.0
23538,239.0,115.0,152.0,149.0
23539,248.0,66.0,141.0,132.0
23540,237.0,104.0,138.0,141.0
23541,240.0,199.0,141.0,129.0
23542,243.0,217.0,133.0,145.0
23543,243.0,82.0,139.0,144.0
23544,260.0,249.0,139.0,141.0
23545,261.0,114.0,150.0,138.0
23546,251.0,126.0,155.0,153.0
23547,275.0,203.0,142.0,150.0
23548,227.0,80.0,122.0,133.0
23549,230.0,100.0,120.0,132.0
23550,233.0,194.0,125.0,127.0
23551,263.0,72.0,140.0,154.0
23552,238.0,216.0,138.0,118.0
23553,237.0,97.0,140.0,124.0
23554,236.0,186.0,126.0,138.0
23555,256.0,128.0,138.0,148.0
23556,249.0,111.0,132.0,141.0
23557,264.0,110.0,143.0,157.0
23558,239.0,105.0,135.0,144.0
23559,222.0,116.0,133.0,115.0
23560,255.0,223.0,153.0,131.0
23561,261.0,113.0,150.0,151.0
23562,234.0,202.0,133.0,141.0
23563,236.0,140.0,131.0,131.0
23564,244.0,97.0,129.0,134.0
23565,254.0,103.0,159.0,131.0
23566,259.0,103.0,133.0,158.0
23567,239.0,142.0,134.0,134.0
23568,238.0,203.0,134.0,136.0
23569,232.0,113.0,130.0,154.0
23570,235.0,207.0,142.0,134.0
23571,243.0,200.0,130.0,139.0
23572,247.0,227.0,133.0,117.0
23573,268.0,221.0,159.0,148.0
23574,262.0,82.0,145.0,146.0
23575,260.0,109.0,153.0,158.0
23576,238.0,234.0,130.0,119.0
23577,247.0,221.0,140.0,140.0
23578,244.0,208.0,124.0,128.0
23579,253.0,215.0,137.0,135.0
23580,258.0,219.0,148.0,147.0
23581,239.0,213.0,141.0,129.0
23582,242.0,107.0,134.0,119.0
23583,254.0,80.0,139.0,138.0
23584,241.0,191.0,136.0,146.0
23585,266.0,134.0,143.0,138.0
23586,253.0,123.0,144.0,147.0
23587,246.0,171.0,141.0,131.0
23588,271.0,268.0,152.0,146.0
23589,240.0,169.0,138.0,136.0
23590,231.0,228.0,135.0,140.0
23591,265.0,238.0,153.0,162.0
23592,255.0,140.0,143.0,143.0
23593,258.0,131.0,129.0,156.0
23594,238.0,236.0,140.0,130.0
23595,229.0,133.0,134.0,117.0
23596,268.0,128.0,148.0,161.0
23597,260.0,114.0,149.0,144.0
23598,273.0,68.0,147.0,152.0
23599,264.0,116.0,147.0,136.0
23600,240.0,107.0,128.0,132.0
23601,257.0,124.0,134.0,153.0
23602,260.0,222.0,143.0,147.0
23603,273.0,247.0,158.0,148.0
23604,264.0,87.0,143.0,156.0
23605,248.0,211.0,118.0,141.0
23606,233.0,84.0,113.0,140.0
23607,252.0,222.0,128.0,136.0
23608,255.0,137.0,147.0,158.0
23609,279.0,163.0,153.0,149.0
23610,241.0,196.0,136.0,134.0
23611,252.0,219.0,136.0,152.0
23612,272.0,238.0,155.0,179.0
23613,260.0,221.0,132.0,141.0
23614,269.0,74.0,146.0,151.0
23615,248.0,245.0,148.0,136.0
23616,258.0,138.0,152.0,144.0
23617,254.0,125.0,146.0,136.0
23618,254.0,93.0,136.0,144.0
23619,274.0,153.0,150.0,150.0
23620,269.0,96.0,154.0,160.0
23621,265.0,167.0,140.0,164.0
23622,239.0,204.0,146.0,139.0
23623,233.0,192.0,131.0,128.0
23624,234.0,114.0,123.0,129.0
23625,292.0,168.0,159.0,168.0
23626,243.0,228.0,153.0,123.0
23627,257.0,120.0,145.0,147.0
23628,253.0,111.0,137.0,143.0
23629,245.0,139.0,143.0,140.0
23630,267.0,137.0,151.0,146.0
23631,261.0,231.0,142.0,154.0
23632,274.0,232.0,143.0,155.0
23633,247.0,154.0,156.0,129.0
23634,241.0,134.0,127.0,138.0
23635,247.0,106.0,149.0,124.0
23636,232.0,85.0,124.0,121.0
23637,239.0,109.0,129.0,141.0
23638,263.0,227.0,145.0,151.0
23639,252.0,251.0,142.0,154.0
23640,250.0,160.0,134.0,135.0
23641,257.0,69.0,129.0,138.0
23642,255.0,79.0,151.0,142.0
23643,253.0,231.0,136.0,136.0
23644,229.0,93.0,122.0,131.0
23645,250.0,123.0,144.0,141.0
23646,232.0,145.0,140.0,130.0
23647,272.0,124.0,164.0,143.0
23648,247.0,118.0,148.0,124.0
23649,248.0,86.0,144.0,130.0
23650,246.0,101.0,135.0,164.0
23651,254.0,136.0,130.0,150.0
23652,279.0,121.0,153.0,159.0
23653,246.0,120.0,140.0,148.0
23654,249.0,79.0,142.0,151.0
23655,258.0,141.0,154.0,134.0
23656,236.0,107.0,131.0,137.0
23657,246.0,115.0,147.0,145.0
23658,237.0,101.0,136.0,139.0
23659,239.0,188.0,141.0,124.0
23660,264.0,132.0,155.0,155.0
23661,235.0,99.0,142.0,142.0
23662,218.0,192.0,127.0,124.0
23663,251.0,196.0,147.0,150.0
23664,251.0,82.0,137.0,153.0
23665,244.0,112.0,150.0,139.0
23666,247.0,220.0,125.0,129.0
23667,229.0,194.0,118.0,142.0
23668,257.0,222.0,156.0,140.0
23669,239.0,197.0,145.0,131.0
23670,250.0,217.0,135.0,129.0
23671,251.0,105.0,138.0,131.0
23672,258.0,146.0,141.0,136.0
23673,244.0,217.0,131.0,146.0
23674,254.0,95.0,143.0,153.0
23675,248.0,111.0,130.0,129.0
23676,250.0,218.0,158.0,148.0
23677,236.0,115.0,124.0,134.0
23678,252.0,127.0,150.0,142.0
23679,270.0,234.0,166.0,160.0
23680,263.0,255.0,156.0,162.0
23681,236.0,85.0,134.0,122.0
23682,224.0,201.0,117.0,135.0
23683,287.0,97.0,167.0,154.0
23684,230.0,92.0,125.0,127.0
23685,250.0,87.0,130.0,138.0
23686,242.0,182.0,139.0,135.0
23687,251.0,91.0,139.0,136.0
23688,263.0,167.0,154.0,146.0
23689,257.0,111.0,147.0,141.0
23690,260.0,109.0,131.0,143.0
23691,261.0,120.0,140.0,137.0
23692,236.0,133.0,130.0,127.0
23693,270.0,94.0,148.0,142.0
23694,243.0,243.0,149.0,143.0
23695,272.0,80.0,133.0,162.0
23696,257.0,77.0,139.0,145.0
23697,258.0,211.0,139.0,154.0
23698,230.0,221.0,126.0,121.0
23699,239.0,150.0,116.0,126.0
23700,216.0,103.0,114.0,136.0
23701,247.0,141.0,138.0,133.0
23702,261.0,120.0,151.0,141.0
23703,252.0,124.0,142.0,147.0
23704,255.0,216.0,156.0,144.0
23705,240.0,112.0,111.0,134.0
23706,242.0,191.0,137.0,136.0
23707,249.0,137.0,146.0,136.0
23708,247.0,198.0,137.0,134.0
23709,248.0,130.0,137.0,148.0
23710,249.0,208.0,146.0,130.0
23711,242.0,97.0,144.0,139.0
23712,233.0,108.0,124.0,137.0
23713,246.0,209.0,149.0,146.0
23714,253.0,213.0,138.0,133.0
23715,250.0,101.0,121.0,158.0
23716,251.0,234.0,128.0,157.0
23717,252.0,63.0,142.0,143.0
23718,248.0,111.0,148.0,134.0
23719,258.0,155.0,148.0,149.0
23720,258.0,219.0,144.0,149.0
23721,246.0,128.0,132.0,137.0
23722,248.0,89.0,142.0,139.0
23723,238.0,206.0,128.0,124.0
23724,250.0,230.0,129.0,143.0
23725,269.0,261.0,154.0,151.0
23726,259.0,107.0,152.0,142.0
23727,243.0,223.0,141.0,126.0
23728,268.0,216.0,141.0,137.0
23729,250.0,174.0,149.0,156.0
23730,267.0,261.0,158.0,157.0
23731,250.0,196.0,145.0,142.0
23732,226.0,188.0,127.0,115.0
23733,248.0,148.0,135.0,137.0
23734,253.0,106.0,133.0,137.0
23735,264.0,115.0,145.0,144.0
23736,255.0,131.0,148.0,148.0
23737,238.0,58.0,124.0,132.0
23738,247.0,76.0,137.0,136.0
23739,274.0,148.0,156.0,145.0
23740,271.0,136.0,165.0,153.0
23741,266.0,232.0,123.0,152.0
23742,247.0,213.0,124.0,138.0
23743,251.0,105.0,149.0,132.0
23744,215.0,87.0,134.0,126.0
23745,257.0,248.0,142.0,150.0
23746,237.0,107.0,129.0,126.0
23747,254.0,244.0,145.0,147.0
23748,255.0,137.0,147.0,147.0
23749,230.0,191.0,128.0,130.0
23750,234.0,206.0,142.0,139.0
23751,253.0,101.0,130.0,129.0
23752,244.0,237.0,137.0,141.0
23753,262.0,122.0,157.0,144.0
23754,236.0,68.0,132.0,140.0
23755,244.0,209.0,137.0,133.0
23756,280.0,101.0,148.0,154.0
23757,247.0,103.0,137.0,142.0
23758,239.0,72.0,142.0,144.0
23759,226.0,94.0,135.0,121.0
23760,255.0,134.0,137.0,149.0
23761,252.0,239.0,144.0,152.0
23762,245.0,107.0,129.0,147.0
23763,261.0,141.0,145.0,139.0
23764,245.0,62.0,148.0,155.0
23765,253.0,122.0,146.0,141.0
23766,240.0,149.0,139.0,125.0
23767,265.0,157.0,154.0,155.0
23768,251.0,209.0,155.0,141.0
23769,242.0,209.0,135.0,152.0
23770,244.0,73.0,132.0,128.0
23771,228.0,101.0,134.0,131.0
23772,269.0,145.0,145.0,146.0
23773,266.0,237.0,150.0,145.0
23774,259.0,107.0,152.0,136.0
23775,228.0,107.0,128.0,128.0
23776,257.0,99.0,148.0,144.0
23777,225.0,91.0,119.0,129.0
23778,230.0,221.0,126.0,137.0
23779,237.0,106.0,132.0,123.0
23780,266.0,220.0,154.0,156.0
23781,234.0,122.0,121.0,138.0
23782,270.0,88.0,154.0,148.0
23783,246.0,85.0,136.0,139.0
23784,243.0,199.0,141.0,143.0
23785,235.0,68.0,141.0,126.0
23786,248.0,61.0,146.0,150.0
23787,239.0,134.0,117.0,135.0
23788,241.0,137.0,133.0,129.0
23789,228.0,95.0,129.0,129.0
23790,243.0,111.0,135.0,145.0
23791,255.0,97.0,159.0,143.0
23792,253.0,125.0,152.0,161.0
23793,233.0,112.0,128.0,121.0
23794,224.0,194.0,128.0,126.0
23795,223.0,193.0,129.0,118.0
23796,234.0,94.0,137.0,127.0
23797,230.0,131.0,132.0,117.0
23798,254.0,235.0,141.0,142.0
23799,252.0,102.0,145.0,138.0
23800,240.0,104.0,144.0,138.0
23801,258.0,93.0,148.0,133.0
23802,238.0,115.0,137.0,130.0
23803,250.0,68.0,136.0,139.0
23804,239.0,103.0,137.0,129.0
23805,246.0,129.0,137.0,138.0
23806,269.0,252.0,160.0,148.0
23807,230.0,54.0,139.0,121.0
23808,238.0,109.0,132.0,135.0
23809,248.0,210.0,139.0,157.0
23810,236.0,124.0,119.0,126.0
23811,245.0,132.0,131.0,125.0
23812,232.0,81.0,131.0,131.0
23813,247.0,102.0,140.0,154.0
23814,226.0,97.0,130.0,135.0
23815,256.0,102.0,141.0,152.0
23816,241.0,109.0,141.0,123.0
23817,266.0,250.0,141.0,149.0
23818,266.0,234.0,159.0,148.0
23819,263.0,235.0,145.0,149.0
23820,254.0,117.0,148.0,133.0
23821,244.0,79.0,139.0,139.0
23822,248.0,79.0,141.0,142.0
23823,272.0,206.0,164.0,137.0
23824,253.0,124.0,137.0,143.0
23825,238.0,91.0,150.0,125.0
23826,259.0,168.0,140.0,133.0
23827,252.0,190.0,128.0,143.0
23828,264.0,178.0,139.0,152.0
23829,249.0,87.0,146.0,153.0
23830,246.0,111.0,123.0,131.0
23831,233.0,99.0,144.0,131.0
23832,238.0,229.0,153.0,132.0
23833,256.0,104.0,150.0,148.0
23834,223.0,204.0,133.0,137.0
23835,242.0,136.0,147.0,139.0
23836,243.0,211.0,124.0,142.0
23837,259.0,105.0,141.0,152.0
23838,263.0,89.0,141.0,147.0
23839,263.0,105.0,164.0,147.0
23840,248.0,72.0,145.0,121.0
23841,249.0,215.0,131.0,149.0
23842,261.0,106.0,165.0,151.0
23843,267.0,75.0,151.0,142.0
23844,258.0,248.0,155.0,145.0
23845,242.0,210.0,143.0,127.0
23846,241.0,98.0,148.0,145.0
23847,258.0,86.0,148.0,144.0
23848,261.0,228.0,135.0,144.0
23849,236.0,205.0,119.0,132.0
23850,223.0,106.0,137.0,131.0
23851,246.0,54.0,134.0,129.0
23852,255.0,229.0,148.0,126.0
23853,245.0,110.0,136.0,148.0
23854,262.0,228.0,151.0,147.0
23855,256.0,253.0,139.0,147.0
23856,261.0,259.0,153.0,149.0
23857,243.0,70.0,152.0,143.0
23858,213.0,106.0,120.0,119.0
23859,258.0,117.0,148.0,151.0
23860,258.0,127.0,144.0,144.0
23861,223.0,200.0,113.0,132.0
23862,247.0,128.0,141.0,134.0
23863,262.0,96.0,140.0,141.0
23864,258.0,162.0,155.0,145.0
23865,261.0,217.0,139.0,155.0
23866,239.0,126.0,139.0,135.0
23867,249.0,220.0,145.0,144.0
23868,261.0,122.0,155.0,133.0
23869,267.0,92.0,144.0,143.0
23870,260.0,94.0,150.0,139.0
23871,256.0,133.0,136.0,145.0
23872,263.0,216.0,162.0,142.0
23873,226.0,201.0,121.0,117.0
23874,260.0,137.0,148.0,141.0
23875,262.0,148.0,135.0,145.0
23876,232.0,195.0,130.0,144.0
23877,272.0,98.0,154.0,138.0
23878,256.0,158.0,141.0,143.0
23879,240.0,166.0,145.0,128.0
23880,247.0,95.0,134.0,147.0
23881,243.0,213.0,121.0,149.0
23882,271.0,226.0,150.0,156.0
23883,249.0,132.0,136.0,132.0
23884,249.0,125.0,145.0,143.0
23885,246.0,118.0,147.0,146.0
23886,247.0,209.0,130.0,138.0
23887,259.0,120.0,165.0,123.0
23888,238.0,124.0,118.0,130.0
23889,248.0,233.0,146.0,143.0
23890,242.0,71.0,140.0,117.0
23891,239.0,202.0,130.0,131.0
23892,212.0,175.0,121.0,122.0
23893,247.0,186.0,143.0,156.0
23894,244.0,133.0,140.0,134.0
23895,264.0,263.0,154.0,153.0
23896,260.0,226.0,162.0,125.0
23897,271.0,127.0,152.0,153.0
23898,212.0,204.0,114.0,118.0
23899,280.0,249.0,168.0,155.0
23900,263.0,124.0,141.0,153.0
23901,256.0,225.0,159.0,149.0
23902,256.0,223.0,143.0,148.0
23903,260.0,227.0,146.0,156.0
23904,230.0,81.0,127.0,130.0
23905,240.0,90.0,158.0,140.0
23906,253.0,116.0,152.0,141.0
23907,257.0,237.0,145.0,131.0
23908,262.0,140.0,145.0,133.0
23909,229.0,219.0,142.0,129.0
23910,266.0,256.0,159.0,151.0
23911,265.0,123.0,164.0,147.0
23912,216.0,182.0,118.0,123.0
23913,263.0,229.0,144.0,149.0
23914,261.0,260.0,148.0,139.0
23915,221.0,220.0,123.0,126.0
23916,246.0,145.0,144.0,159.0
23917,269.0,169.0,165.0,149.0
23918,223.0,209.0,130.0,130.0
23919,239.0,106.0,133.0,138.0
23920,260.0,217.0,138.0,150.0
23921,265.0,132.0,161.0,136.0
23922,259.0,112.0,143.0,149.0
23923,265.0,137.0,149.0,152.0
23924,273.0,247.0,148.0,149.0
23925,223.0,197.0,124.0,129.0
23926,255.0,127.0,153.0,146.0
23927,259.0,140.0,151.0,147.0
23928,260.0,208.0,127.0,139.0
23929,235.0,95.0,129.0,134.0
23930,242.0,103.0,132.0,144.0
23931,249.0,215.0,134.0,132.0
23932,254.0,106.0,138.0,139.0
23933,252.0,95.0,143.0,151.0
23934,242.0,104.0,131.0,130.0
23935,253.0,177.0,138.0,144.0
23936,265.0,131.0,128.0,139.0
23937,261.0,126.0,160.0,143.0
23938,238.0,232.0,131.0,145.0
23939,257.0,50.0,144.0,150.0
23940,256.0,226.0,137.0,150.0
23941,263.0,110.0,156.0,147.0
23942,237.0,78.0,130.0,118.0
23943,254.0,94.0,144.0,153.0
23944,226.0,123.0,140.0,132.0
23945,260.0,224.0,159.0,135.0
23946,262.0,92.0,154.0,143.0
23947,259.0,252.0,167.0,143.0
23948,261.0,123.0,149.0,148.0
23949,248.0,163.0,124.0,133.0
23950,219.0,107.0,112.0,130.0
23951,235.0,118.0,123.0,131.0
23952,245.0,207.0,137.0,159.0
23953,248.0,107.0,134.0,135.0
23954,254.0,227.0,147.0,142.0
23955,267.0,234.0,140.0,146.0
23956,256.0,223.0,129.0,131.0
23957,260.0,44.0,150.0,156.0
23958,251.0,216.0,154.0,141.0
23959,249.0,221.0,152.0,132.0
23960,284.0,90.0,156.0,143.0
23961,258.0,184.0,140.0,147.0
23962,235.0,92.0,124.0,129.0
23963,260.0,221.0,153.0,153.0
23964,264.0,225.0,159.0,150.0
23965,243.0,234.0,131.0,146.0
23966,238.0,213.0,132.0,146.0
23967,264.0,91.0,144.0,157.0
23968,225.0,195.0,126.0,133.0
23969,232.0,66.0,143.0,142.0
23970,234.0,134.0,134.0,128.0
23971,255.0,123.0,135.0,146.0
23972,260.0,116.0,125.0,151.0
23973,254.0,107.0,133.0,143.0
23974,255.0,119.0,117.0,148.0
23975,246.0,121.0,136.0,120.0
23976,252.0,143.0,150.0,129.0
23977,260.0,105.0,165.0,157.0
23978,242.0,98.0,137.0,133.0
23979,232.0,180.0,132.0,132.0
23980,247.0,203.0,145.0,132.0
23981,254.0,140.0,147.0,148.0
23982,249.0,243.0,146.0,137.0
23983,253.0,165.0,141.0,137.0
23984,225.0,186.0,115.0,125.0
23985,251.0,210.0,131.0,133.0
23986,245.0,113.0,145.0,144.0
23987,259.0,108.0,148.0,150.0
23988,251.0,86.0,156.0,139.0
23989,262.0,252.0,147.0,147.0
23990,232.0,222.0,130.0,137.0
23991,275.0,129.0,145.0,156.0
23992,258.0,117.0,139.0,147.0
23993,258.0,236.0,149.0,144.0
23994,252.0,198.0,140.0,129.0
23995,267.0,213.0,150.0,150.0
23996,243.0,233.0,132.0,160.0
23997,259.0,78.0,137.0,144.0
23998,224.0,90.0,131.0,135.0
23999,271.0,75.0,154.0,157.0
24000,266.0,223.0,141.0,140.0
24001,251.0,218.0,125.0,134.0
24002,250.0,113.0,145.0,144.0
24003,256.0,130.0,142.0,157.0
24004,265.0,234.0,150.0,157.0
24005,262.0,147.0,132.0,145.0
24006,246.0,226.0,121.0,135.0
24007,239.0,204.0,124.0,126.0
24008,237.0,207.0,139.0,136.0
24009,261.0,231.0,150.0,156.0
24010,263.0,235.0,151.0,160.0
24011,276.0,237.0,155.0,146.0
24012,248.0,158.0,138.0,132.0
24013,249.0,226.0,133.0,123.0
24014,238.0,127.0,126.0,125.0
24015,268.0,157.0,141.0,153.0
24016,243.0,84.0,131.0,140.0
24017,239.0,119.0,130.0,122.0
24018,252.0,213.0,134.0,131.0
24019,265.0,120.0,137.0,153.0
24020,269.0,138.0,155.0,160.0
24021,245.0,124.0,149.0,148.0
24022,251.0,199.0,143.0,144.0
24023,244.0,114.0,133.0,135.0
24024,257.0,203.0,135.0,134.0
24025,256.0,227.0,152.0,146.0
24026,253.0,226.0,140.0,140.0
24027,247.0,108.0,144.0,140.0
24028,233.0,112.0,140.0,117.0
24029,267.0,82.0,150.0,145.0
24030,246.0,186.0,138.0,137.0
24031,244.0,118.0,132.0,147.0
24032,256.0,70.0,156.0,151.0
24033,239.0,159.0,132.0,145.0
24034,250.0,92.0,130.0,142.0
24035,231.0,89.0,141.0,125.0
24036,234.0,86.0,139.0,139.0
24037,223.0,187.0,120.0,119.0
24038,261.0,116.0,133.0,167.0
24039,251.0,89.0,147.0,142.0
24040,277.0,103.0,159.0,162.0
24041,287.0,247.0,155.0,176.0
24042,255.0,122.0,141.0,140.0
24043,229.0,91.0,124.0,124.0
24044,274.0,242.0,153.0,146.0
24045,213.0,198.0,117.0,117.0
24046,252.0,108.0,142.0,132.0
24047,260.0,232.0,143.0,154.0
24048,260.0,108.0,148.0,128.0
24049,254.0,135.0,126.0,138.0
24050,273.0,123.0,170.0,164.0
24051,271.0,251.0,136.0,154.0
24052,253.0,101.0,146.0,140.0
24053,235.0,209.0,108.0,138.0
24054,247.0,89.0,139.0,149.0
24055,284.0,162.0,156.0,160.0
24056,261.0,213.0,141.0,136.0
24057,248.0,125.0,142.0,144.0
24058,254.0,143.0,145.0,145.0
24059,252.0,90.0,130.0,148.0
24060,247.0,203.0,135.0,136.0
24061,255.0,81.0,139.0,137.0
24062,254.0,226.0,143.0,140.0
24063,246.0,116.0,135.0,140.0
24064,251.0,213.0,143.0,128.0
24065,249.0,210.0,144.0,151.0
24066,275.0,243.0,141.0,144.0
24067,258.0,114.0,149.0,142.0
24068,245.0,124.0,136.0,133.0
24069,268.0,225.0,140.0,150.0
24070,260.0,102.0,140.0,133.0
24071,235.0,59.0,130.0,132.0
24072,263.0,50.0,155.0,158.0
24073,242.0,208.0,138.0,138.0
24074,254.0,108.0,158.0,136.0
24075,240.0,236.0,139.0,140.0
24076,241.0,186.0,143.0,127.0
24077,245.0,189.0,141.0,142.0
24078,257.0,81.0,156.0,148.0
24079,253.0,208.0,141.0,125.0
24080,259.0,228.0,145.0,149.0
24081,279.0,139.0,169.0,163.0
24082,239.0,150.0,138.0,140.0
24083,242.0,223.0,149.0,138.0
24084,236.0,217.0,144.0,140.0
24085,256.0,224.0,142.0,145.0
24086,273.0,228.0,159.0,150.0
24087,248.0,95.0,141.0,139.0
24088,245.0,159.0,144.0,142.0
24089,253.0,100.0,133.0,140.0
24090,247.0,209.0,144.0,129.0
24091,240.0,152.0,141.0,135.0
24092,259.0,185.0,131.0,128.0
24093,265.0,172.0,156.0,149.0
24094,257.0,115.0,129.0,137.0
24095,222.0,219.0,137.0,126.0
24096,221.0,150.0,116.0,114.0
24097,249.0,94.0,134.0,138.0
24098,232.0,85.0,135.0,125.0
24099,266.0,109.0,140.0,155.0
24100,248.0,216.0,141.0,140.0
24101,251.0,102.0,147.0,148.0
24102,237.0,112.0,133.0,136.0
24103,250.0,242.0,143.0,139.0
24104,256.0,224.0,139.0,137.0
24105,226.0,189.0,147.0,124.0
24106,265.0,107.0,145.0,146.0
24107,249.0,224.0,136.0,142.0
24108,262.0,126.0,136.0,137.0
24109,239.0,117.0,142.0,122.0
24110,239.0,124.0,122.0,146.0
24111,227.0,217.0,131.0,123.0
24112,248.0,217.0,134.0,131.0
24113,255.0,224.0,145.0,144.0
24114,239.0,227.0,140.0,135.0
24115,232.0,220.0,117.0,128.0
24116,254.0,116.0,154.0,137.0
24117,249.0,211.0,134.0,139.0
24118,264.0,226.0,151.0,145.0
24119,247.0,244.0,143.0,142.0
24120,252.0,129.0,131.0,144.0
24121,258.0,125.0,148.0,151.0
24122,244.0,209.0,146.0,122.0
24123,253.0,217.0,146.0,146.0
24124,235.0,110.0,126.0,127.0
24125,259.0,124.0,149.0,153.0
24126,264.0,167.0,134.0,159.0
24127,265.0,235.0,129.0,154.0
24128,252.0,249.0,142.0,142.0
24129,256.0,104.0,145.0,142.0
24130,231.0,98.0,126.0,116.0
24131,229.0,197.0,134.0,125.0
24132,220.0,96.0,126.0,118.0
24133,249.0,106.0,140.0,120.0
24134,244.0,80.0,143.0,118.0
24135,238.0,233.0,149.0,131.0
24136,256.0,251.0,148.0,158.0
24137,252.0,129.0,133.0,133.0
24138,245.0,118.0,152.0,136.0
24139,285.0,116.0,152.0,169.0
24140,253.0,139.0,146.0,129.0
24141,238.0,90.0,139.0,126.0
24142,280.0,121.0,147.0,147.0
24143,248.0,248.0,151.0,151.0
24144,230.0,112.0,123.0,129.0
24145,261.0,249.0,151.0,152.0
24146,254.0,221.0,152.0,148.0
24147,264.0,136.0,161.0,139.0
24148,265.0,154.0,142.0,145.0
24149,256.0,70.0,138.0,150.0
24150,250.0,93.0,150.0,141.0
24151,259.0,101.0,142.0,148.0
24152,234.0,107.0,133.0,133.0
24153,288.0,113.0,168.0,183.0
24154,228.0,113.0,147.0,128.0
24155,243.0,208.0,136.0,129.0
24156,250.0,206.0,142.0,129.0
24157,255.0,103.0,150.0,150.0
24158,260.0,252.0,148.0,147.0
24159,230.0,121.0,134.0,124.0
24160,256.0,112.0,139.0,143.0
24161,256.0,213.0,139.0,144.0
24162,241.0,82.0,132.0,134.0
24163,238.0,96.0,137.0,138.0
24164,236.0,144.0,134.0,142.0
24165,250.0,241.0,139.0,137.0
24166,257.0,125.0,144.0,148.0
24167,249.0,215.0,134.0,145.0
24168,222.0,122.0,129.0,125.0
24169,260.0,159.0,148.0,145.0
24170,269.0,228.0,132.0,158.0
24171,263.0,222.0,172.0,129.0
24172,266.0,111.0,159.0,158.0
24173,272.0,134.0,153.0,159.0
24174,255.0,163.0,145.0,139.0
24175,261.0,239.0,164.0,144.0
24176,263.0,240.0,138.0,141.0
24177,250.0,213.0,138.0,138.0
24178,235.0,188.0,125.0,130.0
24179,270.0,264.0,163.0,158.0
24180,270.0,154.0,150.0,147.0
24181,212.0,91.0,105.0,111.0
24182,247.0,111.0,149.0,138.0
24183,229.0,110.0,129.0,134.0
24184,241.0,100.0,131.0,150.0
24185,274.0,139.0,145.0,145.0
24186,245.0,66.0,125.0,129.0
24187,282.0,131.0,160.0,167.0
24188,274.0,96.0,156.0,150.0
24189,260.0,227.0,142.0,156.0
24190,281.0,153.0,145.0,141.0
24191,234.0,98.0,125.0,126.0
24192,271.0,151.0,172.0,161.0
24193,220.0,127.0,107.0,119.0
24194,256.0,240.0,173.0,133.0
24195,246.0,136.0,135.0,129.0
24196,271.0,178.0,143.0,156.0
24197,254.0,226.0,146.0,132.0
24198,214.0,82.0,115.0,120.0
24199,268.0,104.0,139.0,142.0
24200,220.0,192.0,126.0,124.0
24201,249.0,115.0,145.0,131.0
24202,237.0,226.0,127.0,122.0
24203,236.0,113.0,128.0,147.0
24204,243.0,211.0,134.0,139.0
24205,237.0,127.0,134.0,136.0
24206,244.0,126.0,145.0,141.0
24207,253.0,100.0,140.0,153.0
24208,224.0,91.0,125.0,103.0
24209,250.0,99.0,116.0,145.0
24210,235.0,71.0,133.0,140.0
24211,249.0,86.0,132.0,145.0
24212,236.0,169.0,140.0,129.0
24213,236.0,98.0,138.0,127.0
24214,250.0,147.0,123.0,141.0
24215,252.0,241.0,151.0,146.0
24216,243.0,64.0,120.0,131.0
24217,246.0,216.0,142.0,135.0
24218,254.0,213.0,152.0,139.0
24219,249.0,216.0,144.0,131.0
24220,243.0,110.0,130.0,139.0
24221,259.0,242.0,155.0,153.0
24222,235.0,208.0,150.0,116.0
24223,278.0,177.0,151.0,146.0
24224,279.0,217.0,164.0,164.0
24225,270.0,101.0,142.0,149.0
24226,239.0,152.0,132.0,126.0
24227,265.0,169.0,151.0,163.0
24228,244.0,96.0,143.0,143.0
24229,250.0,92.0,143.0,146.0
24230,248.0,132.0,140.0,134.0
24231,242.0,81.0,162.0,141.0
24232,248.0,78.0,146.0,137.0
24233,240.0,100.0,120.0,131.0
24234,239.0,104.0,129.0,138.0
24235,260.0,103.0,143.0,145.0
24236,238.0,126.0,134.0,130.0
24237,260.0,114.0,137.0,133.0
24238,229.0,142.0,120.0,135.0
24239,250.0,242.0,144.0,141.0
24240,242.0,225.0,151.0,149.0
24241,230.0,199.0,152.0,119.0
24242,260.0,108.0,153.0,145.0
24243,264.0,90.0,139.0,155.0
24244,242.0,237.0,143.0,142.0
24245,242.0,108.0,129.0,148.0
24246,265.0,90.0,139.0,145.0
24247,242.0,136.0,137.0,140.0
24248,268.0,138.0,141.0,154.0
24249,280.0,90.0,161.0,146.0
24250,252.0,218.0,131.0,142.0
24251,257.0,102.0,148.0,152.0
24252,251.0,112.0,129.0,127.0
24253,269.0,114.0,155.0,162.0
24254,257.0,220.0,136.0,129.0
24255,245.0,114.0,150.0,145.0
24256,258.0,92.0,153.0,161.0
24257,246.0,127.0,124.0,142.0
24258,256.0,145.0,142.0,138.0
24259,252.0,103.0,148.0,134.0
24260,281.0,92.0,150.0,159.0
24261,248.0,216.0,136.0,147.0
24262,246.0,88.0,137.0,137.0
24263,254.0,84.0,144.0,137.0
24264,250.0,125.0,156.0,149.0
24265,242.0,95.0,147.0,133.0
24266,244.0,151.0,132.0,136.0
24267,234.0,201.0,127.0,131.0
24268,238.0,99.0,121.0,135.0
24269,246.0,217.0,138.0,134.0
24270,257.0,161.0,146.0,152.0
24271,242.0,124.0,139.0,128.0
24272,253.0,250.0,145.0,156.0
24273,243.0,240.0,137.0,144.0
24274,241.0,123.0,141.0,146.0
24275,240.0,107.0,130.0,134.0
24276,257.0,64.0,147.0,137.0
24277,262.0,124.0,147.0,145.0
24278,234.0,176.0,132.0,131.0
24279,261.0,224.0,154.0,136.0
24280,255.0,99.0,142.0,163.0
24281,255.0,53.0,144.0,137.0
24282,249.0,107.0,134.0,134.0
24283,247.0,230.0,131.0,141.0
24284,251.0,86.0,143.0,125.0
24285,265.0,157.0,142.0,146.0
24286,252.0,148.0,152.0,143.0
24287,282.0,273.0,166.0,164.0
24288,255.0,246.0,134.0,155.0
24289,234.0,132.0,146.0,126.0
24290,254.0,165.0,141.0,147.0
24291,268.0,106.0,147.0,143.0
24292,268.0,92.0,157.0,142.0
24293,251.0,247.0,150.0,152.0
24294,277.0,273.0,157.0,168.0
24295,251.0,81.0,139.0,141.0
24296,259.0,175.0,139.0,147.0
24297,272.0,227.0,141.0,162.0
24298,230.0,84.0,131.0,126.0
24299,237.0,123.0,141.0,148.0
24300,243.0,223.0,141.0,148.0
24301,240.0,146.0,139.0,131.0
24302,271.0,114.0,152.0,157.0
24303,213.0,184.0,131.0,118.0
24304,256.0,233.0,139.0,137.0
24305,242.0,94.0,140.0,120.0
24306,268.0,131.0,153.0,155.0
24307,266.0,232.0,136.0,143.0
24308,259.0,222.0,148.0,145.0
24309,239.0,135.0,129.0,145.0
24310,234.0,126.0,114.0,131.0
24311,249.0,120.0,158.0,137.0
24312,244.0,233.0,132.0,138.0
24313,271.0,135.0,150.0,142.0
24314,245.0,210.0,143.0,127.0
24315,269.0,59.0,155.0,145.0
24316,254.0,203.0,148.0,155.0
24317,253.0,202.0,136.0,160.0
24318,271.0,236.0,159.0,159.0
24319,242.0,210.0,121.0,126.0
24320,233.0,94.0,128.0,141.0
24321,260.0,233.0,139.0,152.0
24322,263.0,116.0,143.0,168.0
24323,265.0,107.0,155.0,158.0
24324,232.0,117.0,136.0,116.0
24325,260.0,74.0,161.0,142.0
24326,243.0,98.0,142.0,118.0
24327,255.0,105.0,137.0,150.0
24328,266.0,229.0,144.0,139.0
24329,252.0,215.0,136.0,144.0
24330,259.0,234.0,157.0,154.0
24331,245.0,110.0,163.0,135.0
24332,249.0,40.0,160.0,145.0
24333,231.0,186.0,124.0,142.0
24334,234.0,104.0,132.0,134.0
24335,261.0,107.0,140.0,152.0
24336,237.0,123.0,135.0,135.0
24337,241.0,94.0,130.0,137.0
24338,230.0,133.0,140.0,119.0
24339,235.0,105.0,135.0,135.0
24340,248.0,115.0,145.0,142.0
24341,258.0,162.0,156.0,147.0
24342,273.0,229.0,147.0,146.0
24343,269.0,81.0,154.0,144.0
24344,239.0,207.0,132.0,129.0
24345,243.0,223.0,138.0,132.0
24346,252.0,76.0,149.0,132.0
24347,255.0,221.0,151.0,131.0
24348,256.0,108.0,146.0,130.0
24349,231.0,73.0,122.0,136.0
24350,230.0,229.0,147.0,119.0
24351,252.0,116.0,134.0,152.0
24352,245.0,87.0,127.0,121.0
24353,240.0,142.0,138.0,134.0
24354,252.0,223.0,139.0,145.0
24355,227.0,134.0,126.0,117.0
24356,244.0,135.0,126.0,133.0
24357,245.0,119.0,137.0,150.0
24358,265.0,252.0,150.0,158.0
24359,261.0,226.0,175.0,141.0
24360,264.0,229.0,156.0,146.0
24361,269.0,176.0,161.0,138.0
24362,269.0,115.0,147.0,158.0
24363,257.0,149.0,137.0,148.0
24364,249.0,208.0,135.0,140.0
24365,276.0,128.0,170.0,143.0
24366,228.0,193.0,140.0,119.0
24367,243.0,95.0,135.0,126.0
24368,238.0,209.0,120.0,139.0
24369,223.0,102.0,119.0,127.0
24370,247.0,75.0,133.0,140.0
24371,241.0,155.0,149.0,121.0
24372,276.0,128.0,156.0,138.0
24373,238.0,188.0,127.0,130.0
24374,260.0,126.0,144.0,140.0
24375,236.0,108.0,123.0,121.0
24376,235.0,137.0,146.0,129.0
24377,251.0,158.0,140.0,151.0
24378,262.0,228.0,132.0,161.0
24379,239.0,103.0,123.0,130.0
24380,270.0,102.0,141.0,152.0
24381,243.0,237.0,149.0,147.0
24382,256.0,250.0,151.0,140.0
24383,257.0,81.0,141.0,140.0
24384,251.0,209.0,133.0,143.0
24385,255.0,217.0,140.0,144.0
24386,222.0,136.0,122.0,118.0
24387,239.0,89.0,120.0,134.0
24388,229.0,199.0,132.0,136.0
24389,276.0,166.0,153.0,150.0
24390,267.0,130.0,154.0,149.0
24391,266.0,106.0,158.0,148.0
24392,272.0,124.0,165.0,145.0
24393,250.0,244.0,140.0,130.0
24394,237.0,112.0,123.0,117.0
24395,259.0,107.0,137.0,150.0
24396,257.0,132.0,138.0,149.0
24397,272.0,269.0,147.0,153.0
24398,238.0,235.0,136.0,144.0
24399,244.0,115.0,142.0,132.0
24400,254.0,253.0,144.0,146.0
24401,224.0,185.0,122.0,127.0
24402,250.0,89.0,150.0,147.0
24403,236.0,187.0,145.0,124.0
24404,244.0,197.0,146.0,127.0
24405,247.0,123.0,149.0,150.0
24406,222.0,85.0,121.0,119.0
24407,251.0,183.0,135.0,136.0
24408,261.0,106.0,152.0,138.0
24409,234.0,117.0,140.0,128.0
24410,260.0,142.0,132.0,154.0
24411,257.0,44.0,155.0,144.0
24412,243.0,205.0,137.0,136.0
24413,263.0,94.0,143.0,154.0
24414,262.0,229.0,149.0,159.0
24415,260.0,146.0,145.0,138.0
24416,235.0,99.0,126.0,142.0
24417,252.0,216.0,134.0,139.0
24418,245.0,201.0,139.0,140.0
24419,237.0,125.0,124.0,130.0
24420,241.0,89.0,147.0,137.0
24421,248.0,75.0,134.0,142.0
24422,241.0,105.0,141.0,137.0
24423,254.0,234.0,165.0,160.0
24424,262.0,227.0,148.0,142.0
24425,240.0,94.0,122.0,122.0
24426,259.0,86.0,141.0,145.0
24427,254.0,85.0,142.0,142.0
24428,285.0,88.0,173.0,161.0
24429,241.0,108.0,140.0,137.0
24430,225.0,129.0,119.0,132.0
24431,260.0,129.0,147.0,148.0
24432,221.0,98.0,129.0,123.0
24433,236.0,108.0,111.0,130.0
24434,228.0,218.0,127.0,127.0
24435,271.0,123.0,154.0,156.0
24436,252.0,90.0,157.0,139.0
24437,259.0,117.0,131.0,139.0
24438,241.0,107.0,143.0,134.0
24439,254.0,142.0,156.0,138.0
24440,250.0,210.0,144.0,145.0
24441,217.0,216.0,123.0,132.0
24442,245.0,244.0,146.0,141.0
24443,273.0,179.0,159.0,136.0
24444,257.0,220.0,147.0,136.0
24445,249.0,241.0,145.0,151.0
24446,278.0,68.0,154.0,156.0
24447,221.0,92.0,119.0,116.0
24448,255.0,134.0,153.0,153.0
24449,233.0,200.0,132.0,130.0
24450,237.0,119.0,127.0,133.0
24451,261.0,106.0,142.0,128.0
24452,245.0,225.0,140.0,141.0
24453,234.0,196.0,130.0,126.0
24454,259.0,135.0,159.0,147.0
24455,229.0,119.0,129.0,129.0
24456,252.0,150.0,148.0,143.0
24457,261.0,80.0,144.0,148.0
24458,230.0,101.0,133.0,124.0
24459,236.0,88.0,122.0,129.0
24460,239.0,94.0,142.0,137.0
24461,244.0,235.0,144.0,145.0
24462,275.0,109.0,155.0,163.0
24463,280.0,110.0,147.0,157.0
24464,234.0,208.0,125.0,132.0
24465,250.0,211.0,142.0,135.0
24466,236.0,76.0,129.0,150.0
24467,249.0,99.0,127.0,156.0
24468,255.0,148.0,145.0,144.0
24469,237.0,73.0,130.0,137.0
24470,223.0,104.0,133.0,136.0
24471,236.0,141.0,131.0,130.0
24472,239.0,163.0,124.0,130.0
24473,241.0,119.0,131.0,132.0
24474,237.0,61.0,118.0,132.0
24475,241.0,216.0,143.0,132.0
24476,253.0,119.0,140.0,144.0
24477,227.0,117.0,145.0,128.0
24478,233.0,194.0,119.0,131.0
24479,249.0,124.0,134.0,131.0
24480,254.0,79.0,144.0,129.0
24481,266.0,225.0,132.0,157.0
24482,236.0,118.0,131.0,125.0
24483,264.0,255.0,156.0,153.0
24484,259.0,162.0,149.0,147.0
24485,241.0,78.0,129.0,139.0
24486,227.0,113.0,134.0,134.0
24487,242.0,92.0,122.0,129.0
24488,278.0,153.0,156.0,150.0
24489,244.0,237.0,125.0,127.0
24490,239.0,64.0,133.0,132.0
24491,257.0,131.0,132.0,149.0
24492,264.0,93.0,141.0,142.0
24493,272.0,152.0,148.0,153.0
24494,257.0,106.0,139.0,143.0
24495,238.0,196.0,134.0,149.0
24496,244.0,130.0,140.0,145.0
24497,253.0,219.0,144.0,148.0
24498,234.0,199.0,152.0,137.0
24499,244.0,218.0,141.0,142.0
24500,267.0,169.0,143.0,163.0
24501,263.0,171.0,144.0,153.0
24502,254.0,103.0,153.0,142.0
24503,261.0,181.0,164.0,142.0
24504,216.0,200.0,103.0,116.0
24505,288.0,153.0,158.0,163.0
24506,222.0,206.0,120.0,128.0
24507,252.0,98.0,133.0,144.0
24508,232.0,82.0,126.0,128.0
24509,250.0,99.0,133.0,140.0
24510,236.0,133.0,140.0,137.0
24511,252.0,101.0,137.0,143.0
24512,239.0,90.0,133.0,130.0
24513,264.0,94.0,149.0,145.0
24514,248.0,123.0,141.0,144.0
24515,236.0,78.0,131.0,131.0
24516,246.0,220.0,128.0,141.0
24517,273.0,246.0,163.0,151.0
24518,239.0,156.0,136.0,140.0
24519,251.0,136.0,137.0,144.0
24520,217.0,98.0,113.0,127.0
24521,245.0,84.0,132.0,142.0
24522,242.0,87.0,135.0,133.0
24523,242.0,204.0,137.0,143.0
24524,234.0,212.0,133.0,138.0
24525,255.0,177.0,145.0,153.0
24526,244.0,112.0,143.0,129.0
24527,232.0,104.0,130.0,125.0
24528,241.0,202.0,146.0,133.0
24529,251.0,201.0,159.0,154.0
24530,254.0,123.0,130.0,136.0
24531,256.0,102.0,130.0,131.0
24532,270.0,246.0,145.0,143.0
24533,255.0,106.0,150.0,130.0
24534,209.0,102.0,103.0,118.0
24535,242.0,66.0,132.0,134.0
24536,270.0,154.0,153.0,148.0
24537,259.0,115.0,148.0,140.0
24538,256.0,212.0,138.0,153.0
24539,243.0,109.0,129.0,149.0
24540,250.0,226.0,130.0,145.0
24541,268.0,103.0,147.0,153.0
24542,272.0,256.0,150.0,148.0
24543,268.0,127.0,137.0,154.0
24544,230.0,84.0,122.0,132.0
24545,236.0,205.0,127.0,142.0
24546,276.0,129.0,161.0,174.0
24547,251.0,96.0,139.0,155.0
24548,259.0,90.0,152.0,154.0
24549,231.0,193.0,134.0,129.0
24550,274.0,103.0,154.0,161.0
24551,237.0,140.0,124.0,141.0
24552,243.0,195.0,131.0,128.0
24553,265.0,89.0,145.0,153.0
24554,232.0,227.0,138.0,133.0
24555,248.0,95.0,145.0,127.0
24556,254.0,229.0,152.0,123.0
24557,268.0,198.0,148.0,144.0
24558,245.0,112.0,143.0,131.0
24559,260.0,88.0,148.0,141.0
24560,276.0,221.0,151.0,163.0
24561,252.0,92.0,134.0,136.0
24562,257.0,119.0,135.0,131.0
24563,257.0,148.0,149.0,148.0
24564,246.0,100.0,133.0,129.0
24565,263.0,221.0,153.0,157.0
24566,272.0,241.0,140.0,153.0
24567,268.0,88.0,158.0,162.0
24568,247.0,124.0,147.0,137.0
24569,234.0,195.0,136.0,125.0
24570,247.0,221.0,132.0,151.0
24571,259.0,229.0,165.0,155.0
24572,240.0,236.0,120.0,126.0
24573,245.0,228.0,121.0,146.0
24574,261.0,244.0,144.0,146.0
24575,260.0,145.0,155.0,147.0
24576,232.0,167.0,142.0,123.0
24577,255.0,126.0,134.0,158.0
24578,242.0,151.0,140.0,129.0
24579,245.0,106.0,127.0,137.0
24580,273.0,224.0,137.0,162.0
24581,272.0,107.0,141.0,157.0
24582,223.0,133.0,120.0,114.0
24583,248.0,227.0,144.0,139.0
24584,260.0,208.0,134.0,150.0
24585,260.0,225.0,138.0,137.0
24586,242.0,100.0,144.0,135.0
24587,250.0,59.0,152.0,151.0
24588,249.0,228.0,148.0,142.0
24589,238.0,211.0,140.0,130.0
24590,253.0,212.0,137.0,136.0
24591,262.0,211.0,140.0,136.0
24592,251.0,90.0,129.0,142.0
24593,243.0,106.0,143.0,129.0
24594,261.0,114.0,144.0,165.0
24595,240.0,221.0,133.0,127.0
24596,261.0,242.0,147.0,146.0
24597,267.0,95.0,161.0,142.0
24598,266.0,262.0,142.0,135.0
24599,240.0,204.0,135.0,156.0
24600,258.0,106.0,143.0,125.0
24601,254.0,74.0,144.0,125.0
24602,232.0,147.0,136.0,120.0
24603,251.0,212.0,139.0,147.0
24604,223.0,99.0,116.0,115.0
24605,246.0,115.0,141.0,114.0
24606,248.0,213.0,130.0,137.0
24607,237.0,74.0,132.0,134.0
24608,275.0,238.0,142.0,150.0
24609,270.0,113.0,152.0,146.0
24610,235.0,100.0,133.0,138.0
24611,262.0,219.0,146.0,143.0
24612,237.0,97.0,138.0,118.0
24613,260.0,239.0,155.0,143.0
24614,255.0,217.0,144.0,134.0
24615,255.0,217.0,135.0,148.0
24616,233.0,126.0,130.0,126.0
24617,267.0,94.0,125.0,162.0
24618,254.0,102.0,138.0,156.0
24619,259.0,153.0,154.0,132.0
24620,234.0,155.0,130.0,127.0
24621,266.0,237.0,158.0,141.0
24622,250.0,123.0,127.0,137.0
24623,253.0,183.0,142.0,141.0
24624,234.0,133.0,124.0,138.0
24625,232.0,220.0,141.0,142.0
24626,269.0,132.0,152.0,157.0
24627,249.0,111.0,133.0,132.0
24628,259.0,105.0,138.0,130.0
24629,226.0,136.0,117.0,130.0
24630,242.0,96.0,141.0,134.0
24631,256.0,135.0,142.0,127.0
24632,250.0,150.0,133.0,138.0
24633,263.0,242.0,133.0,158.0
24634,256.0,131.0,143.0,153.0
24635,242.0,137.0,129.0,155.0
24636,242.0,225.0,133.0,133.0
24637,264.0,244.0,154.0,141.0
24638,258.0,72.0,130.0,150.0
24639,264.0,112.0,159.0,141.0
24640,246.0,79.0,138.0,138.0
24641,224.0,224.0,127.0,121.0
24642,255.0,142.0,127.0,127.0
24643,245.0,213.0,125.0,151.0
24644,269.0,245.0,160.0,158.0
24645,246.0,206.0,137.0,140.0
24646,267.0,116.0,164.0,162.0
24647,242.0,210.0,136.0,133.0
24648,234.0,80.0,128.0,122.0
24649,251.0,216.0,148.0,146.0
24650,245.0,130.0,140.0,130.0
24651,240.0,97.0,132.0,129.0
24652,250.0,94.0,139.0,151.0
24653,269.0,234.0,159.0,155.0
24654,258.0,232.0,133.0,139.0
24655,248.0,214.0,125.0,142.0
24656,254.0,96.0,140.0,152.0
24657,243.0,166.0,126.0,142.0
24658,215.0,130.0,113.0,121.0
24659,242.0,207.0,132.0,136.0
24660,240.0,117.0,128.0,135.0
24661,250.0,99.0,130.0,145.0
24662,243.0,130.0,141.0,137.0
24663,236.0,126.0,115.0,127.0
24664,250.0,228.0,156.0,151.0
24665,260.0,211.0,154.0,147.0
24666,231.0,230.0,136.0,124.0
24667,249.0,217.0,126.0,135.0
24668,242.0,226.0,124.0,130.0
24669,256.0,248.0,138.0,137.0
24670,270.0,228.0,151.0,159.0
24671,241.0,107.0,139.0,132.0
24672,254.0,153.0,124.0,147.0
24673,218.0,124.0,131.0,120.0
24674,255.0,142.0,139.0,145.0
24675,272.0,136.0,160.0,151.0
24676,242.0,241.0,159.0,125.0
24677,246.0,155.0,141.0,140.0
24678,244.0,213.0,132.0,129.0
24679,237.0,231.0,115.0,142.0
24680,255.0,249.0,146.0,134.0
24681,265.0,54.0,137.0,148.0
24682,249.0,218.0,155.0,164.0
24683,254.0,254.0,143.0,147.0
24684,247.0,82.0,132.0,135.0
24685,238.0,84.0,133.0,127.0
24686,263.0,215.0,157.0,131.0
24687,254.0,91.0,154.0,142.0
24688,248.0,106.0,146.0,138.0
24689,267.0,194.0,152.0,157.0
24690,229.0,201.0,119.0,137.0
24691,263.0,235.0,145.0,144.0
24692,247.0,169.0,135.0,138.0
24693,250.0,99.0,130.0,150.0
24694,251.0,114.0,149.0,138.0
24695,241.0,57.0,147.0,143.0
24696,238.0,198.0,137.0,146.0
24697,259.0,154.0,149.0,151.0
24698,255.0,213.0,144.0,143.0
24699,228.0,55.0,141.0,127.0
24700,233.0,79.0,142.0,136.0
24701,241.0,189.0,144.0,118.0
24702,241.0,105.0,137.0,129.0
24703,219.0,84.0,118.0,117.0
24704,225.0,89.0,132.0,133.0
24705,254.0,132.0,138.0,135.0
24706,218.0,209.0,126.0,116.0
24707,231.0,65.0,126.0,130.0
24708,260.0,125.0,146.0,144.0
24709,254.0,164.0,142.0,152.0
24710,274.0,241.0,154.0,138.0
24711,262.0,75.0,140.0,154.0
24712,248.0,72.0,152.0,149.0
24713,259.0,123.0,155.0,142.0
24714,255.0,133.0,159.0,149.0
24715,273.0,239.0,146.0,154.0
24716,234.0,193.0,137.0,136.0
24717,259.0,232.0,142.0,142.0
24718,254.0,226.0,138.0,150.0
24719,251.0,241.0,139.0,133.0
24720,236.0,233.0,117.0,139.0
24721,243.0,209.0,126.0,138.0
24722,244.0,124.0,138.0,133.0
24723,242.0,172.0,147.0,141.0
24724,234.0,93.0,122.0,132.0
24725,276.0,144.0,164.0,156.0
24726,237.0,133.0,134.0,131.0
24727,264.0,106.0,145.0,165.0
24728,242.0,56.0,152.0,123.0
24729,257.0,166.0,130.0,153.0
24730,236.0,89.0,127.0,117.0
24731,245.0,127.0,137.0,143.0
24732,254.0,140.0,144.0,136.0
24733,251.0,248.0,128.0,127.0
24734,266.0,188.0,146.0,148.0
24735,264.0,117.0,138.0,155.0
24736,240.0,93.0,126.0,138.0
24737,247.0,127.0,141.0,132.0
24738,241.0,223.0,130.0,144.0
24739,253.0,204.0,153.0,149.0
24740,247.0,158.0,140.0,140.0
24741,246.0,211.0,134.0,135.0
24742,266.0,107.0,154.0,134.0
24743,261.0,231.0,146.0,127.0
24744,252.0,225.0,128.0,128.0
24745,245.0,76.0,141.0,125.0
24746,252.0,89.0,132.0,149.0
24747,259.0,219.0,153.0,136.0
24748,235.0,232.0,142.0,139.0
24749,256.0,237.0,137.0,153.0
24750,274.0,124.0,163.0,157.0
24751,249.0,239.0,151.0,142.0
24752,237.0,126.0,139.0,132.0
24753,251.0,107.0,140.0,145.0
24754,233.0,156.0,133.0,124.0
24755,255.0,252.0,146.0,132.0
24756,230.0,152.0,125.0,135.0
24757,275.0,77.0,160.0,159.0
24758,252.0,144.0,146.0,129.0
24759,259.0,136.0,150.0,151.0
24760,240.0,79.0,143.0,133.0
24761,261.0,78.0,146.0,164.0
24762,248.0,86.0,138.0,148.0
24763,244.0,216.0,131.0,132.0
24764,253.0,106.0,131.0,143.0
24765,246.0,114.0,159.0,129.0
24766,225.0,199.0,138.0,125.0
24767,242.0,208.0,144.0,138.0
24768,260.0,218.0,141.0,159.0
24769,238.0,230.0,134.0,131.0
24770,235.0,132.0,148.0,127.0
24771,228.0,96.0,121.0,118.0
24772,253.0,252.0,161.0,160.0
24773,233.0,83.0,127.0,131.0
24774,275.0,106.0,157.0,162.0
24775,247.0,228.0,135.0,127.0
24776,258.0,115.0,147.0,164.0
24777,251.0,212.0,128.0,143.0
24778,271.0,232.0,153.0,153.0
24779,250.0,205.0,144.0,144.0
24780,251.0,206.0,136.0,138.0
24781,241.0,117.0,146.0,126.0
24782,245.0,99.0,131.0,139.0
24783,275.0,116.0,162.0,157.0
24784,237.0,93.0,139.0,138.0
24785,247.0,79.0,150.0,143.0
24786,252.0,109.0,136.0,147.0
24787,252.0,109.0,138.0,144.0
24788,240.0,118.0,135.0,139.0
24789,243.0,243.0,145.0,141.0
24790,252.0,53.0,127.0,144.0
24791,251.0,116.0,130.0,126.0
24792,277.0,137.0,169.0,148.0
24793,243.0,89.0,145.0,118.0
24794,256.0,149.0,140.0,137.0
24795,246.0,68.0,137.0,141.0
24796,254.0,108.0,157.0,151.0
24797,240.0,229.0,140.0,123.0
24798,233.0,86.0,130.0,127.0
24799,245.0,131.0,140.0,136.0
24800,259.0,218.0,157.0,148.0
24801,244.0,102.0,124.0,144.0
24802,231.0,116.0,119.0,128.0
24803,238.0,212.0,115.0,137.0
24804,251.0,212.0,153.0,142.0
24805,256.0,137.0,148.0,145.0
24806,241.0,152.0,135.0,123.0
24807,275.0,140.0,160.0,152.0
24808,241.0,75.0,123.0,120.0
24809,253.0,166.0,156.0,139.0
24810,253.0,122.0,140.0,148.0
24811,253.0,143.0,147.0,151.0
24812,243.0,85.0,134.0,136.0
24813,268.0,211.0,157.0,142.0
24814,254.0,83.0,152.0,154.0
24815,276.0,221.0,145.0,156.0
24816,243.0,132.0,138.0,128.0
24817,240.0,195.0,132.0,125.0
24818,280.0,107.0,157.0,138.0
24819,247.0,227.0,138.0,140.0
24820,245.0,108.0,132.0,147.0
24821,229.0,204.0,127.0,123.0
24822,265.0,240.0,134.0,141.0
24823,264.0,134.0,149.0,149.0
24824,258.0,161.0,150.0,133.0
24825,222.0,219.0,135.0,123.0
24826,256.0,253.0,151.0,136.0
24827,255.0,225.0,153.0,160.0
24828,238.0,85.0,141.0,142.0
24829,269.0,134.0,160.0,165.0
24830,231.0,200.0,135.0,130.0
24831,249.0,123.0,140.0,135.0
24832,233.0,93.0,125.0,130.0
24833,229.0,136.0,106.0,127.0
24834,256.0,110.0,147.0,152.0
24835,251.0,106.0,153.0,152.0
24836,240.0,212.0,136.0,141.0
24837,246.0,131.0,137.0,136.0
24838,256.0,83.0,141.0,144.0
24839,264.0,72.0,157.0,157.0
24840,237.0,221.0,131.0,126.0
24841,227.0,76.0,140.0,135.0
24842,264.0,158.0,143.0,153.0
24843,243.0,204.0,130.0,131.0
24844,234.0,126.0,128.0,131.0
24845,244.0,221.0,130.0,131.0
24846,247.0,109.0,135.0,133.0
24847,264.0,231.0,156.0,149.0
24848,253.0,190.0,139.0,145.0
24849,245.0,190.0,135.0,141.0
24850,251.0,179.0,141.0,135.0
24851,256.0,228.0,134.0,136.0
24852,258.0,150.0,155.0,146.0
24853,249.0,219.0,140.0,131.0
24854,242.0,141.0,144.0,130.0
24855,265.0,239.0,158.0,142.0
24856,253.0,140.0,133.0,141.0
24857,252.0,77.0,145.0,142.0
24858,243.0,95.0,122.0,138.0
24859,253.0,121.0,144.0,145.0
24860,252.0,226.0,145.0,170.0
24861,238.0,115.0,138.0,133.0
24862,266.0,100.0,169.0,156.0
24863,248.0,117.0,135.0,128.0
24864,247.0,210.0,148.0,136.0
24865,242.0,64.0,136.0,137.0
24866,262.0,258.0,134.0,141.0
24867,246.0,91.0,146.0,146.0
24868,239.0,209.0,136.0,126.0
24869,253.0,139.0,141.0,146.0
24870,241.0,197.0,136.0,124.0
24871,255.0,156.0,149.0,142.0
24872,226.0,71.0,119.0,128.0
24873,248.0,139.0,146.0,137.0
24874,272.0,246.0,150.0,151.0
24875,260.0,123.0,147.0,153.0
24876,260.0,164.0,147.0,121.0
24877,229.0,86.0,120.0,127.0
24878,257.0,222.0,152.0,147.0
24879,243.0,150.0,144.0,141.0
24880,263.0,139.0,131.0,152.0
24881,244.0,217.0,135.0,124.0
24882,249.0,81.0,122.0,139.0
24883,250.0,231.0,140.0,136.0
24884,253.0,101.0,153.0,154.0
24885,251.0,131.0,143.0,145.0
24886,264.0,118.0,152.0,163.0
24887,245.0,91.0,147.0,133.0
24888,246.0,135.0,126.0,149.0
24889,272.0,187.0,146.0,145.0
24890,246.0,245.0,145.0,141.0
24891,250.0,125.0,148.0,141.0
24892,229.0,218.0,124.0,114.0
24893,240.0,102.0,138.0,137.0
24894,215.0,81.0,126.0,120.0
24895,260.0,152.0,148.0,153.0
24896,249.0,93.0,150.0,148.0
24897,236.0,207.0,114.0,123.0
24898,248.0,117.0,133.0,149.0
24899,243.0,210.0,134.0,141.0
24900,241.0,185.0,139.0,132.0
24901,256.0,120.0,144.0,140.0
24902,231.0,191.0,125.0,120.0
24903,244.0,63.0,143.0,126.0
24904,261.0,122.0,146.0,155.0
24905,211.0,74.0,114.0,115.0
24906,275.0,249.0,167.0,136.0
24907,244.0,236.0,136.0,142.0
24908,234.0,98.0,137.0,127.0
24909,262.0,102.0,140.0,150.0
24910,255.0,98.0,136.0,137.0
24911,274.0,120.0,148.0,148.0
24912,258.0,223.0,138.0,140.0
24913,268.0,129.0,141.0,151.0
24914,254.0,183.0,143.0,144.0
24915,255.0,227.0,131.0,134.0
24916,214.0,58.0,128.0,123.0
24917,251.0,111.0,138.0,139.0
24918,246.0,76.0,149.0,145.0
24919,244.0,122.0,127.0,132.0
24920,278.0,132.0,150.0,169.0
24921,259.0,132.0,155.0,143.0
24922,237.0,220.0,129.0,132.0
24923,253.0,253.0,145.0,132.0
24924,250.0,166.0,141.0,134.0
24925,250.0,124.0,138.0,134.0
24926,235.0,121.0,138.0,137.0
24927,274.0,116.0,162.0,162.0
24928,255.0,230.0,159.0,152.0
24929,244.0,121.0,145.0,149.0
24930,229.0,87.0,143.0,142.0
24931,246.0,114.0,135.0,139.0
24932,253.0,126.0,143.0,156.0
24933,267.0,64.0,161.0,130.0
24934,221.0,181.0,122.0,133.0
24935,249.0,195.0,129.0,143.0
24936,268.0,139.0,145.0,153.0
24937,245.0,105.0,138.0,139.0
24938,243.0,224.0,136.0,132.0
24939,236.0,210.0,126.0,135.0
24940,261.0,234.0,147.0,156.0
24941,245.0,141.0,145.0,139.0
24942,253.0,156.0,143.0,113.0
24943,260.0,115.0,132.0,144.0
24944,266.0,214.0,149.0,143.0
24945,286.0,234.0,155.0,166.0
24946,225.0,66.0,139.0,129.0
24947,280.0,92.0,171.0,144.0
24948,250.0,206.0,128.0,151.0
24949,264.0,100.0,147.0,150.0
24950,251.0,121.0,141.0,142.0
24951,264.0,264.0,161.0,133.0
24952,231.0,103.0,126.0,128.0
24953,273.0,144.0,152.0,152.0
24954,258.0,104.0,142.0,155.0
24955,230.0,124.0,125.0,123.0
24956,245.0,159.0,139.0,137.0
24957,233.0,92.0,139.0,136.0
24958,259.0,137.0,124.0,158.0
24959,237.0,202.0,134.0,136.0
24960,266.0,122.0,139.0,153.0
24961,251.0,105.0,140.0,161.0
24962,245.0,226.0,146.0,134.0
24963,256.0,108.0,150.0,144.0
24964,241.0,94.0,145.0,130.0
24965,252.0,105.0,149.0,139.0
24966,227.0,94.0,129.0,140.0
24967,267.0,125.0,156.0,153.0
24968,247.0,240.0,128.0,137.0
24969,250.0,117.0,147.0,150.0
24970,262.0,154.0,151.0,139.0
24971,249.0,136.0,146.0,139.0
24972,253.0,125.0,144.0,145.0
24973,231.0,199.0,142.0,126.0
24974,261.0,114.0,148.0,148.0
24975,238.0,102.0,132.0,138.0
24976,246.0,81.0,137.0,141.0
24977,234.0,116.0,130.0,145.0
24978,264.0,115.0,155.0,147.0
24979,236.0,195.0,138.0,141.0
24980,246.0,163.0,134.0,131.0
24981,256.0,74.0,134.0,144.0
24982,259.0,225.0,153.0,154.0
24983,246.0,205.0,138.0,134.0
24984,261.0,224.0,152.0,142.0
24985,237.0,196.0,141.0,131.0
24986,259.0,182.0,129.0,142.0
24987,255.0,91.0,149.0,133.0
24988,251.0,87.0,143.0,136.0
24989,250.0,126.0,131.0,149.0
24990,263.0,218.0,157.0,144.0
24991,249.0,74.0,141.0,152.0
24992,237.0,233.0,145.0,148.0
24993,242.0,114.0,141.0,147.0
24994,257.0,225.0,142.0,142.0
24995,230.0,196.0,130.0,134.0
24996,266.0,148.0,137.0,138.0
24997,251.0,101.0,145.0,146.0
24998,267.0,166.0,157.0,161.0
24999,265.0,82.0,176.0,140.0
25000,247.0,211.0,138.0,133.0
25001,264.0,228.0,144.0,139.0
25002,257.0,97.0,150.0,150.0
25003,254.0,88.0,140.0,141.0
25004,260.0,70.0,142.0,152.0
25005,279.0,217.0,148.0,157.0
25006,255.0,170.0,143.0,133.0
25007,267.0,220.0,146.0,163.0
25008,256.0,224.0,153.0,131.0
25009,262.0,130.0,134.0,132.0
25010,248.0,111.0,134.0,136.0
25011,221.0,98.0,140.0,127.0
25012,267.0,86.0,154.0,154.0
25013,258.0,110.0,153.0,149.0
25014,219.0,103.0,147.0,122.0
25015,252.0,101.0,159.0,136.0
25016,249.0,99.0,148.0,138.0
25017,234.0,108.0,130.0,129.0
25018,249.0,248.0,151.0,149.0
25019,255.0,107.0,136.0,143.0
25020,258.0,212.0,142.0,143.0
25021,235.0,228.0,132.0,127.0
25022,253.0,245.0,136.0,136.0
25023,261.0,160.0,164.0,155.0
25024,251.0,213.0,146.0,137.0
25025,233.0,85.0,129.0,135.0
25026,237.0,131.0,131.0,148.0
25027,261.0,259.0,157.0,144.0
25028,270.0,268.0,155.0,158.0
25029,270.0,47.0,153.0,150.0
25030,262.0,107.0,133.0,140.0
25031,255.0,69.0,146.0,151.0
25032,199.0,167.0,100.0,113.0
25033,247.0,195.0,134.0,128.0
25034,234.0,113.0,137.0,129.0
25035,254.0,92.0,148.0,120.0
25036,248.0,224.0,148.0,158.0
25037,246.0,210.0,139.0,142.0
25038,251.0,146.0,146.0,147.0
25039,262.0,238.0,152.0,149.0
25040,259.0,138.0,156.0,135.0
25041,217.0,139.0,122.0,112.0
25042,264.0,72.0,159.0,164.0
25043,248.0,84.0,151.0,149.0
25044,267.0,88.0,170.0,140.0
25045,243.0,88.0,132.0,128.0
25046,253.0,242.0,136.0,149.0
25047,241.0,129.0,140.0,132.0
25048,232.0,204.0,130.0,140.0
25049,245.0,97.0,147.0,137.0
25050,246.0,134.0,138.0,128.0
25051,287.0,233.0,165.0,159.0
25052,259.0,91.0,148.0,137.0
25053,255.0,121.0,139.0,156.0
25054,259.0,160.0,153.0,142.0
25055,239.0,231.0,140.0,129.0
25056,269.0,261.0,137.0,156.0
25057,246.0,100.0,122.0,130.0
25058,237.0,86.0,128.0,133.0
25059,262.0,254.0,157.0,155.0
25060,254.0,240.0,155.0,136.0
25061,238.0,147.0,135.0,112.0
25062,248.0,112.0,129.0,135.0
25063,243.0,108.0,141.0,138.0
25064,247.0,212.0,136.0,134.0
25065,246.0,101.0,153.0,148.0
25066,254.0,106.0,138.0,144.0
25067,242.0,161.0,131.0,130.0
25068,277.0,138.0,149.0,163.0
25069,260.0,104.0,148.0,154.0
25070,219.0,186.0,113.0,113.0
25071,227.0,143.0,118.0,141.0
25072,255.0,227.0,146.0,146.0
25073,246.0,210.0,132.0,140.0
25074,253.0,181.0,129.0,133.0
25075,266.0,266.0,182.0,157.0
25076,247.0,247.0,140.0,152.0
25077,230.0,154.0,127.0,123.0
25078,246.0,110.0,126.0,148.0
25079,273.0,111.0,147.0,141.0
25080,231.0,203.0,127.0,133.0
25081,247.0,73.0,142.0,134.0
25082,268.0,257.0,160.0,150.0
25083,240.0,122.0,130.0,130.0
25084,253.0,226.0,138.0,147.0
25085,231.0,97.0,143.0,122.0
25086,286.0,116.0,160.0,162.0
25087,263.0,259.0,168.0,148.0
25088,236.0,117.0,119.0,123.0
25089,237.0,117.0,132.0,138.0
25090,251.0,220.0,129.0,136.0
25091,254.0,87.0,137.0,141.0
25092,259.0,210.0,149.0,145.0
25093,257.0,125.0,128.0,146.0
25094,238.0,68.0,135.0,128.0
25095,249.0,105.0,149.0,137.0
25096,255.0,244.0,131.0,136.0
25097,268.0,257.0,144.0,152.0
25098,264.0,85.0,154.0,151.0
25099,252.0,78.0,148.0,143.0
25100,251.0,237.0,139.0,127.0
25101,267.0,235.0,138.0,168.0
25102,260.0,130.0,142.0,143.0
25103,278.0,137.0,166.0,153.0
25104,247.0,79.0,141.0,142.0
25105,263.0,106.0,159.0,129.0
25106,276.0,116.0,144.0,151.0
25107,252.0,146.0,154.0,138.0
25108,269.0,104.0,144.0,142.0
25109,253.0,83.0,140.0,153.0
25110,250.0,243.0,141.0,132.0
25111,269.0,221.0,161.0,153.0
25112,254.0,144.0,138.0,159.0
25113,264.0,228.0,155.0,139.0
25114,263.0,120.0,146.0,165.0
25115,262.0,116.0,147.0,157.0
25116,265.0,131.0,153.0,134.0
25117,230.0,140.0,118.0,125.0
25118,249.0,214.0,134.0,134.0
25119,244.0,214.0,135.0,136.0
25120,258.0,93.0,153.0,144.0
25121,248.0,131.0,153.0,141.0
25122,237.0,86.0,133.0,129.0
25123,256.0,153.0,151.0,147.0
25124,257.0,107.0,138.0,152.0
25125,267.0,225.0,139.0,161.0
25126,267.0,110.0,154.0,162.0
25127,227.0,198.0,131.0,128.0
25128,247.0,137.0,130.0,150.0
25129,247.0,107.0,143.0,139.0
25130,271.0,107.0,153.0,152.0
25131,244.0,104.0,125.0,143.0
25132,259.0,214.0,142.0,152.0
25133,264.0,141.0,143.0,147.0
25134,266.0,129.0,152.0,141.0
25135,254.0,94.0,149.0,147.0
25136,249.0,213.0,140.0,127.0
25137,248.0,203.0,138.0,140.0
25138,246.0,101.0,140.0,135.0
25139,253.0,211.0,136.0,130.0
25140,252.0,100.0,157.0,131.0
25141,244.0,112.0,117.0,144.0
25142,290.0,287.0,171.0,166.0
25143,250.0,144.0,140.0,137.0
25144,259.0,89.0,150.0,152.0
25145,245.0,71.0,150.0,139.0
25146,251.0,124.0,148.0,134.0
25147,259.0,86.0,141.0,139.0
25148,252.0,122.0,124.0,140.0
25149,239.0,211.0,132.0,135.0
25150,254.0,223.0,136.0,145.0
25151,259.0,259.0,165.0,161.0
25152,251.0,251.0,148.0,147.0
25153,254.0,131.0,144.0,129.0
25154,234.0,203.0,120.0,137.0
25155,266.0,228.0,136.0,151.0
25156,235.0,104.0,129.0,120.0
25157,242.0,209.0,133.0,131.0
25158,239.0,215.0,139.0,143.0
25159,242.0,105.0,125.0,124.0
25160,222.0,54.0,129.0,135.0
25161,250.0,64.0,152.0,147.0
25162,253.0,119.0,152.0,139.0
25163,260.0,121.0,152.0,151.0
25164,247.0,244.0,134.0,144.0
25165,250.0,76.0,144.0,126.0
25166,258.0,139.0,136.0,148.0
25167,251.0,93.0,129.0,131.0
25168,236.0,134.0,122.0,134.0
25169,239.0,83.0,136.0,132.0
25170,229.0,196.0,136.0,123.0
25171,261.0,228.0,161.0,129.0
25172,263.0,104.0,145.0,150.0
25173,258.0,232.0,163.0,143.0
25174,255.0,117.0,141.0,147.0
25175,263.0,240.0,151.0,147.0
25176,252.0,205.0,124.0,132.0
25177,251.0,117.0,138.0,143.0
25178,223.0,68.0,129.0,120.0
25179,257.0,173.0,151.0,133.0
25180,251.0,103.0,143.0,149.0
25181,245.0,219.0,140.0,153.0
25182,270.0,128.0,148.0,153.0
25183,244.0,199.0,137.0,149.0
25184,247.0,219.0,128.0,145.0
25185,246.0,105.0,140.0,148.0
25186,256.0,232.0,139.0,133.0
25187,262.0,143.0,156.0,136.0
25188,282.0,141.0,153.0,152.0
25189,233.0,196.0,128.0,136.0
25190,273.0,243.0,148.0,149.0
25191,254.0,88.0,142.0,152.0
25192,230.0,100.0,124.0,120.0
25193,261.0,96.0,150.0,151.0
25194,258.0,258.0,151.0,162.0
25195,266.0,266.0,147.0,150.0
25196,266.0,262.0,164.0,151.0
25197,260.0,104.0,161.0,137.0
25198,237.0,86.0,139.0,142.0
25199,254.0,162.0,145.0,153.0
25200,255.0,120.0,147.0,151.0
25201,267.0,216.0,153.0,158.0
25202,249.0,240.0,127.0,150.0
25203,260.0,251.0,138.0,126.0
25204,251.0,133.0,132.0,145.0
25205,264.0,140.0,157.0,148.0
25206,249.0,216.0,144.0,147.0
25207,265.0,158.0,151.0,153.0
25208,248.0,244.0,145.0,145.0
25209,251.0,109.0,149.0,135.0
25210,267.0,177.0,170.0,149.0
25211,270.0,205.0,150.0,159.0
25212,258.0,257.0,161.0,147.0
25213,219.0,126.0,125.0,120.0
25214,237.0,96.0,126.0,139.0
25215,228.0,220.0,132.0,123.0
25216,253.0,204.0,125.0,143.0
25217,251.0,99.0,124.0,135.0
25218,246.0,83.0,137.0,140.0
25219,261.0,144.0,150.0,141.0
25220,274.0,243.0,171.0,146.0
25221,269.0,118.0,156.0,163.0
25222,257.0,130.0,151.0,136.0
25223,257.0,118.0,141.0,134.0
25224,251.0,203.0,139.0,141.0
25225,231.0,72.0,139.0,137.0
25226,239.0,234.0,144.0,137.0
25227,226.0,221.0,129.0,124.0
25228,265.0,223.0,148.0,159.0
25229,277.0,246.0,164.0,148.0
25230,233.0,119.0,119.0,123.0
25231,280.0,246.0,153.0,148.0
25232,261.0,221.0,133.0,150.0
25233,244.0,226.0,129.0,143.0
25234,238.0,134.0,140.0,146.0
25235,237.0,127.0,127.0,142.0
25236,266.0,107.0,157.0,154.0
25237,247.0,103.0,128.0,129.0
25238,253.0,110.0,136.0,156.0
25239,243.0,82.0,135.0,138.0
25240,234.0,117.0,139.0,127.0
25241,273.0,101.0,170.0,156.0
25242,274.0,125.0,169.0,157.0
25243,261.0,233.0,152.0,143.0
25244,240.0,213.0,125.0,131.0
25245,251.0,127.0,139.0,134.0
25246,228.0,114.0,126.0,127.0
25247,248.0,204.0,132.0,146.0
25248,243.0,215.0,136.0,132.0
25249,252.0,224.0,135.0,139.0
25250,258.0,206.0,137.0,143.0
25251,242.0,237.0,135.0,143.0
25252,253.0,98.0,138.0,133.0
25253,241.0,107.0,147.0,128.0
25254,252.0,119.0,149.0,138.0
25255,278.0,112.0,156.0,171.0
25256,263.0,156.0,145.0,146.0
25257,272.0,181.0,143.0,150.0
25258,243.0,109.0,136.0,147.0
25259,244.0,137.0,130.0,153.0
25260,256.0,219.0,138.0,136.0
25261,265.0,99.0,135.0,134.0
25262,247.0,163.0,147.0,142.0
25263,246.0,220.0,142.0,138.0
25264,261.0,177.0,147.0,147.0
25265,242.0,237.0,122.0,149.0
25266,249.0,244.0,148.0,142.0
25267,262.0,140.0,148.0,153.0
25268,237.0,212.0,134.0,135.0
25269,235.0,89.0,117.0,137.0
25270,239.0,215.0,140.0,133.0
25271,254.0,72.0,135.0,138.0
25272,235.0,207.0,130.0,134.0
25273,254.0,148.0,150.0,142.0
25274,240.0,136.0,128.0,134.0
25275,245.0,124.0,141.0,129.0
25276,244.0,196.0,142.0,142.0
25277,226.0,100.0,129.0,128.0
25278,243.0,75.0,130.0,132.0
25279,237.0,96.0,145.0,119.0
25280,235.0,44.0,134.0,136.0
25281,251.0,177.0,146.0,129.0
25282,238.0,78.0,150.0,138.0
25283,250.0,189.0,142.0,149.0
25284,258.0,114.0,134.0,156.0
25285,229.0,119.0,122.0,119.0
25286,277.0,147.0,164.0,161.0
25287,241.0,197.0,137.0,135.0
25288,261.0,142.0,142.0,152.0
25289,241.0,80.0,149.0,137.0
25290,253.0,137.0,132.0,140.0
25291,219.0,106.0,120.0,127.0
25292,242.0,219.0,151.0,127.0
25293,230.0,92.0,132.0,138.0
25294,227.0,87.0,129.0,131.0
25295,248.0,245.0,134.0,140.0
25296,239.0,119.0,122.0,124.0
25297,262.0,121.0,151.0,145.0
25298,231.0,102.0,118.0,124.0
25299,271.0,212.0,132.0,147.0
25300,262.0,105.0,146.0,148.0
25301,276.0,81.0,145.0,149.0
25302,269.0,96.0,155.0,154.0
25303,270.0,225.0,156.0,143.0
25304,270.0,261.0,144.0,156.0
25305,239.0,205.0,128.0,132.0
25306,246.0,130.0,138.0,131.0
25307,241.0,69.0,151.0,129.0
25308,260.0,121.0,141.0,140.0
25309,258.0,255.0,148.0,131.0
25310,272.0,76.0,154.0,157.0
25311,249.0,161.0,143.0,135.0
25312,254.0,254.0,148.0,139.0
25313,277.0,129.0,142.0,148.0
25314,249.0,113.0,148.0,147.0
25315,241.0,139.0,127.0,126.0
25316,249.0,227.0,149.0,150.0
25317,263.0,97.0,141.0,132.0
25318,255.0,138.0,134.0,141.0
25319,246.0,212.0,135.0,131.0
25320,265.0,116.0,139.0,137.0
25321,263.0,245.0,163.0,141.0
25322,263.0,143.0,158.0,163.0
25323,248.0,116.0,139.0,137.0
25324,253.0,195.0,134.0,150.0
25325,259.0,108.0,148.0,135.0
25326,259.0,247.0,143.0,148.0
25327,234.0,201.0,128.0,147.0
25328,235.0,66.0,133.0,122.0
25329,229.0,176.0,129.0,123.0
25330,266.0,109.0,145.0,152.0
25331,265.0,194.0,138.0,167.0
25332,261.0,239.0,150.0,149.0
25333,250.0,119.0,129.0,125.0
25334,242.0,126.0,138.0,137.0
25335,254.0,201.0,158.0,137.0
25336,249.0,95.0,143.0,142.0
25337,274.0,229.0,151.0,163.0
25338,230.0,87.0,128.0,127.0
25339,241.0,194.0,132.0,135.0
25340,252.0,71.0,137.0,143.0
25341,267.0,69.0,163.0,164.0
25342,262.0,234.0,157.0,153.0
25343,251.0,96.0,145.0,146.0
25344,260.0,149.0,137.0,152.0
25345,245.0,158.0,126.0,143.0
25346,255.0,164.0,142.0,136.0
25347,240.0,94.0,147.0,145.0
25348,245.0,198.0,130.0,144.0
25349,266.0,115.0,150.0,142.0
25350,254.0,216.0,144.0,142.0
25351,261.0,87.0,160.0,143.0
25352,252.0,106.0,138.0,140.0
25353,237.0,75.0,132.0,141.0
25354,242.0,159.0,124.0,133.0
25355,258.0,210.0,153.0,148.0
25356,254.0,150.0,140.0,138.0
25357,244.0,105.0,150.0,135.0
25358,259.0,109.0,148.0,153.0
25359,263.0,232.0,158.0,134.0
25360,261.0,239.0,152.0,144.0
25361,245.0,171.0,119.0,131.0
25362,233.0,68.0,132.0,126.0
25363,251.0,122.0,136.0,144.0
25364,237.0,108.0,131.0,135.0
25365,263.0,120.0,153.0,147.0
25366,239.0,135.0,134.0,133.0
25367,241.0,110.0,135.0,131.0
25368,241.0,143.0,133.0,147.0
25369,262.0,105.0,147.0,149.0
25370,256.0,60.0,147.0,143.0
25371,262.0,125.0,156.0,148.0
25372,240.0,56.0,135.0,141.0
25373,262.0,119.0,131.0,153.0
25374,264.0,158.0,137.0,138.0
25375,233.0,135.0,132.0,136.0
25376,229.0,216.0,133.0,127.0
25377,251.0,217.0,128.0,139.0
25378,240.0,133.0,134.0,135.0
25379,253.0,91.0,137.0,140.0
25380,263.0,87.0,137.0,152.0
25381,231.0,96.0,123.0,119.0
25382,254.0,137.0,152.0,162.0
25383,257.0,151.0,135.0,153.0
25384,240.0,112.0,137.0,139.0
25385,279.0,244.0,143.0,160.0
25386,227.0,199.0,125.0,126.0
25387,267.0,223.0,161.0,147.0
25388,260.0,92.0,142.0,132.0
25389,260.0,249.0,166.0,137.0
25390,248.0,97.0,139.0,143.0
25391,252.0,221.0,141.0,139.0
25392,254.0,214.0,138.0,141.0
25393,229.0,71.0,132.0,120.0
25394,261.0,130.0,163.0,146.0
25395,253.0,220.0,138.0,153.0
25396,275.0,237.0,154.0,172.0
25397,263.0,138.0,143.0,144.0
25398,237.0,99.0,131.0,132.0
25399,260.0,223.0,153.0,151.0
25400,265.0,168.0,141.0,139.0
25401,254.0,238.0,141.0,138.0
25402,229.0,107.0,138.0,135.0
25403,244.0,91.0,135.0,130.0
25404,260.0,144.0,155.0,153.0
25405,249.0,145.0,154.0,136.0
25406,261.0,60.0,146.0,166.0
25407,266.0,243.0,160.0,140.0
25408,274.0,107.0,157.0,163.0
25409,248.0,111.0,140.0,136.0
25410,262.0,109.0,151.0,156.0
25411,243.0,208.0,157.0,142.0
25412,251.0,164.0,146.0,138.0
25413,265.0,248.0,148.0,150.0
25414,235.0,209.0,126.0,136.0
25415,252.0,164.0,143.0,140.0
25416,247.0,124.0,139.0,132.0
25417,245.0,127.0,136.0,136.0
25418,233.0,63.0,138.0,128.0
25419,267.0,109.0,153.0,159.0
25420,238.0,123.0,153.0,124.0
25421,256.0,121.0,123.0,153.0
25422,239.0,96.0,145.0,148.0
25423,269.0,118.0,157.0,137.0
25424,238.0,166.0,130.0,138.0
25425,268.0,133.0,143.0,160.0
25426,252.0,122.0,140.0,137.0
25427,257.0,115.0,146.0,153.0
25428,228.0,79.0,109.0,127.0
25429,266.0,97.0,151.0,139.0
25430,246.0,208.0,140.0,139.0
25431,238.0,121.0,134.0,128.0
25432,268.0,179.0,160.0,155.0
25433,270.0,262.0,160.0,147.0
25434,261.0,168.0,154.0,146.0
25435,252.0,134.0,142.0,145.0
25436,267.0,211.0,139.0,149.0
25437,246.0,130.0,142.0,135.0
25438,286.0,139.0,156.0,164.0
25439,257.0,107.0,156.0,144.0
25440,240.0,238.0,145.0,129.0
25441,262.0,135.0,152.0,146.0
25442,229.0,82.0,139.0,140.0
25443,229.0,211.0,117.0,127.0
25444,241.0,72.0,147.0,132.0
25445,262.0,100.0,136.0,140.0
25446,249.0,71.0,140.0,153.0
25447,227.0,196.0,118.0,136.0
25448,244.0,213.0,139.0,128.0
25449,257.0,106.0,139.0,149.0
25450,253.0,249.0,135.0,157.0
25451,237.0,230.0,135.0,149.0
25452,271.0,84.0,153.0,154.0
25453,268.0,95.0,143.0,152.0
25454,239.0,93.0,128.0,135.0
25455,240.0,131.0,150.0,136.0
25456,245.0,211.0,135.0,144.0
25457,261.0,124.0,138.0,145.0
25458,244.0,202.0,138.0,141.0
25459,244.0,244.0,152.0,132.0
25460,234.0,115.0,136.0,135.0
25461,242.0,129.0,124.0,148.0
25462,279.0,137.0,154.0,153.0
25463,268.0,232.0,151.0,152.0
25464,234.0,113.0,117.0,125.0
25465,242.0,97.0,146.0,133.0
25466,247.0,145.0,138.0,143.0
25467,266.0,220.0,147.0,157.0
25468,242.0,75.0,136.0,135.0
25469,244.0,83.0,146.0,140.0
25470,267.0,105.0,152.0,138.0
25471,223.0,151.0,118.0,126.0
25472,260.0,218.0,150.0,152.0
25473,236.0,232.0,130.0,141.0
25474,263.0,225.0,143.0,151.0
25475,277.0,216.0,165.0,151.0
25476,253.0,75.0,134.0,142.0
25477,252.0,216.0,145.0,143.0
25478,261.0,222.0,143.0,156.0
25479,253.0,144.0,154.0,135.0
25480,260.0,223.0,138.0,143.0
25481,251.0,122.0,137.0,125.0
25482,270.0,119.0,159.0,162.0
25483,271.0,219.0,149.0,166.0
25484,235.0,98.0,127.0,140.0
25485,227.0,125.0,125.0,126.0
25486,258.0,129.0,150.0,155.0
25487,273.0,109.0,130.0,145.0
25488,244.0,133.0,138.0,132.0
25489,257.0,87.0,155.0,140.0
25490,261.0,98.0,147.0,147.0
25491,243.0,154.0,134.0,123.0
25492,241.0,85.0,140.0,143.0
25493,255.0,172.0,136.0,151.0
25494,261.0,125.0,154.0,154.0
25495,256.0,250.0,143.0,151.0
25496,250.0,154.0,140.0,133.0
25497,255.0,113.0,145.0,137.0
25498,243.0,88.0,141.0,131.0
25499,247.0,234.0,134.0,138.0
25500,236.0,228.0,136.0,139.0
25501,253.0,105.0,160.0,147.0
25502,241.0,108.0,137.0,144.0
25503,247.0,108.0,145.0,147.0
25504,238.0,132.0,137.0,135.0
25505,232.0,148.0,118.0,141.0
25506,247.0,224.0,136.0,149.0
25507,247.0,139.0,137.0,140.0
25508,252.0,220.0,136.0,149.0
25509,276.0,207.0,147.0,168.0
25510,260.0,139.0,155.0,141.0
25511,278.0,132.0,164.0,154.0
25512,269.0,251.0,153.0,150.0
25513,269.0,117.0,152.0,150.0
25514,229.0,136.0,141.0,127.0
25515,236.0,95.0,136.0,146.0
25516,238.0,77.0,134.0,156.0
25517,259.0,123.0,157.0,153.0
25518,244.0,79.0,140.0,137.0
25519,256.0,69.0,135.0,138.0
25520,245.0,97.0,133.0,145.0
25521,234.0,95.0,141.0,115.0
25522,266.0,134.0,154.0,148.0
25523,258.0,91.0,134.0,135.0
25524,268.0,114.0,142.0,146.0
25525,226.0,210.0,138.0,118.0
25526,256.0,256.0,148.0,142.0
25527,247.0,196.0,120.0,133.0
25528,259.0,91.0,147.0,157.0
25529,266.0,50.0,140.0,156.0
25530,247.0,222.0,143.0,127.0
25531,221.0,90.0,112.0,122.0
25532,252.0,99.0,141.0,129.0
25533,248.0,145.0,151.0,129.0
25534,260.0,229.0,154.0,135.0
25535,247.0,130.0,151.0,142.0
25536,262.0,140.0,145.0,135.0
25537,262.0,254.0,154.0,151.0
25538,236.0,176.0,129.0,126.0
25539,261.0,213.0,134.0,144.0
25540,253.0,115.0,133.0,156.0
25541,242.0,108.0,148.0,147.0
25542,269.0,182.0,140.0,149.0
25543,260.0,130.0,142.0,153.0
25544,247.0,206.0,148.0,116.0
25545,244.0,79.0,125.0,133.0
25546,265.0,99.0,162.0,160.0
25547,270.0,110.0,141.0,150.0
25548,250.0,90.0,139.0,145.0
25549,225.0,103.0,114.0,123.0
25550,233.0,195.0,132.0,126.0
25551,218.0,60.0,132.0,120.0
25552,244.0,208.0,136.0,137.0
25553,249.0,104.0,133.0,145.0
25554,270.0,77.0,157.0,157.0
25555,252.0,222.0,133.0,126.0
25556,265.0,120.0,155.0,142.0
25557,236.0,235.0,135.0,137.0
25558,254.0,253.0,151.0,157.0
25559,254.0,218.0,161.0,139.0
25560,230.0,122.0,127.0,127.0
25561,257.0,198.0,133.0,142.0
25562,246.0,106.0,130.0,136.0
25563,237.0,97.0,129.0,144.0
25564,245.0,194.0,136.0,131.0
25565,260.0,119.0,147.0,141.0
25566,236.0,99.0,130.0,133.0
25567,229.0,215.0,126.0,124.0
25568,216.0,108.0,130.0,125.0
25569,237.0,127.0,127.0,137.0
25570,256.0,252.0,153.0,142.0
25571,259.0,114.0,143.0,140.0
25572,236.0,113.0,142.0,140.0
25573,253.0,110.0,133.0,134.0
25574,226.0,89.0,138.0,124.0
25575,225.0,126.0,114.0,128.0
25576,269.0,109.0,150.0,146.0
25577,255.0,217.0,152.0,144.0
25578,255.0,119.0,131.0,127.0
25579,243.0,222.0,143.0,139.0
25580,236.0,83.0,134.0,139.0
25581,263.0,244.0,144.0,146.0
25582,269.0,119.0,152.0,142.0
25583,247.0,244.0,149.0,138.0
25584,247.0,173.0,145.0,134.0
25585,256.0,162.0,122.0,149.0
25586,248.0,127.0,118.0,136.0
25587,244.0,195.0,144.0,135.0
25588,258.0,203.0,152.0,136.0
25589,253.0,207.0,151.0,137.0
25590,245.0,186.0,118.0,140.0
25591,249.0,119.0,136.0,137.0
25592,234.0,92.0,133.0,129.0
25593,252.0,141.0,147.0,135.0
25594,246.0,124.0,140.0,138.0
25595,246.0,71.0,138.0,125.0
25596,234.0,125.0,136.0,134.0
25597,254.0,246.0,156.0,158.0
25598,249.0,99.0,138.0,139.0
25599,241.0,213.0,124.0,151.0
25600,262.0,234.0,139.0,157.0
25601,269.0,128.0,140.0,142.0
25602,257.0,222.0,155.0,133.0
25603,251.0,221.0,127.0,157.0
25604,237.0,85.0,126.0,136.0
25605,233.0,208.0,123.0,143.0
25606,223.0,66.0,130.0,123.0
25607,269.0,227.0,156.0,168.0
25608,256.0,93.0,139.0,149.0
25609,262.0,230.0,145.0,133.0
25610,249.0,102.0,142.0,135.0
25611,260.0,256.0,137.0,143.0
25612,231.0,51.0,148.0,132.0
25613,268.0,208.0,154.0,159.0
25614,239.0,232.0,159.0,139.0
25615,262.0,126.0,147.0,133.0
25616,260.0,96.0,155.0,152.0
25617,237.0,123.0,134.0,141.0
25618,237.0,84.0,143.0,137.0
25619,225.0,186.0,128.0,134.0
25620,251.0,107.0,127.0,134.0
25621,251.0,212.0,145.0,144.0
25622,232.0,165.0,127.0,144.0
25623,232.0,76.0,140.0,130.0
25624,251.0,225.0,142.0,163.0
25625,273.0,272.0,163.0,148.0
25626,244.0,214.0,134.0,128.0
25627,236.0,122.0,126.0,130.0
25628,247.0,123.0,140.0,140.0
25629,233.0,164.0,135.0,133.0
25630,258.0,99.0,141.0,143.0
25631,234.0,73.0,126.0,139.0
25632,250.0,170.0,124.0,149.0
25633,238.0,129.0,130.0,129.0
25634,224.0,87.0,123.0,119.0
25635,248.0,238.0,146.0,131.0
25636,267.0,169.0,135.0,153.0
25637,236.0,101.0,140.0,139.0
25638,271.0,218.0,155.0,133.0
25639,261.0,211.0,142.0,137.0
25640,242.0,104.0,130.0,123.0
25641,246.0,225.0,135.0,146.0
25642,234.0,124.0,126.0,138.0
25643,248.0,115.0,132.0,136.0
25644,255.0,131.0,141.0,154.0
25645,243.0,127.0,139.0,146.0
25646,248.0,110.0,135.0,137.0
25647,249.0,55.0,136.0,136.0
25648,245.0,113.0,130.0,139.0
25649,239.0,125.0,122.0,139.0
25650,265.0,253.0,144.0,134.0
25651,248.0,240.0,157.0,146.0
25652,269.0,266.0,156.0,148.0
25653,264.0,243.0,163.0,149.0
25654,261.0,124.0,141.0,146.0
25655,253.0,184.0,132.0,138.0
25656,240.0,103.0,136.0,137.0
25657,251.0,213.0,146.0,152.0
25658,247.0,195.0,135.0,131.0
25659,236.0,96.0,120.0,137.0
25660,268.0,222.0,155.0,145.0
25661,214.0,83.0,123.0,123.0
25662,238.0,67.0,136.0,129.0
25663,234.0,94.0,130.0,130.0
25664,253.0,234.0,150.0,142.0
25665,241.0,129.0,138.0,141.0
25666,253.0,194.0,133.0,141.0
25667,232.0,219.0,141.0,125.0
25668,240.0,196.0,130.0,147.0
25669,259.0,121.0,143.0,129.0
25670,273.0,221.0,149.0,166.0
25671,246.0,203.0,149.0,135.0
25672,283.0,91.0,163.0,153.0
25673,252.0,120.0,128.0,130.0
25674,258.0,135.0,143.0,155.0
25675,243.0,182.0,154.0,137.0
25676,257.0,170.0,144.0,145.0
25677,264.0,116.0,151.0,146.0
25678,246.0,89.0,143.0,146.0
25679,232.0,198.0,133.0,113.0
25680,245.0,78.0,142.0,142.0
25681,251.0,75.0,137.0,152.0
25682,253.0,103.0,126.0,142.0
25683,243.0,208.0,126.0,140.0
25684,258.0,113.0,149.0,146.0
25685,262.0,113.0,140.0,147.0
25686,279.0,248.0,150.0,165.0
25687,236.0,211.0,139.0,113.0
25688,264.0,113.0,167.0,145.0
25689,254.0,228.0,142.0,145.0
25690,231.0,96.0,148.0,116.0
25691,249.0,128.0,135.0,129.0
25692,279.0,157.0,153.0,152.0
25693,265.0,127.0,152.0,178.0
25694,262.0,243.0,145.0,148.0
25695,243.0,75.0,132.0,134.0
25696,224.0,203.0,119.0,135.0
25697,260.0,104.0,155.0,134.0
25698,241.0,94.0,133.0,138.0
25699,236.0,128.0,134.0,134.0
25700,280.0,124.0,166.0,163.0
25701,283.0,275.0,161.0,156.0
25702,232.0,197.0,128.0,122.0
25703,250.0,219.0,142.0,136.0
25704,232.0,223.0,131.0,142.0
25705,256.0,64.0,155.0,143.0
25706,231.0,200.0,122.0,126.0
25707,249.0,95.0,140.0,157.0
25708,230.0,101.0,119.0,125.0
25709,257.0,64.0,162.0,140.0
25710,251.0,90.0,140.0,149.0
25711,245.0,232.0,140.0,142.0
25712,258.0,133.0,162.0,155.0
25713,262.0,242.0,133.0,145.0
25714,264.0,244.0,142.0,148.0
25715,228.0,196.0,135.0,135.0
25716,272.0,133.0,152.0,163.0
25717,242.0,199.0,130.0,133.0
25718,277.0,230.0,155.0,153.0
25719,255.0,113.0,147.0,143.0
25720,221.0,141.0,125.0,128.0
25721,267.0,81.0,151.0,146.0
25722,241.0,214.0,136.0,131.0
25723,250.0,92.0,142.0,132.0
25724,276.0,236.0,156.0,154.0
25725,276.0,140.0,155.0,145.0
25726,243.0,124.0,137.0,149.0
25727,253.0,107.0,150.0,136.0
25728,262.0,170.0,139.0,140.0
25729,262.0,127.0,145.0,154.0
25730,256.0,135.0,142.0,131.0
25731,243.0,136.0,132.0,149.0
25732,250.0,84.0,136.0,144.0
25733,260.0,90.0,133.0,144.0
25734,236.0,213.0,122.0,148.0
25735,223.0,199.0,116.0,130.0
25736,259.0,112.0,144.0,138.0
25737,255.0,211.0,139.0,145.0
25738,266.0,119.0,154.0,159.0
25739,252.0,126.0,135.0,142.0
25740,268.0,242.0,134.0,154.0
25741,259.0,248.0,148.0,154.0
25742,247.0,236.0,140.0,149.0
25743,220.0,191.0,127.0,126.0
25744,263.0,225.0,154.0,151.0
25745,246.0,86.0,134.0,150.0
25746,255.0,218.0,146.0,145.0
25747,245.0,91.0,125.0,132.0
25748,265.0,217.0,154.0,160.0
25749,241.0,215.0,138.0,133.0
25750,241.0,112.0,133.0,146.0
25751,237.0,97.0,133.0,123.0
25752,272.0,159.0,153.0,155.0
25753,242.0,128.0,136.0,142.0
25754,243.0,133.0,141.0,131.0
25755,232.0,132.0,130.0,135.0
25756,268.0,114.0,151.0,152.0
25757,243.0,97.0,133.0,147.0
25758,236.0,116.0,139.0,135.0
25759,250.0,83.0,142.0,146.0
25760,228.0,114.0,125.0,129.0
25761,248.0,227.0,153.0,141.0
25762,234.0,112.0,136.0,122.0
25763,276.0,142.0,148.0,157.0
25764,266.0,121.0,148.0,148.0
25765,222.0,183.0,108.0,130.0
25766,251.0,207.0,163.0,150.0
25767,244.0,113.0,145.0,142.0
25768,242.0,209.0,135.0,140.0
25769,259.0,87.0,148.0,138.0
25770,258.0,110.0,141.0,144.0
25771,255.0,212.0,154.0,146.0
25772,256.0,218.0,143.0,126.0
25773,234.0,79.0,145.0,132.0
25774,258.0,193.0,135.0,139.0
25775,232.0,120.0,123.0,120.0
25776,264.0,124.0,166.0,141.0
25777,255.0,126.0,137.0,138.0
25778,261.0,168.0,155.0,157.0
25779,266.0,89.0,144.0,144.0
25780,248.0,156.0,142.0,138.0
25781,256.0,141.0,154.0,152.0
25782,236.0,189.0,139.0,137.0
25783,238.0,199.0,125.0,144.0
25784,235.0,229.0,120.0,131.0
25785,227.0,199.0,139.0,126.0
25786,233.0,208.0,137.0,135.0
25787,243.0,100.0,132.0,144.0
25788,246.0,182.0,142.0,137.0
25789,252.0,132.0,128.0,132.0
25790,244.0,236.0,138.0,129.0
25791,232.0,61.0,137.0,135.0
25792,262.0,233.0,168.0,133.0
25793,271.0,242.0,165.0,152.0
25794,254.0,74.0,127.0,138.0
25795,269.0,94.0,153.0,147.0
25796,248.0,214.0,150.0,150.0
25797,247.0,236.0,152.0,148.0
25798,247.0,242.0,139.0,139.0
25799,251.0,209.0,142.0,143.0
25800,270.0,129.0,150.0,152.0
25801,246.0,91.0,149.0,136.0
25802,274.0,142.0,140.0,150.0
25803,238.0,88.0,133.0,138.0
25804,260.0,229.0,144.0,152.0
25805,245.0,200.0,135.0,155.0
25806,257.0,227.0,139.0,133.0
25807,246.0,216.0,146.0,127.0
25808,254.0,131.0,162.0,140.0
25809,245.0,103.0,138.0,136.0
25810,261.0,109.0,159.0,145.0
25811,237.0,91.0,117.0,137.0
25812,260.0,90.0,152.0,151.0
25813,264.0,158.0,156.0,139.0
25814,233.0,80.0,140.0,120.0
25815,263.0,138.0,144.0,157.0
25816,235.0,67.0,115.0,133.0
25817,248.0,112.0,132.0,133.0
25818,258.0,134.0,161.0,140.0
25819,249.0,78.0,132.0,137.0
25820,275.0,154.0,152.0,162.0
25821,244.0,129.0,133.0,138.0
25822,252.0,220.0,133.0,137.0
25823,243.0,99.0,151.0,134.0
25824,227.0,211.0,141.0,128.0
25825,231.0,114.0,137.0,133.0
25826,242.0,123.0,143.0,137.0
25827,247.0,159.0,138.0,144.0
25828,254.0,133.0,141.0,147.0
25829,261.0,121.0,153.0,134.0
25830,257.0,118.0,151.0,146.0
25831,267.0,112.0,144.0,148.0
25832,249.0,53.0,141.0,139.0
25833,252.0,147.0,149.0,160.0
25834,279.0,108.0,139.0,164.0
25835,257.0,217.0,155.0,139.0
25836,231.0,231.0,145.0,134.0
25837,258.0,223.0,156.0,148.0
25838,251.0,124.0,142.0,132.0
25839,259.0,136.0,136.0,147.0
25840,247.0,219.0,129.0,149.0
25841,235.0,110.0,146.0,136.0
25842,247.0,213.0,142.0,148.0
25843,252.0,143.0,131.0,151.0
25844,248.0,236.0,138.0,131.0
25845,255.0,70.0,149.0,141.0
25846,262.0,102.0,144.0,140.0
25847,256.0,127.0,145.0,138.0
25848,257.0,219.0,136.0,142.0
25849,269.0,120.0,146.0,133.0
25850,255.0,81.0,138.0,150.0
25851,240.0,136.0,146.0,150.0
25852,236.0,120.0,120.0,145.0
25853,247.0,121.0,142.0,131.0
25854,249.0,215.0,156.0,141.0
25855,233.0,209.0,117.0,132.0
25856,266.0,234.0,143.0,154.0
25857,243.0,115.0,142.0,136.0
25858,264.0,227.0,135.0,157.0
25859,243.0,106.0,131.0,130.0
25860,252.0,125.0,144.0,141.0
25861,229.0,106.0,112.0,120.0
25862,250.0,218.0,145.0,140.0
25863,234.0,102.0,122.0,140.0
25864,267.0,72.0,159.0,135.0
25865,237.0,128.0,127.0,141.0
25866,257.0,139.0,135.0,121.0
25867,259.0,212.0,151.0,145.0
25868,249.0,217.0,141.0,141.0
25869,248.0,224.0,133.0,139.0
25870,267.0,123.0,170.0,148.0
25871,249.0,100.0,133.0,130.0
25872,240.0,234.0,131.0,115.0
25873,265.0,121.0,135.0,155.0
25874,255.0,106.0,143.0,134.0
25875,252.0,81.0,142.0,143.0
25876,261.0,107.0,139.0,129.0
25877,252.0,112.0,149.0,142.0
25878,242.0,67.0,131.0,138.0
25879,251.0,241.0,148.0,165.0
25880,247.0,200.0,154.0,135.0
25881,223.0,198.0,118.0,130.0
25882,238.0,74.0,152.0,124.0
25883,262.0,191.0,128.0,135.0
25884,246.0,106.0,145.0,152.0
25885,283.0,138.0,167.0,163.0
25886,226.0,85.0,122.0,136.0
25887,260.0,251.0,160.0,151.0
25888,265.0,120.0,158.0,138.0
25889,252.0,226.0,146.0,142.0
25890,274.0,133.0,161.0,148.0
25891,273.0,248.0,149.0,144.0
25892,260.0,217.0,160.0,150.0
25893,245.0,218.0,136.0,128.0
25894,236.0,202.0,117.0,119.0
25895,242.0,234.0,137.0,137.0
25896,254.0,44.0,140.0,145.0
25897,281.0,113.0,155.0,165.0
25898,254.0,156.0,142.0,144.0
25899,250.0,118.0,160.0,138.0
25900,268.0,113.0,164.0,156.0
25901,268.0,124.0,138.0,149.0
25902,242.0,48.0,149.0,133.0
25903,269.0,105.0,157.0,148.0
25904,271.0,82.0,159.0,151.0
25905,258.0,123.0,143.0,138.0
25906,241.0,148.0,130.0,135.0
25907,235.0,103.0,138.0,127.0
25908,238.0,226.0,132.0,136.0
25909,278.0,266.0,159.0,163.0
25910,289.0,114.0,174.0,163.0
25911,264.0,159.0,142.0,142.0
25912,246.0,110.0,132.0,129.0
25913,259.0,160.0,140.0,146.0
25914,254.0,129.0,142.0,136.0
25915,244.0,103.0,138.0,122.0
25916,249.0,215.0,126.0,143.0
25917,235.0,71.0,134.0,152.0
25918,258.0,132.0,142.0,145.0
25919,245.0,132.0,149.0,144.0
25920,275.0,109.0,162.0,151.0
25921,231.0,99.0,136.0,114.0
25922,234.0,201.0,140.0,132.0
25923,240.0,224.0,137.0,141.0
25924,254.0,211.0,151.0,144.0
25925,249.0,202.0,132.0,114.0
25926,239.0,99.0,139.0,127.0
25927,248.0,115.0,131.0,154.0
25928,249.0,119.0,143.0,135.0
25929,276.0,92.0,150.0,165.0
25930,253.0,169.0,142.0,149.0
25931,248.0,111.0,138.0,125.0
25932,240.0,110.0,123.0,128.0
25933,248.0,239.0,146.0,145.0
25934,262.0,227.0,150.0,134.0
25935,257.0,219.0,148.0,141.0
25936,250.0,199.0,148.0,134.0
25937,236.0,214.0,124.0,131.0
25938,263.0,131.0,150.0,145.0
25939,216.0,36.0,118.0,118.0
25940,235.0,212.0,132.0,126.0
25941,230.0,199.0,128.0,126.0
25942,267.0,231.0,163.0,152.0
25943,265.0,113.0,142.0,120.0
25944,245.0,96.0,135.0,140.0
25945,244.0,132.0,136.0,143.0
25946,243.0,213.0,155.0,145.0
25947,224.0,199.0,128.0,125.0
25948,268.0,241.0,145.0,158.0
25949,250.0,244.0,129.0,141.0
25950,259.0,250.0,160.0,127.0
25951,219.0,54.0,112.0,138.0
25952,226.0,98.0,139.0,136.0
25953,237.0,211.0,129.0,140.0
25954,239.0,163.0,133.0,130.0
25955,231.0,120.0,125.0,122.0
25956,269.0,119.0,162.0,156.0
25957,263.0,199.0,141.0,140.0
25958,244.0,117.0,138.0,128.0
25959,230.0,200.0,126.0,126.0
25960,249.0,207.0,144.0,150.0
25961,250.0,214.0,137.0,154.0
25962,231.0,190.0,138.0,131.0
25963,228.0,99.0,124.0,138.0
25964,247.0,104.0,139.0,132.0
25965,252.0,214.0,154.0,127.0
25966,251.0,90.0,139.0,150.0
25967,229.0,194.0,119.0,128.0
25968,270.0,115.0,155.0,161.0
25969,247.0,205.0,148.0,142.0
25970,266.0,224.0,139.0,145.0
25971,242.0,201.0,136.0,148.0
25972,221.0,85.0,131.0,123.0
25973,243.0,96.0,140.0,129.0
25974,250.0,240.0,138.0,145.0
25975,226.0,117.0,139.0,142.0
25976,240.0,194.0,134.0,130.0
25977,271.0,224.0,139.0,157.0
25978,251.0,219.0,145.0,139.0
25979,234.0,214.0,133.0,137.0
25980,242.0,86.0,140.0,135.0
25981,239.0,147.0,146.0,136.0
25982,221.0,91.0,131.0,129.0
25983,255.0,106.0,116.0,157.0
25984,234.0,107.0,126.0,128.0
25985,247.0,105.0,137.0,130.0
25986,258.0,242.0,131.0,150.0
25987,240.0,125.0,139.0,123.0
25988,258.0,230.0,163.0,137.0
25989,231.0,127.0,119.0,140.0
25990,273.0,230.0,153.0,151.0
25991,230.0,110.0,127.0,143.0
25992,223.0,215.0,133.0,125.0
25993,229.0,182.0,123.0,126.0
25994,244.0,175.0,116.0,141.0
25995,252.0,242.0,147.0,132.0
25996,247.0,194.0,136.0,136.0
25997,269.0,92.0,161.0,154.0
25998,263.0,107.0,143.0,151.0
25999,252.0,115.0,149.0,153.0
26000,247.0,149.0,137.0,146.0
26001,241.0,100.0,142.0,132.0
26002,252.0,104.0,139.0,146.0
26003,222.0,210.0,130.0,142.0
26004,259.0,169.0,142.0,149.0
26005,228.0,111.0,138.0,115.0
26006,256.0,99.0,131.0,137.0
26007,256.0,249.0,168.0,156.0
26008,256.0,122.0,125.0,132.0
26009,250.0,102.0,138.0,144.0
26010,243.0,80.0,132.0,131.0
26011,236.0,82.0,138.0,127.0
26012,252.0,117.0,139.0,142.0
26013,226.0,126.0,115.0,125.0
26014,228.0,221.0,126.0,126.0
26015,243.0,234.0,132.0,128.0
26016,246.0,142.0,138.0,156.0
26017,264.0,236.0,145.0,147.0
26018,243.0,91.0,132.0,150.0
26019,253.0,106.0,145.0,159.0
26020,238.0,88.0,117.0,142.0
26021,267.0,234.0,137.0,149.0
26022,236.0,227.0,135.0,129.0
26023,251.0,215.0,134.0,140.0
26024,230.0,127.0,136.0,109.0
26025,242.0,107.0,121.0,130.0
26026,248.0,133.0,153.0,133.0
26027,230.0,135.0,117.0,140.0
26028,257.0,158.0,133.0,155.0
26029,244.0,168.0,120.0,151.0
26030,249.0,148.0,137.0,140.0
26031,244.0,210.0,136.0,156.0
26032,261.0,81.0,153.0,135.0
26033,241.0,144.0,122.0,135.0
26034,238.0,237.0,130.0,146.0
26035,253.0,216.0,130.0,155.0
26036,271.0,204.0,154.0,162.0
26037,258.0,221.0,161.0,153.0
26038,259.0,145.0,148.0,153.0
26039,251.0,181.0,142.0,136.0
26040,232.0,197.0,129.0,128.0
26041,238.0,86.0,137.0,129.0
26042,258.0,144.0,134.0,144.0
26043,234.0,205.0,129.0,132.0
26044,241.0,82.0,135.0,134.0
26045,262.0,170.0,158.0,144.0
26046,250.0,99.0,137.0,149.0
26047,244.0,201.0,121.0,130.0
26048,251.0,59.0,126.0,157.0
26049,240.0,86.0,148.0,135.0
26050,262.0,114.0,151.0,145.0
26051,233.0,200.0,128.0,120.0
26052,237.0,200.0,135.0,139.0
26053,227.0,142.0,124.0,126.0
26054,280.0,136.0,161.0,165.0
26055,257.0,95.0,148.0,140.0
26056,234.0,153.0,132.0,122.0
26057,242.0,141.0,124.0,126.0
26058,247.0,206.0,131.0,126.0
26059,243.0,133.0,120.0,148.0
26060,246.0,214.0,149.0,154.0
26061,231.0,62.0,124.0,122.0
26062,256.0,141.0,146.0,149.0
26063,250.0,94.0,133.0,147.0
26064,249.0,222.0,142.0,144.0
26065,253.0,117.0,139.0,144.0
26066,270.0,99.0,146.0,161.0
26067,256.0,126.0,148.0,154.0
26068,248.0,74.0,141.0,141.0
26069,235.0,198.0,141.0,132.0
26070,243.0,110.0,114.0,142.0
26071,253.0,221.0,137.0,142.0
26072,239.0,94.0,160.0,126.0
26073,256.0,130.0,149.0,156.0
26074,238.0,201.0,142.0,125.0
26075,258.0,113.0,127.0,147.0
26076,266.0,162.0,142.0,146.0
26077,254.0,105.0,141.0,145.0
26078,274.0,123.0,164.0,147.0
26079,248.0,228.0,151.0,135.0
26080,247.0,213.0,136.0,127.0
26081,236.0,98.0,139.0,139.0
26082,250.0,108.0,128.0,135.0
26083,249.0,248.0,153.0,132.0
26084,235.0,203.0,133.0,132.0
26085,251.0,128.0,146.0,137.0
26086,253.0,208.0,142.0,151.0
26087,255.0,90.0,144.0,133.0
26088,258.0,72.0,145.0,145.0
26089,247.0,241.0,138.0,144.0
26090,249.0,110.0,153.0,134.0
26091,238.0,204.0,131.0,125.0
26092,254.0,75.0,143.0,131.0
26093,252.0,120.0,150.0,134.0
26094,243.0,102.0,126.0,129.0
26095,246.0,234.0,143.0,131.0
26096,273.0,245.0,154.0,152.0
26097,240.0,84.0,120.0,144.0
26098,254.0,118.0,136.0,148.0
26099,249.0,149.0,147.0,132.0
26100,241.0,113.0,144.0,137.0
26101,236.0,190.0,145.0,138.0
26102,242.0,128.0,122.0,136.0
26103,259.0,93.0,138.0,128.0
26104,277.0,207.0,159.0,169.0
26105,242.0,212.0,122.0,137.0
26106,262.0,118.0,130.0,143.0
26107,254.0,230.0,127.0,141.0
26108,241.0,120.0,140.0,143.0
26109,251.0,108.0,143.0,134.0
26110,256.0,117.0,146.0,154.0
26111,241.0,138.0,136.0,131.0
26112,244.0,215.0,136.0,142.0
26113,238.0,96.0,136.0,133.0
26114,263.0,236.0,138.0,140.0
26115,264.0,114.0,160.0,151.0
26116,217.0,82.0,124.0,110.0
26117,239.0,129.0,123.0,142.0
26118,254.0,108.0,141.0,148.0
26119,239.0,137.0,129.0,128.0
26120,250.0,133.0,151.0,137.0
26121,283.0,133.0,153.0,162.0
26122,249.0,121.0,137.0,136.0
26123,239.0,179.0,139.0,125.0
26124,258.0,119.0,144.0,149.0
26125,242.0,212.0,124.0,135.0
26126,244.0,83.0,130.0,154.0
26127,250.0,80.0,142.0,145.0
26128,254.0,223.0,154.0,139.0
26129,249.0,209.0,139.0,125.0
26130,274.0,109.0,154.0,147.0
26131,244.0,121.0,140.0,144.0
26132,258.0,136.0,145.0,148.0
26133,251.0,200.0,135.0,144.0
26134,260.0,250.0,137.0,138.0
26135,232.0,223.0,127.0,138.0
26136,232.0,105.0,134.0,121.0
26137,243.0,77.0,146.0,141.0
26138,241.0,82.0,147.0,123.0
26139,262.0,159.0,128.0,151.0
26140,248.0,244.0,135.0,123.0
26141,241.0,119.0,142.0,121.0
26142,238.0,98.0,145.0,125.0
26143,244.0,206.0,154.0,140.0
26144,247.0,94.0,125.0,137.0
26145,244.0,225.0,131.0,143.0
26146,258.0,165.0,150.0,142.0
26147,244.0,101.0,148.0,128.0
26148,248.0,119.0,146.0,134.0
26149,252.0,75.0,145.0,150.0
26150,252.0,224.0,129.0,140.0
26151,228.0,97.0,123.0,103.0
26152,228.0,85.0,126.0,111.0
26153,267.0,141.0,144.0,158.0
26154,250.0,123.0,137.0,140.0
26155,240.0,208.0,129.0,137.0
26156,253.0,126.0,146.0,133.0
26157,240.0,209.0,138.0,129.0
26158,234.0,191.0,138.0,134.0
26159,245.0,89.0,140.0,134.0
26160,252.0,226.0,146.0,144.0
26161,274.0,227.0,160.0,142.0
26162,255.0,85.0,159.0,142.0
26163,243.0,214.0,135.0,128.0
26164,250.0,223.0,154.0,133.0
26165,250.0,87.0,132.0,135.0
26166,261.0,235.0,159.0,145.0
26167,232.0,195.0,122.0,140.0
26168,232.0,91.0,144.0,131.0
26169,256.0,226.0,140.0,151.0
26170,255.0,249.0,150.0,154.0
26171,279.0,248.0,151.0,157.0
26172,248.0,247.0,147.0,138.0
26173,226.0,225.0,139.0,126.0
26174,244.0,103.0,136.0,138.0
26175,265.0,239.0,148.0,149.0
26176,261.0,104.0,138.0,145.0
26177,249.0,241.0,148.0,127.0
26178,264.0,159.0,150.0,151.0
26179,240.0,104.0,129.0,142.0
26180,234.0,200.0,126.0,129.0
26181,227.0,196.0,142.0,123.0
26182,251.0,36.0,155.0,152.0
26183,245.0,104.0,124.0,134.0
26184,241.0,85.0,136.0,136.0
26185,237.0,198.0,129.0,143.0
26186,253.0,84.0,149.0,139.0
26187,255.0,108.0,156.0,138.0
26188,269.0,92.0,156.0,158.0
26189,239.0,122.0,156.0,142.0
26190,255.0,106.0,147.0,160.0
26191,244.0,129.0,129.0,141.0
26192,267.0,111.0,160.0,132.0
26193,234.0,127.0,125.0,133.0
26194,263.0,107.0,156.0,155.0
26195,248.0,123.0,145.0,144.0
26196,253.0,75.0,141.0,142.0
26197,249.0,117.0,117.0,132.0
26198,261.0,130.0,124.0,137.0
26199,250.0,213.0,139.0,133.0
26200,257.0,133.0,143.0,149.0
26201,222.0,183.0,135.0,117.0
26202,247.0,118.0,134.0,150.0
26203,266.0,116.0,143.0,135.0
26204,233.0,100.0,139.0,135.0
26205,274.0,143.0,148.0,155.0
26206,284.0,182.0,151.0,178.0
26207,242.0,100.0,143.0,127.0
26208,237.0,201.0,122.0,139.0
26209,247.0,95.0,138.0,141.0
26210,236.0,230.0,129.0,126.0
26211,247.0,202.0,139.0,146.0
26212,224.0,76.0,139.0,127.0
26213,245.0,244.0,145.0,136.0
26214,258.0,218.0,132.0,147.0
26215,240.0,211.0,120.0,133.0
26216,255.0,241.0,144.0,135.0
26217,227.0,113.0,118.0,130.0
26218,256.0,97.0,135.0,146.0
26219,255.0,233.0,140.0,138.0
26220,257.0,52.0,134.0,148.0
26221,277.0,101.0,170.0,155.0
26222,232.0,108.0,140.0,120.0
26223,248.0,94.0,152.0,143.0
26224,268.0,230.0,147.0,140.0
26225,251.0,67.0,138.0,144.0
26226,256.0,251.0,147.0,152.0
26227,243.0,92.0,127.0,139.0
26228,232.0,105.0,123.0,133.0
26229,233.0,98.0,115.0,133.0
26230,263.0,134.0,153.0,155.0
26231,250.0,219.0,137.0,137.0
26232,253.0,105.0,137.0,128.0
26233,275.0,149.0,138.0,151.0
26234,254.0,228.0,140.0,148.0
26235,259.0,231.0,151.0,140.0
26236,230.0,108.0,118.0,129.0
26237,243.0,220.0,135.0,146.0
26238,217.0,139.0,134.0,118.0
26239,256.0,154.0,128.0,150.0
26240,265.0,225.0,145.0,146.0
26241,271.0,133.0,159.0,151.0
26242,249.0,107.0,146.0,125.0
26243,269.0,109.0,168.0,152.0
26244,260.0,112.0,150.0,154.0
26245,231.0,109.0,135.0,130.0
26246,256.0,141.0,159.0,140.0
26247,264.0,141.0,156.0,133.0
26248,241.0,216.0,138.0,136.0
26249,239.0,116.0,118.0,132.0
26250,242.0,221.0,138.0,132.0
26251,264.0,232.0,127.0,144.0
26252,269.0,214.0,140.0,152.0
26253,256.0,111.0,144.0,141.0
26254,257.0,94.0,144.0,141.0
26255,251.0,222.0,137.0,163.0
26256,277.0,122.0,164.0,151.0
26257,268.0,125.0,148.0,143.0
26258,239.0,93.0,125.0,117.0
26259,257.0,130.0,147.0,151.0
26260,240.0,229.0,120.0,135.0
26261,231.0,112.0,122.0,124.0
26262,262.0,122.0,153.0,156.0
26263,243.0,132.0,129.0,141.0
26264,254.0,119.0,143.0,145.0
26265,241.0,201.0,129.0,145.0
26266,267.0,258.0,156.0,159.0
26267,263.0,260.0,158.0,148.0
26268,251.0,106.0,129.0,140.0
26269,264.0,220.0,155.0,152.0
26270,255.0,215.0,143.0,135.0
26271,249.0,239.0,159.0,135.0
26272,242.0,214.0,123.0,140.0
26273,254.0,144.0,137.0,146.0
26274,260.0,141.0,139.0,143.0
26275,254.0,90.0,144.0,131.0
26276,243.0,124.0,130.0,142.0
26277,261.0,222.0,154.0,158.0
26278,250.0,116.0,127.0,133.0
26279,268.0,241.0,163.0,165.0
26280,228.0,143.0,119.0,142.0
26281,253.0,218.0,137.0,145.0
26282,260.0,90.0,139.0,140.0
26283,233.0,191.0,121.0,118.0
26284,252.0,246.0,142.0,131.0
26285,228.0,212.0,133.0,126.0
26286,265.0,139.0,141.0,160.0
26287,242.0,235.0,127.0,143.0
26288,234.0,227.0,117.0,124.0
26289,251.0,214.0,140.0,142.0
26290,254.0,251.0,140.0,149.0
26291,296.0,257.0,167.0,183.0
26292,246.0,187.0,120.0,130.0
26293,248.0,244.0,148.0,137.0
26294,267.0,228.0,148.0,144.0
26295,252.0,129.0,135.0,133.0
26296,229.0,97.0,121.0,120.0
26297,251.0,135.0,166.0,146.0
26298,263.0,92.0,153.0,149.0
26299,255.0,214.0,155.0,145.0
26300,218.0,214.0,121.0,120.0
26301,252.0,248.0,142.0,126.0
26302,264.0,136.0,150.0,155.0
26303,236.0,232.0,147.0,136.0
26304,266.0,113.0,133.0,165.0
26305,277.0,96.0,166.0,150.0
26306,252.0,227.0,146.0,139.0
26307,259.0,113.0,153.0,151.0
26308,252.0,221.0,143.0,132.0
26309,250.0,86.0,150.0,134.0
26310,241.0,191.0,133.0,136.0
26311,266.0,217.0,143.0,160.0
26312,265.0,237.0,128.0,153.0
26313,251.0,151.0,143.0,138.0
26314,245.0,130.0,135.0,142.0
26315,238.0,128.0,138.0,139.0
26316,256.0,255.0,139.0,131.0
26317,226.0,52.0,118.0,126.0
26318,266.0,99.0,148.0,144.0
26319,242.0,108.0,130.0,124.0
26320,242.0,59.0,140.0,138.0
26321,251.0,91.0,144.0,139.0
26322,263.0,220.0,155.0,163.0
26323,263.0,90.0,154.0,145.0
26324,225.0,74.0,120.0,135.0
26325,253.0,79.0,146.0,134.0
26326,272.0,163.0,145.0,158.0
26327,249.0,155.0,148.0,141.0
26328,240.0,84.0,133.0,125.0
26329,253.0,230.0,153.0,144.0
26330,263.0,140.0,149.0,139.0
26331,249.0,217.0,148.0,123.0
26332,260.0,45.0,149.0,144.0
26333,261.0,177.0,146.0,155.0
26334,249.0,233.0,141.0,144.0
26335,260.0,135.0,145.0,161.0
26336,259.0,110.0,138.0,146.0
26337,247.0,162.0,133.0,134.0
26338,264.0,110.0,155.0,165.0
26339,271.0,58.0,159.0,137.0
26340,237.0,111.0,148.0,131.0
26341,277.0,243.0,164.0,146.0
26342,272.0,72.0,150.0,156.0
26343,250.0,127.0,145.0,151.0
26344,259.0,223.0,137.0,144.0
26345,242.0,218.0,147.0,133.0
26346,264.0,225.0,155.0,158.0
26347,256.0,106.0,132.0,127.0
26348,249.0,111.0,145.0,147.0
26349,275.0,111.0,152.0,148.0
26350,246.0,95.0,140.0,132.0
26351,253.0,161.0,127.0,135.0
26352,247.0,150.0,139.0,134.0
26353,221.0,105.0,126.0,118.0
26354,232.0,206.0,131.0,127.0
26355,241.0,107.0,144.0,137.0
26356,261.0,138.0,139.0,152.0
26357,231.0,147.0,115.0,131.0
26358,254.0,126.0,139.0,152.0
26359,223.0,201.0,123.0,128.0
26360,241.0,125.0,135.0,135.0
26361,254.0,151.0,140.0,139.0
26362,251.0,245.0,140.0,146.0
26363,273.0,86.0,150.0,138.0
26364,252.0,131.0,144.0,136.0
26365,223.0,191.0,128.0,130.0
26366,244.0,103.0,121.0,133.0
26367,263.0,96.0,150.0,149.0
26368,241.0,104.0,137.0,141.0
26369,268.0,152.0,141.0,158.0
26370,241.0,100.0,132.0,140.0
26371,260.0,113.0,149.0,145.0
26372,247.0,85.0,142.0,128.0
26373,261.0,223.0,157.0,134.0
26374,252.0,219.0,137.0,145.0
26375,255.0,158.0,127.0,137.0
26376,236.0,204.0,135.0,137.0
26377,249.0,112.0,149.0,154.0
26378,231.0,210.0,126.0,129.0
26379,252.0,59.0,146.0,135.0
26380,247.0,97.0,134.0,154.0
26381,220.0,189.0,131.0,117.0
26382,250.0,213.0,140.0,145.0
26383,256.0,85.0,136.0,130.0
26384,217.0,93.0,129.0,126.0
26385,241.0,232.0,133.0,118.0
26386,264.0,212.0,146.0,150.0
26387,264.0,165.0,144.0,149.0
26388,215.0,147.0,118.0,116.0
26389,253.0,111.0,156.0,145.0
26390,266.0,233.0,162.0,165.0
26391,233.0,206.0,133.0,133.0
26392,269.0,111.0,159.0,148.0
26393,265.0,85.0,151.0,154.0
26394,250.0,145.0,141.0,135.0
26395,249.0,93.0,139.0,147.0
26396,243.0,168.0,138.0,139.0
26397,260.0,121.0,150.0,132.0
26398,251.0,60.0,144.0,146.0
26399,239.0,86.0,132.0,132.0
26400,243.0,199.0,144.0,127.0
26401,242.0,101.0,156.0,131.0
26402,271.0,147.0,172.0,152.0
26403,254.0,128.0,147.0,146.0
26404,259.0,206.0,142.0,142.0
26405,244.0,85.0,131.0,137.0
26406,270.0,178.0,154.0,159.0
26407,241.0,110.0,130.0,142.0
26408,229.0,192.0,139.0,138.0
26409,224.0,126.0,117.0,123.0
26410,260.0,127.0,147.0,139.0
26411,253.0,226.0,142.0,130.0
26412,260.0,102.0,153.0,144.0
26413,254.0,209.0,155.0,142.0
26414,234.0,122.0,130.0,133.0
26415,260.0,223.0,140.0,148.0
26416,264.0,117.0,142.0,156.0
26417,247.0,117.0,150.0,126.0
26418,252.0,76.0,138.0,144.0
26419,249.0,152.0,150.0,142.0
26420,256.0,114.0,145.0,134.0
26421,250.0,117.0,139.0,150.0
26422,251.0,102.0,137.0,146.0
26423,237.0,230.0,132.0,145.0
26424,246.0,83.0,143.0,140.0
26425,284.0,166.0,164.0,159.0
26426,263.0,99.0,150.0,150.0
26427,226.0,202.0,113.0,125.0
26428,265.0,113.0,153.0,143.0
26429,252.0,109.0,143.0,139.0
26430,262.0,114.0,153.0,140.0
26431,262.0,215.0,163.0,145.0
26432,227.0,86.0,120.0,131.0
26433,258.0,121.0,137.0,143.0
26434,257.0,218.0,155.0,145.0
26435,243.0,101.0,139.0,140.0
26436,232.0,193.0,146.0,131.0
26437,249.0,120.0,152.0,140.0
26438,255.0,205.0,133.0,150.0
26439,219.0,114.0,130.0,114.0
26440,253.0,90.0,140.0,136.0
26441,241.0,125.0,129.0,147.0
26442,254.0,104.0,140.0,140.0
26443,260.0,109.0,130.0,150.0
26444,269.0,132.0,153.0,138.0
26445,267.0,126.0,145.0,140.0
26446,270.0,205.0,149.0,158.0
26447,254.0,124.0,142.0,139.0
26448,255.0,106.0,143.0,123.0
26449,232.0,133.0,126.0,133.0
26450,240.0,115.0,136.0,144.0
26451,255.0,62.0,126.0,151.0
26452,253.0,87.0,146.0,142.0
26453,236.0,128.0,136.0,139.0
26454,258.0,246.0,148.0,147.0
26455,256.0,244.0,132.0,145.0
26456,255.0,219.0,141.0,154.0
26457,266.0,122.0,152.0,153.0
26458,238.0,123.0,129.0,137.0
26459,259.0,56.0,148.0,141.0
26460,247.0,117.0,132.0,144.0
26461,238.0,215.0,130.0,137.0
26462,256.0,157.0,152.0,142.0
26463,273.0,115.0,152.0,152.0
26464,240.0,144.0,133.0,133.0
26465,253.0,66.0,138.0,152.0
26466,226.0,188.0,113.0,115.0
26467,246.0,203.0,152.0,141.0
26468,254.0,99.0,146.0,151.0
26469,233.0,102.0,130.0,132.0
26470,267.0,87.0,140.0,153.0
26471,247.0,142.0,152.0,132.0
26472,254.0,89.0,133.0,157.0
26473,257.0,142.0,143.0,145.0
26474,296.0,86.0,161.0,169.0
26475,260.0,259.0,156.0,149.0
26476,251.0,202.0,157.0,141.0
26477,239.0,104.0,131.0,140.0
26478,256.0,177.0,142.0,131.0
26479,267.0,96.0,139.0,154.0
26480,252.0,112.0,139.0,142.0
26481,273.0,223.0,170.0,151.0
26482,264.0,211.0,144.0,143.0
26483,245.0,215.0,140.0,149.0
26484,242.0,124.0,138.0,138.0
26485,254.0,106.0,131.0,131.0
26486,242.0,210.0,122.0,116.0
26487,246.0,87.0,145.0,133.0
26488,239.0,199.0,127.0,138.0
26489,246.0,221.0,142.0,145.0
26490,250.0,209.0,145.0,152.0
26491,243.0,174.0,132.0,139.0
26492,245.0,208.0,148.0,129.0
26493,270.0,164.0,158.0,147.0
26494,254.0,193.0,139.0,143.0
26495,234.0,118.0,122.0,141.0
26496,242.0,81.0,136.0,142.0
26497,239.0,222.0,143.0,123.0
26498,245.0,209.0,136.0,136.0
26499,239.0,93.0,136.0,123.0
26500,270.0,202.0,148.0,150.0
26501,264.0,255.0,148.0,160.0
26502,287.0,238.0,172.0,168.0
26503,236.0,139.0,126.0,120.0
26504,246.0,82.0,132.0,142.0
26505,253.0,60.0,158.0,140.0
26506,262.0,132.0,141.0,155.0
26507,246.0,208.0,138.0,135.0
26508,227.0,112.0,133.0,130.0
26509,242.0,217.0,147.0,140.0
26510,244.0,240.0,147.0,151.0
26511,255.0,251.0,159.0,146.0
26512,260.0,83.0,134.0,152.0
26513,257.0,97.0,143.0,139.0
26514,245.0,120.0,142.0,148.0
26515,273.0,110.0,154.0,147.0
26516,258.0,92.0,139.0,138.0
26517,250.0,90.0,140.0,137.0
26518,246.0,122.0,136.0,135.0
26519,251.0,93.0,150.0,136.0
26520,257.0,130.0,135.0,138.0
26521,238.0,147.0,133.0,144.0
26522,254.0,248.0,148.0,140.0
26523,270.0,107.0,174.0,159.0
26524,248.0,65.0,139.0,137.0
26525,248.0,134.0,148.0,132.0
26526,251.0,110.0,125.0,131.0
26527,254.0,116.0,156.0,134.0
26528,257.0,81.0,142.0,150.0
26529,267.0,255.0,159.0,153.0
26530,241.0,162.0,128.0,141.0
26531,243.0,210.0,137.0,137.0
26532,263.0,126.0,143.0,144.0
26533,257.0,100.0,147.0,140.0
26534,277.0,186.0,173.0,155.0
26535,261.0,126.0,155.0,139.0
26536,257.0,135.0,146.0,143.0
26537,236.0,108.0,146.0,129.0
26538,265.0,90.0,156.0,139.0
26539,264.0,168.0,154.0,159.0
26540,276.0,276.0,156.0,162.0
26541,234.0,208.0,119.0,137.0
26542,248.0,218.0,134.0,138.0
26543,243.0,95.0,141.0,134.0
26544,237.0,196.0,130.0,134.0
26545,261.0,123.0,135.0,148.0
26546,255.0,110.0,146.0,146.0
26547,240.0,219.0,143.0,130.0
26548,249.0,206.0,148.0,146.0
26549,259.0,174.0,134.0,128.0
26550,254.0,217.0,142.0,130.0
26551,267.0,85.0,157.0,152.0
26552,223.0,104.0,119.0,126.0
26553,242.0,116.0,142.0,134.0
26554,249.0,214.0,158.0,141.0
26555,247.0,242.0,139.0,134.0
26556,251.0,118.0,143.0,154.0
26557,240.0,239.0,143.0,129.0
26558,269.0,222.0,163.0,148.0
26559,256.0,222.0,155.0,153.0
26560,268.0,187.0,141.0,154.0
26561,251.0,241.0,139.0,149.0
26562,231.0,84.0,121.0,134.0
26563,273.0,236.0,155.0,144.0
26564,238.0,233.0,141.0,150.0
26565,251.0,95.0,148.0,145.0
26566,264.0,246.0,152.0,147.0
26567,246.0,218.0,129.0,147.0
26568,237.0,164.0,156.0,119.0
26569,255.0,74.0,148.0,143.0
26570,263.0,118.0,151.0,136.0
26571,236.0,92.0,122.0,129.0
26572,227.0,118.0,126.0,137.0
26573,250.0,89.0,148.0,143.0
26574,235.0,94.0,137.0,124.0
26575,261.0,120.0,159.0,154.0
26576,260.0,231.0,140.0,142.0
26577,249.0,214.0,144.0,145.0
26578,244.0,201.0,137.0,141.0
26579,242.0,125.0,127.0,140.0
26580,270.0,125.0,142.0,176.0
26581,243.0,94.0,141.0,136.0
26582,246.0,86.0,129.0,134.0
26583,235.0,116.0,157.0,136.0
26584,253.0,101.0,136.0,150.0
26585,243.0,112.0,133.0,134.0
26586,240.0,69.0,146.0,130.0
26587,247.0,225.0,133.0,145.0
26588,242.0,236.0,135.0,135.0
26589,273.0,68.0,164.0,149.0
26590,241.0,103.0,150.0,132.0
26591,245.0,121.0,126.0,138.0
26592,241.0,96.0,121.0,152.0
26593,248.0,136.0,132.0,136.0
26594,267.0,127.0,157.0,155.0
26595,236.0,199.0,133.0,124.0
26596,248.0,84.0,156.0,135.0
26597,238.0,115.0,134.0,123.0
26598,245.0,113.0,147.0,141.0
26599,241.0,113.0,139.0,130.0
26600,246.0,114.0,139.0,135.0
26601,258.0,110.0,136.0,150.0
26602,247.0,238.0,142.0,146.0
26603,262.0,158.0,148.0,162.0
26604,265.0,127.0,140.0,151.0
26605,273.0,126.0,143.0,146.0
26606,254.0,247.0,153.0,144.0
26607,261.0,254.0,145.0,147.0
26608,249.0,156.0,157.0,133.0
26609,250.0,140.0,137.0,152.0
26610,224.0,99.0,129.0,116.0
26611,245.0,118.0,152.0,128.0
26612,259.0,145.0,141.0,160.0
26613,246.0,76.0,149.0,133.0
26614,270.0,245.0,155.0,153.0
26615,249.0,136.0,141.0,130.0
26616,272.0,123.0,153.0,159.0
26617,248.0,35.0,140.0,138.0
26618,249.0,100.0,145.0,132.0
26619,243.0,215.0,142.0,139.0
26620,267.0,96.0,156.0,154.0
26621,251.0,67.0,140.0,139.0
26622,242.0,184.0,142.0,119.0
26623,259.0,84.0,139.0,142.0
26624,247.0,70.0,154.0,155.0
26625,239.0,217.0,137.0,126.0
26626,227.0,146.0,133.0,122.0
26627,240.0,211.0,137.0,128.0
26628,269.0,205.0,156.0,142.0
26629,229.0,99.0,141.0,131.0
26630,214.0,93.0,126.0,116.0
26631,248.0,118.0,136.0,139.0
26632,256.0,116.0,136.0,142.0
26633,225.0,131.0,130.0,126.0
26634,248.0,248.0,151.0,139.0
26635,232.0,80.0,126.0,141.0
26636,256.0,131.0,134.0,144.0
26637,252.0,128.0,147.0,151.0
26638,238.0,130.0,128.0,142.0
26639,247.0,137.0,143.0,136.0
26640,241.0,99.0,140.0,139.0
26641,248.0,155.0,129.0,143.0
26642,226.0,46.0,140.0,133.0
26643,238.0,115.0,142.0,133.0
26644,252.0,109.0,132.0,142.0
26645,242.0,134.0,143.0,148.0
26646,263.0,215.0,148.0,133.0
26647,236.0,82.0,144.0,132.0
26648,243.0,212.0,137.0,139.0
26649,233.0,205.0,107.0,126.0
26650,245.0,110.0,146.0,134.0
26651,268.0,84.0,142.0,154.0
26652,284.0,103.0,172.0,171.0
26653,273.0,228.0,162.0,151.0
26654,241.0,196.0,131.0,129.0
26655,245.0,88.0,144.0,143.0
26656,252.0,88.0,154.0,138.0
26657,263.0,91.0,156.0,158.0
26658,254.0,95.0,145.0,144.0
26659,224.0,182.0,125.0,111.0
26660,260.0,126.0,139.0,141.0
26661,251.0,212.0,136.0,137.0
26662,253.0,110.0,150.0,159.0
26663,243.0,98.0,151.0,128.0
26664,233.0,177.0,136.0,133.0
26665,239.0,234.0,146.0,152.0
26666,259.0,232.0,138.0,132.0
26667,265.0,141.0,142.0,154.0
26668,245.0,99.0,140.0,144.0
26669,246.0,216.0,136.0,133.0
26670,284.0,174.0,158.0,152.0
26671,248.0,112.0,136.0,130.0
26672,266.0,64.0,153.0,147.0
26673,250.0,107.0,144.0,146.0
26674,240.0,215.0,137.0,142.0
26675,246.0,130.0,130.0,139.0
26676,228.0,207.0,140.0,135.0
26677,258.0,218.0,144.0,136.0
26678,254.0,223.0,136.0,136.0
26679,247.0,156.0,139.0,142.0
26680,242.0,100.0,147.0,150.0
26681,246.0,81.0,127.0,136.0
26682,266.0,124.0,157.0,154.0
26683,235.0,67.0,118.0,146.0
26684,233.0,147.0,127.0,143.0
26685,258.0,87.0,131.0,145.0
26686,273.0,195.0,148.0,150.0
26687,226.0,90.0,135.0,115.0
26688,230.0,85.0,140.0,139.0
26689,270.0,100.0,153.0,155.0
26690,254.0,94.0,128.0,132.0
26691,270.0,82.0,147.0,138.0
26692,255.0,118.0,153.0,132.0
26693,245.0,119.0,149.0,132.0
26694,239.0,203.0,139.0,127.0
26695,239.0,109.0,144.0,135.0
26696,238.0,218.0,133.0,131.0
26697,259.0,255.0,162.0,158.0
26698,237.0,233.0,134.0,136.0
26699,220.0,174.0,126.0,134.0
26700,244.0,151.0,123.0,133.0
26701,238.0,85.0,135.0,131.0
26702,263.0,212.0,146.0,143.0
26703,253.0,135.0,148.0,153.0
26704,254.0,96.0,144.0,133.0
26705,293.0,141.0,148.0,168.0
26706,241.0,205.0,133.0,145.0
26707,253.0,113.0,145.0,133.0
26708,243.0,88.0,127.0,134.0
26709,251.0,203.0,135.0,144.0
26710,222.0,72.0,113.0,140.0
26711,262.0,155.0,140.0,141.0
26712,226.0,177.0,130.0,126.0
26713,231.0,103.0,125.0,122.0
26714,261.0,219.0,145.0,141.0
26715,277.0,172.0,145.0,134.0
26716,257.0,91.0,167.0,141.0
26717,240.0,238.0,157.0,141.0
26718,244.0,108.0,160.0,152.0
26719,227.0,113.0,134.0,128.0
26720,253.0,125.0,132.0,143.0
26721,220.0,103.0,123.0,119.0
26722,237.0,65.0,135.0,136.0
26723,282.0,241.0,162.0,165.0
26724,261.0,91.0,150.0,137.0
26725,261.0,119.0,143.0,154.0
26726,257.0,154.0,135.0,134.0
26727,262.0,123.0,148.0,151.0
26728,249.0,113.0,141.0,151.0
26729,247.0,109.0,149.0,141.0
26730,267.0,234.0,144.0,154.0
26731,266.0,140.0,160.0,146.0
26732,244.0,210.0,149.0,139.0
26733,254.0,239.0,138.0,142.0
26734,244.0,216.0,131.0,138.0
26735,245.0,203.0,135.0,143.0
26736,252.0,109.0,141.0,141.0
26737,252.0,96.0,140.0,153.0
26738,236.0,218.0,126.0,140.0
26739,275.0,160.0,151.0,157.0
26740,260.0,138.0,149.0,131.0
26741,251.0,246.0,136.0,150.0
26742,238.0,233.0,136.0,140.0
26743,252.0,124.0,133.0,132.0
26744,242.0,111.0,139.0,139.0
26745,252.0,133.0,140.0,139.0
26746,231.0,60.0,126.0,118.0
26747,259.0,257.0,147.0,141.0
26748,262.0,250.0,148.0,147.0
26749,233.0,221.0,130.0,122.0
26750,255.0,102.0,129.0,143.0
26751,249.0,103.0,155.0,139.0
26752,249.0,55.0,137.0,149.0
26753,250.0,96.0,133.0,133.0
26754,264.0,194.0,149.0,146.0
26755,241.0,79.0,131.0,141.0
26756,260.0,249.0,142.0,144.0
26757,249.0,200.0,145.0,134.0
26758,261.0,116.0,129.0,141.0
26759,256.0,79.0,139.0,148.0
26760,252.0,228.0,145.0,144.0
26761,264.0,136.0,136.0,139.0
26762,251.0,98.0,143.0,132.0
26763,237.0,199.0,135.0,122.0
26764,218.0,122.0,117.0,129.0
26765,246.0,127.0,134.0,138.0
26766,256.0,224.0,140.0,145.0
26767,257.0,224.0,153.0,132.0
26768,256.0,76.0,145.0,152.0
26769,272.0,192.0,144.0,162.0
26770,274.0,146.0,154.0,156.0
26771,238.0,237.0,142.0,133.0
26772,245.0,110.0,125.0,138.0
26773,222.0,208.0,121.0,110.0
26774,270.0,244.0,141.0,159.0
26775,242.0,207.0,139.0,145.0
26776,258.0,128.0,137.0,146.0
26777,252.0,106.0,121.0,144.0
26778,259.0,229.0,148.0,140.0
26779,228.0,129.0,118.0,125.0
26780,278.0,190.0,166.0,168.0
26781,240.0,189.0,137.0,134.0
26782,254.0,213.0,133.0,135.0
26783,245.0,220.0,152.0,150.0
26784,248.0,176.0,144.0,143.0
26785,257.0,164.0,141.0,145.0
26786,245.0,203.0,132.0,135.0
26787,256.0,223.0,133.0,145.0
26788,252.0,247.0,143.0,152.0
26789,249.0,150.0,127.0,128.0
26790,273.0,97.0,150.0,154.0
26791,246.0,132.0,136.0,137.0
26792,253.0,201.0,131.0,152.0
26793,261.0,220.0,149.0,150.0
26794,247.0,137.0,146.0,140.0
26795,256.0,221.0,142.0,149.0
26796,274.0,264.0,148.0,143.0
26797,252.0,222.0,142.0,138.0
26798,235.0,205.0,124.0,130.0
26799,264.0,261.0,143.0,155.0
26800,242.0,195.0,137.0,122.0
26801,253.0,126.0,140.0,133.0
26802,250.0,142.0,129.0,148.0
26803,245.0,87.0,141.0,132.0
26804,269.0,160.0,143.0,154.0
26805,244.0,211.0,128.0,135.0
26806,247.0,223.0,145.0,136.0
26807,263.0,263.0,157.0,165.0
26808,227.0,222.0,124.0,118.0
26809,252.0,223.0,154.0,135.0
26810,277.0,118.0,150.0,156.0
26811,260.0,99.0,138.0,149.0
26812,224.0,114.0,120.0,142.0
26813,249.0,212.0,150.0,138.0
26814,259.0,120.0,138.0,136.0
26815,260.0,241.0,152.0,142.0
26816,237.0,208.0,133.0,137.0
26817,241.0,79.0,132.0,136.0
26818,249.0,136.0,149.0,134.0
26819,260.0,215.0,143.0,142.0
26820,233.0,103.0,114.0,142.0
26821,258.0,211.0,138.0,150.0
26822,264.0,217.0,133.0,155.0
26823,260.0,96.0,152.0,156.0
26824,240.0,71.0,142.0,148.0
26825,236.0,112.0,123.0,138.0
26826,237.0,237.0,132.0,138.0
26827,251.0,122.0,138.0,136.0
26828,230.0,79.0,136.0,135.0
26829,267.0,154.0,145.0,134.0
26830,256.0,103.0,138.0,139.0
26831,248.0,114.0,147.0,141.0
26832,254.0,214.0,154.0,143.0
26833,235.0,204.0,127.0,136.0
26834,279.0,167.0,167.0,164.0
26835,231.0,151.0,136.0,130.0
26836,242.0,101.0,142.0,128.0
26837,259.0,123.0,150.0,148.0
26838,230.0,223.0,137.0,129.0
26839,248.0,216.0,128.0,144.0
26840,249.0,133.0,128.0,136.0
26841,237.0,155.0,136.0,130.0
26842,234.0,96.0,134.0,138.0
26843,251.0,231.0,142.0,148.0
26844,250.0,140.0,131.0,145.0
26845,277.0,110.0,170.0,163.0
26846,237.0,84.0,119.0,131.0
26847,264.0,230.0,131.0,149.0
26848,260.0,135.0,142.0,134.0
26849,265.0,245.0,150.0,160.0
26850,237.0,90.0,146.0,149.0
26851,260.0,225.0,134.0,141.0
26852,258.0,205.0,141.0,149.0
26853,248.0,128.0,137.0,126.0
26854,268.0,136.0,146.0,153.0
26855,249.0,116.0,137.0,137.0
26856,279.0,126.0,152.0,154.0
26857,256.0,117.0,156.0,134.0
26858,248.0,191.0,137.0,128.0
26859,255.0,123.0,143.0,154.0
26860,239.0,233.0,134.0,130.0
26861,252.0,131.0,126.0,147.0
26862,241.0,146.0,136.0,147.0
26863,261.0,112.0,142.0,141.0
26864,238.0,115.0,137.0,135.0
26865,244.0,109.0,133.0,140.0
26866,271.0,230.0,156.0,158.0
26867,252.0,222.0,124.0,127.0
26868,280.0,135.0,163.0,161.0
26869,242.0,95.0,137.0,143.0
26870,241.0,106.0,130.0,125.0
26871,238.0,124.0,127.0,119.0
26872,272.0,169.0,133.0,151.0
26873,243.0,144.0,148.0,132.0
26874,243.0,68.0,128.0,142.0
26875,256.0,252.0,149.0,146.0
26876,248.0,117.0,141.0,124.0
26877,238.0,88.0,138.0,136.0
26878,238.0,220.0,133.0,146.0
26879,259.0,88.0,137.0,151.0
26880,266.0,106.0,143.0,140.0
26881,263.0,228.0,163.0,148.0
26882,253.0,230.0,151.0,136.0
26883,257.0,59.0,125.0,127.0
26884,246.0,128.0,146.0,139.0
26885,258.0,105.0,134.0,131.0
26886,252.0,203.0,129.0,137.0
26887,246.0,239.0,134.0,149.0
26888,276.0,176.0,145.0,152.0
26889,258.0,211.0,148.0,139.0
26890,243.0,108.0,120.0,144.0
26891,260.0,215.0,143.0,156.0
26892,257.0,107.0,144.0,149.0
26893,244.0,97.0,130.0,139.0
26894,246.0,245.0,154.0,144.0
26895,247.0,62.0,135.0,148.0
26896,240.0,113.0,136.0,141.0
26897,252.0,76.0,144.0,147.0
26898,251.0,118.0,130.0,138.0
26899,256.0,141.0,140.0,146.0
26900,249.0,112.0,146.0,143.0
26901,261.0,156.0,134.0,165.0
26902,252.0,249.0,139.0,133.0
26903,260.0,159.0,135.0,147.0
26904,277.0,247.0,146.0,153.0
26905,235.0,116.0,125.0,148.0
26906,272.0,172.0,143.0,150.0
26907,266.0,89.0,149.0,141.0
26908,248.0,230.0,154.0,142.0
26909,242.0,66.0,131.0,125.0
26910,243.0,201.0,131.0,126.0
26911,257.0,211.0,145.0,137.0
26912,257.0,144.0,142.0,148.0
26913,243.0,215.0,134.0,144.0
26914,234.0,206.0,140.0,136.0
26915,254.0,88.0,146.0,145.0
26916,245.0,213.0,143.0,150.0
26917,253.0,100.0,135.0,143.0
26918,260.0,89.0,150.0,146.0
26919,268.0,95.0,143.0,144.0
26920,227.0,117.0,122.0,123.0
26921,254.0,246.0,133.0,145.0
26922,255.0,215.0,150.0,140.0
26923,258.0,218.0,151.0,149.0
26924,254.0,117.0,150.0,144.0
26925,240.0,157.0,130.0,132.0
26926,241.0,110.0,139.0,138.0
26927,246.0,136.0,140.0,139.0
26928,253.0,95.0,143.0,142.0
26929,242.0,103.0,131.0,129.0
26930,220.0,95.0,111.0,118.0
26931,222.0,186.0,118.0,129.0
26932,253.0,119.0,144.0,138.0
26933,250.0,216.0,139.0,123.0
26934,258.0,225.0,154.0,129.0
26935,257.0,140.0,138.0,134.0
26936,243.0,211.0,134.0,140.0
26937,252.0,98.0,136.0,159.0
26938,236.0,109.0,130.0,127.0
26939,255.0,224.0,144.0,142.0
26940,260.0,231.0,147.0,130.0
26941,230.0,80.0,129.0,126.0
26942,262.0,152.0,145.0,151.0
26943,259.0,45.0,148.0,142.0
26944,266.0,110.0,158.0,165.0
26945,250.0,98.0,133.0,146.0
26946,234.0,200.0,124.0,135.0
26947,264.0,185.0,156.0,150.0
26948,256.0,255.0,148.0,144.0
26949,256.0,76.0,130.0,150.0
26950,255.0,155.0,143.0,145.0
26951,245.0,105.0,140.0,138.0
26952,243.0,120.0,134.0,130.0
26953,245.0,92.0,124.0,141.0
26954,235.0,235.0,135.0,143.0
26955,244.0,98.0,136.0,147.0
26956,244.0,134.0,136.0,138.0
26957,252.0,243.0,149.0,148.0
26958,244.0,138.0,141.0,137.0
26959,236.0,118.0,128.0,130.0
26960,273.0,125.0,148.0,162.0
26961,215.0,183.0,128.0,133.0
26962,253.0,97.0,144.0,138.0
26963,269.0,254.0,170.0,164.0
26964,244.0,104.0,138.0,132.0
26965,258.0,118.0,149.0,139.0
26966,255.0,97.0,142.0,138.0
26967,237.0,228.0,140.0,132.0
26968,236.0,116.0,137.0,131.0
26969,250.0,208.0,136.0,150.0
26970,235.0,87.0,133.0,143.0
26971,249.0,90.0,136.0,140.0
26972,244.0,120.0,141.0,136.0
26973,253.0,92.0,153.0,141.0
26974,233.0,190.0,132.0,124.0
26975,257.0,122.0,138.0,145.0
26976,224.0,137.0,124.0,150.0
26977,271.0,242.0,149.0,154.0
26978,267.0,234.0,141.0,157.0
26979,253.0,169.0,133.0,141.0
26980,267.0,124.0,148.0,151.0
26981,227.0,125.0,137.0,137.0
26982,267.0,261.0,158.0,128.0
26983,241.0,214.0,142.0,140.0
26984,228.0,191.0,137.0,138.0
26985,245.0,244.0,141.0,130.0
26986,247.0,246.0,122.0,148.0
26987,237.0,229.0,138.0,131.0
26988,251.0,228.0,138.0,150.0
26989,238.0,210.0,126.0,144.0
26990,256.0,126.0,157.0,143.0
26991,259.0,244.0,151.0,137.0
26992,249.0,87.0,161.0,133.0
26993,240.0,206.0,123.0,136.0
26994,268.0,123.0,169.0,153.0
26995,254.0,108.0,151.0,139.0
26996,246.0,86.0,142.0,149.0
26997,239.0,202.0,131.0,134.0
26998,270.0,105.0,150.0,155.0
26999,257.0,116.0,137.0,144.0
27000,253.0,103.0,125.0,160.0
27001,259.0,239.0,142.0,140.0
27002,232.0,65.0,147.0,131.0
27003,256.0,61.0,147.0,133.0
27004,257.0,90.0,147.0,143.0
27005,272.0,117.0,145.0,143.0
27006,229.0,98.0,128.0,125.0
27007,249.0,78.0,137.0,134.0
27008,246.0,88.0,149.0,142.0
27009,258.0,119.0,135.0,135.0
27010,236.0,118.0,141.0,133.0
27011,228.0,81.0,136.0,128.0
27012,262.0,202.0,168.0,141.0
27013,262.0,162.0,150.0,131.0
27014,275.0,110.0,169.0,152.0
27015,237.0,94.0,132.0,148.0
27016,237.0,235.0,129.0,134.0
27017,241.0,99.0,135.0,131.0
27018,265.0,107.0,149.0,148.0
27019,235.0,113.0,140.0,125.0
27020,261.0,228.0,151.0,149.0
27021,250.0,142.0,142.0,137.0
27022,243.0,113.0,133.0,136.0
27023,228.0,143.0,122.0,121.0
27024,248.0,97.0,141.0,145.0
27025,255.0,253.0,145.0,142.0
27026,246.0,167.0,128.0,150.0
27027,255.0,217.0,141.0,148.0
27028,256.0,154.0,130.0,128.0
27029,249.0,107.0,151.0,140.0
27030,246.0,92.0,149.0,146.0
27031,247.0,98.0,146.0,155.0
27032,238.0,213.0,110.0,139.0
27033,239.0,133.0,124.0,147.0
27034,252.0,224.0,154.0,147.0
27035,230.0,213.0,126.0,129.0
27036,239.0,202.0,139.0,151.0
27037,254.0,123.0,149.0,146.0
27038,252.0,102.0,145.0,134.0
27039,247.0,116.0,134.0,139.0
27040,269.0,237.0,171.0,157.0
27041,242.0,117.0,129.0,139.0
27042,242.0,85.0,134.0,136.0
27043,259.0,153.0,137.0,134.0
27044,225.0,114.0,124.0,122.0
27045,265.0,136.0,144.0,134.0
27046,258.0,220.0,132.0,126.0
27047,246.0,214.0,150.0,144.0
27048,255.0,157.0,143.0,134.0
27049,251.0,57.0,158.0,127.0
27050,249.0,221.0,151.0,137.0
27051,253.0,90.0,139.0,158.0
27052,245.0,107.0,133.0,130.0
27053,255.0,240.0,133.0,154.0
27054,265.0,250.0,120.0,134.0
27055,254.0,226.0,138.0,161.0
27056,249.0,98.0,147.0,129.0
27057,242.0,66.0,145.0,130.0
27058,234.0,198.0,135.0,139.0
27059,244.0,87.0,152.0,135.0
27060,252.0,118.0,147.0,146.0
27061,259.0,135.0,134.0,151.0
27062,246.0,223.0,143.0,134.0
27063,240.0,117.0,130.0,131.0
27064,271.0,219.0,163.0,145.0
27065,234.0,204.0,136.0,128.0
27066,256.0,144.0,133.0,141.0
27067,234.0,204.0,130.0,147.0
27068,226.0,85.0,136.0,123.0
27069,215.0,121.0,122.0,125.0
27070,245.0,130.0,126.0,137.0
27071,249.0,131.0,150.0,139.0
27072,251.0,66.0,133.0,143.0
27073,252.0,128.0,139.0,136.0
27074,221.0,130.0,130.0,113.0
27075,275.0,96.0,155.0,136.0
27076,265.0,254.0,149.0,159.0
27077,257.0,106.0,146.0,149.0
27078,251.0,92.0,151.0,142.0
27079,211.0,199.0,130.0,111.0
27080,273.0,229.0,153.0,148.0
27081,248.0,119.0,142.0,133.0
27082,263.0,103.0,148.0,162.0
27083,243.0,110.0,125.0,144.0
27084,267.0,154.0,145.0,149.0
27085,258.0,225.0,169.0,140.0
27086,258.0,103.0,137.0,137.0
27087,259.0,74.0,155.0,161.0
27088,247.0,94.0,148.0,134.0
27089,259.0,117.0,144.0,140.0
27090,272.0,233.0,159.0,152.0
27091,250.0,118.0,143.0,142.0
27092,239.0,97.0,131.0,124.0
27093,243.0,210.0,137.0,132.0
27094,261.0,132.0,142.0,138.0
27095,252.0,153.0,143.0,140.0
27096,252.0,242.0,144.0,136.0
27097,264.0,227.0,139.0,142.0
27098,265.0,114.0,146.0,143.0
27099,252.0,121.0,123.0,137.0
27100,261.0,140.0,144.0,153.0
27101,248.0,132.0,128.0,129.0
27102,249.0,105.0,129.0,122.0
27103,232.0,228.0,126.0,130.0
27104,283.0,105.0,176.0,158.0
27105,244.0,90.0,132.0,137.0
27106,255.0,212.0,143.0,149.0
27107,238.0,102.0,145.0,137.0
27108,241.0,213.0,116.0,133.0
27109,232.0,89.0,140.0,134.0
27110,267.0,110.0,156.0,150.0
27111,244.0,122.0,143.0,132.0
27112,253.0,154.0,142.0,143.0
27113,268.0,220.0,159.0,148.0
27114,263.0,259.0,156.0,133.0
27115,242.0,87.0,135.0,137.0
27116,238.0,134.0,126.0,126.0
27117,242.0,148.0,140.0,143.0
27118,262.0,129.0,137.0,151.0
27119,261.0,112.0,153.0,160.0
27120,228.0,107.0,136.0,129.0
27121,250.0,109.0,139.0,139.0
27122,234.0,193.0,132.0,138.0
27123,269.0,228.0,175.0,136.0
27124,228.0,77.0,126.0,137.0
27125,285.0,95.0,144.0,154.0
27126,261.0,120.0,144.0,138.0
27127,230.0,229.0,122.0,129.0
27128,267.0,116.0,141.0,134.0
27129,271.0,127.0,147.0,137.0
27130,230.0,72.0,133.0,137.0
27131,274.0,227.0,142.0,166.0
27132,267.0,217.0,153.0,146.0
27133,250.0,132.0,128.0,137.0
27134,246.0,113.0,134.0,133.0
27135,266.0,95.0,156.0,147.0
27136,249.0,96.0,144.0,133.0
27137,249.0,139.0,153.0,140.0
27138,249.0,123.0,135.0,142.0
27139,257.0,101.0,141.0,125.0
27140,261.0,236.0,151.0,148.0
27141,264.0,231.0,155.0,140.0
27142,248.0,120.0,125.0,147.0
27143,259.0,236.0,132.0,146.0
27144,242.0,233.0,125.0,139.0
27145,266.0,159.0,144.0,138.0
27146,232.0,81.0,118.0,134.0
27147,258.0,230.0,146.0,145.0
27148,238.0,214.0,132.0,124.0
27149,240.0,207.0,126.0,128.0
27150,245.0,203.0,135.0,145.0
27151,240.0,108.0,129.0,130.0
27152,256.0,96.0,144.0,153.0
27153,253.0,107.0,148.0,154.0
27154,239.0,105.0,141.0,128.0
27155,240.0,102.0,123.0,148.0
27156,261.0,109.0,163.0,143.0
27157,258.0,244.0,151.0,149.0
27158,224.0,83.0,124.0,126.0
27159,265.0,88.0,148.0,156.0
27160,243.0,93.0,139.0,135.0
27161,256.0,130.0,153.0,164.0
27162,263.0,119.0,134.0,147.0
27163,264.0,240.0,146.0,144.0
27164,282.0,88.0,160.0,167.0
27165,273.0,155.0,144.0,165.0
27166,241.0,183.0,137.0,128.0
27167,236.0,147.0,132.0,127.0
27168,252.0,120.0,130.0,146.0
27169,226.0,211.0,119.0,127.0
27170,251.0,231.0,134.0,123.0
27171,253.0,240.0,134.0,143.0
27172,244.0,160.0,145.0,133.0
27173,246.0,215.0,152.0,124.0
27174,249.0,98.0,140.0,151.0
27175,246.0,96.0,147.0,136.0
27176,233.0,98.0,129.0,130.0
27177,252.0,228.0,136.0,131.0
27178,258.0,119.0,133.0,143.0
27179,236.0,209.0,131.0,129.0
27180,246.0,87.0,147.0,138.0
27181,237.0,200.0,144.0,128.0
27182,252.0,220.0,147.0,152.0
27183,250.0,151.0,137.0,131.0
27184,260.0,112.0,162.0,144.0
27185,244.0,101.0,144.0,144.0
27186,256.0,217.0,145.0,140.0
27187,254.0,120.0,149.0,138.0
27188,228.0,100.0,138.0,118.0
27189,248.0,109.0,127.0,148.0
27190,232.0,57.0,138.0,131.0
27191,239.0,141.0,125.0,140.0
27192,254.0,80.0,139.0,146.0
27193,239.0,211.0,144.0,122.0
27194,263.0,109.0,149.0,143.0
27195,228.0,88.0,122.0,121.0
27196,234.0,208.0,120.0,128.0
27197,237.0,67.0,128.0,141.0
27198,254.0,119.0,152.0,129.0
27199,261.0,217.0,156.0,153.0
27200,242.0,240.0,138.0,139.0
27201,234.0,102.0,110.0,128.0
27202,229.0,88.0,132.0,127.0
27203,235.0,191.0,132.0,120.0
27204,259.0,101.0,131.0,151.0
27205,235.0,105.0,135.0,140.0
27206,254.0,152.0,133.0,133.0
27207,276.0,271.0,166.0,145.0
27208,240.0,115.0,138.0,135.0
27209,269.0,172.0,150.0,153.0
27210,268.0,244.0,148.0,139.0
27211,226.0,190.0,126.0,130.0
27212,254.0,216.0,151.0,156.0
27213,279.0,238.0,139.0,164.0
27214,249.0,103.0,145.0,142.0
27215,262.0,225.0,138.0,142.0
27216,238.0,71.0,141.0,128.0
27217,280.0,133.0,150.0,166.0
27218,271.0,105.0,147.0,155.0
27219,237.0,107.0,152.0,127.0
27220,245.0,140.0,137.0,126.0
27221,258.0,96.0,166.0,153.0
27222,242.0,215.0,149.0,147.0
27223,250.0,145.0,142.0,148.0
27224,251.0,176.0,145.0,140.0
27225,244.0,111.0,132.0,142.0
27226,235.0,82.0,137.0,128.0
27227,253.0,237.0,140.0,128.0
27228,220.0,71.0,114.0,127.0
27229,249.0,138.0,163.0,153.0
27230,251.0,224.0,132.0,138.0
27231,239.0,212.0,125.0,143.0
27232,242.0,132.0,134.0,147.0
27233,256.0,232.0,141.0,142.0
27234,258.0,124.0,143.0,135.0
27235,264.0,234.0,172.0,138.0
27236,264.0,95.0,161.0,141.0
27237,259.0,127.0,156.0,152.0
27238,235.0,235.0,149.0,138.0
27239,260.0,111.0,154.0,141.0
27240,259.0,235.0,154.0,154.0
27241,239.0,132.0,128.0,121.0
27242,233.0,76.0,125.0,137.0
27243,229.0,106.0,132.0,128.0
27244,255.0,216.0,156.0,136.0
27245,261.0,254.0,155.0,128.0
27246,256.0,165.0,156.0,150.0
27247,255.0,226.0,145.0,146.0
27248,245.0,135.0,134.0,136.0
27249,251.0,141.0,154.0,137.0
27250,250.0,217.0,138.0,137.0
27251,260.0,251.0,151.0,144.0
27252,272.0,145.0,165.0,151.0
27253,253.0,135.0,142.0,146.0
27254,277.0,189.0,142.0,151.0
27255,242.0,102.0,142.0,134.0
27256,246.0,123.0,139.0,140.0
27257,256.0,117.0,138.0,139.0
27258,240.0,108.0,145.0,131.0
27259,262.0,74.0,161.0,141.0
27260,237.0,153.0,128.0,125.0
27261,246.0,93.0,141.0,129.0
27262,266.0,118.0,151.0,138.0
27263,234.0,193.0,133.0,122.0
27264,256.0,99.0,131.0,156.0
27265,261.0,56.0,143.0,141.0
27266,245.0,136.0,136.0,144.0
27267,248.0,186.0,141.0,152.0
27268,248.0,217.0,142.0,148.0
27269,253.0,205.0,129.0,151.0
27270,240.0,203.0,124.0,137.0
27271,249.0,114.0,146.0,133.0
27272,264.0,138.0,150.0,154.0
27273,250.0,86.0,147.0,131.0
27274,241.0,159.0,146.0,145.0
27275,281.0,117.0,146.0,156.0
27276,219.0,201.0,119.0,130.0
27277,256.0,116.0,142.0,140.0
27278,257.0,149.0,154.0,150.0
27279,230.0,60.0,133.0,129.0
27280,226.0,94.0,146.0,122.0
27281,266.0,107.0,143.0,157.0
27282,267.0,147.0,160.0,156.0
27283,266.0,218.0,167.0,151.0
27284,213.0,98.0,122.0,119.0
27285,233.0,193.0,137.0,138.0
27286,246.0,71.0,139.0,136.0
27287,244.0,134.0,145.0,144.0
27288,265.0,231.0,140.0,161.0
27289,263.0,229.0,139.0,142.0
27290,232.0,118.0,130.0,135.0
27291,243.0,143.0,149.0,143.0
27292,276.0,93.0,144.0,160.0
27293,256.0,118.0,142.0,141.0
27294,251.0,111.0,135.0,150.0
27295,239.0,133.0,133.0,128.0
27296,240.0,62.0,144.0,124.0
27297,266.0,98.0,147.0,145.0
27298,252.0,229.0,153.0,147.0
27299,245.0,113.0,149.0,145.0
27300,248.0,116.0,144.0,145.0
27301,256.0,106.0,146.0,142.0
27302,272.0,241.0,159.0,160.0
27303,268.0,120.0,152.0,147.0
27304,246.0,94.0,136.0,129.0
27305,225.0,88.0,123.0,121.0
27306,234.0,186.0,133.0,139.0
27307,256.0,80.0,145.0,144.0
27308,263.0,80.0,145.0,151.0
27309,264.0,108.0,153.0,146.0
27310,253.0,97.0,144.0,128.0
27311,258.0,218.0,160.0,142.0
27312,245.0,203.0,131.0,137.0
27313,238.0,118.0,129.0,128.0
27314,242.0,202.0,140.0,133.0
27315,237.0,108.0,135.0,124.0
27316,232.0,223.0,125.0,128.0
27317,266.0,229.0,164.0,148.0
27318,262.0,225.0,172.0,143.0
27319,259.0,72.0,155.0,150.0
27320,253.0,219.0,136.0,142.0
27321,229.0,124.0,116.0,127.0
27322,255.0,99.0,147.0,152.0
27323,230.0,182.0,131.0,123.0
27324,242.0,206.0,148.0,128.0
27325,239.0,121.0,133.0,137.0
27326,258.0,85.0,159.0,144.0
27327,257.0,131.0,128.0,145.0
27328,245.0,116.0,138.0,149.0
27329,242.0,87.0,130.0,137.0
27330,249.0,210.0,146.0,138.0
27331,221.0,213.0,115.0,116.0
27332,253.0,215.0,143.0,147.0
27333,262.0,238.0,138.0,161.0
27334,245.0,206.0,129.0,149.0
27335,247.0,215.0,137.0,144.0
27336,261.0,230.0,143.0,130.0
27337,258.0,140.0,155.0,151.0
27338,240.0,147.0,126.0,128.0
27339,229.0,75.0,137.0,132.0
27340,256.0,98.0,147.0,164.0
27341,247.0,112.0,121.0,137.0
27342,221.0,94.0,128.0,126.0
27343,254.0,94.0,132.0,127.0
27344,263.0,193.0,157.0,161.0
27345,258.0,82.0,165.0,146.0
27346,246.0,160.0,149.0,155.0
27347,263.0,113.0,146.0,165.0
27348,234.0,164.0,126.0,122.0
27349,232.0,207.0,126.0,140.0
27350,262.0,109.0,150.0,141.0
27351,262.0,142.0,142.0,158.0
27352,266.0,189.0,161.0,160.0
27353,252.0,95.0,145.0,155.0
27354,231.0,195.0,107.0,118.0
27355,272.0,219.0,153.0,152.0
27356,248.0,222.0,144.0,132.0
27357,234.0,225.0,139.0,133.0
27358,246.0,112.0,138.0,127.0
27359,240.0,124.0,145.0,142.0
27360,258.0,254.0,138.0,154.0
27361,236.0,209.0,132.0,130.0
27362,268.0,243.0,150.0,153.0
27363,262.0,258.0,146.0,137.0
27364,245.0,158.0,138.0,133.0
27365,253.0,175.0,142.0,133.0
27366,253.0,126.0,149.0,138.0
27367,250.0,77.0,152.0,155.0
27368,252.0,94.0,142.0,154.0
27369,253.0,86.0,138.0,151.0
27370,272.0,174.0,162.0,150.0
27371,248.0,212.0,145.0,148.0
27372,269.0,100.0,160.0,140.0
27373,242.0,76.0,155.0,135.0
27374,250.0,80.0,128.0,136.0
27375,255.0,240.0,132.0,140.0
27376,249.0,234.0,140.0,128.0
27377,241.0,101.0,134.0,141.0
27378,230.0,112.0,115.0,140.0
27379,244.0,103.0,131.0,144.0
27380,268.0,91.0,146.0,145.0
27381,263.0,215.0,134.0,146.0
27382,263.0,105.0,150.0,141.0
27383,251.0,92.0,161.0,146.0
27384,274.0,235.0,151.0,131.0
27385,259.0,226.0,143.0,156.0
27386,258.0,101.0,141.0,145.0
27387,241.0,233.0,136.0,142.0
27388,258.0,215.0,146.0,150.0
27389,225.0,182.0,124.0,139.0
27390,243.0,205.0,137.0,131.0
27391,229.0,204.0,129.0,133.0
27392,238.0,131.0,121.0,142.0
27393,229.0,102.0,132.0,129.0
27394,260.0,121.0,144.0,146.0
27395,265.0,173.0,155.0,161.0
27396,251.0,177.0,138.0,139.0
27397,234.0,112.0,132.0,133.0
27398,223.0,151.0,119.0,134.0
27399,246.0,199.0,139.0,144.0
27400,242.0,170.0,124.0,153.0
27401,263.0,119.0,167.0,148.0
27402,260.0,147.0,140.0,135.0
27403,264.0,138.0,147.0,146.0
27404,240.0,210.0,121.0,137.0
27405,236.0,135.0,141.0,142.0
27406,248.0,112.0,116.0,143.0
27407,274.0,146.0,165.0,146.0
27408,254.0,79.0,141.0,147.0
27409,261.0,242.0,167.0,145.0
27410,253.0,216.0,125.0,141.0
27411,265.0,237.0,140.0,147.0
27412,253.0,137.0,135.0,137.0
27413,261.0,106.0,140.0,136.0
27414,264.0,110.0,163.0,159.0
27415,270.0,123.0,150.0,139.0
27416,233.0,111.0,132.0,134.0
27417,267.0,259.0,139.0,155.0
27418,229.0,218.0,133.0,120.0
27419,244.0,117.0,135.0,141.0
27420,269.0,84.0,129.0,136.0
27421,279.0,91.0,159.0,155.0
27422,243.0,203.0,142.0,139.0
27423,240.0,97.0,138.0,116.0
27424,236.0,116.0,121.0,129.0
27425,234.0,99.0,131.0,129.0
27426,250.0,228.0,144.0,150.0
27427,254.0,119.0,141.0,143.0
27428,260.0,217.0,138.0,155.0
27429,250.0,130.0,123.0,149.0
27430,256.0,158.0,151.0,133.0
27431,248.0,116.0,132.0,128.0
27432,246.0,153.0,141.0,142.0
27433,273.0,116.0,154.0,170.0
27434,239.0,210.0,141.0,154.0
27435,230.0,50.0,131.0,121.0
27436,254.0,127.0,147.0,134.0
27437,242.0,207.0,134.0,132.0
27438,270.0,101.0,147.0,143.0
27439,248.0,159.0,143.0,143.0
27440,232.0,134.0,111.0,121.0
27441,238.0,135.0,131.0,133.0
27442,257.0,78.0,151.0,138.0
27443,259.0,132.0,134.0,153.0
27444,235.0,73.0,128.0,125.0
27445,262.0,181.0,147.0,142.0
27446,246.0,151.0,129.0,130.0
27447,254.0,212.0,139.0,145.0
27448,251.0,102.0,139.0,137.0
27449,248.0,207.0,114.0,142.0
27450,256.0,124.0,135.0,140.0
27451,230.0,219.0,133.0,128.0
27452,234.0,219.0,138.0,139.0
27453,270.0,143.0,156.0,144.0
27454,253.0,125.0,137.0,129.0
27455,258.0,221.0,145.0,143.0
27456,259.0,212.0,134.0,152.0
27457,250.0,222.0,137.0,158.0
27458,255.0,87.0,142.0,147.0
27459,259.0,146.0,145.0,146.0
27460,259.0,111.0,147.0,147.0
27461,261.0,135.0,137.0,150.0
27462,242.0,206.0,152.0,123.0
27463,244.0,98.0,131.0,127.0
27464,253.0,222.0,141.0,143.0
27465,250.0,136.0,143.0,137.0
27466,243.0,160.0,143.0,127.0
27467,252.0,223.0,130.0,148.0
27468,236.0,104.0,139.0,136.0
27469,262.0,138.0,139.0,151.0
27470,254.0,248.0,135.0,140.0
27471,253.0,247.0,152.0,142.0
27472,256.0,100.0,159.0,154.0
27473,248.0,217.0,144.0,147.0
27474,258.0,227.0,136.0,153.0
27475,247.0,217.0,139.0,143.0
27476,247.0,224.0,135.0,133.0
27477,247.0,102.0,145.0,135.0
27478,254.0,128.0,138.0,146.0
27479,259.0,167.0,131.0,147.0
27480,263.0,92.0,140.0,160.0
27481,257.0,144.0,138.0,148.0
27482,256.0,216.0,139.0,145.0
27483,274.0,206.0,138.0,165.0
27484,267.0,231.0,160.0,161.0
27485,251.0,215.0,136.0,141.0
27486,245.0,101.0,125.0,149.0
27487,245.0,132.0,141.0,147.0
27488,216.0,73.0,125.0,115.0
27489,268.0,221.0,143.0,161.0
27490,276.0,233.0,163.0,157.0
27491,241.0,202.0,148.0,142.0
27492,235.0,107.0,132.0,126.0
27493,248.0,92.0,136.0,133.0
27494,260.0,235.0,139.0,153.0
27495,235.0,117.0,141.0,133.0
27496,232.0,198.0,164.0,137.0
27497,252.0,105.0,150.0,126.0
27498,236.0,207.0,122.0,138.0
27499,251.0,216.0,146.0,136.0
27500,245.0,236.0,148.0,134.0
27501,295.0,130.0,174.0,175.0
27502,244.0,216.0,142.0,131.0
27503,272.0,224.0,158.0,162.0
27504,259.0,206.0,163.0,150.0
27505,248.0,236.0,144.0,157.0
27506,224.0,89.0,131.0,131.0
27507,266.0,137.0,147.0,166.0
27508,238.0,186.0,137.0,135.0
27509,240.0,98.0,141.0,132.0
27510,272.0,218.0,156.0,161.0
27511,235.0,101.0,127.0,142.0
27512,244.0,220.0,137.0,135.0
27513,259.0,105.0,144.0,143.0
27514,254.0,221.0,143.0,143.0
27515,235.0,79.0,117.0,138.0
27516,238.0,52.0,129.0,144.0
27517,256.0,256.0,152.0,139.0
27518,245.0,245.0,141.0,134.0
27519,251.0,204.0,162.0,139.0
27520,259.0,135.0,152.0,155.0
27521,236.0,135.0,143.0,136.0
27522,243.0,114.0,136.0,120.0
27523,261.0,75.0,143.0,152.0
27524,259.0,103.0,148.0,155.0
27525,233.0,227.0,135.0,142.0
27526,250.0,238.0,152.0,145.0
27527,266.0,124.0,154.0,148.0
27528,270.0,152.0,144.0,134.0
27529,268.0,165.0,148.0,157.0
27530,259.0,90.0,144.0,145.0
27531,248.0,104.0,152.0,150.0
27532,265.0,227.0,155.0,153.0
27533,239.0,217.0,120.0,145.0
27534,271.0,78.0,146.0,146.0
27535,258.0,147.0,147.0,151.0
27536,259.0,105.0,148.0,142.0
27537,243.0,205.0,147.0,147.0
27538,237.0,85.0,133.0,129.0
27539,236.0,121.0,128.0,136.0
27540,238.0,203.0,130.0,124.0
27541,246.0,123.0,139.0,135.0
27542,257.0,124.0,144.0,137.0
27543,247.0,224.0,134.0,140.0
27544,233.0,167.0,131.0,147.0
27545,251.0,146.0,145.0,124.0
27546,234.0,205.0,132.0,128.0
27547,256.0,134.0,138.0,143.0
27548,267.0,104.0,150.0,142.0
27549,250.0,92.0,152.0,136.0
27550,254.0,77.0,134.0,130.0
27551,263.0,119.0,132.0,147.0
27552,271.0,153.0,148.0,164.0
27553,261.0,146.0,136.0,152.0
27554,251.0,210.0,141.0,147.0
27555,251.0,211.0,135.0,149.0
27556,247.0,137.0,138.0,133.0
27557,264.0,125.0,156.0,156.0
27558,240.0,82.0,134.0,140.0
27559,245.0,116.0,152.0,143.0
27560,280.0,93.0,174.0,153.0
27561,254.0,140.0,149.0,142.0
27562,231.0,92.0,118.0,133.0
27563,227.0,96.0,130.0,123.0
27564,230.0,81.0,149.0,141.0
27565,246.0,82.0,133.0,146.0
27566,254.0,60.0,146.0,127.0
27567,242.0,119.0,132.0,150.0
27568,246.0,73.0,142.0,150.0
27569,259.0,130.0,141.0,135.0
27570,260.0,232.0,142.0,142.0
27571,261.0,135.0,131.0,139.0
27572,249.0,89.0,141.0,144.0
27573,232.0,106.0,139.0,144.0
27574,228.0,193.0,112.0,128.0
27575,254.0,110.0,141.0,139.0
27576,244.0,124.0,124.0,133.0
27577,235.0,220.0,131.0,127.0
27578,266.0,263.0,156.0,145.0
27579,243.0,195.0,130.0,132.0
27580,252.0,108.0,130.0,152.0
27581,294.0,260.0,159.0,152.0
27582,259.0,162.0,140.0,140.0
27583,247.0,79.0,143.0,124.0
27584,240.0,79.0,140.0,149.0
27585,254.0,218.0,141.0,133.0
27586,253.0,209.0,140.0,141.0
27587,262.0,132.0,132.0,138.0
27588,241.0,187.0,138.0,143.0
27589,227.0,129.0,118.0,131.0
27590,257.0,113.0,141.0,155.0
27591,234.0,129.0,134.0,138.0
27592,272.0,108.0,151.0,154.0
27593,253.0,91.0,131.0,146.0
27594,258.0,221.0,153.0,144.0
27595,238.0,150.0,135.0,126.0
27596,227.0,86.0,133.0,128.0
27597,247.0,91.0,150.0,138.0
27598,251.0,112.0,152.0,137.0
27599,227.0,186.0,126.0,127.0
27600,252.0,100.0,144.0,149.0
27601,248.0,71.0,131.0,131.0
27602,259.0,220.0,142.0,159.0
27603,235.0,95.0,131.0,124.0
27604,246.0,100.0,139.0,136.0
27605,241.0,62.0,127.0,131.0
27606,214.0,160.0,113.0,120.0
27607,242.0,104.0,143.0,153.0
27608,258.0,88.0,141.0,147.0
27609,235.0,132.0,133.0,127.0
27610,255.0,91.0,127.0,120.0
27611,231.0,195.0,135.0,126.0
27612,232.0,97.0,124.0,123.0
27613,256.0,249.0,146.0,146.0
27614,261.0,119.0,155.0,144.0
27615,232.0,210.0,130.0,144.0
27616,262.0,97.0,145.0,142.0
27617,247.0,108.0,147.0,145.0
27618,241.0,198.0,131.0,137.0
27619,268.0,146.0,151.0,148.0
27620,247.0,117.0,154.0,149.0
27621,219.0,75.0,123.0,126.0
27622,239.0,94.0,131.0,145.0
27623,237.0,134.0,152.0,134.0
27624,249.0,104.0,131.0,129.0
27625,257.0,121.0,156.0,149.0
27626,242.0,116.0,123.0,126.0
27627,237.0,212.0,124.0,134.0
27628,223.0,123.0,126.0,122.0
27629,243.0,206.0,128.0,127.0
27630,251.0,112.0,133.0,136.0
27631,255.0,89.0,146.0,150.0
27632,234.0,91.0,130.0,133.0
27633,241.0,96.0,147.0,135.0
27634,245.0,123.0,134.0,134.0
27635,244.0,99.0,127.0,138.0
27636,236.0,102.0,131.0,143.0
27637,241.0,124.0,125.0,141.0
27638,239.0,119.0,138.0,118.0
27639,249.0,84.0,136.0,140.0
27640,238.0,225.0,139.0,144.0
27641,252.0,119.0,128.0,151.0
27642,245.0,80.0,138.0,129.0
27643,252.0,110.0,136.0,152.0
27644,249.0,123.0,155.0,144.0
27645,241.0,113.0,128.0,137.0
27646,255.0,141.0,151.0,143.0
27647,258.0,104.0,125.0,145.0
27648,243.0,109.0,136.0,127.0
27649,279.0,101.0,146.0,142.0
27650,279.0,116.0,163.0,148.0
27651,250.0,158.0,148.0,145.0
27652,259.0,104.0,153.0,151.0
27653,264.0,250.0,154.0,158.0
27654,236.0,192.0,132.0,117.0
27655,253.0,209.0,137.0,133.0
27656,216.0,191.0,123.0,121.0
27657,231.0,153.0,136.0,126.0
27658,260.0,119.0,161.0,146.0
27659,271.0,161.0,154.0,150.0
27660,265.0,239.0,163.0,149.0
27661,240.0,213.0,131.0,137.0
27662,244.0,129.0,130.0,129.0
27663,244.0,200.0,127.0,138.0
27664,223.0,151.0,114.0,119.0
27665,272.0,233.0,146.0,162.0
27666,267.0,266.0,146.0,154.0
27667,256.0,131.0,143.0,137.0
27668,266.0,244.0,146.0,144.0
27669,238.0,60.0,125.0,128.0
27670,265.0,191.0,155.0,164.0
27671,243.0,180.0,141.0,132.0
27672,247.0,118.0,126.0,130.0
27673,229.0,149.0,115.0,119.0
27674,272.0,94.0,155.0,148.0
27675,226.0,140.0,120.0,126.0
27676,279.0,215.0,160.0,157.0
27677,275.0,122.0,153.0,173.0
27678,258.0,254.0,148.0,152.0
27679,246.0,242.0,133.0,145.0
27680,247.0,238.0,137.0,127.0
27681,231.0,90.0,142.0,135.0
27682,248.0,128.0,132.0,145.0
27683,251.0,96.0,142.0,144.0
27684,251.0,112.0,131.0,146.0
27685,245.0,220.0,142.0,150.0
27686,251.0,96.0,146.0,149.0
27687,242.0,239.0,147.0,136.0
27688,247.0,108.0,129.0,150.0
27689,269.0,223.0,151.0,151.0
27690,238.0,214.0,145.0,135.0
27691,233.0,105.0,128.0,134.0
27692,253.0,118.0,153.0,150.0
27693,252.0,141.0,139.0,145.0
27694,247.0,71.0,154.0,135.0
27695,255.0,219.0,139.0,138.0
27696,257.0,222.0,137.0,138.0
27697,227.0,223.0,132.0,125.0
27698,247.0,139.0,133.0,146.0
27699,240.0,128.0,131.0,138.0
27700,233.0,106.0,132.0,130.0
27701,251.0,221.0,138.0,136.0
27702,255.0,85.0,153.0,138.0
27703,259.0,226.0,139.0,148.0
27704,250.0,222.0,126.0,136.0
27705,243.0,90.0,118.0,132.0
27706,234.0,97.0,123.0,136.0
27707,259.0,133.0,143.0,141.0
27708,273.0,252.0,147.0,146.0
27709,241.0,133.0,126.0,126.0
27710,246.0,113.0,140.0,137.0
27711,251.0,224.0,147.0,144.0
27712,227.0,130.0,124.0,129.0
27713,257.0,94.0,139.0,137.0
27714,262.0,122.0,151.0,150.0
27715,240.0,80.0,141.0,137.0
27716,254.0,103.0,142.0,144.0
27717,264.0,111.0,148.0,147.0
27718,237.0,134.0,128.0,143.0
27719,237.0,230.0,128.0,139.0
27720,260.0,151.0,133.0,154.0
27721,273.0,105.0,159.0,139.0
27722,235.0,122.0,131.0,134.0
27723,261.0,119.0,152.0,146.0
27724,254.0,204.0,152.0,148.0
27725,240.0,175.0,135.0,136.0
27726,268.0,102.0,157.0,156.0
27727,246.0,138.0,124.0,130.0
27728,250.0,213.0,148.0,141.0
27729,249.0,104.0,142.0,140.0
27730,254.0,246.0,139.0,149.0
27731,255.0,126.0,147.0,154.0
27732,265.0,231.0,144.0,152.0
27733,281.0,152.0,145.0,154.0
27734,249.0,84.0,136.0,134.0
27735,266.0,93.0,154.0,144.0
27736,256.0,232.0,137.0,148.0
27737,266.0,234.0,151.0,141.0
27738,269.0,131.0,147.0,181.0
27739,279.0,71.0,169.0,163.0
27740,256.0,128.0,139.0,149.0
27741,284.0,244.0,172.0,162.0
27742,263.0,107.0,161.0,158.0
27743,226.0,96.0,122.0,116.0
27744,231.0,139.0,129.0,125.0
27745,260.0,192.0,149.0,140.0
27746,237.0,83.0,137.0,138.0
27747,252.0,116.0,136.0,144.0
27748,230.0,122.0,119.0,141.0
27749,241.0,205.0,139.0,134.0
27750,255.0,248.0,150.0,146.0
27751,266.0,114.0,142.0,162.0
27752,246.0,119.0,134.0,121.0
27753,246.0,98.0,141.0,140.0
27754,249.0,117.0,134.0,135.0
27755,230.0,86.0,123.0,139.0
27756,252.0,87.0,134.0,151.0
27757,256.0,219.0,158.0,138.0
27758,268.0,263.0,150.0,133.0
27759,270.0,135.0,162.0,145.0
27760,249.0,147.0,142.0,137.0
27761,264.0,99.0,136.0,170.0
27762,283.0,70.0,151.0,174.0
27763,246.0,120.0,143.0,145.0
27764,252.0,228.0,144.0,138.0
27765,243.0,109.0,125.0,135.0
27766,229.0,131.0,130.0,136.0
27767,258.0,87.0,148.0,149.0
27768,250.0,110.0,138.0,140.0
27769,278.0,189.0,143.0,138.0
27770,251.0,221.0,139.0,143.0
27771,247.0,98.0,133.0,136.0
27772,251.0,194.0,158.0,146.0
27773,260.0,123.0,145.0,147.0
27774,259.0,140.0,149.0,157.0
27775,244.0,103.0,146.0,146.0
27776,263.0,117.0,139.0,156.0
27777,250.0,89.0,154.0,140.0
27778,249.0,102.0,135.0,139.0
27779,251.0,232.0,136.0,144.0
27780,241.0,142.0,132.0,128.0
27781,240.0,67.0,137.0,136.0
27782,250.0,213.0,139.0,133.0
27783,273.0,240.0,148.0,162.0
27784,260.0,103.0,145.0,145.0
27785,272.0,229.0,148.0,158.0
27786,239.0,239.0,149.0,150.0
27787,250.0,117.0,136.0,141.0
27788,236.0,86.0,141.0,114.0
27789,232.0,84.0,128.0,123.0
27790,252.0,102.0,147.0,157.0
27791,260.0,223.0,130.0,150.0
27792,245.0,226.0,130.0,138.0
27793,251.0,129.0,138.0,140.0
27794,232.0,73.0,132.0,127.0
27795,242.0,148.0,150.0,144.0
27796,242.0,204.0,143.0,145.0
27797,251.0,134.0,144.0,137.0
27798,265.0,265.0,138.0,153.0
27799,258.0,113.0,128.0,163.0
27800,253.0,246.0,147.0,146.0
27801,249.0,103.0,138.0,140.0
27802,262.0,163.0,144.0,141.0
27803,243.0,111.0,138.0,121.0
27804,283.0,136.0,165.0,164.0
27805,259.0,225.0,137.0,144.0
27806,254.0,220.0,136.0,140.0
27807,244.0,201.0,142.0,137.0
27808,245.0,210.0,131.0,154.0
27809,286.0,248.0,160.0,169.0
27810,233.0,214.0,134.0,136.0
27811,245.0,93.0,131.0,155.0
27812,253.0,91.0,145.0,138.0
27813,265.0,110.0,146.0,152.0
27814,230.0,188.0,136.0,123.0
27815,247.0,206.0,141.0,129.0
27816,227.0,83.0,146.0,126.0
27817,265.0,227.0,152.0,142.0
27818,263.0,224.0,153.0,146.0
27819,255.0,235.0,166.0,147.0
27820,225.0,185.0,121.0,124.0
27821,235.0,81.0,134.0,125.0
27822,250.0,111.0,132.0,127.0
27823,257.0,143.0,136.0,147.0
27824,253.0,215.0,153.0,137.0
27825,263.0,261.0,167.0,156.0
27826,252.0,250.0,150.0,152.0
27827,251.0,142.0,148.0,129.0
27828,265.0,121.0,137.0,145.0
27829,259.0,259.0,158.0,147.0
27830,253.0,244.0,130.0,140.0
27831,235.0,65.0,136.0,129.0
27832,256.0,101.0,146.0,144.0
27833,268.0,114.0,158.0,150.0
27834,257.0,115.0,139.0,132.0
27835,280.0,117.0,153.0,147.0
27836,254.0,210.0,119.0,139.0
27837,246.0,131.0,143.0,136.0
27838,248.0,100.0,136.0,136.0
27839,240.0,119.0,131.0,132.0
27840,242.0,141.0,127.0,137.0
27841,231.0,102.0,143.0,134.0
27842,250.0,215.0,122.0,137.0
27843,246.0,98.0,141.0,149.0
27844,244.0,80.0,148.0,126.0
27845,276.0,148.0,161.0,152.0
27846,258.0,86.0,136.0,146.0
27847,235.0,115.0,135.0,126.0
27848,246.0,62.0,129.0,134.0
27849,239.0,207.0,125.0,122.0
27850,254.0,103.0,131.0,139.0
27851,253.0,118.0,138.0,148.0
27852,243.0,101.0,158.0,137.0
27853,264.0,108.0,150.0,145.0
27854,228.0,220.0,121.0,121.0
27855,232.0,51.0,132.0,137.0
27856,246.0,126.0,139.0,149.0
27857,232.0,132.0,128.0,126.0
27858,229.0,132.0,130.0,131.0
27859,241.0,58.0,141.0,134.0
27860,269.0,94.0,151.0,155.0
27861,270.0,228.0,155.0,156.0
27862,253.0,66.0,147.0,146.0
27863,245.0,58.0,140.0,143.0
27864,239.0,113.0,140.0,136.0
27865,233.0,200.0,126.0,137.0
27866,250.0,218.0,135.0,149.0
27867,257.0,152.0,137.0,139.0
27868,264.0,175.0,149.0,146.0
27869,265.0,253.0,135.0,153.0
27870,229.0,140.0,126.0,145.0
27871,255.0,97.0,137.0,154.0
27872,261.0,83.0,167.0,152.0
27873,234.0,142.0,120.0,133.0
27874,237.0,201.0,133.0,126.0
27875,264.0,122.0,151.0,146.0
27876,248.0,232.0,146.0,134.0
27877,242.0,140.0,121.0,138.0
27878,246.0,121.0,135.0,152.0
27879,239.0,200.0,136.0,137.0
27880,263.0,93.0,158.0,159.0
27881,254.0,107.0,134.0,131.0
27882,251.0,131.0,151.0,139.0
27883,231.0,228.0,139.0,127.0
27884,254.0,139.0,138.0,148.0
27885,246.0,119.0,136.0,142.0
27886,268.0,117.0,147.0,145.0
27887,272.0,225.0,163.0,146.0
27888,215.0,215.0,139.0,115.0
27889,248.0,199.0,136.0,137.0
27890,266.0,114.0,157.0,148.0
27891,239.0,114.0,131.0,127.0
27892,244.0,210.0,135.0,138.0
27893,265.0,231.0,138.0,146.0
27894,243.0,72.0,135.0,152.0
27895,246.0,129.0,130.0,152.0
27896,237.0,211.0,123.0,134.0
27897,253.0,112.0,149.0,136.0
27898,256.0,96.0,148.0,151.0
27899,252.0,74.0,142.0,149.0
27900,251.0,197.0,144.0,135.0
27901,253.0,85.0,146.0,150.0
27902,252.0,130.0,144.0,135.0
27903,259.0,244.0,140.0,156.0
27904,249.0,225.0,129.0,148.0
27905,281.0,100.0,156.0,164.0
27906,270.0,131.0,150.0,150.0
27907,247.0,200.0,116.0,124.0
27908,245.0,79.0,136.0,127.0
27909,251.0,155.0,144.0,151.0
27910,249.0,136.0,136.0,151.0
27911,281.0,237.0,157.0,149.0
27912,281.0,99.0,156.0,151.0
27913,244.0,217.0,137.0,128.0
27914,233.0,116.0,108.0,136.0
27915,241.0,108.0,123.0,141.0
27916,237.0,132.0,117.0,134.0
27917,252.0,93.0,141.0,135.0
27918,258.0,255.0,153.0,150.0
27919,256.0,103.0,124.0,160.0
27920,257.0,106.0,141.0,132.0
27921,249.0,122.0,133.0,162.0
27922,283.0,169.0,159.0,164.0
27923,262.0,215.0,150.0,154.0
27924,247.0,218.0,147.0,146.0
27925,242.0,89.0,135.0,141.0
27926,229.0,195.0,129.0,115.0
27927,247.0,78.0,146.0,140.0
27928,247.0,64.0,128.0,143.0
27929,262.0,229.0,134.0,138.0
27930,243.0,205.0,133.0,125.0
27931,249.0,84.0,128.0,139.0
27932,230.0,96.0,136.0,139.0
27933,232.0,106.0,127.0,123.0
27934,272.0,119.0,142.0,145.0
27935,240.0,59.0,138.0,135.0
27936,249.0,107.0,145.0,134.0
27937,259.0,225.0,153.0,148.0
27938,246.0,218.0,148.0,142.0
27939,255.0,211.0,148.0,141.0
27940,240.0,131.0,118.0,130.0
27941,244.0,237.0,136.0,135.0
27942,251.0,100.0,135.0,144.0
27943,268.0,153.0,148.0,156.0
27944,240.0,136.0,135.0,129.0
27945,254.0,97.0,147.0,149.0
27946,241.0,223.0,135.0,127.0
27947,229.0,95.0,140.0,125.0
27948,252.0,221.0,142.0,136.0
27949,252.0,88.0,139.0,134.0
27950,226.0,183.0,127.0,127.0
27951,271.0,114.0,158.0,147.0
27952,251.0,226.0,135.0,157.0
27953,261.0,211.0,142.0,154.0
27954,250.0,61.0,134.0,144.0
27955,251.0,94.0,151.0,142.0
27956,233.0,96.0,115.0,130.0
27957,274.0,108.0,148.0,140.0
27958,252.0,99.0,140.0,133.0
27959,261.0,219.0,136.0,132.0
27960,249.0,210.0,154.0,137.0
27961,239.0,207.0,121.0,134.0
27962,250.0,122.0,130.0,139.0
27963,275.0,110.0,156.0,147.0
27964,248.0,73.0,143.0,148.0
27965,253.0,238.0,137.0,157.0
27966,242.0,81.0,132.0,124.0
27967,257.0,243.0,166.0,135.0
27968,240.0,91.0,147.0,128.0
27969,261.0,93.0,149.0,146.0
27970,212.0,120.0,129.0,111.0
27971,245.0,214.0,151.0,131.0
27972,244.0,215.0,127.0,140.0
27973,238.0,112.0,135.0,142.0
27974,255.0,169.0,156.0,147.0
27975,247.0,124.0,152.0,130.0
27976,251.0,219.0,147.0,141.0
27977,255.0,132.0,129.0,154.0
27978,241.0,195.0,126.0,136.0
27979,265.0,223.0,143.0,142.0
27980,238.0,206.0,136.0,135.0
27981,238.0,200.0,136.0,119.0
27982,234.0,80.0,144.0,147.0
27983,259.0,251.0,160.0,152.0
27984,251.0,105.0,148.0,129.0
27985,228.0,201.0,119.0,142.0
27986,260.0,107.0,136.0,153.0
27987,282.0,279.0,168.0,168.0
27988,261.0,162.0,143.0,147.0
27989,235.0,139.0,124.0,127.0
27990,231.0,106.0,121.0,130.0
27991,259.0,60.0,133.0,146.0
27992,254.0,130.0,157.0,152.0
27993,235.0,115.0,132.0,130.0
27994,259.0,221.0,140.0,155.0
27995,243.0,107.0,153.0,131.0
27996,250.0,154.0,143.0,151.0
27997,274.0,147.0,166.0,152.0
27998,230.0,212.0,126.0,130.0
27999,243.0,141.0,135.0,132.0
28000,267.0,130.0,162.0,134.0
28001,273.0,41.0,146.0,158.0
28002,249.0,103.0,139.0,141.0
28003,243.0,92.0,128.0,143.0
28004,261.0,100.0,141.0,142.0
28005,245.0,109.0,151.0,150.0
28006,248.0,216.0,146.0,136.0
28007,253.0,138.0,154.0,151.0
28008,247.0,77.0,144.0,149.0
28009,226.0,101.0,120.0,137.0
28010,232.0,101.0,113.0,121.0
28011,244.0,126.0,131.0,135.0
28012,261.0,64.0,152.0,160.0
28013,263.0,260.0,152.0,155.0
28014,246.0,216.0,132.0,144.0
28015,249.0,118.0,126.0,144.0
28016,260.0,219.0,141.0,157.0
28017,265.0,220.0,146.0,138.0
28018,260.0,96.0,149.0,138.0
28019,245.0,239.0,138.0,123.0
28020,249.0,162.0,138.0,152.0
28021,264.0,169.0,155.0,140.0
28022,244.0,210.0,127.0,143.0
28023,255.0,231.0,139.0,147.0
28024,233.0,137.0,137.0,140.0
28025,240.0,113.0,107.0,132.0
28026,245.0,125.0,138.0,133.0
28027,254.0,179.0,152.0,143.0
28028,241.0,108.0,135.0,139.0
28029,249.0,96.0,126.0,149.0
28030,264.0,92.0,139.0,140.0
28031,261.0,225.0,153.0,139.0
28032,251.0,123.0,151.0,141.0
28033,255.0,118.0,136.0,154.0
28034,258.0,150.0,138.0,147.0
28035,242.0,116.0,141.0,140.0
28036,230.0,160.0,132.0,135.0
28037,267.0,114.0,144.0,148.0
28038,251.0,82.0,143.0,141.0
28039,279.0,138.0,164.0,141.0
28040,247.0,110.0,157.0,142.0
28041,266.0,56.0,155.0,150.0
28042,254.0,115.0,142.0,153.0
28043,267.0,237.0,155.0,139.0
28044,248.0,74.0,137.0,143.0
28045,246.0,81.0,127.0,147.0
28046,236.0,62.0,142.0,140.0
28047,266.0,87.0,154.0,148.0
28048,248.0,97.0,133.0,140.0
28049,243.0,235.0,139.0,133.0
28050,261.0,116.0,148.0,148.0
28051,252.0,219.0,141.0,141.0
28052,242.0,111.0,135.0,146.0
28053,250.0,99.0,144.0,149.0
28054,257.0,79.0,145.0,152.0
28055,257.0,207.0,141.0,144.0
28056,223.0,106.0,136.0,116.0
28057,257.0,243.0,139.0,145.0
28058,265.0,142.0,146.0,151.0
28059,260.0,101.0,141.0,148.0
28060,250.0,84.0,150.0,138.0
28061,252.0,150.0,139.0,146.0
28062,251.0,76.0,150.0,134.0
28063,268.0,175.0,141.0,151.0
28064,242.0,150.0,142.0,138.0
28065,262.0,63.0,150.0,145.0
28066,244.0,110.0,136.0,142.0
28067,253.0,116.0,139.0,154.0
28068,268.0,113.0,148.0,141.0
28069,250.0,240.0,159.0,138.0
28070,278.0,147.0,156.0,151.0
28071,244.0,219.0,135.0,131.0
28072,244.0,205.0,131.0,143.0
28073,232.0,196.0,132.0,127.0
28074,254.0,223.0,146.0,137.0
28075,260.0,68.0,141.0,149.0
28076,250.0,104.0,135.0,132.0
28077,262.0,219.0,147.0,144.0
28078,226.0,129.0,141.0,130.0
28079,257.0,225.0,128.0,143.0
28080,233.0,197.0,122.0,141.0
28081,237.0,145.0,135.0,143.0
28082,247.0,213.0,127.0,140.0
28083,231.0,117.0,132.0,127.0
28084,259.0,133.0,141.0,140.0
28085,233.0,172.0,143.0,119.0
28086,242.0,219.0,147.0,133.0
28087,240.0,115.0,125.0,133.0
28088,277.0,138.0,143.0,155.0
28089,269.0,232.0,160.0,155.0
28090,238.0,80.0,136.0,127.0
28091,269.0,224.0,158.0,162.0
28092,247.0,232.0,135.0,134.0
28093,240.0,225.0,147.0,145.0
28094,262.0,260.0,145.0,148.0
28095,237.0,178.0,121.0,129.0
28096,231.0,127.0,120.0,131.0
28097,246.0,102.0,156.0,125.0
28098,247.0,219.0,137.0,141.0
28099,256.0,107.0,143.0,136.0
28100,239.0,177.0,160.0,139.0
28101,270.0,96.0,159.0,151.0
28102,280.0,150.0,156.0,150.0
28103,237.0,65.0,137.0,142.0
28104,273.0,131.0,158.0,152.0
28105,268.0,214.0,150.0,162.0
28106,251.0,222.0,135.0,145.0
28107,254.0,215.0,147.0,138.0
28108,236.0,173.0,141.0,133.0
28109,265.0,224.0,162.0,153.0
28110,252.0,101.0,149.0,130.0
28111,277.0,131.0,147.0,157.0
28112,257.0,229.0,139.0,159.0
28113,247.0,215.0,138.0,139.0
28114,259.0,224.0,150.0,132.0
28115,263.0,86.0,141.0,150.0
28116,241.0,70.0,127.0,142.0
28117,269.0,224.0,155.0,152.0
28118,222.0,86.0,128.0,128.0
28119,265.0,130.0,158.0,151.0
28120,224.0,99.0,124.0,129.0
28121,267.0,141.0,162.0,136.0
28122,246.0,204.0,140.0,142.0
28123,244.0,139.0,140.0,145.0
28124,245.0,98.0,127.0,123.0
28125,247.0,107.0,130.0,150.0
28126,253.0,228.0,144.0,128.0
28127,232.0,194.0,131.0,124.0
28128,265.0,246.0,151.0,154.0
28129,255.0,216.0,143.0,148.0
28130,228.0,108.0,129.0,129.0
28131,297.0,263.0,165.0,163.0
28132,281.0,128.0,164.0,168.0
28133,236.0,129.0,139.0,135.0
28134,241.0,205.0,141.0,132.0
28135,273.0,239.0,147.0,144.0
28136,250.0,65.0,143.0,140.0
28137,257.0,98.0,143.0,162.0
28138,207.0,200.0,118.0,119.0
28139,275.0,240.0,136.0,144.0
28140,258.0,107.0,159.0,130.0
28141,283.0,226.0,155.0,172.0
28142,270.0,135.0,149.0,143.0
28143,249.0,46.0,131.0,134.0
28144,239.0,106.0,141.0,115.0
28145,256.0,245.0,153.0,153.0
28146,251.0,240.0,159.0,136.0
28147,249.0,112.0,153.0,150.0
28148,252.0,218.0,131.0,132.0
28149,255.0,132.0,147.0,146.0
28150,252.0,125.0,144.0,152.0
28151,248.0,114.0,160.0,144.0
28152,267.0,116.0,148.0,144.0
28153,264.0,234.0,136.0,152.0
28154,242.0,98.0,136.0,134.0
28155,242.0,184.0,142.0,137.0
28156,225.0,93.0,130.0,135.0
28157,258.0,126.0,143.0,146.0
28158,226.0,102.0,124.0,122.0
28159,263.0,175.0,162.0,149.0
28160,254.0,79.0,145.0,141.0
28161,227.0,192.0,123.0,125.0
28162,235.0,157.0,136.0,122.0
28163,255.0,124.0,136.0,135.0
28164,246.0,102.0,131.0,140.0
28165,251.0,226.0,140.0,155.0
28166,245.0,132.0,132.0,142.0
28167,234.0,193.0,144.0,127.0
28168,242.0,93.0,131.0,136.0
28169,244.0,211.0,149.0,136.0
28170,239.0,119.0,148.0,140.0
28171,264.0,85.0,170.0,149.0
28172,234.0,121.0,137.0,139.0
28173,260.0,234.0,156.0,144.0
28174,279.0,245.0,154.0,158.0
28175,233.0,224.0,143.0,141.0
28176,252.0,231.0,142.0,147.0
28177,215.0,91.0,113.0,128.0
28178,250.0,223.0,154.0,134.0
28179,259.0,127.0,141.0,144.0
28180,231.0,114.0,121.0,121.0
28181,252.0,43.0,148.0,137.0
28182,272.0,99.0,160.0,152.0
28183,250.0,249.0,128.0,137.0
28184,232.0,125.0,136.0,126.0
28185,260.0,221.0,140.0,140.0
28186,245.0,140.0,153.0,139.0
28187,251.0,150.0,142.0,135.0
28188,275.0,138.0,150.0,157.0
28189,243.0,226.0,126.0,132.0
28190,232.0,96.0,137.0,129.0
28191,266.0,83.0,138.0,161.0
28192,249.0,121.0,136.0,138.0
28193,248.0,99.0,140.0,142.0
28194,252.0,226.0,146.0,148.0
28195,234.0,218.0,135.0,132.0
28196,253.0,140.0,151.0,157.0
28197,225.0,193.0,108.0,122.0
28198,244.0,131.0,149.0,145.0
28199,254.0,70.0,140.0,148.0
28200,262.0,118.0,129.0,140.0
28201,246.0,179.0,108.0,132.0
28202,228.0,195.0,117.0,117.0
28203,234.0,195.0,129.0,125.0
28204,247.0,121.0,131.0,143.0
28205,251.0,97.0,126.0,130.0
28206,263.0,263.0,152.0,153.0
28207,226.0,226.0,134.0,120.0
28208,249.0,104.0,146.0,137.0
28209,266.0,98.0,153.0,153.0
28210,241.0,121.0,132.0,131.0
28211,257.0,104.0,142.0,153.0
28212,253.0,104.0,147.0,142.0
28213,252.0,95.0,130.0,136.0
28214,250.0,108.0,145.0,154.0
28215,222.0,90.0,119.0,134.0
28216,252.0,134.0,141.0,133.0
28217,237.0,161.0,129.0,126.0
28218,263.0,142.0,154.0,135.0
28219,263.0,248.0,160.0,138.0
28220,236.0,106.0,128.0,130.0
28221,244.0,213.0,144.0,144.0
28222,262.0,214.0,147.0,150.0
28223,274.0,125.0,144.0,138.0
28224,248.0,76.0,145.0,141.0
28225,280.0,109.0,179.0,159.0
28226,260.0,225.0,175.0,132.0
28227,265.0,123.0,129.0,147.0
28228,231.0,202.0,123.0,127.0
28229,272.0,260.0,164.0,159.0
28230,257.0,205.0,150.0,146.0
28231,231.0,88.0,123.0,129.0
28232,238.0,94.0,132.0,125.0
28233,251.0,159.0,140.0,149.0
28234,250.0,106.0,129.0,159.0
28235,243.0,63.0,137.0,122.0
28236,248.0,139.0,146.0,131.0
28237,277.0,241.0,156.0,142.0
28238,234.0,203.0,134.0,125.0
28239,255.0,215.0,147.0,124.0
28240,254.0,217.0,145.0,157.0
28241,253.0,139.0,154.0,132.0
28242,241.0,200.0,132.0,141.0
28243,246.0,78.0,134.0,140.0
28244,247.0,240.0,142.0,137.0
28245,244.0,241.0,142.0,128.0
28246,239.0,138.0,130.0,130.0
28247,292.0,142.0,172.0,164.0
28248,266.0,88.0,142.0,167.0
28249,267.0,96.0,143.0,139.0
28250,242.0,213.0,149.0,139.0
28251,237.0,199.0,133.0,138.0
28252,236.0,127.0,133.0,128.0
28253,245.0,128.0,150.0,145.0
28254,240.0,111.0,140.0,131.0
28255,257.0,101.0,153.0,116.0
28256,235.0,205.0,141.0,130.0
28257,240.0,132.0,137.0,129.0
28258,249.0,220.0,159.0,134.0
28259,259.0,116.0,152.0,134.0
28260,248.0,235.0,130.0,129.0
28261,242.0,80.0,142.0,131.0
28262,263.0,140.0,141.0,150.0
28263,248.0,93.0,129.0,141.0
28264,248.0,225.0,129.0,139.0
28265,254.0,120.0,141.0,157.0
28266,254.0,227.0,140.0,144.0
28267,245.0,101.0,135.0,148.0
28268,279.0,111.0,159.0,172.0
28269,232.0,102.0,142.0,131.0
28270,280.0,102.0,164.0,157.0
28271,264.0,123.0,131.0,146.0
28272,248.0,108.0,129.0,150.0
28273,223.0,103.0,124.0,122.0
28274,237.0,209.0,139.0,134.0
28275,248.0,155.0,131.0,128.0
28276,269.0,141.0,157.0,160.0
28277,248.0,80.0,145.0,144.0
28278,268.0,121.0,145.0,163.0
28279,249.0,128.0,133.0,136.0
28280,251.0,110.0,151.0,137.0
28281,241.0,189.0,137.0,143.0
28282,253.0,228.0,140.0,142.0
28283,259.0,137.0,139.0,144.0
28284,246.0,88.0,138.0,139.0
28285,226.0,183.0,123.0,135.0
28286,245.0,94.0,118.0,138.0
28287,237.0,223.0,120.0,128.0
28288,245.0,224.0,142.0,139.0
28289,277.0,140.0,139.0,151.0
28290,270.0,69.0,157.0,144.0
28291,249.0,134.0,146.0,140.0
28292,259.0,222.0,145.0,158.0
28293,241.0,204.0,133.0,145.0
28294,271.0,105.0,138.0,143.0
28295,236.0,59.0,128.0,125.0
28296,251.0,113.0,154.0,136.0
28297,261.0,129.0,150.0,142.0
28298,233.0,103.0,130.0,132.0
28299,251.0,93.0,140.0,137.0
28300,245.0,65.0,144.0,135.0
28301,246.0,241.0,144.0,137.0
28302,261.0,99.0,154.0,153.0
28303,230.0,101.0,111.0,133.0
28304,232.0,198.0,132.0,126.0
28305,255.0,122.0,144.0,127.0
28306,275.0,49.0,154.0,150.0
28307,255.0,151.0,136.0,146.0
28308,266.0,224.0,167.0,147.0
28309,230.0,196.0,135.0,113.0
28310,267.0,112.0,150.0,142.0
28311,266.0,244.0,139.0,148.0
28312,272.0,243.0,154.0,143.0
28313,274.0,100.0,145.0,151.0
28314,250.0,118.0,130.0,131.0
28315,258.0,245.0,134.0,154.0
28316,233.0,116.0,129.0,132.0
28317,254.0,93.0,161.0,134.0
28318,253.0,221.0,138.0,140.0
28319,252.0,153.0,140.0,131.0
28320,264.0,188.0,140.0,142.0
28321,256.0,244.0,152.0,141.0
28322,237.0,101.0,137.0,130.0
28323,232.0,164.0,129.0,124.0
28324,245.0,215.0,124.0,133.0
28325,252.0,222.0,158.0,145.0
28326,265.0,235.0,140.0,167.0
28327,262.0,132.0,154.0,141.0
28328,259.0,174.0,140.0,140.0
28329,255.0,67.0,152.0,132.0
28330,272.0,89.0,153.0,144.0
28331,266.0,101.0,154.0,157.0
28332,251.0,244.0,147.0,148.0
28333,257.0,211.0,136.0,148.0
28334,229.0,146.0,120.0,126.0
28335,229.0,90.0,125.0,127.0
28336,252.0,122.0,134.0,135.0
28337,256.0,154.0,134.0,147.0
28338,262.0,147.0,146.0,166.0
28339,234.0,94.0,146.0,133.0
28340,272.0,143.0,161.0,150.0
28341,271.0,104.0,149.0,151.0
28342,231.0,178.0,128.0,129.0
28343,251.0,76.0,141.0,143.0
28344,244.0,85.0,159.0,155.0
28345,210.0,114.0,130.0,117.0
28346,267.0,225.0,153.0,150.0
28347,266.0,155.0,157.0,148.0
28348,259.0,133.0,152.0,149.0
28349,260.0,113.0,153.0,146.0
28350,227.0,97.0,126.0,124.0
28351,252.0,228.0,136.0,142.0
28352,246.0,141.0,135.0,139.0
28353,241.0,104.0,125.0,124.0
28354,258.0,231.0,138.0,152.0
28355,237.0,217.0,126.0,125.0
28356,259.0,225.0,158.0,145.0
28357,226.0,186.0,126.0,121.0
28358,245.0,162.0,139.0,123.0
28359,234.0,151.0,117.0,116.0
28360,259.0,88.0,141.0,153.0
28361,243.0,82.0,149.0,146.0
28362,279.0,177.0,151.0,156.0
28363,227.0,201.0,136.0,121.0
28364,236.0,207.0,141.0,130.0
28365,263.0,157.0,141.0,158.0
28366,246.0,103.0,138.0,145.0
28367,239.0,124.0,153.0,125.0
28368,243.0,235.0,158.0,125.0
28369,249.0,198.0,149.0,145.0
28370,252.0,146.0,141.0,138.0
28371,270.0,238.0,155.0,154.0
28372,271.0,123.0,170.0,143.0
28373,247.0,73.0,145.0,137.0
28374,243.0,238.0,144.0,149.0
28375,245.0,75.0,153.0,151.0
28376,247.0,86.0,131.0,130.0
28377,224.0,103.0,112.0,127.0
28378,270.0,87.0,139.0,145.0
28379,253.0,126.0,151.0,129.0
28380,233.0,131.0,129.0,125.0
28381,286.0,101.0,161.0,158.0
28382,239.0,211.0,117.0,130.0
28383,283.0,272.0,150.0,148.0
28384,257.0,133.0,130.0,149.0
28385,230.0,142.0,142.0,119.0
28386,244.0,209.0,124.0,123.0
28387,264.0,258.0,142.0,155.0
28388,294.0,162.0,162.0,171.0
28389,244.0,215.0,149.0,148.0
28390,248.0,212.0,141.0,131.0
28391,258.0,88.0,154.0,156.0
28392,233.0,100.0,137.0,128.0
28393,261.0,57.0,150.0,144.0
28394,257.0,218.0,150.0,131.0
28395,247.0,217.0,130.0,130.0
28396,263.0,261.0,151.0,152.0
28397,251.0,250.0,134.0,122.0
28398,233.0,118.0,143.0,154.0
28399,281.0,67.0,172.0,152.0
28400,263.0,59.0,131.0,152.0
28401,243.0,135.0,138.0,141.0
28402,243.0,148.0,144.0,143.0
28403,244.0,118.0,147.0,132.0
28404,244.0,233.0,135.0,135.0
28405,247.0,218.0,147.0,135.0
28406,252.0,129.0,149.0,138.0
28407,257.0,213.0,128.0,145.0
28408,259.0,226.0,142.0,146.0
28409,250.0,136.0,152.0,133.0
28410,264.0,121.0,155.0,148.0
28411,230.0,81.0,133.0,132.0
28412,239.0,213.0,124.0,145.0
28413,254.0,134.0,135.0,155.0
28414,248.0,213.0,123.0,146.0
28415,260.0,260.0,154.0,137.0
28416,257.0,101.0,145.0,142.0
28417,257.0,155.0,148.0,150.0
28418,243.0,211.0,144.0,130.0
28419,259.0,86.0,152.0,150.0
28420,239.0,99.0,134.0,140.0
28421,265.0,77.0,155.0,154.0
28422,260.0,100.0,133.0,162.0
28423,248.0,104.0,142.0,140.0
28424,228.0,115.0,135.0,120.0
28425,246.0,67.0,129.0,137.0
28426,251.0,240.0,146.0,145.0
28427,230.0,84.0,131.0,134.0
28428,231.0,95.0,133.0,132.0
28429,253.0,237.0,143.0,135.0
28430,229.0,213.0,131.0,127.0
28431,221.0,182.0,119.0,129.0
28432,276.0,129.0,154.0,152.0
28433,234.0,95.0,124.0,136.0
28434,254.0,250.0,136.0,139.0
28435,244.0,92.0,113.0,136.0
28436,277.0,121.0,160.0,170.0
28437,238.0,205.0,133.0,146.0
28438,249.0,98.0,135.0,137.0
28439,252.0,124.0,145.0,139.0
28440,250.0,106.0,147.0,142.0
28441,252.0,222.0,133.0,139.0
28442,260.0,238.0,153.0,160.0
28443,237.0,99.0,113.0,140.0
28444,247.0,86.0,127.0,141.0
28445,246.0,138.0,153.0,141.0
28446,254.0,137.0,140.0,139.0
28447,239.0,87.0,137.0,136.0
28448,240.0,180.0,131.0,145.0
28449,239.0,75.0,133.0,147.0
28450,222.0,212.0,128.0,121.0
28451,262.0,176.0,154.0,132.0
28452,249.0,126.0,137.0,138.0
28453,248.0,244.0,135.0,160.0
28454,230.0,104.0,133.0,138.0
28455,240.0,227.0,141.0,151.0
28456,232.0,124.0,124.0,134.0
28457,258.0,212.0,158.0,141.0
28458,263.0,218.0,166.0,154.0
28459,252.0,204.0,144.0,147.0
28460,237.0,146.0,145.0,132.0
28461,258.0,227.0,141.0,150.0
28462,275.0,127.0,140.0,153.0
28463,268.0,263.0,147.0,143.0
28464,244.0,161.0,118.0,135.0
28465,263.0,116.0,155.0,148.0
28466,240.0,116.0,141.0,120.0
28467,234.0,36.0,142.0,141.0
28468,254.0,120.0,146.0,136.0
28469,247.0,238.0,148.0,143.0
28470,254.0,79.0,152.0,145.0
28471,264.0,170.0,148.0,143.0
28472,253.0,64.0,146.0,132.0
28473,257.0,147.0,140.0,129.0
28474,253.0,211.0,148.0,142.0
28475,268.0,91.0,167.0,163.0
28476,235.0,81.0,139.0,128.0
28477,247.0,89.0,146.0,139.0
28478,254.0,219.0,147.0,138.0
28479,259.0,93.0,141.0,151.0
28480,244.0,62.0,157.0,140.0
28481,259.0,208.0,159.0,151.0
28482,273.0,151.0,156.0,139.0
28483,225.0,204.0,125.0,123.0
28484,261.0,230.0,152.0,154.0
28485,231.0,118.0,130.0,129.0
28486,279.0,269.0,141.0,160.0
28487,241.0,123.0,123.0,128.0
28488,219.0,118.0,124.0,136.0
28489,249.0,219.0,141.0,138.0
28490,246.0,111.0,132.0,147.0
28491,247.0,209.0,141.0,135.0
28492,258.0,228.0,146.0,151.0
28493,251.0,130.0,142.0,145.0
28494,254.0,110.0,147.0,133.0
28495,283.0,233.0,152.0,154.0
28496,248.0,212.0,140.0,148.0
28497,244.0,86.0,152.0,136.0
28498,237.0,103.0,125.0,135.0
28499,236.0,145.0,154.0,144.0
28500,237.0,155.0,130.0,139.0
28501,243.0,94.0,132.0,135.0
28502,262.0,96.0,162.0,142.0
28503,229.0,115.0,142.0,132.0
28504,253.0,82.0,150.0,132.0
28505,249.0,239.0,131.0,144.0
28506,249.0,126.0,145.0,147.0
28507,241.0,121.0,136.0,132.0
28508,246.0,108.0,147.0,141.0
28509,248.0,105.0,149.0,137.0
28510,262.0,218.0,133.0,158.0
28511,270.0,153.0,153.0,150.0
28512,224.0,178.0,104.0,125.0
28513,248.0,211.0,130.0,128.0
28514,280.0,119.0,164.0,157.0
28515,267.0,232.0,154.0,145.0
28516,240.0,200.0,132.0,124.0
28517,250.0,235.0,128.0,141.0
28518,220.0,87.0,117.0,123.0
28519,257.0,229.0,132.0,152.0
28520,250.0,220.0,145.0,140.0
28521,247.0,241.0,120.0,150.0
28522,264.0,262.0,149.0,158.0
28523,247.0,111.0,138.0,151.0
28524,254.0,117.0,147.0,142.0
28525,245.0,134.0,142.0,137.0
28526,281.0,245.0,155.0,166.0
28527,241.0,195.0,130.0,140.0
28528,242.0,209.0,132.0,119.0
28529,249.0,39.0,136.0,149.0
28530,258.0,134.0,135.0,130.0
28531,246.0,105.0,131.0,143.0
28532,250.0,98.0,136.0,145.0
28533,231.0,65.0,133.0,129.0
28534,238.0,78.0,134.0,136.0
28535,267.0,222.0,138.0,136.0
28536,235.0,139.0,130.0,132.0
28537,243.0,104.0,117.0,126.0
28538,253.0,113.0,142.0,143.0
28539,247.0,196.0,136.0,143.0
28540,245.0,104.0,132.0,135.0
28541,230.0,213.0,117.0,120.0
28542,244.0,104.0,142.0,144.0
28543,240.0,119.0,130.0,145.0
28544,256.0,222.0,144.0,151.0
28545,258.0,87.0,155.0,147.0
28546,248.0,103.0,140.0,146.0
28547,269.0,170.0,149.0,150.0
28548,252.0,143.0,146.0,144.0
28549,263.0,112.0,148.0,143.0
28550,253.0,145.0,142.0,130.0
28551,246.0,205.0,148.0,137.0
28552,227.0,86.0,123.0,136.0
28553,271.0,143.0,155.0,146.0
28554,241.0,158.0,133.0,140.0
28555,244.0,210.0,129.0,136.0
28556,226.0,107.0,121.0,124.0
28557,223.0,203.0,123.0,124.0
28558,236.0,108.0,137.0,146.0
28559,248.0,150.0,133.0,150.0
28560,257.0,65.0,153.0,134.0
28561,253.0,158.0,132.0,127.0
28562,251.0,109.0,141.0,140.0
28563,247.0,112.0,129.0,139.0
28564,256.0,119.0,129.0,146.0
28565,253.0,226.0,131.0,143.0
28566,243.0,223.0,137.0,137.0
28567,246.0,203.0,131.0,129.0
28568,248.0,72.0,139.0,132.0
28569,269.0,101.0,157.0,135.0
28570,227.0,177.0,125.0,125.0
28571,236.0,111.0,132.0,114.0
28572,261.0,129.0,147.0,143.0
28573,253.0,218.0,129.0,150.0
28574,244.0,211.0,148.0,127.0
28575,283.0,92.0,143.0,146.0
28576,265.0,257.0,154.0,149.0
28577,251.0,143.0,149.0,137.0
28578,275.0,90.0,165.0,140.0
28579,281.0,151.0,175.0,160.0
28580,268.0,156.0,157.0,148.0
28581,245.0,59.0,142.0,146.0
28582,270.0,112.0,154.0,161.0
28583,275.0,155.0,154.0,151.0
28584,217.0,102.0,114.0,121.0
28585,242.0,80.0,145.0,132.0
28586,245.0,164.0,147.0,123.0
28587,264.0,228.0,146.0,139.0
28588,249.0,211.0,138.0,150.0
28589,249.0,213.0,143.0,141.0
28590,251.0,163.0,155.0,154.0
28591,249.0,226.0,151.0,146.0
28592,256.0,237.0,137.0,140.0
28593,249.0,230.0,137.0,136.0
28594,238.0,201.0,115.0,146.0
28595,250.0,94.0,130.0,125.0
28596,242.0,197.0,131.0,145.0
28597,262.0,103.0,148.0,130.0
28598,271.0,89.0,144.0,155.0
28599,244.0,147.0,136.0,144.0
28600,227.0,201.0,116.0,131.0
28601,253.0,127.0,147.0,152.0
28602,252.0,131.0,145.0,134.0
28603,241.0,112.0,148.0,139.0
28604,241.0,213.0,112.0,142.0
28605,249.0,103.0,146.0,146.0
28606,253.0,79.0,158.0,140.0
28607,251.0,144.0,153.0,162.0
28608,252.0,93.0,142.0,149.0
28609,239.0,96.0,146.0,153.0
28610,264.0,93.0,151.0,143.0
28611,244.0,221.0,148.0,151.0
28612,220.0,94.0,118.0,114.0
28613,252.0,252.0,140.0,147.0
28614,252.0,119.0,146.0,139.0
28615,262.0,253.0,155.0,159.0
28616,254.0,80.0,143.0,141.0
28617,249.0,244.0,133.0,140.0
28618,247.0,247.0,132.0,135.0
28619,242.0,217.0,136.0,143.0
28620,268.0,218.0,150.0,166.0
28621,253.0,203.0,157.0,155.0
28622,275.0,240.0,150.0,161.0
28623,239.0,119.0,122.0,128.0
28624,266.0,122.0,140.0,157.0
28625,238.0,107.0,134.0,128.0
28626,246.0,79.0,141.0,131.0
28627,254.0,116.0,155.0,145.0
28628,224.0,144.0,133.0,112.0
28629,244.0,102.0,140.0,141.0
28630,270.0,224.0,160.0,153.0
28631,231.0,204.0,129.0,123.0
28632,240.0,218.0,131.0,124.0
28633,240.0,74.0,139.0,130.0
28634,260.0,100.0,151.0,149.0
28635,250.0,198.0,126.0,149.0
28636,241.0,214.0,144.0,148.0
28637,211.0,88.0,105.0,108.0
28638,277.0,139.0,148.0,166.0
28639,241.0,80.0,135.0,134.0
28640,254.0,94.0,135.0,137.0
28641,266.0,90.0,134.0,154.0
28642,259.0,220.0,139.0,130.0
28643,254.0,120.0,142.0,133.0
28644,248.0,80.0,142.0,132.0
28645,232.0,79.0,141.0,134.0
28646,260.0,224.0,155.0,157.0
28647,253.0,101.0,129.0,149.0
28648,253.0,101.0,129.0,133.0
28649,249.0,240.0,158.0,140.0
28650,270.0,165.0,164.0,148.0
28651,238.0,198.0,131.0,134.0
28652,224.0,131.0,126.0,123.0
28653,236.0,71.0,137.0,128.0
28654,276.0,112.0,155.0,148.0
28655,269.0,234.0,153.0,155.0
28656,241.0,48.0,118.0,126.0
28657,240.0,155.0,142.0,134.0
28658,236.0,76.0,147.0,129.0
28659,229.0,209.0,123.0,136.0
28660,256.0,98.0,140.0,132.0
28661,259.0,107.0,161.0,157.0
28662,257.0,145.0,148.0,136.0
28663,249.0,245.0,142.0,139.0
28664,255.0,121.0,157.0,143.0
28665,223.0,108.0,127.0,126.0
28666,258.0,227.0,163.0,147.0
28667,259.0,91.0,151.0,157.0
28668,265.0,152.0,147.0,151.0
28669,231.0,112.0,130.0,133.0
28670,242.0,102.0,148.0,140.0
28671,251.0,206.0,138.0,150.0
28672,247.0,142.0,135.0,143.0
28673,242.0,225.0,128.0,132.0
28674,259.0,221.0,150.0,153.0
28675,257.0,219.0,141.0,143.0
28676,236.0,102.0,136.0,119.0
28677,258.0,246.0,158.0,144.0
28678,239.0,85.0,143.0,129.0
28679,255.0,98.0,143.0,142.0
28680,245.0,120.0,146.0,128.0
28681,265.0,223.0,143.0,144.0
28682,247.0,130.0,152.0,145.0
28683,232.0,107.0,117.0,113.0
28684,242.0,215.0,134.0,132.0
28685,266.0,106.0,157.0,165.0
28686,256.0,210.0,141.0,149.0
28687,243.0,198.0,128.0,127.0
28688,238.0,229.0,133.0,142.0
28689,238.0,145.0,122.0,129.0
28690,265.0,245.0,158.0,159.0
28691,244.0,62.0,138.0,145.0
28692,245.0,217.0,141.0,130.0
28693,263.0,149.0,151.0,150.0
28694,240.0,210.0,138.0,126.0
28695,288.0,258.0,155.0,176.0
28696,243.0,111.0,149.0,151.0
28697,250.0,225.0,147.0,149.0
28698,239.0,149.0,138.0,142.0
28699,248.0,122.0,121.0,145.0
28700,265.0,78.0,151.0,154.0
28701,238.0,134.0,127.0,132.0
28702,251.0,232.0,139.0,134.0
28703,231.0,79.0,135.0,131.0
28704,274.0,141.0,152.0,148.0
28705,237.0,132.0,137.0,128.0
28706,242.0,113.0,130.0,145.0
28707,264.0,259.0,153.0,146.0
28708,266.0,226.0,139.0,141.0
28709,273.0,127.0,157.0,161.0
28710,231.0,164.0,128.0,121.0
28711,253.0,122.0,148.0,149.0
28712,277.0,131.0,154.0,171.0
28713,255.0,134.0,155.0,161.0
28714,240.0,205.0,145.0,122.0
28715,246.0,217.0,133.0,135.0
28716,246.0,66.0,144.0,130.0
28717,246.0,223.0,137.0,142.0
28718,234.0,136.0,134.0,121.0
28719,252.0,131.0,146.0,146.0
28720,253.0,117.0,137.0,145.0
28721,242.0,208.0,133.0,132.0
28722,255.0,93.0,155.0,135.0
28723,257.0,83.0,128.0,147.0
28724,254.0,241.0,131.0,140.0
28725,254.0,237.0,141.0,143.0
28726,280.0,155.0,159.0,149.0
28727,241.0,133.0,129.0,131.0
28728,278.0,238.0,160.0,168.0
28729,237.0,124.0,128.0,128.0
28730,275.0,132.0,152.0,162.0
28731,272.0,114.0,161.0,166.0
28732,273.0,240.0,158.0,152.0
28733,243.0,58.0,122.0,139.0
28734,221.0,127.0,127.0,115.0
28735,255.0,96.0,159.0,150.0
28736,235.0,194.0,131.0,147.0
28737,250.0,209.0,130.0,150.0
28738,257.0,231.0,152.0,134.0
28739,275.0,103.0,177.0,150.0
28740,248.0,160.0,125.0,146.0
28741,261.0,108.0,151.0,139.0
28742,258.0,101.0,140.0,150.0
28743,259.0,149.0,151.0,140.0
28744,281.0,118.0,168.0,160.0
28745,256.0,152.0,149.0,145.0
28746,256.0,100.0,131.0,131.0
28747,230.0,56.0,129.0,134.0
28748,230.0,118.0,130.0,129.0
28749,248.0,168.0,137.0,143.0
28750,267.0,239.0,154.0,148.0
28751,274.0,221.0,144.0,168.0
28752,260.0,207.0,145.0,149.0
28753,241.0,130.0,138.0,136.0
28754,246.0,212.0,140.0,150.0
28755,236.0,61.0,118.0,120.0
28756,253.0,213.0,166.0,147.0
28757,258.0,134.0,163.0,153.0
28758,252.0,114.0,144.0,142.0
28759,237.0,117.0,145.0,127.0
28760,243.0,233.0,137.0,150.0
28761,274.0,161.0,154.0,138.0
28762,239.0,187.0,136.0,140.0
28763,264.0,219.0,158.0,156.0
28764,242.0,144.0,132.0,142.0
28765,247.0,216.0,145.0,143.0
28766,228.0,94.0,118.0,129.0
28767,242.0,121.0,122.0,149.0
28768,245.0,124.0,138.0,142.0
28769,251.0,121.0,143.0,142.0
28770,254.0,118.0,148.0,142.0
28771,251.0,101.0,133.0,136.0
28772,251.0,63.0,143.0,138.0
28773,225.0,179.0,118.0,129.0
28774,231.0,62.0,123.0,121.0
28775,270.0,150.0,155.0,155.0
28776,250.0,95.0,136.0,140.0
28777,252.0,206.0,147.0,128.0
28778,256.0,117.0,141.0,135.0
28779,250.0,139.0,144.0,127.0
28780,252.0,163.0,157.0,136.0
28781,249.0,84.0,141.0,120.0
28782,242.0,97.0,128.0,149.0
28783,261.0,219.0,144.0,139.0
28784,264.0,106.0,142.0,146.0
28785,237.0,112.0,134.0,137.0
28786,248.0,234.0,149.0,147.0
28787,263.0,126.0,143.0,135.0
28788,268.0,122.0,146.0,138.0
28789,256.0,130.0,146.0,159.0
28790,260.0,227.0,158.0,145.0
28791,257.0,224.0,142.0,140.0
28792,250.0,112.0,140.0,147.0
28793,256.0,247.0,139.0,141.0
28794,264.0,230.0,127.0,151.0
28795,250.0,83.0,137.0,160.0
28796,233.0,127.0,131.0,139.0
28797,242.0,103.0,156.0,142.0
28798,252.0,142.0,151.0,137.0
28799,241.0,201.0,131.0,127.0
28800,275.0,147.0,154.0,152.0
28801,281.0,254.0,157.0,165.0
28802,217.0,190.0,128.0,108.0
28803,247.0,105.0,137.0,142.0
28804,270.0,114.0,152.0,148.0
28805,275.0,106.0,146.0,152.0
28806,264.0,145.0,150.0,156.0
28807,257.0,120.0,139.0,152.0
28808,258.0,49.0,144.0,138.0
28809,248.0,206.0,135.0,136.0
28810,230.0,125.0,125.0,135.0
28811,249.0,113.0,138.0,134.0
28812,254.0,132.0,148.0,127.0
28813,245.0,210.0,137.0,143.0
28814,265.0,164.0,155.0,140.0
28815,255.0,214.0,146.0,130.0
28816,277.0,105.0,143.0,152.0
28817,265.0,158.0,138.0,146.0
28818,239.0,98.0,128.0,145.0
28819,251.0,109.0,143.0,144.0
28820,243.0,131.0,136.0,130.0
28821,251.0,93.0,154.0,155.0
28822,257.0,111.0,138.0,144.0
28823,271.0,234.0,147.0,142.0
28824,244.0,103.0,140.0,131.0
28825,219.0,125.0,143.0,118.0
28826,249.0,94.0,152.0,136.0
28827,237.0,104.0,122.0,140.0
28828,249.0,88.0,134.0,142.0
28829,226.0,203.0,122.0,125.0
28830,249.0,102.0,150.0,131.0
28831,271.0,118.0,161.0,157.0
28832,266.0,229.0,147.0,146.0
28833,242.0,124.0,129.0,141.0
28834,241.0,241.0,137.0,141.0
28835,254.0,84.0,151.0,149.0
28836,237.0,204.0,130.0,120.0
28837,249.0,212.0,143.0,132.0
28838,278.0,258.0,157.0,144.0
28839,242.0,132.0,134.0,125.0
28840,264.0,93.0,149.0,166.0
28841,261.0,222.0,141.0,157.0
28842,248.0,140.0,138.0,135.0
28843,244.0,212.0,128.0,147.0
28844,240.0,158.0,140.0,147.0
28845,226.0,86.0,122.0,135.0
28846,255.0,142.0,130.0,154.0
28847,230.0,76.0,123.0,131.0
28848,255.0,224.0,162.0,154.0
28849,257.0,217.0,156.0,138.0
28850,269.0,90.0,140.0,145.0
28851,251.0,214.0,143.0,124.0
28852,243.0,95.0,147.0,136.0
28853,262.0,133.0,140.0,146.0
28854,228.0,188.0,121.0,133.0
28855,247.0,115.0,129.0,146.0
28856,233.0,93.0,125.0,123.0
28857,242.0,93.0,130.0,143.0
28858,240.0,104.0,147.0,130.0
28859,258.0,87.0,138.0,145.0
28860,245.0,100.0,139.0,143.0
28861,264.0,87.0,168.0,138.0
28862,257.0,225.0,152.0,148.0
28863,258.0,147.0,131.0,138.0
28864,244.0,97.0,143.0,150.0
28865,237.0,139.0,133.0,139.0
28866,249.0,81.0,126.0,133.0
28867,240.0,117.0,143.0,123.0
28868,247.0,103.0,143.0,127.0
28869,231.0,98.0,126.0,144.0
28870,256.0,172.0,130.0,153.0
28871,261.0,222.0,139.0,162.0
28872,220.0,181.0,120.0,129.0
28873,241.0,171.0,133.0,136.0
28874,238.0,94.0,136.0,150.0
28875,237.0,22.0,137.0,138.0
28876,229.0,101.0,122.0,122.0
28877,233.0,95.0,138.0,133.0
28878,242.0,201.0,147.0,135.0
28879,238.0,113.0,153.0,129.0
28880,240.0,118.0,151.0,131.0
28881,244.0,226.0,150.0,146.0
28882,245.0,127.0,129.0,133.0
28883,232.0,92.0,134.0,126.0
28884,244.0,204.0,149.0,122.0
28885,250.0,51.0,152.0,143.0
28886,221.0,139.0,128.0,122.0
28887,235.0,197.0,146.0,141.0
28888,256.0,165.0,140.0,135.0
28889,240.0,166.0,137.0,128.0
28890,270.0,100.0,145.0,149.0
28891,259.0,147.0,162.0,135.0
28892,254.0,213.0,151.0,143.0
28893,264.0,223.0,162.0,159.0
28894,240.0,82.0,134.0,148.0
28895,236.0,114.0,132.0,133.0
28896,239.0,127.0,135.0,136.0
28897,257.0,89.0,116.0,146.0
28898,259.0,73.0,151.0,130.0
28899,231.0,109.0,124.0,131.0
28900,260.0,93.0,145.0,157.0
28901,259.0,106.0,148.0,143.0
28902,275.0,146.0,151.0,157.0
28903,257.0,223.0,146.0,142.0
28904,218.0,90.0,119.0,128.0
28905,234.0,232.0,119.0,146.0
28906,245.0,134.0,140.0,126.0
28907,283.0,98.0,157.0,163.0
28908,246.0,142.0,119.0,131.0
28909,259.0,131.0,146.0,134.0
28910,259.0,238.0,145.0,153.0
28911,269.0,181.0,149.0,138.0
28912,239.0,211.0,129.0,133.0
28913,229.0,108.0,135.0,120.0
28914,237.0,191.0,154.0,135.0
28915,233.0,109.0,133.0,121.0
28916,244.0,98.0,142.0,148.0
28917,255.0,101.0,132.0,137.0
28918,247.0,214.0,134.0,148.0
28919,288.0,99.0,170.0,183.0
28920,246.0,89.0,139.0,133.0
28921,252.0,228.0,140.0,144.0
28922,269.0,101.0,167.0,156.0
28923,237.0,84.0,124.0,141.0
28924,231.0,195.0,123.0,133.0
28925,262.0,90.0,148.0,134.0
28926,227.0,63.0,131.0,123.0
28927,250.0,114.0,129.0,141.0
28928,253.0,219.0,149.0,145.0
28929,249.0,147.0,136.0,141.0
28930,224.0,116.0,126.0,138.0
28931,261.0,132.0,142.0,135.0
28932,240.0,215.0,145.0,144.0
28933,240.0,214.0,124.0,144.0
28934,228.0,71.0,118.0,128.0
28935,260.0,131.0,155.0,156.0
28936,266.0,174.0,163.0,147.0
28937,258.0,230.0,155.0,146.0
28938,217.0,214.0,130.0,130.0
28939,269.0,145.0,134.0,156.0
28940,252.0,70.0,128.0,148.0
28941,241.0,87.0,126.0,139.0
28942,254.0,106.0,155.0,141.0
28943,235.0,204.0,125.0,129.0
28944,245.0,72.0,132.0,137.0
28945,250.0,81.0,142.0,134.0
28946,251.0,108.0,145.0,132.0
28947,266.0,100.0,140.0,157.0
28948,246.0,168.0,137.0,137.0
28949,259.0,124.0,140.0,151.0
28950,248.0,135.0,134.0,147.0
28951,245.0,75.0,133.0,126.0
28952,241.0,141.0,140.0,142.0
28953,268.0,234.0,148.0,151.0
28954,249.0,209.0,152.0,156.0
28955,243.0,97.0,135.0,144.0
28956,229.0,107.0,127.0,129.0
28957,240.0,210.0,131.0,129.0
28958,263.0,83.0,146.0,130.0
28959,247.0,216.0,124.0,141.0
28960,278.0,241.0,165.0,163.0
28961,243.0,73.0,141.0,134.0
28962,232.0,201.0,133.0,133.0
28963,248.0,86.0,128.0,136.0
28964,240.0,84.0,136.0,152.0
28965,245.0,217.0,132.0,133.0
28966,258.0,249.0,139.0,152.0
28967,223.0,126.0,131.0,133.0
28968,225.0,138.0,127.0,116.0
28969,247.0,227.0,144.0,149.0
28970,231.0,108.0,129.0,125.0
28971,254.0,145.0,150.0,138.0
28972,227.0,141.0,127.0,130.0
28973,252.0,117.0,142.0,139.0
28974,252.0,106.0,171.0,134.0
28975,225.0,225.0,132.0,135.0
28976,257.0,125.0,136.0,146.0
28977,243.0,207.0,139.0,144.0
28978,256.0,133.0,156.0,130.0
28979,255.0,84.0,122.0,155.0
28980,230.0,66.0,127.0,147.0
28981,267.0,222.0,150.0,144.0
28982,258.0,254.0,141.0,136.0
28983,258.0,180.0,142.0,143.0
28984,237.0,81.0,126.0,131.0
28985,246.0,210.0,137.0,135.0
28986,272.0,214.0,159.0,151.0
28987,260.0,83.0,148.0,152.0
28988,252.0,209.0,153.0,140.0
28989,267.0,236.0,139.0,132.0
28990,250.0,89.0,158.0,138.0
28991,226.0,100.0,109.0,123.0
28992,228.0,105.0,135.0,108.0
28993,228.0,126.0,118.0,132.0
28994,244.0,156.0,131.0,147.0
28995,266.0,107.0,145.0,147.0
28996,236.0,205.0,125.0,108.0
28997,237.0,199.0,102.0,121.0
28998,268.0,96.0,160.0,159.0
28999,250.0,111.0,149.0,128.0
29000,228.0,63.0,126.0,120.0
29001,252.0,121.0,136.0,149.0
29002,223.0,216.0,120.0,107.0
29003,234.0,227.0,134.0,143.0
29004,245.0,166.0,137.0,137.0
29005,254.0,247.0,154.0,148.0
29006,273.0,150.0,158.0,147.0
29007,247.0,118.0,134.0,139.0
29008,244.0,243.0,147.0,145.0
29009,260.0,229.0,149.0,141.0
29010,222.0,215.0,105.0,132.0
29011,235.0,197.0,124.0,136.0
29012,277.0,267.0,152.0,148.0
29013,238.0,102.0,121.0,149.0
29014,269.0,135.0,152.0,147.0
29015,240.0,86.0,125.0,135.0
29016,250.0,208.0,133.0,150.0
29017,254.0,65.0,128.0,129.0
29018,246.0,227.0,132.0,139.0
29019,231.0,73.0,134.0,123.0
29020,261.0,251.0,153.0,134.0
29021,243.0,89.0,136.0,127.0
29022,237.0,110.0,134.0,129.0
29023,254.0,104.0,143.0,136.0
29024,266.0,100.0,153.0,150.0
29025,232.0,96.0,134.0,140.0
29026,259.0,222.0,153.0,138.0
29027,274.0,100.0,147.0,144.0
29028,242.0,103.0,135.0,140.0
29029,274.0,272.0,157.0,163.0
29030,240.0,115.0,157.0,138.0
29031,256.0,117.0,142.0,159.0
29032,228.0,51.0,125.0,126.0
29033,259.0,229.0,157.0,126.0
29034,268.0,120.0,152.0,159.0
29035,233.0,93.0,117.0,142.0
29036,252.0,153.0,146.0,154.0
29037,269.0,235.0,148.0,151.0
29038,268.0,86.0,156.0,154.0
29039,264.0,233.0,153.0,152.0
29040,239.0,106.0,136.0,141.0
29041,257.0,71.0,150.0,140.0
29042,270.0,235.0,146.0,152.0
29043,263.0,212.0,129.0,145.0
29044,245.0,169.0,147.0,135.0
29045,247.0,52.0,153.0,141.0
29046,250.0,213.0,146.0,130.0
29047,266.0,128.0,153.0,136.0
29048,243.0,109.0,147.0,127.0
29049,258.0,125.0,143.0,145.0
29050,285.0,248.0,154.0,160.0
29051,251.0,110.0,150.0,140.0
29052,236.0,125.0,129.0,112.0
29053,272.0,123.0,168.0,163.0
29054,267.0,238.0,154.0,153.0
29055,250.0,193.0,127.0,136.0
29056,267.0,231.0,149.0,154.0
29057,264.0,165.0,144.0,153.0
29058,230.0,178.0,120.0,129.0
29059,242.0,86.0,127.0,126.0
29060,269.0,229.0,144.0,149.0
29061,235.0,99.0,132.0,145.0
29062,254.0,220.0,131.0,148.0
29063,257.0,126.0,137.0,135.0
29064,254.0,216.0,147.0,149.0
29065,255.0,82.0,147.0,140.0
29066,242.0,234.0,130.0,149.0
29067,277.0,139.0,161.0,168.0
29068,235.0,227.0,143.0,116.0
29069,259.0,220.0,151.0,135.0
29070,259.0,114.0,159.0,144.0
29071,247.0,208.0,139.0,135.0
29072,260.0,93.0,136.0,154.0
29073,261.0,119.0,139.0,153.0
29074,252.0,81.0,144.0,141.0
29075,264.0,81.0,153.0,148.0
29076,259.0,170.0,143.0,146.0
29077,257.0,250.0,139.0,135.0
29078,250.0,225.0,134.0,129.0
29079,252.0,96.0,149.0,142.0
29080,222.0,108.0,128.0,130.0
29081,270.0,151.0,164.0,163.0
29082,255.0,137.0,153.0,153.0
29083,225.0,212.0,122.0,132.0
29084,228.0,127.0,122.0,135.0
29085,247.0,150.0,152.0,127.0
29086,269.0,261.0,153.0,149.0
29087,258.0,123.0,157.0,141.0
29088,258.0,104.0,137.0,136.0
29089,240.0,105.0,139.0,135.0
29090,262.0,232.0,159.0,132.0
29091,231.0,113.0,124.0,120.0
29092,260.0,96.0,146.0,153.0
29093,286.0,126.0,169.0,168.0
29094,243.0,207.0,148.0,134.0
29095,262.0,185.0,150.0,146.0
29096,241.0,233.0,130.0,134.0
29097,272.0,260.0,160.0,156.0
29098,230.0,98.0,109.0,132.0
29099,241.0,61.0,136.0,137.0
29100,237.0,82.0,138.0,131.0
29101,261.0,243.0,151.0,140.0
29102,249.0,196.0,145.0,136.0
29103,246.0,231.0,130.0,147.0
29104,259.0,170.0,148.0,142.0
29105,251.0,148.0,133.0,140.0
29106,245.0,146.0,134.0,134.0
29107,256.0,88.0,141.0,147.0
29108,270.0,266.0,129.0,137.0
29109,252.0,107.0,129.0,131.0
29110,265.0,146.0,160.0,131.0
29111,232.0,187.0,136.0,131.0
29112,251.0,251.0,141.0,162.0
29113,237.0,141.0,141.0,127.0
29114,255.0,104.0,148.0,134.0
29115,245.0,108.0,138.0,135.0
29116,254.0,139.0,146.0,133.0
29117,252.0,247.0,146.0,147.0
29118,260.0,123.0,130.0,147.0
29119,267.0,228.0,152.0,147.0
29120,263.0,159.0,143.0,153.0
29121,239.0,206.0,142.0,144.0
29122,260.0,227.0,137.0,157.0
29123,243.0,208.0,134.0,143.0
29124,267.0,172.0,144.0,140.0
29125,266.0,137.0,145.0,154.0
29126,234.0,63.0,124.0,135.0
29127,245.0,105.0,149.0,146.0
29128,255.0,222.0,136.0,140.0
29129,254.0,158.0,150.0,151.0
29130,265.0,232.0,154.0,150.0
29131,252.0,118.0,147.0,149.0
29132,266.0,89.0,151.0,145.0
29133,235.0,135.0,139.0,134.0
29134,257.0,120.0,133.0,149.0
29135,243.0,106.0,160.0,134.0
29136,265.0,62.0,150.0,149.0
29137,252.0,117.0,140.0,149.0
29138,221.0,100.0,128.0,126.0
29139,253.0,217.0,156.0,141.0
29140,255.0,219.0,159.0,126.0
29141,235.0,131.0,136.0,128.0
29142,257.0,226.0,147.0,151.0
29143,204.0,181.0,102.0,114.0
29144,257.0,105.0,136.0,144.0
29145,252.0,121.0,142.0,139.0
29146,258.0,161.0,162.0,141.0
29147,241.0,117.0,135.0,140.0
29148,254.0,223.0,148.0,135.0
29149,265.0,109.0,138.0,142.0
29150,241.0,150.0,130.0,121.0
29151,283.0,138.0,155.0,159.0
29152,248.0,118.0,145.0,141.0
29153,250.0,94.0,129.0,134.0
29154,253.0,199.0,138.0,138.0
29155,279.0,233.0,160.0,163.0
29156,239.0,192.0,137.0,130.0
29157,254.0,72.0,155.0,161.0
29158,251.0,104.0,160.0,140.0
29159,247.0,144.0,142.0,136.0
29160,238.0,116.0,134.0,125.0
29161,259.0,233.0,153.0,153.0
29162,268.0,106.0,149.0,167.0
29163,230.0,117.0,123.0,136.0
29164,265.0,116.0,145.0,142.0
29165,249.0,229.0,138.0,145.0
29166,249.0,92.0,145.0,142.0
29167,255.0,84.0,160.0,134.0
29168,260.0,112.0,138.0,133.0
29169,247.0,203.0,135.0,127.0
29170,262.0,218.0,156.0,180.0
29171,258.0,73.0,148.0,158.0
29172,264.0,227.0,157.0,152.0
29173,261.0,101.0,141.0,142.0
29174,255.0,106.0,151.0,146.0
29175,277.0,140.0,156.0,170.0
29176,240.0,235.0,140.0,141.0
29177,278.0,273.0,161.0,159.0
29178,239.0,205.0,146.0,137.0
29179,251.0,120.0,152.0,135.0
29180,216.0,130.0,119.0,122.0
29181,258.0,89.0,147.0,136.0
29182,266.0,129.0,161.0,146.0
29183,224.0,192.0,129.0,129.0
29184,272.0,113.0,135.0,155.0
29185,222.0,82.0,129.0,136.0
29186,252.0,148.0,137.0,135.0
29187,238.0,102.0,123.0,125.0
29188,259.0,106.0,153.0,135.0
29189,272.0,110.0,159.0,161.0
29190,264.0,148.0,152.0,151.0
29191,271.0,77.0,150.0,143.0
29192,247.0,208.0,137.0,131.0
29193,255.0,115.0,150.0,132.0
29194,268.0,112.0,156.0,144.0
29195,228.0,95.0,126.0,142.0
29196,251.0,98.0,135.0,138.0
29197,259.0,105.0,148.0,143.0
29198,245.0,108.0,144.0,139.0
29199,246.0,128.0,124.0,148.0
29200,223.0,127.0,118.0,134.0
29201,220.0,85.0,110.0,131.0
29202,263.0,120.0,141.0,142.0
29203,268.0,152.0,160.0,162.0
29204,239.0,47.0,132.0,125.0
29205,232.0,120.0,133.0,129.0
29206,251.0,208.0,152.0,131.0
29207,238.0,204.0,137.0,134.0
29208,260.0,220.0,125.0,158.0
29209,238.0,86.0,138.0,124.0
29210,248.0,243.0,145.0,135.0
29211,247.0,112.0,155.0,155.0
29212,251.0,248.0,137.0,134.0
29213,230.0,100.0,131.0,139.0
29214,248.0,158.0,152.0,144.0
29215,253.0,236.0,127.0,138.0
29216,251.0,122.0,144.0,125.0
29217,246.0,242.0,138.0,135.0
29218,231.0,71.0,129.0,128.0
29219,253.0,107.0,141.0,135.0
29220,247.0,213.0,131.0,139.0
29221,265.0,87.0,152.0,148.0
29222,231.0,214.0,139.0,130.0
29223,285.0,277.0,170.0,158.0
29224,271.0,222.0,161.0,140.0
29225,257.0,253.0,128.0,145.0
29226,238.0,123.0,130.0,141.0
29227,261.0,115.0,145.0,137.0
29228,238.0,94.0,139.0,137.0
29229,250.0,117.0,127.0,140.0
29230,249.0,134.0,146.0,143.0
29231,250.0,96.0,148.0,122.0
29232,252.0,131.0,146.0,150.0
29233,254.0,220.0,138.0,149.0
29234,252.0,219.0,153.0,138.0
29235,263.0,107.0,152.0,162.0
29236,246.0,128.0,136.0,131.0
29237,251.0,102.0,141.0,164.0
29238,264.0,227.0,154.0,154.0
29239,258.0,102.0,135.0,140.0
29240,256.0,90.0,134.0,143.0
29241,257.0,97.0,137.0,153.0
29242,256.0,214.0,158.0,145.0
29243,233.0,139.0,135.0,130.0
29244,255.0,228.0,149.0,131.0
29245,272.0,241.0,155.0,169.0
29246,243.0,103.0,130.0,142.0
29247,293.0,190.0,172.0,180.0
29248,257.0,130.0,140.0,151.0
29249,251.0,216.0,148.0,139.0
29250,238.0,236.0,121.0,143.0
29251,270.0,135.0,167.0,143.0
29252,229.0,83.0,106.0,113.0
29253,250.0,167.0,133.0,150.0
29254,258.0,84.0,148.0,129.0
29255,252.0,124.0,140.0,141.0
29256,241.0,100.0,137.0,144.0
29257,265.0,103.0,140.0,150.0
29258,291.0,166.0,155.0,170.0
29259,252.0,103.0,134.0,145.0
29260,253.0,168.0,143.0,145.0
29261,261.0,141.0,134.0,138.0
29262,253.0,160.0,142.0,154.0
29263,236.0,205.0,138.0,123.0
29264,253.0,113.0,139.0,141.0
29265,244.0,208.0,136.0,111.0
29266,238.0,215.0,130.0,128.0
29267,242.0,131.0,132.0,133.0
29268,243.0,214.0,135.0,142.0
29269,255.0,110.0,125.0,154.0
29270,272.0,121.0,144.0,149.0
29271,242.0,181.0,141.0,135.0
29272,253.0,135.0,142.0,137.0
29273,241.0,215.0,129.0,148.0
29274,258.0,245.0,162.0,144.0
29275,266.0,235.0,147.0,163.0
29276,233.0,104.0,142.0,139.0
29277,236.0,84.0,122.0,144.0
29278,232.0,101.0,128.0,129.0
29279,239.0,109.0,134.0,133.0
29280,249.0,137.0,129.0,143.0
29281,230.0,101.0,122.0,140.0
29282,248.0,117.0,139.0,129.0
29283,274.0,76.0,154.0,156.0
29284,267.0,120.0,161.0,147.0
29285,264.0,70.0,155.0,150.0
29286,264.0,60.0,165.0,157.0
29287,249.0,204.0,140.0,144.0
29288,262.0,144.0,141.0,141.0
29289,211.0,177.0,120.0,105.0
29290,260.0,102.0,151.0,149.0
29291,233.0,95.0,133.0,132.0
29292,244.0,207.0,144.0,146.0
29293,276.0,241.0,156.0,136.0
29294,264.0,121.0,154.0,130.0
29295,279.0,244.0,144.0,158.0
29296,237.0,209.0,150.0,128.0
29297,257.0,141.0,137.0,152.0
29298,246.0,40.0,160.0,141.0
29299,254.0,220.0,137.0,149.0
29300,255.0,224.0,159.0,160.0
29301,240.0,196.0,123.0,143.0
29302,245.0,124.0,131.0,146.0
29303,241.0,89.0,138.0,124.0
29304,252.0,215.0,139.0,145.0
29305,278.0,151.0,137.0,156.0
29306,260.0,226.0,152.0,143.0
29307,234.0,210.0,157.0,133.0
29308,247.0,223.0,137.0,138.0
29309,238.0,109.0,127.0,131.0
29310,256.0,96.0,153.0,144.0
29311,266.0,227.0,159.0,152.0
29312,257.0,123.0,137.0,135.0
29313,254.0,135.0,143.0,137.0
29314,245.0,119.0,136.0,150.0
29315,246.0,227.0,124.0,134.0
29316,270.0,85.0,147.0,155.0
29317,237.0,81.0,145.0,118.0
29318,244.0,158.0,133.0,144.0
29319,219.0,78.0,109.0,128.0
29320,270.0,127.0,143.0,147.0
29321,268.0,205.0,146.0,155.0
29322,271.0,220.0,129.0,149.0
29323,261.0,109.0,148.0,141.0
29324,257.0,122.0,130.0,144.0
29325,237.0,67.0,115.0,129.0
29326,239.0,102.0,129.0,142.0
29327,226.0,225.0,138.0,126.0
29328,253.0,102.0,146.0,144.0
29329,265.0,230.0,148.0,158.0
29330,239.0,79.0,123.0,138.0
29331,255.0,82.0,142.0,155.0
29332,251.0,213.0,137.0,148.0
29333,231.0,81.0,136.0,123.0
29334,234.0,121.0,121.0,133.0
29335,242.0,189.0,132.0,134.0
29336,255.0,210.0,146.0,153.0
29337,278.0,201.0,171.0,153.0
29338,231.0,74.0,123.0,137.0
29339,254.0,235.0,147.0,131.0
29340,240.0,129.0,130.0,140.0
29341,244.0,79.0,129.0,144.0
29342,247.0,241.0,145.0,149.0
29343,273.0,244.0,128.0,154.0
29344,244.0,124.0,122.0,135.0
29345,248.0,220.0,132.0,135.0
29346,257.0,112.0,139.0,138.0
29347,247.0,177.0,145.0,136.0
29348,234.0,212.0,140.0,116.0
29349,252.0,251.0,143.0,134.0
29350,236.0,126.0,135.0,127.0
29351,246.0,108.0,140.0,144.0
29352,247.0,90.0,156.0,148.0
29353,251.0,118.0,129.0,131.0
29354,235.0,135.0,120.0,127.0
29355,240.0,199.0,127.0,142.0
29356,255.0,96.0,130.0,141.0
29357,225.0,184.0,123.0,145.0
29358,250.0,224.0,158.0,151.0
29359,263.0,120.0,154.0,144.0
29360,261.0,143.0,142.0,140.0
29361,254.0,153.0,133.0,145.0
29362,243.0,95.0,137.0,130.0
29363,262.0,133.0,158.0,146.0
29364,255.0,128.0,158.0,138.0
29365,227.0,101.0,139.0,137.0
29366,245.0,114.0,136.0,130.0
29367,248.0,87.0,136.0,143.0
29368,236.0,226.0,147.0,137.0
29369,243.0,112.0,144.0,128.0
29370,247.0,101.0,134.0,130.0
29371,249.0,229.0,136.0,135.0
29372,260.0,224.0,140.0,147.0
29373,245.0,95.0,146.0,124.0
29374,248.0,132.0,129.0,131.0
29375,276.0,236.0,170.0,155.0
29376,237.0,237.0,154.0,147.0
29377,259.0,259.0,143.0,149.0
29378,247.0,129.0,134.0,138.0
29379,247.0,175.0,140.0,152.0
29380,272.0,61.0,169.0,170.0
29381,242.0,160.0,115.0,119.0
29382,275.0,107.0,161.0,151.0
29383,251.0,247.0,139.0,140.0
29384,236.0,149.0,130.0,129.0
29385,225.0,204.0,136.0,113.0
29386,250.0,248.0,130.0,143.0
29387,263.0,75.0,142.0,157.0
29388,237.0,106.0,136.0,142.0
29389,249.0,218.0,130.0,139.0
29390,251.0,220.0,156.0,135.0
29391,263.0,215.0,137.0,155.0
29392,262.0,248.0,139.0,139.0
29393,247.0,86.0,147.0,133.0
29394,256.0,216.0,141.0,134.0
29395,225.0,100.0,133.0,137.0
29396,262.0,186.0,151.0,147.0
29397,222.0,199.0,123.0,131.0
29398,255.0,128.0,124.0,147.0
29399,252.0,114.0,142.0,146.0
29400,251.0,127.0,141.0,145.0
29401,232.0,232.0,142.0,132.0
29402,248.0,173.0,127.0,143.0
29403,264.0,126.0,158.0,152.0
29404,259.0,96.0,132.0,141.0
29405,274.0,255.0,168.0,147.0
29406,248.0,128.0,137.0,145.0
29407,253.0,224.0,142.0,135.0
29408,221.0,122.0,118.0,128.0
29409,250.0,112.0,131.0,149.0
29410,249.0,224.0,128.0,148.0
29411,225.0,220.0,129.0,129.0
29412,239.0,126.0,123.0,132.0
29413,247.0,210.0,145.0,144.0
29414,236.0,202.0,146.0,126.0
29415,263.0,232.0,177.0,154.0
29416,267.0,214.0,146.0,149.0
29417,229.0,191.0,126.0,137.0
29418,242.0,163.0,142.0,124.0
29419,218.0,86.0,124.0,113.0
29420,251.0,111.0,133.0,141.0
29421,244.0,130.0,128.0,141.0
29422,279.0,195.0,149.0,153.0
29423,260.0,256.0,149.0,153.0
29424,232.0,198.0,123.0,117.0
29425,251.0,216.0,139.0,136.0
29426,248.0,226.0,138.0,139.0
29427,281.0,165.0,153.0,161.0
29428,247.0,232.0,142.0,136.0
29429,254.0,239.0,133.0,139.0
29430,235.0,206.0,149.0,125.0
29431,262.0,83.0,141.0,146.0
29432,273.0,242.0,150.0,154.0
29433,253.0,147.0,149.0,139.0
29434,247.0,151.0,139.0,142.0
29435,249.0,215.0,151.0,140.0
29436,272.0,119.0,166.0,143.0
29437,245.0,245.0,146.0,139.0
29438,243.0,138.0,130.0,143.0
29439,267.0,182.0,154.0,133.0
29440,238.0,103.0,147.0,123.0
29441,252.0,107.0,145.0,146.0
29442,239.0,180.0,135.0,140.0
29443,269.0,240.0,156.0,162.0
29444,258.0,93.0,128.0,149.0
29445,248.0,200.0,145.0,147.0
29446,239.0,237.0,145.0,117.0
29447,250.0,219.0,148.0,146.0
29448,240.0,139.0,137.0,142.0
29449,235.0,104.0,127.0,138.0
29450,245.0,107.0,128.0,132.0
29451,270.0,109.0,141.0,149.0
29452,235.0,156.0,130.0,133.0
29453,254.0,114.0,136.0,155.0
29454,259.0,128.0,145.0,154.0
29455,252.0,61.0,139.0,135.0
29456,249.0,62.0,134.0,147.0
29457,245.0,61.0,149.0,132.0
29458,251.0,141.0,142.0,138.0
29459,257.0,228.0,136.0,153.0
29460,276.0,140.0,175.0,161.0
29461,252.0,223.0,136.0,147.0
29462,260.0,260.0,158.0,147.0
29463,241.0,128.0,126.0,137.0
29464,263.0,167.0,139.0,147.0
29465,241.0,103.0,146.0,132.0
29466,269.0,253.0,164.0,143.0
29467,250.0,220.0,142.0,143.0
29468,261.0,217.0,151.0,154.0
29469,271.0,134.0,147.0,148.0
29470,263.0,147.0,134.0,157.0
29471,241.0,200.0,131.0,142.0
29472,241.0,149.0,139.0,141.0
29473,258.0,156.0,149.0,143.0
29474,250.0,39.0,132.0,131.0
29475,270.0,150.0,144.0,151.0
29476,223.0,196.0,145.0,136.0
29477,230.0,205.0,138.0,124.0
29478,269.0,125.0,151.0,140.0
29479,248.0,124.0,132.0,140.0
29480,238.0,79.0,132.0,122.0
29481,252.0,87.0,157.0,128.0
29482,258.0,226.0,128.0,136.0
29483,283.0,121.0,169.0,176.0
29484,237.0,210.0,132.0,139.0
29485,237.0,210.0,125.0,133.0
29486,259.0,220.0,156.0,149.0
29487,273.0,96.0,154.0,137.0
29488,257.0,104.0,144.0,137.0
29489,267.0,157.0,140.0,145.0
29490,258.0,113.0,132.0,149.0
29491,274.0,106.0,167.0,169.0
29492,251.0,81.0,143.0,146.0
29493,278.0,237.0,157.0,144.0
29494,257.0,224.0,143.0,146.0
29495,255.0,216.0,143.0,151.0
29496,249.0,228.0,145.0,137.0
29497,241.0,220.0,139.0,133.0
29498,254.0,175.0,146.0,134.0
29499,234.0,226.0,138.0,135.0
29500,264.0,160.0,142.0,147.0
29501,257.0,256.0,154.0,146.0
29502,258.0,162.0,149.0,142.0
29503,241.0,104.0,124.0,141.0
29504,256.0,222.0,140.0,130.0
29505,267.0,241.0,152.0,137.0
29506,229.0,225.0,128.0,124.0
29507,267.0,118.0,147.0,156.0
29508,248.0,205.0,136.0,147.0
29509,254.0,125.0,141.0,153.0
29510,245.0,206.0,136.0,152.0
29511,273.0,122.0,133.0,167.0
29512,249.0,109.0,145.0,138.0
29513,237.0,138.0,127.0,132.0
29514,273.0,111.0,137.0,152.0
29515,244.0,244.0,129.0,140.0
29516,224.0,135.0,116.0,134.0
29517,238.0,164.0,134.0,142.0
29518,226.0,171.0,124.0,126.0
29519,267.0,80.0,150.0,149.0
29520,238.0,117.0,141.0,139.0
29521,243.0,241.0,117.0,123.0
29522,238.0,125.0,147.0,141.0
29523,244.0,161.0,132.0,136.0
29524,261.0,185.0,144.0,156.0
29525,243.0,86.0,143.0,131.0
29526,263.0,76.0,131.0,160.0
29527,255.0,143.0,139.0,131.0
29528,234.0,90.0,144.0,127.0
29529,255.0,100.0,142.0,144.0
29530,242.0,69.0,145.0,134.0
29531,264.0,225.0,151.0,138.0
29532,263.0,129.0,154.0,155.0
29533,246.0,93.0,135.0,137.0
29534,229.0,139.0,124.0,122.0
29535,230.0,66.0,129.0,126.0
29536,242.0,99.0,142.0,146.0
29537,244.0,209.0,142.0,137.0
29538,240.0,205.0,137.0,127.0
29539,266.0,266.0,148.0,133.0
29540,264.0,164.0,138.0,148.0
29541,263.0,260.0,162.0,147.0
29542,284.0,142.0,158.0,160.0
29543,264.0,155.0,146.0,139.0
29544,239.0,194.0,147.0,135.0
29545,271.0,82.0,153.0,156.0
29546,249.0,152.0,142.0,148.0
29547,229.0,135.0,104.0,122.0
29548,249.0,125.0,153.0,125.0
29549,232.0,78.0,129.0,146.0
29550,259.0,105.0,155.0,152.0
29551,240.0,96.0,141.0,127.0
29552,255.0,200.0,140.0,140.0
29553,230.0,152.0,130.0,127.0
29554,222.0,118.0,132.0,127.0
29555,246.0,100.0,142.0,132.0
29556,233.0,163.0,126.0,122.0
29557,258.0,214.0,125.0,131.0
29558,238.0,213.0,150.0,128.0
29559,246.0,115.0,142.0,128.0
29560,244.0,212.0,146.0,146.0
29561,255.0,232.0,142.0,148.0
29562,234.0,190.0,150.0,131.0
29563,255.0,155.0,147.0,149.0
29564,247.0,92.0,135.0,136.0
29565,248.0,112.0,153.0,148.0
29566,251.0,158.0,142.0,140.0
29567,246.0,123.0,146.0,143.0
29568,238.0,125.0,143.0,132.0
29569,257.0,254.0,143.0,134.0
29570,247.0,135.0,135.0,152.0
29571,238.0,216.0,136.0,135.0
29572,266.0,90.0,148.0,151.0
29573,256.0,60.0,147.0,158.0
29574,265.0,101.0,128.0,139.0
29575,258.0,214.0,157.0,153.0
29576,243.0,203.0,155.0,142.0
29577,265.0,126.0,140.0,141.0
29578,259.0,251.0,157.0,145.0
29579,246.0,238.0,130.0,141.0
29580,265.0,110.0,146.0,146.0
29581,254.0,216.0,165.0,155.0
29582,229.0,77.0,132.0,126.0
29583,254.0,92.0,140.0,131.0
29584,238.0,99.0,137.0,132.0
29585,236.0,93.0,132.0,129.0
29586,256.0,123.0,148.0,127.0
29587,275.0,271.0,157.0,168.0
29588,239.0,119.0,148.0,136.0
29589,257.0,107.0,149.0,128.0
29590,228.0,208.0,132.0,123.0
29591,261.0,231.0,134.0,147.0
29592,228.0,104.0,132.0,129.0
29593,263.0,146.0,135.0,146.0
29594,242.0,204.0,125.0,140.0
29595,235.0,96.0,129.0,127.0
29596,242.0,99.0,139.0,134.0
29597,252.0,86.0,132.0,147.0
29598,233.0,110.0,121.0,129.0
29599,227.0,193.0,121.0,130.0
29600,244.0,81.0,143.0,135.0
29601,240.0,110.0,130.0,130.0
29602,250.0,208.0,141.0,135.0
29603,261.0,119.0,148.0,148.0
29604,211.0,189.0,115.0,117.0
29605,251.0,223.0,130.0,156.0
29606,246.0,141.0,134.0,147.0
29607,264.0,145.0,143.0,153.0
29608,274.0,251.0,163.0,153.0
29609,254.0,112.0,136.0,149.0
29610,257.0,139.0,140.0,152.0
29611,248.0,78.0,137.0,132.0
29612,228.0,216.0,139.0,124.0
29613,242.0,132.0,134.0,122.0
29614,239.0,104.0,133.0,132.0
29615,255.0,142.0,160.0,139.0
29616,231.0,116.0,124.0,122.0
29617,249.0,213.0,139.0,144.0
29618,236.0,91.0,140.0,143.0
29619,244.0,117.0,121.0,135.0
29620,264.0,250.0,156.0,159.0
29621,258.0,254.0,157.0,135.0
29622,261.0,119.0,133.0,149.0
29623,275.0,261.0,148.0,149.0
29624,248.0,234.0,132.0,150.0
29625,261.0,136.0,128.0,149.0
29626,265.0,153.0,158.0,151.0
29627,228.0,196.0,139.0,133.0
29628,246.0,106.0,126.0,135.0
29629,274.0,222.0,158.0,168.0
29630,273.0,142.0,146.0,154.0
29631,263.0,101.0,147.0,145.0
29632,268.0,260.0,157.0,160.0
29633,254.0,246.0,140.0,142.0
29634,264.0,118.0,146.0,144.0
29635,260.0,137.0,153.0,141.0
29636,234.0,81.0,137.0,141.0
29637,243.0,202.0,144.0,143.0
29638,247.0,218.0,127.0,140.0
29639,250.0,212.0,146.0,142.0
29640,258.0,146.0,143.0,155.0
29641,281.0,83.0,175.0,154.0
29642,263.0,256.0,164.0,150.0
29643,239.0,138.0,153.0,131.0
29644,262.0,158.0,157.0,150.0
29645,266.0,120.0,141.0,141.0
29646,253.0,224.0,144.0,134.0
29647,262.0,99.0,155.0,135.0
29648,271.0,46.0,151.0,164.0
29649,251.0,122.0,142.0,129.0
29650,240.0,192.0,132.0,132.0
29651,248.0,213.0,133.0,136.0
29652,285.0,125.0,155.0,152.0
29653,248.0,142.0,140.0,157.0
29654,225.0,100.0,133.0,132.0
29655,244.0,80.0,123.0,131.0
29656,236.0,123.0,129.0,128.0
29657,245.0,89.0,123.0,141.0
29658,274.0,118.0,166.0,144.0
29659,259.0,127.0,145.0,146.0
29660,245.0,85.0,135.0,131.0
29661,256.0,220.0,135.0,144.0
29662,258.0,91.0,149.0,151.0
29663,242.0,118.0,133.0,140.0
29664,240.0,84.0,136.0,132.0
29665,225.0,123.0,135.0,121.0
29666,264.0,259.0,160.0,150.0
29667,258.0,227.0,140.0,135.0
29668,247.0,216.0,139.0,132.0
29669,264.0,217.0,158.0,154.0
29670,256.0,74.0,156.0,134.0
29671,242.0,127.0,134.0,148.0
29672,259.0,186.0,145.0,134.0
29673,254.0,125.0,138.0,130.0
29674,273.0,133.0,145.0,147.0
29675,213.0,78.0,122.0,120.0
29676,242.0,98.0,133.0,146.0
29677,251.0,123.0,146.0,136.0
29678,249.0,128.0,132.0,146.0
29679,251.0,240.0,125.0,133.0
29680,238.0,118.0,131.0,145.0
29681,267.0,105.0,149.0,149.0
29682,262.0,101.0,163.0,136.0
29683,260.0,231.0,124.0,157.0
29684,265.0,258.0,153.0,156.0
29685,258.0,101.0,142.0,150.0
29686,252.0,212.0,136.0,147.0
29687,246.0,201.0,125.0,138.0
29688,252.0,215.0,149.0,150.0
29689,229.0,183.0,123.0,131.0
29690,222.0,115.0,139.0,120.0
29691,258.0,82.0,137.0,140.0
29692,230.0,222.0,138.0,124.0
29693,259.0,105.0,155.0,153.0
29694,247.0,184.0,140.0,138.0
29695,235.0,68.0,130.0,129.0
29696,281.0,225.0,144.0,162.0
29697,261.0,169.0,145.0,138.0
29698,249.0,138.0,134.0,152.0
29699,250.0,100.0,137.0,140.0
29700,249.0,117.0,150.0,140.0
29701,246.0,217.0,121.0,144.0
29702,245.0,230.0,137.0,142.0
29703,255.0,244.0,142.0,154.0
29704,272.0,267.0,153.0,146.0
29705,254.0,96.0,133.0,139.0
29706,254.0,134.0,154.0,132.0
29707,245.0,81.0,149.0,139.0
29708,219.0,210.0,135.0,125.0
29709,257.0,149.0,159.0,129.0
29710,236.0,95.0,130.0,127.0
29711,249.0,75.0,141.0,152.0
29712,252.0,73.0,151.0,137.0
29713,273.0,236.0,166.0,160.0
29714,246.0,109.0,134.0,143.0
29715,245.0,63.0,132.0,151.0
29716,266.0,133.0,158.0,129.0
29717,224.0,95.0,120.0,133.0
29718,259.0,118.0,136.0,140.0
29719,272.0,152.0,146.0,140.0
29720,274.0,177.0,166.0,156.0
29721,248.0,248.0,138.0,141.0
29722,247.0,112.0,151.0,139.0
29723,254.0,62.0,151.0,142.0
29724,252.0,96.0,136.0,141.0
29725,267.0,113.0,155.0,152.0
29726,265.0,171.0,143.0,145.0
29727,270.0,241.0,155.0,157.0
29728,231.0,225.0,136.0,136.0
29729,259.0,253.0,151.0,138.0
29730,265.0,150.0,153.0,142.0
29731,239.0,72.0,141.0,136.0
29732,246.0,109.0,153.0,130.0
29733,250.0,101.0,146.0,132.0
29734,246.0,155.0,139.0,141.0
29735,261.0,115.0,137.0,163.0
29736,253.0,117.0,141.0,142.0
29737,228.0,140.0,129.0,124.0
29738,259.0,211.0,143.0,144.0
29739,248.0,240.0,135.0,137.0
29740,223.0,143.0,141.0,125.0
29741,244.0,114.0,149.0,131.0
29742,275.0,234.0,152.0,153.0
29743,261.0,101.0,147.0,148.0
29744,238.0,84.0,123.0,149.0
29745,241.0,80.0,142.0,131.0
29746,262.0,201.0,132.0,147.0
29747,238.0,230.0,142.0,124.0
29748,258.0,115.0,148.0,154.0
29749,241.0,218.0,128.0,130.0
29750,247.0,158.0,127.0,137.0
29751,264.0,117.0,154.0,148.0
29752,229.0,111.0,142.0,129.0
29753,248.0,110.0,132.0,153.0
29754,259.0,224.0,146.0,151.0
29755,240.0,128.0,148.0,125.0
29756,259.0,249.0,145.0,138.0
29757,270.0,140.0,152.0,155.0
29758,252.0,149.0,134.0,126.0
29759,251.0,144.0,137.0,137.0
29760,271.0,60.0,137.0,151.0
29761,270.0,114.0,164.0,151.0
29762,244.0,212.0,148.0,124.0
29763,253.0,150.0,152.0,143.0
29764,259.0,123.0,147.0,162.0
29765,224.0,109.0,123.0,120.0
29766,223.0,124.0,117.0,128.0
29767,256.0,126.0,149.0,143.0
29768,262.0,212.0,154.0,143.0
29769,258.0,245.0,135.0,146.0
29770,264.0,99.0,149.0,151.0
29771,264.0,82.0,140.0,146.0
29772,270.0,152.0,155.0,163.0
29773,275.0,128.0,165.0,164.0
29774,236.0,204.0,138.0,125.0
29775,265.0,95.0,149.0,155.0
29776,275.0,236.0,159.0,154.0
29777,251.0,125.0,137.0,145.0
29778,269.0,103.0,165.0,152.0
29779,231.0,42.0,131.0,138.0
29780,246.0,106.0,141.0,138.0
29781,214.0,72.0,111.0,120.0
29782,227.0,110.0,134.0,132.0
29783,253.0,156.0,141.0,132.0
29784,255.0,215.0,158.0,141.0
29785,233.0,121.0,126.0,140.0
29786,237.0,205.0,122.0,131.0
29787,240.0,124.0,125.0,149.0
29788,241.0,112.0,135.0,135.0
29789,269.0,261.0,154.0,134.0
29790,273.0,254.0,149.0,163.0
29791,243.0,178.0,133.0,152.0
29792,252.0,115.0,145.0,134.0
29793,260.0,165.0,146.0,147.0
29794,282.0,260.0,167.0,166.0
29795,228.0,79.0,123.0,118.0
29796,251.0,230.0,136.0,145.0
29797,266.0,118.0,141.0,164.0
29798,242.0,90.0,125.0,127.0
29799,248.0,84.0,138.0,147.0
29800,276.0,132.0,150.0,152.0
29801,245.0,216.0,131.0,139.0
29802,267.0,113.0,146.0,156.0
29803,265.0,218.0,163.0,167.0
29804,251.0,153.0,132.0,150.0
29805,258.0,211.0,153.0,148.0
29806,261.0,129.0,143.0,147.0
29807,261.0,101.0,146.0,138.0
29808,262.0,144.0,163.0,160.0
29809,237.0,205.0,126.0,132.0
29810,241.0,123.0,124.0,155.0
29811,252.0,150.0,141.0,137.0
29812,221.0,216.0,107.0,128.0
29813,250.0,250.0,138.0,137.0
29814,275.0,113.0,155.0,163.0
29815,248.0,84.0,134.0,135.0
29816,240.0,74.0,134.0,129.0
29817,263.0,121.0,157.0,159.0
29818,266.0,199.0,159.0,146.0
29819,269.0,162.0,162.0,162.0
29820,221.0,217.0,125.0,127.0
29821,237.0,231.0,127.0,137.0
29822,217.0,211.0,121.0,126.0
29823,262.0,221.0,173.0,160.0
29824,248.0,132.0,142.0,142.0
29825,229.0,99.0,124.0,135.0
29826,245.0,216.0,142.0,136.0
29827,239.0,204.0,145.0,144.0
29828,238.0,198.0,124.0,134.0
29829,236.0,87.0,139.0,138.0
29830,257.0,90.0,138.0,121.0
29831,248.0,119.0,143.0,141.0
29832,264.0,112.0,154.0,145.0
29833,260.0,106.0,160.0,142.0
29834,270.0,115.0,154.0,141.0
29835,251.0,75.0,162.0,146.0
29836,236.0,178.0,131.0,131.0
29837,224.0,112.0,121.0,121.0
29838,251.0,215.0,145.0,146.0
29839,244.0,237.0,137.0,147.0
29840,240.0,155.0,143.0,136.0
29841,257.0,233.0,121.0,142.0
29842,239.0,121.0,134.0,137.0
29843,231.0,103.0,127.0,136.0
29844,268.0,227.0,148.0,162.0
29845,263.0,97.0,154.0,152.0
29846,265.0,230.0,146.0,147.0
29847,261.0,226.0,147.0,140.0
29848,251.0,118.0,150.0,141.0
29849,240.0,221.0,114.0,137.0
29850,246.0,106.0,133.0,145.0
29851,236.0,89.0,136.0,126.0
29852,243.0,145.0,132.0,121.0
29853,270.0,242.0,148.0,137.0
29854,225.0,200.0,123.0,136.0
29855,250.0,128.0,143.0,142.0
29856,245.0,110.0,148.0,145.0
29857,263.0,128.0,131.0,143.0
29858,243.0,76.0,134.0,136.0
29859,270.0,168.0,162.0,141.0
29860,242.0,90.0,136.0,141.0
29861,246.0,101.0,139.0,138.0
29862,260.0,226.0,142.0,155.0
29863,274.0,117.0,149.0,142.0
29864,265.0,227.0,138.0,147.0
29865,259.0,107.0,138.0,141.0
29866,232.0,108.0,126.0,134.0
29867,249.0,148.0,144.0,143.0
29868,265.0,129.0,149.0,161.0
29869,246.0,206.0,140.0,143.0
29870,241.0,219.0,128.0,136.0
29871,238.0,128.0,121.0,146.0
29872,257.0,73.0,143.0,126.0
29873,251.0,105.0,123.0,113.0
29874,271.0,163.0,157.0,153.0
29875,261.0,143.0,140.0,151.0
29876,245.0,218.0,135.0,129.0
29877,243.0,82.0,132.0,155.0
29878,295.0,140.0,161.0,153.0
29879,253.0,100.0,143.0,140.0
29880,238.0,58.0,143.0,137.0
29881,243.0,98.0,126.0,132.0
29882,270.0,179.0,168.0,163.0
29883,237.0,201.0,118.0,122.0
29884,246.0,85.0,134.0,132.0
29885,261.0,204.0,147.0,150.0
29886,267.0,122.0,163.0,154.0
29887,266.0,225.0,144.0,150.0
29888,272.0,173.0,158.0,146.0
29889,256.0,163.0,146.0,140.0
29890,280.0,127.0,159.0,151.0
29891,248.0,235.0,140.0,141.0
29892,245.0,99.0,140.0,152.0
29893,222.0,105.0,126.0,135.0
29894,245.0,89.0,136.0,131.0
29895,256.0,213.0,147.0,128.0
29896,248.0,220.0,121.0,138.0
29897,238.0,207.0,136.0,126.0
29898,271.0,100.0,128.0,147.0
29899,233.0,89.0,134.0,125.0
29900,236.0,113.0,144.0,127.0
29901,267.0,128.0,153.0,147.0
29902,240.0,131.0,130.0,133.0
29903,232.0,69.0,127.0,136.0
29904,262.0,122.0,157.0,158.0
29905,247.0,232.0,122.0,129.0
29906,257.0,98.0,135.0,161.0
29907,252.0,120.0,144.0,135.0
29908,252.0,90.0,129.0,136.0
29909,280.0,128.0,143.0,150.0
29910,236.0,175.0,133.0,131.0
29911,254.0,215.0,145.0,147.0
29912,247.0,208.0,147.0,148.0
29913,229.0,202.0,124.0,119.0
29914,226.0,88.0,127.0,134.0
29915,245.0,210.0,131.0,134.0
29916,248.0,225.0,142.0,147.0
29917,255.0,154.0,146.0,166.0
29918,233.0,204.0,126.0,122.0
29919,257.0,175.0,150.0,137.0
29920,266.0,119.0,142.0,151.0
29921,255.0,70.0,151.0,133.0
29922,236.0,115.0,134.0,131.0
29923,254.0,119.0,137.0,149.0
29924,258.0,145.0,129.0,146.0
29925,237.0,206.0,129.0,138.0
29926,246.0,164.0,132.0,128.0
29927,234.0,89.0,137.0,130.0
29928,248.0,214.0,127.0,132.0
29929,251.0,217.0,143.0,142.0
29930,256.0,86.0,139.0,154.0
29931,247.0,213.0,138.0,147.0
29932,245.0,224.0,140.0,140.0
29933,271.0,258.0,155.0,166.0
29934,261.0,111.0,135.0,151.0
29935,254.0,113.0,152.0,138.0
29936,251.0,75.0,142.0,132.0
29937,233.0,126.0,127.0,127.0
29938,259.0,228.0,138.0,148.0
29939,234.0,144.0,112.0,144.0
29940,248.0,129.0,135.0,147.0
29941,254.0,129.0,133.0,141.0
29942,240.0,101.0,123.0,139.0
29943,265.0,95.0,147.0,156.0
29944,274.0,77.0,153.0,155.0
29945,245.0,204.0,141.0,141.0
29946,225.0,195.0,114.0,131.0
29947,245.0,157.0,143.0,133.0
29948,244.0,208.0,151.0,148.0
29949,235.0,94.0,135.0,126.0
29950,268.0,101.0,157.0,164.0
29951,236.0,122.0,131.0,134.0
29952,253.0,103.0,143.0,143.0
29953,224.0,187.0,133.0,124.0
29954,248.0,162.0,138.0,137.0
29955,249.0,209.0,142.0,149.0
29956,232.0,208.0,138.0,124.0
29957,270.0,148.0,160.0,145.0
29958,258.0,120.0,149.0,135.0
29959,230.0,183.0,116.0,123.0
29960,273.0,226.0,150.0,141.0
29961,247.0,130.0,135.0,144.0
29962,276.0,142.0,143.0,158.0
29963,262.0,175.0,132.0,153.0
29964,273.0,87.0,159.0,162.0
29965,244.0,135.0,135.0,138.0
29966,242.0,91.0,141.0,148.0
29967,246.0,120.0,136.0,142.0
29968,255.0,86.0,154.0,134.0
29969,243.0,125.0,125.0,132.0
29970,267.0,233.0,152.0,140.0
29971,250.0,137.0,149.0,165.0
29972,232.0,98.0,119.0,133.0
29973,267.0,259.0,152.0,164.0
29974,245.0,242.0,137.0,140.0
29975,218.0,111.0,112.0,132.0
29976,240.0,219.0,110.0,136.0
29977,251.0,98.0,131.0,149.0
29978,244.0,208.0,140.0,141.0
29979,242.0,122.0,137.0,135.0
29980,254.0,170.0,140.0,129.0
29981,259.0,148.0,133.0,141.0
29982,241.0,94.0,122.0,137.0
29983,249.0,104.0,151.0,141.0
29984,245.0,235.0,146.0,124.0
29985,260.0,233.0,163.0,134.0
29986,232.0,171.0,121.0,148.0
29987,252.0,143.0,117.0,137.0
29988,254.0,219.0,139.0,153.0
29989,250.0,81.0,151.0,145.0
29990,225.0,188.0,106.0,130.0
29991,241.0,116.0,143.0,141.0
29992,240.0,208.0,138.0,127.0
29993,240.0,121.0,137.0,142.0
29994,255.0,80.0,139.0,150.0
29995,246.0,191.0,134.0,147.0
29996,251.0,69.0,143.0,136.0
29997,237.0,92.0,129.0,132.0
29998,269.0,122.0,153.0,148.0
29999,256.0,84.0,145.0,155.0
30000,254.0,137.0,136.0,141.0
30001,243.0,140.0,127.0,134.0
30002,241.0,112.0,133.0,138.0
30003,247.0,127.0,141.0,136.0
30004,245.0,77.0,135.0,149.0
30005,239.0,213.0,123.0,134.0
30006,254.0,70.0,137.0,151.0
30007,293.0,161.0,159.0,176.0
30008,258.0,229.0,137.0,148.0
30009,276.0,85.0,164.0,163.0
30010,259.0,229.0,152.0,146.0
30011,289.0,264.0,171.0,159.0
30012,257.0,123.0,152.0,146.0
30013,211.0,105.0,124.0,115.0
30014,243.0,91.0,128.0,135.0
30015,226.0,93.0,137.0,127.0
30016,267.0,98.0,153.0,145.0
30017,272.0,226.0,156.0,133.0
30018,254.0,90.0,150.0,140.0
30019,246.0,127.0,120.0,139.0
30020,251.0,86.0,134.0,135.0
30021,236.0,105.0,131.0,134.0
30022,255.0,127.0,135.0,143.0
30023,255.0,217.0,146.0,142.0
30024,230.0,79.0,125.0,121.0
30025,254.0,137.0,139.0,151.0
30026,256.0,252.0,152.0,151.0
30027,247.0,129.0,137.0,139.0
30028,262.0,237.0,163.0,147.0
30029,248.0,236.0,131.0,131.0
30030,278.0,266.0,154.0,160.0
30031,242.0,109.0,139.0,135.0
30032,253.0,87.0,138.0,139.0
30033,240.0,207.0,138.0,124.0
30034,283.0,232.0,170.0,158.0
30035,253.0,92.0,143.0,145.0
30036,242.0,213.0,143.0,133.0
30037,246.0,121.0,150.0,140.0
30038,233.0,99.0,121.0,145.0
30039,259.0,92.0,151.0,153.0
30040,250.0,223.0,132.0,139.0
30041,254.0,86.0,159.0,139.0
30042,261.0,210.0,151.0,134.0
30043,260.0,225.0,144.0,154.0
30044,249.0,206.0,139.0,136.0
30045,233.0,121.0,131.0,114.0
30046,256.0,206.0,156.0,137.0
30047,251.0,207.0,130.0,149.0
30048,226.0,122.0,135.0,129.0
30049,244.0,211.0,137.0,135.0
30050,253.0,212.0,141.0,142.0
30051,252.0,96.0,149.0,136.0
30052,269.0,98.0,139.0,160.0
30053,262.0,143.0,150.0,149.0
30054,253.0,87.0,142.0,132.0
30055,259.0,71.0,148.0,162.0
30056,249.0,85.0,129.0,132.0
30057,263.0,136.0,137.0,138.0
30058,251.0,220.0,149.0,134.0
30059,243.0,207.0,147.0,140.0
30060,255.0,147.0,145.0,152.0
30061,260.0,222.0,139.0,150.0
30062,222.0,95.0,122.0,125.0
30063,275.0,83.0,169.0,153.0
30064,265.0,214.0,156.0,160.0
30065,245.0,76.0,148.0,145.0
30066,260.0,222.0,148.0,157.0
30067,241.0,56.0,139.0,141.0
30068,256.0,221.0,155.0,142.0
30069,248.0,132.0,128.0,139.0
30070,257.0,96.0,144.0,150.0
30071,260.0,144.0,141.0,140.0
30072,259.0,93.0,145.0,145.0
30073,261.0,107.0,138.0,145.0
30074,272.0,127.0,158.0,151.0
30075,276.0,142.0,158.0,154.0
30076,249.0,98.0,148.0,137.0
30077,241.0,118.0,144.0,135.0
30078,261.0,107.0,150.0,147.0
30079,268.0,141.0,141.0,154.0
30080,260.0,101.0,145.0,133.0
30081,222.0,137.0,129.0,122.0
30082,235.0,187.0,121.0,134.0
30083,247.0,140.0,120.0,149.0
30084,250.0,117.0,153.0,143.0
30085,246.0,180.0,144.0,141.0
30086,243.0,115.0,129.0,134.0
30087,243.0,133.0,135.0,132.0
30088,250.0,244.0,145.0,137.0
30089,276.0,270.0,159.0,161.0
30090,254.0,230.0,123.0,156.0
30091,232.0,40.0,142.0,133.0
30092,248.0,104.0,133.0,135.0
30093,217.0,187.0,120.0,130.0
30094,250.0,224.0,145.0,140.0
30095,268.0,102.0,145.0,157.0
30096,263.0,163.0,152.0,149.0
30097,265.0,123.0,149.0,147.0
30098,237.0,100.0,135.0,133.0
30099,263.0,131.0,147.0,164.0
30100,263.0,219.0,129.0,138.0
30101,234.0,87.0,152.0,132.0
30102,238.0,80.0,141.0,149.0
30103,241.0,82.0,137.0,129.0
30104,247.0,205.0,145.0,118.0
30105,240.0,202.0,138.0,141.0
30106,243.0,85.0,128.0,139.0
30107,234.0,211.0,120.0,131.0
30108,265.0,221.0,152.0,146.0
30109,253.0,116.0,146.0,142.0
30110,249.0,59.0,142.0,144.0
30111,246.0,101.0,129.0,147.0
30112,250.0,141.0,132.0,136.0
30113,267.0,156.0,151.0,155.0
30114,241.0,194.0,140.0,142.0
30115,258.0,258.0,153.0,140.0
30116,271.0,271.0,154.0,144.0
30117,254.0,245.0,143.0,150.0
30118,238.0,215.0,128.0,127.0
30119,230.0,146.0,122.0,135.0
30120,249.0,66.0,152.0,130.0
30121,249.0,67.0,150.0,134.0
30122,252.0,69.0,143.0,139.0
30123,257.0,257.0,143.0,157.0
30124,281.0,126.0,159.0,162.0
30125,258.0,103.0,140.0,141.0
30126,234.0,210.0,138.0,129.0
30127,269.0,229.0,154.0,151.0
30128,245.0,87.0,132.0,122.0
30129,267.0,107.0,148.0,163.0
30130,258.0,258.0,147.0,141.0
30131,223.0,117.0,136.0,125.0
30132,246.0,130.0,140.0,142.0
30133,253.0,109.0,142.0,149.0
30134,247.0,211.0,138.0,137.0
30135,253.0,103.0,158.0,147.0
30136,268.0,256.0,156.0,133.0
30137,250.0,216.0,145.0,147.0
30138,233.0,199.0,131.0,136.0
30139,244.0,220.0,140.0,131.0
30140,267.0,245.0,146.0,158.0
30141,236.0,103.0,128.0,114.0
30142,248.0,85.0,144.0,146.0
30143,266.0,231.0,145.0,135.0
30144,255.0,105.0,130.0,133.0
30145,235.0,84.0,109.0,130.0
30146,252.0,103.0,148.0,137.0
30147,258.0,112.0,162.0,133.0
30148,249.0,225.0,132.0,144.0
30149,277.0,131.0,159.0,158.0
30150,250.0,124.0,124.0,139.0
30151,256.0,99.0,145.0,159.0
30152,265.0,143.0,144.0,162.0
30153,216.0,54.0,120.0,124.0
30154,241.0,122.0,135.0,148.0
30155,237.0,203.0,132.0,134.0
30156,269.0,101.0,140.0,159.0
30157,258.0,137.0,153.0,155.0
30158,239.0,99.0,141.0,132.0
30159,222.0,115.0,131.0,123.0
30160,248.0,113.0,134.0,130.0
30161,208.0,77.0,112.0,125.0
30162,266.0,103.0,147.0,151.0
30163,260.0,157.0,142.0,154.0
30164,258.0,116.0,141.0,141.0
30165,255.0,121.0,136.0,151.0
30166,234.0,204.0,131.0,140.0
30167,280.0,272.0,157.0,153.0
30168,262.0,128.0,147.0,126.0
30169,247.0,118.0,137.0,133.0
30170,252.0,213.0,153.0,146.0
30171,272.0,233.0,160.0,155.0
30172,241.0,98.0,141.0,137.0
30173,249.0,93.0,135.0,139.0
30174,267.0,227.0,135.0,160.0
30175,250.0,67.0,149.0,130.0
30176,245.0,130.0,139.0,137.0
30177,246.0,94.0,127.0,141.0
30178,236.0,193.0,146.0,124.0
30179,238.0,147.0,123.0,140.0
30180,252.0,204.0,130.0,147.0
30181,226.0,199.0,121.0,115.0
30182,261.0,187.0,155.0,154.0
30183,278.0,154.0,151.0,156.0
30184,245.0,119.0,147.0,131.0
30185,278.0,155.0,150.0,161.0
30186,247.0,247.0,145.0,132.0
30187,248.0,245.0,153.0,146.0
30188,266.0,221.0,161.0,143.0
30189,234.0,87.0,130.0,124.0
30190,255.0,127.0,143.0,151.0
30191,236.0,194.0,140.0,124.0
30192,234.0,52.0,133.0,142.0
30193,250.0,157.0,143.0,140.0
30194,206.0,132.0,108.0,99.0
30195,265.0,87.0,147.0,158.0
30196,251.0,68.0,139.0,142.0
30197,265.0,131.0,153.0,144.0
30198,255.0,100.0,127.0,152.0
30199,255.0,108.0,144.0,153.0
30200,251.0,206.0,161.0,138.0
30201,250.0,93.0,156.0,152.0
30202,253.0,216.0,153.0,144.0
30203,274.0,124.0,152.0,142.0
30204,266.0,129.0,146.0,148.0
30205,247.0,109.0,134.0,139.0
30206,282.0,242.0,144.0,154.0
30207,240.0,205.0,127.0,133.0
30208,247.0,212.0,136.0,157.0
30209,254.0,223.0,145.0,141.0
30210,266.0,235.0,147.0,160.0
30211,240.0,125.0,133.0,135.0
30212,273.0,227.0,141.0,149.0
30213,252.0,95.0,147.0,147.0
30214,251.0,214.0,152.0,151.0
30215,260.0,215.0,153.0,144.0
30216,251.0,118.0,126.0,129.0
30217,254.0,106.0,151.0,147.0
30218,243.0,159.0,132.0,128.0
30219,243.0,204.0,129.0,139.0
30220,248.0,115.0,136.0,139.0
30221,243.0,79.0,139.0,130.0
30222,263.0,101.0,150.0,151.0
30223,235.0,68.0,128.0,137.0
30224,256.0,218.0,151.0,146.0
30225,244.0,241.0,149.0,148.0
30226,234.0,189.0,139.0,139.0
30227,274.0,247.0,149.0,145.0
30228,246.0,126.0,121.0,142.0
30229,261.0,225.0,139.0,148.0
30230,257.0,238.0,142.0,150.0
30231,247.0,201.0,153.0,139.0
30232,259.0,132.0,164.0,149.0
30233,264.0,224.0,136.0,152.0
30234,298.0,143.0,162.0,169.0
30235,238.0,130.0,133.0,132.0
30236,248.0,105.0,136.0,144.0
30237,252.0,199.0,131.0,153.0
30238,257.0,138.0,145.0,142.0
30239,247.0,213.0,150.0,145.0
30240,224.0,206.0,139.0,130.0
30241,246.0,212.0,133.0,141.0
30242,256.0,251.0,157.0,158.0
30243,268.0,72.0,147.0,127.0
30244,263.0,159.0,150.0,156.0
30245,256.0,91.0,131.0,140.0
30246,249.0,85.0,149.0,141.0
30247,238.0,90.0,130.0,129.0
30248,252.0,243.0,131.0,144.0
30249,242.0,125.0,145.0,144.0
30250,266.0,66.0,152.0,153.0
30251,268.0,230.0,155.0,143.0
30252,235.0,99.0,140.0,122.0
30253,260.0,85.0,147.0,157.0
30254,274.0,238.0,152.0,156.0
30255,259.0,81.0,142.0,150.0
30256,286.0,253.0,167.0,159.0
30257,244.0,211.0,152.0,124.0
30258,233.0,104.0,129.0,143.0
30259,246.0,228.0,132.0,143.0
30260,219.0,39.0,129.0,136.0
30261,227.0,114.0,134.0,121.0
30262,252.0,93.0,146.0,143.0
30263,244.0,214.0,133.0,142.0
30264,244.0,114.0,139.0,154.0
30265,226.0,187.0,125.0,134.0
30266,254.0,118.0,139.0,151.0
30267,246.0,246.0,144.0,156.0
30268,240.0,98.0,144.0,134.0
30269,254.0,109.0,156.0,145.0
30270,241.0,121.0,127.0,135.0
30271,264.0,248.0,147.0,141.0
30272,242.0,178.0,139.0,130.0
30273,253.0,139.0,144.0,150.0
30274,264.0,258.0,158.0,157.0
30275,228.0,107.0,133.0,132.0
30276,266.0,87.0,157.0,164.0
30277,264.0,100.0,139.0,135.0
30278,242.0,233.0,141.0,130.0
30279,254.0,102.0,136.0,129.0
30280,250.0,100.0,128.0,142.0
30281,239.0,140.0,125.0,136.0
30282,266.0,99.0,141.0,140.0
30283,237.0,86.0,141.0,120.0
30284,261.0,186.0,143.0,133.0
30285,242.0,97.0,133.0,143.0
30286,247.0,84.0,118.0,129.0
30287,236.0,211.0,124.0,126.0
30288,265.0,243.0,140.0,163.0
30289,247.0,210.0,158.0,139.0
30290,253.0,176.0,136.0,149.0
30291,263.0,112.0,147.0,154.0
30292,241.0,241.0,137.0,134.0
30293,236.0,96.0,137.0,128.0
30294,251.0,160.0,153.0,139.0
30295,244.0,203.0,127.0,131.0
30296,236.0,72.0,130.0,134.0
30297,235.0,115.0,153.0,129.0
30298,216.0,187.0,123.0,122.0
30299,257.0,75.0,156.0,142.0
30300,264.0,103.0,159.0,136.0
30301,255.0,121.0,148.0,152.0
30302,265.0,227.0,136.0,142.0
30303,247.0,87.0,146.0,138.0
30304,262.0,102.0,149.0,156.0
30305,250.0,125.0,137.0,139.0
30306,242.0,210.0,142.0,133.0
30307,254.0,237.0,149.0,152.0
30308,274.0,150.0,161.0,153.0
30309,253.0,134.0,134.0,139.0
30310,252.0,127.0,139.0,129.0
30311,244.0,91.0,142.0,136.0
30312,248.0,132.0,136.0,149.0
30313,286.0,150.0,159.0,165.0
30314,274.0,247.0,152.0,149.0
30315,257.0,68.0,153.0,147.0
30316,262.0,156.0,149.0,146.0
30317,275.0,250.0,150.0,157.0
30318,278.0,191.0,150.0,155.0
30319,259.0,94.0,139.0,146.0
30320,254.0,123.0,156.0,153.0
30321,245.0,177.0,131.0,138.0
30322,253.0,184.0,156.0,147.0
30323,263.0,227.0,144.0,145.0
30324,235.0,129.0,124.0,134.0
30325,239.0,237.0,128.0,133.0
30326,247.0,211.0,148.0,128.0
30327,251.0,206.0,149.0,133.0
30328,271.0,225.0,146.0,164.0
30329,259.0,131.0,154.0,157.0
30330,241.0,100.0,156.0,143.0
30331,258.0,214.0,155.0,144.0
30332,251.0,86.0,144.0,151.0
30333,258.0,92.0,131.0,147.0
30334,225.0,185.0,127.0,119.0
30335,254.0,125.0,136.0,138.0
30336,291.0,247.0,168.0,159.0
30337,280.0,91.0,151.0,140.0
30338,250.0,50.0,132.0,141.0
30339,265.0,137.0,154.0,152.0
30340,253.0,216.0,143.0,144.0
30341,244.0,93.0,131.0,138.0
30342,223.0,95.0,121.0,124.0
30343,245.0,98.0,133.0,152.0
30344,240.0,134.0,142.0,132.0
30345,242.0,116.0,136.0,136.0
30346,238.0,78.0,141.0,142.0
30347,247.0,210.0,140.0,141.0
30348,251.0,76.0,136.0,143.0
30349,253.0,112.0,140.0,130.0
30350,259.0,225.0,143.0,138.0
30351,236.0,210.0,133.0,134.0
30352,239.0,212.0,124.0,142.0
30353,257.0,108.0,137.0,140.0
30354,240.0,204.0,129.0,134.0
30355,272.0,145.0,147.0,156.0
30356,257.0,97.0,164.0,152.0
30357,251.0,95.0,142.0,146.0
30358,257.0,110.0,141.0,143.0
30359,258.0,95.0,140.0,151.0
30360,247.0,230.0,140.0,132.0
30361,238.0,201.0,123.0,129.0
30362,268.0,125.0,166.0,135.0
30363,279.0,131.0,159.0,153.0
30364,225.0,88.0,133.0,129.0
30365,243.0,124.0,141.0,122.0
30366,242.0,217.0,144.0,127.0
30367,233.0,105.0,137.0,132.0
30368,240.0,82.0,134.0,136.0
30369,258.0,245.0,141.0,146.0
30370,254.0,241.0,147.0,139.0
30371,245.0,94.0,140.0,139.0
30372,240.0,128.0,131.0,118.0
30373,245.0,50.0,152.0,133.0
30374,271.0,235.0,160.0,156.0
30375,263.0,148.0,152.0,158.0
30376,251.0,107.0,130.0,139.0
30377,260.0,158.0,145.0,148.0
30378,257.0,110.0,150.0,142.0
30379,254.0,226.0,149.0,133.0
30380,271.0,117.0,139.0,147.0
30381,245.0,142.0,135.0,135.0
30382,247.0,116.0,146.0,135.0
30383,264.0,216.0,162.0,156.0
30384,276.0,247.0,151.0,155.0
30385,256.0,251.0,142.0,136.0
30386,258.0,119.0,158.0,152.0
30387,244.0,126.0,136.0,136.0
30388,274.0,165.0,142.0,149.0
30389,246.0,126.0,156.0,134.0
30390,250.0,246.0,149.0,132.0
30391,256.0,126.0,137.0,152.0
30392,257.0,106.0,158.0,139.0
30393,242.0,179.0,130.0,130.0
30394,258.0,123.0,158.0,147.0
30395,255.0,121.0,136.0,134.0
30396,262.0,223.0,136.0,137.0
30397,266.0,180.0,139.0,148.0
30398,239.0,88.0,131.0,137.0
30399,281.0,130.0,161.0,175.0
30400,251.0,78.0,152.0,145.0
30401,255.0,111.0,139.0,138.0
30402,260.0,85.0,148.0,162.0
30403,271.0,266.0,147.0,161.0
30404,256.0,218.0,152.0,149.0
30405,248.0,241.0,121.0,141.0
30406,243.0,127.0,119.0,139.0
30407,252.0,103.0,126.0,148.0
30408,250.0,240.0,141.0,130.0
30409,245.0,102.0,117.0,150.0
30410,260.0,137.0,142.0,158.0
30411,237.0,120.0,121.0,134.0
30412,236.0,105.0,140.0,123.0
30413,262.0,234.0,134.0,147.0
30414,234.0,106.0,133.0,125.0
30415,220.0,90.0,120.0,126.0
30416,229.0,139.0,100.0,126.0
30417,253.0,134.0,140.0,150.0
30418,265.0,91.0,154.0,148.0
30419,257.0,124.0,160.0,152.0
30420,258.0,232.0,116.0,151.0
30421,261.0,141.0,143.0,158.0
30422,239.0,80.0,148.0,123.0
30423,275.0,102.0,172.0,170.0
30424,233.0,156.0,132.0,119.0
30425,268.0,104.0,150.0,150.0
30426,241.0,113.0,129.0,148.0
30427,271.0,262.0,155.0,143.0
30428,254.0,146.0,144.0,146.0
30429,265.0,238.0,146.0,153.0
30430,249.0,221.0,143.0,147.0
30431,263.0,83.0,154.0,143.0
30432,254.0,162.0,132.0,156.0
30433,245.0,212.0,137.0,141.0
30434,271.0,120.0,150.0,156.0
30435,231.0,62.0,139.0,128.0
30436,261.0,89.0,154.0,130.0
30437,251.0,91.0,150.0,151.0
30438,257.0,113.0,141.0,131.0
30439,255.0,239.0,159.0,133.0
30440,252.0,128.0,131.0,152.0
30441,265.0,264.0,163.0,170.0
30442,216.0,207.0,121.0,123.0
30443,254.0,252.0,143.0,147.0
30444,259.0,241.0,145.0,155.0
30445,239.0,117.0,134.0,123.0
30446,260.0,89.0,146.0,124.0
30447,291.0,259.0,148.0,153.0
30448,224.0,192.0,130.0,125.0
30449,253.0,223.0,145.0,150.0
30450,261.0,125.0,151.0,142.0
30451,250.0,148.0,147.0,133.0
30452,261.0,247.0,131.0,162.0
30453,255.0,83.0,143.0,140.0
30454,246.0,80.0,143.0,125.0
30455,235.0,117.0,125.0,135.0
30456,273.0,266.0,160.0,142.0
30457,260.0,96.0,150.0,145.0
30458,269.0,142.0,147.0,145.0
30459,274.0,123.0,131.0,170.0
30460,269.0,104.0,140.0,158.0
30461,244.0,111.0,147.0,116.0
30462,244.0,105.0,140.0,129.0
30463,253.0,157.0,141.0,145.0
30464,264.0,132.0,138.0,154.0
30465,249.0,84.0,131.0,142.0
30466,236.0,204.0,133.0,125.0
30467,235.0,205.0,126.0,126.0
30468,257.0,128.0,141.0,146.0
30469,228.0,66.0,133.0,133.0
30470,240.0,103.0,150.0,138.0
30471,246.0,150.0,149.0,148.0
30472,258.0,254.0,152.0,146.0
30473,229.0,201.0,127.0,134.0
30474,243.0,215.0,128.0,139.0
30475,264.0,227.0,147.0,145.0
30476,243.0,200.0,159.0,129.0
30477,248.0,93.0,122.0,142.0
30478,240.0,123.0,135.0,129.0
30479,243.0,75.0,128.0,143.0
30480,246.0,71.0,141.0,146.0
30481,253.0,108.0,134.0,131.0
30482,251.0,80.0,129.0,132.0
30483,233.0,106.0,115.0,140.0
30484,258.0,92.0,156.0,135.0
30485,228.0,208.0,124.0,145.0
30486,263.0,234.0,139.0,147.0
30487,254.0,103.0,157.0,147.0
30488,241.0,208.0,132.0,139.0
30489,247.0,139.0,133.0,149.0
30490,249.0,214.0,148.0,129.0
30491,255.0,133.0,151.0,123.0
30492,252.0,150.0,141.0,147.0
30493,274.0,89.0,147.0,167.0
30494,253.0,131.0,153.0,144.0
30495,237.0,87.0,123.0,136.0
30496,228.0,117.0,129.0,121.0
30497,242.0,79.0,141.0,132.0
30498,260.0,115.0,137.0,140.0
30499,253.0,161.0,152.0,131.0
30500,229.0,99.0,126.0,130.0
30501,244.0,117.0,125.0,135.0
30502,245.0,93.0,148.0,144.0
30503,251.0,170.0,137.0,148.0
30504,258.0,120.0,131.0,136.0
30505,263.0,122.0,139.0,154.0
30506,239.0,194.0,115.0,135.0
30507,253.0,186.0,150.0,140.0
30508,255.0,111.0,145.0,136.0
30509,257.0,85.0,139.0,143.0
30510,278.0,161.0,146.0,159.0
30511,275.0,237.0,158.0,132.0
30512,258.0,119.0,133.0,144.0
30513,249.0,204.0,141.0,156.0
30514,251.0,218.0,139.0,147.0
30515,234.0,102.0,134.0,139.0
30516,249.0,107.0,130.0,140.0
30517,229.0,145.0,129.0,132.0
30518,249.0,139.0,129.0,138.0
30519,253.0,205.0,147.0,132.0
30520,244.0,89.0,127.0,153.0
30521,286.0,159.0,163.0,162.0
30522,266.0,217.0,138.0,149.0
30523,255.0,157.0,134.0,134.0
30524,260.0,215.0,147.0,137.0
30525,240.0,102.0,129.0,132.0
30526,251.0,155.0,135.0,140.0
30527,265.0,86.0,153.0,158.0
30528,256.0,143.0,144.0,149.0
30529,236.0,106.0,142.0,132.0
30530,266.0,225.0,152.0,153.0
30531,236.0,131.0,134.0,130.0
30532,251.0,102.0,144.0,127.0
30533,258.0,153.0,144.0,148.0
30534,234.0,97.0,133.0,134.0
30535,253.0,211.0,148.0,148.0
30536,250.0,222.0,135.0,141.0
30537,239.0,79.0,122.0,142.0
30538,263.0,110.0,151.0,135.0
30539,263.0,125.0,130.0,149.0
30540,236.0,62.0,119.0,123.0
30541,263.0,229.0,136.0,160.0
30542,254.0,228.0,152.0,142.0
30543,279.0,242.0,167.0,154.0
30544,273.0,113.0,148.0,146.0
30545,264.0,90.0,146.0,142.0
30546,266.0,215.0,151.0,156.0
30547,245.0,92.0,134.0,145.0
30548,268.0,88.0,153.0,149.0
30549,267.0,136.0,162.0,156.0
30550,267.0,114.0,167.0,163.0
30551,235.0,203.0,130.0,135.0
30552,266.0,98.0,158.0,150.0
30553,244.0,46.0,136.0,126.0
30554,249.0,110.0,145.0,144.0
30555,230.0,68.0,125.0,124.0
30556,266.0,184.0,144.0,158.0
30557,264.0,111.0,145.0,160.0
30558,264.0,123.0,153.0,146.0
30559,266.0,235.0,152.0,152.0
30560,248.0,146.0,147.0,144.0
30561,243.0,105.0,147.0,139.0
30562,229.0,142.0,137.0,126.0
30563,243.0,105.0,127.0,150.0
30564,252.0,123.0,154.0,132.0
30565,246.0,215.0,148.0,137.0
30566,269.0,105.0,159.0,157.0
30567,279.0,90.0,160.0,155.0
30568,268.0,253.0,158.0,154.0
30569,252.0,249.0,135.0,147.0
30570,253.0,132.0,145.0,144.0
30571,244.0,104.0,127.0,125.0
30572,212.0,152.0,120.0,124.0
30573,247.0,121.0,154.0,144.0
30574,272.0,141.0,162.0,155.0
30575,239.0,236.0,137.0,150.0
30576,248.0,220.0,143.0,133.0
30577,231.0,109.0,135.0,126.0
30578,282.0,95.0,159.0,156.0
30579,241.0,199.0,128.0,122.0
30580,260.0,135.0,150.0,137.0
30581,278.0,239.0,172.0,152.0
30582,237.0,97.0,128.0,125.0
30583,231.0,209.0,140.0,129.0
30584,243.0,114.0,132.0,130.0
30585,244.0,84.0,129.0,116.0
30586,268.0,105.0,148.0,154.0
30587,247.0,79.0,143.0,145.0
30588,276.0,130.0,151.0,149.0
30589,247.0,221.0,129.0,129.0
30590,239.0,204.0,130.0,138.0
30591,249.0,132.0,130.0,135.0
30592,257.0,200.0,132.0,157.0
30593,258.0,100.0,145.0,132.0
30594,263.0,74.0,157.0,141.0
30595,224.0,221.0,150.0,136.0
30596,268.0,102.0,141.0,143.0
30597,257.0,228.0,136.0,140.0
30598,240.0,93.0,139.0,135.0
30599,272.0,136.0,162.0,146.0
30600,245.0,72.0,148.0,131.0
30601,245.0,236.0,154.0,133.0
30602,247.0,238.0,132.0,132.0
30603,252.0,149.0,147.0,137.0
30604,256.0,236.0,141.0,142.0
30605,255.0,132.0,140.0,144.0
30606,262.0,224.0,134.0,142.0
30607,230.0,81.0,132.0,135.0
30608,267.0,91.0,166.0,140.0
30609,227.0,88.0,137.0,124.0
30610,246.0,238.0,149.0,141.0
30611,256.0,220.0,151.0,144.0
30612,267.0,208.0,158.0,165.0
30613,259.0,228.0,148.0,151.0
30614,238.0,206.0,138.0,138.0
30615,263.0,108.0,153.0,142.0
30616,249.0,117.0,151.0,140.0
30617,261.0,223.0,127.0,147.0
30618,255.0,219.0,141.0,150.0
30619,255.0,216.0,143.0,147.0
30620,252.0,109.0,146.0,130.0
30621,267.0,121.0,153.0,122.0
30622,257.0,88.0,150.0,136.0
30623,235.0,113.0,138.0,144.0
30624,223.0,99.0,120.0,117.0
30625,257.0,100.0,156.0,150.0
30626,239.0,91.0,129.0,140.0
30627,230.0,97.0,128.0,123.0
30628,244.0,86.0,117.0,149.0
30629,237.0,135.0,132.0,142.0
30630,268.0,146.0,153.0,151.0
30631,231.0,97.0,141.0,133.0
30632,264.0,241.0,142.0,141.0
30633,256.0,104.0,142.0,143.0
30634,260.0,225.0,154.0,140.0
30635,249.0,119.0,130.0,148.0
30636,235.0,122.0,136.0,145.0
30637,246.0,86.0,143.0,137.0
30638,244.0,216.0,140.0,137.0
30639,260.0,234.0,149.0,149.0
30640,252.0,229.0,140.0,144.0
30641,252.0,69.0,135.0,144.0
30642,254.0,109.0,140.0,133.0
30643,242.0,216.0,143.0,142.0
30644,241.0,125.0,140.0,140.0
30645,246.0,101.0,139.0,129.0
30646,244.0,122.0,139.0,145.0
30647,251.0,144.0,141.0,140.0
30648,245.0,105.0,145.0,139.0
30649,263.0,98.0,172.0,145.0
30650,261.0,106.0,148.0,139.0
30651,271.0,267.0,160.0,154.0
30652,259.0,255.0,146.0,145.0
30653,260.0,102.0,150.0,133.0
30654,261.0,106.0,132.0,147.0
30655,272.0,167.0,139.0,159.0
30656,251.0,151.0,144.0,134.0
30657,266.0,123.0,155.0,145.0
30658,258.0,89.0,138.0,157.0
30659,243.0,212.0,139.0,139.0
30660,259.0,230.0,151.0,144.0
30661,251.0,220.0,142.0,157.0
30662,257.0,163.0,130.0,133.0
30663,252.0,206.0,130.0,137.0
30664,259.0,135.0,127.0,152.0
30665,251.0,217.0,127.0,141.0
30666,259.0,225.0,137.0,133.0
30667,251.0,100.0,129.0,146.0
30668,233.0,98.0,133.0,129.0
30669,254.0,218.0,143.0,141.0
30670,269.0,234.0,147.0,137.0
30671,262.0,93.0,151.0,132.0
30672,274.0,230.0,145.0,146.0
30673,261.0,215.0,142.0,157.0
30674,262.0,226.0,151.0,146.0
30675,272.0,173.0,156.0,145.0
30676,265.0,123.0,142.0,147.0
30677,243.0,193.0,129.0,140.0
30678,271.0,226.0,156.0,142.0
30679,233.0,112.0,123.0,142.0
30680,253.0,107.0,133.0,151.0
30681,259.0,145.0,139.0,144.0
30682,239.0,77.0,124.0,155.0
30683,237.0,101.0,143.0,128.0
30684,252.0,120.0,148.0,136.0
30685,250.0,214.0,141.0,144.0
30686,248.0,162.0,136.0,138.0
30687,266.0,111.0,164.0,146.0
30688,233.0,95.0,136.0,122.0
30689,233.0,113.0,126.0,129.0
30690,247.0,215.0,137.0,138.0
30691,248.0,142.0,142.0,131.0
30692,269.0,264.0,156.0,141.0
30693,244.0,106.0,130.0,142.0
30694,252.0,87.0,144.0,124.0
30695,233.0,209.0,134.0,118.0
30696,244.0,127.0,134.0,146.0
30697,255.0,218.0,134.0,140.0
30698,243.0,236.0,135.0,153.0
30699,246.0,239.0,144.0,134.0
30700,249.0,212.0,157.0,131.0
30701,226.0,86.0,125.0,127.0
30702,259.0,145.0,129.0,141.0
30703,261.0,222.0,146.0,160.0
30704,251.0,93.0,141.0,149.0
30705,267.0,112.0,149.0,139.0
30706,261.0,81.0,147.0,139.0
30707,259.0,109.0,150.0,144.0
30708,243.0,106.0,145.0,152.0
30709,259.0,166.0,154.0,150.0
30710,229.0,185.0,125.0,136.0
30711,224.0,220.0,121.0,126.0
30712,255.0,105.0,148.0,146.0
30713,244.0,241.0,129.0,128.0
30714,234.0,199.0,128.0,131.0
30715,245.0,201.0,134.0,133.0
30716,236.0,92.0,141.0,143.0
30717,234.0,229.0,154.0,145.0
30718,257.0,85.0,139.0,141.0
30719,269.0,223.0,146.0,156.0
30720,236.0,98.0,138.0,137.0
30721,242.0,225.0,136.0,132.0
30722,249.0,87.0,155.0,134.0
30723,255.0,98.0,148.0,144.0
30724,234.0,116.0,134.0,137.0
30725,243.0,131.0,139.0,129.0
30726,242.0,135.0,136.0,129.0
30727,246.0,100.0,154.0,150.0
30728,237.0,127.0,132.0,137.0
30729,260.0,98.0,150.0,144.0
30730,257.0,220.0,145.0,143.0
30731,274.0,102.0,162.0,158.0
30732,259.0,109.0,135.0,171.0
30733,272.0,122.0,153.0,154.0
30734,277.0,141.0,150.0,154.0
30735,252.0,245.0,140.0,134.0
30736,267.0,230.0,156.0,154.0
30737,274.0,117.0,148.0,150.0
30738,252.0,117.0,130.0,168.0
30739,230.0,74.0,130.0,129.0
30740,241.0,131.0,137.0,125.0
30741,241.0,189.0,124.0,136.0
30742,254.0,128.0,143.0,127.0
30743,240.0,205.0,132.0,132.0
30744,256.0,89.0,147.0,136.0
30745,261.0,219.0,147.0,138.0
30746,233.0,114.0,142.0,134.0
30747,249.0,94.0,142.0,143.0
30748,262.0,119.0,165.0,143.0
30749,251.0,99.0,133.0,143.0
30750,240.0,86.0,129.0,139.0
30751,230.0,112.0,135.0,110.0
30752,264.0,160.0,128.0,142.0
30753,225.0,124.0,125.0,142.0
30754,250.0,108.0,147.0,156.0
30755,268.0,112.0,148.0,165.0
30756,246.0,198.0,137.0,145.0
30757,268.0,118.0,158.0,152.0
30758,268.0,225.0,158.0,134.0
30759,255.0,113.0,154.0,150.0
30760,268.0,251.0,153.0,147.0
30761,255.0,122.0,136.0,161.0
30762,259.0,132.0,154.0,152.0
30763,264.0,75.0,141.0,144.0
30764,247.0,143.0,139.0,132.0
30765,259.0,102.0,156.0,143.0
30766,256.0,109.0,135.0,149.0
30767,264.0,187.0,148.0,151.0
30768,243.0,81.0,137.0,142.0
30769,267.0,227.0,151.0,152.0
30770,239.0,94.0,130.0,126.0
30771,276.0,176.0,154.0,161.0
30772,240.0,201.0,144.0,136.0
30773,253.0,97.0,147.0,127.0
30774,250.0,162.0,132.0,154.0
30775,257.0,217.0,136.0,128.0
30776,255.0,154.0,129.0,138.0
30777,218.0,191.0,133.0,112.0
30778,250.0,239.0,146.0,149.0
30779,243.0,124.0,140.0,127.0
30780,261.0,127.0,155.0,148.0
30781,258.0,114.0,157.0,145.0
30782,228.0,194.0,125.0,116.0
30783,248.0,99.0,122.0,143.0
30784,225.0,81.0,126.0,115.0
30785,241.0,237.0,138.0,144.0
30786,263.0,160.0,140.0,136.0
30787,278.0,95.0,155.0,145.0
30788,248.0,197.0,120.0,143.0
30789,227.0,117.0,136.0,127.0
30790,251.0,102.0,146.0,153.0
30791,230.0,228.0,128.0,135.0
30792,265.0,234.0,151.0,138.0
30793,250.0,95.0,132.0,122.0
30794,224.0,122.0,127.0,134.0
30795,254.0,224.0,157.0,139.0
30796,252.0,123.0,146.0,133.0
30797,233.0,123.0,131.0,124.0
30798,258.0,214.0,150.0,152.0
30799,233.0,104.0,126.0,140.0
30800,266.0,169.0,147.0,148.0
30801,254.0,212.0,144.0,137.0
30802,264.0,253.0,149.0,161.0
30803,239.0,204.0,139.0,127.0
30804,287.0,241.0,156.0,182.0
30805,239.0,207.0,127.0,123.0
30806,237.0,70.0,126.0,135.0
30807,263.0,239.0,154.0,160.0
30808,253.0,92.0,145.0,135.0
30809,269.0,242.0,152.0,147.0
30810,254.0,115.0,147.0,135.0
30811,257.0,220.0,157.0,156.0
30812,253.0,106.0,145.0,140.0
30813,248.0,151.0,133.0,137.0
30814,260.0,112.0,141.0,154.0
30815,242.0,205.0,147.0,133.0
30816,258.0,244.0,153.0,151.0
30817,245.0,117.0,155.0,146.0
30818,232.0,128.0,134.0,144.0
30819,247.0,192.0,141.0,124.0
30820,254.0,154.0,144.0,149.0
30821,261.0,97.0,146.0,156.0
30822,241.0,159.0,130.0,134.0
30823,273.0,137.0,145.0,151.0
30824,264.0,131.0,140.0,163.0
30825,263.0,92.0,156.0,154.0
30826,246.0,94.0,139.0,141.0
30827,267.0,227.0,145.0,152.0
30828,241.0,93.0,130.0,132.0
30829,229.0,86.0,139.0,130.0
30830,230.0,183.0,132.0,123.0
30831,276.0,156.0,155.0,131.0
30832,228.0,133.0,129.0,117.0
30833,230.0,207.0,131.0,136.0
30834,252.0,140.0,137.0,134.0
30835,259.0,227.0,142.0,147.0
30836,231.0,205.0,126.0,141.0
30837,246.0,137.0,143.0,134.0
30838,242.0,239.0,144.0,142.0
30839,262.0,117.0,149.0,146.0
30840,268.0,158.0,143.0,152.0
30841,238.0,92.0,131.0,130.0
30842,259.0,141.0,145.0,153.0
30843,283.0,175.0,158.0,158.0
30844,253.0,117.0,144.0,142.0
30845,247.0,76.0,141.0,142.0
30846,239.0,119.0,129.0,142.0
30847,229.0,188.0,134.0,124.0
30848,234.0,193.0,133.0,134.0
30849,257.0,111.0,149.0,150.0
30850,223.0,192.0,123.0,136.0
30851,241.0,116.0,128.0,137.0
30852,263.0,172.0,136.0,154.0
30853,264.0,116.0,139.0,152.0
30854,244.0,208.0,146.0,145.0
30855,238.0,52.0,144.0,137.0
30856,265.0,145.0,139.0,152.0
30857,269.0,166.0,144.0,158.0
30858,253.0,98.0,137.0,152.0
30859,238.0,213.0,137.0,129.0
30860,273.0,60.0,155.0,152.0
30861,253.0,115.0,141.0,140.0
30862,237.0,77.0,128.0,131.0
30863,263.0,125.0,146.0,147.0
30864,220.0,79.0,118.0,132.0
30865,260.0,134.0,153.0,151.0
30866,242.0,111.0,131.0,144.0
30867,260.0,162.0,143.0,142.0
30868,231.0,124.0,128.0,129.0
30869,237.0,201.0,129.0,123.0
30870,235.0,80.0,136.0,118.0
30871,238.0,203.0,125.0,152.0
30872,256.0,239.0,140.0,151.0
30873,262.0,128.0,141.0,141.0
30874,244.0,220.0,126.0,142.0
30875,261.0,146.0,162.0,151.0
30876,211.0,198.0,127.0,111.0
30877,258.0,129.0,133.0,150.0
30878,262.0,228.0,147.0,134.0
30879,234.0,208.0,131.0,120.0
30880,243.0,131.0,132.0,143.0
30881,254.0,132.0,140.0,137.0
30882,268.0,172.0,143.0,161.0
30883,222.0,98.0,111.0,128.0
30884,275.0,138.0,165.0,162.0
30885,270.0,108.0,149.0,156.0
30886,227.0,197.0,123.0,128.0
30887,240.0,89.0,131.0,128.0
30888,258.0,131.0,142.0,149.0
30889,236.0,71.0,131.0,126.0
30890,270.0,136.0,158.0,151.0
30891,262.0,110.0,151.0,171.0
30892,243.0,68.0,129.0,133.0
30893,245.0,93.0,136.0,133.0
30894,249.0,114.0,139.0,141.0
30895,254.0,104.0,152.0,140.0
30896,240.0,94.0,156.0,118.0
30897,246.0,212.0,153.0,143.0
30898,244.0,111.0,123.0,134.0
30899,262.0,124.0,146.0,150.0
30900,248.0,245.0,150.0,136.0
30901,255.0,111.0,136.0,134.0
30902,227.0,199.0,134.0,127.0
30903,242.0,204.0,159.0,130.0
30904,257.0,234.0,149.0,133.0
30905,241.0,87.0,136.0,133.0
30906,255.0,209.0,150.0,148.0
30907,230.0,185.0,117.0,142.0
30908,254.0,108.0,136.0,148.0
30909,251.0,125.0,139.0,153.0
30910,237.0,196.0,127.0,138.0
30911,243.0,237.0,125.0,135.0
30912,241.0,234.0,150.0,154.0
30913,269.0,155.0,144.0,148.0
30914,253.0,75.0,143.0,153.0
30915,221.0,179.0,125.0,123.0
30916,237.0,96.0,125.0,135.0
30917,243.0,112.0,136.0,145.0
30918,223.0,151.0,118.0,123.0
30919,263.0,104.0,168.0,149.0
30920,271.0,104.0,152.0,154.0
30921,268.0,157.0,149.0,149.0
30922,247.0,199.0,128.0,136.0
30923,220.0,190.0,122.0,123.0
30924,257.0,82.0,135.0,144.0
30925,232.0,150.0,131.0,114.0
30926,278.0,129.0,164.0,162.0
30927,251.0,244.0,141.0,132.0
30928,261.0,135.0,154.0,129.0
30929,245.0,173.0,140.0,148.0
30930,232.0,110.0,133.0,132.0
30931,265.0,259.0,151.0,159.0
30932,248.0,239.0,139.0,153.0
30933,273.0,264.0,142.0,167.0
30934,214.0,187.0,124.0,125.0
30935,273.0,96.0,153.0,140.0
30936,244.0,97.0,137.0,142.0
30937,255.0,103.0,146.0,151.0
30938,244.0,211.0,137.0,132.0
30939,264.0,124.0,153.0,151.0
30940,219.0,170.0,113.0,133.0
30941,249.0,117.0,136.0,123.0
30942,261.0,99.0,155.0,149.0
30943,263.0,128.0,140.0,138.0
30944,234.0,123.0,137.0,139.0
30945,229.0,182.0,140.0,131.0
30946,276.0,275.0,160.0,147.0
30947,251.0,113.0,131.0,130.0
30948,249.0,156.0,132.0,136.0
30949,243.0,193.0,124.0,142.0
30950,250.0,218.0,142.0,129.0
30951,255.0,105.0,140.0,146.0
30952,255.0,170.0,127.0,138.0
30953,262.0,232.0,153.0,152.0
30954,264.0,239.0,141.0,148.0
30955,245.0,70.0,137.0,131.0
30956,244.0,217.0,144.0,135.0
30957,262.0,240.0,128.0,147.0
30958,255.0,159.0,138.0,148.0
30959,213.0,209.0,111.0,132.0
30960,217.0,188.0,115.0,128.0
30961,237.0,134.0,140.0,135.0
30962,236.0,121.0,132.0,151.0
30963,272.0,110.0,159.0,141.0
30964,246.0,212.0,143.0,139.0
30965,244.0,210.0,133.0,133.0
30966,249.0,97.0,144.0,148.0
30967,255.0,119.0,156.0,132.0
30968,266.0,242.0,133.0,146.0
30969,243.0,132.0,128.0,152.0
30970,242.0,88.0,148.0,137.0
30971,237.0,201.0,137.0,140.0
30972,237.0,207.0,133.0,137.0
30973,237.0,93.0,121.0,131.0
30974,268.0,94.0,158.0,149.0
30975,247.0,90.0,134.0,132.0
30976,237.0,102.0,131.0,141.0
30977,248.0,212.0,144.0,141.0
30978,256.0,96.0,147.0,152.0
30979,284.0,102.0,152.0,157.0
30980,256.0,108.0,136.0,146.0
30981,239.0,138.0,132.0,145.0
30982,237.0,212.0,136.0,143.0
30983,252.0,209.0,146.0,133.0
30984,280.0,248.0,166.0,162.0
30985,254.0,119.0,156.0,145.0
30986,257.0,227.0,155.0,146.0
30987,245.0,202.0,135.0,138.0
30988,251.0,203.0,130.0,147.0
30989,247.0,104.0,142.0,147.0
30990,247.0,97.0,131.0,128.0
30991,276.0,138.0,159.0,165.0
30992,260.0,230.0,146.0,148.0
30993,241.0,210.0,119.0,135.0
30994,269.0,268.0,157.0,136.0
30995,251.0,250.0,161.0,144.0
30996,228.0,84.0,142.0,130.0
30997,243.0,155.0,140.0,150.0
30998,251.0,221.0,144.0,128.0
30999,228.0,171.0,124.0,144.0
31000,235.0,134.0,133.0,118.0
31001,262.0,125.0,158.0,136.0
31002,235.0,112.0,140.0,135.0
31003,247.0,100.0,141.0,132.0
31004,262.0,136.0,157.0,140.0
31005,243.0,216.0,139.0,140.0
31006,247.0,103.0,133.0,142.0
31007,295.0,89.0,163.0,156.0
31008,235.0,68.0,138.0,126.0
31009,247.0,118.0,144.0,133.0
31010,268.0,201.0,141.0,144.0
31011,250.0,218.0,141.0,137.0
31012,244.0,129.0,130.0,142.0
31013,273.0,119.0,151.0,157.0
31014,255.0,222.0,142.0,154.0
31015,239.0,93.0,133.0,134.0
31016,247.0,152.0,137.0,139.0
31017,265.0,242.0,133.0,161.0
31018,259.0,124.0,138.0,153.0
31019,275.0,152.0,147.0,148.0
31020,257.0,221.0,140.0,154.0
31021,253.0,90.0,144.0,141.0
31022,253.0,235.0,132.0,149.0
31023,283.0,118.0,150.0,169.0
31024,237.0,193.0,134.0,139.0
31025,260.0,111.0,150.0,141.0
31026,247.0,95.0,142.0,140.0
31027,264.0,144.0,145.0,153.0
31028,260.0,88.0,149.0,154.0
31029,255.0,96.0,141.0,146.0
31030,236.0,236.0,144.0,128.0
31031,260.0,104.0,138.0,142.0
31032,269.0,129.0,149.0,157.0
31033,251.0,119.0,144.0,150.0
31034,259.0,144.0,156.0,147.0
31035,253.0,168.0,156.0,140.0
31036,276.0,273.0,158.0,141.0
31037,231.0,228.0,127.0,129.0
31038,253.0,222.0,143.0,148.0
31039,251.0,107.0,140.0,152.0
31040,246.0,74.0,133.0,134.0
31041,268.0,135.0,147.0,142.0
31042,245.0,212.0,156.0,142.0
31043,254.0,109.0,137.0,156.0
31044,251.0,108.0,142.0,144.0
31045,272.0,143.0,160.0,151.0
31046,220.0,129.0,119.0,114.0
31047,254.0,100.0,136.0,139.0
31048,236.0,209.0,123.0,128.0
31049,274.0,240.0,152.0,150.0
31050,238.0,137.0,126.0,138.0
31051,243.0,108.0,133.0,140.0
31052,259.0,133.0,149.0,132.0
31053,235.0,128.0,129.0,121.0
31054,265.0,138.0,154.0,143.0
31055,252.0,120.0,145.0,134.0
31056,251.0,97.0,135.0,134.0
31057,245.0,135.0,137.0,137.0
31058,263.0,232.0,153.0,147.0
31059,252.0,213.0,144.0,143.0
31060,260.0,233.0,159.0,140.0
31061,230.0,101.0,124.0,137.0
31062,238.0,121.0,140.0,148.0
31063,241.0,141.0,117.0,139.0
31064,247.0,117.0,138.0,132.0
31065,238.0,92.0,135.0,136.0
31066,263.0,133.0,153.0,150.0
31067,240.0,112.0,145.0,130.0
31068,243.0,123.0,130.0,131.0
31069,258.0,151.0,131.0,139.0
31070,263.0,238.0,162.0,147.0
31071,258.0,140.0,143.0,139.0
31072,267.0,239.0,147.0,133.0
31073,239.0,88.0,134.0,128.0
31074,258.0,110.0,130.0,145.0
31075,252.0,147.0,134.0,143.0
31076,261.0,129.0,150.0,128.0
31077,239.0,91.0,137.0,132.0
31078,258.0,160.0,135.0,147.0
31079,265.0,156.0,132.0,141.0
31080,248.0,108.0,141.0,146.0
31081,276.0,149.0,169.0,148.0
31082,215.0,91.0,121.0,115.0
31083,255.0,189.0,137.0,130.0
31084,269.0,98.0,144.0,152.0
31085,262.0,105.0,137.0,150.0
31086,269.0,109.0,158.0,151.0
31087,234.0,85.0,123.0,138.0
31088,234.0,103.0,117.0,133.0
31089,244.0,214.0,148.0,130.0
31090,243.0,216.0,137.0,135.0
31091,254.0,154.0,155.0,130.0
31092,222.0,92.0,135.0,110.0
31093,267.0,227.0,148.0,147.0
31094,223.0,92.0,142.0,125.0
31095,249.0,110.0,137.0,132.0
31096,254.0,118.0,126.0,151.0
31097,252.0,99.0,130.0,143.0
31098,228.0,160.0,123.0,111.0
31099,236.0,119.0,123.0,138.0
31100,235.0,110.0,135.0,131.0
31101,241.0,123.0,123.0,133.0
31102,236.0,85.0,132.0,128.0
31103,227.0,68.0,117.0,127.0
31104,260.0,114.0,146.0,136.0
31105,236.0,86.0,125.0,130.0
31106,223.0,97.0,119.0,139.0
31107,264.0,223.0,150.0,144.0
31108,269.0,173.0,154.0,144.0
31109,269.0,104.0,155.0,154.0
31110,240.0,208.0,143.0,142.0
31111,253.0,221.0,136.0,139.0
31112,238.0,120.0,122.0,126.0
31113,251.0,142.0,147.0,142.0
31114,256.0,81.0,135.0,142.0
31115,237.0,196.0,125.0,118.0
31116,241.0,200.0,143.0,144.0
31117,265.0,113.0,141.0,148.0
31118,237.0,85.0,117.0,131.0
31119,251.0,215.0,152.0,153.0
31120,252.0,102.0,131.0,150.0
31121,262.0,105.0,148.0,157.0
31122,252.0,97.0,132.0,149.0
31123,245.0,122.0,134.0,134.0
31124,254.0,122.0,146.0,141.0
31125,244.0,218.0,130.0,145.0
31126,261.0,241.0,150.0,141.0
31127,266.0,266.0,157.0,151.0
31128,253.0,110.0,143.0,121.0
31129,274.0,130.0,153.0,156.0
31130,249.0,83.0,152.0,151.0
31131,257.0,105.0,148.0,135.0
31132,268.0,95.0,156.0,158.0
31133,239.0,130.0,127.0,135.0
31134,245.0,223.0,137.0,136.0
31135,255.0,232.0,145.0,146.0
31136,245.0,222.0,140.0,131.0
31137,230.0,111.0,130.0,126.0
31138,260.0,147.0,161.0,141.0
31139,250.0,207.0,128.0,137.0
31140,279.0,107.0,155.0,158.0
31141,246.0,159.0,130.0,142.0
31142,251.0,120.0,138.0,150.0
31143,252.0,99.0,136.0,133.0
31144,255.0,142.0,136.0,151.0
31145,266.0,233.0,158.0,136.0
31146,233.0,130.0,138.0,127.0
31147,244.0,215.0,139.0,153.0
31148,263.0,136.0,147.0,146.0
31149,251.0,100.0,122.0,141.0
31150,276.0,247.0,158.0,139.0
31151,246.0,223.0,149.0,132.0
31152,255.0,165.0,139.0,146.0
31153,261.0,115.0,132.0,153.0
31154,246.0,197.0,131.0,136.0
31155,259.0,158.0,141.0,152.0
31156,226.0,199.0,132.0,141.0
31157,254.0,219.0,149.0,141.0
31158,236.0,70.0,134.0,129.0
31159,249.0,76.0,142.0,131.0
31160,235.0,149.0,123.0,142.0
31161,258.0,153.0,140.0,145.0
31162,250.0,97.0,139.0,143.0
31163,247.0,87.0,144.0,142.0
31164,255.0,213.0,141.0,147.0
31165,260.0,218.0,145.0,151.0
31166,220.0,129.0,150.0,116.0
31167,258.0,138.0,143.0,140.0
31168,257.0,243.0,144.0,140.0
31169,245.0,112.0,138.0,140.0
31170,250.0,238.0,134.0,142.0
31171,270.0,142.0,149.0,159.0
31172,247.0,126.0,138.0,125.0
31173,237.0,212.0,148.0,138.0
31174,252.0,71.0,139.0,139.0
31175,258.0,143.0,143.0,140.0
31176,253.0,80.0,136.0,131.0
31177,250.0,83.0,138.0,152.0
31178,242.0,89.0,123.0,140.0
31179,256.0,102.0,146.0,132.0
31180,252.0,223.0,140.0,132.0
31181,229.0,65.0,121.0,120.0
31182,253.0,93.0,135.0,157.0
31183,238.0,96.0,130.0,134.0
31184,282.0,102.0,159.0,167.0
31185,265.0,122.0,146.0,144.0
31186,242.0,114.0,126.0,144.0
31187,236.0,85.0,142.0,137.0
31188,254.0,148.0,143.0,132.0
31189,243.0,108.0,136.0,132.0
31190,244.0,204.0,137.0,148.0
31191,246.0,196.0,142.0,138.0
31192,238.0,106.0,136.0,122.0
31193,262.0,234.0,155.0,141.0
31194,262.0,167.0,139.0,152.0
31195,246.0,113.0,142.0,131.0
31196,251.0,107.0,144.0,132.0
31197,253.0,199.0,142.0,150.0
31198,238.0,110.0,139.0,127.0
31199,251.0,88.0,149.0,142.0
31200,265.0,81.0,149.0,161.0
31201,249.0,101.0,136.0,138.0
31202,265.0,98.0,152.0,149.0
31203,254.0,223.0,142.0,140.0
31204,268.0,110.0,157.0,156.0
31205,211.0,203.0,116.0,120.0
31206,241.0,147.0,133.0,130.0
31207,260.0,247.0,140.0,163.0
31208,268.0,195.0,143.0,132.0
31209,229.0,115.0,137.0,125.0
31210,242.0,66.0,145.0,141.0
31211,238.0,204.0,147.0,135.0
31212,256.0,132.0,139.0,123.0
31213,243.0,105.0,144.0,136.0
31214,269.0,128.0,146.0,146.0
31215,260.0,251.0,149.0,152.0
31216,237.0,114.0,120.0,148.0
31217,261.0,226.0,149.0,158.0
31218,248.0,129.0,138.0,137.0
31219,245.0,128.0,137.0,135.0
31220,238.0,86.0,135.0,140.0
31221,244.0,190.0,134.0,139.0
31222,254.0,221.0,150.0,148.0
31223,267.0,237.0,131.0,144.0
31224,241.0,104.0,141.0,131.0
31225,262.0,102.0,149.0,144.0
31226,272.0,163.0,142.0,136.0
31227,226.0,194.0,120.0,122.0
31228,271.0,239.0,151.0,148.0
31229,241.0,238.0,130.0,139.0
31230,243.0,70.0,122.0,149.0
31231,251.0,143.0,145.0,152.0
31232,228.0,192.0,129.0,141.0
31233,264.0,262.0,152.0,147.0
31234,254.0,223.0,134.0,142.0
31235,247.0,225.0,138.0,138.0
31236,287.0,175.0,159.0,163.0
31237,251.0,174.0,137.0,135.0
31238,218.0,103.0,110.0,115.0
31239,260.0,85.0,139.0,142.0
31240,264.0,100.0,141.0,156.0
31241,256.0,86.0,140.0,120.0
31242,248.0,130.0,143.0,148.0
31243,233.0,74.0,137.0,122.0
31244,271.0,126.0,144.0,145.0
31245,257.0,146.0,153.0,149.0
31246,240.0,153.0,129.0,130.0
31247,247.0,101.0,137.0,146.0
31248,259.0,116.0,130.0,152.0
31249,267.0,254.0,136.0,157.0
31250,257.0,244.0,136.0,134.0
31251,259.0,223.0,137.0,147.0
31252,259.0,85.0,147.0,144.0
31253,225.0,91.0,126.0,133.0
31254,262.0,156.0,140.0,147.0
31255,252.0,153.0,145.0,139.0
31256,250.0,151.0,132.0,141.0
31257,233.0,224.0,139.0,141.0
31258,268.0,100.0,167.0,157.0
31259,228.0,83.0,124.0,131.0
31260,270.0,110.0,168.0,153.0
31261,246.0,107.0,149.0,137.0
31262,259.0,207.0,147.0,151.0
31263,264.0,212.0,156.0,142.0
31264,257.0,256.0,154.0,150.0
31265,275.0,173.0,142.0,144.0
31266,259.0,241.0,135.0,141.0
31267,261.0,117.0,150.0,147.0
31268,227.0,97.0,138.0,124.0
31269,257.0,67.0,162.0,145.0
31270,236.0,162.0,125.0,132.0
31271,266.0,114.0,154.0,151.0
31272,252.0,116.0,143.0,147.0
31273,277.0,114.0,151.0,171.0
31274,259.0,247.0,139.0,150.0
31275,256.0,125.0,154.0,136.0
31276,248.0,75.0,137.0,133.0
31277,244.0,87.0,145.0,133.0
31278,228.0,209.0,121.0,127.0
31279,241.0,118.0,151.0,128.0
31280,247.0,120.0,132.0,135.0
31281,253.0,132.0,124.0,133.0
31282,237.0,221.0,138.0,124.0
31283,272.0,150.0,157.0,155.0
31284,230.0,78.0,141.0,137.0
31285,232.0,92.0,142.0,114.0
31286,243.0,95.0,135.0,128.0
31287,236.0,210.0,140.0,135.0
31288,255.0,115.0,134.0,147.0
31289,249.0,226.0,137.0,127.0
31290,277.0,233.0,158.0,163.0
31291,267.0,207.0,160.0,132.0
31292,243.0,241.0,130.0,136.0
31293,261.0,213.0,148.0,153.0
31294,242.0,89.0,141.0,137.0
31295,278.0,158.0,149.0,174.0
31296,246.0,74.0,144.0,140.0
31297,258.0,106.0,149.0,139.0
31298,248.0,66.0,146.0,140.0
31299,266.0,105.0,133.0,153.0
31300,278.0,66.0,138.0,153.0
31301,275.0,142.0,161.0,155.0
31302,253.0,121.0,158.0,136.0
31303,271.0,232.0,154.0,150.0
31304,258.0,226.0,151.0,150.0
31305,242.0,116.0,135.0,139.0
31306,226.0,109.0,128.0,122.0
31307,256.0,226.0,145.0,135.0
31308,232.0,208.0,128.0,133.0
31309,239.0,238.0,135.0,140.0
31310,231.0,80.0,130.0,135.0
31311,278.0,236.0,150.0,154.0
31312,235.0,99.0,117.0,132.0
31313,246.0,110.0,142.0,133.0
31314,281.0,90.0,161.0,150.0
31315,276.0,108.0,163.0,146.0
31316,255.0,94.0,145.0,131.0
31317,258.0,215.0,155.0,154.0
31318,245.0,217.0,138.0,145.0
31319,269.0,230.0,139.0,147.0
31320,254.0,99.0,150.0,133.0
31321,273.0,99.0,137.0,155.0
31322,245.0,202.0,137.0,148.0
31323,259.0,106.0,143.0,134.0
31324,267.0,112.0,153.0,161.0
31325,243.0,85.0,129.0,150.0
31326,274.0,226.0,172.0,154.0
31327,246.0,198.0,143.0,147.0
31328,243.0,106.0,137.0,140.0
31329,244.0,136.0,139.0,147.0
31330,257.0,225.0,146.0,131.0
31331,244.0,91.0,141.0,136.0
31332,230.0,109.0,125.0,132.0
31333,257.0,226.0,144.0,138.0
31334,213.0,180.0,126.0,119.0
31335,270.0,237.0,143.0,143.0
31336,271.0,224.0,150.0,151.0
31337,249.0,115.0,144.0,151.0
31338,272.0,124.0,144.0,144.0
31339,240.0,137.0,129.0,132.0
31340,282.0,131.0,146.0,156.0
31341,239.0,90.0,139.0,144.0
31342,283.0,142.0,153.0,165.0
31343,255.0,79.0,134.0,137.0
31344,237.0,73.0,128.0,140.0
31345,238.0,70.0,127.0,142.0
31346,218.0,145.0,126.0,124.0
31347,267.0,90.0,143.0,144.0
31348,232.0,116.0,117.0,123.0
31349,224.0,129.0,118.0,119.0
31350,239.0,194.0,130.0,140.0
31351,249.0,218.0,155.0,160.0
31352,241.0,124.0,149.0,136.0
31353,236.0,227.0,128.0,134.0
31354,247.0,120.0,145.0,123.0
31355,255.0,219.0,152.0,136.0
31356,226.0,190.0,139.0,132.0
31357,239.0,91.0,123.0,141.0
31358,263.0,220.0,161.0,152.0
31359,252.0,112.0,123.0,148.0
31360,234.0,87.0,133.0,132.0
31361,252.0,220.0,138.0,144.0
31362,259.0,213.0,149.0,156.0
31363,221.0,188.0,123.0,123.0
31364,241.0,107.0,138.0,136.0
31365,267.0,125.0,155.0,135.0
31366,255.0,115.0,151.0,136.0
31367,250.0,110.0,145.0,143.0
31368,233.0,209.0,140.0,127.0
31369,221.0,68.0,132.0,115.0
31370,247.0,111.0,136.0,150.0
31371,245.0,106.0,132.0,129.0
31372,228.0,205.0,137.0,123.0
31373,266.0,164.0,137.0,158.0
31374,250.0,208.0,144.0,137.0
31375,247.0,83.0,132.0,149.0
31376,238.0,107.0,131.0,134.0
31377,243.0,110.0,138.0,142.0
31378,242.0,241.0,151.0,142.0
31379,258.0,128.0,143.0,146.0
31380,265.0,109.0,147.0,146.0
31381,245.0,209.0,158.0,128.0
31382,254.0,253.0,149.0,155.0
31383,263.0,96.0,154.0,147.0
31384,211.0,209.0,110.0,121.0
31385,245.0,219.0,125.0,148.0
31386,231.0,205.0,132.0,133.0
31387,250.0,242.0,141.0,148.0
31388,248.0,228.0,138.0,125.0
31389,250.0,95.0,142.0,139.0
31390,244.0,92.0,124.0,130.0
31391,249.0,103.0,147.0,140.0
31392,256.0,96.0,155.0,154.0
31393,270.0,247.0,158.0,144.0
31394,214.0,87.0,103.0,126.0
31395,244.0,93.0,138.0,130.0
31396,249.0,117.0,148.0,135.0
31397,275.0,222.0,146.0,166.0
31398,265.0,97.0,162.0,150.0
31399,271.0,228.0,156.0,148.0
31400,236.0,88.0,129.0,127.0
31401,271.0,187.0,160.0,146.0
31402,281.0,114.0,173.0,164.0
31403,244.0,146.0,140.0,121.0
31404,257.0,114.0,155.0,137.0
31405,239.0,114.0,131.0,131.0
31406,261.0,113.0,132.0,149.0
31407,250.0,134.0,138.0,140.0
31408,246.0,73.0,133.0,138.0
31409,252.0,202.0,145.0,143.0
31410,251.0,146.0,139.0,135.0
31411,246.0,102.0,146.0,125.0
31412,258.0,128.0,147.0,145.0
31413,248.0,120.0,120.0,141.0
31414,270.0,232.0,152.0,149.0
31415,254.0,220.0,143.0,141.0
31416,250.0,98.0,160.0,126.0
31417,262.0,148.0,152.0,136.0
31418,271.0,134.0,161.0,154.0
31419,250.0,250.0,135.0,139.0
31420,247.0,247.0,154.0,148.0
31421,234.0,234.0,135.0,130.0
31422,279.0,118.0,158.0,141.0
31423,254.0,210.0,137.0,152.0
31424,243.0,233.0,132.0,134.0
31425,241.0,101.0,128.0,142.0
31426,252.0,134.0,137.0,153.0
31427,252.0,251.0,135.0,145.0
31428,261.0,254.0,136.0,147.0
31429,221.0,97.0,124.0,116.0
31430,248.0,163.0,135.0,143.0
31431,242.0,78.0,136.0,148.0
31432,274.0,137.0,154.0,160.0
31433,234.0,224.0,120.0,134.0
31434,276.0,129.0,156.0,169.0
31435,246.0,85.0,148.0,152.0
31436,254.0,220.0,157.0,125.0
31437,263.0,76.0,156.0,140.0
31438,245.0,80.0,131.0,132.0
31439,264.0,93.0,144.0,149.0
31440,249.0,249.0,146.0,153.0
31441,235.0,126.0,152.0,132.0
31442,241.0,204.0,148.0,128.0
31443,266.0,120.0,156.0,146.0
31444,223.0,105.0,135.0,136.0
31445,225.0,98.0,133.0,115.0
31446,246.0,140.0,141.0,138.0
31447,259.0,138.0,137.0,156.0
31448,236.0,101.0,138.0,124.0
31449,238.0,191.0,135.0,138.0
31450,256.0,105.0,145.0,139.0
31451,273.0,151.0,150.0,164.0
31452,238.0,196.0,130.0,142.0
31453,253.0,225.0,131.0,138.0
31454,252.0,223.0,158.0,137.0
31455,226.0,98.0,140.0,127.0
31456,249.0,111.0,130.0,146.0
31457,249.0,223.0,138.0,131.0
31458,245.0,214.0,136.0,142.0
31459,237.0,198.0,135.0,137.0
31460,259.0,90.0,135.0,155.0
31461,241.0,202.0,137.0,137.0
31462,254.0,114.0,163.0,138.0
31463,241.0,234.0,125.0,144.0
31464,259.0,144.0,129.0,140.0
31465,267.0,64.0,146.0,163.0
31466,246.0,98.0,125.0,148.0
31467,229.0,192.0,124.0,128.0
31468,263.0,225.0,140.0,144.0
31469,281.0,154.0,151.0,155.0
31470,243.0,101.0,124.0,142.0
31471,233.0,152.0,122.0,134.0
31472,268.0,260.0,150.0,145.0
31473,261.0,107.0,149.0,149.0
31474,235.0,204.0,138.0,121.0
31475,255.0,110.0,136.0,140.0
31476,261.0,252.0,152.0,153.0
31477,251.0,100.0,154.0,141.0
31478,277.0,139.0,157.0,158.0
31479,266.0,139.0,147.0,150.0
31480,244.0,85.0,144.0,130.0
31481,263.0,124.0,150.0,141.0
31482,247.0,139.0,130.0,144.0
31483,247.0,214.0,145.0,147.0
31484,264.0,85.0,150.0,143.0
31485,242.0,208.0,133.0,140.0
31486,258.0,78.0,152.0,147.0
31487,250.0,243.0,144.0,152.0
31488,239.0,124.0,125.0,130.0
31489,246.0,215.0,148.0,143.0
31490,262.0,220.0,158.0,160.0
31491,215.0,195.0,114.0,117.0
31492,238.0,115.0,136.0,133.0
31493,249.0,84.0,128.0,125.0
31494,259.0,95.0,159.0,150.0
31495,226.0,142.0,130.0,134.0
31496,235.0,188.0,134.0,126.0
31497,253.0,148.0,145.0,142.0
31498,231.0,94.0,135.0,126.0
31499,255.0,112.0,141.0,134.0
31500,272.0,39.0,144.0,145.0
31501,220.0,71.0,130.0,134.0
31502,252.0,107.0,130.0,153.0
31503,240.0,101.0,152.0,135.0
31504,251.0,119.0,132.0,151.0
31505,242.0,151.0,142.0,147.0
31506,257.0,86.0,150.0,158.0
31507,261.0,165.0,147.0,139.0
31508,250.0,111.0,158.0,138.0
31509,264.0,104.0,159.0,147.0
31510,245.0,100.0,164.0,145.0
31511,238.0,232.0,140.0,134.0
31512,258.0,220.0,121.0,147.0
31513,246.0,206.0,144.0,144.0
31514,260.0,105.0,144.0,141.0
31515,255.0,201.0,151.0,126.0
31516,260.0,135.0,134.0,152.0
31517,247.0,109.0,139.0,116.0
31518,230.0,193.0,128.0,118.0
31519,261.0,237.0,149.0,175.0
31520,251.0,244.0,138.0,138.0
31521,233.0,109.0,124.0,124.0
31522,232.0,206.0,145.0,125.0
31523,248.0,91.0,131.0,144.0
31524,228.0,193.0,130.0,128.0
31525,253.0,90.0,126.0,151.0
31526,252.0,165.0,150.0,148.0
31527,256.0,222.0,146.0,147.0
31528,254.0,224.0,137.0,147.0
31529,249.0,86.0,135.0,138.0
31530,276.0,82.0,157.0,150.0
31531,258.0,143.0,135.0,138.0
31532,255.0,159.0,149.0,143.0
31533,245.0,221.0,131.0,139.0
31534,284.0,158.0,155.0,143.0
31535,255.0,139.0,152.0,134.0
31536,252.0,231.0,135.0,136.0
31537,241.0,167.0,144.0,137.0
31538,230.0,86.0,134.0,130.0
31539,261.0,116.0,136.0,143.0
31540,268.0,244.0,153.0,142.0
31541,255.0,231.0,138.0,148.0
31542,251.0,207.0,126.0,137.0
31543,251.0,100.0,155.0,138.0
31544,239.0,122.0,127.0,119.0
31545,245.0,116.0,140.0,131.0
31546,247.0,152.0,138.0,138.0
31547,256.0,132.0,158.0,141.0
31548,248.0,89.0,151.0,145.0
31549,252.0,136.0,125.0,127.0
31550,236.0,216.0,135.0,145.0
31551,251.0,210.0,152.0,146.0
31552,260.0,217.0,151.0,157.0
31553,258.0,141.0,142.0,168.0
31554,244.0,95.0,120.0,139.0
31555,233.0,202.0,121.0,134.0
31556,241.0,194.0,154.0,139.0
31557,284.0,266.0,166.0,158.0
31558,246.0,59.0,146.0,144.0
31559,271.0,222.0,148.0,156.0
31560,259.0,80.0,137.0,137.0
31561,217.0,201.0,115.0,116.0
31562,251.0,149.0,126.0,149.0
31563,246.0,128.0,139.0,138.0
31564,255.0,88.0,138.0,141.0
31565,252.0,242.0,143.0,141.0
31566,254.0,73.0,132.0,144.0
31567,247.0,241.0,132.0,144.0
31568,256.0,87.0,139.0,159.0
31569,265.0,138.0,152.0,150.0
31570,259.0,125.0,143.0,144.0
31571,276.0,135.0,147.0,147.0
31572,257.0,87.0,126.0,141.0
31573,260.0,116.0,144.0,136.0
31574,256.0,112.0,144.0,146.0
31575,269.0,124.0,160.0,138.0
31576,240.0,215.0,128.0,122.0
31577,250.0,218.0,133.0,149.0
31578,259.0,101.0,146.0,132.0
31579,257.0,123.0,146.0,154.0
31580,250.0,95.0,143.0,137.0
31581,260.0,260.0,143.0,147.0
31582,248.0,248.0,146.0,139.0
31583,244.0,128.0,145.0,132.0
31584,259.0,211.0,152.0,154.0
31585,255.0,164.0,124.0,147.0
31586,280.0,266.0,145.0,140.0
31587,246.0,123.0,137.0,139.0
31588,257.0,216.0,138.0,142.0
31589,241.0,124.0,145.0,141.0
31590,243.0,115.0,125.0,160.0
31591,266.0,231.0,159.0,153.0
31592,268.0,112.0,140.0,146.0
31593,252.0,113.0,139.0,137.0
31594,254.0,111.0,142.0,132.0
31595,240.0,102.0,144.0,129.0
31596,255.0,105.0,131.0,141.0
31597,251.0,104.0,137.0,155.0
31598,252.0,88.0,155.0,143.0
31599,221.0,218.0,131.0,121.0
31600,259.0,115.0,143.0,137.0
31601,246.0,213.0,134.0,133.0
31602,240.0,208.0,132.0,137.0
31603,253.0,79.0,139.0,139.0
31604,269.0,88.0,155.0,158.0
31605,265.0,120.0,155.0,166.0
31606,238.0,214.0,136.0,135.0
31607,245.0,94.0,144.0,108.0
31608,249.0,114.0,131.0,132.0
31609,247.0,91.0,143.0,130.0
31610,250.0,65.0,134.0,142.0
31611,269.0,192.0,152.0,144.0
31612,261.0,137.0,150.0,134.0
31613,262.0,109.0,142.0,162.0
31614,241.0,90.0,142.0,141.0
31615,245.0,91.0,134.0,141.0
31616,277.0,246.0,164.0,164.0
31617,239.0,201.0,135.0,142.0
31618,283.0,283.0,161.0,155.0
31619,240.0,218.0,156.0,128.0
31620,248.0,247.0,149.0,147.0
31621,243.0,118.0,125.0,144.0
31622,291.0,84.0,168.0,154.0
31623,284.0,118.0,156.0,167.0
31624,269.0,126.0,148.0,156.0
31625,252.0,219.0,133.0,145.0
31626,269.0,232.0,157.0,150.0
31627,260.0,229.0,141.0,165.0
31628,245.0,96.0,144.0,139.0
31629,263.0,260.0,179.0,138.0
31630,265.0,95.0,144.0,154.0
31631,254.0,110.0,145.0,139.0
31632,238.0,111.0,131.0,141.0
31633,245.0,136.0,138.0,140.0
31634,281.0,140.0,150.0,167.0
31635,232.0,99.0,132.0,132.0
31636,253.0,102.0,155.0,146.0
31637,232.0,96.0,127.0,142.0
31638,242.0,205.0,135.0,145.0
31639,270.0,243.0,150.0,159.0
31640,222.0,111.0,125.0,128.0
31641,242.0,142.0,136.0,138.0
31642,236.0,122.0,133.0,129.0
31643,261.0,235.0,150.0,143.0
31644,267.0,222.0,150.0,161.0
31645,263.0,124.0,137.0,156.0
31646,259.0,169.0,139.0,142.0
31647,251.0,129.0,135.0,138.0
31648,251.0,119.0,138.0,134.0
31649,262.0,79.0,140.0,147.0
31650,251.0,75.0,156.0,137.0
31651,250.0,109.0,141.0,133.0
31652,237.0,98.0,125.0,140.0
31653,231.0,151.0,139.0,133.0
31654,234.0,93.0,127.0,127.0
31655,249.0,199.0,136.0,141.0
31656,281.0,118.0,168.0,156.0
31657,251.0,126.0,145.0,145.0
31658,248.0,112.0,136.0,122.0
31659,247.0,240.0,139.0,149.0
31660,250.0,231.0,132.0,156.0
31661,239.0,208.0,136.0,145.0
31662,266.0,255.0,154.0,145.0
31663,264.0,97.0,153.0,133.0
31664,226.0,105.0,129.0,126.0
31665,233.0,91.0,125.0,129.0
31666,269.0,160.0,152.0,155.0
31667,249.0,109.0,136.0,143.0
31668,254.0,147.0,158.0,159.0
31669,241.0,208.0,130.0,136.0
31670,278.0,100.0,163.0,160.0
31671,271.0,102.0,152.0,155.0
31672,231.0,195.0,134.0,120.0
31673,255.0,90.0,161.0,137.0
31674,237.0,197.0,134.0,141.0
31675,273.0,246.0,150.0,144.0
31676,259.0,108.0,139.0,142.0
31677,246.0,220.0,136.0,148.0
31678,280.0,258.0,156.0,145.0
31679,243.0,107.0,153.0,132.0
31680,217.0,76.0,117.0,134.0
31681,253.0,130.0,144.0,151.0
31682,266.0,124.0,148.0,144.0
31683,234.0,221.0,141.0,132.0
31684,255.0,219.0,142.0,140.0
31685,211.0,178.0,111.0,105.0
31686,236.0,132.0,129.0,130.0
31687,243.0,216.0,138.0,141.0
31688,236.0,109.0,128.0,131.0
31689,265.0,64.0,139.0,137.0
31690,255.0,134.0,122.0,142.0
31691,232.0,139.0,133.0,128.0
31692,245.0,205.0,142.0,134.0
31693,257.0,83.0,136.0,132.0
31694,213.0,185.0,131.0,115.0
31695,247.0,245.0,146.0,143.0
31696,230.0,99.0,132.0,122.0
31697,241.0,100.0,145.0,146.0
31698,253.0,226.0,141.0,133.0
31699,252.0,146.0,146.0,122.0
31700,240.0,78.0,128.0,126.0
31701,276.0,259.0,159.0,164.0
31702,250.0,225.0,131.0,154.0
31703,254.0,207.0,147.0,145.0
31704,240.0,94.0,135.0,150.0
31705,263.0,221.0,150.0,146.0
31706,258.0,87.0,138.0,130.0
31707,270.0,104.0,149.0,151.0
31708,240.0,75.0,134.0,147.0
31709,252.0,84.0,140.0,131.0
31710,255.0,66.0,153.0,149.0
31711,253.0,242.0,157.0,144.0
31712,264.0,145.0,147.0,145.0
31713,249.0,161.0,154.0,123.0
31714,250.0,184.0,144.0,147.0
31715,250.0,95.0,126.0,146.0
31716,256.0,128.0,150.0,151.0
31717,239.0,207.0,151.0,152.0
31718,258.0,116.0,147.0,155.0
31719,255.0,157.0,132.0,144.0
31720,248.0,127.0,143.0,138.0
31721,240.0,198.0,142.0,136.0
31722,238.0,203.0,131.0,137.0
31723,278.0,140.0,163.0,160.0
31724,248.0,135.0,150.0,130.0
31725,250.0,90.0,157.0,150.0
31726,251.0,221.0,135.0,144.0
31727,231.0,97.0,146.0,130.0
31728,243.0,211.0,131.0,155.0
31729,249.0,217.0,139.0,151.0
31730,245.0,212.0,140.0,133.0
31731,253.0,107.0,149.0,143.0
31732,257.0,108.0,159.0,147.0
31733,249.0,223.0,126.0,136.0
31734,257.0,129.0,151.0,151.0
31735,244.0,238.0,145.0,142.0
31736,258.0,109.0,155.0,147.0
31737,258.0,230.0,145.0,139.0
31738,251.0,214.0,129.0,129.0
31739,274.0,252.0,170.0,155.0
31740,243.0,101.0,137.0,137.0
31741,262.0,201.0,157.0,154.0
31742,253.0,220.0,136.0,154.0
31743,251.0,110.0,136.0,133.0
31744,243.0,92.0,133.0,127.0
31745,218.0,217.0,121.0,136.0
31746,236.0,108.0,128.0,146.0
31747,239.0,199.0,121.0,124.0
31748,247.0,219.0,137.0,129.0
31749,272.0,91.0,147.0,154.0
31750,237.0,99.0,128.0,137.0
31751,258.0,126.0,142.0,128.0
31752,233.0,122.0,135.0,127.0
31753,273.0,117.0,154.0,146.0
31754,239.0,203.0,131.0,140.0
31755,247.0,52.0,140.0,136.0
31756,255.0,140.0,136.0,112.0
31757,250.0,83.0,143.0,139.0
31758,269.0,236.0,151.0,148.0
31759,243.0,203.0,140.0,148.0
31760,252.0,124.0,142.0,144.0
31761,259.0,93.0,153.0,143.0
31762,227.0,110.0,106.0,118.0
31763,232.0,96.0,131.0,136.0
31764,245.0,123.0,129.0,142.0
31765,260.0,127.0,150.0,153.0
31766,259.0,186.0,155.0,148.0
31767,254.0,247.0,151.0,144.0
31768,255.0,223.0,135.0,147.0
31769,243.0,72.0,145.0,129.0
31770,255.0,220.0,158.0,138.0
31771,259.0,83.0,142.0,143.0
31772,251.0,123.0,153.0,150.0
31773,214.0,186.0,117.0,131.0
31774,270.0,269.0,161.0,163.0
31775,250.0,82.0,137.0,140.0
31776,243.0,100.0,131.0,151.0
31777,237.0,120.0,130.0,139.0
31778,255.0,147.0,142.0,146.0
31779,220.0,117.0,118.0,137.0
31780,227.0,195.0,128.0,123.0
31781,259.0,109.0,149.0,135.0
31782,261.0,120.0,149.0,144.0
31783,255.0,202.0,161.0,147.0
31784,256.0,110.0,151.0,139.0
31785,259.0,155.0,132.0,146.0
31786,239.0,145.0,129.0,134.0
31787,251.0,92.0,150.0,124.0
31788,259.0,229.0,129.0,147.0
31789,259.0,217.0,142.0,137.0
31790,241.0,68.0,140.0,144.0
31791,255.0,201.0,133.0,126.0
31792,259.0,254.0,136.0,133.0
31793,244.0,126.0,135.0,137.0
31794,240.0,105.0,137.0,132.0
31795,253.0,79.0,129.0,140.0
31796,247.0,220.0,140.0,145.0
31797,256.0,123.0,147.0,139.0
31798,261.0,117.0,135.0,131.0
31799,244.0,122.0,144.0,130.0
31800,277.0,164.0,150.0,143.0
31801,247.0,148.0,150.0,141.0
31802,256.0,86.0,146.0,147.0
31803,240.0,92.0,132.0,144.0
31804,273.0,263.0,174.0,147.0
31805,235.0,128.0,135.0,128.0
31806,264.0,214.0,143.0,156.0
31807,251.0,94.0,145.0,144.0
31808,243.0,124.0,139.0,143.0
31809,260.0,168.0,147.0,144.0
31810,247.0,91.0,142.0,147.0
31811,245.0,140.0,128.0,142.0
31812,244.0,208.0,147.0,134.0
31813,264.0,117.0,163.0,149.0
31814,245.0,216.0,133.0,128.0
31815,242.0,199.0,137.0,121.0
31816,246.0,106.0,145.0,147.0
31817,243.0,119.0,127.0,132.0
31818,250.0,105.0,153.0,147.0
31819,252.0,61.0,152.0,135.0
31820,250.0,124.0,131.0,138.0
31821,236.0,192.0,112.0,135.0
31822,254.0,117.0,126.0,149.0
31823,251.0,137.0,146.0,157.0
31824,256.0,256.0,140.0,125.0
31825,268.0,120.0,153.0,149.0
31826,280.0,144.0,171.0,175.0
31827,251.0,247.0,147.0,150.0
31828,252.0,194.0,137.0,136.0
31829,263.0,98.0,151.0,148.0
31830,236.0,67.0,125.0,124.0
31831,240.0,144.0,129.0,136.0
31832,257.0,145.0,163.0,132.0
31833,242.0,156.0,137.0,135.0
31834,246.0,187.0,142.0,144.0
31835,250.0,134.0,142.0,142.0
31836,235.0,94.0,121.0,141.0
31837,261.0,66.0,146.0,151.0
31838,236.0,193.0,140.0,147.0
31839,245.0,206.0,141.0,126.0
31840,245.0,242.0,134.0,135.0
31841,242.0,142.0,136.0,135.0
31842,271.0,82.0,156.0,142.0
31843,264.0,173.0,132.0,151.0
31844,234.0,229.0,140.0,126.0
31845,272.0,206.0,155.0,138.0
31846,241.0,94.0,140.0,131.0
31847,236.0,203.0,128.0,129.0
31848,253.0,158.0,150.0,143.0
31849,250.0,117.0,140.0,150.0
31850,270.0,146.0,141.0,139.0
31851,241.0,114.0,135.0,139.0
31852,216.0,199.0,100.0,110.0
31853,259.0,127.0,130.0,142.0
31854,260.0,187.0,142.0,149.0
31855,260.0,150.0,125.0,125.0
31856,265.0,110.0,138.0,145.0
31857,251.0,110.0,137.0,152.0
31858,222.0,191.0,126.0,113.0
31859,258.0,218.0,150.0,144.0
31860,257.0,124.0,152.0,141.0
31861,254.0,126.0,148.0,149.0
31862,228.0,188.0,113.0,118.0
31863,265.0,258.0,151.0,160.0
31864,263.0,240.0,134.0,137.0
31865,254.0,248.0,164.0,129.0
31866,267.0,134.0,155.0,138.0
31867,251.0,89.0,136.0,142.0
31868,247.0,78.0,156.0,129.0
31869,256.0,227.0,132.0,152.0
31870,270.0,91.0,145.0,148.0
31871,265.0,234.0,139.0,144.0
31872,254.0,135.0,140.0,150.0
31873,274.0,123.0,157.0,155.0
31874,240.0,232.0,141.0,146.0
31875,224.0,102.0,113.0,130.0
31876,255.0,117.0,129.0,139.0
31877,243.0,206.0,141.0,136.0
31878,242.0,138.0,139.0,126.0
31879,265.0,87.0,143.0,151.0
31880,238.0,118.0,143.0,140.0
31881,218.0,89.0,111.0,108.0
31882,246.0,94.0,135.0,126.0
31883,264.0,78.0,143.0,167.0
31884,290.0,90.0,150.0,160.0
31885,244.0,77.0,136.0,144.0
31886,288.0,148.0,162.0,162.0
31887,260.0,228.0,148.0,158.0
31888,253.0,210.0,136.0,151.0
31889,226.0,66.0,127.0,129.0
31890,248.0,119.0,141.0,136.0
31891,255.0,212.0,147.0,138.0
31892,290.0,273.0,159.0,166.0
31893,269.0,238.0,153.0,152.0
31894,270.0,116.0,141.0,149.0
31895,241.0,139.0,140.0,134.0
31896,261.0,110.0,131.0,153.0
31897,256.0,167.0,142.0,146.0
31898,221.0,79.0,105.0,128.0
31899,242.0,115.0,150.0,137.0
31900,249.0,80.0,135.0,138.0
31901,267.0,129.0,137.0,129.0
31902,259.0,130.0,142.0,151.0
31903,240.0,133.0,132.0,132.0
31904,242.0,111.0,136.0,138.0
31905,233.0,124.0,121.0,121.0
31906,265.0,72.0,147.0,157.0
31907,238.0,87.0,138.0,136.0
31908,261.0,147.0,152.0,131.0
31909,248.0,217.0,135.0,138.0
31910,250.0,101.0,144.0,131.0
31911,264.0,97.0,135.0,156.0
31912,241.0,212.0,153.0,125.0
31913,265.0,236.0,153.0,152.0
31914,240.0,86.0,129.0,138.0
31915,249.0,78.0,132.0,160.0
31916,248.0,116.0,136.0,133.0
31917,222.0,148.0,142.0,127.0
31918,259.0,60.0,152.0,133.0
31919,249.0,140.0,143.0,148.0
31920,229.0,210.0,142.0,133.0
31921,251.0,188.0,128.0,151.0
31922,247.0,102.0,154.0,143.0
31923,237.0,60.0,149.0,142.0
31924,262.0,242.0,154.0,165.0
31925,250.0,249.0,143.0,145.0
31926,258.0,238.0,137.0,146.0
31927,242.0,107.0,131.0,129.0
31928,241.0,128.0,138.0,142.0
31929,278.0,240.0,144.0,148.0
31930,275.0,125.0,146.0,157.0
31931,245.0,182.0,135.0,149.0
31932,241.0,89.0,141.0,134.0
31933,248.0,97.0,137.0,146.0
31934,242.0,200.0,143.0,137.0
31935,254.0,90.0,133.0,146.0
31936,256.0,230.0,151.0,137.0
31937,242.0,229.0,138.0,129.0
31938,238.0,95.0,138.0,122.0
31939,229.0,98.0,121.0,139.0
31940,253.0,229.0,128.0,151.0
31941,266.0,184.0,138.0,150.0
31942,252.0,110.0,133.0,137.0
31943,245.0,102.0,143.0,139.0
31944,242.0,127.0,125.0,122.0
31945,253.0,127.0,129.0,158.0
31946,243.0,110.0,142.0,137.0
31947,234.0,189.0,138.0,120.0
31948,230.0,83.0,125.0,139.0
31949,239.0,110.0,132.0,132.0
31950,263.0,229.0,135.0,141.0
31951,285.0,136.0,170.0,166.0
31952,233.0,93.0,123.0,150.0
31953,272.0,128.0,147.0,157.0
31954,248.0,102.0,124.0,138.0
31955,253.0,205.0,141.0,134.0
31956,251.0,103.0,140.0,141.0
31957,251.0,89.0,132.0,125.0
31958,226.0,93.0,134.0,122.0
31959,261.0,151.0,152.0,154.0
31960,243.0,92.0,142.0,140.0
31961,239.0,144.0,139.0,141.0
31962,244.0,62.0,145.0,123.0
31963,250.0,105.0,161.0,147.0
31964,253.0,224.0,141.0,146.0
31965,264.0,120.0,149.0,146.0
31966,237.0,134.0,150.0,120.0
31967,246.0,214.0,145.0,119.0
31968,258.0,125.0,151.0,145.0
31969,241.0,195.0,130.0,132.0
31970,247.0,218.0,126.0,138.0
31971,249.0,209.0,155.0,137.0
31972,248.0,46.0,141.0,131.0
31973,267.0,248.0,146.0,171.0
31974,232.0,192.0,125.0,122.0
31975,280.0,247.0,148.0,162.0
31976,228.0,99.0,127.0,121.0
31977,249.0,148.0,146.0,145.0
31978,243.0,136.0,135.0,139.0
31979,250.0,247.0,149.0,141.0
31980,245.0,121.0,129.0,144.0
31981,264.0,162.0,134.0,146.0
31982,235.0,125.0,133.0,127.0
31983,250.0,129.0,148.0,125.0
31984,232.0,71.0,125.0,144.0
31985,254.0,203.0,143.0,141.0
31986,237.0,226.0,124.0,136.0
31987,268.0,257.0,154.0,161.0
31988,234.0,73.0,153.0,121.0
31989,230.0,179.0,139.0,120.0
31990,254.0,245.0,138.0,143.0
31991,236.0,101.0,130.0,135.0
31992,259.0,229.0,171.0,148.0
31993,264.0,234.0,146.0,163.0
31994,239.0,233.0,136.0,145.0
31995,267.0,123.0,144.0,140.0
31996,241.0,229.0,143.0,130.0
31997,267.0,234.0,148.0,148.0
31998,244.0,233.0,137.0,160.0
31999,250.0,87.0,148.0,129.0
32000,259.0,87.0,153.0,149.0
32001,245.0,210.0,139.0,140.0
32002,259.0,157.0,134.0,147.0
32003,242.0,141.0,142.0,141.0
32004,257.0,57.0,140.0,142.0
32005,253.0,190.0,160.0,151.0
32006,245.0,117.0,149.0,140.0
32007,245.0,208.0,142.0,145.0
32008,247.0,130.0,134.0,136.0
32009,264.0,220.0,154.0,139.0
32010,238.0,89.0,136.0,128.0
32011,239.0,110.0,149.0,151.0
32012,243.0,89.0,134.0,151.0
32013,252.0,218.0,141.0,151.0
32014,271.0,168.0,158.0,132.0
32015,251.0,133.0,136.0,151.0
32016,265.0,231.0,147.0,137.0
32017,258.0,82.0,156.0,134.0
32018,263.0,233.0,145.0,140.0
32019,237.0,212.0,110.0,123.0
32020,244.0,204.0,132.0,138.0
32021,278.0,151.0,152.0,144.0
32022,267.0,254.0,150.0,136.0
32023,258.0,114.0,156.0,148.0
32024,243.0,137.0,144.0,131.0
32025,257.0,150.0,156.0,140.0
32026,222.0,92.0,132.0,121.0
32027,250.0,134.0,123.0,129.0
32028,252.0,220.0,144.0,143.0
32029,239.0,239.0,155.0,143.0
32030,248.0,143.0,133.0,136.0
32031,239.0,105.0,127.0,131.0
32032,249.0,106.0,133.0,145.0
32033,262.0,104.0,156.0,144.0
32034,242.0,211.0,140.0,132.0
32035,242.0,105.0,142.0,132.0
32036,257.0,102.0,133.0,138.0
32037,239.0,230.0,144.0,134.0
32038,276.0,88.0,157.0,141.0
32039,227.0,211.0,140.0,129.0
32040,227.0,109.0,121.0,113.0
32041,236.0,78.0,144.0,126.0
32042,257.0,219.0,133.0,137.0
32043,241.0,240.0,133.0,141.0
32044,269.0,118.0,149.0,150.0
32045,232.0,206.0,136.0,128.0
32046,238.0,226.0,140.0,113.0
32047,246.0,98.0,123.0,132.0
32048,241.0,109.0,133.0,129.0
32049,223.0,190.0,123.0,116.0
32050,255.0,231.0,152.0,142.0
32051,267.0,70.0,147.0,143.0
32052,240.0,98.0,143.0,129.0
32053,271.0,89.0,167.0,150.0
32054,224.0,70.0,125.0,115.0
32055,248.0,208.0,144.0,148.0
32056,241.0,204.0,138.0,137.0
32057,248.0,217.0,143.0,135.0
32058,262.0,243.0,150.0,141.0
32059,262.0,120.0,148.0,137.0
32060,240.0,164.0,126.0,139.0
32061,272.0,138.0,154.0,172.0
32062,239.0,136.0,139.0,124.0
32063,265.0,98.0,149.0,154.0
32064,246.0,115.0,143.0,142.0
32065,247.0,213.0,140.0,138.0
32066,252.0,222.0,152.0,139.0
32067,249.0,209.0,140.0,154.0
32068,221.0,159.0,122.0,126.0
32069,251.0,93.0,136.0,144.0
32070,235.0,221.0,127.0,136.0
32071,252.0,144.0,144.0,139.0
32072,254.0,216.0,148.0,136.0
32073,274.0,79.0,144.0,152.0
32074,240.0,111.0,125.0,127.0
32075,246.0,210.0,129.0,137.0
32076,246.0,99.0,121.0,136.0
32077,246.0,116.0,141.0,149.0
32078,260.0,239.0,141.0,140.0
32079,246.0,233.0,146.0,136.0
32080,251.0,129.0,150.0,151.0
32081,268.0,83.0,157.0,150.0
32082,253.0,218.0,138.0,142.0
32083,248.0,119.0,139.0,134.0
32084,246.0,217.0,149.0,131.0
32085,243.0,214.0,123.0,139.0
32086,254.0,108.0,139.0,135.0
32087,265.0,225.0,147.0,154.0
32088,249.0,142.0,140.0,130.0
32089,248.0,140.0,136.0,141.0
32090,240.0,224.0,128.0,139.0
32091,245.0,92.0,144.0,152.0
32092,228.0,224.0,129.0,144.0
32093,256.0,250.0,133.0,136.0
32094,253.0,40.0,131.0,141.0
32095,262.0,120.0,153.0,142.0
32096,256.0,82.0,134.0,151.0
32097,273.0,244.0,143.0,145.0
32098,235.0,206.0,138.0,138.0
32099,229.0,221.0,118.0,121.0
32100,250.0,223.0,135.0,139.0
32101,232.0,77.0,135.0,119.0
32102,241.0,134.0,129.0,126.0
32103,250.0,215.0,139.0,148.0
32104,248.0,220.0,138.0,145.0
32105,264.0,154.0,162.0,131.0
32106,239.0,71.0,129.0,136.0
32107,265.0,81.0,134.0,163.0
32108,243.0,83.0,145.0,141.0
32109,247.0,96.0,136.0,133.0
32110,279.0,99.0,163.0,154.0
32111,249.0,105.0,136.0,150.0
32112,251.0,157.0,138.0,134.0
32113,236.0,111.0,127.0,138.0
32114,247.0,201.0,132.0,147.0
32115,264.0,147.0,160.0,144.0
32116,263.0,260.0,161.0,153.0
32117,260.0,148.0,139.0,153.0
32118,230.0,83.0,127.0,128.0
32119,249.0,118.0,138.0,142.0
32120,258.0,127.0,143.0,149.0
32121,245.0,87.0,142.0,134.0
32122,232.0,138.0,141.0,126.0
32123,289.0,246.0,152.0,158.0
32124,250.0,86.0,137.0,145.0
32125,236.0,211.0,128.0,129.0
32126,264.0,225.0,151.0,129.0
32127,276.0,238.0,174.0,167.0
32128,240.0,84.0,147.0,132.0
32129,232.0,154.0,135.0,143.0
32130,258.0,60.0,141.0,143.0
32131,282.0,229.0,178.0,158.0
32132,243.0,204.0,142.0,140.0
32133,260.0,123.0,143.0,136.0
32134,257.0,255.0,144.0,154.0
32135,251.0,219.0,145.0,149.0
32136,266.0,122.0,158.0,158.0
32137,259.0,92.0,138.0,161.0
32138,240.0,89.0,134.0,141.0
32139,245.0,143.0,128.0,124.0
32140,250.0,135.0,156.0,132.0
32141,250.0,133.0,127.0,142.0
32142,229.0,114.0,126.0,136.0
32143,262.0,116.0,148.0,146.0
32144,263.0,235.0,153.0,159.0
32145,265.0,181.0,145.0,153.0
32146,234.0,97.0,124.0,122.0
32147,268.0,145.0,145.0,141.0
32148,273.0,162.0,172.0,148.0
32149,270.0,136.0,152.0,159.0
32150,219.0,188.0,123.0,129.0
32151,257.0,235.0,154.0,143.0
32152,237.0,91.0,133.0,146.0
32153,282.0,274.0,169.0,155.0
32154,257.0,147.0,146.0,154.0
32155,245.0,100.0,149.0,144.0
32156,264.0,97.0,145.0,132.0
32157,243.0,120.0,144.0,146.0
32158,251.0,221.0,142.0,144.0
32159,265.0,140.0,146.0,135.0
32160,243.0,108.0,139.0,132.0
32161,219.0,188.0,118.0,111.0
32162,246.0,215.0,126.0,137.0
32163,257.0,235.0,148.0,152.0
32164,255.0,115.0,147.0,151.0
32165,257.0,120.0,149.0,141.0
32166,265.0,146.0,155.0,149.0
32167,253.0,207.0,142.0,145.0
32168,254.0,167.0,150.0,150.0
32169,266.0,103.0,163.0,150.0
32170,253.0,133.0,138.0,126.0
32171,243.0,223.0,146.0,126.0
32172,253.0,154.0,139.0,149.0
32173,237.0,194.0,143.0,141.0
32174,248.0,236.0,138.0,138.0
32175,254.0,216.0,144.0,155.0
32176,257.0,89.0,142.0,151.0
32177,239.0,107.0,128.0,139.0
32178,252.0,231.0,121.0,139.0
32179,264.0,76.0,147.0,136.0
32180,243.0,213.0,131.0,142.0
32181,248.0,59.0,141.0,138.0
32182,239.0,155.0,121.0,136.0
32183,251.0,100.0,147.0,138.0
32184,242.0,182.0,131.0,140.0
32185,253.0,94.0,136.0,147.0
32186,255.0,97.0,146.0,154.0
32187,258.0,214.0,144.0,143.0
32188,252.0,234.0,140.0,138.0
32189,230.0,113.0,122.0,139.0
32190,272.0,228.0,159.0,157.0
32191,264.0,132.0,150.0,147.0
32192,254.0,117.0,144.0,141.0
32193,253.0,127.0,140.0,143.0
32194,248.0,112.0,126.0,143.0
32195,235.0,124.0,126.0,123.0
32196,266.0,98.0,144.0,144.0
32197,243.0,130.0,140.0,130.0
32198,256.0,224.0,149.0,142.0
32199,248.0,97.0,125.0,139.0
32200,267.0,152.0,139.0,154.0
32201,268.0,111.0,153.0,161.0
32202,249.0,219.0,137.0,135.0
32203,249.0,110.0,131.0,150.0
32204,247.0,105.0,146.0,152.0
32205,247.0,88.0,155.0,137.0
32206,261.0,260.0,172.0,138.0
32207,269.0,160.0,147.0,152.0
32208,243.0,69.0,127.0,133.0
32209,256.0,149.0,161.0,149.0
32210,228.0,182.0,121.0,131.0
32211,232.0,204.0,132.0,123.0
32212,243.0,112.0,133.0,134.0
32213,249.0,111.0,161.0,124.0
32214,253.0,67.0,145.0,147.0
32215,223.0,91.0,127.0,123.0
32216,249.0,101.0,128.0,150.0
32217,264.0,169.0,149.0,145.0
32218,246.0,77.0,140.0,136.0
32219,244.0,212.0,137.0,156.0
32220,242.0,199.0,137.0,136.0
32221,259.0,120.0,155.0,149.0
32222,232.0,194.0,136.0,139.0
32223,235.0,80.0,127.0,127.0
32224,254.0,229.0,146.0,132.0
32225,271.0,237.0,161.0,151.0
32226,264.0,114.0,155.0,154.0
32227,226.0,70.0,127.0,121.0
32228,248.0,225.0,141.0,130.0
32229,238.0,215.0,149.0,120.0
32230,240.0,148.0,127.0,133.0
32231,249.0,93.0,140.0,149.0
32232,220.0,193.0,123.0,118.0
32233,261.0,111.0,150.0,140.0
32234,254.0,83.0,141.0,130.0
32235,242.0,107.0,123.0,147.0
32236,254.0,121.0,138.0,140.0
32237,222.0,79.0,139.0,127.0
32238,256.0,103.0,120.0,139.0
32239,257.0,104.0,138.0,154.0
32240,268.0,156.0,170.0,137.0
32241,274.0,152.0,162.0,155.0
32242,252.0,74.0,134.0,152.0
32243,252.0,219.0,151.0,146.0
32244,252.0,139.0,148.0,137.0
32245,291.0,56.0,167.0,171.0
32246,269.0,227.0,140.0,146.0
32247,263.0,83.0,146.0,135.0
32248,246.0,209.0,137.0,137.0
32249,251.0,191.0,132.0,129.0
32250,261.0,184.0,139.0,142.0
32251,227.0,130.0,141.0,134.0
32252,249.0,122.0,131.0,149.0
32253,230.0,152.0,130.0,140.0
32254,255.0,75.0,133.0,155.0
32255,237.0,225.0,144.0,126.0
32256,263.0,154.0,144.0,147.0
32257,258.0,118.0,140.0,139.0
32258,226.0,188.0,106.0,127.0
32259,263.0,110.0,144.0,161.0
32260,238.0,166.0,127.0,119.0
32261,252.0,227.0,131.0,137.0
32262,279.0,132.0,160.0,163.0
32263,258.0,140.0,132.0,124.0
32264,247.0,179.0,148.0,134.0
32265,259.0,215.0,166.0,145.0
32266,256.0,114.0,132.0,156.0
32267,222.0,195.0,130.0,124.0
32268,264.0,64.0,150.0,155.0
32269,241.0,128.0,140.0,135.0
32270,250.0,136.0,147.0,142.0
32271,262.0,88.0,162.0,150.0
32272,251.0,152.0,145.0,147.0
32273,243.0,117.0,141.0,130.0
32274,252.0,86.0,152.0,142.0
32275,248.0,220.0,141.0,126.0
32276,255.0,99.0,138.0,135.0
32277,239.0,75.0,137.0,133.0
32278,250.0,133.0,149.0,136.0
32279,243.0,73.0,154.0,133.0
32280,250.0,100.0,140.0,146.0
32281,249.0,117.0,129.0,132.0
32282,250.0,135.0,146.0,133.0
32283,242.0,143.0,138.0,135.0
32284,250.0,216.0,156.0,141.0
32285,257.0,93.0,144.0,142.0
32286,235.0,153.0,127.0,130.0
32287,254.0,73.0,142.0,149.0
32288,265.0,107.0,148.0,159.0
32289,242.0,238.0,121.0,133.0
32290,240.0,82.0,137.0,143.0
32291,270.0,226.0,149.0,144.0
32292,262.0,101.0,151.0,147.0
32293,234.0,187.0,139.0,128.0
32294,251.0,209.0,172.0,153.0
32295,264.0,147.0,142.0,131.0
32296,264.0,231.0,143.0,143.0
32297,238.0,63.0,140.0,140.0
32298,251.0,143.0,148.0,135.0
32299,250.0,204.0,135.0,141.0
32300,258.0,226.0,140.0,138.0
32301,262.0,127.0,148.0,139.0
32302,241.0,207.0,127.0,154.0
32303,225.0,87.0,140.0,129.0
32304,259.0,241.0,146.0,146.0
32305,250.0,112.0,124.0,148.0
32306,249.0,141.0,130.0,142.0
32307,251.0,71.0,165.0,142.0
32308,254.0,117.0,141.0,142.0
32309,232.0,222.0,149.0,127.0
32310,283.0,214.0,155.0,154.0
32311,255.0,115.0,149.0,146.0
32312,256.0,219.0,152.0,141.0
32313,251.0,213.0,145.0,136.0
32314,251.0,180.0,147.0,138.0
32315,253.0,224.0,132.0,133.0
32316,245.0,114.0,149.0,132.0
32317,251.0,223.0,156.0,124.0
32318,257.0,247.0,143.0,151.0
32319,251.0,139.0,140.0,134.0
32320,247.0,131.0,132.0,135.0
32321,265.0,121.0,141.0,158.0
32322,247.0,217.0,148.0,124.0
32323,253.0,82.0,159.0,139.0
32324,235.0,95.0,137.0,129.0
32325,224.0,222.0,132.0,126.0
32326,266.0,122.0,148.0,145.0
32327,241.0,112.0,124.0,124.0
32328,236.0,119.0,115.0,127.0
32329,252.0,123.0,135.0,149.0
32330,237.0,63.0,121.0,144.0
32331,244.0,218.0,128.0,151.0
32332,244.0,213.0,137.0,139.0
32333,236.0,113.0,130.0,138.0
32334,248.0,110.0,153.0,158.0
32335,264.0,166.0,148.0,156.0
32336,241.0,109.0,142.0,147.0
32337,252.0,231.0,134.0,129.0
32338,237.0,218.0,129.0,139.0
32339,228.0,105.0,136.0,120.0
32340,242.0,206.0,127.0,120.0
32341,246.0,151.0,127.0,137.0
32342,243.0,111.0,126.0,152.0
32343,255.0,223.0,144.0,139.0
32344,245.0,199.0,136.0,130.0
32345,229.0,118.0,122.0,119.0
32346,220.0,60.0,131.0,133.0
32347,234.0,153.0,143.0,126.0
32348,233.0,64.0,131.0,140.0
32349,247.0,119.0,138.0,144.0
32350,253.0,89.0,130.0,142.0
32351,243.0,103.0,140.0,135.0
32352,261.0,175.0,155.0,156.0
32353,241.0,225.0,117.0,138.0
32354,250.0,115.0,129.0,138.0
32355,272.0,235.0,164.0,154.0
32356,230.0,196.0,134.0,140.0
32357,269.0,224.0,145.0,157.0
32358,232.0,87.0,131.0,147.0
32359,265.0,241.0,163.0,153.0
32360,238.0,122.0,130.0,108.0
32361,246.0,91.0,142.0,140.0
32362,238.0,208.0,139.0,131.0
32363,266.0,156.0,150.0,142.0
32364,249.0,156.0,135.0,149.0
32365,239.0,195.0,141.0,145.0
32366,237.0,203.0,122.0,140.0
32367,262.0,127.0,150.0,153.0
32368,254.0,248.0,153.0,136.0
32369,240.0,83.0,139.0,123.0
32370,246.0,89.0,131.0,151.0
32371,225.0,219.0,141.0,122.0
32372,245.0,108.0,133.0,140.0
32373,234.0,117.0,130.0,130.0
32374,239.0,209.0,130.0,115.0
32375,246.0,104.0,151.0,127.0
32376,252.0,86.0,133.0,133.0
32377,258.0,240.0,133.0,145.0
32378,271.0,232.0,137.0,150.0
32379,248.0,110.0,126.0,135.0
32380,251.0,128.0,129.0,131.0
32381,240.0,89.0,153.0,128.0
32382,227.0,192.0,127.0,121.0
32383,258.0,82.0,158.0,150.0
32384,257.0,75.0,153.0,131.0
32385,258.0,100.0,157.0,135.0
32386,256.0,232.0,135.0,138.0
32387,243.0,219.0,137.0,138.0
32388,253.0,226.0,145.0,154.0
32389,255.0,112.0,141.0,147.0
32390,240.0,119.0,132.0,131.0
32391,240.0,81.0,136.0,135.0
32392,235.0,197.0,142.0,135.0
32393,274.0,97.0,147.0,162.0
32394,244.0,190.0,146.0,138.0
32395,236.0,108.0,125.0,129.0
32396,249.0,249.0,144.0,148.0
32397,244.0,118.0,143.0,138.0
32398,215.0,190.0,121.0,123.0
32399,266.0,224.0,160.0,134.0
32400,230.0,215.0,126.0,129.0
32401,242.0,175.0,144.0,145.0
32402,250.0,217.0,137.0,137.0
32403,268.0,134.0,162.0,132.0
32404,240.0,87.0,131.0,139.0
32405,240.0,74.0,140.0,140.0
32406,269.0,116.0,157.0,170.0
32407,252.0,224.0,144.0,134.0
32408,252.0,248.0,144.0,155.0
32409,262.0,100.0,139.0,151.0
32410,253.0,68.0,139.0,128.0
32411,267.0,225.0,143.0,152.0
32412,240.0,204.0,137.0,138.0
32413,269.0,135.0,148.0,157.0
32414,246.0,217.0,130.0,138.0
32415,229.0,79.0,129.0,135.0
32416,256.0,131.0,147.0,140.0
32417,254.0,165.0,145.0,143.0
32418,241.0,60.0,146.0,139.0
32419,244.0,133.0,143.0,130.0
32420,257.0,73.0,140.0,149.0
32421,257.0,144.0,159.0,149.0
32422,259.0,192.0,145.0,148.0
32423,260.0,131.0,129.0,140.0
32424,259.0,221.0,148.0,160.0
32425,245.0,117.0,132.0,136.0
32426,266.0,264.0,168.0,159.0
32427,248.0,171.0,129.0,141.0
32428,263.0,110.0,138.0,140.0
32429,284.0,131.0,163.0,143.0
32430,259.0,99.0,160.0,145.0
32431,258.0,87.0,139.0,148.0
32432,264.0,222.0,135.0,154.0
32433,282.0,161.0,167.0,146.0
32434,266.0,171.0,165.0,146.0
32435,238.0,238.0,141.0,136.0
32436,249.0,96.0,144.0,131.0
32437,250.0,227.0,137.0,141.0
32438,254.0,84.0,139.0,147.0
32439,247.0,216.0,134.0,129.0
32440,237.0,98.0,138.0,135.0
32441,219.0,212.0,127.0,120.0
32442,239.0,232.0,140.0,134.0
32443,245.0,109.0,141.0,143.0
32444,246.0,220.0,139.0,139.0
32445,256.0,230.0,136.0,148.0
32446,232.0,199.0,131.0,136.0
32447,231.0,152.0,121.0,137.0
32448,276.0,276.0,158.0,156.0
32449,240.0,235.0,134.0,142.0
32450,249.0,116.0,150.0,144.0
32451,238.0,79.0,124.0,126.0
32452,254.0,137.0,138.0,148.0
32453,275.0,164.0,167.0,147.0
32454,243.0,89.0,156.0,140.0
32455,235.0,119.0,119.0,127.0
32456,261.0,251.0,145.0,152.0
32457,257.0,77.0,123.0,162.0
32458,281.0,155.0,162.0,171.0
32459,241.0,69.0,134.0,144.0
32460,290.0,118.0,173.0,169.0
32461,251.0,117.0,149.0,139.0
32462,261.0,103.0,154.0,145.0
32463,233.0,68.0,122.0,137.0
32464,233.0,81.0,137.0,133.0
32465,249.0,84.0,130.0,127.0
32466,264.0,110.0,134.0,156.0
32467,230.0,198.0,121.0,142.0
32468,275.0,236.0,170.0,149.0
32469,259.0,125.0,142.0,152.0
32470,256.0,125.0,142.0,147.0
32471,239.0,216.0,132.0,138.0
32472,213.0,128.0,128.0,121.0
32473,266.0,143.0,144.0,156.0
32474,260.0,122.0,151.0,130.0
32475,230.0,226.0,136.0,134.0
32476,248.0,160.0,137.0,131.0
32477,228.0,106.0,125.0,141.0
32478,242.0,91.0,143.0,133.0
32479,240.0,224.0,142.0,118.0
32480,274.0,222.0,160.0,141.0
32481,237.0,98.0,140.0,129.0
32482,249.0,248.0,129.0,138.0
32483,250.0,109.0,147.0,131.0
32484,250.0,111.0,140.0,136.0
32485,251.0,126.0,121.0,139.0
32486,243.0,108.0,130.0,135.0
32487,244.0,102.0,134.0,140.0
32488,247.0,200.0,144.0,150.0
32489,253.0,111.0,128.0,143.0
32490,271.0,139.0,162.0,158.0
32491,253.0,132.0,149.0,133.0
32492,261.0,135.0,151.0,158.0
32493,239.0,153.0,134.0,134.0
32494,254.0,228.0,139.0,137.0
32495,251.0,127.0,140.0,138.0
32496,253.0,166.0,164.0,149.0
32497,247.0,206.0,149.0,139.0
32498,267.0,137.0,142.0,129.0
32499,270.0,98.0,145.0,154.0
32500,261.0,114.0,148.0,148.0
32501,265.0,138.0,160.0,162.0
32502,252.0,131.0,153.0,140.0
32503,248.0,90.0,134.0,144.0
32504,226.0,207.0,130.0,116.0
32505,243.0,107.0,147.0,142.0
32506,255.0,218.0,139.0,132.0
32507,235.0,123.0,145.0,137.0
32508,250.0,197.0,145.0,123.0
32509,243.0,226.0,131.0,145.0
32510,256.0,204.0,143.0,133.0
32511,271.0,258.0,140.0,159.0
32512,247.0,206.0,148.0,133.0
32513,226.0,89.0,125.0,125.0
32514,272.0,240.0,166.0,159.0
32515,255.0,130.0,147.0,152.0
32516,253.0,223.0,156.0,129.0
32517,238.0,123.0,131.0,140.0
32518,261.0,116.0,134.0,151.0
32519,236.0,208.0,147.0,118.0
32520,228.0,126.0,118.0,130.0
32521,226.0,70.0,129.0,135.0
32522,242.0,93.0,144.0,126.0
32523,255.0,139.0,138.0,143.0
32524,256.0,119.0,132.0,150.0
32525,246.0,153.0,131.0,130.0
32526,280.0,112.0,161.0,144.0
32527,243.0,122.0,130.0,142.0
32528,258.0,141.0,152.0,144.0
32529,241.0,163.0,130.0,125.0
32530,242.0,117.0,132.0,133.0
32531,260.0,109.0,152.0,145.0
32532,276.0,243.0,153.0,157.0
32533,263.0,120.0,140.0,141.0
32534,259.0,248.0,160.0,134.0
32535,238.0,210.0,136.0,136.0
32536,270.0,270.0,143.0,162.0
32537,271.0,271.0,171.0,153.0
32538,247.0,142.0,125.0,134.0
32539,234.0,71.0,130.0,116.0
32540,265.0,104.0,155.0,159.0
32541,267.0,142.0,143.0,149.0
32542,276.0,92.0,158.0,152.0
32543,263.0,92.0,131.0,149.0
32544,258.0,111.0,153.0,150.0
32545,247.0,208.0,149.0,117.0
32546,245.0,181.0,136.0,151.0
32547,265.0,236.0,157.0,140.0
32548,242.0,210.0,137.0,145.0
32549,237.0,236.0,130.0,130.0
32550,266.0,143.0,154.0,150.0
32551,239.0,124.0,143.0,129.0
32552,246.0,117.0,152.0,157.0
32553,257.0,165.0,152.0,136.0
32554,256.0,238.0,135.0,152.0
32555,263.0,217.0,141.0,155.0
32556,228.0,49.0,133.0,125.0
32557,257.0,244.0,137.0,147.0
32558,238.0,213.0,131.0,120.0
32559,257.0,82.0,145.0,144.0
32560,249.0,240.0,128.0,139.0
32561,245.0,217.0,131.0,138.0
32562,271.0,125.0,143.0,151.0
32563,240.0,104.0,126.0,134.0
32564,237.0,203.0,138.0,136.0
32565,248.0,97.0,138.0,151.0
32566,270.0,220.0,160.0,148.0
32567,244.0,96.0,126.0,128.0
32568,265.0,99.0,149.0,148.0
32569,232.0,94.0,138.0,137.0
32570,289.0,155.0,171.0,175.0
32571,237.0,110.0,131.0,130.0
32572,226.0,113.0,118.0,115.0
32573,257.0,256.0,146.0,146.0
32574,229.0,200.0,149.0,127.0
32575,243.0,110.0,126.0,123.0
32576,244.0,205.0,116.0,136.0
32577,262.0,124.0,152.0,163.0
32578,231.0,203.0,111.0,115.0
32579,250.0,224.0,137.0,130.0
32580,253.0,96.0,152.0,142.0
32581,239.0,83.0,145.0,147.0
32582,246.0,133.0,145.0,148.0
32583,253.0,223.0,132.0,134.0
32584,244.0,89.0,142.0,140.0
32585,264.0,80.0,162.0,141.0
32586,267.0,142.0,129.0,149.0
32587,247.0,120.0,138.0,140.0
32588,260.0,135.0,138.0,150.0
32589,249.0,211.0,167.0,133.0
32590,242.0,207.0,117.0,136.0
32591,230.0,205.0,114.0,133.0
32592,257.0,134.0,148.0,147.0
32593,259.0,109.0,136.0,143.0
32594,232.0,121.0,143.0,140.0
32595,276.0,121.0,169.0,157.0
32596,247.0,215.0,137.0,143.0
32597,225.0,90.0,128.0,146.0
32598,241.0,181.0,142.0,127.0
32599,226.0,182.0,124.0,127.0
32600,266.0,110.0,159.0,148.0
32601,256.0,109.0,129.0,139.0
32602,238.0,112.0,139.0,139.0
32603,248.0,114.0,134.0,125.0
32604,279.0,136.0,152.0,152.0
32605,241.0,125.0,133.0,138.0
32606,238.0,103.0,130.0,137.0
32607,276.0,120.0,160.0,152.0
32608,271.0,232.0,152.0,153.0
32609,217.0,193.0,131.0,130.0
32610,245.0,94.0,129.0,145.0
32611,228.0,178.0,121.0,125.0
32612,241.0,86.0,147.0,142.0
32613,258.0,224.0,140.0,156.0
32614,245.0,121.0,147.0,153.0
32615,242.0,105.0,130.0,139.0
32616,265.0,111.0,159.0,136.0
32617,247.0,203.0,133.0,150.0
32618,242.0,79.0,139.0,135.0
32619,250.0,126.0,142.0,138.0
32620,245.0,146.0,147.0,135.0
32621,235.0,205.0,121.0,139.0
32622,234.0,92.0,133.0,138.0
32623,284.0,190.0,178.0,161.0
32624,224.0,79.0,118.0,125.0
32625,250.0,227.0,135.0,143.0
32626,226.0,119.0,131.0,124.0
32627,262.0,88.0,157.0,145.0
32628,264.0,135.0,138.0,158.0
32629,236.0,97.0,119.0,135.0
32630,270.0,109.0,145.0,173.0
32631,278.0,175.0,150.0,159.0
32632,263.0,249.0,159.0,148.0
32633,260.0,139.0,131.0,127.0
32634,257.0,142.0,143.0,148.0
32635,253.0,102.0,141.0,140.0
32636,243.0,208.0,147.0,130.0
32637,262.0,203.0,144.0,155.0
32638,260.0,88.0,145.0,142.0
32639,248.0,238.0,131.0,144.0
32640,209.0,142.0,115.0,125.0
32641,258.0,112.0,125.0,141.0
32642,239.0,117.0,137.0,132.0
32643,276.0,136.0,147.0,159.0
32644,262.0,107.0,151.0,145.0
32645,259.0,225.0,165.0,139.0
32646,251.0,107.0,142.0,146.0
32647,238.0,200.0,122.0,129.0
32648,264.0,124.0,145.0,148.0
32649,256.0,210.0,137.0,147.0
32650,253.0,108.0,142.0,148.0
32651,243.0,104.0,135.0,136.0
32652,251.0,110.0,131.0,133.0
32653,258.0,97.0,141.0,133.0
32654,255.0,220.0,136.0,156.0
32655,228.0,204.0,128.0,129.0
32656,268.0,122.0,151.0,155.0
32657,242.0,239.0,140.0,139.0
32658,264.0,261.0,146.0,145.0
32659,245.0,130.0,133.0,139.0
32660,246.0,114.0,141.0,127.0
32661,253.0,106.0,137.0,151.0
32662,234.0,205.0,134.0,144.0
32663,253.0,249.0,164.0,141.0
32664,259.0,215.0,159.0,147.0
32665,265.0,99.0,136.0,148.0
32666,243.0,68.0,137.0,136.0
32667,294.0,85.0,159.0,160.0
32668,272.0,246.0,148.0,156.0
32669,257.0,115.0,150.0,136.0
32670,257.0,147.0,152.0,128.0
32671,241.0,155.0,129.0,134.0
32672,268.0,151.0,128.0,142.0
32673,279.0,129.0,154.0,152.0
32674,248.0,107.0,144.0,145.0
32675,233.0,83.0,129.0,135.0
32676,239.0,231.0,142.0,135.0
32677,241.0,215.0,156.0,134.0
32678,253.0,220.0,148.0,141.0
32679,269.0,236.0,151.0,149.0
32680,247.0,76.0,134.0,129.0
32681,246.0,211.0,150.0,133.0
32682,264.0,261.0,161.0,154.0
32683,236.0,199.0,149.0,136.0
32684,249.0,223.0,129.0,147.0
32685,234.0,210.0,121.0,131.0
32686,246.0,125.0,146.0,122.0
32687,244.0,88.0,129.0,132.0
32688,256.0,142.0,147.0,148.0
32689,245.0,99.0,145.0,121.0
32690,233.0,123.0,135.0,138.0
32691,268.0,85.0,155.0,151.0
32692,244.0,88.0,126.0,150.0
32693,236.0,200.0,141.0,142.0
32694,253.0,160.0,143.0,144.0
32695,241.0,142.0,144.0,131.0
32696,229.0,193.0,117.0,132.0
32697,248.0,243.0,151.0,140.0
32698,253.0,147.0,150.0,139.0
32699,248.0,70.0,140.0,129.0
32700,232.0,194.0,140.0,130.0
32701,259.0,100.0,152.0,152.0
32702,263.0,113.0,147.0,140.0
32703,228.0,177.0,121.0,130.0
32704,256.0,95.0,141.0,156.0
32705,232.0,142.0,136.0,128.0
32706,246.0,129.0,147.0,124.0
32707,257.0,133.0,137.0,151.0
32708,253.0,82.0,148.0,141.0
32709,274.0,251.0,144.0,158.0
32710,244.0,91.0,132.0,137.0
32711,261.0,57.0,147.0,158.0
32712,275.0,119.0,161.0,157.0
32713,257.0,238.0,135.0,159.0
32714,274.0,244.0,153.0,153.0
32715,234.0,100.0,118.0,121.0
32716,262.0,210.0,136.0,150.0
32717,254.0,201.0,135.0,156.0
32718,267.0,138.0,152.0,141.0
32719,236.0,110.0,122.0,126.0
32720,255.0,133.0,142.0,149.0
32721,232.0,61.0,140.0,119.0
32722,251.0,136.0,137.0,130.0
32723,241.0,226.0,139.0,137.0
32724,238.0,201.0,121.0,144.0
32725,264.0,147.0,155.0,152.0
32726,240.0,74.0,130.0,127.0
32727,240.0,206.0,136.0,116.0
32728,249.0,202.0,136.0,141.0
32729,244.0,111.0,130.0,145.0
32730,255.0,104.0,154.0,146.0
32731,240.0,105.0,144.0,129.0
32732,254.0,68.0,139.0,141.0
32733,239.0,107.0,121.0,129.0
32734,236.0,104.0,114.0,126.0
32735,257.0,122.0,160.0,153.0
32736,259.0,128.0,154.0,131.0
32737,243.0,222.0,142.0,122.0
32738,243.0,215.0,145.0,135.0
32739,277.0,132.0,151.0,159.0
32740,263.0,117.0,146.0,142.0
32741,245.0,65.0,132.0,140.0
32742,255.0,141.0,136.0,137.0
32743,251.0,155.0,125.0,146.0
32744,261.0,60.0,150.0,140.0
32745,259.0,225.0,148.0,154.0
32746,239.0,76.0,135.0,126.0
32747,247.0,122.0,135.0,144.0
32748,247.0,213.0,131.0,131.0
32749,246.0,105.0,136.0,150.0
32750,276.0,92.0,146.0,149.0
32751,241.0,233.0,138.0,135.0
32752,253.0,115.0,138.0,140.0
32753,246.0,218.0,136.0,134.0
32754,241.0,206.0,137.0,128.0
32755,252.0,120.0,156.0,130.0
32756,253.0,134.0,149.0,148.0
32757,245.0,210.0,115.0,146.0
32758,243.0,92.0,130.0,145.0
32759,239.0,235.0,138.0,133.0
32760,257.0,253.0,158.0,155.0
32761,262.0,227.0,136.0,166.0
32762,260.0,229.0,142.0,157.0
32763,235.0,118.0,148.0,139.0
32764,246.0,181.0,123.0,144.0
32765,268.0,228.0,150.0,137.0
32766,249.0,222.0,135.0,137.0
32767,284.0,134.0,158.0,166.0
32768,243.0,117.0,127.0,139.0
32769,281.0,277.0,163.0,161.0
32770,242.0,211.0,125.0,139.0
32771,245.0,223.0,139.0,130.0
32772,249.0,212.0,138.0,153.0
32773,259.0,91.0,126.0,130.0
32774,248.0,130.0,123.0,152.0
32775,239.0,126.0,144.0,146.0
32776,245.0,136.0,138.0,144.0
32777,243.0,201.0,132.0,132.0
32778,247.0,205.0,138.0,148.0
32779,232.0,109.0,145.0,128.0
32780,235.0,232.0,149.0,131.0
32781,256.0,115.0,162.0,145.0
32782,236.0,77.0,127.0,133.0
32783,252.0,132.0,136.0,147.0
32784,253.0,153.0,133.0,141.0
32785,266.0,236.0,156.0,147.0
32786,261.0,232.0,139.0,138.0
32787,260.0,128.0,147.0,143.0
32788,273.0,226.0,160.0,163.0
32789,254.0,207.0,147.0,127.0
32790,259.0,104.0,154.0,149.0
32791,257.0,171.0,154.0,133.0
32792,233.0,73.0,136.0,119.0
32793,252.0,181.0,133.0,128.0
32794,264.0,111.0,142.0,147.0
32795,244.0,125.0,130.0,115.0
32796,252.0,140.0,141.0,148.0
32797,263.0,234.0,146.0,156.0
32798,256.0,102.0,146.0,141.0
32799,244.0,214.0,155.0,136.0
32800,252.0,109.0,136.0,141.0
32801,244.0,125.0,141.0,127.0
32802,247.0,71.0,136.0,131.0
32803,243.0,209.0,146.0,136.0
32804,281.0,113.0,169.0,145.0
32805,252.0,225.0,136.0,146.0
32806,253.0,84.0,127.0,142.0
32807,254.0,211.0,154.0,130.0
32808,268.0,257.0,145.0,147.0
32809,239.0,117.0,141.0,134.0
32810,273.0,120.0,156.0,161.0
32811,246.0,145.0,144.0,135.0
32812,234.0,98.0,132.0,132.0
32813,229.0,190.0,130.0,118.0
32814,234.0,125.0,137.0,123.0
32815,259.0,154.0,138.0,146.0
32816,289.0,286.0,172.0,161.0
32817,259.0,215.0,152.0,141.0
32818,243.0,230.0,136.0,140.0
32819,234.0,65.0,131.0,127.0
32820,239.0,134.0,134.0,121.0
32821,259.0,233.0,169.0,135.0
32822,236.0,210.0,143.0,129.0
32823,263.0,123.0,170.0,152.0
32824,262.0,126.0,149.0,167.0
32825,236.0,94.0,125.0,122.0
32826,255.0,126.0,157.0,143.0
32827,282.0,162.0,148.0,160.0
32828,250.0,105.0,137.0,145.0
32829,231.0,86.0,129.0,127.0
32830,237.0,207.0,126.0,136.0
32831,275.0,234.0,154.0,156.0
32832,267.0,108.0,145.0,148.0
32833,260.0,130.0,150.0,140.0
32834,252.0,167.0,143.0,143.0
32835,246.0,110.0,138.0,134.0
32836,251.0,88.0,154.0,141.0
32837,238.0,116.0,127.0,143.0
32838,288.0,141.0,156.0,167.0
32839,266.0,249.0,136.0,143.0
32840,234.0,189.0,128.0,129.0
32841,263.0,97.0,136.0,166.0
32842,254.0,234.0,143.0,165.0
32843,273.0,116.0,142.0,144.0
32844,246.0,204.0,149.0,141.0
32845,263.0,203.0,156.0,153.0
32846,236.0,113.0,137.0,133.0
32847,252.0,100.0,132.0,131.0
32848,242.0,102.0,125.0,131.0
32849,245.0,78.0,149.0,134.0
32850,286.0,156.0,151.0,162.0
32851,258.0,87.0,145.0,131.0
32852,257.0,67.0,150.0,127.0
32853,276.0,229.0,164.0,163.0
32854,264.0,119.0,151.0,156.0
32855,274.0,137.0,148.0,159.0
32856,255.0,75.0,140.0,144.0
32857,233.0,127.0,142.0,141.0
32858,237.0,87.0,152.0,141.0
32859,261.0,113.0,146.0,160.0
32860,250.0,240.0,142.0,140.0
32861,243.0,233.0,149.0,145.0
32862,265.0,126.0,147.0,154.0
32863,244.0,84.0,132.0,124.0
32864,272.0,87.0,163.0,147.0
32865,252.0,211.0,136.0,143.0
32866,269.0,238.0,158.0,148.0
32867,236.0,85.0,134.0,123.0
32868,232.0,221.0,131.0,137.0
32869,267.0,235.0,145.0,144.0
32870,266.0,169.0,141.0,148.0
32871,261.0,231.0,154.0,156.0
32872,245.0,200.0,150.0,140.0
32873,278.0,242.0,165.0,147.0
32874,235.0,144.0,137.0,132.0
32875,268.0,71.0,146.0,145.0
32876,242.0,234.0,145.0,128.0
32877,239.0,168.0,141.0,135.0
32878,259.0,124.0,132.0,128.0
32879,223.0,96.0,124.0,119.0
32880,251.0,103.0,158.0,139.0
32881,239.0,101.0,141.0,140.0
32882,264.0,232.0,166.0,134.0
32883,253.0,221.0,149.0,137.0
32884,248.0,202.0,139.0,130.0
32885,243.0,238.0,127.0,136.0
32886,243.0,213.0,143.0,140.0
32887,272.0,130.0,165.0,139.0
32888,220.0,145.0,122.0,124.0
32889,276.0,75.0,158.0,145.0
32890,252.0,124.0,136.0,149.0
32891,249.0,94.0,157.0,146.0
32892,258.0,234.0,155.0,150.0
32893,229.0,131.0,144.0,127.0
32894,226.0,108.0,122.0,123.0
32895,256.0,171.0,147.0,141.0
32896,247.0,205.0,146.0,136.0
32897,236.0,150.0,142.0,136.0
32898,221.0,91.0,109.0,131.0
32899,259.0,121.0,149.0,141.0
32900,262.0,113.0,140.0,154.0
32901,250.0,87.0,140.0,154.0
32902,225.0,119.0,116.0,140.0
32903,258.0,125.0,141.0,145.0
32904,250.0,115.0,136.0,144.0
32905,244.0,208.0,126.0,138.0
32906,255.0,216.0,151.0,132.0
32907,241.0,84.0,130.0,140.0
32908,252.0,244.0,147.0,143.0
32909,264.0,140.0,149.0,144.0
32910,248.0,117.0,142.0,130.0
32911,246.0,206.0,135.0,140.0
32912,247.0,214.0,152.0,134.0
32913,264.0,237.0,150.0,152.0
32914,233.0,228.0,119.0,127.0
32915,271.0,266.0,129.0,149.0
32916,238.0,140.0,129.0,132.0
32917,237.0,63.0,140.0,149.0
32918,250.0,250.0,149.0,147.0
32919,265.0,180.0,145.0,159.0
32920,221.0,137.0,135.0,135.0
32921,229.0,114.0,129.0,134.0
32922,239.0,208.0,131.0,119.0
32923,253.0,216.0,146.0,137.0
32924,238.0,110.0,133.0,120.0
32925,237.0,220.0,141.0,144.0
32926,228.0,163.0,126.0,128.0
32927,244.0,115.0,130.0,144.0
32928,244.0,225.0,142.0,116.0
32929,242.0,100.0,145.0,138.0
32930,269.0,141.0,153.0,153.0
32931,242.0,88.0,126.0,146.0
32932,263.0,160.0,154.0,148.0
32933,235.0,91.0,123.0,134.0
32934,245.0,131.0,141.0,140.0
32935,253.0,212.0,141.0,152.0
32936,234.0,193.0,126.0,140.0
32937,254.0,233.0,155.0,158.0
32938,264.0,147.0,150.0,146.0
32939,246.0,97.0,118.0,144.0
32940,248.0,111.0,140.0,141.0
32941,262.0,122.0,146.0,161.0
32942,243.0,138.0,124.0,144.0
32943,240.0,97.0,117.0,138.0
32944,247.0,117.0,118.0,131.0
32945,236.0,117.0,133.0,116.0
32946,237.0,225.0,130.0,138.0
32947,250.0,122.0,148.0,132.0
32948,238.0,201.0,141.0,127.0
32949,259.0,224.0,143.0,145.0
32950,252.0,131.0,130.0,128.0
32951,244.0,69.0,135.0,152.0
32952,282.0,177.0,153.0,161.0
32953,225.0,81.0,129.0,119.0
32954,272.0,220.0,147.0,142.0
32955,227.0,181.0,133.0,120.0
32956,257.0,226.0,140.0,131.0
32957,235.0,194.0,145.0,150.0
32958,235.0,203.0,124.0,141.0
32959,271.0,182.0,137.0,158.0
32960,248.0,102.0,136.0,135.0
32961,261.0,190.0,170.0,148.0
32962,257.0,144.0,159.0,141.0
32963,263.0,122.0,154.0,150.0
32964,237.0,123.0,122.0,115.0
32965,241.0,241.0,133.0,142.0
32966,235.0,232.0,119.0,135.0
32967,253.0,108.0,141.0,132.0
32968,267.0,133.0,130.0,152.0
32969,257.0,113.0,151.0,147.0
32970,214.0,86.0,128.0,125.0
32971,264.0,215.0,138.0,139.0
32972,244.0,148.0,141.0,142.0
32973,268.0,119.0,167.0,153.0
32974,266.0,219.0,168.0,139.0
32975,248.0,97.0,140.0,126.0
32976,234.0,198.0,136.0,141.0
32977,272.0,236.0,159.0,157.0
32978,269.0,229.0,144.0,150.0
32979,223.0,115.0,133.0,133.0
32980,300.0,295.0,170.0,186.0
32981,238.0,118.0,129.0,132.0
32982,251.0,218.0,143.0,140.0
32983,250.0,213.0,148.0,156.0
32984,251.0,67.0,149.0,143.0
32985,247.0,91.0,132.0,143.0
32986,245.0,65.0,135.0,148.0
32987,249.0,209.0,143.0,139.0
32988,260.0,103.0,142.0,142.0
32989,263.0,172.0,155.0,150.0
32990,277.0,125.0,155.0,158.0
32991,266.0,166.0,151.0,135.0
32992,272.0,135.0,155.0,144.0
32993,249.0,99.0,131.0,135.0
32994,258.0,226.0,140.0,131.0
32995,247.0,142.0,144.0,131.0
32996,237.0,121.0,138.0,132.0
32997,251.0,74.0,139.0,144.0
32998,229.0,89.0,132.0,124.0
32999,262.0,226.0,144.0,149.0
33000,246.0,197.0,132.0,118.0
33001,261.0,224.0,161.0,156.0
33002,245.0,204.0,138.0,136.0
33003,237.0,138.0,141.0,134.0
33004,248.0,116.0,148.0,137.0
33005,242.0,119.0,125.0,146.0
33006,233.0,203.0,134.0,132.0
33007,266.0,253.0,152.0,149.0
33008,285.0,121.0,152.0,146.0
33009,256.0,91.0,153.0,140.0
33010,250.0,225.0,146.0,145.0
33011,248.0,116.0,127.0,148.0
33012,233.0,121.0,136.0,142.0
33013,244.0,102.0,141.0,130.0
33014,241.0,112.0,125.0,129.0
33015,255.0,223.0,165.0,151.0
33016,252.0,95.0,166.0,134.0
33017,243.0,102.0,151.0,116.0
33018,236.0,141.0,146.0,141.0
33019,246.0,81.0,136.0,145.0
33020,278.0,143.0,154.0,159.0
33021,263.0,158.0,133.0,147.0
33022,246.0,209.0,127.0,137.0
33023,240.0,208.0,120.0,137.0
33024,236.0,218.0,146.0,129.0
33025,258.0,221.0,134.0,149.0
33026,268.0,76.0,150.0,155.0
33027,248.0,119.0,140.0,142.0
33028,236.0,208.0,141.0,132.0
33029,242.0,225.0,129.0,143.0
33030,269.0,121.0,154.0,159.0
33031,245.0,137.0,133.0,135.0
33032,232.0,113.0,119.0,119.0
33033,269.0,232.0,151.0,149.0
33034,254.0,125.0,144.0,153.0
33035,270.0,173.0,152.0,149.0
33036,267.0,138.0,154.0,149.0
33037,259.0,141.0,141.0,152.0
33038,251.0,86.0,134.0,132.0
33039,246.0,130.0,138.0,147.0
33040,262.0,99.0,142.0,147.0
33041,229.0,90.0,118.0,134.0
33042,252.0,126.0,149.0,148.0
33043,266.0,107.0,150.0,161.0
33044,233.0,207.0,144.0,144.0
33045,254.0,136.0,143.0,153.0
33046,244.0,209.0,150.0,139.0
33047,266.0,145.0,169.0,157.0
33048,280.0,279.0,159.0,143.0
33049,238.0,88.0,140.0,139.0
33050,226.0,77.0,131.0,138.0
33051,240.0,92.0,137.0,142.0
33052,240.0,123.0,134.0,141.0
33053,250.0,122.0,140.0,148.0
33054,242.0,210.0,144.0,145.0
33055,248.0,120.0,141.0,151.0
33056,250.0,220.0,139.0,129.0
33057,234.0,112.0,132.0,137.0
33058,264.0,87.0,159.0,142.0
33059,272.0,121.0,139.0,160.0
33060,248.0,109.0,150.0,130.0
33061,246.0,118.0,144.0,148.0
33062,269.0,234.0,143.0,139.0
33063,246.0,129.0,138.0,137.0
33064,270.0,226.0,146.0,142.0
33065,272.0,197.0,143.0,150.0
33066,222.0,156.0,117.0,133.0
33067,269.0,124.0,139.0,145.0
33068,233.0,185.0,129.0,126.0
33069,250.0,250.0,144.0,149.0
33070,239.0,211.0,131.0,143.0
33071,262.0,147.0,154.0,143.0
33072,237.0,226.0,136.0,139.0
33073,257.0,160.0,157.0,144.0
33074,241.0,100.0,132.0,144.0
33075,242.0,96.0,131.0,121.0
33076,262.0,219.0,141.0,145.0
33077,260.0,227.0,153.0,145.0
33078,237.0,91.0,134.0,125.0
33079,268.0,131.0,163.0,148.0
33080,228.0,120.0,117.0,126.0
33081,275.0,111.0,148.0,161.0
33082,240.0,119.0,146.0,134.0
33083,266.0,137.0,147.0,147.0
33084,252.0,220.0,135.0,132.0
33085,262.0,185.0,138.0,148.0
33086,246.0,207.0,129.0,146.0
33087,250.0,129.0,128.0,135.0
33088,249.0,175.0,139.0,135.0
33089,279.0,229.0,158.0,150.0
33090,262.0,142.0,144.0,145.0
33091,255.0,114.0,115.0,146.0
33092,265.0,141.0,151.0,147.0
33093,224.0,85.0,122.0,119.0
33094,247.0,217.0,144.0,142.0
33095,254.0,241.0,137.0,146.0
33096,277.0,271.0,156.0,160.0
33097,250.0,198.0,137.0,145.0
33098,268.0,54.0,149.0,166.0
33099,281.0,175.0,182.0,160.0
33100,239.0,211.0,139.0,142.0
33101,268.0,116.0,154.0,138.0
33102,255.0,213.0,138.0,142.0
33103,244.0,151.0,133.0,135.0
33104,244.0,83.0,131.0,138.0
33105,249.0,118.0,144.0,140.0
33106,242.0,110.0,123.0,148.0
33107,248.0,84.0,147.0,132.0
33108,258.0,81.0,129.0,147.0
33109,253.0,224.0,157.0,144.0
33110,238.0,131.0,143.0,131.0
33111,264.0,101.0,155.0,152.0
33112,251.0,121.0,144.0,136.0
33113,254.0,229.0,136.0,151.0
33114,243.0,133.0,143.0,134.0
33115,248.0,215.0,142.0,139.0
33116,239.0,112.0,130.0,127.0
33117,239.0,216.0,137.0,139.0
33118,241.0,229.0,149.0,151.0
33119,249.0,211.0,136.0,141.0
33120,283.0,178.0,164.0,150.0
33121,239.0,76.0,142.0,150.0
33122,235.0,107.0,131.0,145.0
33123,267.0,232.0,145.0,153.0
33124,263.0,107.0,140.0,156.0
33125,246.0,156.0,137.0,147.0
33126,247.0,116.0,137.0,142.0
33127,244.0,211.0,139.0,156.0
33128,238.0,128.0,136.0,147.0
33129,245.0,218.0,137.0,130.0
33130,261.0,130.0,152.0,148.0
33131,273.0,143.0,140.0,148.0
33132,257.0,93.0,137.0,147.0
33133,259.0,230.0,137.0,141.0
33134,265.0,90.0,143.0,152.0
33135,234.0,59.0,123.0,130.0
33136,229.0,184.0,132.0,123.0
33137,267.0,163.0,144.0,129.0
33138,261.0,103.0,150.0,143.0
33139,265.0,216.0,151.0,149.0
33140,231.0,135.0,124.0,127.0
33141,249.0,204.0,131.0,147.0
33142,248.0,98.0,138.0,139.0
33143,270.0,122.0,142.0,157.0
33144,248.0,248.0,143.0,142.0
33145,244.0,241.0,149.0,139.0
33146,247.0,103.0,132.0,157.0
33147,252.0,244.0,155.0,136.0
33148,266.0,117.0,148.0,146.0
33149,266.0,132.0,146.0,164.0
33150,261.0,128.0,142.0,138.0
33151,226.0,71.0,124.0,127.0
33152,226.0,207.0,133.0,125.0
33153,260.0,115.0,160.0,150.0
33154,244.0,237.0,124.0,132.0
33155,267.0,260.0,152.0,153.0
33156,237.0,146.0,134.0,128.0
33157,245.0,188.0,140.0,135.0
33158,270.0,106.0,163.0,136.0
33159,242.0,116.0,121.0,128.0
33160,252.0,77.0,128.0,157.0
33161,240.0,215.0,144.0,131.0
33162,244.0,121.0,131.0,132.0
33163,225.0,110.0,132.0,126.0
33164,225.0,180.0,122.0,121.0
33165,260.0,168.0,152.0,143.0
33166,248.0,220.0,149.0,156.0
33167,270.0,105.0,161.0,147.0
33168,241.0,144.0,133.0,131.0
33169,242.0,77.0,130.0,145.0
33170,238.0,113.0,116.0,133.0
33171,256.0,93.0,149.0,151.0
33172,255.0,117.0,146.0,148.0
33173,248.0,248.0,146.0,140.0
33174,246.0,122.0,126.0,145.0
33175,247.0,79.0,136.0,151.0
33176,222.0,79.0,136.0,120.0
33177,268.0,131.0,152.0,145.0
33178,255.0,131.0,120.0,153.0
33179,258.0,109.0,142.0,144.0
33180,240.0,119.0,129.0,128.0
33181,243.0,206.0,158.0,128.0
33182,245.0,227.0,158.0,148.0
33183,272.0,91.0,136.0,142.0
33184,240.0,135.0,147.0,124.0
33185,252.0,103.0,149.0,148.0
33186,283.0,106.0,156.0,165.0
33187,262.0,241.0,149.0,150.0
33188,234.0,118.0,127.0,146.0
33189,266.0,258.0,144.0,147.0
33190,239.0,116.0,130.0,142.0
33191,242.0,202.0,123.0,121.0
33192,257.0,256.0,146.0,150.0
33193,248.0,247.0,136.0,136.0
33194,242.0,170.0,126.0,140.0
33195,238.0,103.0,131.0,141.0
33196,258.0,216.0,126.0,157.0
33197,251.0,130.0,146.0,145.0
33198,254.0,209.0,153.0,140.0
33199,236.0,98.0,124.0,121.0
33200,250.0,130.0,129.0,143.0
33201,242.0,104.0,125.0,136.0
33202,258.0,129.0,142.0,156.0
33203,230.0,147.0,120.0,138.0
33204,214.0,214.0,125.0,119.0
33205,242.0,113.0,143.0,155.0
33206,245.0,136.0,148.0,139.0
33207,241.0,213.0,140.0,143.0
33208,230.0,202.0,126.0,131.0
33209,257.0,64.0,136.0,141.0
33210,246.0,199.0,145.0,130.0
33211,242.0,209.0,141.0,146.0
33212,252.0,222.0,126.0,135.0
33213,246.0,110.0,137.0,141.0
33214,261.0,126.0,155.0,140.0
33215,271.0,49.0,156.0,158.0
33216,258.0,116.0,137.0,138.0
33217,247.0,212.0,142.0,128.0
33218,223.0,184.0,124.0,130.0
33219,265.0,156.0,147.0,161.0
33220,245.0,94.0,131.0,131.0
33221,233.0,68.0,139.0,149.0
33222,252.0,151.0,141.0,135.0
33223,242.0,82.0,147.0,139.0
33224,259.0,79.0,146.0,147.0
33225,253.0,245.0,146.0,145.0
33226,250.0,107.0,132.0,137.0
33227,272.0,225.0,130.0,136.0
33228,232.0,88.0,144.0,127.0
33229,227.0,87.0,143.0,127.0
33230,247.0,128.0,132.0,138.0
33231,246.0,71.0,139.0,140.0
33232,260.0,130.0,136.0,149.0
33233,256.0,237.0,163.0,134.0
33234,240.0,113.0,142.0,145.0
33235,261.0,140.0,146.0,143.0
33236,265.0,128.0,154.0,142.0
33237,253.0,76.0,146.0,140.0
33238,255.0,105.0,140.0,157.0
33239,249.0,248.0,150.0,132.0
33240,242.0,149.0,136.0,124.0
33241,255.0,136.0,153.0,152.0
33242,250.0,219.0,147.0,129.0
33243,278.0,247.0,155.0,157.0
33244,218.0,116.0,125.0,131.0
33245,252.0,149.0,136.0,137.0
33246,250.0,110.0,144.0,147.0
33247,249.0,104.0,152.0,138.0
33248,244.0,63.0,132.0,149.0
33249,268.0,100.0,144.0,141.0
33250,251.0,220.0,138.0,135.0
33251,243.0,101.0,140.0,133.0
33252,239.0,163.0,149.0,141.0
33253,248.0,217.0,140.0,158.0
33254,228.0,127.0,121.0,124.0
33255,243.0,126.0,144.0,140.0
33256,248.0,84.0,152.0,153.0
33257,254.0,219.0,147.0,127.0
33258,267.0,131.0,145.0,146.0
33259,247.0,98.0,151.0,143.0
33260,250.0,214.0,150.0,133.0
33261,235.0,100.0,123.0,132.0
33262,265.0,107.0,153.0,137.0
33263,239.0,87.0,132.0,143.0
33264,244.0,106.0,129.0,142.0
33265,284.0,123.0,173.0,151.0
33266,228.0,125.0,133.0,119.0
33267,238.0,136.0,137.0,135.0
33268,265.0,109.0,156.0,150.0
33269,222.0,66.0,128.0,118.0
33270,242.0,236.0,126.0,135.0
33271,242.0,81.0,132.0,135.0
33272,250.0,93.0,148.0,150.0
33273,253.0,148.0,142.0,134.0
33274,261.0,87.0,138.0,129.0
33275,239.0,116.0,135.0,120.0
33276,251.0,219.0,148.0,136.0
33277,266.0,116.0,139.0,132.0
33278,251.0,85.0,144.0,142.0
33279,258.0,141.0,146.0,152.0
33280,250.0,121.0,131.0,129.0
33281,269.0,124.0,143.0,149.0
33282,267.0,229.0,148.0,161.0
33283,250.0,119.0,144.0,151.0
33284,270.0,117.0,143.0,138.0
33285,242.0,104.0,133.0,134.0
33286,246.0,132.0,136.0,151.0
33287,254.0,215.0,136.0,126.0
33288,225.0,199.0,124.0,123.0
33289,267.0,253.0,163.0,160.0
33290,243.0,88.0,116.0,143.0
33291,252.0,238.0,124.0,137.0
33292,243.0,95.0,137.0,133.0
33293,245.0,143.0,142.0,133.0
33294,244.0,213.0,132.0,131.0
33295,247.0,103.0,137.0,125.0
33296,254.0,246.0,144.0,132.0
33297,247.0,211.0,144.0,136.0
33298,246.0,212.0,130.0,147.0
33299,250.0,225.0,151.0,140.0
33300,244.0,90.0,132.0,132.0
33301,262.0,95.0,154.0,136.0
33302,257.0,78.0,133.0,137.0
33303,258.0,129.0,146.0,138.0
33304,238.0,133.0,128.0,139.0
33305,256.0,109.0,134.0,144.0
33306,251.0,66.0,153.0,140.0
33307,250.0,166.0,139.0,147.0
33308,254.0,99.0,145.0,150.0
33309,253.0,119.0,152.0,141.0
33310,256.0,103.0,138.0,141.0
33311,244.0,196.0,147.0,137.0
33312,245.0,138.0,130.0,142.0
33313,254.0,226.0,148.0,150.0
33314,245.0,212.0,145.0,145.0
33315,238.0,217.0,127.0,146.0
33316,256.0,232.0,148.0,148.0
33317,249.0,79.0,142.0,144.0
33318,232.0,203.0,123.0,130.0
33319,238.0,124.0,131.0,129.0
33320,245.0,114.0,141.0,154.0
33321,270.0,229.0,141.0,138.0
33322,261.0,94.0,147.0,139.0
33323,246.0,91.0,126.0,128.0
33324,211.0,190.0,119.0,123.0
33325,266.0,197.0,152.0,137.0
33326,257.0,80.0,139.0,155.0
33327,245.0,128.0,127.0,145.0
33328,247.0,206.0,130.0,140.0
33329,265.0,114.0,146.0,155.0
33330,262.0,80.0,143.0,158.0
33331,255.0,113.0,141.0,138.0
33332,245.0,207.0,142.0,127.0
33333,244.0,109.0,140.0,148.0
33334,261.0,226.0,149.0,141.0
33335,221.0,194.0,128.0,134.0
33336,228.0,217.0,134.0,116.0
33337,263.0,142.0,143.0,152.0
33338,248.0,56.0,145.0,137.0
33339,262.0,225.0,143.0,144.0
33340,230.0,138.0,134.0,144.0
33341,249.0,133.0,147.0,144.0
33342,246.0,62.0,140.0,142.0
33343,244.0,226.0,146.0,130.0
33344,218.0,144.0,131.0,129.0
33345,253.0,131.0,140.0,144.0
33346,235.0,207.0,122.0,149.0
33347,264.0,232.0,146.0,165.0
33348,252.0,202.0,127.0,145.0
33349,245.0,184.0,141.0,140.0
33350,254.0,100.0,149.0,131.0
33351,261.0,124.0,137.0,154.0
33352,265.0,101.0,143.0,157.0
33353,248.0,114.0,125.0,147.0
33354,235.0,228.0,125.0,139.0
33355,244.0,118.0,145.0,152.0
33356,242.0,214.0,138.0,131.0
33357,250.0,124.0,138.0,142.0
33358,239.0,211.0,142.0,131.0
33359,241.0,122.0,134.0,131.0
33360,254.0,103.0,151.0,143.0
33361,257.0,83.0,153.0,141.0
33362,225.0,188.0,126.0,127.0
33363,271.0,240.0,144.0,141.0
33364,249.0,218.0,139.0,137.0
33365,262.0,248.0,149.0,148.0
33366,235.0,58.0,128.0,138.0
33367,243.0,124.0,134.0,128.0
33368,239.0,129.0,142.0,127.0
33369,267.0,123.0,156.0,156.0
33370,248.0,91.0,137.0,146.0
33371,247.0,67.0,150.0,148.0
33372,253.0,134.0,136.0,136.0
33373,214.0,120.0,134.0,115.0
33374,257.0,88.0,142.0,125.0
33375,241.0,136.0,119.0,149.0
33376,249.0,207.0,152.0,141.0
33377,255.0,124.0,138.0,147.0
33378,275.0,229.0,154.0,162.0
33379,244.0,114.0,139.0,128.0
33380,224.0,191.0,128.0,119.0
33381,244.0,116.0,127.0,146.0
33382,249.0,211.0,128.0,147.0
33383,263.0,98.0,136.0,151.0
33384,254.0,104.0,147.0,145.0
33385,257.0,89.0,155.0,145.0
33386,233.0,212.0,140.0,145.0
33387,257.0,236.0,150.0,154.0
33388,274.0,101.0,145.0,139.0
33389,274.0,228.0,156.0,165.0
33390,262.0,217.0,139.0,142.0
33391,245.0,207.0,142.0,131.0
33392,260.0,227.0,149.0,138.0
33393,254.0,75.0,147.0,138.0
33394,245.0,222.0,141.0,152.0
33395,239.0,149.0,133.0,122.0
33396,259.0,94.0,143.0,139.0
33397,261.0,219.0,152.0,149.0
33398,256.0,120.0,141.0,143.0
33399,244.0,212.0,130.0,138.0
33400,244.0,119.0,143.0,130.0
33401,284.0,245.0,166.0,155.0
33402,259.0,239.0,141.0,139.0
33403,249.0,63.0,136.0,154.0
33404,245.0,198.0,140.0,134.0
33405,266.0,243.0,156.0,152.0
33406,239.0,161.0,135.0,129.0
33407,238.0,214.0,139.0,142.0
33408,252.0,197.0,147.0,137.0
33409,264.0,209.0,153.0,141.0
33410,243.0,115.0,133.0,133.0
33411,236.0,226.0,147.0,133.0
33412,229.0,198.0,129.0,133.0
33413,241.0,230.0,140.0,141.0
33414,252.0,83.0,146.0,148.0
33415,243.0,203.0,141.0,140.0
33416,274.0,223.0,141.0,159.0
33417,245.0,100.0,130.0,139.0
33418,230.0,113.0,127.0,133.0
33419,255.0,115.0,138.0,158.0
33420,230.0,95.0,126.0,123.0
33421,251.0,247.0,166.0,126.0
33422,255.0,251.0,134.0,143.0
33423,240.0,125.0,140.0,135.0
33424,242.0,110.0,131.0,155.0
33425,263.0,224.0,140.0,137.0
33426,233.0,226.0,154.0,131.0
33427,256.0,84.0,147.0,145.0
33428,207.0,181.0,127.0,123.0
33429,248.0,102.0,150.0,135.0
33430,250.0,205.0,155.0,129.0
33431,254.0,226.0,151.0,145.0
33432,260.0,124.0,154.0,146.0
33433,239.0,98.0,121.0,140.0
33434,256.0,110.0,160.0,149.0
33435,261.0,105.0,161.0,153.0
33436,239.0,91.0,137.0,130.0
33437,231.0,195.0,133.0,142.0
33438,233.0,144.0,143.0,120.0
33439,267.0,123.0,157.0,144.0
33440,265.0,98.0,130.0,160.0
33441,256.0,130.0,129.0,141.0
33442,256.0,210.0,125.0,146.0
33443,243.0,218.0,150.0,126.0
33444,231.0,94.0,134.0,134.0
33445,219.0,64.0,116.0,120.0
33446,271.0,123.0,154.0,160.0
33447,234.0,102.0,127.0,134.0
33448,246.0,116.0,133.0,140.0
33449,266.0,91.0,148.0,141.0
33450,240.0,162.0,131.0,145.0
33451,258.0,99.0,146.0,153.0
33452,252.0,127.0,153.0,149.0
33453,272.0,113.0,165.0,157.0
33454,250.0,187.0,139.0,140.0
33455,245.0,205.0,133.0,141.0
33456,255.0,125.0,149.0,130.0
33457,257.0,118.0,152.0,130.0
33458,226.0,180.0,132.0,128.0
33459,227.0,196.0,130.0,133.0
33460,261.0,130.0,144.0,145.0
33461,283.0,241.0,159.0,164.0
33462,251.0,144.0,138.0,156.0
33463,250.0,134.0,151.0,140.0
33464,240.0,168.0,126.0,143.0
33465,257.0,76.0,152.0,134.0
33466,241.0,198.0,122.0,148.0
33467,262.0,127.0,163.0,140.0
33468,249.0,198.0,124.0,142.0
33469,244.0,110.0,145.0,136.0
33470,225.0,92.0,124.0,123.0
33471,255.0,102.0,137.0,146.0
33472,250.0,98.0,143.0,143.0
33473,256.0,71.0,145.0,144.0
33474,247.0,161.0,153.0,134.0
33475,255.0,220.0,138.0,151.0
33476,233.0,110.0,128.0,127.0
33477,247.0,240.0,137.0,138.0
33478,250.0,56.0,146.0,143.0
33479,256.0,218.0,139.0,144.0
33480,241.0,206.0,136.0,137.0
33481,250.0,70.0,134.0,151.0
33482,243.0,159.0,128.0,140.0
33483,246.0,68.0,157.0,122.0
33484,235.0,205.0,131.0,135.0
33485,245.0,107.0,133.0,134.0
33486,249.0,213.0,143.0,139.0
33487,251.0,101.0,141.0,129.0
33488,255.0,85.0,146.0,140.0
33489,252.0,114.0,149.0,139.0
33490,272.0,176.0,149.0,147.0
33491,247.0,101.0,144.0,140.0
33492,223.0,201.0,122.0,121.0
33493,236.0,86.0,147.0,124.0
33494,243.0,160.0,129.0,140.0
33495,256.0,244.0,140.0,142.0
33496,253.0,89.0,136.0,136.0
33497,235.0,35.0,131.0,131.0
33498,262.0,133.0,137.0,152.0
33499,285.0,120.0,161.0,155.0
33500,249.0,238.0,134.0,129.0
33501,244.0,197.0,141.0,137.0
33502,259.0,254.0,142.0,138.0
33503,260.0,124.0,140.0,145.0
33504,267.0,67.0,135.0,143.0
33505,255.0,155.0,144.0,127.0
33506,250.0,169.0,126.0,137.0
33507,210.0,179.0,121.0,128.0
33508,241.0,222.0,113.0,140.0
33509,237.0,100.0,135.0,136.0
33510,247.0,214.0,148.0,124.0
33511,262.0,87.0,146.0,149.0
33512,267.0,91.0,153.0,146.0
33513,261.0,136.0,139.0,143.0
33514,245.0,118.0,141.0,123.0
33515,230.0,141.0,122.0,129.0
33516,273.0,243.0,156.0,146.0
33517,251.0,218.0,139.0,156.0
33518,276.0,141.0,153.0,159.0
33519,268.0,151.0,159.0,165.0
33520,257.0,231.0,150.0,163.0
33521,236.0,172.0,132.0,136.0
33522,267.0,234.0,143.0,143.0
33523,244.0,92.0,131.0,142.0
33524,244.0,206.0,140.0,139.0
33525,266.0,114.0,150.0,141.0
33526,239.0,74.0,148.0,128.0
33527,259.0,78.0,168.0,157.0
33528,263.0,109.0,143.0,143.0
33529,256.0,124.0,131.0,142.0
33530,236.0,211.0,130.0,136.0
33531,254.0,108.0,143.0,138.0
33532,247.0,207.0,137.0,151.0
33533,258.0,218.0,155.0,151.0
33534,265.0,111.0,142.0,154.0
33535,257.0,84.0,154.0,146.0
33536,243.0,126.0,144.0,134.0
33537,242.0,108.0,140.0,143.0
33538,246.0,207.0,137.0,119.0
33539,250.0,224.0,149.0,161.0
33540,208.0,63.0,133.0,109.0
33541,259.0,231.0,146.0,134.0
33542,248.0,106.0,144.0,145.0
33543,249.0,95.0,144.0,131.0
33544,265.0,96.0,158.0,154.0
33545,227.0,189.0,121.0,131.0
33546,261.0,224.0,137.0,133.0
33547,244.0,236.0,131.0,128.0
33548,253.0,74.0,145.0,152.0
33549,232.0,174.0,117.0,149.0
33550,255.0,98.0,126.0,137.0
33551,264.0,162.0,156.0,161.0
33552,248.0,247.0,142.0,129.0
33553,243.0,202.0,135.0,135.0
33554,260.0,222.0,142.0,126.0
33555,264.0,96.0,132.0,166.0
33556,262.0,220.0,140.0,147.0
33557,268.0,135.0,152.0,132.0
33558,251.0,207.0,123.0,140.0
33559,280.0,272.0,168.0,176.0
33560,233.0,218.0,129.0,122.0
33561,270.0,242.0,148.0,159.0
33562,241.0,239.0,138.0,135.0
33563,259.0,117.0,126.0,149.0
33564,268.0,268.0,157.0,162.0
33565,239.0,121.0,136.0,137.0
33566,242.0,117.0,124.0,128.0
33567,244.0,230.0,125.0,137.0
33568,250.0,109.0,151.0,146.0
33569,280.0,173.0,160.0,172.0
33570,272.0,120.0,167.0,149.0
33571,254.0,224.0,138.0,152.0
33572,223.0,124.0,134.0,134.0
33573,261.0,224.0,139.0,159.0
33574,235.0,202.0,136.0,119.0
33575,268.0,150.0,134.0,141.0
33576,266.0,232.0,161.0,155.0
33577,254.0,127.0,132.0,136.0
33578,256.0,87.0,150.0,145.0
33579,245.0,240.0,142.0,135.0
33580,244.0,165.0,127.0,132.0
33581,254.0,107.0,146.0,140.0
33582,241.0,108.0,144.0,145.0
33583,244.0,111.0,129.0,124.0
33584,271.0,55.0,142.0,163.0
33585,249.0,114.0,140.0,153.0
33586,241.0,109.0,115.0,128.0
33587,238.0,198.0,147.0,145.0
33588,230.0,103.0,136.0,123.0
33589,260.0,239.0,127.0,144.0
33590,263.0,86.0,145.0,146.0
33591,268.0,228.0,152.0,150.0
33592,259.0,222.0,157.0,141.0
33593,265.0,134.0,159.0,142.0
33594,237.0,96.0,127.0,113.0
33595,256.0,218.0,155.0,145.0
33596,273.0,161.0,148.0,164.0
33597,236.0,73.0,130.0,133.0
33598,240.0,91.0,120.0,149.0
33599,245.0,71.0,146.0,123.0
33600,237.0,91.0,142.0,123.0
33601,265.0,129.0,162.0,143.0
33602,222.0,198.0,114.0,118.0
33603,259.0,133.0,154.0,161.0
33604,251.0,217.0,144.0,159.0
33605,219.0,85.0,127.0,133.0
33606,237.0,232.0,150.0,125.0
33607,243.0,153.0,151.0,138.0
33608,251.0,246.0,156.0,132.0
33609,260.0,142.0,142.0,156.0
33610,276.0,228.0,147.0,146.0
33611,236.0,92.0,134.0,132.0
33612,253.0,104.0,145.0,145.0
33613,233.0,141.0,138.0,133.0
33614,227.0,103.0,143.0,123.0
33615,258.0,218.0,145.0,152.0
33616,247.0,207.0,135.0,140.0
33617,255.0,126.0,128.0,149.0
33618,250.0,208.0,134.0,125.0
33619,250.0,219.0,149.0,137.0
33620,247.0,96.0,147.0,134.0
33621,250.0,247.0,138.0,124.0
33622,257.0,224.0,162.0,152.0
33623,262.0,125.0,140.0,151.0
33624,233.0,207.0,122.0,128.0
33625,244.0,134.0,139.0,141.0
33626,240.0,225.0,132.0,133.0
33627,267.0,105.0,154.0,172.0
33628,259.0,256.0,139.0,145.0
33629,248.0,217.0,147.0,150.0
33630,234.0,93.0,124.0,124.0
33631,225.0,215.0,132.0,140.0
33632,251.0,216.0,131.0,148.0
33633,254.0,170.0,153.0,148.0
33634,238.0,107.0,136.0,136.0
33635,250.0,107.0,140.0,151.0
33636,235.0,209.0,122.0,133.0
33637,250.0,206.0,135.0,116.0
33638,252.0,111.0,133.0,142.0
33639,249.0,98.0,133.0,139.0
33640,237.0,106.0,140.0,131.0
33641,269.0,107.0,145.0,146.0
33642,224.0,199.0,121.0,129.0
33643,231.0,102.0,118.0,126.0
33644,252.0,132.0,157.0,146.0
33645,257.0,113.0,147.0,141.0
33646,243.0,97.0,135.0,134.0
33647,253.0,118.0,147.0,146.0
33648,257.0,238.0,145.0,154.0
33649,242.0,114.0,142.0,136.0
33650,240.0,127.0,129.0,125.0
33651,269.0,225.0,147.0,160.0
33652,252.0,235.0,131.0,141.0
33653,254.0,218.0,151.0,139.0
33654,232.0,86.0,142.0,136.0
33655,281.0,115.0,157.0,163.0
33656,267.0,167.0,148.0,158.0
33657,224.0,65.0,106.0,115.0
33658,231.0,188.0,140.0,123.0
33659,252.0,117.0,147.0,142.0
33660,241.0,221.0,137.0,143.0
33661,228.0,205.0,131.0,133.0
33662,244.0,243.0,152.0,136.0
33663,228.0,115.0,136.0,128.0
33664,249.0,221.0,141.0,138.0
33665,255.0,111.0,156.0,136.0
33666,253.0,172.0,151.0,142.0
33667,238.0,98.0,130.0,122.0
33668,261.0,187.0,132.0,154.0
33669,246.0,96.0,132.0,132.0
33670,245.0,220.0,141.0,136.0
33671,247.0,163.0,144.0,145.0
33672,252.0,98.0,133.0,131.0
33673,236.0,94.0,133.0,137.0
33674,267.0,232.0,153.0,171.0
33675,237.0,201.0,138.0,128.0
33676,254.0,93.0,138.0,148.0
33677,230.0,79.0,136.0,123.0
33678,257.0,123.0,148.0,147.0
33679,252.0,104.0,130.0,131.0
33680,235.0,89.0,144.0,139.0
33681,247.0,84.0,140.0,138.0
33682,273.0,84.0,151.0,154.0
33683,277.0,133.0,155.0,161.0
33684,273.0,178.0,147.0,148.0
33685,247.0,212.0,129.0,131.0
33686,225.0,102.0,124.0,132.0
33687,256.0,57.0,128.0,147.0
33688,224.0,88.0,125.0,117.0
33689,267.0,121.0,146.0,152.0
33690,249.0,110.0,142.0,147.0
33691,240.0,90.0,136.0,139.0
33692,268.0,156.0,160.0,166.0
33693,273.0,141.0,154.0,150.0
33694,253.0,131.0,133.0,147.0
33695,246.0,111.0,139.0,143.0
33696,252.0,130.0,140.0,144.0
33697,223.0,91.0,116.0,128.0
33698,246.0,246.0,129.0,125.0
33699,255.0,214.0,149.0,146.0
33700,248.0,226.0,132.0,155.0
33701,278.0,125.0,164.0,147.0
33702,232.0,232.0,142.0,134.0
33703,265.0,241.0,138.0,155.0
33704,266.0,160.0,145.0,141.0
33705,260.0,80.0,133.0,139.0
33706,244.0,101.0,131.0,140.0
33707,217.0,127.0,125.0,128.0
33708,258.0,127.0,156.0,148.0
33709,250.0,219.0,137.0,158.0
33710,248.0,238.0,149.0,131.0
33711,239.0,90.0,122.0,139.0
33712,261.0,99.0,144.0,146.0
33713,251.0,177.0,134.0,137.0
33714,238.0,128.0,115.0,147.0
33715,252.0,219.0,139.0,143.0
33716,257.0,72.0,154.0,142.0
33717,251.0,120.0,128.0,150.0
33718,257.0,218.0,150.0,150.0
33719,247.0,215.0,128.0,138.0
33720,252.0,102.0,133.0,147.0
33721,264.0,107.0,155.0,147.0
33722,233.0,192.0,140.0,124.0
33723,235.0,80.0,141.0,133.0
33724,262.0,103.0,166.0,143.0
33725,231.0,91.0,130.0,129.0
33726,261.0,91.0,143.0,143.0
33727,258.0,135.0,131.0,145.0
33728,255.0,117.0,138.0,144.0
33729,266.0,236.0,144.0,152.0
33730,263.0,121.0,154.0,132.0
33731,261.0,137.0,153.0,147.0
33732,226.0,161.0,135.0,137.0
33733,247.0,107.0,145.0,141.0
33734,256.0,109.0,139.0,140.0
33735,260.0,182.0,156.0,146.0
33736,248.0,137.0,144.0,136.0
33737,233.0,52.0,132.0,127.0
33738,258.0,162.0,148.0,150.0
33739,245.0,199.0,135.0,137.0
33740,239.0,120.0,133.0,142.0
33741,234.0,77.0,140.0,136.0
33742,221.0,189.0,112.0,129.0
33743,252.0,224.0,149.0,144.0
33744,241.0,208.0,129.0,136.0
33745,230.0,199.0,138.0,120.0
33746,256.0,126.0,140.0,145.0
33747,253.0,199.0,134.0,143.0
33748,247.0,121.0,136.0,134.0
33749,238.0,132.0,135.0,133.0
33750,241.0,104.0,136.0,128.0
33751,241.0,121.0,139.0,140.0
33752,246.0,74.0,136.0,141.0
33753,261.0,233.0,145.0,147.0
33754,250.0,85.0,142.0,148.0
33755,239.0,102.0,137.0,136.0
33756,247.0,101.0,137.0,139.0
33757,234.0,93.0,123.0,147.0
33758,275.0,102.0,157.0,150.0
33759,260.0,131.0,150.0,128.0
33760,258.0,142.0,124.0,151.0
33761,266.0,166.0,157.0,151.0
33762,234.0,138.0,141.0,139.0
33763,262.0,211.0,158.0,152.0
33764,247.0,158.0,143.0,135.0
33765,258.0,110.0,140.0,133.0
33766,241.0,213.0,141.0,134.0
33767,250.0,226.0,137.0,140.0
33768,250.0,86.0,147.0,152.0
33769,247.0,153.0,139.0,122.0
33770,278.0,239.0,170.0,155.0
33771,261.0,145.0,150.0,149.0
33772,254.0,211.0,131.0,145.0
33773,259.0,115.0,143.0,142.0
33774,233.0,213.0,140.0,117.0
33775,228.0,78.0,129.0,117.0
33776,242.0,158.0,143.0,145.0
33777,257.0,103.0,150.0,141.0
33778,246.0,110.0,133.0,144.0
33779,235.0,101.0,141.0,144.0
33780,235.0,195.0,136.0,135.0
33781,238.0,198.0,140.0,143.0
33782,266.0,228.0,162.0,173.0
33783,247.0,209.0,150.0,140.0
33784,247.0,245.0,142.0,134.0
33785,244.0,98.0,138.0,137.0
33786,239.0,221.0,135.0,142.0
33787,260.0,103.0,151.0,150.0
33788,244.0,144.0,135.0,148.0
33789,258.0,166.0,142.0,142.0
33790,242.0,182.0,139.0,142.0
33791,256.0,216.0,148.0,138.0
33792,257.0,232.0,140.0,148.0
33793,230.0,119.0,115.0,127.0
33794,236.0,96.0,140.0,142.0
33795,234.0,103.0,139.0,137.0
33796,224.0,196.0,134.0,124.0
33797,256.0,144.0,148.0,139.0
33798,261.0,258.0,156.0,148.0
33799,265.0,130.0,141.0,144.0
33800,262.0,89.0,147.0,164.0
33801,242.0,223.0,139.0,139.0
33802,259.0,111.0,142.0,129.0
33803,247.0,138.0,131.0,144.0
33804,249.0,190.0,144.0,139.0
33805,260.0,167.0,131.0,152.0
33806,217.0,82.0,114.0,120.0
33807,249.0,240.0,131.0,129.0
33808,283.0,148.0,161.0,155.0
33809,252.0,201.0,136.0,127.0
33810,220.0,110.0,130.0,111.0
33811,261.0,137.0,146.0,144.0
33812,246.0,137.0,142.0,131.0
33813,225.0,120.0,131.0,146.0
33814,242.0,114.0,149.0,136.0
33815,249.0,122.0,144.0,127.0
33816,249.0,119.0,135.0,137.0
33817,257.0,79.0,150.0,129.0
33818,249.0,224.0,139.0,136.0
33819,229.0,201.0,127.0,143.0
33820,250.0,222.0,128.0,135.0
33821,226.0,117.0,136.0,116.0
33822,229.0,224.0,138.0,135.0
33823,246.0,111.0,155.0,140.0
33824,245.0,90.0,145.0,140.0
33825,257.0,105.0,129.0,156.0
33826,246.0,241.0,142.0,132.0
33827,263.0,123.0,136.0,136.0
33828,237.0,85.0,135.0,139.0
33829,245.0,176.0,144.0,146.0
33830,250.0,82.0,129.0,137.0
33831,238.0,225.0,148.0,135.0
33832,256.0,88.0,150.0,162.0
33833,240.0,202.0,129.0,148.0
33834,225.0,91.0,125.0,125.0
33835,260.0,85.0,155.0,157.0
33836,259.0,231.0,139.0,156.0
33837,245.0,244.0,159.0,151.0
33838,249.0,210.0,149.0,147.0
33839,238.0,101.0,136.0,139.0
33840,270.0,106.0,134.0,153.0
33841,278.0,230.0,145.0,167.0
33842,242.0,202.0,135.0,124.0
33843,254.0,237.0,126.0,141.0
33844,251.0,87.0,133.0,151.0
33845,250.0,126.0,155.0,149.0
33846,255.0,228.0,148.0,148.0
33847,240.0,141.0,122.0,128.0
33848,242.0,108.0,126.0,138.0
33849,236.0,64.0,119.0,129.0
33850,222.0,97.0,126.0,140.0
33851,242.0,119.0,141.0,137.0
33852,252.0,220.0,145.0,143.0
33853,264.0,232.0,153.0,148.0
33854,247.0,78.0,151.0,130.0
33855,245.0,106.0,127.0,143.0
33856,238.0,92.0,123.0,121.0
33857,266.0,243.0,150.0,146.0
33858,242.0,225.0,137.0,130.0
33859,243.0,196.0,145.0,137.0
33860,252.0,205.0,143.0,133.0
33861,261.0,219.0,142.0,156.0
33862,265.0,98.0,142.0,149.0
33863,244.0,174.0,141.0,142.0
33864,236.0,124.0,115.0,121.0
33865,246.0,213.0,138.0,151.0
33866,223.0,116.0,125.0,135.0
33867,249.0,102.0,131.0,148.0
33868,257.0,99.0,134.0,138.0
33869,255.0,121.0,149.0,146.0
33870,249.0,104.0,133.0,142.0
33871,252.0,110.0,154.0,135.0
33872,271.0,94.0,142.0,150.0
33873,234.0,199.0,138.0,140.0
33874,239.0,153.0,132.0,132.0
33875,261.0,181.0,127.0,139.0
33876,269.0,94.0,135.0,153.0
33877,224.0,149.0,117.0,121.0
33878,263.0,169.0,153.0,155.0
33879,228.0,206.0,124.0,126.0
33880,259.0,152.0,141.0,148.0
33881,267.0,226.0,163.0,161.0
33882,250.0,86.0,137.0,144.0
33883,262.0,229.0,142.0,153.0
33884,239.0,119.0,159.0,142.0
33885,253.0,253.0,154.0,150.0
33886,255.0,115.0,143.0,139.0
33887,216.0,190.0,132.0,126.0
33888,256.0,216.0,130.0,143.0
33889,257.0,216.0,131.0,124.0
33890,236.0,146.0,121.0,134.0
33891,235.0,141.0,134.0,127.0
33892,243.0,210.0,129.0,134.0
33893,269.0,247.0,140.0,146.0
33894,253.0,126.0,150.0,145.0
33895,268.0,265.0,152.0,144.0
33896,270.0,189.0,151.0,158.0
33897,219.0,197.0,122.0,122.0
33898,263.0,150.0,125.0,149.0
33899,272.0,109.0,171.0,137.0
33900,239.0,86.0,139.0,153.0
33901,248.0,109.0,131.0,136.0
33902,246.0,211.0,122.0,140.0
33903,238.0,111.0,137.0,126.0
33904,271.0,80.0,145.0,147.0
33905,247.0,132.0,143.0,144.0
33906,256.0,152.0,139.0,134.0
33907,251.0,111.0,145.0,136.0
33908,236.0,149.0,139.0,129.0
33909,266.0,138.0,153.0,162.0
33910,262.0,109.0,157.0,156.0
33911,280.0,114.0,171.0,161.0
33912,241.0,141.0,138.0,130.0
33913,253.0,114.0,130.0,152.0
33914,250.0,149.0,132.0,138.0
33915,278.0,117.0,152.0,168.0
33916,264.0,227.0,147.0,158.0
33917,258.0,195.0,139.0,141.0
33918,239.0,88.0,115.0,132.0
33919,235.0,93.0,130.0,137.0
33920,240.0,92.0,155.0,152.0
33921,252.0,119.0,141.0,133.0
33922,259.0,94.0,145.0,139.0
33923,256.0,137.0,154.0,160.0
33924,221.0,110.0,133.0,128.0
33925,246.0,66.0,126.0,147.0
33926,238.0,215.0,141.0,138.0
33927,242.0,142.0,142.0,125.0
33928,255.0,224.0,140.0,149.0
33929,256.0,221.0,143.0,163.0
33930,252.0,217.0,135.0,148.0
33931,266.0,85.0,157.0,149.0
33932,251.0,119.0,134.0,133.0
33933,276.0,239.0,143.0,141.0
33934,236.0,123.0,122.0,132.0
33935,253.0,146.0,136.0,142.0
33936,228.0,200.0,118.0,136.0
33937,239.0,102.0,122.0,138.0
33938,277.0,136.0,168.0,146.0
33939,219.0,85.0,136.0,115.0
33940,258.0,250.0,148.0,155.0
33941,230.0,80.0,145.0,123.0
33942,258.0,85.0,145.0,131.0
33943,245.0,91.0,137.0,136.0
33944,264.0,175.0,164.0,157.0
33945,251.0,105.0,154.0,149.0
33946,254.0,218.0,139.0,137.0
33947,260.0,113.0,157.0,132.0
33948,246.0,85.0,149.0,128.0
33949,255.0,133.0,156.0,148.0
33950,242.0,200.0,160.0,133.0
33951,253.0,93.0,140.0,134.0
33952,231.0,90.0,125.0,128.0
33953,233.0,114.0,137.0,141.0
33954,254.0,223.0,156.0,148.0
33955,263.0,233.0,149.0,151.0
33956,239.0,90.0,135.0,142.0
33957,275.0,119.0,160.0,154.0
33958,269.0,132.0,150.0,145.0
33959,262.0,94.0,139.0,157.0
33960,263.0,110.0,156.0,152.0
33961,234.0,200.0,118.0,136.0
33962,232.0,207.0,140.0,113.0
33963,224.0,113.0,129.0,125.0
33964,246.0,240.0,138.0,135.0
33965,250.0,79.0,136.0,126.0
33966,264.0,223.0,148.0,158.0
33967,281.0,138.0,170.0,166.0
33968,247.0,110.0,139.0,144.0
33969,229.0,89.0,125.0,133.0
33970,238.0,201.0,138.0,136.0
33971,253.0,213.0,156.0,148.0
33972,243.0,192.0,133.0,131.0
33973,231.0,142.0,127.0,127.0
33974,252.0,136.0,145.0,128.0
33975,243.0,198.0,134.0,140.0
33976,242.0,218.0,127.0,140.0
33977,234.0,86.0,130.0,143.0
33978,285.0,142.0,169.0,166.0
33979,243.0,136.0,139.0,131.0
33980,258.0,125.0,142.0,150.0
33981,265.0,120.0,157.0,165.0
33982,238.0,113.0,134.0,132.0
33983,239.0,155.0,139.0,132.0
33984,241.0,59.0,148.0,140.0
33985,258.0,234.0,144.0,138.0
33986,235.0,154.0,127.0,124.0
33987,231.0,150.0,130.0,131.0
33988,225.0,127.0,124.0,135.0
33989,254.0,238.0,137.0,148.0
33990,252.0,201.0,127.0,134.0
33991,259.0,72.0,149.0,150.0
33992,267.0,73.0,156.0,155.0
33993,247.0,95.0,138.0,138.0
33994,242.0,94.0,140.0,138.0
33995,255.0,242.0,149.0,150.0
33996,235.0,222.0,147.0,125.0
33997,252.0,108.0,130.0,148.0
33998,251.0,179.0,130.0,119.0
33999,260.0,225.0,152.0,154.0
34000,240.0,122.0,126.0,146.0
34001,247.0,109.0,143.0,143.0
34002,245.0,59.0,136.0,123.0
34003,283.0,91.0,170.0,145.0
34004,229.0,150.0,122.0,107.0
34005,242.0,146.0,125.0,134.0
34006,249.0,160.0,142.0,142.0
34007,262.0,227.0,160.0,148.0
34008,256.0,138.0,136.0,148.0
34009,243.0,68.0,135.0,130.0
34010,248.0,223.0,135.0,138.0
34011,232.0,202.0,133.0,150.0
34012,240.0,210.0,132.0,138.0
34013,266.0,83.0,164.0,155.0
34014,222.0,85.0,129.0,121.0
34015,253.0,136.0,136.0,147.0
34016,246.0,210.0,143.0,137.0
34017,248.0,207.0,148.0,153.0
34018,261.0,121.0,149.0,143.0
34019,240.0,76.0,129.0,141.0
34020,248.0,109.0,131.0,137.0
34021,255.0,90.0,136.0,161.0
34022,239.0,89.0,138.0,139.0
34023,244.0,101.0,146.0,153.0
34024,265.0,231.0,136.0,153.0
34025,261.0,134.0,142.0,140.0
34026,264.0,235.0,148.0,143.0
34027,247.0,213.0,131.0,143.0
34028,241.0,194.0,138.0,154.0
34029,249.0,91.0,128.0,142.0
34030,238.0,201.0,146.0,130.0
34031,257.0,100.0,144.0,151.0
34032,242.0,131.0,137.0,140.0
34033,239.0,204.0,127.0,139.0
34034,239.0,94.0,128.0,129.0
34035,246.0,77.0,144.0,155.0
34036,274.0,97.0,162.0,153.0
34037,254.0,151.0,145.0,136.0
34038,245.0,109.0,136.0,141.0
34039,256.0,222.0,143.0,138.0
34040,249.0,224.0,139.0,143.0
34041,250.0,120.0,135.0,125.0
34042,274.0,134.0,154.0,160.0
34043,265.0,229.0,158.0,142.0
34044,257.0,83.0,147.0,130.0
34045,235.0,126.0,121.0,137.0
34046,269.0,244.0,144.0,151.0
34047,262.0,206.0,136.0,145.0
34048,246.0,93.0,144.0,130.0
34049,253.0,76.0,133.0,138.0
34050,275.0,70.0,154.0,146.0
34051,264.0,104.0,151.0,145.0
34052,241.0,91.0,124.0,140.0
34053,260.0,112.0,157.0,149.0
34054,254.0,140.0,131.0,133.0
34055,259.0,145.0,136.0,141.0
34056,243.0,135.0,132.0,137.0
34057,239.0,91.0,141.0,131.0
34058,260.0,119.0,157.0,153.0
34059,239.0,125.0,133.0,134.0
34060,251.0,92.0,142.0,131.0
34061,263.0,145.0,145.0,152.0
34062,259.0,104.0,146.0,138.0
34063,262.0,107.0,137.0,144.0
34064,251.0,137.0,137.0,142.0
34065,251.0,98.0,133.0,148.0
34066,251.0,83.0,138.0,144.0
34067,260.0,97.0,141.0,132.0
34068,239.0,94.0,131.0,123.0
34069,267.0,141.0,151.0,144.0
34070,257.0,128.0,139.0,158.0
34071,239.0,124.0,143.0,141.0
34072,226.0,76.0,123.0,127.0
34073,262.0,99.0,152.0,152.0
34074,253.0,246.0,147.0,141.0
34075,244.0,110.0,147.0,137.0
34076,251.0,211.0,133.0,129.0
34077,222.0,163.0,116.0,125.0
34078,231.0,134.0,119.0,131.0
34079,260.0,99.0,131.0,147.0
34080,267.0,103.0,159.0,144.0
34081,262.0,77.0,138.0,140.0
34082,243.0,83.0,139.0,147.0
34083,242.0,225.0,144.0,135.0
34084,249.0,126.0,145.0,146.0
34085,271.0,109.0,155.0,153.0
34086,260.0,92.0,147.0,123.0
34087,243.0,216.0,137.0,137.0
34088,279.0,252.0,142.0,156.0
34089,282.0,154.0,164.0,162.0
34090,270.0,112.0,164.0,141.0
34091,255.0,210.0,137.0,164.0
34092,271.0,78.0,146.0,135.0
34093,246.0,109.0,149.0,116.0
34094,252.0,216.0,151.0,145.0
34095,244.0,215.0,140.0,127.0
34096,235.0,183.0,136.0,131.0
34097,254.0,123.0,140.0,131.0
34098,233.0,110.0,124.0,145.0
34099,245.0,207.0,131.0,131.0
34100,266.0,142.0,151.0,149.0
34101,237.0,195.0,127.0,129.0
34102,265.0,223.0,143.0,149.0
34103,278.0,249.0,162.0,163.0
34104,268.0,107.0,151.0,124.0
34105,234.0,206.0,120.0,140.0
34106,248.0,211.0,135.0,134.0
34107,248.0,247.0,142.0,142.0
34108,238.0,207.0,140.0,139.0
34109,239.0,94.0,140.0,137.0
34110,252.0,215.0,152.0,151.0
34111,271.0,119.0,154.0,140.0
34112,231.0,83.0,127.0,124.0
34113,224.0,104.0,115.0,128.0
34114,248.0,226.0,137.0,134.0
34115,271.0,249.0,158.0,168.0
34116,239.0,221.0,131.0,124.0
34117,239.0,229.0,130.0,143.0
34118,236.0,116.0,133.0,121.0
34119,225.0,135.0,122.0,130.0
34120,240.0,215.0,121.0,130.0
34121,260.0,86.0,144.0,143.0
34122,245.0,243.0,136.0,140.0
34123,243.0,154.0,136.0,137.0
34124,258.0,233.0,133.0,131.0
34125,241.0,202.0,133.0,128.0
34126,256.0,218.0,117.0,164.0
34127,249.0,136.0,150.0,133.0
34128,262.0,107.0,156.0,145.0
34129,243.0,219.0,135.0,133.0
34130,262.0,146.0,155.0,146.0
34131,250.0,97.0,147.0,143.0
34132,248.0,95.0,124.0,157.0
34133,223.0,193.0,123.0,120.0
34134,253.0,161.0,131.0,148.0
34135,275.0,85.0,158.0,154.0
34136,238.0,103.0,116.0,133.0
34137,246.0,111.0,135.0,139.0
34138,258.0,70.0,155.0,140.0
34139,231.0,171.0,107.0,133.0
34140,242.0,197.0,146.0,144.0
34141,246.0,231.0,129.0,144.0
34142,255.0,125.0,145.0,143.0
34143,257.0,209.0,147.0,149.0
34144,264.0,253.0,140.0,150.0
34145,260.0,227.0,144.0,145.0
34146,260.0,121.0,153.0,148.0
34147,267.0,221.0,155.0,149.0
34148,249.0,203.0,132.0,144.0
34149,266.0,129.0,148.0,145.0
34150,236.0,196.0,116.0,130.0
34151,247.0,228.0,157.0,140.0
34152,250.0,96.0,136.0,148.0
34153,247.0,242.0,135.0,135.0
34154,260.0,131.0,151.0,162.0
34155,235.0,172.0,138.0,134.0
34156,230.0,215.0,123.0,115.0
34157,252.0,237.0,132.0,128.0
34158,266.0,96.0,147.0,150.0
34159,243.0,66.0,131.0,122.0
34160,249.0,148.0,135.0,144.0
34161,247.0,243.0,146.0,153.0
34162,236.0,93.0,129.0,135.0
34163,223.0,195.0,133.0,144.0
34164,245.0,97.0,149.0,151.0
34165,245.0,60.0,139.0,148.0
34166,245.0,241.0,127.0,136.0
34167,267.0,131.0,143.0,162.0
34168,265.0,120.0,143.0,149.0
34169,246.0,52.0,135.0,145.0
34170,256.0,125.0,147.0,147.0
34171,240.0,150.0,128.0,130.0
34172,242.0,233.0,143.0,137.0
34173,247.0,80.0,145.0,137.0
34174,264.0,252.0,152.0,137.0
34175,284.0,95.0,152.0,160.0
34176,234.0,103.0,116.0,131.0
34177,231.0,111.0,121.0,139.0
34178,246.0,213.0,130.0,144.0
34179,267.0,229.0,149.0,154.0
34180,258.0,183.0,123.0,144.0
34181,258.0,167.0,130.0,138.0
34182,232.0,147.0,138.0,130.0
34183,271.0,133.0,138.0,143.0
34184,228.0,109.0,123.0,125.0
34185,243.0,228.0,139.0,151.0
34186,219.0,117.0,108.0,120.0
34187,255.0,222.0,139.0,141.0
34188,267.0,127.0,143.0,147.0
34189,252.0,159.0,150.0,133.0
34190,219.0,129.0,126.0,121.0
34191,219.0,207.0,121.0,114.0
34192,246.0,234.0,137.0,139.0
34193,245.0,237.0,132.0,127.0
34194,239.0,107.0,137.0,143.0
34195,236.0,107.0,129.0,133.0
34196,286.0,128.0,151.0,151.0
34197,241.0,136.0,125.0,140.0
34198,270.0,117.0,152.0,145.0
34199,260.0,225.0,130.0,147.0
34200,233.0,106.0,126.0,123.0
34201,267.0,104.0,154.0,150.0
34202,242.0,104.0,118.0,131.0
34203,255.0,128.0,128.0,131.0
34204,254.0,107.0,149.0,153.0
34205,252.0,222.0,139.0,143.0
34206,272.0,71.0,161.0,149.0
34207,235.0,228.0,131.0,123.0
34208,259.0,101.0,137.0,138.0
34209,235.0,148.0,133.0,119.0
34210,268.0,230.0,151.0,147.0
34211,257.0,256.0,141.0,151.0
34212,256.0,136.0,153.0,139.0
34213,245.0,211.0,123.0,126.0
34214,264.0,260.0,152.0,146.0
34215,225.0,93.0,121.0,130.0
34216,239.0,105.0,122.0,120.0
34217,265.0,243.0,144.0,154.0
34218,237.0,120.0,129.0,122.0
34219,260.0,257.0,154.0,152.0
34220,239.0,100.0,127.0,132.0
34221,247.0,216.0,143.0,149.0
34222,262.0,49.0,152.0,140.0
34223,256.0,154.0,144.0,146.0
34224,239.0,114.0,135.0,132.0
34225,230.0,230.0,126.0,155.0
34226,214.0,214.0,122.0,120.0
34227,244.0,108.0,140.0,145.0
34228,227.0,61.0,129.0,135.0
34229,251.0,209.0,152.0,140.0
34230,255.0,172.0,160.0,150.0
34231,255.0,222.0,156.0,153.0
34232,246.0,180.0,138.0,153.0
34233,251.0,223.0,132.0,129.0
34234,232.0,120.0,131.0,133.0
34235,269.0,202.0,136.0,147.0
34236,251.0,247.0,133.0,145.0
34237,268.0,108.0,147.0,151.0
34238,269.0,147.0,162.0,143.0
34239,254.0,112.0,148.0,143.0
34240,246.0,69.0,138.0,125.0
34241,239.0,202.0,134.0,139.0
34242,257.0,220.0,133.0,150.0
34243,262.0,65.0,147.0,148.0
34244,240.0,116.0,133.0,127.0
34245,254.0,129.0,137.0,130.0
34246,261.0,222.0,139.0,131.0
34247,257.0,118.0,142.0,141.0
34248,228.0,63.0,140.0,133.0
34249,234.0,120.0,121.0,133.0
34250,265.0,120.0,151.0,155.0
34251,275.0,238.0,163.0,158.0
34252,254.0,92.0,148.0,141.0
34253,257.0,155.0,124.0,134.0
34254,238.0,237.0,150.0,132.0
34255,241.0,194.0,131.0,148.0
34256,227.0,101.0,124.0,117.0
34257,267.0,218.0,137.0,152.0
34258,235.0,74.0,123.0,140.0
34259,256.0,245.0,154.0,142.0
34260,250.0,106.0,131.0,139.0
34261,256.0,218.0,158.0,131.0
34262,247.0,209.0,141.0,158.0
34263,266.0,239.0,152.0,138.0
34264,238.0,111.0,135.0,128.0
34265,232.0,92.0,136.0,132.0
34266,275.0,116.0,162.0,156.0
34267,231.0,146.0,127.0,135.0
34268,266.0,141.0,137.0,149.0
34269,249.0,55.0,146.0,136.0
34270,243.0,85.0,150.0,145.0
34271,253.0,100.0,137.0,135.0
34272,237.0,127.0,122.0,134.0
34273,259.0,222.0,144.0,149.0
34274,248.0,211.0,146.0,136.0
34275,271.0,162.0,153.0,152.0
34276,267.0,99.0,170.0,132.0
34277,249.0,140.0,135.0,141.0
34278,255.0,145.0,147.0,147.0
34279,246.0,192.0,133.0,141.0
34280,241.0,97.0,147.0,136.0
34281,245.0,218.0,126.0,134.0
34282,240.0,205.0,144.0,132.0
34283,262.0,233.0,143.0,150.0
34284,246.0,104.0,135.0,140.0
34285,250.0,138.0,142.0,134.0
34286,235.0,129.0,141.0,127.0
34287,261.0,229.0,152.0,147.0
34288,263.0,222.0,162.0,149.0
34289,278.0,241.0,144.0,150.0
34290,258.0,123.0,143.0,134.0
34291,257.0,150.0,140.0,148.0
34292,258.0,226.0,145.0,134.0
34293,254.0,221.0,137.0,129.0
34294,251.0,216.0,144.0,143.0
34295,254.0,123.0,141.0,147.0
34296,246.0,214.0,147.0,130.0
34297,250.0,93.0,118.0,140.0
34298,243.0,210.0,134.0,143.0
34299,237.0,118.0,133.0,137.0
34300,249.0,90.0,156.0,128.0
34301,265.0,111.0,144.0,159.0
34302,248.0,82.0,138.0,146.0
34303,248.0,70.0,143.0,138.0
34304,231.0,87.0,135.0,139.0
34305,251.0,107.0,140.0,129.0
34306,250.0,103.0,155.0,136.0
34307,249.0,222.0,129.0,143.0
34308,259.0,148.0,147.0,152.0
34309,252.0,129.0,153.0,140.0
34310,238.0,138.0,140.0,129.0
34311,261.0,112.0,150.0,156.0
34312,256.0,222.0,150.0,136.0
34313,243.0,216.0,148.0,124.0
34314,262.0,115.0,155.0,146.0
34315,262.0,149.0,164.0,149.0
34316,254.0,109.0,132.0,138.0
34317,269.0,238.0,139.0,143.0
34318,232.0,119.0,132.0,126.0
34319,247.0,99.0,142.0,135.0
34320,252.0,250.0,141.0,139.0
34321,244.0,210.0,143.0,139.0
34322,263.0,227.0,158.0,150.0
34323,267.0,84.0,132.0,136.0
34324,285.0,165.0,138.0,150.0
34325,267.0,140.0,148.0,153.0
34326,280.0,83.0,144.0,156.0
34327,250.0,209.0,135.0,146.0
34328,251.0,219.0,134.0,139.0
34329,265.0,225.0,148.0,164.0
34330,262.0,237.0,137.0,151.0
34331,270.0,127.0,138.0,160.0
34332,267.0,145.0,145.0,155.0
34333,262.0,114.0,134.0,135.0
34334,258.0,236.0,143.0,135.0
34335,256.0,98.0,148.0,128.0
34336,241.0,118.0,145.0,138.0
34337,259.0,249.0,144.0,136.0
34338,238.0,88.0,127.0,146.0
34339,244.0,209.0,132.0,128.0
34340,248.0,136.0,146.0,122.0
34341,266.0,118.0,145.0,158.0
34342,258.0,215.0,150.0,159.0
34343,259.0,92.0,142.0,148.0
34344,277.0,244.0,168.0,175.0
34345,229.0,192.0,141.0,116.0
34346,234.0,123.0,130.0,139.0
34347,223.0,87.0,116.0,132.0
34348,268.0,161.0,141.0,150.0
34349,279.0,232.0,158.0,163.0
34350,243.0,121.0,146.0,129.0
34351,252.0,215.0,137.0,134.0
34352,249.0,102.0,140.0,141.0
34353,271.0,160.0,155.0,148.0
34354,224.0,83.0,128.0,130.0
34355,263.0,233.0,150.0,158.0
34356,272.0,236.0,151.0,146.0
34357,249.0,195.0,130.0,121.0
34358,250.0,109.0,125.0,142.0
34359,252.0,84.0,141.0,150.0
34360,240.0,131.0,131.0,131.0
34361,236.0,133.0,153.0,132.0
34362,248.0,218.0,135.0,136.0
34363,261.0,109.0,148.0,142.0
34364,252.0,129.0,155.0,136.0
34365,260.0,120.0,154.0,162.0
34366,273.0,124.0,154.0,153.0
34367,252.0,215.0,133.0,137.0
34368,254.0,124.0,146.0,142.0
34369,260.0,221.0,150.0,147.0
34370,247.0,113.0,141.0,146.0
34371,241.0,107.0,127.0,140.0
34372,241.0,132.0,134.0,127.0
34373,233.0,224.0,140.0,128.0
34374,249.0,127.0,154.0,147.0
34375,246.0,210.0,136.0,127.0
34376,229.0,91.0,126.0,126.0
34377,234.0,138.0,129.0,143.0
34378,256.0,72.0,157.0,162.0
34379,250.0,131.0,143.0,133.0
34380,251.0,118.0,144.0,138.0
34381,232.0,153.0,124.0,135.0
34382,254.0,103.0,150.0,135.0
34383,255.0,152.0,136.0,147.0
34384,240.0,132.0,132.0,135.0
34385,263.0,249.0,148.0,141.0
34386,242.0,154.0,126.0,143.0
34387,228.0,147.0,129.0,129.0
34388,250.0,216.0,139.0,142.0
34389,285.0,251.0,151.0,150.0
34390,249.0,207.0,147.0,146.0
34391,257.0,138.0,151.0,135.0
34392,271.0,88.0,136.0,156.0
34393,242.0,238.0,136.0,141.0
34394,244.0,84.0,130.0,131.0
34395,228.0,66.0,123.0,120.0
34396,240.0,125.0,135.0,144.0
34397,232.0,124.0,139.0,119.0
34398,227.0,89.0,130.0,133.0
34399,263.0,104.0,150.0,150.0
34400,237.0,209.0,133.0,133.0
34401,248.0,197.0,141.0,132.0
34402,262.0,254.0,163.0,143.0
34403,261.0,114.0,151.0,144.0
34404,268.0,121.0,155.0,139.0
34405,250.0,249.0,140.0,132.0
34406,227.0,82.0,133.0,123.0
34407,252.0,90.0,138.0,127.0
34408,258.0,136.0,133.0,142.0
34409,242.0,201.0,146.0,139.0
34410,243.0,74.0,140.0,129.0
34411,243.0,227.0,124.0,139.0
34412,245.0,97.0,123.0,135.0
34413,254.0,145.0,132.0,147.0
34414,246.0,241.0,152.0,144.0
34415,253.0,173.0,149.0,136.0
34416,261.0,115.0,152.0,140.0
34417,255.0,111.0,144.0,157.0
34418,253.0,224.0,150.0,143.0
34419,250.0,114.0,136.0,133.0
34420,231.0,194.0,127.0,116.0
34421,230.0,206.0,130.0,131.0
34422,267.0,141.0,142.0,141.0
34423,260.0,102.0,148.0,151.0
34424,262.0,132.0,148.0,146.0
34425,260.0,117.0,129.0,151.0
34426,236.0,80.0,146.0,145.0
34427,251.0,101.0,144.0,148.0
34428,242.0,74.0,136.0,139.0
34429,245.0,117.0,129.0,131.0
34430,268.0,104.0,149.0,156.0
34431,246.0,111.0,145.0,138.0
34432,270.0,105.0,169.0,151.0
34433,248.0,119.0,144.0,139.0
34434,236.0,122.0,123.0,133.0
34435,234.0,133.0,139.0,126.0
34436,242.0,210.0,129.0,136.0
34437,247.0,65.0,140.0,141.0
34438,265.0,159.0,155.0,143.0
34439,235.0,144.0,137.0,143.0
34440,227.0,123.0,127.0,122.0
34441,237.0,216.0,133.0,155.0
34442,263.0,224.0,144.0,161.0
34443,252.0,79.0,144.0,151.0
34444,236.0,193.0,129.0,126.0
34445,232.0,74.0,127.0,141.0
34446,265.0,232.0,143.0,152.0
34447,237.0,121.0,143.0,142.0
34448,257.0,141.0,144.0,145.0
34449,247.0,105.0,132.0,139.0
34450,257.0,65.0,133.0,159.0
34451,255.0,140.0,147.0,147.0
34452,247.0,162.0,143.0,121.0
34453,258.0,99.0,131.0,155.0
34454,245.0,202.0,126.0,144.0
34455,228.0,96.0,122.0,109.0
34456,238.0,116.0,126.0,127.0
34457,261.0,122.0,147.0,140.0
34458,251.0,134.0,142.0,137.0
34459,238.0,215.0,144.0,127.0
34460,230.0,50.0,141.0,115.0
34461,235.0,87.0,131.0,133.0
34462,263.0,87.0,135.0,146.0
34463,238.0,60.0,127.0,122.0
34464,229.0,226.0,145.0,133.0
34465,251.0,137.0,148.0,133.0
34466,270.0,177.0,144.0,155.0
34467,239.0,92.0,109.0,125.0
34468,239.0,80.0,137.0,135.0
34469,224.0,193.0,129.0,116.0
34470,272.0,154.0,158.0,149.0
34471,249.0,215.0,150.0,126.0
34472,244.0,152.0,141.0,116.0
34473,267.0,91.0,152.0,159.0
34474,268.0,266.0,155.0,131.0
34475,278.0,145.0,140.0,150.0
34476,251.0,123.0,145.0,142.0
34477,235.0,108.0,123.0,135.0
34478,246.0,217.0,139.0,137.0
34479,246.0,138.0,139.0,154.0
34480,259.0,129.0,157.0,149.0
34481,240.0,118.0,115.0,138.0
34482,264.0,241.0,144.0,134.0
34483,258.0,68.0,151.0,157.0
34484,257.0,232.0,157.0,142.0
34485,286.0,102.0,156.0,150.0
34486,240.0,112.0,143.0,132.0
34487,247.0,103.0,137.0,121.0
34488,242.0,73.0,123.0,146.0
34489,233.0,47.0,124.0,131.0
34490,263.0,112.0,148.0,160.0
34491,249.0,219.0,128.0,138.0
34492,251.0,113.0,156.0,127.0
34493,254.0,152.0,155.0,148.0
34494,250.0,96.0,145.0,149.0
34495,239.0,109.0,130.0,134.0
34496,264.0,165.0,151.0,145.0
34497,255.0,142.0,132.0,147.0
34498,238.0,195.0,135.0,132.0
34499,259.0,215.0,144.0,137.0
34500,246.0,129.0,153.0,146.0
34501,253.0,101.0,145.0,139.0
34502,255.0,220.0,154.0,143.0
34503,228.0,111.0,128.0,119.0
34504,253.0,75.0,135.0,136.0
34505,245.0,125.0,144.0,144.0
34506,247.0,218.0,141.0,136.0
34507,262.0,233.0,144.0,152.0
34508,262.0,256.0,157.0,143.0
34509,259.0,145.0,145.0,138.0
34510,253.0,116.0,154.0,140.0
34511,225.0,109.0,122.0,128.0
34512,267.0,266.0,164.0,142.0
34513,242.0,240.0,135.0,129.0
34514,274.0,186.0,155.0,157.0
34515,261.0,236.0,127.0,150.0
34516,269.0,112.0,165.0,139.0
34517,263.0,98.0,145.0,147.0
34518,229.0,123.0,138.0,133.0
34519,243.0,234.0,137.0,135.0
34520,253.0,113.0,149.0,146.0
34521,243.0,113.0,133.0,135.0
34522,262.0,115.0,157.0,147.0
34523,228.0,203.0,125.0,133.0
34524,245.0,117.0,142.0,136.0
34525,242.0,140.0,139.0,142.0
34526,263.0,133.0,157.0,143.0
34527,265.0,239.0,157.0,149.0
34528,249.0,88.0,135.0,138.0
34529,257.0,247.0,134.0,147.0
34530,246.0,206.0,136.0,134.0
34531,260.0,208.0,157.0,149.0
34532,235.0,111.0,140.0,123.0
34533,243.0,217.0,123.0,139.0
34534,257.0,102.0,142.0,152.0
34535,245.0,128.0,137.0,136.0
34536,279.0,239.0,169.0,151.0
34537,242.0,100.0,148.0,133.0
34538,252.0,243.0,147.0,136.0
34539,272.0,93.0,152.0,145.0
34540,248.0,102.0,140.0,141.0
34541,232.0,98.0,136.0,136.0
34542,258.0,234.0,143.0,151.0
34543,238.0,86.0,142.0,135.0
34544,254.0,244.0,141.0,143.0
34545,246.0,244.0,148.0,145.0
34546,241.0,241.0,139.0,129.0
34547,253.0,94.0,142.0,135.0
34548,248.0,118.0,146.0,135.0
34549,248.0,202.0,135.0,142.0
34550,243.0,216.0,143.0,139.0
34551,248.0,92.0,149.0,143.0
34552,250.0,241.0,146.0,128.0
34553,257.0,141.0,162.0,146.0
34554,239.0,110.0,128.0,135.0
34555,242.0,218.0,132.0,130.0
34556,250.0,141.0,131.0,126.0
34557,276.0,242.0,161.0,143.0
34558,254.0,218.0,129.0,149.0
34559,235.0,123.0,131.0,125.0
34560,258.0,208.0,134.0,158.0
34561,262.0,225.0,140.0,147.0
34562,255.0,218.0,149.0,139.0
34563,242.0,145.0,144.0,139.0
34564,249.0,109.0,137.0,157.0
34565,256.0,208.0,153.0,134.0
34566,234.0,115.0,129.0,135.0
34567,260.0,234.0,135.0,160.0
34568,257.0,213.0,139.0,146.0
34569,257.0,94.0,153.0,137.0
34570,229.0,112.0,134.0,129.0
34571,246.0,151.0,134.0,134.0
34572,252.0,252.0,138.0,137.0
34573,223.0,213.0,134.0,123.0
34574,242.0,129.0,152.0,136.0
34575,283.0,133.0,176.0,164.0
34576,231.0,111.0,140.0,134.0
34577,235.0,65.0,143.0,134.0
34578,257.0,116.0,150.0,138.0
34579,270.0,75.0,149.0,145.0
34580,248.0,136.0,143.0,139.0
34581,262.0,222.0,143.0,141.0
34582,268.0,98.0,177.0,150.0
34583,229.0,223.0,140.0,139.0
34584,222.0,185.0,127.0,118.0
34585,247.0,210.0,154.0,133.0
34586,236.0,143.0,134.0,131.0
34587,238.0,204.0,140.0,137.0
34588,256.0,80.0,151.0,149.0
34589,245.0,106.0,137.0,130.0
34590,273.0,222.0,164.0,148.0
34591,264.0,170.0,156.0,148.0
34592,248.0,95.0,137.0,134.0
34593,252.0,106.0,125.0,133.0
34594,259.0,89.0,136.0,153.0
34595,236.0,218.0,150.0,122.0
34596,256.0,130.0,155.0,150.0
34597,235.0,130.0,115.0,143.0
34598,243.0,152.0,142.0,128.0
34599,249.0,231.0,144.0,134.0
34600,245.0,162.0,137.0,129.0
34601,284.0,68.0,169.0,161.0
34602,253.0,110.0,142.0,146.0
34603,253.0,113.0,143.0,135.0
34604,249.0,119.0,141.0,140.0
34605,236.0,231.0,132.0,117.0
34606,258.0,253.0,164.0,142.0
34607,270.0,233.0,147.0,159.0
34608,233.0,139.0,128.0,119.0
34609,249.0,118.0,145.0,136.0
34610,261.0,127.0,142.0,133.0
34611,262.0,116.0,151.0,141.0
34612,250.0,220.0,137.0,148.0
34613,261.0,235.0,139.0,134.0
34614,248.0,148.0,138.0,145.0
34615,259.0,73.0,155.0,136.0
34616,245.0,59.0,130.0,136.0
34617,273.0,266.0,165.0,150.0
34618,248.0,197.0,127.0,140.0
34619,228.0,177.0,123.0,127.0
34620,261.0,206.0,162.0,157.0
34621,256.0,86.0,158.0,161.0
34622,242.0,218.0,133.0,141.0
34623,235.0,100.0,134.0,124.0
34624,245.0,93.0,145.0,128.0
34625,248.0,205.0,167.0,135.0
34626,245.0,126.0,128.0,141.0
34627,272.0,135.0,163.0,136.0
34628,229.0,86.0,121.0,131.0
34629,231.0,181.0,129.0,134.0
34630,248.0,208.0,125.0,142.0
34631,278.0,237.0,151.0,140.0
34632,256.0,85.0,147.0,156.0
34633,249.0,244.0,132.0,148.0
34634,248.0,182.0,142.0,146.0
34635,227.0,194.0,132.0,122.0
34636,236.0,79.0,127.0,129.0
34637,261.0,115.0,153.0,142.0
34638,258.0,88.0,141.0,139.0
34639,239.0,84.0,155.0,130.0
34640,256.0,219.0,147.0,153.0
34641,250.0,149.0,154.0,144.0
34642,251.0,215.0,132.0,134.0
34643,232.0,176.0,146.0,124.0
34644,247.0,120.0,139.0,126.0
34645,252.0,100.0,144.0,153.0
34646,257.0,86.0,127.0,150.0
34647,268.0,157.0,157.0,155.0
34648,245.0,235.0,150.0,149.0
34649,255.0,99.0,141.0,149.0
34650,232.0,197.0,146.0,127.0
34651,259.0,219.0,139.0,157.0
34652,263.0,203.0,127.0,145.0
34653,229.0,200.0,140.0,134.0
34654,232.0,112.0,146.0,139.0
34655,236.0,136.0,112.0,122.0
34656,247.0,163.0,141.0,130.0
34657,274.0,92.0,158.0,153.0
34658,244.0,147.0,150.0,149.0
34659,256.0,122.0,137.0,128.0
34660,278.0,168.0,155.0,147.0
34661,249.0,221.0,137.0,143.0
34662,241.0,122.0,121.0,124.0
34663,257.0,233.0,143.0,145.0
34664,256.0,109.0,129.0,133.0
34665,245.0,212.0,128.0,137.0
34666,242.0,123.0,132.0,125.0
34667,247.0,209.0,130.0,155.0
34668,249.0,105.0,138.0,144.0
34669,257.0,211.0,148.0,132.0
34670,259.0,232.0,135.0,157.0
34671,236.0,139.0,127.0,134.0
34672,258.0,135.0,134.0,149.0
34673,254.0,190.0,129.0,158.0
34674,220.0,214.0,136.0,130.0
34675,249.0,146.0,119.0,145.0
34676,227.0,104.0,131.0,125.0
34677,230.0,213.0,124.0,129.0
34678,275.0,78.0,155.0,151.0
34679,227.0,192.0,123.0,124.0
34680,274.0,146.0,144.0,157.0
34681,261.0,116.0,127.0,143.0
34682,257.0,218.0,154.0,146.0
34683,259.0,95.0,136.0,153.0
34684,241.0,126.0,123.0,127.0
34685,239.0,198.0,141.0,146.0
34686,236.0,210.0,139.0,127.0
34687,234.0,157.0,126.0,124.0
34688,264.0,77.0,152.0,149.0
34689,280.0,239.0,151.0,150.0
34690,240.0,85.0,132.0,134.0
34691,239.0,120.0,120.0,139.0
34692,252.0,249.0,138.0,147.0
34693,254.0,159.0,147.0,122.0
34694,253.0,246.0,139.0,140.0
34695,252.0,223.0,148.0,136.0
34696,239.0,93.0,151.0,143.0
34697,241.0,200.0,133.0,131.0
34698,237.0,210.0,136.0,138.0
34699,243.0,153.0,136.0,123.0
34700,256.0,125.0,158.0,143.0
34701,262.0,262.0,161.0,165.0
34702,243.0,101.0,135.0,146.0
34703,235.0,124.0,128.0,136.0
34704,246.0,119.0,140.0,145.0
34705,232.0,88.0,113.0,125.0
34706,248.0,83.0,166.0,140.0
34707,279.0,93.0,162.0,157.0
34708,246.0,218.0,145.0,146.0
34709,255.0,209.0,153.0,136.0
34710,258.0,218.0,146.0,147.0
34711,261.0,115.0,150.0,157.0
34712,269.0,107.0,153.0,168.0
34713,245.0,104.0,145.0,144.0
34714,262.0,122.0,145.0,138.0
34715,263.0,135.0,149.0,154.0
34716,256.0,82.0,143.0,149.0
34717,243.0,205.0,123.0,129.0
34718,275.0,238.0,145.0,158.0
34719,270.0,260.0,146.0,172.0
34720,269.0,242.0,155.0,155.0
34721,270.0,128.0,153.0,157.0
34722,239.0,115.0,128.0,137.0
34723,256.0,101.0,150.0,155.0
34724,222.0,188.0,130.0,129.0
34725,251.0,214.0,154.0,147.0
34726,258.0,144.0,154.0,138.0
34727,256.0,116.0,137.0,133.0
34728,244.0,94.0,144.0,134.0
34729,259.0,138.0,151.0,146.0
34730,267.0,236.0,146.0,152.0
34731,271.0,109.0,153.0,143.0
34732,249.0,239.0,146.0,138.0
34733,257.0,97.0,158.0,140.0
34734,238.0,112.0,122.0,126.0
34735,241.0,129.0,115.0,130.0
34736,241.0,95.0,140.0,127.0
34737,255.0,115.0,129.0,143.0
34738,255.0,155.0,138.0,152.0
34739,254.0,117.0,141.0,141.0
34740,212.0,97.0,118.0,131.0
34741,266.0,118.0,144.0,140.0
34742,231.0,206.0,114.0,136.0
34743,240.0,222.0,140.0,133.0
34744,254.0,74.0,142.0,124.0
34745,258.0,128.0,154.0,140.0
34746,251.0,216.0,137.0,136.0
34747,235.0,81.0,128.0,131.0
34748,263.0,208.0,148.0,150.0
34749,237.0,207.0,148.0,140.0
34750,245.0,199.0,142.0,144.0
34751,252.0,175.0,150.0,155.0
34752,250.0,198.0,122.0,135.0
34753,255.0,220.0,137.0,135.0
34754,259.0,73.0,155.0,134.0
34755,267.0,107.0,154.0,159.0
34756,242.0,91.0,145.0,142.0
34757,273.0,113.0,160.0,146.0
34758,252.0,111.0,142.0,134.0
34759,229.0,96.0,131.0,120.0
34760,255.0,226.0,144.0,161.0
34761,236.0,93.0,124.0,144.0
34762,234.0,131.0,132.0,133.0
34763,217.0,118.0,119.0,128.0
34764,244.0,161.0,147.0,125.0
34765,231.0,203.0,133.0,131.0
34766,225.0,225.0,135.0,115.0
34767,258.0,121.0,133.0,152.0
34768,272.0,133.0,136.0,152.0
34769,246.0,120.0,138.0,138.0
34770,235.0,233.0,149.0,131.0
34771,273.0,271.0,154.0,154.0
34772,255.0,220.0,158.0,128.0
34773,247.0,135.0,137.0,135.0
34774,249.0,110.0,150.0,149.0
34775,233.0,86.0,140.0,134.0
34776,266.0,77.0,148.0,138.0
34777,243.0,109.0,140.0,137.0
34778,240.0,109.0,146.0,138.0
34779,242.0,125.0,113.0,134.0
34780,242.0,116.0,129.0,139.0
34781,267.0,174.0,151.0,134.0
34782,254.0,134.0,150.0,150.0
34783,251.0,228.0,149.0,145.0
34784,249.0,127.0,136.0,146.0
34785,258.0,74.0,139.0,145.0
34786,257.0,219.0,152.0,140.0
34787,253.0,126.0,154.0,152.0
34788,242.0,199.0,117.0,128.0
34789,249.0,131.0,157.0,130.0
34790,242.0,57.0,155.0,129.0
34791,228.0,132.0,124.0,128.0
34792,260.0,96.0,137.0,154.0
34793,236.0,195.0,130.0,147.0
34794,235.0,189.0,146.0,136.0
34795,267.0,110.0,163.0,143.0
34796,236.0,126.0,120.0,130.0
34797,247.0,222.0,138.0,137.0
34798,251.0,78.0,134.0,142.0
34799,249.0,80.0,158.0,137.0
34800,230.0,83.0,133.0,143.0
34801,233.0,207.0,131.0,134.0
34802,257.0,97.0,148.0,137.0
34803,253.0,158.0,156.0,154.0
34804,252.0,120.0,123.0,154.0
34805,254.0,104.0,142.0,133.0
34806,248.0,113.0,135.0,141.0
34807,264.0,86.0,158.0,147.0
34808,270.0,159.0,162.0,141.0
34809,258.0,182.0,138.0,138.0
34810,258.0,137.0,157.0,146.0
34811,244.0,214.0,143.0,132.0
34812,230.0,71.0,122.0,123.0
34813,241.0,207.0,134.0,146.0
34814,239.0,146.0,131.0,126.0
34815,236.0,105.0,130.0,145.0
34816,238.0,149.0,131.0,132.0
34817,253.0,195.0,159.0,153.0
34818,246.0,146.0,133.0,145.0
34819,235.0,196.0,137.0,134.0
34820,269.0,248.0,149.0,153.0
34821,254.0,220.0,139.0,154.0
34822,269.0,222.0,144.0,139.0
34823,235.0,75.0,136.0,136.0
34824,243.0,122.0,122.0,126.0
34825,282.0,151.0,152.0,155.0
34826,246.0,212.0,129.0,143.0
34827,245.0,215.0,137.0,124.0
34828,253.0,179.0,152.0,141.0
34829,270.0,101.0,153.0,169.0
34830,254.0,81.0,149.0,143.0
34831,238.0,147.0,123.0,136.0
34832,251.0,187.0,138.0,142.0
34833,230.0,147.0,127.0,119.0
34834,263.0,253.0,141.0,155.0
34835,252.0,208.0,155.0,139.0
34836,253.0,138.0,133.0,138.0
34837,263.0,118.0,149.0,158.0
34838,249.0,94.0,126.0,139.0
34839,265.0,122.0,149.0,151.0
34840,245.0,175.0,135.0,133.0
34841,227.0,108.0,124.0,122.0
34842,255.0,99.0,153.0,140.0
34843,241.0,117.0,119.0,136.0
34844,260.0,119.0,143.0,152.0
34845,227.0,112.0,129.0,126.0
34846,234.0,113.0,119.0,136.0
34847,253.0,213.0,136.0,146.0
34848,230.0,202.0,124.0,116.0
34849,241.0,232.0,133.0,139.0
34850,239.0,115.0,131.0,125.0
34851,256.0,117.0,140.0,148.0
34852,252.0,92.0,146.0,147.0
34853,262.0,78.0,155.0,149.0
34854,259.0,112.0,157.0,145.0
34855,242.0,192.0,129.0,139.0
34856,231.0,221.0,133.0,152.0
34857,249.0,79.0,142.0,155.0
34858,251.0,111.0,121.0,125.0
34859,268.0,134.0,158.0,156.0
34860,216.0,99.0,146.0,124.0
34861,232.0,142.0,118.0,137.0
34862,228.0,225.0,132.0,119.0
34863,259.0,131.0,131.0,138.0
34864,264.0,108.0,141.0,147.0
34865,242.0,104.0,149.0,128.0
34866,239.0,239.0,145.0,131.0
34867,251.0,251.0,155.0,149.0
34868,254.0,107.0,144.0,136.0
34869,253.0,227.0,144.0,146.0
34870,252.0,222.0,154.0,127.0
34871,243.0,151.0,132.0,133.0
34872,244.0,98.0,140.0,141.0
34873,255.0,148.0,131.0,150.0
34874,229.0,110.0,139.0,137.0
34875,238.0,90.0,125.0,130.0
34876,237.0,83.0,146.0,135.0
34877,248.0,204.0,141.0,145.0
34878,245.0,112.0,138.0,145.0
34879,262.0,178.0,140.0,152.0
34880,259.0,85.0,150.0,153.0
34881,228.0,198.0,144.0,133.0
34882,228.0,132.0,131.0,123.0
34883,263.0,243.0,145.0,145.0
34884,260.0,222.0,142.0,151.0
34885,267.0,245.0,139.0,144.0
34886,265.0,262.0,158.0,154.0
34887,262.0,75.0,139.0,147.0
34888,273.0,100.0,153.0,145.0
34889,275.0,96.0,158.0,147.0
34890,273.0,89.0,152.0,144.0
34891,280.0,271.0,150.0,152.0
34892,256.0,130.0,144.0,141.0
34893,262.0,180.0,139.0,149.0
34894,247.0,202.0,139.0,142.0
34895,256.0,223.0,133.0,151.0
34896,239.0,130.0,127.0,131.0
34897,242.0,199.0,120.0,140.0
34898,249.0,126.0,124.0,151.0
34899,257.0,125.0,155.0,153.0
34900,248.0,240.0,146.0,136.0
34901,246.0,94.0,139.0,122.0
34902,257.0,113.0,136.0,147.0
34903,257.0,150.0,150.0,162.0
34904,255.0,109.0,134.0,160.0
34905,221.0,85.0,117.0,122.0
34906,276.0,114.0,152.0,153.0
34907,227.0,102.0,139.0,124.0
34908,270.0,222.0,162.0,153.0
34909,249.0,102.0,134.0,132.0
34910,259.0,251.0,170.0,147.0
34911,244.0,64.0,141.0,147.0
34912,271.0,237.0,151.0,161.0
34913,248.0,219.0,146.0,140.0
34914,274.0,124.0,150.0,161.0
34915,267.0,110.0,123.0,155.0
34916,248.0,137.0,138.0,142.0
34917,254.0,68.0,155.0,154.0
34918,255.0,113.0,147.0,140.0
34919,240.0,114.0,137.0,136.0
34920,221.0,131.0,123.0,132.0
34921,262.0,140.0,137.0,144.0
34922,241.0,226.0,126.0,145.0
34923,264.0,129.0,145.0,141.0
34924,254.0,109.0,138.0,133.0
34925,269.0,246.0,153.0,146.0
34926,261.0,129.0,151.0,165.0
34927,247.0,78.0,116.0,142.0
34928,251.0,130.0,143.0,135.0
34929,267.0,216.0,161.0,154.0
34930,261.0,227.0,152.0,146.0
34931,248.0,94.0,120.0,138.0
34932,249.0,128.0,144.0,134.0
34933,241.0,113.0,139.0,129.0
34934,228.0,180.0,131.0,126.0
34935,231.0,148.0,133.0,136.0
34936,256.0,168.0,142.0,127.0
34937,253.0,119.0,141.0,132.0
34938,235.0,80.0,113.0,133.0
34939,259.0,237.0,140.0,143.0
34940,221.0,197.0,123.0,116.0
34941,262.0,131.0,139.0,156.0
34942,249.0,220.0,143.0,137.0
34943,248.0,219.0,143.0,147.0
34944,258.0,223.0,139.0,151.0
34945,259.0,219.0,139.0,138.0
34946,269.0,225.0,154.0,139.0
34947,263.0,84.0,173.0,158.0
34948,261.0,85.0,157.0,142.0
34949,243.0,150.0,112.0,127.0
34950,268.0,165.0,130.0,145.0
34951,245.0,219.0,134.0,133.0
34952,261.0,162.0,157.0,156.0
34953,240.0,82.0,148.0,141.0
34954,264.0,129.0,152.0,151.0
34955,237.0,226.0,124.0,137.0
34956,241.0,221.0,134.0,142.0
34957,218.0,98.0,130.0,136.0
34958,253.0,233.0,139.0,145.0
34959,248.0,61.0,135.0,139.0
34960,233.0,121.0,132.0,145.0
34961,249.0,181.0,142.0,138.0
34962,223.0,113.0,115.0,125.0
34963,264.0,81.0,135.0,147.0
34964,262.0,253.0,149.0,139.0
34965,255.0,225.0,144.0,135.0
34966,246.0,100.0,136.0,140.0
34967,259.0,130.0,142.0,150.0
34968,271.0,129.0,152.0,163.0
34969,243.0,221.0,140.0,120.0
34970,263.0,114.0,143.0,146.0
34971,241.0,142.0,123.0,142.0
34972,276.0,104.0,153.0,159.0
34973,252.0,220.0,142.0,168.0
34974,271.0,126.0,147.0,161.0
34975,249.0,84.0,141.0,141.0
34976,236.0,115.0,132.0,142.0
34977,256.0,104.0,150.0,138.0
34978,251.0,99.0,145.0,140.0
34979,271.0,98.0,160.0,153.0
34980,227.0,79.0,128.0,119.0
34981,251.0,105.0,152.0,142.0
34982,244.0,115.0,145.0,136.0
34983,266.0,76.0,161.0,156.0
34984,249.0,214.0,137.0,160.0
34985,248.0,84.0,141.0,135.0
34986,239.0,217.0,124.0,127.0
34987,244.0,93.0,140.0,149.0
34988,248.0,118.0,131.0,141.0
34989,258.0,93.0,156.0,141.0
34990,247.0,218.0,126.0,132.0
34991,252.0,88.0,147.0,142.0
34992,222.0,110.0,141.0,125.0
34993,234.0,106.0,132.0,133.0
34994,270.0,233.0,144.0,156.0
34995,261.0,128.0,141.0,149.0
34996,269.0,117.0,146.0,145.0
34997,264.0,116.0,150.0,156.0
34998,255.0,89.0,141.0,142.0
34999,216.0,117.0,114.0,126.0
35000,267.0,130.0,151.0,148.0
35001,271.0,246.0,149.0,138.0
35002,234.0,178.0,135.0,127.0
35003,254.0,91.0,150.0,153.0
35004,260.0,95.0,153.0,148.0
35005,256.0,251.0,137.0,153.0
35006,258.0,76.0,146.0,136.0
35007,246.0,116.0,149.0,152.0
35008,249.0,242.0,157.0,140.0
35009,282.0,105.0,152.0,158.0
35010,249.0,133.0,131.0,129.0
35011,256.0,135.0,132.0,143.0
35012,223.0,121.0,138.0,129.0
35013,277.0,88.0,152.0,163.0
35014,261.0,147.0,158.0,150.0
35015,244.0,75.0,141.0,140.0
35016,258.0,88.0,142.0,134.0
35017,233.0,61.0,127.0,122.0
35018,247.0,210.0,131.0,134.0
35019,233.0,226.0,137.0,138.0
35020,258.0,135.0,153.0,148.0
35021,263.0,220.0,145.0,148.0
35022,245.0,107.0,123.0,139.0
35023,246.0,90.0,134.0,122.0
35024,251.0,146.0,159.0,138.0
35025,248.0,215.0,139.0,141.0
35026,236.0,191.0,123.0,145.0
35027,256.0,220.0,128.0,135.0
35028,266.0,104.0,148.0,149.0
35029,247.0,104.0,138.0,142.0
35030,259.0,98.0,163.0,145.0
35031,255.0,99.0,151.0,135.0
35032,249.0,206.0,135.0,134.0
35033,246.0,210.0,130.0,142.0
35034,221.0,119.0,124.0,126.0
35035,250.0,138.0,149.0,134.0
35036,253.0,107.0,151.0,146.0
35037,254.0,215.0,134.0,141.0
35038,242.0,203.0,131.0,137.0
35039,243.0,123.0,135.0,141.0
35040,245.0,91.0,141.0,125.0
35041,222.0,96.0,128.0,122.0
35042,254.0,81.0,135.0,145.0
35043,249.0,225.0,147.0,141.0
35044,227.0,203.0,118.0,123.0
35045,247.0,62.0,134.0,143.0
35046,231.0,119.0,127.0,132.0
35047,257.0,128.0,157.0,156.0
35048,241.0,123.0,157.0,126.0
35049,254.0,88.0,145.0,146.0
35050,261.0,142.0,156.0,145.0
35051,238.0,209.0,134.0,138.0
35052,249.0,247.0,148.0,149.0
35053,231.0,179.0,133.0,134.0
35054,240.0,60.0,138.0,144.0
35055,241.0,117.0,141.0,131.0
35056,232.0,207.0,127.0,135.0
35057,241.0,132.0,138.0,149.0
35058,268.0,245.0,153.0,165.0
35059,244.0,123.0,138.0,139.0
35060,248.0,109.0,139.0,135.0
35061,244.0,111.0,143.0,133.0
35062,235.0,139.0,138.0,142.0
35063,227.0,189.0,123.0,142.0
35064,242.0,131.0,140.0,130.0
35065,261.0,226.0,152.0,149.0
35066,270.0,259.0,162.0,155.0
35067,278.0,81.0,158.0,159.0
35068,262.0,110.0,153.0,147.0
35069,250.0,208.0,133.0,142.0
35070,229.0,146.0,142.0,121.0
35071,247.0,243.0,135.0,131.0
35072,244.0,104.0,133.0,138.0
35073,237.0,72.0,119.0,137.0
35074,242.0,211.0,150.0,139.0
35075,249.0,104.0,151.0,135.0
35076,241.0,135.0,148.0,122.0
35077,234.0,166.0,127.0,137.0
35078,236.0,55.0,130.0,131.0
35079,263.0,74.0,151.0,139.0
35080,231.0,79.0,127.0,138.0
35081,239.0,121.0,133.0,134.0
35082,258.0,79.0,133.0,148.0
35083,255.0,111.0,149.0,151.0
35084,235.0,104.0,136.0,124.0
35085,269.0,240.0,163.0,157.0
35086,244.0,132.0,135.0,147.0
35087,258.0,113.0,151.0,148.0
35088,251.0,129.0,141.0,142.0
35089,238.0,235.0,133.0,120.0
35090,251.0,116.0,142.0,145.0
35091,242.0,163.0,145.0,134.0
35092,270.0,137.0,159.0,147.0
35093,269.0,106.0,154.0,154.0
35094,256.0,145.0,138.0,147.0
35095,264.0,88.0,154.0,145.0
35096,231.0,83.0,140.0,120.0
35097,235.0,93.0,130.0,125.0
35098,264.0,86.0,159.0,139.0
35099,234.0,152.0,145.0,113.0
35100,262.0,126.0,141.0,142.0
35101,258.0,97.0,148.0,136.0
35102,244.0,214.0,113.0,137.0
35103,253.0,227.0,150.0,146.0
35104,263.0,148.0,143.0,148.0
35105,249.0,108.0,145.0,138.0
35106,258.0,108.0,130.0,148.0
35107,260.0,135.0,153.0,145.0
35108,293.0,130.0,164.0,182.0
35109,236.0,108.0,129.0,128.0
35110,260.0,229.0,143.0,133.0
35111,241.0,110.0,129.0,130.0
35112,269.0,224.0,171.0,159.0
35113,278.0,158.0,153.0,168.0
35114,236.0,97.0,135.0,127.0
35115,236.0,129.0,124.0,139.0
35116,268.0,193.0,133.0,150.0
35117,259.0,69.0,150.0,132.0
35118,260.0,234.0,158.0,150.0
35119,253.0,224.0,157.0,139.0
35120,226.0,134.0,115.0,124.0
35121,259.0,206.0,156.0,154.0
35122,240.0,227.0,139.0,136.0
35123,231.0,112.0,123.0,147.0
35124,233.0,192.0,134.0,124.0
35125,273.0,184.0,147.0,149.0
35126,251.0,119.0,127.0,142.0
35127,262.0,157.0,146.0,148.0
35128,261.0,97.0,148.0,139.0
35129,246.0,211.0,132.0,152.0
35130,267.0,237.0,148.0,155.0
35131,271.0,270.0,160.0,155.0
35132,234.0,147.0,141.0,140.0
35133,257.0,108.0,151.0,130.0
35134,237.0,215.0,128.0,128.0
35135,218.0,47.0,115.0,120.0
35136,239.0,137.0,126.0,145.0
35137,243.0,104.0,142.0,127.0
35138,263.0,123.0,144.0,140.0
35139,258.0,248.0,141.0,152.0
35140,241.0,166.0,126.0,136.0
35141,247.0,210.0,134.0,142.0
35142,246.0,133.0,117.0,153.0
35143,252.0,240.0,137.0,165.0
35144,264.0,224.0,144.0,149.0
35145,236.0,150.0,135.0,134.0
35146,257.0,96.0,148.0,140.0
35147,257.0,214.0,136.0,148.0
35148,259.0,137.0,153.0,133.0
35149,265.0,142.0,137.0,166.0
35150,240.0,74.0,135.0,131.0
35151,249.0,223.0,122.0,141.0
35152,253.0,104.0,130.0,131.0
35153,248.0,199.0,126.0,152.0
35154,266.0,263.0,139.0,168.0
35155,260.0,255.0,158.0,150.0
35156,247.0,242.0,153.0,155.0
35157,229.0,194.0,132.0,132.0
35158,268.0,268.0,149.0,143.0
35159,236.0,72.0,124.0,136.0
35160,246.0,101.0,132.0,133.0
35161,261.0,220.0,155.0,149.0
35162,263.0,88.0,151.0,157.0
35163,242.0,112.0,132.0,123.0
35164,243.0,125.0,140.0,148.0
35165,250.0,228.0,148.0,147.0
35166,252.0,84.0,123.0,133.0
35167,237.0,119.0,139.0,139.0
35168,247.0,213.0,134.0,133.0
35169,248.0,148.0,142.0,136.0
35170,242.0,97.0,135.0,120.0
35171,250.0,220.0,138.0,142.0
35172,236.0,109.0,134.0,122.0
35173,252.0,132.0,144.0,126.0
35174,240.0,131.0,127.0,130.0
35175,247.0,141.0,152.0,136.0
35176,245.0,77.0,126.0,138.0
35177,234.0,149.0,135.0,145.0
35178,243.0,61.0,127.0,143.0
35179,246.0,136.0,129.0,137.0
35180,259.0,213.0,145.0,141.0
35181,267.0,94.0,155.0,147.0
35182,248.0,107.0,145.0,128.0
35183,241.0,165.0,135.0,130.0
35184,246.0,110.0,136.0,123.0
35185,278.0,119.0,175.0,156.0
35186,246.0,133.0,132.0,149.0
35187,260.0,233.0,147.0,124.0
35188,245.0,214.0,151.0,152.0
35189,278.0,162.0,160.0,175.0
35190,261.0,99.0,145.0,133.0
35191,258.0,221.0,138.0,143.0
35192,247.0,110.0,127.0,141.0
35193,257.0,84.0,140.0,141.0
35194,233.0,170.0,124.0,136.0
35195,257.0,116.0,164.0,137.0
35196,260.0,208.0,132.0,151.0
35197,256.0,94.0,151.0,152.0
35198,246.0,205.0,145.0,142.0
35199,274.0,244.0,149.0,158.0
35200,277.0,129.0,157.0,155.0
35201,261.0,89.0,151.0,146.0
35202,270.0,139.0,147.0,167.0
35203,238.0,128.0,134.0,122.0
35204,256.0,218.0,137.0,144.0
35205,257.0,136.0,143.0,136.0
35206,225.0,95.0,136.0,127.0
35207,235.0,74.0,132.0,122.0
35208,261.0,110.0,147.0,155.0
35209,275.0,143.0,143.0,156.0
35210,258.0,128.0,150.0,131.0
35211,230.0,203.0,128.0,116.0
35212,267.0,92.0,147.0,138.0
35213,250.0,75.0,141.0,141.0
35214,247.0,81.0,144.0,135.0
35215,249.0,105.0,139.0,133.0
35216,238.0,151.0,140.0,134.0
35217,250.0,166.0,126.0,125.0
35218,246.0,119.0,154.0,144.0
35219,250.0,248.0,150.0,163.0
35220,263.0,77.0,150.0,143.0
35221,237.0,202.0,144.0,139.0
35222,229.0,64.0,124.0,143.0
35223,253.0,113.0,123.0,143.0
35224,217.0,189.0,120.0,125.0
35225,230.0,72.0,134.0,134.0
35226,275.0,80.0,161.0,159.0
35227,244.0,68.0,151.0,127.0
35228,253.0,253.0,140.0,149.0
35229,263.0,250.0,164.0,161.0
35230,238.0,90.0,133.0,132.0
35231,237.0,103.0,117.0,130.0
35232,230.0,94.0,119.0,125.0
35233,245.0,85.0,130.0,149.0
35234,233.0,103.0,127.0,141.0
35235,231.0,141.0,135.0,133.0
35236,236.0,134.0,131.0,129.0
35237,257.0,130.0,156.0,134.0
35238,231.0,108.0,128.0,135.0
35239,247.0,48.0,133.0,144.0
35240,239.0,95.0,121.0,130.0
35241,241.0,100.0,153.0,135.0
35242,233.0,114.0,130.0,128.0
35243,229.0,185.0,128.0,119.0
35244,247.0,98.0,139.0,152.0
35245,261.0,224.0,138.0,141.0
35246,267.0,217.0,132.0,158.0
35247,220.0,183.0,118.0,130.0
35248,247.0,111.0,128.0,145.0
35249,254.0,86.0,138.0,146.0
35250,256.0,211.0,142.0,149.0
35251,243.0,144.0,143.0,137.0
35252,256.0,121.0,140.0,143.0
35253,232.0,204.0,140.0,132.0
35254,251.0,214.0,125.0,150.0
35255,246.0,60.0,139.0,132.0
35256,261.0,94.0,149.0,134.0
35257,256.0,246.0,142.0,137.0
35258,233.0,214.0,126.0,139.0
35259,267.0,118.0,150.0,150.0
35260,257.0,119.0,140.0,139.0
35261,246.0,122.0,142.0,154.0
35262,241.0,200.0,143.0,150.0
35263,252.0,127.0,129.0,148.0
35264,251.0,41.0,153.0,138.0
35265,256.0,53.0,149.0,148.0
35266,245.0,101.0,128.0,146.0
35267,250.0,215.0,144.0,138.0
35268,246.0,81.0,132.0,147.0
35269,227.0,65.0,125.0,132.0
35270,252.0,201.0,140.0,146.0
35271,255.0,222.0,144.0,145.0
35272,240.0,115.0,139.0,142.0
35273,255.0,122.0,146.0,147.0
35274,230.0,82.0,127.0,125.0
35275,256.0,253.0,160.0,129.0
35276,235.0,188.0,137.0,124.0
35277,247.0,175.0,130.0,138.0
35278,244.0,204.0,153.0,149.0
35279,241.0,216.0,134.0,146.0
35280,253.0,91.0,143.0,138.0
35281,232.0,208.0,129.0,123.0
35282,262.0,197.0,159.0,144.0
35283,248.0,107.0,139.0,139.0
35284,272.0,118.0,152.0,152.0
35285,272.0,223.0,154.0,155.0
35286,249.0,200.0,135.0,139.0
35287,229.0,79.0,134.0,149.0
35288,252.0,118.0,135.0,140.0
35289,246.0,122.0,144.0,139.0
35290,251.0,66.0,116.0,126.0
35291,273.0,113.0,165.0,167.0
35292,243.0,226.0,139.0,140.0
35293,250.0,116.0,154.0,151.0
35294,265.0,98.0,142.0,153.0
35295,227.0,88.0,109.0,123.0
35296,266.0,167.0,132.0,154.0
35297,259.0,112.0,147.0,136.0
35298,242.0,93.0,140.0,126.0
35299,271.0,154.0,151.0,154.0
35300,248.0,127.0,134.0,148.0
35301,248.0,241.0,140.0,141.0
35302,260.0,119.0,146.0,155.0
35303,243.0,241.0,153.0,144.0
35304,258.0,231.0,149.0,156.0
35305,256.0,229.0,124.0,146.0
35306,238.0,203.0,121.0,129.0
35307,253.0,177.0,130.0,137.0
35308,253.0,159.0,139.0,141.0
35309,239.0,93.0,124.0,145.0
35310,241.0,114.0,154.0,156.0
35311,227.0,217.0,128.0,123.0
35312,258.0,221.0,155.0,152.0
35313,257.0,144.0,137.0,135.0
35314,244.0,105.0,140.0,138.0
35315,243.0,73.0,146.0,139.0
35316,239.0,107.0,115.0,142.0
35317,230.0,110.0,133.0,123.0
35318,262.0,247.0,147.0,147.0
35319,264.0,76.0,164.0,162.0
35320,242.0,145.0,143.0,132.0
35321,234.0,103.0,132.0,134.0
35322,248.0,132.0,136.0,130.0
35323,247.0,104.0,145.0,140.0
35324,259.0,118.0,138.0,128.0
35325,258.0,121.0,138.0,141.0
35326,246.0,77.0,138.0,135.0
35327,249.0,213.0,143.0,144.0
35328,236.0,140.0,128.0,141.0
35329,262.0,236.0,144.0,146.0
35330,259.0,143.0,155.0,150.0
35331,254.0,179.0,134.0,133.0
35332,237.0,132.0,127.0,123.0
35333,260.0,258.0,148.0,161.0
35334,269.0,135.0,149.0,134.0
35335,240.0,146.0,121.0,141.0
35336,226.0,206.0,125.0,139.0
35337,246.0,88.0,135.0,152.0
35338,248.0,223.0,141.0,147.0
35339,257.0,221.0,142.0,159.0
35340,257.0,91.0,147.0,151.0
35341,239.0,136.0,133.0,126.0
35342,231.0,106.0,119.0,131.0
35343,242.0,132.0,128.0,141.0
35344,234.0,111.0,130.0,142.0
35345,221.0,177.0,126.0,135.0
35346,249.0,147.0,139.0,132.0
35347,249.0,99.0,143.0,147.0
35348,238.0,115.0,130.0,141.0
35349,251.0,86.0,138.0,143.0
35350,245.0,208.0,133.0,136.0
35351,232.0,123.0,132.0,132.0
35352,252.0,223.0,149.0,145.0
35353,265.0,135.0,160.0,151.0
35354,256.0,96.0,145.0,138.0
35355,264.0,161.0,131.0,142.0
35356,243.0,123.0,149.0,130.0
35357,237.0,68.0,130.0,123.0
35358,233.0,206.0,125.0,134.0
35359,233.0,112.0,121.0,110.0
35360,219.0,203.0,118.0,125.0
35361,255.0,168.0,143.0,140.0
35362,267.0,121.0,145.0,152.0
35363,214.0,103.0,119.0,120.0
35364,254.0,222.0,138.0,135.0
35365,239.0,235.0,142.0,133.0
35366,244.0,113.0,134.0,154.0
35367,229.0,106.0,132.0,121.0
35368,254.0,224.0,136.0,140.0
35369,243.0,85.0,139.0,137.0
35370,256.0,128.0,148.0,150.0
35371,272.0,113.0,161.0,139.0
35372,246.0,198.0,136.0,128.0
35373,255.0,164.0,136.0,142.0
35374,238.0,96.0,136.0,123.0
35375,258.0,226.0,140.0,155.0
35376,250.0,232.0,146.0,143.0
35377,261.0,253.0,148.0,137.0
35378,252.0,202.0,134.0,140.0
35379,253.0,123.0,135.0,139.0
35380,230.0,102.0,130.0,134.0
35381,238.0,147.0,149.0,143.0
35382,243.0,125.0,128.0,144.0
35383,250.0,224.0,131.0,145.0
35384,254.0,172.0,127.0,151.0
35385,231.0,122.0,123.0,119.0
35386,266.0,125.0,158.0,149.0
35387,231.0,194.0,146.0,144.0
35388,261.0,231.0,161.0,161.0
35389,247.0,225.0,137.0,127.0
35390,231.0,115.0,129.0,131.0
35391,239.0,200.0,138.0,121.0
35392,267.0,75.0,149.0,159.0
35393,238.0,234.0,151.0,143.0
35394,258.0,113.0,150.0,147.0
35395,251.0,121.0,137.0,137.0
35396,252.0,223.0,145.0,145.0
35397,232.0,128.0,133.0,123.0
35398,242.0,189.0,131.0,143.0
35399,252.0,135.0,135.0,138.0
35400,227.0,192.0,114.0,116.0
35401,241.0,110.0,114.0,132.0
35402,231.0,86.0,137.0,131.0
35403,242.0,141.0,138.0,132.0
35404,240.0,89.0,146.0,124.0
35405,279.0,261.0,167.0,144.0
35406,274.0,154.0,138.0,156.0
35407,253.0,119.0,142.0,144.0
35408,278.0,121.0,159.0,161.0
35409,252.0,120.0,133.0,148.0
35410,243.0,92.0,141.0,137.0
35411,245.0,86.0,132.0,150.0
35412,257.0,171.0,133.0,142.0
35413,256.0,122.0,148.0,144.0
35414,260.0,259.0,161.0,151.0
35415,239.0,238.0,143.0,139.0
35416,249.0,103.0,139.0,147.0
35417,259.0,221.0,145.0,141.0
35418,250.0,120.0,133.0,124.0
35419,247.0,99.0,132.0,148.0
35420,231.0,212.0,140.0,134.0
35421,247.0,206.0,145.0,121.0
35422,246.0,152.0,130.0,151.0
35423,242.0,232.0,151.0,136.0
35424,263.0,156.0,132.0,129.0
35425,250.0,119.0,128.0,129.0
35426,226.0,113.0,145.0,123.0
35427,226.0,89.0,137.0,132.0
35428,206.0,94.0,103.0,117.0
35429,242.0,86.0,124.0,141.0
35430,262.0,123.0,142.0,143.0
35431,251.0,181.0,130.0,144.0
35432,243.0,78.0,139.0,135.0
35433,215.0,127.0,112.0,117.0
35434,241.0,73.0,133.0,133.0
35435,226.0,196.0,132.0,128.0
35436,247.0,85.0,137.0,143.0
35437,226.0,190.0,149.0,127.0
35438,240.0,118.0,128.0,130.0
35439,265.0,135.0,154.0,163.0
35440,254.0,217.0,155.0,144.0
35441,255.0,129.0,144.0,136.0
35442,283.0,157.0,171.0,165.0
35443,240.0,73.0,139.0,130.0
35444,275.0,240.0,155.0,159.0
35445,262.0,219.0,139.0,136.0
35446,243.0,103.0,146.0,136.0
35447,248.0,82.0,134.0,140.0
35448,235.0,119.0,128.0,135.0
35449,236.0,188.0,127.0,134.0
35450,270.0,259.0,160.0,150.0
35451,273.0,114.0,141.0,158.0
35452,273.0,118.0,148.0,158.0
35453,256.0,211.0,140.0,131.0
35454,224.0,104.0,111.0,127.0
35455,254.0,108.0,140.0,149.0
35456,266.0,227.0,166.0,153.0
35457,245.0,133.0,149.0,137.0
35458,261.0,145.0,152.0,143.0
35459,229.0,120.0,124.0,129.0
35460,248.0,213.0,139.0,132.0
35461,252.0,112.0,132.0,142.0
35462,245.0,89.0,129.0,121.0
35463,234.0,115.0,135.0,127.0
35464,256.0,216.0,151.0,144.0
35465,251.0,115.0,139.0,130.0
35466,250.0,54.0,141.0,141.0
35467,232.0,110.0,134.0,133.0
35468,240.0,240.0,141.0,139.0
35469,244.0,105.0,119.0,137.0
35470,251.0,126.0,133.0,133.0
35471,268.0,142.0,159.0,164.0
35472,248.0,108.0,139.0,134.0
35473,231.0,109.0,129.0,137.0
35474,246.0,111.0,141.0,140.0
35475,237.0,120.0,134.0,139.0
35476,250.0,168.0,134.0,146.0
35477,232.0,200.0,124.0,131.0
35478,278.0,108.0,158.0,154.0
35479,252.0,116.0,148.0,137.0
35480,240.0,235.0,150.0,138.0
35481,259.0,109.0,134.0,137.0
35482,266.0,112.0,143.0,149.0
35483,243.0,243.0,149.0,125.0
35484,265.0,265.0,152.0,145.0
35485,231.0,183.0,136.0,121.0
35486,254.0,105.0,152.0,138.0
35487,260.0,141.0,146.0,163.0
35488,230.0,197.0,122.0,120.0
35489,282.0,111.0,154.0,159.0
35490,238.0,137.0,135.0,122.0
35491,245.0,103.0,142.0,140.0
35492,251.0,151.0,137.0,153.0
35493,231.0,130.0,129.0,119.0
35494,267.0,121.0,156.0,151.0
35495,250.0,223.0,135.0,149.0
35496,247.0,219.0,142.0,145.0
35497,223.0,188.0,130.0,117.0
35498,245.0,153.0,142.0,146.0
35499,250.0,82.0,140.0,136.0
35500,268.0,117.0,147.0,149.0
35501,258.0,112.0,145.0,148.0
35502,286.0,237.0,145.0,161.0
35503,228.0,179.0,131.0,120.0
35504,248.0,87.0,146.0,123.0
35505,234.0,215.0,132.0,138.0
35506,243.0,99.0,124.0,142.0
35507,266.0,137.0,151.0,149.0
35508,249.0,206.0,146.0,122.0
35509,260.0,112.0,141.0,154.0
35510,239.0,118.0,140.0,139.0
35511,243.0,126.0,136.0,129.0
35512,274.0,230.0,159.0,150.0
35513,254.0,198.0,144.0,143.0
35514,276.0,245.0,153.0,166.0
35515,239.0,93.0,129.0,137.0
35516,248.0,93.0,131.0,132.0
35517,251.0,131.0,137.0,148.0
35518,229.0,185.0,144.0,128.0
35519,227.0,199.0,126.0,139.0
35520,256.0,202.0,162.0,158.0
35521,244.0,138.0,133.0,137.0
35522,270.0,174.0,150.0,149.0
35523,255.0,135.0,153.0,137.0
35524,253.0,150.0,144.0,137.0
35525,237.0,142.0,135.0,133.0
35526,265.0,97.0,154.0,143.0
35527,259.0,139.0,142.0,142.0
35528,259.0,249.0,148.0,138.0
35529,244.0,234.0,129.0,137.0
35530,251.0,123.0,142.0,124.0
35531,248.0,107.0,145.0,144.0
35532,246.0,118.0,144.0,143.0
35533,231.0,92.0,153.0,118.0
35534,242.0,133.0,129.0,121.0
35535,248.0,115.0,131.0,142.0
35536,266.0,72.0,145.0,145.0
35537,263.0,262.0,153.0,162.0
35538,217.0,125.0,112.0,128.0
35539,234.0,121.0,144.0,139.0
35540,246.0,90.0,152.0,133.0
35541,250.0,219.0,154.0,155.0
35542,263.0,140.0,147.0,159.0
35543,239.0,94.0,132.0,137.0
35544,254.0,75.0,155.0,150.0
35545,232.0,105.0,128.0,131.0
35546,253.0,110.0,145.0,144.0
35547,252.0,229.0,158.0,132.0
35548,260.0,257.0,159.0,158.0
35549,275.0,250.0,160.0,140.0
35550,257.0,91.0,141.0,148.0
35551,244.0,139.0,135.0,133.0
35552,270.0,115.0,147.0,149.0
35553,284.0,252.0,171.0,142.0
35554,256.0,104.0,147.0,138.0
35555,228.0,158.0,112.0,124.0
35556,225.0,105.0,128.0,123.0
35557,251.0,225.0,146.0,135.0
35558,257.0,78.0,143.0,141.0
35559,267.0,128.0,136.0,141.0
35560,245.0,163.0,122.0,132.0
35561,245.0,83.0,136.0,153.0
35562,251.0,108.0,128.0,149.0
35563,239.0,125.0,141.0,137.0
35564,239.0,41.0,140.0,130.0
35565,268.0,264.0,154.0,151.0
35566,266.0,262.0,152.0,165.0
35567,264.0,45.0,154.0,139.0
35568,247.0,120.0,147.0,129.0
35569,251.0,249.0,134.0,137.0
35570,226.0,123.0,123.0,140.0
35571,259.0,132.0,141.0,143.0
35572,240.0,121.0,130.0,128.0
35573,238.0,109.0,134.0,131.0
35574,287.0,259.0,163.0,169.0
35575,259.0,225.0,137.0,146.0
35576,233.0,199.0,128.0,128.0
35577,266.0,214.0,146.0,157.0
35578,249.0,93.0,148.0,137.0
35579,233.0,87.0,150.0,142.0
35580,262.0,83.0,157.0,147.0
35581,253.0,106.0,145.0,139.0
35582,253.0,219.0,131.0,134.0
35583,287.0,104.0,138.0,167.0
35584,274.0,171.0,156.0,160.0
35585,253.0,114.0,142.0,141.0
35586,252.0,94.0,127.0,145.0
35587,261.0,101.0,155.0,160.0
35588,242.0,59.0,142.0,152.0
35589,273.0,120.0,147.0,154.0
35590,251.0,77.0,144.0,139.0
35591,250.0,122.0,158.0,146.0
35592,255.0,95.0,151.0,140.0
35593,247.0,181.0,135.0,131.0
35594,220.0,102.0,119.0,126.0
35595,235.0,205.0,124.0,132.0
35596,250.0,119.0,136.0,144.0
35597,257.0,134.0,155.0,158.0
35598,243.0,71.0,118.0,128.0
35599,246.0,99.0,139.0,146.0
35600,271.0,148.0,151.0,161.0
35601,260.0,216.0,137.0,132.0
35602,274.0,223.0,149.0,148.0
35603,260.0,69.0,146.0,143.0
35604,254.0,212.0,142.0,146.0
35605,232.0,198.0,137.0,135.0
35606,227.0,96.0,117.0,130.0
35607,258.0,229.0,146.0,145.0
35608,250.0,209.0,144.0,146.0
35609,236.0,61.0,139.0,124.0
35610,247.0,72.0,134.0,129.0
35611,250.0,140.0,154.0,136.0
35612,226.0,67.0,137.0,123.0
35613,270.0,122.0,155.0,161.0
35614,240.0,115.0,122.0,132.0
35615,246.0,225.0,157.0,150.0
35616,262.0,95.0,133.0,160.0
35617,236.0,66.0,140.0,146.0
35618,257.0,255.0,152.0,155.0
35619,254.0,252.0,149.0,146.0
35620,259.0,102.0,138.0,138.0
35621,240.0,206.0,134.0,113.0
35622,245.0,78.0,140.0,139.0
35623,233.0,117.0,119.0,122.0
35624,276.0,104.0,154.0,165.0
35625,255.0,164.0,143.0,136.0
35626,255.0,123.0,151.0,147.0
35627,270.0,174.0,157.0,154.0
35628,240.0,119.0,137.0,142.0
35629,249.0,108.0,138.0,136.0
35630,224.0,80.0,122.0,132.0
35631,246.0,82.0,148.0,149.0
35632,258.0,236.0,145.0,154.0
35633,232.0,193.0,120.0,140.0
35634,232.0,91.0,133.0,135.0
35635,268.0,161.0,127.0,160.0
35636,278.0,166.0,176.0,158.0
35637,254.0,110.0,131.0,148.0
35638,264.0,245.0,155.0,160.0
35639,263.0,244.0,143.0,152.0
35640,253.0,250.0,144.0,135.0
35641,242.0,111.0,130.0,131.0
35642,255.0,211.0,146.0,130.0
35643,226.0,201.0,120.0,128.0
35644,253.0,110.0,130.0,154.0
35645,251.0,231.0,128.0,137.0
35646,255.0,127.0,129.0,143.0
35647,263.0,257.0,158.0,149.0
35648,244.0,114.0,138.0,128.0
35649,245.0,99.0,154.0,140.0
35650,233.0,110.0,137.0,131.0
35651,252.0,220.0,139.0,142.0
35652,232.0,222.0,125.0,129.0
35653,224.0,171.0,109.0,134.0
35654,243.0,113.0,135.0,132.0
35655,235.0,128.0,129.0,112.0
35656,235.0,90.0,137.0,128.0
35657,254.0,137.0,142.0,131.0
35658,238.0,199.0,135.0,142.0
35659,241.0,135.0,126.0,135.0
35660,238.0,67.0,143.0,118.0
35661,247.0,116.0,137.0,137.0
35662,243.0,104.0,146.0,127.0
35663,242.0,131.0,124.0,131.0
35664,230.0,92.0,141.0,138.0
35665,211.0,179.0,138.0,114.0
35666,278.0,72.0,171.0,150.0
35667,241.0,153.0,142.0,136.0
35668,247.0,71.0,157.0,137.0
35669,243.0,113.0,148.0,154.0
35670,233.0,58.0,147.0,136.0
35671,277.0,135.0,167.0,151.0
35672,245.0,55.0,136.0,136.0
35673,255.0,137.0,139.0,153.0
35674,265.0,74.0,157.0,142.0
35675,240.0,205.0,140.0,123.0
35676,230.0,227.0,142.0,132.0
35677,235.0,118.0,136.0,135.0
35678,250.0,223.0,129.0,148.0
35679,247.0,122.0,135.0,127.0
35680,242.0,88.0,150.0,134.0
35681,276.0,180.0,150.0,141.0
35682,240.0,96.0,126.0,143.0
35683,254.0,245.0,137.0,131.0
35684,237.0,126.0,113.0,119.0
35685,265.0,186.0,160.0,161.0
35686,245.0,123.0,150.0,138.0
35687,286.0,257.0,172.0,152.0
35688,254.0,226.0,153.0,146.0
35689,255.0,139.0,141.0,157.0
35690,236.0,228.0,126.0,138.0
35691,237.0,203.0,118.0,131.0
35692,223.0,119.0,131.0,121.0
35693,244.0,212.0,153.0,154.0
35694,240.0,208.0,141.0,124.0
35695,257.0,50.0,144.0,155.0
35696,244.0,217.0,135.0,142.0
35697,256.0,74.0,141.0,142.0
35698,255.0,142.0,152.0,143.0
35699,250.0,112.0,131.0,148.0
35700,235.0,205.0,129.0,131.0
35701,245.0,210.0,144.0,128.0
35702,239.0,205.0,137.0,130.0
35703,241.0,207.0,128.0,140.0
35704,260.0,105.0,146.0,145.0
35705,264.0,210.0,151.0,152.0
35706,261.0,217.0,148.0,151.0
35707,245.0,79.0,113.0,148.0
35708,241.0,215.0,135.0,148.0
35709,269.0,266.0,147.0,157.0
35710,237.0,115.0,129.0,130.0
35711,241.0,93.0,129.0,138.0
35712,254.0,149.0,138.0,139.0
35713,254.0,224.0,153.0,141.0
35714,262.0,201.0,149.0,155.0
35715,257.0,90.0,144.0,144.0
35716,247.0,215.0,134.0,140.0
35717,232.0,65.0,127.0,136.0
35718,253.0,98.0,140.0,143.0
35719,256.0,149.0,130.0,147.0
35720,258.0,119.0,152.0,141.0
35721,243.0,116.0,149.0,132.0
35722,248.0,204.0,130.0,137.0
35723,248.0,119.0,144.0,148.0
35724,253.0,219.0,141.0,131.0
35725,259.0,145.0,165.0,139.0
35726,239.0,117.0,134.0,125.0
35727,251.0,215.0,129.0,139.0
35728,236.0,189.0,136.0,144.0
35729,258.0,126.0,148.0,159.0
35730,253.0,109.0,154.0,147.0
35731,254.0,179.0,136.0,151.0
35732,233.0,86.0,136.0,129.0
35733,249.0,99.0,143.0,139.0
35734,241.0,203.0,144.0,132.0
35735,250.0,149.0,143.0,147.0
35736,242.0,109.0,139.0,132.0
35737,253.0,129.0,135.0,135.0
35738,220.0,77.0,124.0,124.0
35739,235.0,98.0,140.0,128.0
35740,242.0,88.0,132.0,124.0
35741,243.0,114.0,136.0,137.0
35742,264.0,263.0,168.0,159.0
35743,253.0,84.0,149.0,151.0
35744,252.0,137.0,156.0,151.0
35745,238.0,204.0,127.0,125.0
35746,260.0,100.0,140.0,152.0
35747,237.0,110.0,137.0,153.0
35748,260.0,81.0,150.0,149.0
35749,251.0,209.0,153.0,135.0
35750,248.0,153.0,134.0,148.0
35751,253.0,102.0,147.0,158.0
35752,226.0,107.0,134.0,125.0
35753,243.0,209.0,134.0,139.0
35754,244.0,133.0,128.0,135.0
35755,226.0,117.0,115.0,134.0
35756,252.0,107.0,136.0,152.0
35757,239.0,99.0,143.0,141.0
35758,240.0,222.0,152.0,116.0
35759,239.0,221.0,151.0,133.0
35760,245.0,205.0,139.0,141.0
35761,244.0,91.0,129.0,129.0
35762,256.0,240.0,144.0,142.0
35763,272.0,152.0,151.0,171.0
35764,244.0,157.0,134.0,137.0
35765,262.0,184.0,136.0,132.0
35766,232.0,207.0,131.0,124.0
35767,230.0,97.0,129.0,126.0
35768,252.0,220.0,130.0,138.0
35769,233.0,87.0,126.0,129.0
35770,214.0,81.0,129.0,122.0
35771,233.0,143.0,129.0,123.0
35772,258.0,133.0,135.0,139.0
35773,250.0,241.0,145.0,141.0
35774,235.0,55.0,135.0,120.0
35775,241.0,118.0,141.0,127.0
35776,242.0,242.0,143.0,136.0
35777,264.0,264.0,149.0,149.0
35778,244.0,244.0,136.0,134.0
35779,292.0,114.0,165.0,159.0
35780,246.0,166.0,140.0,133.0
35781,276.0,144.0,147.0,146.0
35782,266.0,82.0,140.0,149.0
35783,246.0,154.0,143.0,141.0
35784,267.0,219.0,154.0,157.0
35785,251.0,147.0,134.0,126.0
35786,250.0,78.0,147.0,140.0
35787,245.0,117.0,142.0,132.0
35788,244.0,214.0,141.0,139.0
35789,248.0,76.0,148.0,152.0
35790,257.0,156.0,143.0,144.0
35791,248.0,135.0,142.0,136.0
35792,267.0,119.0,149.0,149.0
35793,276.0,234.0,133.0,167.0
35794,258.0,225.0,145.0,156.0
35795,247.0,234.0,145.0,152.0
35796,241.0,226.0,138.0,136.0
35797,251.0,236.0,150.0,143.0
35798,271.0,96.0,151.0,152.0
35799,253.0,119.0,112.0,151.0
35800,238.0,97.0,136.0,130.0
35801,255.0,154.0,124.0,141.0
35802,268.0,228.0,157.0,139.0
35803,272.0,153.0,168.0,162.0
35804,228.0,198.0,130.0,132.0
35805,248.0,154.0,130.0,138.0
35806,241.0,118.0,131.0,143.0
35807,239.0,207.0,118.0,135.0
35808,268.0,68.0,140.0,154.0
35809,269.0,100.0,133.0,153.0
35810,229.0,193.0,129.0,129.0
35811,258.0,136.0,141.0,127.0
35812,248.0,187.0,125.0,138.0
35813,256.0,133.0,146.0,140.0
35814,271.0,108.0,167.0,148.0
35815,272.0,238.0,143.0,158.0
35816,230.0,218.0,134.0,131.0
35817,263.0,108.0,145.0,152.0
35818,221.0,112.0,126.0,119.0
35819,251.0,159.0,146.0,142.0
35820,241.0,202.0,146.0,129.0
35821,244.0,120.0,148.0,127.0
35822,256.0,237.0,134.0,138.0
35823,260.0,108.0,143.0,153.0
35824,248.0,238.0,138.0,132.0
35825,266.0,143.0,142.0,142.0
35826,263.0,190.0,137.0,156.0
35827,254.0,214.0,147.0,140.0
35828,268.0,231.0,160.0,159.0
35829,250.0,133.0,125.0,141.0
35830,247.0,217.0,132.0,135.0
35831,260.0,138.0,145.0,152.0
35832,246.0,119.0,150.0,144.0
35833,252.0,89.0,143.0,127.0
35834,241.0,119.0,136.0,137.0
35835,260.0,129.0,145.0,150.0
35836,257.0,74.0,149.0,155.0
35837,246.0,206.0,145.0,146.0
35838,250.0,119.0,138.0,126.0
35839,232.0,204.0,130.0,133.0
35840,229.0,203.0,135.0,118.0
35841,241.0,140.0,140.0,137.0
35842,260.0,259.0,146.0,137.0
35843,256.0,245.0,138.0,141.0
35844,242.0,112.0,137.0,136.0
35845,234.0,81.0,122.0,129.0
35846,239.0,118.0,133.0,133.0
35847,254.0,158.0,143.0,131.0
35848,237.0,114.0,140.0,132.0
35849,256.0,84.0,149.0,140.0
35850,254.0,143.0,154.0,137.0
35851,245.0,86.0,138.0,135.0
35852,261.0,235.0,143.0,149.0
35853,254.0,214.0,143.0,132.0
35854,222.0,197.0,130.0,118.0
35855,259.0,230.0,152.0,143.0
35856,239.0,87.0,126.0,145.0
35857,232.0,191.0,133.0,147.0
35858,247.0,247.0,142.0,136.0
35859,246.0,246.0,137.0,153.0
35860,236.0,101.0,134.0,121.0
35861,244.0,238.0,129.0,114.0
35862,217.0,188.0,111.0,123.0
35863,260.0,93.0,138.0,141.0
35864,254.0,115.0,143.0,147.0
35865,252.0,125.0,137.0,143.0
35866,259.0,94.0,145.0,133.0
35867,237.0,223.0,126.0,137.0
35868,238.0,205.0,152.0,135.0
35869,230.0,92.0,119.0,141.0
35870,239.0,210.0,130.0,128.0
35871,255.0,73.0,144.0,127.0
35872,254.0,183.0,140.0,138.0
35873,251.0,88.0,121.0,136.0
35874,258.0,104.0,146.0,161.0
35875,235.0,117.0,132.0,128.0
35876,247.0,147.0,145.0,135.0
35877,233.0,99.0,119.0,131.0
35878,237.0,131.0,127.0,126.0
35879,245.0,163.0,146.0,137.0
35880,243.0,49.0,133.0,145.0
35881,252.0,228.0,163.0,136.0
35882,269.0,245.0,152.0,156.0
35883,238.0,126.0,130.0,127.0
35884,275.0,242.0,146.0,151.0
35885,237.0,104.0,125.0,138.0
35886,257.0,99.0,139.0,143.0
35887,244.0,144.0,126.0,153.0
35888,222.0,87.0,110.0,133.0
35889,243.0,98.0,132.0,129.0
35890,266.0,221.0,151.0,133.0
35891,262.0,155.0,155.0,136.0
35892,258.0,217.0,145.0,161.0
35893,256.0,215.0,140.0,140.0
35894,272.0,110.0,153.0,130.0
35895,243.0,97.0,126.0,137.0
35896,240.0,206.0,131.0,145.0
35897,255.0,253.0,147.0,136.0
35898,275.0,98.0,155.0,160.0
35899,249.0,96.0,143.0,157.0
35900,256.0,150.0,146.0,149.0
35901,230.0,114.0,128.0,133.0
35902,257.0,221.0,153.0,141.0
35903,282.0,211.0,159.0,156.0
35904,258.0,228.0,136.0,147.0
35905,260.0,127.0,155.0,156.0
35906,263.0,113.0,148.0,148.0
35907,240.0,225.0,137.0,135.0
35908,249.0,161.0,137.0,136.0
35909,240.0,120.0,143.0,128.0
35910,267.0,266.0,158.0,167.0
35911,235.0,222.0,125.0,139.0
35912,239.0,227.0,139.0,134.0
35913,237.0,180.0,125.0,145.0
35914,239.0,111.0,153.0,128.0
35915,226.0,115.0,121.0,131.0
35916,242.0,141.0,123.0,148.0
35917,251.0,135.0,143.0,148.0
35918,266.0,167.0,146.0,138.0
35919,242.0,116.0,139.0,130.0
35920,239.0,105.0,132.0,130.0
35921,222.0,216.0,141.0,119.0
35922,252.0,182.0,145.0,139.0
35923,268.0,104.0,155.0,138.0
35924,242.0,98.0,124.0,132.0
35925,266.0,100.0,138.0,157.0
35926,243.0,124.0,130.0,140.0
35927,261.0,246.0,145.0,152.0
35928,262.0,113.0,160.0,140.0
35929,268.0,222.0,148.0,156.0
35930,260.0,233.0,136.0,158.0
35931,255.0,123.0,147.0,156.0
35932,269.0,231.0,147.0,153.0
35933,273.0,240.0,134.0,152.0
35934,243.0,119.0,137.0,140.0
35935,251.0,169.0,144.0,136.0
35936,272.0,128.0,152.0,169.0
35937,256.0,110.0,135.0,145.0
35938,247.0,110.0,140.0,135.0
35939,248.0,131.0,131.0,132.0
35940,240.0,89.0,138.0,133.0
35941,264.0,83.0,138.0,148.0
35942,242.0,124.0,121.0,145.0
35943,257.0,97.0,153.0,142.0
35944,249.0,223.0,144.0,125.0
35945,241.0,233.0,141.0,122.0
35946,237.0,96.0,126.0,133.0
35947,240.0,142.0,135.0,141.0
35948,251.0,118.0,139.0,141.0
35949,255.0,125.0,150.0,153.0
35950,253.0,217.0,155.0,144.0
35951,246.0,93.0,128.0,127.0
35952,249.0,220.0,147.0,139.0
35953,258.0,74.0,147.0,159.0
35954,251.0,103.0,132.0,139.0
35955,260.0,119.0,153.0,155.0
35956,254.0,74.0,137.0,157.0
35957,238.0,233.0,150.0,153.0
35958,250.0,85.0,153.0,146.0
35959,259.0,102.0,138.0,150.0
35960,266.0,238.0,142.0,151.0
35961,246.0,205.0,146.0,134.0
35962,245.0,123.0,142.0,144.0
35963,257.0,84.0,155.0,151.0
35964,243.0,241.0,138.0,146.0
35965,228.0,113.0,133.0,120.0
35966,260.0,102.0,140.0,139.0
35967,236.0,100.0,130.0,129.0
35968,243.0,71.0,138.0,136.0
35969,245.0,245.0,148.0,149.0
35970,238.0,193.0,151.0,133.0
35971,275.0,118.0,151.0,160.0
35972,246.0,122.0,131.0,134.0
35973,232.0,196.0,137.0,118.0
35974,250.0,121.0,131.0,152.0
35975,225.0,128.0,136.0,117.0
35976,239.0,216.0,153.0,121.0
35977,241.0,150.0,130.0,124.0
35978,242.0,112.0,134.0,135.0
35979,297.0,250.0,164.0,173.0
35980,251.0,204.0,130.0,138.0
35981,256.0,97.0,134.0,156.0
35982,252.0,133.0,138.0,148.0
35983,222.0,124.0,105.0,129.0
35984,265.0,263.0,159.0,140.0
35985,270.0,123.0,159.0,141.0
35986,244.0,129.0,125.0,129.0
35987,251.0,160.0,152.0,142.0
35988,281.0,74.0,162.0,159.0
35989,265.0,112.0,143.0,155.0
35990,268.0,127.0,149.0,126.0
35991,258.0,170.0,149.0,139.0
35992,254.0,109.0,157.0,139.0
35993,266.0,149.0,140.0,148.0
35994,232.0,202.0,122.0,131.0
35995,254.0,217.0,142.0,149.0
35996,247.0,204.0,147.0,143.0
35997,284.0,154.0,170.0,163.0
35998,262.0,131.0,145.0,155.0
35999,256.0,251.0,144.0,149.0
36000,261.0,222.0,152.0,130.0
36001,235.0,196.0,138.0,137.0
36002,272.0,73.0,153.0,151.0
36003,274.0,119.0,156.0,163.0
36004,227.0,67.0,141.0,140.0
36005,234.0,205.0,135.0,130.0
36006,224.0,98.0,134.0,123.0
36007,248.0,112.0,133.0,154.0
36008,260.0,223.0,152.0,155.0
36009,230.0,99.0,107.0,138.0
36010,288.0,127.0,166.0,153.0
36011,231.0,135.0,126.0,138.0
36012,254.0,123.0,149.0,147.0
36013,244.0,128.0,138.0,136.0
36014,234.0,89.0,133.0,133.0
36015,260.0,135.0,140.0,149.0
36016,256.0,218.0,140.0,137.0
36017,249.0,97.0,143.0,132.0
36018,255.0,141.0,138.0,138.0
36019,238.0,132.0,136.0,131.0
36020,234.0,91.0,144.0,131.0
36021,243.0,165.0,129.0,150.0
36022,262.0,102.0,146.0,143.0
36023,252.0,118.0,140.0,129.0
36024,245.0,85.0,128.0,130.0
36025,244.0,80.0,135.0,137.0
36026,258.0,230.0,142.0,136.0
36027,253.0,97.0,146.0,140.0
36028,246.0,207.0,141.0,151.0
36029,254.0,251.0,144.0,148.0
36030,249.0,102.0,137.0,146.0
36031,265.0,113.0,152.0,157.0
36032,242.0,233.0,131.0,140.0
36033,259.0,83.0,141.0,144.0
36034,256.0,218.0,125.0,153.0
36035,220.0,174.0,116.0,122.0
36036,286.0,163.0,160.0,161.0
36037,253.0,132.0,145.0,140.0
36038,256.0,77.0,152.0,154.0
36039,266.0,93.0,133.0,147.0
36040,236.0,89.0,133.0,134.0
36041,251.0,223.0,148.0,133.0
36042,250.0,44.0,143.0,145.0
36043,262.0,120.0,152.0,158.0
36044,241.0,208.0,137.0,134.0
36045,249.0,110.0,140.0,149.0
36046,252.0,105.0,138.0,158.0
36047,270.0,262.0,167.0,170.0
36048,258.0,211.0,138.0,156.0
36049,254.0,109.0,142.0,147.0
36050,234.0,115.0,120.0,132.0
36051,266.0,66.0,156.0,150.0
36052,258.0,207.0,144.0,148.0
36053,245.0,138.0,151.0,126.0
36054,246.0,205.0,141.0,137.0
36055,240.0,112.0,139.0,139.0
36056,224.0,198.0,128.0,119.0
36057,261.0,223.0,151.0,138.0
36058,226.0,173.0,116.0,134.0
36059,243.0,202.0,144.0,137.0
36060,233.0,130.0,134.0,123.0
36061,254.0,118.0,142.0,152.0
36062,265.0,169.0,139.0,139.0
36063,244.0,136.0,137.0,125.0
36064,256.0,164.0,147.0,130.0
36065,241.0,132.0,124.0,128.0
36066,247.0,92.0,138.0,125.0
36067,254.0,105.0,140.0,153.0
36068,250.0,126.0,132.0,144.0
36069,232.0,112.0,131.0,125.0
36070,239.0,134.0,131.0,132.0
36071,260.0,165.0,146.0,140.0
36072,236.0,219.0,142.0,141.0
36073,221.0,99.0,130.0,121.0
36074,252.0,205.0,167.0,146.0
36075,239.0,126.0,139.0,138.0
36076,252.0,93.0,125.0,140.0
36077,254.0,198.0,137.0,140.0
36078,241.0,211.0,136.0,138.0
36079,248.0,237.0,159.0,148.0
36080,232.0,223.0,141.0,125.0
36081,245.0,183.0,128.0,154.0
36082,246.0,154.0,140.0,151.0
36083,229.0,107.0,131.0,126.0
36084,258.0,232.0,154.0,140.0
36085,237.0,202.0,129.0,131.0
36086,252.0,130.0,144.0,155.0
36087,264.0,115.0,149.0,161.0
36088,270.0,148.0,175.0,150.0
36089,268.0,134.0,148.0,154.0
36090,267.0,146.0,141.0,158.0
36091,240.0,227.0,140.0,126.0
36092,241.0,119.0,132.0,139.0
36093,232.0,202.0,124.0,128.0
36094,264.0,124.0,155.0,143.0
36095,267.0,89.0,158.0,144.0
36096,248.0,76.0,140.0,137.0
36097,249.0,222.0,128.0,134.0
36098,248.0,119.0,131.0,144.0
36099,250.0,112.0,115.0,142.0
36100,260.0,143.0,152.0,131.0
36101,262.0,152.0,144.0,155.0
36102,268.0,234.0,164.0,145.0
36103,229.0,130.0,125.0,123.0
36104,239.0,116.0,131.0,136.0
36105,256.0,213.0,130.0,139.0
36106,247.0,133.0,138.0,140.0
36107,266.0,123.0,137.0,151.0
36108,237.0,91.0,146.0,135.0
36109,250.0,244.0,143.0,117.0
36110,253.0,208.0,137.0,140.0
36111,274.0,168.0,144.0,156.0
36112,238.0,97.0,133.0,129.0
36113,271.0,96.0,149.0,167.0
36114,256.0,231.0,142.0,139.0
36115,286.0,248.0,160.0,156.0
36116,248.0,217.0,144.0,140.0
36117,258.0,114.0,147.0,147.0
36118,240.0,156.0,137.0,134.0
36119,266.0,235.0,158.0,134.0
36120,265.0,86.0,146.0,153.0
36121,260.0,245.0,157.0,150.0
36122,256.0,241.0,143.0,169.0
36123,270.0,62.0,164.0,155.0
36124,247.0,88.0,147.0,145.0
36125,248.0,215.0,146.0,145.0
36126,262.0,95.0,148.0,142.0
36127,256.0,218.0,151.0,146.0
36128,246.0,137.0,131.0,129.0
36129,266.0,93.0,145.0,146.0
36130,267.0,112.0,158.0,149.0
36131,259.0,134.0,134.0,140.0
36132,234.0,128.0,141.0,119.0
36133,233.0,125.0,131.0,119.0
36134,246.0,188.0,137.0,133.0
36135,238.0,116.0,129.0,114.0
36136,291.0,245.0,156.0,161.0
36137,236.0,91.0,132.0,143.0
36138,255.0,182.0,152.0,149.0
36139,240.0,213.0,122.0,136.0
36140,229.0,147.0,131.0,123.0
36141,281.0,119.0,148.0,154.0
36142,242.0,69.0,132.0,132.0
36143,224.0,129.0,133.0,122.0
36144,253.0,92.0,135.0,145.0
36145,268.0,110.0,154.0,155.0
36146,234.0,89.0,128.0,131.0
36147,243.0,124.0,125.0,140.0
36148,249.0,209.0,131.0,131.0
36149,248.0,205.0,135.0,146.0
36150,252.0,222.0,154.0,134.0
36151,266.0,239.0,142.0,140.0
36152,232.0,204.0,117.0,120.0
36153,255.0,79.0,133.0,151.0
36154,242.0,222.0,131.0,130.0
36155,278.0,234.0,143.0,157.0
36156,246.0,154.0,132.0,121.0
36157,256.0,256.0,164.0,133.0
36158,262.0,107.0,151.0,147.0
36159,244.0,60.0,142.0,144.0
36160,240.0,121.0,138.0,134.0
36161,235.0,95.0,149.0,145.0
36162,260.0,108.0,137.0,133.0
36163,254.0,140.0,153.0,137.0
36164,248.0,131.0,136.0,146.0
36165,227.0,123.0,123.0,135.0
36166,229.0,220.0,130.0,127.0
36167,255.0,213.0,141.0,138.0
36168,259.0,99.0,140.0,143.0
36169,243.0,109.0,142.0,143.0
36170,264.0,76.0,148.0,129.0
36171,263.0,107.0,139.0,140.0
36172,240.0,105.0,127.0,142.0
36173,261.0,229.0,156.0,139.0
36174,259.0,231.0,148.0,149.0
36175,251.0,130.0,150.0,136.0
36176,244.0,116.0,137.0,140.0
36177,268.0,222.0,144.0,157.0
36178,237.0,192.0,141.0,143.0
36179,268.0,197.0,155.0,136.0
36180,249.0,99.0,133.0,133.0
36181,274.0,118.0,160.0,145.0
36182,248.0,139.0,133.0,125.0
36183,220.0,215.0,120.0,126.0
36184,269.0,109.0,138.0,163.0
36185,247.0,129.0,134.0,138.0
36186,241.0,113.0,128.0,140.0
36187,236.0,112.0,132.0,139.0
36188,267.0,109.0,155.0,149.0
36189,246.0,100.0,146.0,133.0
36190,239.0,210.0,135.0,131.0
36191,273.0,114.0,147.0,147.0
36192,269.0,121.0,145.0,160.0
36193,277.0,140.0,154.0,155.0
36194,256.0,213.0,135.0,145.0
36195,241.0,92.0,132.0,132.0
36196,242.0,203.0,135.0,149.0
36197,232.0,197.0,129.0,125.0
36198,262.0,224.0,147.0,140.0
36199,238.0,212.0,133.0,140.0
36200,262.0,103.0,143.0,144.0
36201,266.0,123.0,145.0,148.0
36202,249.0,213.0,130.0,133.0
36203,259.0,69.0,135.0,133.0
36204,251.0,68.0,147.0,137.0
36205,216.0,180.0,122.0,114.0
36206,237.0,126.0,131.0,144.0
36207,238.0,214.0,133.0,126.0
36208,269.0,49.0,143.0,143.0
36209,235.0,99.0,145.0,135.0
36210,260.0,106.0,164.0,139.0
36211,247.0,147.0,145.0,136.0
36212,254.0,153.0,147.0,150.0
36213,229.0,92.0,121.0,122.0
36214,242.0,207.0,139.0,137.0
36215,265.0,87.0,145.0,145.0
36216,259.0,236.0,130.0,153.0
36217,230.0,161.0,141.0,126.0
36218,259.0,202.0,150.0,145.0
36219,258.0,132.0,141.0,137.0
36220,235.0,46.0,135.0,134.0
36221,250.0,109.0,113.0,142.0
36222,267.0,105.0,145.0,149.0
36223,254.0,214.0,134.0,137.0
36224,250.0,96.0,136.0,131.0
36225,234.0,130.0,136.0,134.0
36226,240.0,116.0,128.0,137.0
36227,257.0,94.0,150.0,151.0
36228,251.0,112.0,142.0,144.0
36229,254.0,96.0,139.0,146.0
36230,240.0,205.0,125.0,112.0
36231,245.0,211.0,129.0,143.0
36232,262.0,68.0,144.0,144.0
36233,258.0,214.0,164.0,153.0
36234,250.0,120.0,149.0,142.0
36235,270.0,126.0,142.0,136.0
36236,232.0,164.0,128.0,133.0
36237,267.0,254.0,150.0,153.0
36238,275.0,232.0,150.0,159.0
36239,271.0,211.0,146.0,143.0
36240,253.0,128.0,137.0,162.0
36241,250.0,181.0,150.0,144.0
36242,224.0,97.0,131.0,124.0
36243,251.0,227.0,134.0,137.0
36244,252.0,235.0,144.0,133.0
36245,256.0,101.0,141.0,133.0
36246,235.0,88.0,142.0,145.0
36247,273.0,185.0,171.0,150.0
36248,249.0,87.0,142.0,122.0
36249,258.0,222.0,142.0,146.0
36250,247.0,80.0,129.0,143.0
36251,249.0,217.0,148.0,148.0
36252,247.0,97.0,142.0,139.0
36253,280.0,243.0,161.0,149.0
36254,256.0,254.0,160.0,146.0
36255,243.0,212.0,131.0,125.0
36256,235.0,97.0,128.0,129.0
36257,246.0,238.0,142.0,132.0
36258,254.0,106.0,152.0,141.0
36259,238.0,218.0,135.0,134.0
36260,241.0,236.0,146.0,128.0
36261,258.0,143.0,151.0,159.0
36262,254.0,167.0,158.0,126.0
36263,257.0,84.0,152.0,147.0
36264,234.0,117.0,126.0,130.0
36265,268.0,171.0,154.0,144.0
36266,244.0,116.0,145.0,158.0
36267,243.0,83.0,162.0,129.0
36268,247.0,97.0,135.0,133.0
36269,256.0,214.0,149.0,136.0
36270,245.0,99.0,141.0,129.0
36271,249.0,195.0,144.0,140.0
36272,250.0,133.0,159.0,150.0
36273,245.0,111.0,132.0,134.0
36274,271.0,235.0,149.0,154.0
36275,251.0,228.0,139.0,143.0
36276,229.0,195.0,128.0,130.0
36277,256.0,78.0,148.0,149.0
36278,270.0,245.0,143.0,150.0
36279,260.0,125.0,131.0,150.0
36280,266.0,81.0,168.0,162.0
36281,257.0,168.0,140.0,146.0
36282,237.0,216.0,135.0,125.0
36283,288.0,160.0,163.0,177.0
36284,232.0,91.0,122.0,128.0
36285,256.0,206.0,145.0,167.0
36286,249.0,133.0,130.0,142.0
36287,253.0,95.0,131.0,148.0
36288,267.0,235.0,147.0,155.0
36289,261.0,78.0,141.0,149.0
36290,242.0,181.0,125.0,137.0
36291,227.0,164.0,123.0,135.0
36292,230.0,120.0,121.0,129.0
36293,270.0,131.0,139.0,155.0
36294,251.0,138.0,142.0,130.0
36295,231.0,107.0,138.0,127.0
36296,256.0,98.0,142.0,141.0
36297,240.0,124.0,142.0,136.0
36298,227.0,197.0,117.0,131.0
36299,252.0,69.0,141.0,130.0
36300,240.0,80.0,136.0,132.0
36301,259.0,125.0,148.0,134.0
36302,248.0,161.0,132.0,142.0
36303,243.0,79.0,141.0,129.0
36304,233.0,79.0,123.0,137.0
36305,264.0,220.0,157.0,157.0
36306,226.0,108.0,121.0,123.0
36307,249.0,210.0,142.0,141.0
36308,244.0,218.0,129.0,142.0
36309,223.0,99.0,134.0,115.0
36310,249.0,212.0,126.0,146.0
36311,240.0,87.0,125.0,128.0
36312,260.0,209.0,140.0,152.0
36313,251.0,209.0,151.0,147.0
36314,236.0,108.0,143.0,146.0
36315,271.0,269.0,157.0,161.0
36316,242.0,109.0,145.0,150.0
36317,274.0,119.0,142.0,164.0
36318,241.0,196.0,124.0,125.0
36319,239.0,226.0,133.0,135.0
36320,245.0,83.0,136.0,137.0
36321,252.0,96.0,146.0,149.0
36322,248.0,229.0,120.0,136.0
36323,270.0,153.0,150.0,148.0
36324,268.0,159.0,135.0,152.0
36325,244.0,231.0,128.0,148.0
36326,254.0,241.0,129.0,131.0
36327,260.0,109.0,136.0,158.0
36328,258.0,245.0,155.0,152.0
36329,249.0,209.0,125.0,146.0
36330,240.0,117.0,139.0,150.0
36331,276.0,97.0,157.0,141.0
36332,249.0,97.0,148.0,137.0
36333,256.0,114.0,141.0,135.0
36334,245.0,69.0,141.0,138.0
36335,239.0,87.0,136.0,127.0
36336,237.0,92.0,129.0,137.0
36337,272.0,126.0,151.0,150.0
36338,262.0,219.0,142.0,153.0
36339,253.0,61.0,150.0,136.0
36340,226.0,112.0,130.0,131.0
36341,238.0,223.0,138.0,129.0
36342,243.0,210.0,132.0,140.0
36343,276.0,236.0,149.0,160.0
36344,265.0,172.0,145.0,155.0
36345,245.0,139.0,135.0,134.0
36346,248.0,120.0,138.0,147.0
36347,253.0,213.0,148.0,135.0
36348,218.0,108.0,132.0,125.0
36349,256.0,220.0,163.0,130.0
36350,237.0,64.0,131.0,154.0
36351,245.0,151.0,147.0,139.0
36352,236.0,71.0,136.0,122.0
36353,251.0,113.0,140.0,128.0
36354,256.0,90.0,129.0,140.0
36355,242.0,219.0,137.0,145.0
36356,230.0,202.0,129.0,139.0
36357,239.0,108.0,124.0,142.0
36358,251.0,94.0,144.0,140.0
36359,268.0,218.0,165.0,144.0
36360,217.0,92.0,121.0,128.0
36361,249.0,142.0,134.0,141.0
36362,251.0,132.0,141.0,136.0
36363,272.0,223.0,165.0,153.0
36364,270.0,243.0,157.0,162.0
36365,236.0,85.0,133.0,123.0
36366,240.0,230.0,149.0,136.0
36367,251.0,106.0,138.0,145.0
36368,254.0,119.0,135.0,136.0
36369,226.0,199.0,130.0,125.0
36370,272.0,139.0,159.0,153.0
36371,236.0,97.0,134.0,144.0
36372,258.0,135.0,161.0,140.0
36373,248.0,112.0,130.0,135.0
36374,237.0,201.0,123.0,137.0
36375,255.0,230.0,131.0,159.0
36376,253.0,147.0,132.0,136.0
36377,220.0,218.0,130.0,125.0
36378,230.0,195.0,137.0,125.0
36379,255.0,82.0,145.0,152.0
36380,294.0,139.0,156.0,162.0
36381,264.0,142.0,130.0,167.0
36382,254.0,217.0,136.0,136.0
36383,234.0,190.0,127.0,135.0
36384,240.0,206.0,129.0,134.0
36385,237.0,203.0,132.0,133.0
36386,250.0,181.0,141.0,145.0
36387,255.0,247.0,161.0,148.0
36388,229.0,73.0,122.0,122.0
36389,265.0,229.0,175.0,157.0
36390,263.0,85.0,161.0,144.0
36391,255.0,205.0,127.0,146.0
36392,241.0,139.0,139.0,140.0
36393,270.0,229.0,148.0,150.0
36394,250.0,217.0,140.0,137.0
36395,259.0,226.0,142.0,157.0
36396,252.0,110.0,136.0,142.0
36397,237.0,209.0,130.0,132.0
36398,238.0,88.0,120.0,142.0
36399,263.0,221.0,142.0,147.0
36400,264.0,136.0,152.0,143.0
36401,253.0,109.0,152.0,123.0
36402,272.0,137.0,155.0,153.0
36403,241.0,198.0,134.0,128.0
36404,234.0,121.0,115.0,125.0
36405,230.0,108.0,126.0,132.0
36406,246.0,144.0,127.0,134.0
36407,240.0,204.0,126.0,132.0
36408,257.0,71.0,153.0,132.0
36409,254.0,254.0,144.0,144.0
36410,250.0,214.0,136.0,151.0
36411,244.0,135.0,136.0,139.0
36412,246.0,128.0,148.0,132.0
36413,241.0,219.0,146.0,130.0
36414,235.0,108.0,121.0,123.0
36415,254.0,230.0,140.0,150.0
36416,274.0,238.0,156.0,161.0
36417,264.0,121.0,156.0,146.0
36418,282.0,136.0,156.0,136.0
36419,256.0,223.0,146.0,147.0
36420,237.0,75.0,134.0,129.0
36421,266.0,77.0,141.0,145.0
36422,275.0,111.0,147.0,160.0
36423,256.0,210.0,133.0,143.0
36424,255.0,154.0,139.0,141.0
36425,241.0,228.0,142.0,117.0
36426,236.0,199.0,146.0,134.0
36427,246.0,98.0,136.0,142.0
36428,231.0,79.0,131.0,131.0
36429,253.0,114.0,139.0,132.0
36430,243.0,80.0,143.0,130.0
36431,242.0,134.0,142.0,156.0
36432,244.0,104.0,138.0,139.0
36433,276.0,236.0,154.0,157.0
36434,256.0,98.0,132.0,144.0
36435,246.0,216.0,142.0,161.0
36436,264.0,212.0,148.0,155.0
36437,242.0,129.0,142.0,136.0
36438,249.0,193.0,148.0,135.0
36439,254.0,213.0,133.0,153.0
36440,274.0,140.0,141.0,149.0
36441,237.0,216.0,141.0,121.0
36442,250.0,130.0,139.0,145.0
36443,237.0,195.0,133.0,117.0
36444,254.0,218.0,154.0,148.0
36445,270.0,167.0,137.0,150.0
36446,252.0,175.0,155.0,165.0
36447,238.0,95.0,125.0,132.0
36448,252.0,210.0,149.0,134.0
36449,259.0,229.0,150.0,140.0
36450,259.0,244.0,149.0,144.0
36451,253.0,215.0,150.0,157.0
36452,237.0,220.0,144.0,136.0
36453,250.0,151.0,140.0,145.0
36454,261.0,146.0,135.0,144.0
36455,242.0,199.0,124.0,129.0
36456,241.0,78.0,143.0,135.0
36457,249.0,71.0,148.0,134.0
36458,267.0,112.0,141.0,150.0
36459,241.0,130.0,127.0,125.0
36460,241.0,230.0,121.0,131.0
36461,244.0,93.0,136.0,142.0
36462,221.0,116.0,121.0,130.0
36463,240.0,107.0,132.0,132.0
36464,267.0,77.0,147.0,162.0
36465,249.0,114.0,146.0,132.0
36466,208.0,100.0,103.0,100.0
36467,250.0,229.0,139.0,136.0
36468,256.0,104.0,143.0,133.0
36469,246.0,221.0,145.0,127.0
36470,268.0,146.0,153.0,133.0
36471,250.0,177.0,148.0,135.0
36472,222.0,94.0,127.0,112.0
36473,271.0,109.0,169.0,142.0
36474,274.0,234.0,156.0,146.0
36475,262.0,91.0,131.0,143.0
36476,250.0,79.0,135.0,135.0
36477,254.0,143.0,150.0,152.0
36478,278.0,136.0,146.0,156.0
36479,260.0,177.0,145.0,128.0
36480,242.0,50.0,148.0,134.0
36481,252.0,249.0,145.0,138.0
36482,235.0,190.0,128.0,139.0
36483,261.0,96.0,160.0,140.0
36484,231.0,91.0,126.0,147.0
36485,249.0,225.0,131.0,133.0
36486,233.0,109.0,123.0,136.0
36487,256.0,247.0,148.0,143.0
36488,265.0,190.0,142.0,137.0
36489,251.0,120.0,136.0,140.0
36490,281.0,241.0,151.0,166.0
36491,240.0,95.0,134.0,146.0
36492,240.0,102.0,123.0,136.0
36493,251.0,223.0,149.0,131.0
36494,253.0,117.0,149.0,136.0
36495,253.0,83.0,143.0,138.0
36496,262.0,141.0,151.0,155.0
36497,249.0,85.0,134.0,141.0
36498,236.0,108.0,126.0,131.0
36499,257.0,255.0,152.0,139.0
36500,235.0,206.0,130.0,145.0
36501,250.0,129.0,139.0,146.0
36502,253.0,226.0,147.0,145.0
36503,243.0,216.0,141.0,120.0
36504,249.0,121.0,134.0,141.0
36505,264.0,146.0,140.0,155.0
36506,259.0,230.0,141.0,143.0
36507,272.0,130.0,139.0,150.0
36508,274.0,100.0,144.0,147.0
36509,233.0,104.0,130.0,128.0
36510,245.0,117.0,137.0,133.0
36511,264.0,120.0,147.0,149.0
36512,255.0,116.0,154.0,122.0
36513,245.0,112.0,137.0,133.0
36514,233.0,148.0,135.0,129.0
36515,239.0,73.0,134.0,141.0
36516,259.0,165.0,150.0,142.0
36517,256.0,130.0,139.0,135.0
36518,254.0,120.0,133.0,136.0
36519,252.0,245.0,140.0,130.0
36520,240.0,153.0,119.0,134.0
36521,258.0,226.0,149.0,143.0
36522,262.0,228.0,137.0,146.0
36523,255.0,84.0,154.0,149.0
36524,259.0,222.0,144.0,141.0
36525,245.0,114.0,130.0,145.0
36526,237.0,192.0,148.0,129.0
36527,260.0,163.0,140.0,148.0
36528,241.0,107.0,144.0,150.0
36529,228.0,101.0,130.0,128.0
36530,234.0,213.0,144.0,125.0
36531,269.0,256.0,133.0,138.0
36532,243.0,90.0,132.0,150.0
36533,243.0,122.0,130.0,141.0
36534,265.0,119.0,144.0,149.0
36535,249.0,90.0,129.0,139.0
36536,261.0,158.0,156.0,155.0
36537,250.0,89.0,156.0,137.0
36538,234.0,202.0,137.0,130.0
36539,255.0,101.0,150.0,139.0
36540,244.0,170.0,132.0,133.0
36541,268.0,242.0,148.0,152.0
36542,225.0,180.0,134.0,120.0
36543,256.0,118.0,138.0,147.0
36544,253.0,148.0,136.0,151.0
36545,262.0,149.0,136.0,149.0
36546,246.0,74.0,147.0,135.0
36547,258.0,250.0,148.0,155.0
36548,265.0,231.0,145.0,151.0
36549,252.0,98.0,152.0,130.0
36550,249.0,79.0,141.0,144.0
36551,244.0,135.0,147.0,139.0
36552,256.0,167.0,136.0,150.0
36553,267.0,65.0,141.0,157.0
36554,250.0,90.0,131.0,148.0
36555,255.0,100.0,168.0,144.0
36556,271.0,125.0,157.0,162.0
36557,227.0,105.0,134.0,134.0
36558,265.0,76.0,156.0,155.0
36559,282.0,116.0,162.0,160.0
36560,261.0,222.0,151.0,144.0
36561,251.0,85.0,145.0,148.0
36562,262.0,251.0,146.0,148.0
36563,250.0,158.0,137.0,133.0
36564,273.0,108.0,153.0,155.0
36565,250.0,210.0,130.0,148.0
36566,273.0,250.0,157.0,167.0
36567,222.0,217.0,127.0,133.0
36568,231.0,98.0,138.0,120.0
36569,232.0,118.0,124.0,131.0
36570,261.0,160.0,141.0,155.0
36571,248.0,129.0,117.0,146.0
36572,253.0,206.0,133.0,146.0
36573,265.0,219.0,154.0,154.0
36574,265.0,119.0,151.0,143.0
36575,251.0,223.0,146.0,145.0
36576,269.0,233.0,146.0,140.0
36577,256.0,120.0,137.0,128.0
36578,238.0,90.0,141.0,121.0
36579,267.0,139.0,147.0,137.0
36580,224.0,190.0,137.0,106.0
36581,238.0,103.0,141.0,140.0
36582,240.0,203.0,141.0,122.0
36583,268.0,236.0,136.0,146.0
36584,234.0,194.0,126.0,150.0
36585,255.0,131.0,150.0,127.0
36586,262.0,213.0,160.0,132.0
36587,212.0,98.0,123.0,116.0
36588,220.0,98.0,136.0,122.0
36589,261.0,161.0,149.0,153.0
36590,266.0,155.0,136.0,155.0
36591,246.0,208.0,133.0,124.0
36592,242.0,101.0,150.0,109.0
36593,263.0,96.0,155.0,143.0
36594,241.0,128.0,145.0,136.0
36595,246.0,128.0,147.0,145.0
36596,262.0,134.0,143.0,144.0
36597,257.0,153.0,142.0,142.0
36598,258.0,229.0,141.0,135.0
36599,256.0,118.0,135.0,145.0
36600,266.0,116.0,153.0,165.0
36601,260.0,123.0,132.0,148.0
36602,272.0,168.0,146.0,146.0
36603,253.0,229.0,144.0,139.0
36604,251.0,81.0,134.0,138.0
36605,233.0,77.0,136.0,120.0
36606,272.0,94.0,138.0,146.0
36607,271.0,263.0,147.0,147.0
36608,213.0,190.0,110.0,131.0
36609,236.0,219.0,119.0,146.0
36610,233.0,55.0,147.0,131.0
36611,259.0,101.0,156.0,117.0
36612,269.0,88.0,146.0,169.0
36613,258.0,85.0,150.0,161.0
36614,245.0,236.0,129.0,123.0
36615,254.0,115.0,157.0,148.0
36616,252.0,88.0,133.0,141.0
36617,255.0,109.0,157.0,143.0
36618,225.0,100.0,137.0,132.0
36619,269.0,234.0,163.0,151.0
36620,274.0,237.0,162.0,163.0
36621,276.0,269.0,151.0,149.0
36622,267.0,112.0,152.0,163.0
36623,255.0,128.0,139.0,144.0
36624,253.0,211.0,135.0,145.0
36625,245.0,108.0,148.0,135.0
36626,245.0,130.0,138.0,127.0
36627,239.0,138.0,135.0,141.0
36628,258.0,108.0,150.0,141.0
36629,271.0,124.0,153.0,160.0
36630,244.0,127.0,131.0,138.0
36631,245.0,103.0,131.0,138.0
36632,246.0,204.0,133.0,116.0
36633,232.0,196.0,138.0,131.0
36634,253.0,242.0,138.0,147.0
36635,257.0,129.0,141.0,147.0
36636,233.0,100.0,126.0,122.0
36637,265.0,94.0,160.0,147.0
36638,274.0,141.0,148.0,143.0
36639,246.0,137.0,136.0,133.0
36640,265.0,112.0,161.0,160.0
36641,253.0,95.0,137.0,131.0
36642,231.0,97.0,135.0,113.0
36643,236.0,170.0,128.0,128.0
36644,251.0,68.0,138.0,144.0
36645,246.0,234.0,119.0,137.0
36646,279.0,131.0,131.0,151.0
36647,232.0,146.0,135.0,130.0
36648,255.0,117.0,144.0,140.0
36649,258.0,218.0,154.0,156.0
36650,263.0,92.0,145.0,145.0
36651,260.0,104.0,135.0,128.0
36652,242.0,136.0,140.0,136.0
36653,267.0,262.0,160.0,147.0
36654,267.0,149.0,153.0,150.0
36655,250.0,217.0,132.0,143.0
36656,231.0,85.0,132.0,132.0
36657,232.0,83.0,141.0,136.0
36658,262.0,48.0,157.0,139.0
36659,243.0,119.0,118.0,134.0
36660,254.0,228.0,141.0,144.0
36661,255.0,208.0,152.0,124.0
36662,254.0,84.0,123.0,142.0
36663,256.0,105.0,156.0,132.0
36664,252.0,102.0,125.0,138.0
36665,249.0,75.0,137.0,142.0
36666,257.0,253.0,147.0,141.0
36667,248.0,130.0,141.0,126.0
36668,244.0,109.0,138.0,127.0
36669,235.0,209.0,137.0,131.0
36670,241.0,86.0,144.0,115.0
36671,234.0,110.0,132.0,125.0
36672,253.0,93.0,142.0,155.0
36673,241.0,120.0,155.0,130.0
36674,251.0,206.0,133.0,125.0
36675,275.0,124.0,150.0,155.0
36676,241.0,134.0,126.0,129.0
36677,244.0,147.0,146.0,133.0
36678,254.0,122.0,144.0,140.0
36679,245.0,104.0,154.0,137.0
36680,247.0,174.0,135.0,140.0
36681,247.0,139.0,142.0,134.0
36682,236.0,206.0,130.0,136.0
36683,250.0,207.0,137.0,149.0
36684,269.0,107.0,160.0,131.0
36685,254.0,104.0,141.0,139.0
36686,272.0,262.0,152.0,138.0
36687,266.0,133.0,150.0,148.0
36688,228.0,128.0,123.0,109.0
36689,253.0,56.0,145.0,125.0
36690,256.0,102.0,138.0,133.0
36691,259.0,100.0,133.0,162.0
36692,238.0,124.0,134.0,132.0
36693,274.0,244.0,161.0,148.0
36694,271.0,116.0,156.0,150.0
36695,249.0,109.0,139.0,145.0
36696,242.0,219.0,144.0,141.0
36697,256.0,256.0,132.0,151.0
36698,254.0,103.0,138.0,143.0
36699,231.0,89.0,124.0,129.0
36700,228.0,96.0,124.0,135.0
36701,228.0,134.0,125.0,135.0
36702,256.0,243.0,147.0,147.0
36703,254.0,96.0,135.0,139.0
36704,239.0,72.0,141.0,132.0
36705,256.0,129.0,143.0,137.0
36706,239.0,145.0,120.0,141.0
36707,233.0,86.0,124.0,129.0
36708,262.0,128.0,151.0,147.0
36709,256.0,79.0,142.0,144.0
36710,269.0,234.0,141.0,158.0
36711,261.0,226.0,138.0,140.0
36712,247.0,221.0,143.0,147.0
36713,229.0,182.0,123.0,130.0
36714,247.0,122.0,131.0,122.0
36715,247.0,92.0,134.0,142.0
36716,240.0,111.0,120.0,131.0
36717,261.0,237.0,143.0,155.0
36718,240.0,93.0,142.0,142.0
36719,238.0,95.0,132.0,119.0
36720,248.0,86.0,142.0,142.0
36721,247.0,111.0,144.0,131.0
36722,270.0,224.0,154.0,153.0
36723,252.0,125.0,132.0,154.0
36724,264.0,153.0,150.0,151.0
36725,253.0,122.0,138.0,146.0
36726,252.0,217.0,143.0,139.0
36727,262.0,239.0,130.0,154.0
36728,262.0,122.0,148.0,144.0
36729,254.0,124.0,142.0,129.0
36730,235.0,182.0,116.0,121.0
36731,237.0,199.0,131.0,124.0
36732,217.0,179.0,120.0,133.0
36733,238.0,102.0,131.0,143.0
36734,243.0,123.0,131.0,136.0
36735,235.0,102.0,140.0,124.0
36736,249.0,118.0,136.0,142.0
36737,254.0,111.0,152.0,157.0
36738,248.0,106.0,149.0,148.0
36739,257.0,102.0,161.0,137.0
36740,260.0,142.0,150.0,145.0
36741,250.0,129.0,149.0,146.0
36742,230.0,116.0,126.0,128.0
36743,234.0,95.0,128.0,133.0
36744,251.0,76.0,154.0,137.0
36745,243.0,112.0,144.0,128.0
36746,263.0,239.0,142.0,150.0
36747,244.0,140.0,138.0,123.0
36748,232.0,86.0,112.0,120.0
36749,246.0,213.0,142.0,142.0
36750,239.0,140.0,132.0,137.0
36751,232.0,104.0,123.0,123.0
36752,241.0,77.0,140.0,141.0
36753,243.0,220.0,142.0,130.0
36754,225.0,194.0,134.0,114.0
36755,272.0,271.0,159.0,152.0
36756,235.0,115.0,121.0,130.0
36757,245.0,214.0,134.0,145.0
36758,230.0,192.0,120.0,128.0
36759,247.0,77.0,157.0,143.0
36760,267.0,230.0,150.0,137.0
36761,228.0,187.0,119.0,132.0
36762,249.0,151.0,136.0,130.0
36763,241.0,109.0,140.0,133.0
36764,251.0,216.0,142.0,138.0
36765,253.0,147.0,135.0,146.0
36766,246.0,104.0,121.0,149.0
36767,278.0,247.0,142.0,157.0
36768,237.0,110.0,140.0,133.0
36769,247.0,96.0,142.0,147.0
36770,260.0,128.0,145.0,156.0
36771,252.0,124.0,146.0,146.0
36772,250.0,189.0,134.0,145.0
36773,233.0,232.0,150.0,137.0
36774,269.0,109.0,158.0,171.0
36775,248.0,126.0,148.0,129.0
36776,254.0,152.0,155.0,140.0
36777,260.0,222.0,133.0,146.0
36778,245.0,212.0,139.0,131.0
36779,235.0,114.0,136.0,128.0
36780,230.0,213.0,137.0,135.0
36781,254.0,125.0,135.0,152.0
36782,243.0,106.0,144.0,138.0
36783,254.0,109.0,147.0,145.0
36784,263.0,110.0,148.0,137.0
36785,242.0,96.0,129.0,132.0
36786,251.0,149.0,144.0,141.0
36787,244.0,129.0,136.0,127.0
36788,239.0,211.0,142.0,135.0
36789,263.0,233.0,142.0,165.0
36790,250.0,238.0,156.0,143.0
36791,230.0,75.0,122.0,117.0
36792,231.0,231.0,150.0,145.0
36793,248.0,84.0,152.0,152.0
36794,241.0,121.0,142.0,125.0
36795,247.0,210.0,143.0,131.0
36796,240.0,121.0,139.0,127.0
36797,237.0,113.0,128.0,130.0
36798,277.0,125.0,159.0,156.0
36799,247.0,102.0,149.0,142.0
36800,262.0,220.0,155.0,140.0
36801,250.0,71.0,148.0,136.0
36802,250.0,108.0,141.0,145.0
36803,239.0,114.0,130.0,125.0
36804,257.0,174.0,146.0,154.0
36805,255.0,139.0,145.0,146.0
36806,268.0,260.0,147.0,153.0
36807,239.0,218.0,133.0,123.0
36808,233.0,81.0,121.0,134.0
36809,231.0,140.0,126.0,138.0
36810,260.0,237.0,129.0,167.0
36811,249.0,219.0,141.0,148.0
36812,239.0,85.0,123.0,134.0
36813,244.0,101.0,118.0,132.0
36814,253.0,142.0,129.0,139.0
36815,258.0,237.0,134.0,136.0
36816,236.0,225.0,124.0,124.0
36817,261.0,105.0,130.0,151.0
36818,271.0,261.0,137.0,141.0
36819,227.0,130.0,131.0,122.0
36820,249.0,149.0,138.0,159.0
36821,242.0,207.0,138.0,131.0
36822,255.0,109.0,148.0,144.0
36823,252.0,210.0,135.0,135.0
36824,256.0,124.0,158.0,120.0
36825,264.0,242.0,144.0,138.0
36826,247.0,225.0,131.0,145.0
36827,245.0,228.0,126.0,142.0
36828,234.0,120.0,119.0,124.0
36829,259.0,114.0,145.0,144.0
36830,266.0,235.0,146.0,137.0
36831,235.0,124.0,121.0,131.0
36832,261.0,95.0,155.0,145.0
36833,263.0,237.0,146.0,145.0
36834,241.0,240.0,138.0,128.0
36835,236.0,98.0,126.0,130.0
36836,239.0,90.0,134.0,132.0
36837,256.0,113.0,155.0,153.0
36838,259.0,245.0,148.0,147.0
36839,246.0,205.0,134.0,138.0
36840,259.0,119.0,139.0,152.0
36841,237.0,230.0,137.0,125.0
36842,249.0,205.0,136.0,134.0
36843,267.0,122.0,142.0,135.0
36844,244.0,202.0,141.0,148.0
36845,253.0,143.0,147.0,149.0
36846,248.0,114.0,144.0,136.0
36847,263.0,99.0,165.0,133.0
36848,273.0,202.0,148.0,148.0
36849,242.0,204.0,132.0,137.0
36850,250.0,77.0,141.0,147.0
36851,256.0,118.0,132.0,139.0
36852,240.0,143.0,136.0,135.0
36853,236.0,230.0,137.0,127.0
36854,235.0,90.0,116.0,142.0
36855,229.0,92.0,129.0,126.0
36856,221.0,118.0,116.0,133.0
36857,249.0,135.0,122.0,128.0
36858,254.0,250.0,138.0,146.0
36859,266.0,141.0,136.0,155.0
36860,261.0,218.0,157.0,148.0
36861,232.0,198.0,119.0,128.0
36862,273.0,254.0,171.0,143.0
36863,256.0,213.0,160.0,146.0
36864,265.0,86.0,144.0,160.0
36865,251.0,223.0,118.0,141.0
36866,241.0,97.0,143.0,123.0
36867,256.0,135.0,137.0,135.0
36868,257.0,107.0,135.0,144.0
36869,254.0,225.0,133.0,141.0
36870,243.0,214.0,156.0,146.0
36871,271.0,96.0,134.0,133.0
36872,267.0,237.0,149.0,141.0
36873,242.0,110.0,132.0,142.0
36874,236.0,202.0,137.0,124.0
36875,249.0,215.0,138.0,143.0
36876,214.0,185.0,118.0,128.0
36877,246.0,98.0,148.0,145.0
36878,231.0,218.0,125.0,135.0
36879,249.0,103.0,133.0,137.0
36880,242.0,82.0,140.0,124.0
36881,248.0,211.0,133.0,156.0
36882,242.0,126.0,140.0,131.0
36883,242.0,128.0,123.0,125.0
36884,233.0,126.0,136.0,139.0
36885,255.0,200.0,162.0,144.0
36886,269.0,234.0,151.0,153.0
36887,252.0,216.0,137.0,136.0
36888,255.0,150.0,148.0,142.0
36889,230.0,188.0,132.0,140.0
36890,263.0,124.0,158.0,157.0
36891,248.0,222.0,120.0,143.0
36892,235.0,133.0,122.0,124.0
36893,249.0,204.0,142.0,131.0
36894,227.0,205.0,127.0,136.0
36895,239.0,217.0,139.0,136.0
36896,247.0,120.0,134.0,146.0
36897,269.0,100.0,142.0,150.0
36898,246.0,75.0,152.0,157.0
36899,255.0,140.0,141.0,151.0
36900,258.0,220.0,128.0,139.0
36901,246.0,97.0,144.0,141.0
36902,227.0,82.0,132.0,129.0
36903,266.0,111.0,144.0,150.0
36904,241.0,85.0,129.0,139.0
36905,267.0,237.0,165.0,166.0
36906,275.0,173.0,154.0,161.0
36907,260.0,94.0,152.0,122.0
36908,249.0,147.0,131.0,152.0
36909,245.0,180.0,158.0,145.0
36910,273.0,109.0,161.0,160.0
36911,235.0,65.0,144.0,138.0
36912,235.0,63.0,136.0,128.0
36913,259.0,231.0,156.0,150.0
36914,248.0,207.0,136.0,135.0
36915,226.0,99.0,124.0,112.0
36916,255.0,89.0,145.0,159.0
36917,248.0,209.0,147.0,147.0
36918,278.0,242.0,137.0,143.0
36919,253.0,227.0,145.0,146.0
36920,239.0,224.0,140.0,127.0
36921,246.0,243.0,128.0,140.0
36922,239.0,236.0,138.0,142.0
36923,250.0,137.0,153.0,143.0
36924,263.0,105.0,148.0,143.0
36925,253.0,107.0,138.0,131.0
36926,272.0,272.0,163.0,176.0
36927,245.0,59.0,138.0,127.0
36928,266.0,218.0,145.0,152.0
36929,246.0,121.0,131.0,143.0
36930,253.0,116.0,143.0,149.0
36931,248.0,232.0,150.0,135.0
36932,244.0,216.0,130.0,131.0
36933,257.0,85.0,146.0,149.0
36934,260.0,216.0,136.0,140.0
36935,231.0,98.0,134.0,120.0
36936,260.0,115.0,138.0,144.0
36937,246.0,78.0,147.0,119.0
36938,241.0,121.0,141.0,133.0
36939,243.0,94.0,134.0,134.0
36940,268.0,107.0,147.0,155.0
36941,262.0,113.0,139.0,149.0
36942,241.0,84.0,154.0,136.0
36943,241.0,111.0,125.0,128.0
36944,246.0,209.0,139.0,126.0
36945,240.0,132.0,134.0,140.0
36946,268.0,243.0,160.0,136.0
36947,259.0,222.0,141.0,142.0
36948,251.0,84.0,135.0,141.0
36949,264.0,219.0,147.0,144.0
36950,267.0,236.0,159.0,143.0
36951,257.0,80.0,146.0,131.0
36952,246.0,237.0,124.0,143.0
36953,237.0,94.0,140.0,142.0
36954,241.0,84.0,132.0,137.0
36955,259.0,259.0,148.0,157.0
36956,275.0,106.0,153.0,155.0
36957,229.0,76.0,130.0,117.0
36958,256.0,99.0,143.0,155.0
36959,269.0,250.0,148.0,144.0
36960,230.0,224.0,136.0,137.0
36961,284.0,90.0,163.0,165.0
36962,223.0,104.0,134.0,133.0
36963,258.0,228.0,137.0,148.0
36964,238.0,208.0,135.0,139.0
36965,248.0,80.0,138.0,144.0
36966,241.0,232.0,137.0,128.0
36967,259.0,65.0,139.0,146.0
36968,249.0,95.0,156.0,128.0
36969,250.0,123.0,124.0,145.0
36970,261.0,129.0,144.0,141.0
36971,261.0,194.0,156.0,154.0
36972,279.0,155.0,143.0,170.0
36973,251.0,125.0,147.0,150.0
36974,235.0,97.0,131.0,122.0
36975,250.0,99.0,149.0,141.0
36976,252.0,69.0,134.0,140.0
36977,260.0,122.0,148.0,148.0
36978,233.0,91.0,145.0,136.0
36979,268.0,233.0,146.0,154.0
36980,240.0,204.0,135.0,134.0
36981,233.0,114.0,136.0,117.0
36982,279.0,128.0,152.0,147.0
36983,279.0,91.0,146.0,163.0
36984,278.0,138.0,157.0,162.0
36985,246.0,224.0,135.0,130.0
36986,247.0,90.0,141.0,142.0
36987,233.0,93.0,126.0,120.0
36988,246.0,112.0,139.0,131.0
36989,248.0,245.0,143.0,141.0
36990,255.0,124.0,137.0,132.0
36991,265.0,232.0,157.0,147.0
36992,258.0,72.0,144.0,131.0
36993,244.0,209.0,154.0,133.0
36994,232.0,197.0,126.0,127.0
36995,271.0,122.0,151.0,156.0
36996,224.0,77.0,118.0,113.0
36997,230.0,221.0,119.0,133.0
36998,245.0,186.0,137.0,132.0
36999,227.0,94.0,118.0,120.0
37000,273.0,111.0,146.0,154.0
37001,243.0,70.0,128.0,130.0
37002,246.0,215.0,153.0,155.0
37003,249.0,103.0,122.0,137.0
37004,262.0,146.0,140.0,154.0
37005,252.0,48.0,138.0,141.0
37006,240.0,211.0,139.0,142.0
37007,235.0,193.0,129.0,131.0
37008,263.0,155.0,147.0,137.0
37009,233.0,111.0,118.0,129.0
37010,256.0,250.0,134.0,140.0
37011,243.0,195.0,133.0,141.0
37012,248.0,234.0,137.0,130.0
37013,259.0,215.0,145.0,134.0
37014,245.0,88.0,144.0,139.0
37015,251.0,119.0,154.0,154.0
37016,239.0,136.0,125.0,141.0
37017,248.0,152.0,149.0,134.0
37018,239.0,149.0,130.0,134.0
37019,247.0,118.0,133.0,142.0
37020,241.0,138.0,138.0,135.0
37021,244.0,207.0,128.0,115.0
37022,244.0,147.0,131.0,140.0
37023,227.0,148.0,140.0,130.0
37024,249.0,205.0,145.0,130.0
37025,232.0,83.0,133.0,137.0
37026,261.0,86.0,147.0,143.0
37027,274.0,102.0,162.0,145.0
37028,260.0,143.0,142.0,148.0
37029,252.0,86.0,134.0,147.0
37030,252.0,94.0,150.0,138.0
37031,253.0,216.0,141.0,153.0
37032,257.0,74.0,152.0,135.0
37033,253.0,57.0,136.0,139.0
37034,247.0,97.0,139.0,125.0
37035,229.0,154.0,115.0,142.0
37036,251.0,157.0,135.0,135.0
37037,250.0,220.0,133.0,141.0
37038,235.0,211.0,133.0,137.0
37039,252.0,108.0,136.0,138.0
37040,256.0,117.0,141.0,141.0
37041,286.0,105.0,163.0,169.0
37042,238.0,141.0,134.0,134.0
37043,231.0,132.0,125.0,141.0
37044,225.0,219.0,141.0,129.0
37045,251.0,103.0,139.0,127.0
37046,232.0,195.0,133.0,128.0
37047,250.0,224.0,151.0,152.0
37048,231.0,55.0,132.0,125.0
37049,264.0,102.0,145.0,138.0
37050,253.0,81.0,161.0,144.0
37051,235.0,204.0,140.0,134.0
37052,249.0,109.0,135.0,151.0
37053,256.0,229.0,149.0,126.0
37054,238.0,125.0,140.0,132.0
37055,250.0,115.0,144.0,134.0
37056,268.0,220.0,156.0,145.0
37057,256.0,229.0,144.0,125.0
37058,246.0,192.0,146.0,138.0
37059,268.0,234.0,138.0,160.0
37060,239.0,84.0,130.0,138.0
37061,253.0,91.0,138.0,138.0
37062,241.0,92.0,140.0,134.0
37063,258.0,125.0,153.0,150.0
37064,244.0,115.0,134.0,141.0
37065,259.0,81.0,154.0,155.0
37066,253.0,130.0,137.0,153.0
37067,246.0,81.0,153.0,145.0
37068,243.0,147.0,133.0,131.0
37069,275.0,262.0,170.0,153.0
37070,257.0,83.0,161.0,139.0
37071,258.0,229.0,150.0,137.0
37072,266.0,82.0,149.0,162.0
37073,245.0,102.0,133.0,135.0
37074,243.0,70.0,150.0,138.0
37075,221.0,75.0,115.0,134.0
37076,251.0,132.0,155.0,148.0
37077,249.0,135.0,144.0,146.0
37078,263.0,102.0,153.0,162.0
37079,285.0,275.0,148.0,163.0
37080,245.0,164.0,138.0,141.0
37081,257.0,83.0,149.0,145.0
37082,246.0,212.0,139.0,144.0
37083,238.0,157.0,138.0,139.0
37084,256.0,109.0,148.0,141.0
37085,248.0,238.0,136.0,156.0
37086,226.0,219.0,130.0,127.0
37087,256.0,116.0,144.0,144.0
37088,263.0,121.0,156.0,156.0
37089,249.0,140.0,131.0,142.0
37090,229.0,54.0,137.0,144.0
37091,232.0,110.0,141.0,131.0
37092,244.0,212.0,135.0,144.0
37093,256.0,249.0,130.0,146.0
37094,244.0,210.0,142.0,132.0
37095,250.0,94.0,139.0,145.0
37096,248.0,231.0,135.0,127.0
37097,242.0,82.0,137.0,126.0
37098,262.0,86.0,142.0,140.0
37099,253.0,131.0,138.0,150.0
37100,240.0,127.0,116.0,138.0
37101,256.0,127.0,145.0,138.0
37102,256.0,104.0,155.0,141.0
37103,250.0,250.0,142.0,146.0
37104,262.0,125.0,153.0,147.0
37105,270.0,98.0,149.0,161.0
37106,267.0,159.0,146.0,156.0
37107,236.0,228.0,125.0,141.0
37108,240.0,213.0,136.0,131.0
37109,253.0,248.0,142.0,140.0
37110,227.0,87.0,132.0,133.0
37111,236.0,76.0,145.0,108.0
37112,239.0,116.0,137.0,127.0
37113,266.0,142.0,147.0,153.0
37114,264.0,75.0,141.0,154.0
37115,266.0,122.0,148.0,152.0
37116,241.0,123.0,140.0,132.0
37117,233.0,115.0,123.0,131.0
37118,243.0,89.0,140.0,144.0
37119,231.0,170.0,135.0,128.0
37120,260.0,123.0,134.0,148.0
37121,265.0,227.0,143.0,142.0
37122,254.0,208.0,140.0,149.0
37123,238.0,203.0,128.0,141.0
37124,258.0,148.0,159.0,130.0
37125,247.0,132.0,130.0,140.0
37126,232.0,106.0,137.0,131.0
37127,293.0,263.0,162.0,166.0
37128,254.0,169.0,146.0,131.0
37129,256.0,232.0,138.0,148.0
37130,244.0,220.0,136.0,137.0
37131,254.0,210.0,140.0,136.0
37132,267.0,213.0,167.0,147.0
37133,239.0,233.0,144.0,130.0
37134,245.0,125.0,132.0,136.0
37135,251.0,244.0,143.0,119.0
37136,241.0,113.0,137.0,142.0
37137,250.0,92.0,138.0,144.0
37138,253.0,126.0,148.0,157.0
37139,259.0,177.0,144.0,136.0
37140,252.0,160.0,132.0,135.0
37141,236.0,72.0,135.0,135.0
37142,265.0,106.0,144.0,156.0
37143,266.0,129.0,157.0,141.0
37144,255.0,117.0,127.0,148.0
37145,229.0,189.0,139.0,121.0
37146,259.0,216.0,147.0,155.0
37147,237.0,114.0,145.0,123.0
37148,244.0,133.0,116.0,131.0
37149,248.0,216.0,140.0,147.0
37150,248.0,214.0,167.0,138.0
37151,234.0,113.0,121.0,123.0
37152,248.0,201.0,135.0,148.0
37153,264.0,145.0,166.0,150.0
37154,245.0,84.0,129.0,131.0
37155,264.0,123.0,144.0,155.0
37156,259.0,214.0,148.0,135.0
37157,241.0,236.0,147.0,125.0
37158,241.0,125.0,132.0,147.0
37159,252.0,91.0,144.0,165.0
37160,219.0,187.0,118.0,123.0
37161,245.0,203.0,126.0,141.0
37162,248.0,103.0,129.0,137.0
37163,204.0,76.0,115.0,107.0
37164,238.0,86.0,135.0,140.0
37165,249.0,245.0,123.0,146.0
37166,274.0,136.0,143.0,148.0
37167,223.0,200.0,128.0,126.0
37168,272.0,99.0,144.0,166.0
37169,243.0,223.0,149.0,141.0
37170,249.0,169.0,149.0,138.0
37171,237.0,212.0,133.0,131.0
37172,265.0,138.0,147.0,133.0
37173,245.0,127.0,138.0,138.0
37174,247.0,194.0,143.0,139.0
37175,242.0,150.0,132.0,142.0
37176,242.0,127.0,135.0,135.0
37177,252.0,215.0,132.0,154.0
37178,261.0,77.0,134.0,143.0
37179,226.0,113.0,126.0,133.0
37180,246.0,209.0,146.0,140.0
37181,244.0,124.0,141.0,120.0
37182,232.0,222.0,136.0,138.0
37183,256.0,101.0,149.0,138.0
37184,243.0,226.0,129.0,146.0
37185,235.0,209.0,150.0,139.0
37186,263.0,211.0,156.0,159.0
37187,257.0,221.0,140.0,147.0
37188,259.0,103.0,151.0,147.0
37189,250.0,217.0,131.0,134.0
37190,256.0,82.0,160.0,152.0
37191,234.0,133.0,124.0,135.0
37192,237.0,218.0,134.0,134.0
37193,261.0,151.0,153.0,151.0
37194,304.0,142.0,171.0,171.0
37195,257.0,186.0,140.0,149.0
37196,284.0,104.0,176.0,160.0
37197,259.0,144.0,132.0,137.0
37198,253.0,212.0,125.0,141.0
37199,264.0,220.0,140.0,152.0
37200,253.0,145.0,135.0,128.0
37201,257.0,75.0,144.0,142.0
37202,242.0,51.0,135.0,130.0
37203,255.0,89.0,145.0,146.0
37204,256.0,140.0,146.0,145.0
37205,213.0,210.0,126.0,123.0
37206,242.0,108.0,131.0,141.0
37207,266.0,115.0,152.0,149.0
37208,256.0,107.0,141.0,133.0
37209,249.0,216.0,149.0,141.0
37210,221.0,159.0,110.0,124.0
37211,262.0,132.0,150.0,138.0
37212,231.0,120.0,126.0,127.0
37213,261.0,112.0,144.0,144.0
37214,227.0,188.0,129.0,121.0
37215,258.0,219.0,144.0,133.0
37216,256.0,116.0,141.0,139.0
37217,251.0,105.0,134.0,138.0
37218,252.0,232.0,143.0,136.0
37219,277.0,276.0,158.0,159.0
37220,236.0,236.0,135.0,149.0
37221,243.0,243.0,134.0,132.0
37222,255.0,74.0,156.0,142.0
37223,251.0,82.0,148.0,140.0
37224,243.0,104.0,141.0,139.0
37225,246.0,126.0,124.0,143.0
37226,263.0,99.0,140.0,156.0
37227,267.0,155.0,143.0,132.0
37228,271.0,243.0,135.0,151.0
37229,239.0,107.0,136.0,123.0
37230,249.0,104.0,149.0,145.0
37231,260.0,127.0,153.0,138.0
37232,213.0,98.0,121.0,128.0
37233,226.0,195.0,134.0,134.0
37234,244.0,198.0,146.0,129.0
37235,246.0,128.0,139.0,141.0
37236,256.0,145.0,149.0,157.0
37237,286.0,90.0,160.0,160.0
37238,257.0,254.0,158.0,132.0
37239,242.0,205.0,113.0,141.0
37240,254.0,235.0,159.0,143.0
37241,246.0,108.0,140.0,133.0
37242,236.0,116.0,133.0,132.0
37243,253.0,228.0,148.0,142.0
37244,231.0,65.0,130.0,129.0
37245,235.0,133.0,140.0,130.0
37246,230.0,59.0,145.0,129.0
37247,254.0,243.0,148.0,136.0
37248,255.0,245.0,150.0,146.0
37249,236.0,188.0,130.0,127.0
37250,229.0,106.0,127.0,138.0
37251,263.0,222.0,159.0,132.0
37252,222.0,134.0,109.0,132.0
37253,243.0,110.0,132.0,150.0
37254,260.0,93.0,140.0,153.0
37255,262.0,121.0,130.0,136.0
37256,256.0,164.0,131.0,145.0
37257,265.0,263.0,160.0,147.0
37258,241.0,133.0,137.0,127.0
37259,265.0,171.0,165.0,147.0
37260,246.0,209.0,135.0,136.0
37261,256.0,137.0,146.0,136.0
37262,242.0,201.0,135.0,147.0
37263,224.0,79.0,123.0,125.0
37264,208.0,173.0,115.0,107.0
37265,264.0,109.0,147.0,157.0
37266,251.0,119.0,134.0,137.0
37267,283.0,75.0,170.0,152.0
37268,233.0,92.0,116.0,130.0
37269,246.0,76.0,140.0,131.0
37270,236.0,155.0,116.0,128.0
37271,247.0,71.0,128.0,144.0
37272,240.0,130.0,121.0,138.0
37273,242.0,114.0,147.0,128.0
37274,273.0,128.0,162.0,156.0
37275,253.0,115.0,150.0,135.0
37276,247.0,126.0,136.0,143.0
37277,251.0,218.0,123.0,145.0
37278,256.0,194.0,151.0,149.0
37279,249.0,74.0,125.0,148.0
37280,244.0,89.0,149.0,125.0
37281,245.0,79.0,112.0,134.0
37282,264.0,104.0,140.0,160.0
37283,257.0,119.0,155.0,152.0
37284,251.0,139.0,144.0,141.0
37285,255.0,251.0,128.0,141.0
37286,243.0,210.0,143.0,138.0
37287,277.0,240.0,146.0,157.0
37288,240.0,211.0,130.0,143.0
37289,250.0,171.0,141.0,159.0
37290,244.0,121.0,130.0,140.0
37291,238.0,199.0,137.0,134.0
37292,261.0,233.0,136.0,143.0
37293,243.0,107.0,140.0,122.0
37294,221.0,120.0,129.0,126.0
37295,245.0,215.0,132.0,139.0
37296,234.0,57.0,135.0,122.0
37297,252.0,149.0,159.0,140.0
37298,247.0,238.0,130.0,154.0
37299,242.0,122.0,126.0,141.0
37300,248.0,126.0,137.0,138.0
37301,249.0,211.0,147.0,145.0
37302,257.0,226.0,127.0,152.0
37303,235.0,127.0,140.0,123.0
37304,240.0,112.0,125.0,142.0
37305,229.0,82.0,130.0,126.0
37306,265.0,148.0,164.0,148.0
37307,267.0,244.0,154.0,148.0
37308,224.0,188.0,124.0,129.0
37309,230.0,119.0,134.0,130.0
37310,242.0,216.0,121.0,144.0
37311,257.0,85.0,139.0,134.0
37312,255.0,118.0,156.0,143.0
37313,260.0,241.0,157.0,162.0
37314,235.0,100.0,135.0,128.0
37315,239.0,143.0,117.0,131.0
37316,242.0,78.0,132.0,131.0
37317,243.0,241.0,135.0,145.0
37318,251.0,109.0,149.0,145.0
37319,275.0,114.0,171.0,158.0
37320,252.0,94.0,131.0,139.0
37321,261.0,255.0,164.0,146.0
37322,249.0,68.0,136.0,142.0
37323,264.0,120.0,147.0,149.0
37324,233.0,126.0,129.0,125.0
37325,260.0,149.0,126.0,146.0
37326,261.0,251.0,154.0,141.0
37327,258.0,235.0,142.0,139.0
37328,270.0,108.0,157.0,160.0
37329,240.0,115.0,140.0,149.0
37330,253.0,76.0,148.0,136.0
37331,228.0,203.0,129.0,124.0
37332,220.0,73.0,113.0,123.0
37333,246.0,79.0,157.0,134.0
37334,252.0,223.0,137.0,136.0
37335,239.0,120.0,141.0,144.0
37336,264.0,221.0,158.0,149.0
37337,232.0,124.0,116.0,135.0
37338,253.0,90.0,156.0,140.0
37339,265.0,228.0,141.0,145.0
37340,254.0,242.0,149.0,153.0
37341,247.0,117.0,132.0,138.0
37342,273.0,85.0,161.0,165.0
37343,246.0,63.0,126.0,148.0
37344,253.0,124.0,151.0,139.0
37345,247.0,133.0,135.0,145.0
37346,265.0,233.0,157.0,157.0
37347,272.0,240.0,160.0,155.0
37348,245.0,204.0,134.0,139.0
37349,244.0,117.0,135.0,140.0
37350,278.0,118.0,158.0,157.0
37351,247.0,113.0,131.0,144.0
37352,254.0,230.0,135.0,138.0
37353,248.0,213.0,138.0,141.0
37354,237.0,85.0,125.0,132.0
37355,239.0,160.0,137.0,148.0
37356,249.0,77.0,139.0,129.0
37357,249.0,100.0,140.0,132.0
37358,237.0,208.0,133.0,141.0
37359,250.0,126.0,136.0,127.0
37360,248.0,216.0,143.0,144.0
37361,256.0,220.0,126.0,143.0
37362,244.0,201.0,134.0,134.0
37363,218.0,125.0,131.0,113.0
37364,249.0,246.0,155.0,133.0
37365,242.0,69.0,137.0,135.0
37366,261.0,130.0,139.0,144.0
37367,296.0,188.0,152.0,178.0
37368,238.0,204.0,130.0,129.0
37369,258.0,245.0,144.0,138.0
37370,232.0,219.0,138.0,136.0
37371,277.0,129.0,144.0,160.0
37372,274.0,77.0,156.0,156.0
37373,252.0,243.0,130.0,126.0
37374,247.0,100.0,139.0,139.0
37375,272.0,270.0,151.0,152.0
37376,240.0,109.0,129.0,136.0
37377,256.0,226.0,152.0,150.0
37378,258.0,96.0,141.0,137.0
37379,244.0,104.0,128.0,128.0
37380,226.0,190.0,130.0,123.0
37381,240.0,100.0,138.0,131.0
37382,256.0,130.0,138.0,137.0
37383,240.0,140.0,135.0,138.0
37384,236.0,118.0,127.0,136.0
37385,240.0,46.0,136.0,135.0
37386,261.0,230.0,137.0,147.0
37387,245.0,166.0,132.0,146.0
37388,262.0,228.0,152.0,138.0
37389,235.0,98.0,136.0,138.0
37390,264.0,166.0,159.0,145.0
37391,250.0,151.0,147.0,149.0
37392,241.0,209.0,149.0,128.0
37393,225.0,179.0,121.0,120.0
37394,246.0,211.0,140.0,144.0
37395,242.0,211.0,136.0,133.0
37396,231.0,120.0,118.0,132.0
37397,266.0,100.0,139.0,143.0
37398,237.0,191.0,135.0,134.0
37399,249.0,178.0,135.0,145.0
37400,211.0,200.0,111.0,129.0
37401,257.0,108.0,151.0,146.0
37402,238.0,138.0,128.0,137.0
37403,251.0,127.0,148.0,147.0
37404,239.0,68.0,134.0,130.0
37405,258.0,95.0,148.0,158.0
37406,246.0,106.0,137.0,139.0
37407,261.0,212.0,151.0,135.0
37408,245.0,230.0,152.0,135.0
37409,259.0,149.0,149.0,149.0
37410,262.0,224.0,152.0,131.0
37411,259.0,225.0,147.0,142.0
37412,251.0,78.0,132.0,137.0
37413,247.0,204.0,130.0,136.0
37414,257.0,247.0,149.0,137.0
37415,240.0,236.0,125.0,140.0
37416,244.0,240.0,138.0,120.0
37417,251.0,138.0,153.0,142.0
37418,240.0,144.0,135.0,139.0
37419,249.0,221.0,131.0,138.0
37420,237.0,191.0,125.0,138.0
37421,270.0,65.0,164.0,141.0
37422,255.0,221.0,133.0,143.0
37423,242.0,208.0,116.0,138.0
37424,267.0,100.0,142.0,160.0
37425,247.0,211.0,129.0,145.0
37426,262.0,226.0,143.0,137.0
37427,257.0,148.0,146.0,142.0
37428,267.0,261.0,164.0,155.0
37429,242.0,101.0,128.0,140.0
37430,239.0,95.0,123.0,138.0
37431,250.0,205.0,156.0,141.0
37432,256.0,73.0,148.0,143.0
37433,259.0,136.0,140.0,149.0
37434,253.0,110.0,145.0,140.0
37435,266.0,262.0,139.0,147.0
37436,255.0,255.0,148.0,158.0
37437,234.0,98.0,146.0,125.0
37438,264.0,103.0,159.0,129.0
37439,266.0,114.0,159.0,149.0
37440,242.0,61.0,134.0,132.0
37441,247.0,116.0,136.0,131.0
37442,269.0,109.0,148.0,136.0
37443,264.0,142.0,139.0,158.0
37444,249.0,202.0,146.0,133.0
37445,265.0,231.0,138.0,153.0
37446,246.0,82.0,138.0,127.0
37447,259.0,113.0,131.0,132.0
37448,240.0,145.0,126.0,142.0
37449,239.0,202.0,128.0,129.0
37450,249.0,211.0,123.0,132.0
37451,225.0,101.0,124.0,135.0
37452,235.0,228.0,130.0,128.0
37453,260.0,227.0,146.0,129.0
37454,245.0,127.0,142.0,149.0
37455,242.0,233.0,133.0,141.0
37456,255.0,71.0,143.0,145.0
37457,268.0,119.0,133.0,154.0
37458,256.0,59.0,145.0,145.0
37459,275.0,143.0,146.0,148.0
37460,253.0,154.0,138.0,144.0
37461,237.0,207.0,131.0,123.0
37462,276.0,143.0,163.0,157.0
37463,245.0,134.0,139.0,135.0
37464,243.0,100.0,121.0,135.0
37465,275.0,95.0,163.0,149.0
37466,252.0,70.0,140.0,142.0
37467,235.0,128.0,118.0,137.0
37468,269.0,113.0,142.0,166.0
37469,241.0,88.0,119.0,138.0
37470,216.0,82.0,127.0,119.0
37471,237.0,117.0,142.0,138.0
37472,279.0,102.0,160.0,154.0
37473,224.0,100.0,134.0,118.0
37474,249.0,109.0,139.0,129.0
37475,276.0,249.0,156.0,156.0
37476,270.0,235.0,167.0,154.0
37477,250.0,213.0,126.0,152.0
37478,241.0,230.0,134.0,148.0
37479,254.0,247.0,127.0,135.0
37480,271.0,51.0,144.0,154.0
37481,245.0,130.0,138.0,127.0
37482,248.0,153.0,129.0,137.0
37483,259.0,113.0,151.0,134.0
37484,234.0,142.0,131.0,125.0
37485,255.0,220.0,156.0,137.0
37486,250.0,113.0,143.0,150.0
37487,258.0,116.0,140.0,162.0
37488,262.0,214.0,142.0,153.0
37489,269.0,161.0,145.0,143.0
37490,226.0,78.0,118.0,115.0
37491,257.0,138.0,155.0,141.0
37492,251.0,102.0,144.0,135.0
37493,248.0,129.0,131.0,142.0
37494,272.0,261.0,173.0,152.0
37495,230.0,87.0,131.0,129.0
37496,254.0,126.0,148.0,154.0
37497,266.0,160.0,151.0,143.0
37498,254.0,107.0,138.0,130.0
37499,250.0,122.0,136.0,137.0
37500,264.0,229.0,154.0,144.0
37501,232.0,127.0,118.0,124.0
37502,262.0,120.0,141.0,146.0
37503,249.0,221.0,136.0,151.0
37504,226.0,180.0,132.0,119.0
37505,244.0,206.0,147.0,148.0
37506,240.0,91.0,133.0,133.0
37507,247.0,99.0,149.0,141.0
37508,269.0,77.0,162.0,145.0
37509,238.0,209.0,131.0,129.0
37510,270.0,241.0,151.0,148.0
37511,252.0,139.0,131.0,138.0
37512,274.0,110.0,156.0,158.0
37513,243.0,97.0,127.0,141.0
37514,251.0,219.0,146.0,149.0
37515,264.0,181.0,148.0,141.0
37516,232.0,111.0,136.0,121.0
37517,237.0,208.0,140.0,126.0
37518,248.0,86.0,140.0,135.0
37519,246.0,154.0,127.0,138.0
37520,243.0,141.0,137.0,130.0
37521,244.0,230.0,158.0,134.0
37522,271.0,269.0,148.0,140.0
37523,243.0,105.0,132.0,129.0
37524,244.0,112.0,124.0,126.0
37525,264.0,119.0,146.0,147.0
37526,252.0,107.0,143.0,143.0
37527,277.0,252.0,162.0,156.0
37528,267.0,100.0,142.0,142.0
37529,256.0,126.0,153.0,157.0
37530,252.0,93.0,137.0,139.0
37531,248.0,240.0,136.0,149.0
37532,265.0,240.0,144.0,156.0
37533,269.0,150.0,163.0,135.0
37534,277.0,147.0,148.0,153.0
37535,239.0,206.0,138.0,134.0
37536,234.0,99.0,131.0,133.0
37537,262.0,261.0,146.0,137.0
37538,256.0,104.0,126.0,145.0
37539,253.0,139.0,152.0,132.0
37540,254.0,158.0,145.0,137.0
37541,256.0,229.0,148.0,136.0
37542,252.0,127.0,145.0,151.0
37543,234.0,68.0,131.0,142.0
37544,235.0,94.0,160.0,153.0
37545,245.0,80.0,137.0,135.0
37546,230.0,94.0,133.0,117.0
37547,240.0,113.0,127.0,140.0
37548,276.0,133.0,151.0,160.0
37549,246.0,41.0,153.0,132.0
37550,278.0,168.0,136.0,155.0
37551,253.0,227.0,148.0,146.0
37552,266.0,226.0,156.0,166.0
37553,247.0,103.0,140.0,133.0
37554,243.0,103.0,141.0,142.0
37555,253.0,218.0,155.0,149.0
37556,267.0,215.0,146.0,160.0
37557,253.0,106.0,127.0,145.0
37558,243.0,100.0,138.0,131.0
37559,266.0,182.0,135.0,146.0
37560,246.0,98.0,149.0,133.0
37561,258.0,109.0,126.0,151.0
37562,261.0,116.0,138.0,152.0
37563,255.0,144.0,151.0,142.0
37564,254.0,101.0,146.0,123.0
37565,243.0,218.0,137.0,128.0
37566,260.0,165.0,152.0,150.0
37567,239.0,194.0,138.0,127.0
37568,241.0,105.0,148.0,132.0
37569,249.0,214.0,123.0,149.0
37570,252.0,127.0,143.0,139.0
37571,270.0,256.0,150.0,150.0
37572,227.0,101.0,116.0,129.0
37573,263.0,235.0,153.0,158.0
37574,264.0,254.0,154.0,136.0
37575,251.0,229.0,139.0,152.0
37576,251.0,88.0,137.0,142.0
37577,249.0,88.0,129.0,139.0
37578,225.0,85.0,127.0,135.0
37579,249.0,138.0,142.0,139.0
37580,263.0,136.0,158.0,135.0
37581,222.0,80.0,123.0,135.0
37582,255.0,213.0,134.0,130.0
37583,246.0,204.0,144.0,137.0
37584,234.0,101.0,126.0,135.0
37585,242.0,199.0,135.0,139.0
37586,252.0,221.0,141.0,140.0
37587,257.0,74.0,150.0,148.0
37588,257.0,146.0,143.0,147.0
37589,222.0,196.0,110.0,122.0
37590,246.0,92.0,137.0,149.0
37591,252.0,80.0,135.0,144.0
37592,226.0,179.0,116.0,126.0
37593,248.0,97.0,137.0,146.0
37594,225.0,225.0,139.0,132.0
37595,244.0,115.0,138.0,135.0
37596,248.0,153.0,136.0,131.0
37597,244.0,185.0,134.0,136.0
37598,224.0,208.0,130.0,137.0
37599,267.0,140.0,152.0,159.0
37600,232.0,136.0,138.0,129.0
37601,271.0,243.0,149.0,140.0
37602,242.0,118.0,129.0,149.0
37603,256.0,229.0,141.0,129.0
37604,263.0,148.0,147.0,150.0
37605,251.0,115.0,139.0,129.0
37606,242.0,196.0,127.0,140.0
37607,255.0,149.0,143.0,147.0
37608,247.0,205.0,154.0,142.0
37609,247.0,213.0,143.0,132.0
37610,224.0,58.0,138.0,111.0
37611,234.0,92.0,127.0,128.0
37612,252.0,213.0,137.0,142.0
37613,243.0,201.0,138.0,121.0
37614,233.0,82.0,134.0,131.0
37615,247.0,140.0,141.0,144.0
37616,270.0,103.0,162.0,156.0
37617,224.0,118.0,125.0,133.0
37618,239.0,196.0,123.0,146.0
37619,264.0,256.0,160.0,147.0
37620,257.0,253.0,148.0,149.0
37621,248.0,215.0,147.0,139.0
37622,243.0,92.0,142.0,128.0
37623,263.0,257.0,157.0,144.0
37624,249.0,96.0,157.0,151.0
37625,255.0,147.0,141.0,142.0
37626,261.0,113.0,144.0,156.0
37627,236.0,105.0,132.0,134.0
37628,248.0,83.0,132.0,126.0
37629,240.0,137.0,150.0,138.0
37630,248.0,111.0,153.0,124.0
37631,238.0,208.0,136.0,127.0
37632,251.0,128.0,133.0,144.0
37633,257.0,118.0,142.0,158.0
37634,270.0,234.0,144.0,159.0
37635,269.0,110.0,153.0,153.0
37636,232.0,87.0,145.0,111.0
37637,260.0,121.0,148.0,143.0
37638,241.0,80.0,129.0,134.0
37639,239.0,83.0,115.0,139.0
37640,259.0,102.0,155.0,143.0
37641,249.0,82.0,122.0,130.0
37642,262.0,87.0,154.0,132.0
37643,247.0,235.0,138.0,134.0
37644,250.0,97.0,141.0,132.0
37645,260.0,124.0,162.0,158.0
37646,230.0,75.0,114.0,146.0
37647,256.0,136.0,148.0,148.0
37648,246.0,94.0,134.0,152.0
37649,273.0,130.0,146.0,156.0
37650,222.0,193.0,142.0,116.0
37651,252.0,110.0,148.0,135.0
37652,242.0,124.0,121.0,130.0
37653,239.0,89.0,134.0,130.0
37654,242.0,80.0,129.0,122.0
37655,267.0,214.0,152.0,153.0
37656,233.0,139.0,120.0,133.0
37657,269.0,163.0,161.0,153.0
37658,239.0,202.0,136.0,121.0
37659,237.0,56.0,140.0,115.0
37660,234.0,61.0,119.0,141.0
37661,237.0,76.0,130.0,133.0
37662,258.0,102.0,147.0,138.0
37663,243.0,92.0,120.0,142.0
37664,263.0,126.0,153.0,156.0
37665,259.0,111.0,145.0,134.0
37666,263.0,223.0,153.0,151.0
37667,253.0,129.0,144.0,145.0
37668,263.0,129.0,146.0,136.0
37669,238.0,101.0,126.0,126.0
37670,256.0,129.0,130.0,145.0
37671,249.0,117.0,138.0,144.0
37672,266.0,102.0,140.0,157.0
37673,240.0,211.0,135.0,131.0
37674,252.0,138.0,135.0,150.0
37675,248.0,240.0,141.0,137.0
37676,244.0,108.0,139.0,135.0
37677,250.0,124.0,133.0,137.0
37678,255.0,114.0,136.0,152.0
37679,248.0,219.0,138.0,129.0
37680,251.0,156.0,127.0,153.0
37681,226.0,104.0,125.0,126.0
37682,253.0,97.0,128.0,149.0
37683,246.0,83.0,134.0,130.0
37684,279.0,239.0,141.0,155.0
37685,245.0,122.0,141.0,123.0
37686,225.0,209.0,143.0,125.0
37687,245.0,127.0,134.0,145.0
37688,237.0,89.0,143.0,126.0
37689,246.0,219.0,140.0,140.0
37690,250.0,124.0,146.0,145.0
37691,248.0,150.0,135.0,134.0
37692,227.0,76.0,129.0,126.0
37693,238.0,92.0,133.0,138.0
37694,263.0,119.0,140.0,142.0
37695,228.0,198.0,131.0,124.0
37696,272.0,118.0,140.0,157.0
37697,259.0,209.0,151.0,143.0
37698,254.0,162.0,142.0,132.0
37699,248.0,173.0,138.0,133.0
37700,267.0,214.0,143.0,138.0
37701,276.0,146.0,166.0,149.0
37702,250.0,70.0,142.0,128.0
37703,256.0,101.0,129.0,146.0
37704,280.0,118.0,154.0,165.0
37705,257.0,241.0,142.0,147.0
37706,267.0,140.0,143.0,143.0
37707,264.0,131.0,160.0,145.0
37708,260.0,93.0,154.0,131.0
37709,252.0,108.0,151.0,122.0
37710,272.0,232.0,159.0,158.0
37711,254.0,211.0,128.0,134.0
37712,256.0,118.0,144.0,148.0
37713,261.0,66.0,148.0,131.0
37714,242.0,98.0,131.0,148.0
37715,254.0,226.0,142.0,128.0
37716,252.0,140.0,142.0,155.0
37717,241.0,200.0,126.0,129.0
37718,282.0,99.0,154.0,161.0
37719,277.0,150.0,159.0,149.0
37720,247.0,146.0,125.0,130.0
37721,286.0,161.0,163.0,156.0
37722,252.0,107.0,125.0,143.0
37723,270.0,232.0,143.0,130.0
37724,260.0,129.0,142.0,148.0
37725,246.0,67.0,135.0,126.0
37726,242.0,70.0,140.0,146.0
37727,239.0,218.0,132.0,144.0
37728,256.0,164.0,149.0,150.0
37729,251.0,220.0,144.0,138.0
37730,240.0,206.0,139.0,135.0
37731,245.0,119.0,141.0,132.0
37732,250.0,78.0,135.0,144.0
37733,232.0,131.0,142.0,134.0
37734,247.0,133.0,137.0,136.0
37735,224.0,117.0,117.0,117.0
37736,237.0,192.0,134.0,131.0
37737,270.0,133.0,144.0,156.0
37738,274.0,59.0,149.0,157.0
37739,238.0,117.0,122.0,151.0
37740,255.0,242.0,164.0,150.0
37741,238.0,69.0,136.0,152.0
37742,239.0,64.0,133.0,130.0
37743,253.0,233.0,146.0,135.0
37744,254.0,147.0,142.0,146.0
37745,252.0,123.0,149.0,150.0
37746,247.0,161.0,133.0,143.0
37747,255.0,216.0,132.0,156.0
37748,235.0,226.0,128.0,130.0
37749,263.0,219.0,144.0,152.0
37750,265.0,220.0,144.0,145.0
37751,246.0,172.0,146.0,138.0
37752,230.0,98.0,124.0,131.0
37753,267.0,121.0,154.0,142.0
37754,265.0,94.0,164.0,150.0
37755,224.0,213.0,126.0,120.0
37756,246.0,210.0,142.0,122.0
37757,247.0,136.0,137.0,134.0
37758,235.0,96.0,138.0,131.0
37759,248.0,220.0,129.0,136.0
37760,247.0,105.0,152.0,123.0
37761,251.0,159.0,137.0,159.0
37762,265.0,227.0,140.0,152.0
37763,282.0,93.0,162.0,145.0
37764,243.0,218.0,144.0,143.0
37765,244.0,148.0,140.0,134.0
37766,241.0,77.0,147.0,123.0
37767,252.0,166.0,136.0,139.0
37768,248.0,121.0,136.0,138.0
37769,250.0,221.0,135.0,148.0
37770,243.0,76.0,142.0,141.0
37771,227.0,71.0,131.0,124.0
37772,237.0,99.0,134.0,124.0
37773,240.0,71.0,124.0,139.0
37774,228.0,189.0,131.0,137.0
37775,256.0,119.0,152.0,141.0
37776,262.0,248.0,153.0,140.0
37777,251.0,83.0,146.0,146.0
37778,260.0,106.0,137.0,129.0
37779,277.0,99.0,166.0,144.0
37780,264.0,90.0,139.0,131.0
37781,268.0,137.0,127.0,152.0
37782,236.0,236.0,140.0,124.0
37783,257.0,123.0,125.0,146.0
37784,253.0,223.0,149.0,132.0
37785,244.0,94.0,133.0,124.0
37786,238.0,111.0,142.0,143.0
37787,258.0,119.0,153.0,137.0
37788,276.0,109.0,171.0,154.0
37789,238.0,234.0,136.0,135.0
37790,255.0,128.0,144.0,136.0
37791,261.0,148.0,139.0,149.0
37792,238.0,119.0,130.0,139.0
37793,249.0,121.0,142.0,139.0
37794,256.0,224.0,136.0,143.0
37795,256.0,78.0,135.0,122.0
37796,240.0,144.0,131.0,138.0
37797,264.0,92.0,144.0,131.0
37798,250.0,222.0,152.0,139.0
37799,245.0,110.0,130.0,141.0
37800,241.0,126.0,140.0,133.0
37801,239.0,99.0,138.0,139.0
37802,241.0,75.0,150.0,139.0
37803,216.0,216.0,127.0,130.0
37804,268.0,111.0,160.0,156.0
37805,250.0,230.0,126.0,154.0
37806,241.0,197.0,135.0,135.0
37807,284.0,121.0,167.0,153.0
37808,242.0,107.0,141.0,127.0
37809,277.0,226.0,164.0,152.0
37810,266.0,264.0,164.0,144.0
37811,248.0,112.0,135.0,134.0
37812,270.0,226.0,139.0,141.0
37813,251.0,219.0,133.0,135.0
37814,271.0,126.0,159.0,162.0
37815,259.0,134.0,159.0,149.0
37816,273.0,250.0,132.0,155.0
37817,273.0,135.0,153.0,143.0
37818,237.0,124.0,143.0,137.0
37819,235.0,107.0,130.0,126.0
37820,236.0,99.0,143.0,119.0
37821,272.0,159.0,145.0,145.0
37822,226.0,188.0,120.0,127.0
37823,268.0,92.0,134.0,152.0
37824,234.0,39.0,130.0,129.0
37825,275.0,110.0,152.0,140.0
37826,241.0,101.0,114.0,138.0
37827,264.0,107.0,136.0,149.0
37828,234.0,73.0,129.0,123.0
37829,240.0,153.0,118.0,135.0
37830,258.0,162.0,155.0,143.0
37831,244.0,241.0,134.0,141.0
37832,253.0,127.0,155.0,139.0
37833,270.0,132.0,153.0,149.0
37834,274.0,119.0,163.0,164.0
37835,241.0,94.0,145.0,130.0
37836,244.0,78.0,135.0,144.0
37837,250.0,83.0,159.0,156.0
37838,244.0,97.0,128.0,132.0
37839,261.0,120.0,146.0,126.0
37840,272.0,103.0,138.0,142.0
37841,292.0,227.0,150.0,161.0
37842,240.0,46.0,141.0,142.0
37843,264.0,225.0,163.0,143.0
37844,272.0,103.0,156.0,156.0
37845,227.0,172.0,141.0,145.0
37846,262.0,117.0,152.0,160.0
37847,256.0,114.0,135.0,159.0
37848,244.0,187.0,139.0,122.0
37849,250.0,85.0,127.0,150.0
37850,273.0,243.0,145.0,151.0
37851,232.0,220.0,140.0,123.0
37852,256.0,211.0,155.0,145.0
37853,248.0,203.0,143.0,142.0
37854,246.0,161.0,131.0,143.0
37855,235.0,158.0,142.0,133.0
37856,222.0,105.0,132.0,133.0
37857,276.0,96.0,152.0,142.0
37858,260.0,142.0,152.0,151.0
37859,260.0,151.0,145.0,144.0
37860,271.0,243.0,161.0,136.0
37861,256.0,91.0,141.0,142.0
37862,252.0,211.0,145.0,142.0
37863,268.0,134.0,155.0,142.0
37864,243.0,79.0,126.0,125.0
37865,242.0,144.0,150.0,138.0
37866,243.0,204.0,140.0,135.0
37867,276.0,138.0,154.0,152.0
37868,247.0,119.0,136.0,139.0
37869,239.0,109.0,133.0,122.0
37870,232.0,102.0,122.0,135.0
37871,244.0,43.0,132.0,141.0
37872,233.0,100.0,136.0,125.0
37873,259.0,202.0,144.0,150.0
37874,244.0,85.0,128.0,154.0
37875,261.0,206.0,144.0,153.0
37876,259.0,139.0,154.0,138.0
37877,250.0,241.0,140.0,144.0
37878,256.0,112.0,148.0,149.0
37879,254.0,101.0,124.0,149.0
37880,245.0,213.0,133.0,133.0
37881,230.0,73.0,138.0,133.0
37882,225.0,100.0,118.0,133.0
37883,285.0,259.0,155.0,158.0
37884,239.0,81.0,141.0,120.0
37885,242.0,198.0,127.0,137.0
37886,262.0,121.0,149.0,159.0
37887,245.0,187.0,157.0,132.0
37888,256.0,102.0,142.0,143.0
37889,237.0,115.0,121.0,120.0
37890,252.0,144.0,129.0,131.0
37891,260.0,137.0,149.0,143.0
37892,251.0,129.0,145.0,137.0
37893,227.0,200.0,126.0,118.0
37894,235.0,190.0,128.0,123.0
37895,230.0,183.0,130.0,131.0
37896,227.0,202.0,127.0,136.0
37897,265.0,121.0,155.0,139.0
37898,266.0,114.0,145.0,158.0
37899,267.0,183.0,147.0,156.0
37900,274.0,100.0,157.0,152.0
37901,244.0,93.0,138.0,132.0
37902,265.0,116.0,152.0,137.0
37903,246.0,84.0,140.0,146.0
37904,258.0,63.0,129.0,139.0
37905,262.0,216.0,141.0,149.0
37906,246.0,200.0,147.0,140.0
37907,242.0,115.0,124.0,148.0
37908,225.0,169.0,128.0,120.0
37909,242.0,116.0,138.0,135.0
37910,234.0,137.0,124.0,119.0
37911,260.0,114.0,142.0,137.0
37912,254.0,136.0,151.0,152.0
37913,235.0,228.0,145.0,140.0
37914,270.0,263.0,171.0,161.0
37915,247.0,211.0,148.0,137.0
37916,260.0,109.0,153.0,151.0
37917,250.0,105.0,135.0,148.0
37918,268.0,89.0,141.0,150.0
37919,252.0,92.0,137.0,145.0
37920,259.0,168.0,151.0,143.0
37921,255.0,127.0,150.0,138.0
37922,247.0,123.0,118.0,134.0
37923,277.0,245.0,156.0,148.0
37924,263.0,209.0,142.0,162.0
37925,228.0,109.0,134.0,127.0
37926,259.0,149.0,142.0,152.0
37927,244.0,52.0,142.0,132.0
37928,234.0,106.0,129.0,119.0
37929,252.0,203.0,134.0,149.0
37930,239.0,100.0,157.0,128.0
37931,227.0,140.0,110.0,126.0
37932,246.0,141.0,137.0,127.0
37933,273.0,121.0,136.0,156.0
37934,257.0,108.0,137.0,152.0
37935,281.0,106.0,175.0,154.0
37936,246.0,156.0,136.0,140.0
37937,246.0,95.0,146.0,133.0
37938,232.0,128.0,136.0,127.0
37939,253.0,109.0,169.0,142.0
37940,231.0,199.0,144.0,125.0
37941,244.0,106.0,143.0,133.0
37942,251.0,184.0,139.0,120.0
37943,265.0,87.0,146.0,150.0
37944,253.0,214.0,139.0,136.0
37945,230.0,82.0,135.0,135.0
37946,231.0,112.0,140.0,121.0
37947,263.0,130.0,151.0,133.0
37948,241.0,219.0,133.0,132.0
37949,270.0,104.0,159.0,150.0
37950,242.0,131.0,133.0,141.0
37951,237.0,100.0,127.0,130.0
37952,276.0,123.0,157.0,150.0
37953,255.0,123.0,136.0,138.0
37954,249.0,210.0,137.0,154.0
37955,254.0,115.0,129.0,154.0
37956,259.0,117.0,143.0,160.0
37957,255.0,235.0,136.0,141.0
37958,237.0,205.0,136.0,132.0
37959,253.0,225.0,155.0,141.0
37960,266.0,245.0,135.0,165.0
37961,257.0,100.0,151.0,143.0
37962,240.0,121.0,131.0,140.0
37963,232.0,78.0,120.0,129.0
37964,243.0,108.0,122.0,153.0
37965,243.0,225.0,139.0,142.0
37966,243.0,79.0,121.0,146.0
37967,268.0,109.0,155.0,139.0
37968,221.0,99.0,117.0,126.0
37969,261.0,110.0,136.0,132.0
37970,235.0,132.0,118.0,121.0
37971,260.0,99.0,151.0,151.0
37972,270.0,263.0,157.0,132.0
37973,259.0,110.0,135.0,155.0
37974,252.0,155.0,157.0,134.0
37975,249.0,156.0,132.0,144.0
37976,239.0,229.0,135.0,130.0
37977,256.0,92.0,158.0,137.0
37978,243.0,87.0,129.0,131.0
37979,235.0,119.0,138.0,131.0
37980,235.0,209.0,134.0,130.0
37981,275.0,166.0,173.0,156.0
37982,238.0,117.0,143.0,131.0
37983,254.0,212.0,155.0,151.0
37984,237.0,113.0,128.0,115.0
37985,256.0,232.0,145.0,136.0
37986,235.0,108.0,125.0,123.0
37987,252.0,152.0,141.0,134.0
37988,275.0,236.0,142.0,149.0
37989,260.0,132.0,147.0,149.0
37990,267.0,118.0,149.0,161.0
37991,242.0,233.0,144.0,128.0
37992,232.0,149.0,123.0,138.0
37993,244.0,91.0,144.0,130.0
37994,270.0,102.0,152.0,147.0
37995,256.0,117.0,156.0,139.0
37996,220.0,201.0,128.0,123.0
37997,261.0,100.0,155.0,135.0
37998,245.0,110.0,142.0,140.0
37999,279.0,182.0,148.0,155.0
38000,255.0,147.0,130.0,149.0
38001,237.0,116.0,140.0,120.0
38002,244.0,146.0,156.0,127.0
38003,291.0,237.0,157.0,171.0
38004,268.0,214.0,151.0,152.0
38005,267.0,100.0,146.0,138.0
38006,234.0,78.0,140.0,132.0
38007,239.0,100.0,132.0,129.0
38008,236.0,179.0,123.0,137.0
38009,256.0,200.0,139.0,149.0
38010,256.0,102.0,137.0,143.0
38011,264.0,150.0,132.0,154.0
38012,239.0,169.0,134.0,131.0
38013,260.0,66.0,129.0,156.0
38014,264.0,111.0,150.0,159.0
38015,228.0,81.0,138.0,112.0
38016,260.0,173.0,138.0,143.0
38017,238.0,220.0,122.0,136.0
38018,280.0,164.0,159.0,145.0
38019,245.0,99.0,139.0,136.0
38020,244.0,205.0,142.0,136.0
38021,239.0,134.0,137.0,142.0
38022,243.0,86.0,135.0,136.0
38023,248.0,100.0,135.0,132.0
38024,251.0,208.0,143.0,144.0
38025,240.0,145.0,141.0,144.0
38026,272.0,270.0,149.0,139.0
38027,265.0,83.0,136.0,153.0
38028,254.0,223.0,147.0,141.0
38029,263.0,142.0,138.0,156.0
38030,270.0,113.0,156.0,140.0
38031,245.0,124.0,141.0,141.0
38032,233.0,196.0,140.0,136.0
38033,262.0,118.0,130.0,147.0
38034,240.0,210.0,135.0,148.0
38035,243.0,157.0,126.0,142.0
38036,234.0,98.0,130.0,133.0
38037,262.0,119.0,156.0,156.0
38038,241.0,48.0,142.0,130.0
38039,247.0,202.0,137.0,145.0
38040,242.0,121.0,126.0,155.0
38041,245.0,105.0,130.0,137.0
38042,259.0,230.0,135.0,146.0
38043,241.0,144.0,137.0,125.0
38044,248.0,82.0,124.0,143.0
38045,261.0,220.0,154.0,144.0
38046,254.0,241.0,143.0,140.0
38047,251.0,245.0,152.0,131.0
38048,238.0,117.0,135.0,144.0
38049,254.0,210.0,131.0,143.0
38050,236.0,150.0,133.0,142.0
38051,244.0,204.0,145.0,120.0
38052,234.0,149.0,135.0,131.0
38053,233.0,230.0,139.0,133.0
38054,259.0,101.0,139.0,145.0
38055,250.0,202.0,142.0,152.0
38056,254.0,81.0,140.0,149.0
38057,246.0,218.0,141.0,147.0
38058,245.0,111.0,142.0,149.0
38059,246.0,201.0,147.0,130.0
38060,237.0,110.0,137.0,127.0
38061,257.0,243.0,165.0,152.0
38062,239.0,116.0,159.0,131.0
38063,243.0,203.0,134.0,150.0
38064,290.0,128.0,166.0,170.0
38065,267.0,225.0,151.0,136.0
38066,225.0,101.0,137.0,122.0
38067,263.0,254.0,139.0,141.0
38068,241.0,200.0,137.0,131.0
38069,242.0,202.0,124.0,141.0
38070,271.0,152.0,146.0,145.0
38071,292.0,250.0,156.0,160.0
38072,253.0,153.0,141.0,130.0
38073,248.0,71.0,144.0,135.0
38074,271.0,227.0,160.0,140.0
38075,233.0,87.0,137.0,129.0
38076,258.0,81.0,130.0,150.0
38077,254.0,211.0,133.0,148.0
38078,264.0,217.0,167.0,152.0
38079,239.0,112.0,122.0,122.0
38080,277.0,160.0,150.0,152.0
38081,224.0,185.0,130.0,139.0
38082,239.0,139.0,126.0,121.0
38083,253.0,129.0,138.0,127.0
38084,230.0,127.0,131.0,131.0
38085,268.0,121.0,158.0,156.0
38086,246.0,105.0,122.0,152.0
38087,239.0,239.0,138.0,144.0
38088,263.0,263.0,155.0,149.0
38089,257.0,226.0,149.0,136.0
38090,264.0,139.0,142.0,154.0
38091,234.0,226.0,153.0,142.0
38092,254.0,246.0,153.0,147.0
38093,243.0,104.0,131.0,149.0
38094,253.0,222.0,133.0,160.0
38095,250.0,61.0,149.0,154.0
38096,218.0,196.0,126.0,126.0
38097,227.0,219.0,119.0,127.0
38098,240.0,116.0,132.0,138.0
38099,241.0,72.0,146.0,139.0
38100,254.0,216.0,127.0,153.0
38101,236.0,118.0,142.0,135.0
38102,230.0,86.0,132.0,133.0
38103,270.0,131.0,149.0,151.0
38104,249.0,227.0,120.0,134.0
38105,205.0,87.0,112.0,120.0
38106,242.0,105.0,149.0,131.0
38107,237.0,107.0,127.0,128.0
38108,244.0,98.0,133.0,137.0
38109,226.0,102.0,133.0,129.0
38110,271.0,122.0,148.0,156.0
38111,245.0,89.0,145.0,127.0
38112,247.0,217.0,138.0,146.0
38113,252.0,218.0,142.0,139.0
38114,254.0,99.0,140.0,144.0
38115,242.0,119.0,145.0,144.0
38116,272.0,80.0,136.0,137.0
38117,224.0,97.0,126.0,114.0
38118,242.0,80.0,111.0,142.0
38119,260.0,95.0,156.0,167.0
38120,283.0,237.0,157.0,166.0
38121,240.0,123.0,134.0,129.0
38122,258.0,119.0,153.0,141.0
38123,261.0,70.0,153.0,144.0
38124,257.0,58.0,154.0,134.0
38125,268.0,98.0,142.0,145.0
38126,262.0,131.0,154.0,140.0
38127,255.0,229.0,143.0,139.0
38128,225.0,178.0,130.0,126.0
38129,258.0,104.0,139.0,145.0
38130,254.0,225.0,148.0,143.0
38131,247.0,114.0,138.0,126.0
38132,239.0,129.0,140.0,118.0
38133,255.0,225.0,127.0,131.0
38134,245.0,102.0,147.0,141.0
38135,273.0,132.0,158.0,156.0
38136,249.0,100.0,143.0,145.0
38137,223.0,97.0,122.0,115.0
38138,227.0,201.0,122.0,132.0
38139,249.0,104.0,137.0,146.0
38140,220.0,77.0,116.0,125.0
38141,252.0,252.0,138.0,137.0
38142,234.0,209.0,130.0,131.0
38143,258.0,97.0,150.0,144.0
38144,243.0,95.0,131.0,132.0
38145,265.0,101.0,136.0,152.0
38146,266.0,236.0,157.0,152.0
38147,229.0,197.0,125.0,124.0
38148,238.0,63.0,127.0,132.0
38149,254.0,97.0,135.0,133.0
38150,235.0,77.0,129.0,140.0
38151,271.0,176.0,151.0,161.0
38152,245.0,113.0,150.0,136.0
38153,245.0,201.0,138.0,145.0
38154,252.0,110.0,140.0,143.0
38155,255.0,126.0,153.0,136.0
38156,253.0,143.0,127.0,144.0
38157,242.0,132.0,116.0,131.0
38158,254.0,83.0,148.0,153.0
38159,253.0,109.0,138.0,141.0
38160,247.0,184.0,114.0,142.0
38161,254.0,143.0,141.0,146.0
38162,239.0,115.0,123.0,137.0
38163,251.0,93.0,143.0,132.0
38164,236.0,122.0,124.0,128.0
38165,250.0,82.0,145.0,148.0
38166,240.0,118.0,127.0,140.0
38167,260.0,111.0,143.0,147.0
38168,258.0,200.0,138.0,144.0
38169,236.0,138.0,137.0,141.0
38170,245.0,203.0,137.0,129.0
38171,221.0,188.0,138.0,118.0
38172,235.0,86.0,124.0,129.0
38173,264.0,229.0,155.0,144.0
38174,257.0,245.0,141.0,145.0
38175,231.0,200.0,134.0,128.0
38176,267.0,79.0,153.0,151.0
38177,249.0,109.0,127.0,146.0
38178,229.0,115.0,127.0,132.0
38179,243.0,113.0,140.0,131.0
38180,243.0,129.0,142.0,137.0
38181,248.0,46.0,131.0,135.0
38182,250.0,222.0,136.0,134.0
38183,236.0,204.0,129.0,127.0
38184,262.0,142.0,148.0,139.0
38185,250.0,247.0,141.0,150.0
38186,255.0,119.0,133.0,146.0
38187,251.0,250.0,140.0,138.0
38188,237.0,65.0,149.0,134.0
38189,232.0,95.0,116.0,139.0
38190,252.0,132.0,135.0,142.0
38191,246.0,236.0,137.0,137.0
38192,231.0,189.0,126.0,143.0
38193,240.0,109.0,127.0,148.0
38194,243.0,112.0,148.0,130.0
38195,252.0,85.0,138.0,122.0
38196,266.0,106.0,146.0,161.0
38197,239.0,110.0,121.0,132.0
38198,221.0,110.0,107.0,132.0
38199,245.0,139.0,130.0,149.0
38200,241.0,93.0,127.0,129.0
38201,236.0,96.0,129.0,136.0
38202,253.0,104.0,133.0,137.0
38203,224.0,78.0,128.0,134.0
38204,235.0,137.0,136.0,126.0
38205,280.0,137.0,157.0,146.0
38206,273.0,87.0,160.0,154.0
38207,250.0,149.0,146.0,133.0
38208,246.0,114.0,156.0,146.0
38209,258.0,111.0,137.0,152.0
38210,253.0,227.0,147.0,144.0
38211,245.0,205.0,143.0,141.0
38212,246.0,114.0,123.0,136.0
38213,264.0,61.0,153.0,142.0
38214,231.0,103.0,128.0,128.0
38215,240.0,89.0,131.0,133.0
38216,265.0,95.0,148.0,143.0
38217,249.0,243.0,149.0,136.0
38218,254.0,229.0,148.0,163.0
38219,246.0,134.0,136.0,130.0
38220,256.0,126.0,136.0,142.0
38221,255.0,218.0,145.0,144.0
38222,263.0,224.0,149.0,150.0
38223,247.0,85.0,146.0,144.0
38224,251.0,129.0,127.0,148.0
38225,262.0,150.0,127.0,149.0
38226,255.0,233.0,141.0,140.0
38227,245.0,109.0,129.0,141.0
38228,242.0,110.0,142.0,140.0
38229,235.0,129.0,135.0,126.0
38230,259.0,230.0,136.0,141.0
38231,257.0,95.0,141.0,155.0
38232,246.0,66.0,145.0,128.0
38233,270.0,88.0,149.0,162.0
38234,240.0,212.0,151.0,133.0
38235,246.0,212.0,146.0,150.0
38236,252.0,212.0,139.0,127.0
38237,260.0,215.0,154.0,124.0
38238,244.0,77.0,127.0,140.0
38239,246.0,100.0,140.0,133.0
38240,256.0,226.0,132.0,134.0
38241,272.0,102.0,148.0,144.0
38242,258.0,146.0,151.0,139.0
38243,250.0,156.0,143.0,141.0
38244,244.0,174.0,129.0,137.0
38245,248.0,120.0,140.0,137.0
38246,265.0,216.0,135.0,150.0
38247,265.0,147.0,150.0,146.0
38248,277.0,121.0,149.0,163.0
38249,265.0,151.0,133.0,146.0
38250,227.0,107.0,137.0,133.0
38251,244.0,128.0,117.0,134.0
38252,245.0,81.0,125.0,149.0
38253,265.0,264.0,157.0,165.0
38254,240.0,193.0,137.0,120.0
38255,250.0,216.0,144.0,142.0
38256,226.0,106.0,138.0,136.0
38257,279.0,240.0,159.0,166.0
38258,247.0,236.0,136.0,142.0
38259,229.0,206.0,143.0,124.0
38260,238.0,65.0,123.0,129.0
38261,245.0,209.0,122.0,127.0
38262,238.0,110.0,129.0,132.0
38263,239.0,104.0,134.0,134.0
38264,279.0,161.0,147.0,147.0
38265,256.0,246.0,143.0,148.0
38266,254.0,209.0,142.0,145.0
38267,240.0,195.0,123.0,122.0
38268,228.0,227.0,135.0,127.0
38269,262.0,200.0,152.0,139.0
38270,252.0,60.0,131.0,139.0
38271,255.0,105.0,141.0,142.0
38272,252.0,224.0,142.0,139.0
38273,249.0,114.0,137.0,144.0
38274,234.0,135.0,134.0,125.0
38275,256.0,165.0,152.0,140.0
38276,250.0,122.0,152.0,145.0
38277,238.0,203.0,132.0,137.0
38278,268.0,240.0,146.0,132.0
38279,238.0,77.0,145.0,128.0
38280,249.0,217.0,134.0,132.0
38281,257.0,113.0,146.0,142.0
38282,265.0,221.0,147.0,140.0
38283,280.0,131.0,156.0,172.0
38284,263.0,67.0,150.0,159.0
38285,263.0,224.0,142.0,153.0
38286,260.0,236.0,146.0,145.0
38287,241.0,97.0,133.0,146.0
38288,245.0,218.0,142.0,143.0
38289,232.0,72.0,132.0,125.0
38290,246.0,121.0,137.0,126.0
38291,265.0,226.0,144.0,146.0
38292,264.0,243.0,145.0,143.0
38293,249.0,115.0,149.0,137.0
38294,242.0,110.0,126.0,133.0
38295,259.0,73.0,136.0,143.0
38296,248.0,205.0,138.0,143.0
38297,235.0,129.0,134.0,131.0
38298,262.0,256.0,160.0,155.0
38299,250.0,138.0,146.0,125.0
38300,258.0,216.0,143.0,141.0
38301,255.0,146.0,128.0,150.0
38302,235.0,94.0,128.0,140.0
38303,246.0,112.0,141.0,127.0
38304,291.0,73.0,171.0,141.0
38305,244.0,226.0,149.0,144.0
38306,269.0,157.0,139.0,153.0
38307,257.0,141.0,134.0,150.0
38308,233.0,227.0,141.0,145.0
38309,249.0,221.0,138.0,131.0
38310,276.0,107.0,160.0,164.0
38311,237.0,204.0,142.0,135.0
38312,250.0,119.0,150.0,142.0
38313,240.0,108.0,143.0,150.0
38314,244.0,203.0,138.0,126.0
38315,220.0,123.0,119.0,124.0
38316,258.0,117.0,144.0,136.0
38317,260.0,236.0,147.0,148.0
38318,249.0,120.0,151.0,140.0
38319,250.0,79.0,142.0,135.0
38320,283.0,105.0,165.0,152.0
38321,232.0,191.0,116.0,141.0
38322,251.0,113.0,133.0,123.0
38323,242.0,149.0,115.0,145.0
38324,253.0,82.0,142.0,130.0
38325,241.0,107.0,127.0,131.0
38326,262.0,123.0,147.0,150.0
38327,260.0,120.0,143.0,139.0
38328,263.0,177.0,154.0,155.0
38329,244.0,84.0,143.0,135.0
38330,241.0,105.0,117.0,135.0
38331,238.0,175.0,130.0,141.0
38332,240.0,209.0,132.0,140.0
38333,250.0,111.0,146.0,133.0
38334,239.0,86.0,129.0,141.0
38335,280.0,115.0,174.0,158.0
38336,267.0,130.0,136.0,151.0
38337,246.0,133.0,145.0,145.0
38338,260.0,146.0,143.0,137.0
38339,258.0,40.0,148.0,143.0
38340,266.0,231.0,141.0,147.0
38341,269.0,262.0,140.0,159.0
38342,264.0,99.0,153.0,140.0
38343,238.0,234.0,144.0,136.0
38344,261.0,74.0,132.0,148.0
38345,264.0,230.0,154.0,137.0
38346,248.0,217.0,151.0,117.0
38347,257.0,69.0,159.0,142.0
38348,249.0,157.0,145.0,139.0
38349,244.0,226.0,134.0,134.0
38350,260.0,118.0,144.0,139.0
38351,234.0,69.0,125.0,140.0
38352,254.0,131.0,152.0,140.0
38353,255.0,90.0,136.0,141.0
38354,266.0,94.0,156.0,154.0
38355,265.0,226.0,130.0,145.0
38356,247.0,208.0,144.0,141.0
38357,246.0,107.0,145.0,125.0
38358,263.0,153.0,160.0,147.0
38359,249.0,243.0,155.0,152.0
38360,210.0,186.0,106.0,119.0
38361,280.0,179.0,160.0,160.0
38362,256.0,221.0,133.0,159.0
38363,246.0,200.0,133.0,140.0
38364,256.0,154.0,146.0,158.0
38365,255.0,126.0,126.0,126.0
38366,250.0,71.0,139.0,145.0
38367,250.0,123.0,137.0,140.0
38368,260.0,230.0,140.0,140.0
38369,262.0,225.0,141.0,156.0
38370,239.0,147.0,131.0,130.0
38371,239.0,84.0,147.0,131.0
38372,239.0,193.0,135.0,117.0
38373,235.0,198.0,131.0,122.0
38374,264.0,147.0,153.0,144.0
38375,277.0,244.0,160.0,147.0
38376,255.0,227.0,149.0,144.0
38377,249.0,126.0,143.0,129.0
38378,247.0,136.0,142.0,141.0
38379,265.0,94.0,150.0,157.0
38380,247.0,147.0,142.0,149.0
38381,243.0,206.0,134.0,138.0
38382,245.0,116.0,140.0,132.0
38383,248.0,118.0,154.0,150.0
38384,266.0,84.0,130.0,142.0
38385,265.0,241.0,150.0,129.0
38386,254.0,134.0,143.0,134.0
38387,241.0,110.0,133.0,134.0
38388,261.0,223.0,138.0,151.0
38389,240.0,101.0,147.0,142.0
38390,230.0,142.0,118.0,128.0
38391,261.0,128.0,151.0,135.0
38392,255.0,216.0,145.0,151.0
38393,241.0,218.0,129.0,136.0
38394,261.0,104.0,156.0,158.0
38395,253.0,217.0,141.0,138.0
38396,232.0,103.0,136.0,133.0
38397,260.0,109.0,145.0,141.0
38398,251.0,171.0,136.0,143.0
38399,261.0,222.0,141.0,153.0
38400,239.0,227.0,129.0,125.0
38401,259.0,222.0,132.0,146.0
38402,261.0,224.0,151.0,148.0
38403,263.0,105.0,161.0,154.0
38404,243.0,99.0,147.0,137.0
38405,254.0,96.0,137.0,142.0
38406,232.0,107.0,126.0,111.0
38407,259.0,209.0,143.0,144.0
38408,255.0,199.0,145.0,126.0
38409,228.0,87.0,131.0,121.0
38410,243.0,82.0,143.0,141.0
38411,248.0,86.0,131.0,149.0
38412,252.0,119.0,154.0,143.0
38413,279.0,258.0,160.0,163.0
38414,279.0,145.0,159.0,167.0
38415,272.0,253.0,164.0,139.0
38416,257.0,223.0,142.0,136.0
38417,263.0,114.0,148.0,136.0
38418,249.0,109.0,139.0,150.0
38419,234.0,83.0,113.0,132.0
38420,221.0,178.0,122.0,118.0
38421,255.0,104.0,135.0,147.0
38422,255.0,255.0,149.0,134.0
38423,254.0,127.0,143.0,148.0
38424,282.0,248.0,167.0,165.0
38425,249.0,99.0,135.0,139.0
38426,238.0,204.0,119.0,135.0
38427,265.0,245.0,149.0,157.0
38428,265.0,112.0,156.0,128.0
38429,230.0,194.0,127.0,138.0
38430,247.0,202.0,130.0,145.0
38431,264.0,77.0,151.0,141.0
38432,245.0,227.0,128.0,142.0
38433,249.0,102.0,127.0,151.0
38434,238.0,149.0,136.0,142.0
38435,244.0,75.0,147.0,133.0
38436,269.0,125.0,162.0,159.0
38437,266.0,237.0,143.0,148.0
38438,257.0,224.0,155.0,139.0
38439,241.0,200.0,135.0,135.0
38440,231.0,119.0,136.0,139.0
38441,252.0,226.0,151.0,145.0
38442,263.0,259.0,144.0,135.0
38443,258.0,97.0,150.0,133.0
38444,278.0,126.0,155.0,152.0
38445,251.0,127.0,154.0,134.0
38446,268.0,100.0,153.0,135.0
38447,250.0,240.0,149.0,147.0
38448,259.0,83.0,150.0,146.0
38449,249.0,124.0,129.0,126.0
38450,266.0,102.0,149.0,143.0
38451,267.0,80.0,155.0,149.0
38452,261.0,113.0,146.0,132.0
38453,238.0,89.0,138.0,135.0
38454,258.0,233.0,142.0,164.0
38455,255.0,148.0,149.0,142.0
38456,262.0,237.0,153.0,142.0
38457,243.0,112.0,142.0,129.0
38458,260.0,95.0,146.0,147.0
38459,263.0,112.0,142.0,137.0
38460,244.0,83.0,143.0,136.0
38461,260.0,147.0,142.0,155.0
38462,237.0,228.0,134.0,138.0
38463,242.0,140.0,129.0,139.0
38464,255.0,221.0,133.0,168.0
38465,233.0,193.0,115.0,123.0
38466,221.0,73.0,126.0,136.0
38467,231.0,118.0,132.0,139.0
38468,254.0,213.0,147.0,141.0
38469,241.0,140.0,129.0,121.0
38470,244.0,220.0,138.0,140.0
38471,258.0,120.0,137.0,135.0
38472,229.0,154.0,124.0,133.0
38473,248.0,36.0,132.0,139.0
38474,249.0,209.0,150.0,145.0
38475,265.0,242.0,143.0,159.0
38476,266.0,171.0,149.0,142.0
38477,232.0,204.0,119.0,143.0
38478,263.0,125.0,145.0,154.0
38479,276.0,159.0,144.0,162.0
38480,256.0,226.0,141.0,121.0
38481,251.0,100.0,145.0,142.0
38482,273.0,238.0,148.0,145.0
38483,257.0,125.0,136.0,142.0
38484,243.0,87.0,141.0,131.0
38485,238.0,188.0,139.0,140.0
38486,258.0,113.0,151.0,142.0
38487,245.0,210.0,139.0,136.0
38488,237.0,218.0,146.0,143.0
38489,236.0,117.0,129.0,148.0
38490,260.0,251.0,138.0,139.0
38491,261.0,122.0,146.0,151.0
38492,228.0,121.0,126.0,138.0
38493,243.0,242.0,148.0,126.0
38494,234.0,108.0,130.0,135.0
38495,251.0,119.0,139.0,136.0
38496,254.0,134.0,151.0,148.0
38497,265.0,229.0,148.0,151.0
38498,255.0,220.0,142.0,150.0
38499,265.0,115.0,142.0,152.0
38500,259.0,97.0,139.0,151.0
38501,247.0,151.0,132.0,138.0
38502,254.0,163.0,126.0,119.0
38503,221.0,83.0,138.0,111.0
38504,244.0,126.0,129.0,139.0
38505,240.0,95.0,133.0,135.0
38506,232.0,203.0,131.0,124.0
38507,252.0,162.0,132.0,147.0
38508,277.0,239.0,151.0,160.0
38509,237.0,101.0,131.0,143.0
38510,257.0,169.0,148.0,141.0
38511,233.0,115.0,135.0,139.0
38512,244.0,202.0,145.0,156.0
38513,240.0,198.0,152.0,144.0
38514,249.0,102.0,141.0,135.0
38515,239.0,75.0,127.0,128.0
38516,243.0,93.0,139.0,146.0
38517,260.0,122.0,145.0,154.0
38518,242.0,79.0,135.0,134.0
38519,251.0,98.0,135.0,127.0
38520,219.0,89.0,127.0,108.0
38521,264.0,96.0,143.0,142.0
38522,246.0,94.0,144.0,150.0
38523,248.0,157.0,140.0,138.0
38524,261.0,111.0,140.0,137.0
38525,249.0,131.0,148.0,151.0
38526,252.0,159.0,144.0,147.0
38527,252.0,143.0,135.0,126.0
38528,241.0,239.0,154.0,135.0
38529,248.0,138.0,137.0,133.0
38530,248.0,107.0,150.0,127.0
38531,243.0,173.0,130.0,143.0
38532,251.0,93.0,124.0,151.0
38533,256.0,137.0,142.0,147.0
38534,250.0,115.0,152.0,133.0
38535,254.0,127.0,143.0,142.0
38536,243.0,217.0,139.0,142.0
38537,224.0,101.0,132.0,122.0
38538,255.0,130.0,155.0,133.0
38539,259.0,219.0,141.0,133.0
38540,255.0,204.0,148.0,146.0
38541,228.0,92.0,122.0,132.0
38542,267.0,112.0,157.0,148.0
38543,244.0,217.0,129.0,140.0
38544,258.0,118.0,142.0,132.0
38545,265.0,107.0,167.0,149.0
38546,231.0,90.0,124.0,136.0
38547,248.0,163.0,135.0,142.0
38548,231.0,75.0,121.0,125.0
38549,269.0,149.0,153.0,175.0
38550,235.0,107.0,122.0,127.0
38551,235.0,139.0,143.0,132.0
38552,246.0,70.0,142.0,146.0
38553,256.0,168.0,136.0,132.0
38554,236.0,209.0,135.0,131.0
38555,272.0,116.0,169.0,127.0
38556,228.0,215.0,117.0,130.0
38557,238.0,99.0,146.0,121.0
38558,253.0,189.0,120.0,139.0
38559,247.0,73.0,145.0,130.0
38560,236.0,127.0,120.0,135.0
38561,259.0,122.0,144.0,148.0
38562,240.0,73.0,125.0,143.0
38563,252.0,103.0,131.0,143.0
38564,277.0,116.0,146.0,155.0
38565,238.0,71.0,132.0,133.0
38566,254.0,108.0,152.0,142.0
38567,249.0,207.0,142.0,130.0
38568,252.0,69.0,146.0,127.0
38569,235.0,83.0,126.0,121.0
38570,225.0,180.0,115.0,127.0
38571,272.0,121.0,140.0,152.0
38572,245.0,157.0,141.0,155.0
38573,240.0,198.0,135.0,130.0
38574,269.0,123.0,149.0,127.0
38575,255.0,217.0,147.0,142.0
38576,255.0,255.0,157.0,146.0
38577,240.0,99.0,135.0,151.0
38578,224.0,100.0,136.0,107.0
38579,250.0,127.0,139.0,135.0
38580,249.0,94.0,151.0,141.0
38581,241.0,192.0,140.0,138.0
38582,255.0,139.0,135.0,138.0
38583,248.0,133.0,143.0,150.0
38584,263.0,111.0,137.0,149.0
38585,245.0,167.0,138.0,147.0
38586,236.0,134.0,123.0,137.0
38587,259.0,136.0,152.0,152.0
38588,234.0,181.0,128.0,133.0
38589,248.0,108.0,140.0,149.0
38590,277.0,232.0,153.0,163.0
38591,241.0,101.0,151.0,139.0
38592,256.0,221.0,135.0,147.0
38593,249.0,225.0,156.0,146.0
38594,254.0,163.0,145.0,156.0
38595,259.0,128.0,139.0,147.0
38596,250.0,142.0,148.0,136.0
38597,255.0,142.0,146.0,140.0
38598,259.0,237.0,139.0,146.0
38599,256.0,234.0,132.0,141.0
38600,246.0,113.0,134.0,128.0
38601,252.0,213.0,145.0,128.0
38602,260.0,93.0,160.0,153.0
38603,259.0,227.0,160.0,138.0
38604,254.0,146.0,145.0,148.0
38605,249.0,113.0,137.0,146.0
38606,252.0,106.0,160.0,151.0
38607,269.0,120.0,151.0,144.0
38608,249.0,224.0,142.0,157.0
38609,269.0,131.0,150.0,161.0
38610,259.0,90.0,142.0,132.0
38611,236.0,121.0,128.0,116.0
38612,242.0,107.0,124.0,125.0
38613,246.0,106.0,137.0,139.0
38614,245.0,136.0,133.0,141.0
38615,271.0,233.0,158.0,163.0
38616,248.0,210.0,144.0,139.0
38617,249.0,155.0,146.0,137.0
38618,249.0,220.0,129.0,146.0
38619,234.0,67.0,125.0,131.0
38620,246.0,97.0,132.0,138.0
38621,259.0,235.0,146.0,155.0
38622,267.0,241.0,139.0,147.0
38623,256.0,209.0,144.0,156.0
38624,251.0,161.0,139.0,135.0
38625,253.0,231.0,136.0,150.0
38626,236.0,95.0,128.0,138.0
38627,262.0,136.0,146.0,127.0
38628,242.0,85.0,138.0,140.0
38629,273.0,75.0,158.0,162.0
38630,262.0,129.0,142.0,143.0
38631,261.0,95.0,149.0,142.0
38632,235.0,128.0,132.0,133.0
38633,241.0,111.0,139.0,132.0
38634,251.0,224.0,139.0,132.0
38635,234.0,48.0,138.0,126.0
38636,234.0,202.0,125.0,120.0
38637,265.0,56.0,138.0,163.0
38638,229.0,72.0,128.0,144.0
38639,252.0,248.0,149.0,143.0
38640,253.0,117.0,128.0,129.0
38641,258.0,111.0,139.0,153.0
38642,249.0,205.0,140.0,145.0
38643,278.0,239.0,155.0,152.0
38644,235.0,95.0,125.0,138.0
38645,234.0,133.0,140.0,127.0
38646,272.0,125.0,144.0,159.0
38647,279.0,126.0,148.0,153.0
38648,255.0,108.0,151.0,154.0
38649,247.0,103.0,140.0,138.0
38650,248.0,113.0,137.0,129.0
38651,257.0,236.0,146.0,139.0
38652,258.0,219.0,158.0,140.0
38653,255.0,111.0,125.0,134.0
38654,253.0,135.0,136.0,149.0
38655,253.0,66.0,144.0,147.0
38656,237.0,94.0,144.0,136.0
38657,266.0,117.0,166.0,147.0
38658,246.0,206.0,142.0,140.0
38659,243.0,217.0,125.0,123.0
38660,248.0,239.0,128.0,138.0
38661,243.0,235.0,139.0,139.0
38662,266.0,242.0,138.0,159.0
38663,250.0,220.0,141.0,152.0
38664,240.0,115.0,137.0,144.0
38665,245.0,204.0,138.0,143.0
38666,258.0,112.0,149.0,139.0
38667,261.0,145.0,132.0,142.0
38668,247.0,133.0,146.0,127.0
38669,259.0,222.0,154.0,136.0
38670,266.0,144.0,140.0,144.0
38671,244.0,222.0,146.0,150.0
38672,284.0,86.0,159.0,163.0
38673,242.0,100.0,122.0,139.0
38674,231.0,72.0,124.0,136.0
38675,235.0,62.0,145.0,139.0
38676,259.0,74.0,135.0,142.0
38677,261.0,230.0,137.0,134.0
38678,229.0,92.0,137.0,119.0
38679,242.0,91.0,137.0,140.0
38680,248.0,142.0,122.0,131.0
38681,248.0,219.0,135.0,149.0
38682,241.0,216.0,138.0,133.0
38683,264.0,116.0,138.0,148.0
38684,265.0,133.0,157.0,147.0
38685,238.0,201.0,149.0,143.0
38686,274.0,170.0,158.0,145.0
38687,265.0,207.0,147.0,152.0
38688,243.0,137.0,134.0,136.0
38689,248.0,118.0,138.0,139.0
38690,248.0,208.0,141.0,128.0
38691,260.0,229.0,143.0,145.0
38692,274.0,109.0,152.0,162.0
38693,228.0,146.0,131.0,126.0
38694,249.0,124.0,135.0,129.0
38695,267.0,103.0,146.0,141.0
38696,273.0,137.0,157.0,161.0
38697,242.0,92.0,135.0,133.0
38698,248.0,101.0,143.0,141.0
38699,217.0,91.0,119.0,124.0
38700,265.0,120.0,148.0,150.0
38701,234.0,96.0,122.0,128.0
38702,267.0,231.0,150.0,162.0
38703,254.0,64.0,136.0,137.0
38704,251.0,226.0,148.0,126.0
38705,248.0,163.0,132.0,134.0
38706,260.0,110.0,149.0,143.0
38707,241.0,212.0,121.0,127.0
38708,245.0,202.0,134.0,135.0
38709,243.0,141.0,138.0,128.0
38710,249.0,137.0,128.0,141.0
38711,238.0,198.0,142.0,120.0
38712,259.0,228.0,135.0,141.0
38713,260.0,122.0,151.0,138.0
38714,235.0,150.0,129.0,135.0
38715,237.0,206.0,133.0,135.0
38716,247.0,247.0,152.0,120.0
38717,253.0,228.0,116.0,146.0
38718,226.0,220.0,132.0,134.0
38719,244.0,238.0,142.0,160.0
38720,244.0,215.0,140.0,131.0
38721,264.0,257.0,141.0,167.0
38722,232.0,178.0,115.0,129.0
38723,240.0,215.0,127.0,136.0
38724,274.0,129.0,157.0,164.0
38725,261.0,215.0,150.0,148.0
38726,237.0,138.0,132.0,135.0
38727,237.0,78.0,123.0,129.0
38728,243.0,141.0,146.0,124.0
38729,269.0,55.0,165.0,154.0
38730,242.0,87.0,138.0,126.0
38731,242.0,207.0,129.0,130.0
38732,255.0,182.0,152.0,142.0
38733,263.0,88.0,147.0,150.0
38734,253.0,246.0,143.0,134.0
38735,245.0,141.0,133.0,135.0
38736,255.0,224.0,144.0,148.0
38737,231.0,149.0,121.0,130.0
38738,243.0,77.0,122.0,134.0
38739,239.0,103.0,145.0,129.0
38740,233.0,121.0,135.0,139.0
38741,266.0,151.0,135.0,134.0
38742,251.0,90.0,139.0,134.0
38743,244.0,99.0,132.0,130.0
38744,235.0,125.0,148.0,134.0
38745,243.0,68.0,142.0,134.0
38746,237.0,104.0,151.0,131.0
38747,236.0,154.0,122.0,138.0
38748,233.0,85.0,131.0,120.0
38749,244.0,192.0,151.0,132.0
38750,269.0,120.0,142.0,145.0
38751,257.0,206.0,141.0,144.0
38752,238.0,102.0,139.0,127.0
38753,262.0,85.0,163.0,152.0
38754,252.0,237.0,142.0,163.0
38755,228.0,63.0,131.0,127.0
38756,265.0,115.0,141.0,147.0
38757,267.0,225.0,152.0,137.0
38758,250.0,208.0,149.0,143.0
38759,251.0,219.0,144.0,143.0
38760,265.0,262.0,163.0,131.0
38761,271.0,233.0,149.0,153.0
38762,259.0,107.0,134.0,136.0
38763,238.0,90.0,118.0,126.0
38764,262.0,224.0,140.0,153.0
38765,223.0,199.0,133.0,114.0
38766,218.0,194.0,144.0,117.0
38767,251.0,212.0,148.0,135.0
38768,264.0,88.0,143.0,156.0
38769,227.0,66.0,118.0,131.0
38770,241.0,194.0,128.0,145.0
38771,281.0,234.0,162.0,160.0
38772,272.0,269.0,151.0,152.0
38773,262.0,230.0,151.0,146.0
38774,253.0,147.0,137.0,142.0
38775,264.0,113.0,135.0,143.0
38776,255.0,118.0,139.0,140.0
38777,261.0,88.0,155.0,156.0
38778,257.0,193.0,122.0,137.0
38779,251.0,129.0,139.0,143.0
38780,248.0,141.0,141.0,145.0
38781,254.0,113.0,125.0,136.0
38782,253.0,140.0,138.0,129.0
38783,265.0,100.0,151.0,144.0
38784,257.0,107.0,150.0,132.0
38785,267.0,149.0,142.0,160.0
38786,262.0,219.0,135.0,152.0
38787,239.0,192.0,135.0,118.0
38788,247.0,140.0,144.0,149.0
38789,269.0,129.0,148.0,134.0
38790,250.0,145.0,124.0,139.0
38791,251.0,181.0,156.0,146.0
38792,248.0,86.0,155.0,145.0
38793,234.0,118.0,120.0,145.0
38794,255.0,101.0,144.0,135.0
38795,251.0,222.0,133.0,144.0
38796,264.0,264.0,156.0,145.0
38797,239.0,239.0,145.0,147.0
38798,264.0,117.0,151.0,133.0
38799,245.0,222.0,158.0,153.0
38800,242.0,222.0,115.0,123.0
38801,262.0,79.0,145.0,127.0
38802,256.0,76.0,145.0,141.0
38803,269.0,259.0,152.0,156.0
38804,226.0,170.0,123.0,140.0
38805,251.0,78.0,154.0,141.0
38806,283.0,233.0,158.0,163.0
38807,240.0,120.0,123.0,147.0
38808,267.0,166.0,154.0,156.0
38809,270.0,195.0,157.0,139.0
38810,262.0,96.0,153.0,149.0
38811,242.0,175.0,127.0,137.0
38812,251.0,211.0,130.0,137.0
38813,247.0,140.0,121.0,136.0
38814,252.0,140.0,139.0,154.0
38815,237.0,106.0,135.0,123.0
38816,245.0,213.0,131.0,152.0
38817,259.0,227.0,151.0,144.0
38818,265.0,143.0,150.0,154.0
38819,275.0,117.0,154.0,157.0
38820,254.0,226.0,148.0,142.0
38821,256.0,216.0,136.0,141.0
38822,245.0,143.0,131.0,128.0
38823,250.0,210.0,152.0,134.0
38824,267.0,194.0,140.0,151.0
38825,251.0,113.0,148.0,153.0
38826,257.0,104.0,138.0,168.0
38827,253.0,134.0,128.0,142.0
38828,267.0,122.0,155.0,160.0
38829,253.0,225.0,145.0,136.0
38830,259.0,115.0,156.0,156.0
38831,256.0,100.0,149.0,151.0
38832,237.0,118.0,130.0,128.0
38833,239.0,206.0,142.0,143.0
38834,228.0,91.0,134.0,124.0
38835,245.0,73.0,149.0,133.0
38836,226.0,141.0,120.0,132.0
38837,262.0,163.0,143.0,143.0
38838,240.0,222.0,132.0,128.0
38839,264.0,124.0,135.0,156.0
38840,267.0,262.0,156.0,165.0
38841,230.0,205.0,121.0,135.0
38842,232.0,186.0,134.0,130.0
38843,226.0,77.0,129.0,144.0
38844,250.0,224.0,153.0,139.0
38845,265.0,118.0,166.0,150.0
38846,262.0,159.0,149.0,135.0
38847,227.0,85.0,135.0,129.0
38848,263.0,149.0,147.0,140.0
38849,263.0,45.0,158.0,140.0
38850,262.0,96.0,153.0,138.0
38851,243.0,95.0,133.0,128.0
38852,253.0,115.0,136.0,156.0
38853,249.0,55.0,126.0,135.0
38854,238.0,85.0,135.0,133.0
38855,247.0,81.0,142.0,144.0
38856,231.0,174.0,123.0,140.0
38857,243.0,104.0,133.0,128.0
38858,237.0,71.0,139.0,123.0
38859,256.0,107.0,158.0,138.0
38860,271.0,149.0,151.0,157.0
38861,233.0,77.0,137.0,129.0
38862,244.0,222.0,140.0,128.0
38863,259.0,244.0,147.0,142.0
38864,260.0,125.0,137.0,133.0
38865,243.0,104.0,120.0,154.0
38866,263.0,83.0,141.0,147.0
38867,245.0,232.0,128.0,143.0
38868,261.0,92.0,137.0,149.0
38869,278.0,247.0,153.0,162.0
38870,280.0,125.0,163.0,160.0
38871,255.0,154.0,134.0,152.0
38872,255.0,216.0,135.0,154.0
38873,262.0,244.0,144.0,148.0
38874,258.0,229.0,136.0,145.0
38875,264.0,116.0,150.0,143.0
38876,260.0,96.0,150.0,137.0
38877,237.0,99.0,135.0,121.0
38878,248.0,216.0,141.0,129.0
38879,273.0,241.0,162.0,157.0
38880,250.0,100.0,166.0,133.0
38881,244.0,93.0,134.0,147.0
38882,263.0,160.0,131.0,145.0
38883,261.0,131.0,124.0,153.0
38884,230.0,97.0,125.0,127.0
38885,247.0,202.0,138.0,138.0
38886,260.0,121.0,152.0,157.0
38887,252.0,109.0,131.0,134.0
38888,254.0,89.0,156.0,146.0
38889,237.0,200.0,134.0,144.0
38890,266.0,230.0,163.0,157.0
38891,258.0,216.0,145.0,156.0
38892,252.0,205.0,143.0,144.0
38893,262.0,208.0,152.0,128.0
38894,258.0,130.0,139.0,160.0
38895,245.0,72.0,145.0,131.0
38896,217.0,103.0,114.0,124.0
38897,231.0,205.0,126.0,143.0
38898,271.0,136.0,150.0,156.0
38899,249.0,248.0,143.0,140.0
38900,265.0,80.0,154.0,151.0
38901,249.0,220.0,130.0,146.0
38902,250.0,79.0,138.0,140.0
38903,252.0,106.0,139.0,137.0
38904,270.0,116.0,150.0,160.0
38905,269.0,229.0,153.0,153.0
38906,289.0,168.0,177.0,172.0
38907,244.0,235.0,136.0,133.0
38908,240.0,146.0,154.0,131.0
38909,241.0,204.0,140.0,155.0
38910,245.0,215.0,141.0,140.0
38911,282.0,231.0,166.0,158.0
38912,243.0,91.0,130.0,133.0
38913,236.0,100.0,125.0,133.0
38914,270.0,115.0,169.0,140.0
38915,277.0,125.0,154.0,161.0
38916,244.0,179.0,143.0,141.0
38917,246.0,104.0,137.0,135.0
38918,280.0,239.0,150.0,152.0
38919,263.0,222.0,160.0,147.0
38920,266.0,257.0,156.0,142.0
38921,249.0,101.0,140.0,137.0
38922,241.0,88.0,129.0,133.0
38923,256.0,122.0,132.0,130.0
38924,248.0,224.0,142.0,139.0
38925,245.0,225.0,140.0,135.0
38926,258.0,124.0,155.0,149.0
38927,264.0,228.0,153.0,130.0
38928,262.0,87.0,140.0,157.0
38929,267.0,95.0,152.0,149.0
38930,249.0,86.0,138.0,143.0
38931,226.0,99.0,133.0,119.0
38932,241.0,106.0,149.0,133.0
38933,277.0,116.0,167.0,166.0
38934,240.0,202.0,140.0,142.0
38935,240.0,213.0,135.0,131.0
38936,250.0,222.0,155.0,131.0
38937,252.0,218.0,142.0,141.0
38938,262.0,220.0,148.0,151.0
38939,236.0,99.0,128.0,131.0
38940,248.0,216.0,134.0,134.0
38941,247.0,84.0,130.0,141.0
38942,276.0,166.0,139.0,138.0
38943,264.0,134.0,142.0,144.0
38944,269.0,134.0,159.0,153.0
38945,239.0,212.0,139.0,127.0
38946,228.0,192.0,125.0,135.0
38947,223.0,222.0,119.0,111.0
38948,249.0,218.0,142.0,128.0
38949,252.0,210.0,130.0,151.0
38950,237.0,237.0,133.0,153.0
38951,249.0,180.0,145.0,133.0
38952,251.0,200.0,137.0,149.0
38953,232.0,155.0,133.0,127.0
38954,244.0,123.0,140.0,122.0
38955,256.0,116.0,134.0,137.0
38956,260.0,208.0,148.0,144.0
38957,243.0,208.0,139.0,125.0
38958,221.0,99.0,124.0,117.0
38959,263.0,110.0,144.0,142.0
38960,253.0,139.0,133.0,136.0
38961,253.0,211.0,147.0,130.0
38962,228.0,70.0,125.0,132.0
38963,262.0,124.0,133.0,144.0
38964,262.0,134.0,152.0,144.0
38965,251.0,227.0,140.0,159.0
38966,253.0,206.0,155.0,151.0
38967,234.0,187.0,160.0,138.0
38968,243.0,146.0,140.0,119.0
38969,241.0,133.0,117.0,113.0
38970,232.0,98.0,134.0,123.0
38971,244.0,131.0,151.0,141.0
38972,267.0,99.0,143.0,143.0
38973,261.0,125.0,146.0,153.0
38974,236.0,206.0,137.0,132.0
38975,254.0,123.0,142.0,131.0
38976,265.0,56.0,149.0,143.0
38977,251.0,229.0,135.0,127.0
38978,269.0,118.0,151.0,150.0
38979,257.0,130.0,136.0,147.0
38980,231.0,70.0,118.0,125.0
38981,252.0,205.0,137.0,140.0
38982,258.0,224.0,142.0,139.0
38983,249.0,198.0,135.0,127.0
38984,235.0,88.0,118.0,143.0
38985,245.0,237.0,147.0,127.0
38986,239.0,150.0,141.0,122.0
38987,286.0,249.0,174.0,155.0
38988,259.0,222.0,171.0,150.0
38989,242.0,105.0,127.0,131.0
38990,239.0,160.0,122.0,144.0
38991,243.0,215.0,147.0,137.0
38992,245.0,87.0,131.0,130.0
38993,262.0,141.0,156.0,157.0
38994,236.0,48.0,145.0,148.0
38995,254.0,77.0,142.0,147.0
38996,254.0,218.0,135.0,143.0
38997,227.0,200.0,112.0,128.0
38998,260.0,100.0,142.0,137.0
38999,250.0,241.0,165.0,132.0
39000,244.0,133.0,144.0,129.0
39001,233.0,122.0,135.0,131.0
39002,234.0,193.0,138.0,130.0
39003,270.0,230.0,156.0,158.0
39004,229.0,96.0,142.0,127.0
39005,241.0,218.0,164.0,134.0
39006,258.0,56.0,144.0,137.0
39007,239.0,131.0,139.0,153.0
39008,264.0,135.0,151.0,149.0
39009,251.0,233.0,139.0,146.0
39010,242.0,144.0,124.0,132.0
39011,271.0,193.0,163.0,150.0
39012,243.0,85.0,146.0,130.0
39013,255.0,84.0,148.0,140.0
39014,260.0,123.0,150.0,153.0
39015,236.0,72.0,123.0,141.0
39016,239.0,205.0,132.0,129.0
39017,249.0,133.0,141.0,141.0
39018,254.0,215.0,152.0,140.0
39019,252.0,90.0,153.0,144.0
39020,239.0,198.0,140.0,131.0
39021,247.0,213.0,138.0,147.0
39022,269.0,82.0,152.0,150.0
39023,249.0,215.0,150.0,140.0
39024,252.0,131.0,141.0,129.0
39025,265.0,99.0,145.0,145.0
39026,252.0,104.0,150.0,150.0
39027,248.0,102.0,130.0,141.0
39028,243.0,100.0,137.0,134.0
39029,248.0,242.0,137.0,141.0
39030,260.0,134.0,155.0,152.0
39031,258.0,137.0,142.0,136.0
39032,259.0,121.0,148.0,146.0
39033,253.0,62.0,142.0,158.0
39034,272.0,248.0,132.0,148.0
39035,235.0,107.0,134.0,124.0
39036,250.0,116.0,135.0,136.0
39037,231.0,101.0,128.0,129.0
39038,257.0,133.0,145.0,137.0
39039,236.0,200.0,128.0,143.0
39040,254.0,128.0,150.0,144.0
39041,230.0,93.0,120.0,121.0
39042,275.0,215.0,149.0,153.0
39043,273.0,251.0,170.0,160.0
39044,253.0,95.0,160.0,133.0
39045,236.0,207.0,138.0,122.0
39046,252.0,147.0,145.0,143.0
39047,262.0,153.0,137.0,143.0
39048,251.0,171.0,131.0,125.0
39049,250.0,179.0,126.0,141.0
39050,259.0,169.0,132.0,152.0
39051,266.0,183.0,157.0,134.0
39052,234.0,210.0,124.0,130.0
39053,270.0,117.0,148.0,148.0
39054,230.0,97.0,118.0,121.0
39055,266.0,204.0,144.0,148.0
39056,260.0,149.0,129.0,160.0
39057,284.0,239.0,168.0,168.0
39058,262.0,224.0,150.0,143.0
39059,241.0,205.0,135.0,143.0
39060,285.0,246.0,167.0,163.0
39061,234.0,110.0,121.0,138.0
39062,223.0,93.0,131.0,128.0
39063,237.0,154.0,120.0,120.0
39064,238.0,208.0,127.0,155.0
39065,255.0,225.0,142.0,147.0
39066,253.0,202.0,140.0,133.0
39067,263.0,95.0,151.0,148.0
39068,235.0,116.0,138.0,133.0
39069,258.0,92.0,139.0,149.0
39070,239.0,125.0,133.0,129.0
39071,251.0,53.0,145.0,136.0
39072,261.0,215.0,147.0,138.0
39073,238.0,99.0,136.0,127.0
39074,262.0,93.0,142.0,142.0
39075,259.0,153.0,144.0,139.0
39076,243.0,121.0,137.0,146.0
39077,264.0,178.0,149.0,145.0
39078,244.0,113.0,130.0,149.0
39079,258.0,228.0,152.0,137.0
39080,237.0,86.0,123.0,141.0
39081,243.0,120.0,147.0,139.0
39082,249.0,127.0,160.0,157.0
39083,244.0,109.0,137.0,124.0
39084,261.0,249.0,137.0,164.0
39085,252.0,119.0,129.0,144.0
39086,243.0,126.0,133.0,134.0
39087,247.0,88.0,142.0,132.0
39088,250.0,139.0,144.0,137.0
39089,215.0,174.0,120.0,119.0
39090,248.0,123.0,141.0,140.0
39091,248.0,103.0,144.0,135.0
39092,254.0,230.0,139.0,151.0
39093,252.0,86.0,143.0,138.0
39094,263.0,112.0,145.0,144.0
39095,243.0,114.0,122.0,149.0
39096,240.0,83.0,134.0,140.0
39097,265.0,96.0,132.0,149.0
39098,233.0,82.0,140.0,125.0
39099,235.0,106.0,120.0,134.0
39100,254.0,109.0,150.0,149.0
39101,253.0,114.0,147.0,148.0
39102,227.0,187.0,124.0,121.0
39103,241.0,100.0,120.0,147.0
39104,237.0,203.0,130.0,132.0
39105,240.0,207.0,131.0,130.0
39106,241.0,231.0,138.0,141.0
39107,236.0,206.0,132.0,136.0
39108,243.0,212.0,128.0,133.0
39109,269.0,223.0,158.0,149.0
39110,240.0,76.0,130.0,137.0
39111,251.0,223.0,133.0,136.0
39112,233.0,205.0,115.0,148.0
39113,237.0,149.0,148.0,129.0
39114,252.0,208.0,134.0,137.0
39115,261.0,111.0,140.0,162.0
39116,264.0,77.0,152.0,154.0
39117,240.0,82.0,122.0,140.0
39118,235.0,112.0,120.0,129.0
39119,255.0,133.0,132.0,147.0
39120,261.0,259.0,158.0,145.0
39121,241.0,155.0,138.0,132.0
39122,248.0,221.0,156.0,125.0
39123,254.0,123.0,133.0,137.0
39124,260.0,221.0,145.0,159.0
39125,259.0,72.0,146.0,150.0
39126,252.0,142.0,140.0,138.0
39127,235.0,79.0,124.0,134.0
39128,255.0,112.0,147.0,168.0
39129,237.0,208.0,137.0,143.0
39130,233.0,123.0,142.0,126.0
39131,245.0,88.0,143.0,136.0
39132,252.0,130.0,136.0,124.0
39133,246.0,243.0,142.0,129.0
39134,241.0,216.0,121.0,121.0
39135,260.0,153.0,141.0,149.0
39136,241.0,83.0,126.0,129.0
39137,260.0,99.0,133.0,148.0
39138,252.0,102.0,128.0,140.0
39139,238.0,197.0,142.0,149.0
39140,244.0,45.0,138.0,140.0
39141,263.0,228.0,150.0,138.0
39142,252.0,213.0,125.0,143.0
39143,277.0,86.0,145.0,151.0
39144,227.0,223.0,133.0,107.0
39145,260.0,97.0,152.0,142.0
39146,242.0,107.0,130.0,127.0
39147,233.0,81.0,127.0,132.0
39148,247.0,92.0,154.0,135.0
39149,257.0,229.0,148.0,149.0
39150,255.0,136.0,121.0,148.0
39151,269.0,170.0,153.0,140.0
39152,268.0,154.0,144.0,151.0
39153,261.0,222.0,167.0,148.0
39154,214.0,194.0,113.0,110.0
39155,259.0,221.0,129.0,141.0
39156,263.0,127.0,157.0,143.0
39157,244.0,89.0,145.0,125.0
39158,265.0,240.0,161.0,163.0
39159,274.0,125.0,151.0,146.0
39160,254.0,149.0,139.0,130.0
39161,225.0,106.0,124.0,127.0
39162,245.0,109.0,132.0,142.0
39163,226.0,183.0,128.0,132.0
39164,251.0,211.0,138.0,131.0
39165,227.0,110.0,122.0,131.0
39166,241.0,113.0,135.0,143.0
39167,252.0,77.0,127.0,145.0
39168,239.0,210.0,127.0,130.0
39169,241.0,153.0,123.0,142.0
39170,259.0,123.0,153.0,142.0
39171,246.0,91.0,138.0,145.0
39172,241.0,154.0,119.0,149.0
39173,215.0,118.0,126.0,120.0
39174,226.0,108.0,130.0,136.0
39175,255.0,111.0,134.0,140.0
39176,255.0,223.0,137.0,146.0
39177,264.0,94.0,151.0,149.0
39178,245.0,190.0,134.0,135.0
39179,227.0,132.0,128.0,131.0
39180,249.0,129.0,129.0,134.0
39181,238.0,177.0,133.0,145.0
39182,249.0,80.0,142.0,130.0
39183,253.0,109.0,136.0,128.0
39184,271.0,69.0,147.0,151.0
39185,238.0,143.0,130.0,140.0
39186,262.0,133.0,131.0,152.0
39187,236.0,116.0,132.0,131.0
39188,263.0,111.0,161.0,152.0
39189,267.0,260.0,148.0,153.0
39190,239.0,139.0,164.0,129.0
39191,253.0,215.0,166.0,134.0
39192,281.0,109.0,168.0,161.0
39193,256.0,134.0,132.0,143.0
39194,270.0,111.0,152.0,150.0
39195,269.0,259.0,166.0,147.0
39196,259.0,83.0,152.0,155.0
39197,248.0,98.0,126.0,142.0
39198,224.0,185.0,120.0,130.0
39199,254.0,120.0,143.0,141.0
39200,252.0,142.0,142.0,143.0
39201,247.0,111.0,138.0,131.0
39202,273.0,172.0,151.0,161.0
39203,243.0,209.0,121.0,135.0
39204,237.0,74.0,117.0,151.0
39205,265.0,221.0,150.0,149.0
39206,225.0,108.0,145.0,123.0
39207,274.0,140.0,146.0,162.0
39208,253.0,120.0,150.0,135.0
39209,267.0,229.0,141.0,150.0
39210,271.0,114.0,153.0,136.0
39211,248.0,206.0,152.0,126.0
39212,258.0,156.0,140.0,135.0
39213,231.0,182.0,125.0,122.0
39214,243.0,123.0,135.0,144.0
39215,244.0,74.0,145.0,125.0
39216,254.0,188.0,131.0,141.0
39217,252.0,96.0,134.0,148.0
39218,240.0,140.0,129.0,131.0
39219,259.0,118.0,154.0,154.0
39220,277.0,221.0,159.0,159.0
39221,268.0,87.0,176.0,154.0
39222,249.0,225.0,139.0,133.0
39223,241.0,76.0,125.0,145.0
39224,249.0,209.0,134.0,150.0
39225,263.0,223.0,160.0,136.0
39226,262.0,85.0,142.0,149.0
39227,246.0,135.0,135.0,136.0
39228,258.0,134.0,145.0,163.0
39229,252.0,98.0,129.0,134.0
39230,228.0,207.0,130.0,118.0
39231,264.0,126.0,132.0,148.0
39232,238.0,98.0,127.0,131.0
39233,261.0,214.0,152.0,160.0
39234,250.0,216.0,163.0,150.0
39235,251.0,173.0,137.0,145.0
39236,236.0,113.0,140.0,144.0
39237,240.0,208.0,143.0,138.0
39238,264.0,129.0,141.0,145.0
39239,249.0,63.0,127.0,141.0
39240,232.0,219.0,121.0,126.0
39241,278.0,119.0,152.0,161.0
39242,245.0,130.0,137.0,137.0
39243,234.0,140.0,114.0,135.0
39244,258.0,114.0,140.0,146.0
39245,258.0,87.0,136.0,147.0
39246,235.0,157.0,144.0,135.0
39247,242.0,75.0,143.0,121.0
39248,268.0,220.0,156.0,154.0
39249,266.0,219.0,160.0,151.0
39250,251.0,251.0,138.0,158.0
39251,220.0,211.0,133.0,135.0
39252,261.0,217.0,144.0,151.0
39253,251.0,117.0,144.0,128.0
39254,249.0,108.0,147.0,153.0
39255,266.0,114.0,157.0,151.0
39256,243.0,113.0,134.0,138.0
39257,254.0,139.0,142.0,136.0
39258,243.0,100.0,131.0,134.0
39259,268.0,88.0,146.0,131.0
39260,241.0,111.0,141.0,143.0
39261,249.0,74.0,150.0,140.0
39262,249.0,138.0,140.0,142.0
39263,256.0,221.0,134.0,149.0
39264,234.0,84.0,133.0,148.0
39265,245.0,227.0,144.0,133.0
39266,255.0,79.0,140.0,144.0
39267,236.0,113.0,120.0,126.0
39268,245.0,226.0,142.0,149.0
39269,250.0,116.0,141.0,134.0
39270,255.0,85.0,149.0,148.0
39271,252.0,126.0,152.0,145.0
39272,260.0,124.0,137.0,150.0
39273,258.0,95.0,149.0,137.0
39274,265.0,239.0,144.0,149.0
39275,265.0,239.0,147.0,149.0
39276,225.0,152.0,133.0,127.0
39277,261.0,135.0,150.0,140.0
39278,238.0,191.0,112.0,133.0
39279,231.0,120.0,126.0,134.0
39280,256.0,221.0,146.0,142.0
39281,255.0,120.0,157.0,138.0
39282,258.0,127.0,135.0,159.0
39283,282.0,100.0,179.0,161.0
39284,272.0,124.0,155.0,144.0
39285,255.0,87.0,149.0,146.0
39286,266.0,186.0,152.0,151.0
39287,232.0,106.0,121.0,131.0
39288,239.0,93.0,134.0,135.0
39289,249.0,122.0,137.0,156.0
39290,242.0,90.0,138.0,126.0
39291,234.0,197.0,143.0,124.0
39292,230.0,198.0,130.0,134.0
39293,241.0,227.0,132.0,138.0
39294,249.0,199.0,129.0,156.0
39295,268.0,54.0,145.0,170.0
39296,242.0,135.0,148.0,147.0
39297,240.0,109.0,135.0,128.0
39298,244.0,218.0,142.0,136.0
39299,257.0,98.0,151.0,123.0
39300,254.0,97.0,138.0,155.0
39301,231.0,111.0,117.0,128.0
39302,243.0,91.0,131.0,131.0
39303,240.0,103.0,139.0,134.0
39304,253.0,129.0,127.0,141.0
39305,245.0,134.0,158.0,124.0
39306,257.0,143.0,146.0,143.0
39307,239.0,214.0,123.0,142.0
39308,259.0,132.0,142.0,147.0
39309,254.0,212.0,146.0,138.0
39310,246.0,82.0,129.0,135.0
39311,238.0,214.0,150.0,132.0
39312,263.0,151.0,133.0,156.0
39313,238.0,238.0,137.0,135.0
39314,263.0,124.0,147.0,149.0
39315,258.0,225.0,142.0,138.0
39316,243.0,106.0,131.0,138.0
39317,243.0,63.0,141.0,142.0
39318,257.0,112.0,140.0,150.0
39319,250.0,221.0,147.0,140.0
39320,230.0,201.0,132.0,144.0
39321,219.0,79.0,129.0,120.0
39322,234.0,221.0,126.0,131.0
39323,240.0,76.0,127.0,146.0
39324,248.0,89.0,143.0,145.0
39325,268.0,221.0,141.0,150.0
39326,256.0,98.0,144.0,140.0
39327,257.0,81.0,131.0,138.0
39328,253.0,134.0,146.0,148.0
39329,243.0,125.0,132.0,130.0
39330,255.0,76.0,151.0,151.0
39331,261.0,149.0,151.0,147.0
39332,241.0,239.0,146.0,134.0
39333,249.0,110.0,143.0,134.0
39334,272.0,64.0,158.0,149.0
39335,236.0,191.0,124.0,139.0
39336,246.0,112.0,137.0,144.0
39337,214.0,107.0,122.0,139.0
39338,268.0,117.0,159.0,157.0
39339,267.0,106.0,130.0,150.0
39340,285.0,122.0,174.0,171.0
39341,242.0,133.0,128.0,126.0
39342,239.0,176.0,125.0,132.0
39343,249.0,211.0,148.0,159.0
39344,259.0,229.0,137.0,162.0
39345,258.0,218.0,136.0,129.0
39346,246.0,203.0,151.0,132.0
39347,237.0,70.0,129.0,130.0
39348,257.0,224.0,147.0,143.0
39349,248.0,222.0,122.0,136.0
39350,246.0,242.0,135.0,138.0
39351,250.0,149.0,144.0,157.0
39352,242.0,119.0,139.0,149.0
39353,269.0,97.0,129.0,156.0
39354,257.0,112.0,136.0,145.0
39355,225.0,112.0,121.0,137.0
39356,277.0,239.0,159.0,168.0
39357,264.0,128.0,132.0,163.0
39358,241.0,97.0,128.0,149.0
39359,220.0,140.0,125.0,112.0
39360,243.0,139.0,141.0,150.0
39361,264.0,219.0,150.0,162.0
39362,237.0,131.0,130.0,142.0
39363,239.0,214.0,142.0,149.0
39364,250.0,90.0,145.0,133.0
39365,265.0,123.0,143.0,137.0
39366,260.0,101.0,153.0,144.0
39367,251.0,215.0,131.0,141.0
39368,256.0,220.0,157.0,137.0
39369,230.0,192.0,137.0,129.0
39370,242.0,131.0,137.0,142.0
39371,247.0,85.0,147.0,148.0
39372,236.0,112.0,119.0,139.0
39373,244.0,98.0,144.0,113.0
39374,252.0,118.0,157.0,149.0
39375,239.0,210.0,131.0,132.0
39376,226.0,116.0,132.0,124.0
39377,254.0,222.0,131.0,135.0
39378,242.0,210.0,130.0,134.0
39379,262.0,249.0,148.0,149.0
39380,253.0,231.0,133.0,142.0
39381,236.0,112.0,135.0,129.0
39382,262.0,115.0,149.0,127.0
39383,249.0,78.0,144.0,149.0
39384,279.0,97.0,162.0,159.0
39385,272.0,125.0,150.0,150.0
39386,240.0,127.0,121.0,144.0
39387,233.0,98.0,133.0,131.0
39388,276.0,175.0,150.0,149.0
39389,248.0,183.0,131.0,142.0
39390,242.0,100.0,139.0,129.0
39391,263.0,101.0,148.0,151.0
39392,236.0,103.0,144.0,122.0
39393,221.0,113.0,137.0,128.0
39394,265.0,104.0,152.0,128.0
39395,249.0,115.0,135.0,147.0
39396,245.0,142.0,127.0,130.0
39397,271.0,126.0,159.0,163.0
39398,256.0,145.0,135.0,148.0
39399,226.0,137.0,128.0,129.0
39400,260.0,226.0,147.0,158.0
39401,281.0,247.0,139.0,170.0
39402,246.0,170.0,130.0,144.0
39403,260.0,258.0,157.0,149.0
39404,250.0,75.0,146.0,144.0
39405,255.0,108.0,143.0,132.0
39406,281.0,93.0,153.0,155.0
39407,255.0,150.0,164.0,150.0
39408,281.0,271.0,157.0,150.0
39409,251.0,133.0,141.0,134.0
39410,277.0,252.0,148.0,154.0
39411,268.0,146.0,155.0,153.0
39412,271.0,231.0,150.0,149.0
39413,239.0,218.0,121.0,128.0
39414,272.0,202.0,167.0,154.0
39415,228.0,104.0,141.0,128.0
39416,236.0,96.0,119.0,126.0
39417,252.0,179.0,152.0,135.0
39418,234.0,104.0,126.0,125.0
39419,248.0,202.0,142.0,135.0
39420,266.0,262.0,160.0,155.0
39421,253.0,114.0,158.0,146.0
39422,252.0,76.0,162.0,134.0
39423,238.0,196.0,144.0,126.0
39424,244.0,97.0,126.0,134.0
39425,230.0,98.0,132.0,130.0
39426,246.0,214.0,120.0,153.0
39427,251.0,141.0,138.0,139.0
39428,271.0,99.0,167.0,161.0
39429,243.0,200.0,131.0,142.0
39430,270.0,227.0,157.0,151.0
39431,256.0,89.0,144.0,149.0
39432,244.0,79.0,136.0,137.0
39433,249.0,225.0,127.0,136.0
39434,242.0,99.0,148.0,139.0
39435,260.0,155.0,147.0,145.0
39436,268.0,228.0,152.0,150.0
39437,263.0,99.0,144.0,156.0
39438,250.0,208.0,131.0,126.0
39439,229.0,95.0,127.0,123.0
39440,253.0,114.0,142.0,146.0
39441,277.0,239.0,153.0,155.0
39442,248.0,99.0,140.0,139.0
39443,226.0,98.0,126.0,137.0
39444,271.0,114.0,171.0,159.0
39445,234.0,119.0,110.0,128.0
39446,263.0,95.0,147.0,143.0
39447,261.0,138.0,140.0,144.0
39448,261.0,125.0,154.0,162.0
39449,223.0,152.0,125.0,127.0
39450,253.0,170.0,140.0,132.0
39451,259.0,95.0,146.0,148.0
39452,254.0,74.0,134.0,150.0
39453,232.0,125.0,133.0,142.0
39454,265.0,237.0,153.0,143.0
39455,242.0,121.0,142.0,137.0
39456,268.0,162.0,133.0,153.0
39457,242.0,117.0,143.0,126.0
39458,245.0,134.0,147.0,137.0
39459,266.0,125.0,147.0,159.0
39460,247.0,119.0,119.0,133.0
39461,238.0,95.0,142.0,134.0
39462,277.0,269.0,155.0,158.0
39463,238.0,208.0,130.0,141.0
39464,252.0,222.0,124.0,145.0
39465,250.0,97.0,135.0,136.0
39466,258.0,123.0,151.0,159.0
39467,232.0,64.0,133.0,132.0
39468,254.0,253.0,146.0,146.0
39469,245.0,96.0,140.0,143.0
39470,259.0,126.0,143.0,156.0
39471,243.0,218.0,118.0,137.0
39472,254.0,217.0,140.0,135.0
39473,262.0,234.0,151.0,144.0
39474,258.0,230.0,136.0,144.0
39475,247.0,83.0,142.0,144.0
39476,238.0,232.0,136.0,145.0
39477,249.0,62.0,144.0,142.0
39478,240.0,203.0,138.0,141.0
39479,213.0,55.0,121.0,122.0
39480,249.0,205.0,154.0,142.0
39481,239.0,67.0,135.0,143.0
39482,242.0,84.0,141.0,144.0
39483,245.0,142.0,134.0,135.0
39484,267.0,133.0,141.0,148.0
39485,262.0,118.0,138.0,160.0
39486,252.0,222.0,138.0,132.0
39487,235.0,129.0,132.0,131.0
39488,242.0,230.0,139.0,141.0
39489,255.0,55.0,129.0,143.0
39490,240.0,100.0,149.0,134.0
39491,242.0,211.0,148.0,138.0
39492,269.0,216.0,144.0,155.0
39493,255.0,248.0,130.0,139.0
39494,260.0,114.0,148.0,151.0
39495,240.0,235.0,119.0,139.0
39496,234.0,199.0,140.0,138.0
39497,245.0,210.0,156.0,138.0
39498,273.0,130.0,159.0,152.0
39499,251.0,241.0,152.0,139.0
39500,246.0,109.0,133.0,140.0
39501,269.0,243.0,143.0,150.0
39502,241.0,122.0,148.0,139.0
39503,231.0,202.0,126.0,128.0
39504,260.0,124.0,140.0,145.0
39505,246.0,148.0,140.0,132.0
39506,268.0,221.0,137.0,137.0
39507,260.0,229.0,160.0,130.0
39508,235.0,82.0,120.0,123.0
39509,245.0,239.0,146.0,141.0
39510,259.0,223.0,147.0,132.0
39511,234.0,63.0,124.0,143.0
39512,257.0,224.0,146.0,146.0
39513,273.0,236.0,155.0,160.0
39514,238.0,189.0,123.0,129.0
39515,265.0,244.0,148.0,152.0
39516,258.0,253.0,128.0,153.0
39517,233.0,228.0,118.0,125.0
39518,236.0,211.0,132.0,136.0
39519,263.0,225.0,136.0,151.0
39520,222.0,87.0,112.0,128.0
39521,251.0,209.0,147.0,135.0
39522,261.0,236.0,134.0,159.0
39523,224.0,114.0,120.0,122.0
39524,236.0,200.0,136.0,134.0
39525,242.0,133.0,144.0,135.0
39526,264.0,91.0,137.0,150.0
39527,245.0,242.0,157.0,127.0
39528,264.0,71.0,146.0,148.0
39529,262.0,224.0,143.0,156.0
39530,263.0,115.0,159.0,152.0
39531,264.0,133.0,153.0,148.0
39532,252.0,67.0,142.0,130.0
39533,260.0,124.0,137.0,129.0
39534,259.0,136.0,150.0,142.0
39535,235.0,215.0,125.0,136.0
39536,244.0,123.0,136.0,143.0
39537,239.0,204.0,142.0,145.0
39538,268.0,223.0,141.0,157.0
39539,259.0,152.0,151.0,143.0
39540,237.0,66.0,132.0,120.0
39541,242.0,53.0,145.0,145.0
39542,258.0,224.0,154.0,134.0
39543,253.0,219.0,137.0,143.0
39544,257.0,82.0,139.0,136.0
39545,251.0,91.0,148.0,145.0
39546,255.0,226.0,149.0,155.0
39547,261.0,113.0,155.0,147.0
39548,279.0,118.0,142.0,158.0
39549,258.0,111.0,148.0,146.0
39550,230.0,105.0,136.0,121.0
39551,260.0,71.0,135.0,148.0
39552,241.0,54.0,142.0,127.0
39553,259.0,145.0,144.0,151.0
39554,248.0,126.0,136.0,136.0
39555,235.0,92.0,136.0,133.0
39556,263.0,115.0,137.0,152.0
39557,262.0,102.0,127.0,144.0
39558,240.0,81.0,147.0,128.0
39559,268.0,224.0,166.0,142.0
39560,271.0,102.0,143.0,145.0
39561,237.0,84.0,139.0,130.0
39562,248.0,210.0,136.0,122.0
39563,236.0,118.0,130.0,123.0
39564,254.0,216.0,140.0,143.0
39565,274.0,105.0,165.0,158.0
39566,231.0,87.0,127.0,134.0
39567,241.0,198.0,138.0,133.0
39568,238.0,92.0,131.0,128.0
39569,263.0,225.0,144.0,136.0
39570,245.0,98.0,142.0,135.0
39571,227.0,84.0,130.0,130.0
39572,248.0,82.0,135.0,133.0
39573,245.0,210.0,136.0,148.0
39574,243.0,118.0,144.0,139.0
39575,237.0,96.0,142.0,124.0
39576,256.0,143.0,159.0,138.0
39577,250.0,146.0,149.0,132.0
39578,226.0,128.0,128.0,129.0
39579,245.0,108.0,149.0,123.0
39580,264.0,214.0,139.0,130.0
39581,256.0,226.0,146.0,138.0
39582,252.0,137.0,130.0,143.0
39583,272.0,233.0,155.0,159.0
39584,248.0,107.0,125.0,146.0
39585,254.0,229.0,156.0,147.0
39586,229.0,110.0,132.0,136.0
39587,245.0,150.0,134.0,143.0
39588,258.0,155.0,145.0,135.0
39589,241.0,126.0,127.0,147.0
39590,249.0,122.0,139.0,140.0
39591,222.0,108.0,131.0,121.0
39592,242.0,215.0,143.0,119.0
39593,259.0,222.0,154.0,153.0
39594,255.0,64.0,148.0,146.0
39595,250.0,121.0,144.0,138.0
39596,247.0,208.0,138.0,129.0
39597,246.0,170.0,135.0,146.0
39598,269.0,130.0,155.0,159.0
39599,250.0,129.0,134.0,140.0
39600,265.0,227.0,149.0,153.0
39601,254.0,209.0,141.0,149.0
39602,236.0,93.0,123.0,142.0
39603,255.0,183.0,124.0,141.0
39604,268.0,227.0,141.0,168.0
39605,241.0,119.0,129.0,143.0
39606,243.0,118.0,134.0,145.0
39607,261.0,229.0,144.0,155.0
39608,243.0,80.0,152.0,133.0
39609,260.0,226.0,166.0,158.0
39610,236.0,195.0,125.0,132.0
39611,246.0,208.0,135.0,139.0
39612,230.0,131.0,116.0,123.0
39613,276.0,135.0,153.0,157.0
39614,237.0,121.0,140.0,135.0
39615,259.0,114.0,150.0,129.0
39616,255.0,100.0,137.0,137.0
39617,255.0,231.0,139.0,133.0
39618,252.0,108.0,138.0,134.0
39619,237.0,133.0,138.0,122.0
39620,263.0,114.0,141.0,145.0
39621,263.0,132.0,142.0,148.0
39622,247.0,111.0,128.0,150.0
39623,262.0,86.0,145.0,154.0
39624,230.0,125.0,136.0,125.0
39625,263.0,183.0,142.0,139.0
39626,257.0,139.0,140.0,158.0
39627,230.0,117.0,124.0,139.0
39628,248.0,76.0,147.0,154.0
39629,257.0,90.0,148.0,143.0
39630,253.0,84.0,122.0,144.0
39631,256.0,214.0,138.0,149.0
39632,246.0,130.0,145.0,131.0
39633,247.0,101.0,144.0,134.0
39634,229.0,146.0,124.0,128.0
39635,242.0,112.0,145.0,133.0
39636,239.0,202.0,122.0,133.0
39637,257.0,130.0,145.0,149.0
39638,257.0,257.0,160.0,134.0
39639,270.0,97.0,155.0,151.0
39640,240.0,108.0,142.0,136.0
39641,241.0,91.0,123.0,133.0
39642,269.0,169.0,151.0,148.0
39643,261.0,230.0,155.0,143.0
39644,237.0,112.0,145.0,125.0
39645,259.0,129.0,148.0,143.0
39646,239.0,146.0,142.0,128.0
39647,241.0,88.0,142.0,143.0
39648,252.0,128.0,139.0,130.0
39649,232.0,126.0,129.0,131.0
39650,233.0,106.0,117.0,120.0
39651,255.0,124.0,142.0,154.0
39652,230.0,83.0,136.0,120.0
39653,256.0,96.0,142.0,148.0
39654,257.0,150.0,156.0,141.0
39655,237.0,200.0,125.0,136.0
39656,218.0,146.0,105.0,127.0
39657,260.0,136.0,145.0,137.0
39658,232.0,203.0,138.0,131.0
39659,235.0,77.0,136.0,132.0
39660,252.0,206.0,151.0,143.0
39661,244.0,106.0,136.0,153.0
39662,251.0,108.0,136.0,151.0
39663,232.0,129.0,114.0,133.0
39664,251.0,223.0,130.0,138.0
39665,236.0,220.0,136.0,127.0
39666,257.0,122.0,144.0,153.0
39667,258.0,129.0,144.0,133.0
39668,255.0,220.0,145.0,141.0
39669,253.0,83.0,150.0,141.0
39670,274.0,166.0,148.0,158.0
39671,247.0,214.0,138.0,140.0
39672,257.0,91.0,145.0,141.0
39673,279.0,240.0,138.0,144.0
39674,252.0,220.0,143.0,139.0
39675,255.0,119.0,149.0,148.0
39676,245.0,149.0,140.0,141.0
39677,262.0,222.0,168.0,162.0
39678,258.0,145.0,141.0,133.0
39679,248.0,83.0,123.0,137.0
39680,254.0,234.0,146.0,142.0
39681,248.0,120.0,142.0,132.0
39682,234.0,83.0,126.0,145.0
39683,237.0,201.0,135.0,128.0
39684,237.0,106.0,126.0,124.0
39685,245.0,133.0,143.0,127.0
39686,245.0,243.0,140.0,148.0
39687,230.0,97.0,147.0,132.0
39688,246.0,158.0,145.0,135.0
39689,273.0,127.0,147.0,170.0
39690,221.0,79.0,120.0,133.0
39691,272.0,228.0,147.0,149.0
39692,234.0,115.0,125.0,121.0
39693,262.0,103.0,138.0,143.0
39694,265.0,110.0,152.0,150.0
39695,230.0,121.0,123.0,129.0
39696,272.0,160.0,152.0,164.0
39697,255.0,115.0,150.0,136.0
39698,251.0,216.0,141.0,140.0
39699,249.0,94.0,135.0,148.0
39700,254.0,165.0,143.0,152.0
39701,260.0,145.0,137.0,150.0
39702,247.0,115.0,139.0,126.0
39703,247.0,214.0,134.0,141.0
39704,245.0,216.0,146.0,134.0
39705,252.0,119.0,138.0,137.0
39706,246.0,116.0,146.0,146.0
39707,242.0,65.0,136.0,131.0
39708,231.0,102.0,128.0,128.0
39709,251.0,71.0,122.0,148.0
39710,240.0,207.0,142.0,133.0
39711,259.0,205.0,148.0,143.0
39712,272.0,165.0,165.0,146.0
39713,283.0,257.0,160.0,168.0
39714,278.0,137.0,146.0,158.0
39715,256.0,255.0,149.0,148.0
39716,246.0,222.0,144.0,147.0
39717,238.0,106.0,133.0,137.0
39718,258.0,134.0,154.0,134.0
39719,243.0,212.0,139.0,121.0
39720,243.0,34.0,147.0,145.0
39721,265.0,172.0,150.0,158.0
39722,248.0,108.0,141.0,143.0
39723,256.0,155.0,144.0,129.0
39724,247.0,90.0,140.0,143.0
39725,280.0,245.0,165.0,152.0
39726,239.0,144.0,131.0,129.0
39727,249.0,144.0,144.0,148.0
39728,237.0,149.0,125.0,126.0
39729,265.0,114.0,134.0,148.0
39730,284.0,211.0,142.0,162.0
39731,264.0,127.0,144.0,147.0
39732,269.0,262.0,144.0,153.0
39733,237.0,199.0,135.0,123.0
39734,267.0,94.0,144.0,153.0
39735,227.0,126.0,128.0,120.0
39736,251.0,206.0,150.0,143.0
39737,251.0,216.0,132.0,134.0
39738,281.0,243.0,168.0,169.0
39739,264.0,172.0,148.0,168.0
39740,247.0,139.0,135.0,137.0
39741,224.0,209.0,119.0,134.0
39742,255.0,77.0,148.0,153.0
39743,222.0,220.0,118.0,131.0
39744,255.0,216.0,143.0,142.0
39745,244.0,205.0,131.0,137.0
39746,233.0,208.0,125.0,129.0
39747,254.0,229.0,144.0,148.0
39748,280.0,251.0,163.0,153.0
39749,232.0,94.0,134.0,125.0
39750,253.0,211.0,135.0,142.0
39751,246.0,122.0,154.0,142.0
39752,237.0,134.0,148.0,141.0
39753,248.0,70.0,148.0,132.0
39754,262.0,155.0,138.0,141.0
39755,261.0,101.0,143.0,139.0
39756,236.0,96.0,142.0,126.0
39757,257.0,148.0,150.0,140.0
39758,248.0,204.0,149.0,133.0
39759,227.0,182.0,124.0,123.0
39760,242.0,134.0,118.0,137.0
39761,248.0,216.0,127.0,128.0
39762,257.0,106.0,140.0,162.0
39763,242.0,202.0,130.0,143.0
39764,248.0,244.0,132.0,138.0
39765,261.0,99.0,156.0,135.0
39766,236.0,206.0,130.0,127.0
39767,254.0,147.0,126.0,148.0
39768,237.0,111.0,139.0,130.0
39769,236.0,68.0,144.0,132.0
39770,275.0,110.0,154.0,173.0
39771,244.0,213.0,131.0,135.0
39772,251.0,133.0,143.0,146.0
39773,244.0,100.0,131.0,121.0
39774,255.0,238.0,139.0,144.0
39775,261.0,147.0,132.0,152.0
39776,223.0,69.0,144.0,130.0
39777,242.0,126.0,127.0,120.0
39778,241.0,210.0,137.0,132.0
39779,243.0,149.0,121.0,141.0
39780,261.0,213.0,151.0,139.0
39781,264.0,136.0,146.0,162.0
39782,246.0,142.0,130.0,138.0
39783,254.0,136.0,136.0,141.0
39784,243.0,119.0,128.0,139.0
39785,274.0,188.0,144.0,151.0
39786,274.0,124.0,148.0,157.0
39787,264.0,137.0,143.0,147.0
39788,239.0,205.0,143.0,141.0
39789,241.0,56.0,133.0,139.0
39790,237.0,114.0,115.0,140.0
39791,249.0,213.0,120.0,138.0
39792,270.0,123.0,152.0,155.0
39793,255.0,118.0,130.0,153.0
39794,254.0,149.0,147.0,139.0
39795,258.0,66.0,144.0,149.0
39796,253.0,90.0,145.0,147.0
39797,250.0,250.0,162.0,138.0
39798,253.0,253.0,167.0,151.0
39799,252.0,91.0,149.0,130.0
39800,250.0,239.0,143.0,140.0
39801,247.0,120.0,151.0,144.0
39802,269.0,132.0,163.0,159.0
39803,236.0,236.0,144.0,140.0
39804,246.0,206.0,135.0,140.0
39805,244.0,203.0,136.0,133.0
39806,236.0,146.0,122.0,138.0
39807,250.0,165.0,153.0,144.0
39808,251.0,201.0,146.0,146.0
39809,242.0,137.0,135.0,147.0
39810,224.0,200.0,121.0,131.0
39811,253.0,90.0,147.0,152.0
39812,255.0,226.0,150.0,153.0
39813,227.0,185.0,130.0,126.0
39814,258.0,111.0,148.0,140.0
39815,266.0,125.0,151.0,152.0
39816,221.0,89.0,127.0,125.0
39817,233.0,205.0,121.0,129.0
39818,244.0,138.0,132.0,130.0
39819,233.0,231.0,140.0,137.0
39820,254.0,139.0,144.0,144.0
39821,248.0,94.0,138.0,136.0
39822,232.0,83.0,132.0,127.0
39823,271.0,74.0,158.0,154.0
39824,268.0,115.0,160.0,135.0
39825,264.0,139.0,148.0,146.0
39826,264.0,114.0,132.0,158.0
39827,247.0,118.0,138.0,138.0
39828,232.0,121.0,134.0,125.0
39829,258.0,96.0,150.0,135.0
39830,261.0,256.0,155.0,141.0
39831,233.0,91.0,134.0,141.0
39832,241.0,116.0,136.0,127.0
39833,275.0,87.0,155.0,149.0
39834,254.0,118.0,139.0,137.0
39835,246.0,140.0,130.0,129.0
39836,272.0,135.0,145.0,152.0
39837,244.0,217.0,148.0,143.0
39838,265.0,71.0,151.0,144.0
39839,267.0,181.0,165.0,158.0
39840,243.0,223.0,148.0,140.0
39841,266.0,130.0,137.0,159.0
39842,235.0,128.0,138.0,133.0
39843,231.0,121.0,129.0,125.0
39844,257.0,222.0,160.0,143.0
39845,257.0,116.0,142.0,130.0
39846,238.0,212.0,146.0,132.0
39847,237.0,208.0,143.0,135.0
39848,274.0,269.0,157.0,164.0
39849,250.0,212.0,143.0,141.0
39850,240.0,94.0,143.0,136.0
39851,256.0,140.0,156.0,150.0
39852,257.0,122.0,150.0,136.0
39853,236.0,138.0,121.0,118.0
39854,261.0,83.0,139.0,146.0
39855,275.0,229.0,158.0,156.0
39856,247.0,238.0,125.0,161.0
39857,239.0,201.0,134.0,131.0
39858,270.0,114.0,148.0,146.0
39859,245.0,203.0,146.0,139.0
39860,232.0,91.0,119.0,124.0
39861,283.0,117.0,167.0,166.0
39862,254.0,114.0,141.0,135.0
39863,258.0,89.0,144.0,122.0
39864,253.0,103.0,157.0,145.0
39865,241.0,122.0,153.0,134.0
39866,244.0,111.0,144.0,142.0
39867,249.0,96.0,156.0,131.0
39868,250.0,119.0,143.0,124.0
39869,226.0,106.0,133.0,131.0
39870,264.0,125.0,140.0,148.0
39871,272.0,270.0,158.0,144.0
39872,258.0,230.0,157.0,135.0
39873,233.0,144.0,119.0,133.0
39874,254.0,218.0,144.0,149.0
39875,238.0,120.0,127.0,132.0
39876,233.0,119.0,134.0,138.0
39877,263.0,103.0,135.0,146.0
39878,254.0,87.0,145.0,147.0
39879,239.0,114.0,132.0,153.0
39880,245.0,71.0,133.0,147.0
39881,250.0,101.0,140.0,139.0
39882,250.0,99.0,145.0,135.0
39883,230.0,118.0,121.0,133.0
39884,264.0,162.0,132.0,150.0
39885,261.0,210.0,147.0,152.0
39886,280.0,119.0,152.0,162.0
39887,209.0,83.0,118.0,112.0
39888,244.0,157.0,121.0,144.0
39889,263.0,237.0,143.0,135.0
39890,256.0,67.0,133.0,139.0
39891,251.0,106.0,150.0,150.0
39892,303.0,292.0,164.0,156.0
39893,263.0,259.0,173.0,150.0
39894,246.0,90.0,144.0,137.0
39895,232.0,96.0,119.0,138.0
39896,253.0,47.0,130.0,149.0
39897,247.0,120.0,138.0,136.0
39898,246.0,231.0,132.0,127.0
39899,265.0,234.0,148.0,140.0
39900,232.0,86.0,133.0,120.0
39901,262.0,104.0,138.0,135.0
39902,248.0,245.0,151.0,129.0
39903,261.0,164.0,145.0,158.0
39904,253.0,133.0,164.0,153.0
39905,229.0,207.0,142.0,127.0
39906,265.0,114.0,147.0,139.0
39907,240.0,205.0,128.0,133.0
39908,272.0,241.0,163.0,165.0
39909,238.0,202.0,140.0,130.0
39910,255.0,84.0,151.0,153.0
39911,262.0,144.0,151.0,149.0
39912,235.0,209.0,124.0,142.0
39913,266.0,135.0,154.0,150.0
39914,261.0,112.0,145.0,151.0
39915,267.0,119.0,150.0,136.0
39916,255.0,193.0,154.0,144.0
39917,253.0,253.0,143.0,142.0
39918,236.0,108.0,125.0,143.0
39919,241.0,75.0,129.0,125.0
39920,258.0,151.0,162.0,156.0
39921,264.0,87.0,151.0,142.0
39922,269.0,118.0,147.0,151.0
39923,256.0,88.0,150.0,140.0
39924,273.0,141.0,145.0,150.0
39925,232.0,202.0,130.0,128.0
39926,265.0,90.0,157.0,151.0
39927,228.0,112.0,141.0,134.0
39928,251.0,211.0,140.0,158.0
39929,246.0,145.0,134.0,128.0
39930,240.0,88.0,137.0,149.0
39931,270.0,101.0,161.0,164.0
39932,243.0,87.0,118.0,130.0
39933,283.0,240.0,170.0,147.0
39934,217.0,127.0,111.0,133.0
39935,239.0,126.0,134.0,139.0
39936,253.0,90.0,138.0,128.0
39937,274.0,170.0,153.0,153.0
39938,241.0,113.0,129.0,139.0
39939,245.0,177.0,131.0,148.0
39940,258.0,81.0,137.0,151.0
39941,230.0,206.0,136.0,118.0
39942,253.0,110.0,151.0,160.0
39943,248.0,132.0,142.0,148.0
39944,245.0,66.0,153.0,116.0
39945,246.0,96.0,133.0,134.0
39946,238.0,137.0,146.0,120.0
39947,239.0,118.0,148.0,131.0
39948,291.0,261.0,162.0,159.0
39949,243.0,214.0,120.0,143.0
39950,259.0,131.0,138.0,149.0
39951,232.0,127.0,132.0,133.0
39952,240.0,140.0,125.0,133.0
39953,273.0,125.0,147.0,164.0
39954,236.0,133.0,126.0,129.0
39955,249.0,132.0,136.0,146.0
39956,291.0,253.0,169.0,154.0
39957,230.0,192.0,118.0,111.0
39958,243.0,207.0,135.0,134.0
39959,222.0,103.0,125.0,135.0
39960,242.0,183.0,135.0,130.0
39961,257.0,159.0,155.0,146.0
39962,265.0,101.0,148.0,142.0
39963,235.0,74.0,140.0,124.0
39964,255.0,235.0,154.0,152.0
39965,252.0,232.0,143.0,134.0
39966,244.0,209.0,136.0,144.0
39967,264.0,123.0,172.0,148.0
39968,263.0,105.0,139.0,141.0
39969,242.0,56.0,125.0,137.0
39970,238.0,151.0,142.0,136.0
39971,253.0,202.0,158.0,144.0
39972,243.0,234.0,145.0,132.0
39973,230.0,82.0,116.0,129.0
39974,259.0,164.0,145.0,151.0
39975,240.0,226.0,123.0,129.0
39976,233.0,93.0,145.0,132.0
39977,254.0,208.0,153.0,141.0
39978,249.0,107.0,135.0,134.0
39979,260.0,233.0,139.0,150.0
39980,245.0,106.0,133.0,128.0
39981,248.0,143.0,130.0,140.0
39982,242.0,213.0,152.0,129.0
39983,261.0,142.0,146.0,145.0
39984,271.0,151.0,173.0,145.0
39985,225.0,118.0,122.0,123.0
39986,252.0,118.0,135.0,158.0
39987,262.0,85.0,144.0,135.0
39988,266.0,134.0,149.0,139.0
39989,240.0,100.0,124.0,129.0
39990,253.0,97.0,142.0,154.0
39991,262.0,255.0,142.0,164.0
39992,247.0,235.0,154.0,144.0
39993,230.0,100.0,109.0,142.0
39994,234.0,230.0,136.0,132.0
39995,250.0,237.0,153.0,121.0
39996,243.0,90.0,136.0,124.0
39997,257.0,219.0,141.0,154.0
39998,218.0,125.0,125.0,129.0
39999,241.0,130.0,134.0,142.0
40000,280.0,240.0,160.0,148.0
40001,239.0,100.0,144.0,135.0
40002,267.0,119.0,157.0,147.0
40003,250.0,242.0,124.0,144.0
40004,225.0,192.0,116.0,119.0
40005,217.0,195.0,123.0,124.0
40006,284.0,98.0,167.0,170.0
40007,236.0,83.0,138.0,129.0
40008,267.0,114.0,153.0,150.0
40009,234.0,190.0,139.0,122.0
40010,238.0,205.0,148.0,145.0
40011,252.0,155.0,138.0,119.0
40012,238.0,140.0,139.0,136.0
40013,270.0,141.0,148.0,148.0
40014,263.0,231.0,142.0,154.0
40015,254.0,235.0,149.0,122.0
40016,258.0,94.0,142.0,155.0
40017,254.0,150.0,136.0,149.0
40018,259.0,76.0,152.0,134.0
40019,244.0,70.0,134.0,135.0
40020,253.0,235.0,130.0,142.0
40021,254.0,76.0,138.0,142.0
40022,262.0,79.0,142.0,150.0
40023,251.0,249.0,139.0,163.0
40024,259.0,119.0,150.0,147.0
40025,254.0,129.0,141.0,139.0
40026,241.0,84.0,127.0,132.0
40027,213.0,203.0,121.0,128.0
40028,259.0,230.0,151.0,146.0
40029,261.0,160.0,142.0,158.0
40030,268.0,250.0,146.0,157.0
40031,252.0,232.0,122.0,150.0
40032,271.0,236.0,178.0,158.0
40033,231.0,222.0,140.0,137.0
40034,254.0,132.0,142.0,135.0
40035,263.0,133.0,137.0,143.0
40036,255.0,255.0,147.0,141.0
40037,253.0,134.0,138.0,146.0
40038,227.0,97.0,127.0,138.0
40039,246.0,80.0,142.0,130.0
40040,245.0,218.0,122.0,144.0
40041,227.0,91.0,120.0,139.0
40042,244.0,148.0,149.0,130.0
40043,253.0,89.0,149.0,147.0
40044,238.0,176.0,140.0,139.0
40045,251.0,113.0,155.0,127.0
40046,253.0,103.0,141.0,151.0
40047,249.0,208.0,148.0,126.0
40048,225.0,211.0,130.0,122.0
40049,245.0,123.0,121.0,130.0
40050,237.0,121.0,126.0,135.0
40051,244.0,101.0,132.0,127.0
40052,246.0,121.0,145.0,141.0
40053,255.0,220.0,160.0,146.0
40054,250.0,149.0,138.0,141.0
40055,251.0,213.0,146.0,142.0
40056,239.0,128.0,131.0,135.0
40057,248.0,156.0,132.0,150.0
40058,266.0,92.0,154.0,142.0
40059,246.0,206.0,133.0,124.0
40060,252.0,222.0,139.0,134.0
40061,253.0,229.0,129.0,131.0
40062,265.0,264.0,152.0,150.0
40063,220.0,89.0,117.0,116.0
40064,241.0,123.0,126.0,133.0
40065,228.0,89.0,130.0,124.0
40066,269.0,166.0,152.0,149.0
40067,262.0,110.0,165.0,151.0
40068,257.0,231.0,146.0,149.0
40069,254.0,155.0,140.0,148.0
40070,226.0,116.0,127.0,131.0
40071,253.0,225.0,151.0,146.0
40072,237.0,197.0,136.0,140.0
40073,236.0,191.0,132.0,140.0
40074,240.0,141.0,129.0,128.0
40075,236.0,89.0,138.0,129.0
40076,249.0,98.0,138.0,134.0
40077,248.0,65.0,139.0,145.0
40078,261.0,237.0,145.0,138.0
40079,241.0,74.0,144.0,130.0
40080,227.0,205.0,121.0,122.0
40081,225.0,80.0,127.0,117.0
40082,262.0,222.0,140.0,146.0
40083,249.0,191.0,127.0,145.0
40084,261.0,88.0,153.0,151.0
40085,254.0,86.0,142.0,145.0
40086,233.0,103.0,140.0,136.0
40087,251.0,216.0,130.0,134.0
40088,231.0,201.0,111.0,136.0
40089,261.0,111.0,147.0,153.0
40090,228.0,67.0,138.0,128.0
40091,257.0,215.0,146.0,142.0
40092,248.0,120.0,139.0,134.0
40093,234.0,80.0,130.0,132.0
40094,250.0,246.0,149.0,141.0
40095,261.0,121.0,139.0,139.0
40096,262.0,125.0,165.0,147.0
40097,231.0,197.0,140.0,117.0
40098,226.0,100.0,144.0,133.0
40099,282.0,197.0,155.0,172.0
40100,246.0,102.0,143.0,133.0
40101,266.0,86.0,155.0,165.0
40102,253.0,249.0,142.0,128.0
40103,285.0,149.0,161.0,145.0
40104,254.0,218.0,129.0,133.0
40105,246.0,121.0,133.0,142.0
40106,242.0,87.0,138.0,136.0
40107,267.0,231.0,130.0,146.0
40108,233.0,111.0,135.0,134.0
40109,264.0,126.0,156.0,152.0
40110,267.0,116.0,153.0,156.0
40111,255.0,82.0,142.0,153.0
40112,238.0,90.0,133.0,139.0
40113,262.0,131.0,137.0,145.0
40114,259.0,105.0,160.0,151.0
40115,236.0,194.0,127.0,141.0
40116,257.0,97.0,142.0,146.0
40117,243.0,65.0,121.0,145.0
40118,242.0,208.0,132.0,140.0
40119,232.0,77.0,132.0,126.0
40120,276.0,84.0,150.0,155.0
40121,263.0,121.0,131.0,155.0
40122,240.0,196.0,135.0,140.0
40123,271.0,270.0,154.0,166.0
40124,256.0,220.0,147.0,152.0
40125,241.0,124.0,125.0,138.0
40126,261.0,124.0,145.0,135.0
40127,224.0,96.0,130.0,113.0
40128,249.0,118.0,124.0,137.0
40129,251.0,137.0,136.0,126.0
40130,230.0,105.0,128.0,137.0
40131,269.0,116.0,150.0,151.0
40132,241.0,100.0,123.0,142.0
40133,243.0,212.0,130.0,129.0
40134,260.0,133.0,143.0,131.0
40135,252.0,98.0,150.0,155.0
40136,281.0,246.0,164.0,149.0
40137,249.0,105.0,125.0,142.0
40138,271.0,227.0,159.0,147.0
40139,237.0,102.0,138.0,139.0
40140,238.0,88.0,142.0,144.0
40141,255.0,80.0,140.0,139.0
40142,246.0,141.0,152.0,135.0
40143,233.0,96.0,117.0,137.0
40144,248.0,223.0,147.0,125.0
40145,250.0,223.0,139.0,123.0
40146,273.0,222.0,169.0,159.0
40147,238.0,206.0,136.0,136.0
40148,235.0,201.0,138.0,125.0
40149,248.0,221.0,129.0,141.0
40150,235.0,204.0,147.0,124.0
40151,241.0,97.0,126.0,132.0
40152,249.0,156.0,128.0,140.0
40153,257.0,108.0,155.0,149.0
40154,244.0,198.0,133.0,140.0
40155,231.0,91.0,126.0,133.0
40156,270.0,171.0,150.0,158.0
40157,256.0,107.0,155.0,149.0
40158,204.0,143.0,108.0,110.0
40159,261.0,112.0,155.0,127.0
40160,246.0,219.0,133.0,138.0
40161,242.0,125.0,154.0,141.0
40162,259.0,106.0,150.0,142.0
40163,235.0,62.0,137.0,122.0
40164,249.0,214.0,136.0,140.0
40165,244.0,202.0,144.0,140.0
40166,218.0,108.0,116.0,122.0
40167,250.0,119.0,137.0,152.0
40168,274.0,98.0,166.0,145.0
40169,274.0,273.0,151.0,167.0
40170,260.0,130.0,139.0,159.0
40171,264.0,219.0,158.0,148.0
40172,241.0,64.0,135.0,132.0
40173,255.0,248.0,155.0,135.0
40174,253.0,113.0,144.0,139.0
40175,247.0,206.0,146.0,137.0
40176,274.0,107.0,136.0,161.0
40177,255.0,101.0,143.0,142.0
40178,258.0,121.0,158.0,149.0
40179,245.0,236.0,148.0,141.0
40180,273.0,238.0,168.0,143.0
40181,253.0,243.0,150.0,151.0
40182,256.0,96.0,133.0,140.0
40183,241.0,206.0,117.0,126.0
40184,250.0,212.0,157.0,138.0
40185,233.0,217.0,137.0,133.0
40186,248.0,89.0,137.0,141.0
40187,242.0,233.0,128.0,135.0
40188,262.0,110.0,144.0,154.0
40189,256.0,191.0,132.0,144.0
40190,242.0,80.0,128.0,139.0
40191,247.0,101.0,135.0,140.0
40192,251.0,220.0,134.0,151.0
40193,238.0,59.0,138.0,123.0
40194,224.0,106.0,124.0,113.0
40195,241.0,229.0,156.0,134.0
40196,255.0,73.0,126.0,131.0
40197,266.0,95.0,147.0,134.0
40198,271.0,110.0,136.0,148.0
40199,260.0,96.0,145.0,140.0
40200,259.0,106.0,149.0,158.0
40201,275.0,104.0,145.0,144.0
40202,264.0,236.0,152.0,148.0
40203,242.0,208.0,144.0,139.0
40204,247.0,213.0,144.0,151.0
40205,250.0,99.0,143.0,144.0
40206,244.0,91.0,133.0,140.0
40207,260.0,147.0,145.0,156.0
40208,264.0,104.0,150.0,139.0
40209,242.0,209.0,125.0,150.0
40210,266.0,234.0,154.0,143.0
40211,235.0,115.0,140.0,119.0
40212,222.0,209.0,144.0,133.0
40213,240.0,123.0,128.0,138.0
40214,261.0,230.0,151.0,140.0
40215,248.0,211.0,148.0,138.0
40216,244.0,101.0,135.0,125.0
40217,261.0,215.0,152.0,146.0
40218,266.0,231.0,148.0,138.0
40219,262.0,142.0,137.0,150.0
40220,255.0,185.0,139.0,144.0
40221,240.0,206.0,116.0,131.0
40222,277.0,152.0,185.0,148.0
40223,232.0,195.0,143.0,138.0
40224,241.0,204.0,138.0,128.0
40225,232.0,94.0,139.0,138.0
40226,247.0,228.0,136.0,139.0
40227,240.0,136.0,146.0,142.0
40228,237.0,204.0,132.0,130.0
40229,248.0,103.0,146.0,129.0
40230,234.0,148.0,131.0,136.0
40231,257.0,106.0,139.0,141.0
40232,241.0,153.0,142.0,134.0
40233,257.0,104.0,146.0,152.0
40234,232.0,206.0,144.0,146.0
40235,251.0,89.0,141.0,155.0
40236,239.0,104.0,130.0,126.0
40237,243.0,203.0,140.0,144.0
40238,251.0,123.0,139.0,149.0
40239,256.0,216.0,157.0,139.0
40240,240.0,128.0,142.0,143.0
40241,255.0,88.0,145.0,152.0
40242,253.0,198.0,142.0,142.0
40243,242.0,202.0,142.0,128.0
40244,229.0,189.0,125.0,128.0
40245,260.0,111.0,153.0,153.0
40246,268.0,105.0,151.0,137.0
40247,245.0,110.0,147.0,130.0
40248,231.0,163.0,139.0,127.0
40249,248.0,230.0,126.0,128.0
40250,240.0,111.0,147.0,127.0
40251,254.0,226.0,144.0,135.0
40252,237.0,144.0,129.0,126.0
40253,253.0,224.0,152.0,138.0
40254,243.0,214.0,131.0,132.0
40255,246.0,129.0,134.0,127.0
40256,261.0,238.0,144.0,138.0
40257,262.0,159.0,145.0,147.0
40258,249.0,221.0,139.0,143.0
40259,224.0,197.0,127.0,126.0
40260,238.0,202.0,129.0,148.0
40261,252.0,143.0,149.0,130.0
40262,258.0,246.0,143.0,144.0
40263,261.0,111.0,151.0,133.0
40264,255.0,107.0,129.0,143.0
40265,277.0,264.0,156.0,132.0
40266,271.0,238.0,156.0,145.0
40267,242.0,100.0,135.0,136.0
40268,225.0,167.0,134.0,125.0
40269,226.0,163.0,133.0,140.0
40270,230.0,108.0,130.0,139.0
40271,251.0,218.0,146.0,135.0
40272,245.0,142.0,123.0,144.0
40273,249.0,110.0,144.0,143.0
40274,238.0,91.0,150.0,143.0
40275,269.0,118.0,142.0,140.0
40276,242.0,91.0,134.0,131.0
40277,243.0,213.0,148.0,154.0
40278,244.0,101.0,145.0,140.0
40279,250.0,218.0,142.0,142.0
40280,252.0,123.0,134.0,148.0
40281,256.0,104.0,142.0,136.0
40282,268.0,233.0,153.0,154.0
40283,256.0,194.0,141.0,156.0
40284,250.0,89.0,143.0,141.0
40285,270.0,227.0,156.0,155.0
40286,249.0,221.0,127.0,145.0
40287,265.0,234.0,158.0,147.0
40288,241.0,207.0,140.0,140.0
40289,250.0,67.0,137.0,135.0
40290,251.0,199.0,130.0,108.0
40291,244.0,213.0,133.0,127.0
40292,247.0,224.0,140.0,135.0
40293,247.0,110.0,154.0,134.0
40294,223.0,189.0,129.0,117.0
40295,261.0,236.0,146.0,163.0
40296,242.0,153.0,141.0,146.0
40297,248.0,213.0,140.0,123.0
40298,254.0,213.0,137.0,132.0
40299,247.0,224.0,151.0,134.0
40300,237.0,108.0,134.0,129.0
40301,235.0,93.0,139.0,131.0
40302,253.0,108.0,142.0,138.0
40303,257.0,219.0,141.0,148.0
40304,239.0,203.0,146.0,140.0
40305,217.0,96.0,114.0,119.0
40306,253.0,107.0,123.0,153.0
40307,243.0,87.0,117.0,132.0
40308,285.0,258.0,139.0,162.0
40309,240.0,86.0,121.0,148.0
40310,262.0,153.0,151.0,147.0
40311,267.0,157.0,143.0,154.0
40312,238.0,101.0,145.0,147.0
40313,265.0,135.0,155.0,138.0
40314,230.0,97.0,122.0,145.0
40315,280.0,96.0,152.0,160.0
40316,244.0,69.0,138.0,126.0
40317,273.0,219.0,147.0,158.0
40318,256.0,74.0,152.0,136.0
40319,245.0,127.0,144.0,140.0
40320,263.0,249.0,141.0,148.0
40321,239.0,202.0,139.0,140.0
40322,267.0,230.0,144.0,154.0
40323,250.0,126.0,135.0,144.0
40324,251.0,89.0,150.0,144.0
40325,246.0,219.0,131.0,157.0
40326,258.0,123.0,130.0,154.0
40327,248.0,173.0,142.0,135.0
40328,242.0,111.0,140.0,127.0
40329,256.0,179.0,153.0,151.0
40330,265.0,261.0,148.0,139.0
40331,264.0,260.0,151.0,136.0
40332,243.0,208.0,125.0,129.0
40333,218.0,211.0,122.0,136.0
40334,246.0,82.0,143.0,136.0
40335,249.0,128.0,134.0,141.0
40336,245.0,148.0,137.0,146.0
40337,256.0,94.0,154.0,147.0
40338,257.0,138.0,143.0,149.0
40339,241.0,212.0,140.0,136.0
40340,242.0,204.0,148.0,130.0
40341,258.0,85.0,154.0,133.0
40342,268.0,231.0,168.0,157.0
40343,233.0,124.0,127.0,136.0
40344,249.0,100.0,142.0,141.0
40345,239.0,99.0,124.0,141.0
40346,252.0,97.0,126.0,136.0
40347,219.0,49.0,133.0,123.0
40348,269.0,164.0,134.0,158.0
40349,237.0,79.0,132.0,129.0
40350,249.0,111.0,133.0,140.0
40351,240.0,134.0,143.0,139.0
40352,249.0,83.0,134.0,123.0
40353,242.0,71.0,139.0,139.0
40354,244.0,135.0,132.0,147.0
40355,247.0,120.0,136.0,148.0
40356,247.0,127.0,136.0,146.0
40357,251.0,163.0,136.0,157.0
40358,242.0,139.0,150.0,148.0
40359,262.0,226.0,143.0,132.0
40360,245.0,149.0,135.0,136.0
40361,250.0,132.0,132.0,138.0
40362,259.0,65.0,158.0,145.0
40363,247.0,127.0,135.0,144.0
40364,249.0,115.0,135.0,127.0
40365,235.0,98.0,133.0,132.0
40366,248.0,107.0,144.0,145.0
40367,270.0,153.0,155.0,142.0
40368,258.0,225.0,153.0,139.0
40369,248.0,205.0,130.0,125.0
40370,277.0,215.0,155.0,161.0
40371,238.0,71.0,129.0,150.0
40372,233.0,76.0,139.0,138.0
40373,261.0,48.0,148.0,144.0
40374,249.0,89.0,131.0,135.0
40375,258.0,130.0,146.0,138.0
40376,244.0,101.0,143.0,144.0
40377,248.0,141.0,129.0,138.0
40378,246.0,104.0,132.0,156.0
40379,242.0,114.0,129.0,129.0
40380,274.0,160.0,155.0,149.0
40381,256.0,212.0,132.0,132.0
40382,256.0,234.0,151.0,159.0
40383,234.0,212.0,118.0,97.0
40384,237.0,67.0,134.0,127.0
40385,242.0,119.0,128.0,146.0
40386,258.0,249.0,149.0,137.0
40387,252.0,211.0,127.0,130.0
40388,254.0,141.0,149.0,144.0
40389,238.0,143.0,117.0,140.0
40390,259.0,135.0,128.0,141.0
40391,250.0,238.0,132.0,163.0
40392,244.0,208.0,139.0,148.0
40393,264.0,116.0,138.0,142.0
40394,245.0,145.0,133.0,146.0
40395,253.0,103.0,132.0,156.0
40396,263.0,219.0,149.0,159.0
40397,253.0,140.0,142.0,156.0
40398,264.0,149.0,142.0,152.0
40399,242.0,115.0,127.0,141.0
40400,225.0,55.0,128.0,135.0
40401,239.0,53.0,128.0,127.0
40402,254.0,218.0,157.0,143.0
40403,264.0,91.0,157.0,148.0
40404,253.0,129.0,133.0,130.0
40405,248.0,121.0,154.0,149.0
40406,253.0,208.0,151.0,149.0
40407,232.0,100.0,126.0,138.0
40408,231.0,91.0,130.0,140.0
40409,254.0,100.0,128.0,140.0
40410,250.0,113.0,152.0,133.0
40411,224.0,64.0,126.0,130.0
40412,244.0,141.0,135.0,138.0
40413,232.0,203.0,139.0,127.0
40414,237.0,198.0,136.0,143.0
40415,240.0,240.0,134.0,137.0
40416,264.0,105.0,150.0,139.0
40417,248.0,155.0,136.0,148.0
40418,239.0,194.0,120.0,136.0
40419,245.0,110.0,144.0,141.0
40420,259.0,225.0,146.0,152.0
40421,225.0,63.0,118.0,133.0
40422,258.0,63.0,141.0,122.0
40423,234.0,108.0,131.0,136.0
40424,265.0,94.0,145.0,134.0
40425,237.0,94.0,131.0,141.0
40426,241.0,237.0,145.0,140.0
40427,259.0,85.0,144.0,149.0
40428,246.0,199.0,134.0,141.0
40429,227.0,116.0,123.0,119.0
40430,242.0,234.0,122.0,137.0
40431,233.0,109.0,122.0,126.0
40432,288.0,239.0,151.0,178.0
40433,238.0,180.0,121.0,126.0
40434,243.0,232.0,147.0,133.0
40435,269.0,79.0,154.0,140.0
40436,270.0,243.0,161.0,155.0
40437,250.0,214.0,153.0,143.0
40438,254.0,135.0,139.0,154.0
40439,232.0,196.0,130.0,126.0
40440,265.0,144.0,155.0,146.0
40441,262.0,170.0,146.0,137.0
40442,273.0,142.0,153.0,180.0
40443,275.0,93.0,145.0,153.0
40444,248.0,80.0,149.0,141.0
40445,267.0,230.0,151.0,154.0
40446,241.0,87.0,131.0,131.0
40447,238.0,115.0,145.0,136.0
40448,236.0,197.0,132.0,130.0
40449,274.0,99.0,150.0,155.0
40450,251.0,138.0,130.0,142.0
40451,267.0,225.0,159.0,159.0
40452,244.0,98.0,126.0,131.0
40453,277.0,165.0,139.0,157.0
40454,249.0,127.0,128.0,142.0
40455,253.0,130.0,124.0,142.0
40456,257.0,67.0,138.0,140.0
40457,252.0,145.0,144.0,152.0
40458,255.0,88.0,146.0,138.0
40459,260.0,212.0,146.0,149.0
40460,230.0,84.0,134.0,129.0
40461,239.0,107.0,124.0,130.0
40462,268.0,229.0,131.0,145.0
40463,264.0,225.0,153.0,141.0
40464,237.0,101.0,127.0,142.0
40465,260.0,122.0,161.0,146.0
40466,271.0,204.0,164.0,163.0
40467,232.0,115.0,123.0,125.0
40468,224.0,181.0,133.0,113.0
40469,244.0,215.0,133.0,134.0
40470,269.0,132.0,156.0,146.0
40471,272.0,134.0,159.0,165.0
40472,237.0,225.0,135.0,130.0
40473,237.0,212.0,141.0,137.0
40474,259.0,236.0,136.0,145.0
40475,229.0,96.0,130.0,129.0
40476,270.0,140.0,141.0,151.0
40477,230.0,84.0,135.0,123.0
40478,249.0,209.0,141.0,144.0
40479,266.0,146.0,159.0,150.0
40480,241.0,117.0,131.0,134.0
40481,234.0,124.0,119.0,132.0
40482,262.0,123.0,133.0,154.0
40483,253.0,243.0,140.0,141.0
40484,256.0,118.0,162.0,131.0
40485,272.0,245.0,171.0,158.0
40486,241.0,96.0,144.0,138.0
40487,241.0,49.0,129.0,158.0
40488,223.0,192.0,117.0,121.0
40489,233.0,119.0,121.0,126.0
40490,242.0,160.0,127.0,132.0
40491,259.0,126.0,144.0,123.0
40492,232.0,196.0,120.0,131.0
40493,270.0,224.0,168.0,162.0
40494,257.0,116.0,142.0,145.0
40495,245.0,203.0,145.0,128.0
40496,269.0,238.0,162.0,150.0
40497,248.0,144.0,149.0,145.0
40498,282.0,234.0,163.0,153.0
40499,248.0,121.0,138.0,134.0
40500,236.0,146.0,123.0,122.0
40501,250.0,239.0,144.0,142.0
40502,228.0,217.0,128.0,139.0
40503,247.0,134.0,140.0,141.0
40504,240.0,103.0,144.0,130.0
40505,263.0,249.0,143.0,153.0
40506,266.0,233.0,147.0,149.0
40507,262.0,75.0,157.0,138.0
40508,277.0,246.0,162.0,155.0
40509,242.0,122.0,116.0,148.0
40510,235.0,201.0,124.0,130.0
40511,235.0,224.0,140.0,134.0
40512,248.0,200.0,138.0,150.0
40513,240.0,93.0,134.0,135.0
40514,260.0,241.0,144.0,135.0
40515,252.0,147.0,149.0,131.0
40516,251.0,140.0,143.0,146.0
40517,224.0,113.0,124.0,129.0
40518,258.0,139.0,144.0,159.0
40519,250.0,146.0,142.0,149.0
40520,247.0,217.0,144.0,146.0
40521,267.0,223.0,147.0,145.0
40522,249.0,202.0,148.0,129.0
40523,236.0,165.0,137.0,139.0
40524,255.0,51.0,140.0,132.0
40525,227.0,90.0,139.0,133.0
40526,255.0,244.0,146.0,147.0
40527,243.0,63.0,130.0,150.0
40528,247.0,94.0,130.0,139.0
40529,251.0,54.0,129.0,139.0
40530,242.0,140.0,144.0,141.0
40531,255.0,210.0,147.0,151.0
40532,249.0,86.0,124.0,159.0
40533,246.0,120.0,152.0,142.0
40534,270.0,115.0,146.0,149.0
40535,259.0,142.0,136.0,153.0
40536,254.0,118.0,155.0,138.0
40537,260.0,222.0,150.0,126.0
40538,253.0,126.0,135.0,143.0
40539,246.0,229.0,146.0,136.0
40540,246.0,113.0,139.0,133.0
40541,257.0,117.0,131.0,163.0
40542,247.0,118.0,139.0,144.0
40543,235.0,112.0,128.0,144.0
40544,250.0,207.0,150.0,144.0
40545,251.0,77.0,135.0,151.0
40546,256.0,142.0,157.0,144.0
40547,250.0,218.0,130.0,149.0
40548,255.0,208.0,145.0,152.0
40549,227.0,189.0,123.0,136.0
40550,251.0,108.0,131.0,137.0
40551,233.0,95.0,130.0,129.0
40552,265.0,137.0,131.0,148.0
40553,258.0,215.0,155.0,139.0
40554,271.0,115.0,152.0,149.0
40555,246.0,132.0,137.0,149.0
40556,237.0,120.0,142.0,124.0
40557,251.0,220.0,152.0,135.0
40558,240.0,202.0,135.0,129.0
40559,287.0,247.0,150.0,169.0
40560,235.0,107.0,135.0,134.0
40561,240.0,79.0,133.0,131.0
40562,259.0,126.0,128.0,147.0
40563,234.0,150.0,125.0,120.0
40564,240.0,238.0,132.0,144.0
40565,246.0,135.0,139.0,144.0
40566,235.0,229.0,145.0,141.0
40567,284.0,260.0,154.0,169.0
40568,254.0,160.0,146.0,150.0
40569,252.0,138.0,150.0,146.0
40570,239.0,198.0,139.0,140.0
40571,260.0,139.0,138.0,151.0
40572,247.0,236.0,147.0,134.0
40573,256.0,206.0,135.0,134.0
40574,236.0,115.0,130.0,136.0
40575,257.0,139.0,137.0,147.0
40576,264.0,225.0,140.0,150.0
40577,253.0,120.0,132.0,146.0
40578,252.0,245.0,145.0,146.0
40579,241.0,69.0,143.0,125.0
40580,287.0,236.0,157.0,162.0
40581,235.0,137.0,140.0,122.0
40582,257.0,229.0,122.0,131.0
40583,224.0,36.0,134.0,137.0
40584,239.0,124.0,144.0,134.0
40585,258.0,251.0,155.0,143.0
40586,261.0,135.0,160.0,136.0
40587,229.0,199.0,139.0,131.0
40588,246.0,119.0,144.0,127.0
40589,269.0,87.0,143.0,152.0
40590,267.0,161.0,168.0,151.0
40591,259.0,173.0,131.0,146.0
40592,225.0,86.0,121.0,118.0
40593,234.0,138.0,120.0,136.0
40594,229.0,220.0,127.0,131.0
40595,251.0,128.0,145.0,139.0
40596,255.0,128.0,138.0,132.0
40597,248.0,96.0,141.0,148.0
40598,230.0,99.0,131.0,126.0
40599,226.0,122.0,136.0,135.0
40600,254.0,116.0,147.0,145.0
40601,254.0,120.0,156.0,146.0
40602,250.0,235.0,156.0,152.0
40603,233.0,138.0,119.0,126.0
40604,236.0,100.0,124.0,144.0
40605,223.0,70.0,134.0,125.0
40606,265.0,252.0,162.0,139.0
40607,262.0,131.0,148.0,145.0
40608,259.0,218.0,143.0,145.0
40609,252.0,166.0,158.0,140.0
40610,248.0,132.0,142.0,136.0
40611,259.0,161.0,143.0,154.0
40612,231.0,135.0,134.0,124.0
40613,259.0,132.0,143.0,133.0
40614,279.0,227.0,143.0,157.0
40615,258.0,102.0,157.0,153.0
40616,258.0,221.0,149.0,144.0
40617,226.0,208.0,111.0,126.0
40618,267.0,133.0,144.0,154.0
40619,241.0,230.0,143.0,148.0
40620,231.0,152.0,130.0,130.0
40621,245.0,215.0,123.0,140.0
40622,214.0,109.0,117.0,131.0
40623,269.0,245.0,146.0,142.0
40624,253.0,137.0,135.0,142.0
40625,232.0,198.0,138.0,132.0
40626,266.0,106.0,164.0,133.0
40627,256.0,210.0,134.0,139.0
40628,221.0,103.0,132.0,130.0
40629,245.0,208.0,135.0,129.0
40630,268.0,261.0,145.0,148.0
40631,256.0,253.0,154.0,147.0
40632,269.0,241.0,154.0,147.0
40633,279.0,140.0,159.0,157.0
40634,261.0,91.0,148.0,147.0
40635,235.0,226.0,127.0,133.0
40636,268.0,115.0,174.0,142.0
40637,250.0,246.0,142.0,142.0
40638,243.0,235.0,128.0,145.0
40639,245.0,100.0,132.0,131.0
40640,271.0,227.0,150.0,154.0
40641,261.0,195.0,163.0,143.0
40642,253.0,134.0,136.0,149.0
40643,233.0,197.0,143.0,128.0
40644,242.0,54.0,120.0,139.0
40645,269.0,126.0,158.0,167.0
40646,243.0,86.0,146.0,143.0
40647,233.0,78.0,133.0,141.0
40648,268.0,133.0,154.0,152.0
40649,267.0,95.0,143.0,145.0
40650,234.0,76.0,128.0,135.0
40651,263.0,231.0,147.0,150.0
40652,250.0,91.0,138.0,130.0
40653,252.0,142.0,142.0,136.0
40654,258.0,151.0,139.0,152.0
40655,254.0,221.0,134.0,151.0
40656,245.0,199.0,134.0,127.0
40657,235.0,208.0,135.0,136.0
40658,266.0,243.0,143.0,166.0
40659,232.0,202.0,135.0,127.0
40660,262.0,124.0,160.0,136.0
40661,230.0,116.0,130.0,125.0
40662,241.0,213.0,131.0,143.0
40663,238.0,200.0,149.0,142.0
40664,237.0,199.0,123.0,118.0
40665,251.0,133.0,151.0,137.0
40666,260.0,143.0,140.0,153.0
40667,247.0,208.0,134.0,134.0
40668,256.0,224.0,144.0,142.0
40669,245.0,109.0,145.0,134.0
40670,238.0,130.0,123.0,127.0
40671,240.0,110.0,148.0,146.0
40672,266.0,145.0,151.0,159.0
40673,249.0,238.0,149.0,150.0
40674,262.0,251.0,135.0,154.0
40675,224.0,101.0,115.0,121.0
40676,247.0,123.0,142.0,136.0
40677,260.0,215.0,154.0,145.0
40678,258.0,121.0,142.0,161.0
40679,245.0,132.0,138.0,150.0
40680,238.0,146.0,140.0,148.0
40681,253.0,150.0,137.0,149.0
40682,253.0,94.0,134.0,144.0
40683,233.0,138.0,129.0,143.0
40684,253.0,122.0,136.0,148.0
40685,241.0,93.0,132.0,138.0
40686,243.0,110.0,126.0,137.0
40687,236.0,86.0,140.0,138.0
40688,262.0,92.0,150.0,148.0
40689,257.0,95.0,143.0,145.0
40690,237.0,107.0,128.0,139.0
40691,231.0,194.0,129.0,133.0
40692,233.0,206.0,134.0,125.0
40693,252.0,216.0,137.0,141.0
40694,238.0,109.0,133.0,136.0
40695,251.0,108.0,146.0,148.0
40696,247.0,120.0,149.0,148.0
40697,250.0,242.0,136.0,131.0
40698,242.0,212.0,124.0,128.0
40699,250.0,218.0,148.0,146.0
40700,241.0,92.0,124.0,129.0
40701,255.0,105.0,142.0,149.0
40702,267.0,226.0,153.0,154.0
40703,249.0,96.0,140.0,119.0
40704,280.0,247.0,159.0,151.0
40705,225.0,177.0,111.0,137.0
40706,266.0,82.0,136.0,136.0
40707,261.0,243.0,150.0,140.0
40708,244.0,110.0,138.0,131.0
40709,240.0,111.0,131.0,129.0
40710,275.0,128.0,146.0,149.0
40711,259.0,247.0,152.0,142.0
40712,232.0,219.0,134.0,142.0
40713,239.0,53.0,140.0,130.0
40714,244.0,236.0,135.0,152.0
40715,261.0,151.0,139.0,156.0
40716,219.0,96.0,116.0,122.0
40717,261.0,232.0,158.0,161.0
40718,233.0,121.0,126.0,138.0
40719,254.0,104.0,153.0,140.0
40720,254.0,236.0,147.0,134.0
40721,238.0,149.0,122.0,120.0
40722,262.0,222.0,155.0,147.0
40723,243.0,105.0,129.0,136.0
40724,250.0,148.0,144.0,129.0
40725,268.0,95.0,157.0,159.0
40726,246.0,215.0,142.0,147.0
40727,250.0,226.0,152.0,142.0
40728,266.0,225.0,152.0,161.0
40729,245.0,130.0,151.0,126.0
40730,258.0,141.0,133.0,141.0
40731,247.0,94.0,147.0,132.0
40732,251.0,179.0,147.0,141.0
40733,257.0,219.0,150.0,143.0
40734,231.0,187.0,140.0,131.0
40735,252.0,210.0,146.0,143.0
40736,229.0,99.0,138.0,128.0
40737,214.0,86.0,119.0,118.0
40738,255.0,88.0,137.0,147.0
40739,250.0,129.0,155.0,135.0
40740,247.0,208.0,131.0,140.0
40741,275.0,227.0,159.0,159.0
40742,244.0,218.0,129.0,140.0
40743,239.0,101.0,128.0,125.0
40744,234.0,83.0,128.0,140.0
40745,252.0,220.0,137.0,138.0
40746,220.0,182.0,122.0,107.0
40747,251.0,97.0,142.0,146.0
40748,263.0,116.0,146.0,152.0
40749,207.0,79.0,107.0,126.0
40750,242.0,119.0,141.0,145.0
40751,241.0,205.0,128.0,144.0
40752,252.0,216.0,155.0,148.0
40753,251.0,237.0,131.0,132.0
40754,244.0,80.0,136.0,143.0
40755,266.0,140.0,160.0,154.0
40756,237.0,112.0,136.0,126.0
40757,250.0,217.0,135.0,160.0
40758,240.0,120.0,134.0,124.0
40759,254.0,117.0,143.0,147.0
40760,242.0,72.0,129.0,142.0
40761,257.0,135.0,152.0,155.0
40762,245.0,108.0,130.0,114.0
40763,244.0,106.0,144.0,150.0
40764,244.0,188.0,144.0,131.0
40765,238.0,207.0,140.0,136.0
40766,275.0,171.0,146.0,154.0
40767,254.0,213.0,143.0,134.0
40768,251.0,112.0,137.0,139.0
40769,244.0,91.0,124.0,137.0
40770,249.0,143.0,129.0,131.0
40771,230.0,201.0,132.0,114.0
40772,236.0,142.0,129.0,135.0
40773,258.0,86.0,151.0,135.0
40774,250.0,205.0,133.0,147.0
40775,253.0,127.0,159.0,154.0
40776,251.0,107.0,155.0,152.0
40777,249.0,94.0,126.0,149.0
40778,235.0,223.0,114.0,137.0
40779,272.0,159.0,140.0,158.0
40780,254.0,75.0,143.0,136.0
40781,269.0,100.0,156.0,139.0
40782,264.0,159.0,150.0,149.0
40783,272.0,263.0,167.0,159.0
40784,235.0,197.0,136.0,126.0
40785,252.0,138.0,142.0,164.0
40786,249.0,100.0,134.0,130.0
40787,223.0,214.0,118.0,123.0
40788,244.0,218.0,137.0,132.0
40789,251.0,212.0,146.0,146.0
40790,236.0,111.0,124.0,138.0
40791,268.0,227.0,151.0,149.0
40792,233.0,93.0,130.0,118.0
40793,232.0,153.0,122.0,134.0
40794,245.0,111.0,141.0,147.0
40795,218.0,185.0,123.0,135.0
40796,282.0,177.0,155.0,162.0
40797,244.0,237.0,156.0,130.0
40798,259.0,225.0,149.0,138.0
40799,255.0,223.0,142.0,143.0
40800,235.0,196.0,131.0,127.0
40801,265.0,251.0,145.0,130.0
40802,255.0,142.0,157.0,136.0
40803,248.0,133.0,133.0,134.0
40804,257.0,225.0,144.0,151.0
40805,247.0,134.0,137.0,136.0
40806,268.0,83.0,156.0,151.0
40807,238.0,202.0,141.0,138.0
40808,237.0,57.0,142.0,136.0
40809,264.0,133.0,155.0,131.0
40810,227.0,188.0,127.0,124.0
40811,246.0,181.0,127.0,136.0
40812,248.0,213.0,148.0,148.0
40813,235.0,234.0,133.0,131.0
40814,238.0,86.0,122.0,127.0
40815,261.0,166.0,144.0,139.0
40816,228.0,108.0,132.0,123.0
40817,262.0,248.0,137.0,144.0
40818,262.0,237.0,151.0,152.0
40819,272.0,123.0,156.0,151.0
40820,238.0,122.0,139.0,137.0
40821,247.0,95.0,141.0,144.0
40822,232.0,196.0,133.0,132.0
40823,257.0,135.0,145.0,133.0
40824,254.0,91.0,141.0,139.0
40825,268.0,239.0,159.0,155.0
40826,226.0,54.0,138.0,122.0
40827,265.0,120.0,154.0,156.0
40828,234.0,200.0,140.0,146.0
40829,250.0,190.0,150.0,139.0
40830,245.0,62.0,124.0,133.0
40831,246.0,93.0,131.0,136.0
40832,264.0,114.0,152.0,163.0
40833,243.0,93.0,125.0,136.0
40834,232.0,85.0,125.0,127.0
40835,233.0,199.0,123.0,143.0
40836,244.0,231.0,128.0,143.0
40837,250.0,103.0,146.0,138.0
40838,267.0,96.0,157.0,158.0
40839,264.0,141.0,161.0,145.0
40840,247.0,132.0,128.0,125.0
40841,236.0,146.0,125.0,124.0
40842,246.0,215.0,139.0,135.0
40843,238.0,207.0,128.0,148.0
40844,240.0,60.0,159.0,136.0
40845,221.0,76.0,133.0,126.0
40846,253.0,214.0,143.0,134.0
40847,245.0,86.0,133.0,149.0
40848,255.0,96.0,147.0,148.0
40849,254.0,112.0,132.0,150.0
40850,248.0,150.0,135.0,138.0
40851,257.0,122.0,148.0,144.0
40852,224.0,71.0,128.0,141.0
40853,238.0,233.0,136.0,133.0
40854,252.0,141.0,159.0,138.0
40855,239.0,202.0,143.0,142.0
40856,268.0,74.0,158.0,155.0
40857,248.0,126.0,131.0,146.0
40858,269.0,153.0,144.0,155.0
40859,212.0,132.0,113.0,112.0
40860,263.0,97.0,142.0,151.0
40861,274.0,170.0,149.0,143.0
40862,252.0,99.0,138.0,153.0
40863,245.0,103.0,144.0,121.0
40864,234.0,110.0,131.0,140.0
40865,267.0,206.0,167.0,145.0
40866,251.0,99.0,140.0,136.0
40867,240.0,99.0,151.0,142.0
40868,238.0,120.0,130.0,129.0
40869,254.0,219.0,139.0,142.0
40870,252.0,114.0,138.0,127.0
40871,232.0,140.0,132.0,136.0
40872,261.0,248.0,141.0,142.0
40873,257.0,240.0,143.0,144.0
40874,258.0,106.0,144.0,154.0
40875,236.0,131.0,127.0,129.0
40876,255.0,115.0,142.0,146.0
40877,256.0,256.0,168.0,148.0
40878,241.0,141.0,130.0,142.0
40879,241.0,125.0,144.0,131.0
40880,249.0,137.0,146.0,119.0
40881,258.0,129.0,143.0,138.0
40882,222.0,79.0,135.0,127.0
40883,231.0,194.0,126.0,127.0
40884,254.0,107.0,145.0,149.0
40885,261.0,131.0,129.0,139.0
40886,240.0,171.0,124.0,122.0
40887,264.0,57.0,133.0,150.0
40888,243.0,138.0,140.0,142.0
40889,248.0,155.0,134.0,135.0
40890,268.0,99.0,157.0,149.0
40891,230.0,198.0,123.0,124.0
40892,226.0,194.0,113.0,133.0
40893,251.0,127.0,121.0,157.0
40894,231.0,197.0,121.0,136.0
40895,247.0,140.0,120.0,137.0
40896,251.0,217.0,129.0,144.0
40897,255.0,97.0,156.0,140.0
40898,261.0,146.0,150.0,143.0
40899,255.0,82.0,140.0,153.0
40900,252.0,106.0,135.0,163.0
40901,257.0,168.0,140.0,142.0
40902,252.0,210.0,150.0,147.0
40903,245.0,97.0,145.0,142.0
40904,259.0,116.0,150.0,151.0
40905,232.0,93.0,140.0,126.0
40906,256.0,107.0,135.0,143.0
40907,242.0,103.0,139.0,139.0
40908,248.0,99.0,145.0,133.0
40909,253.0,197.0,151.0,137.0
40910,227.0,126.0,117.0,114.0
40911,254.0,127.0,148.0,139.0
40912,257.0,117.0,150.0,150.0
40913,255.0,115.0,160.0,155.0
40914,253.0,211.0,137.0,131.0
40915,240.0,91.0,149.0,132.0
40916,251.0,130.0,143.0,138.0
40917,274.0,150.0,165.0,144.0
40918,229.0,135.0,128.0,136.0
40919,221.0,100.0,121.0,119.0
40920,262.0,135.0,147.0,155.0
40921,264.0,115.0,156.0,145.0
40922,247.0,108.0,124.0,142.0
40923,255.0,123.0,145.0,150.0
40924,250.0,133.0,130.0,153.0
40925,257.0,217.0,137.0,130.0
40926,272.0,226.0,136.0,148.0
40927,251.0,57.0,127.0,154.0
40928,248.0,114.0,144.0,143.0
40929,252.0,108.0,140.0,136.0
40930,261.0,136.0,144.0,133.0
40931,253.0,69.0,128.0,127.0
40932,230.0,129.0,124.0,133.0
40933,243.0,217.0,145.0,144.0
40934,234.0,106.0,141.0,128.0
40935,255.0,148.0,150.0,149.0
40936,262.0,112.0,143.0,142.0
40937,272.0,103.0,149.0,136.0
40938,269.0,221.0,145.0,157.0
40939,257.0,232.0,166.0,151.0
40940,238.0,92.0,126.0,140.0
40941,256.0,228.0,136.0,133.0
40942,247.0,228.0,133.0,138.0
40943,267.0,135.0,160.0,139.0
40944,260.0,252.0,151.0,150.0
40945,250.0,146.0,133.0,143.0
40946,254.0,180.0,137.0,136.0
40947,262.0,98.0,150.0,133.0
40948,255.0,131.0,135.0,147.0
40949,232.0,130.0,122.0,103.0
40950,254.0,141.0,149.0,143.0
40951,249.0,104.0,141.0,151.0
40952,256.0,223.0,143.0,159.0
40953,244.0,59.0,137.0,126.0
40954,270.0,120.0,142.0,161.0
40955,274.0,226.0,159.0,168.0
40956,270.0,239.0,166.0,141.0
40957,232.0,198.0,131.0,141.0
40958,236.0,94.0,134.0,132.0
40959,254.0,140.0,136.0,144.0
40960,262.0,140.0,148.0,148.0
40961,223.0,103.0,124.0,131.0
40962,258.0,141.0,148.0,164.0
40963,265.0,222.0,148.0,158.0
40964,242.0,110.0,121.0,147.0
40965,230.0,225.0,139.0,115.0
40966,246.0,67.0,144.0,133.0
40967,243.0,113.0,131.0,122.0
40968,239.0,217.0,143.0,144.0
40969,261.0,221.0,134.0,146.0
40970,260.0,86.0,148.0,143.0
40971,249.0,113.0,148.0,122.0
40972,248.0,216.0,147.0,127.0
40973,250.0,241.0,128.0,130.0
40974,243.0,123.0,119.0,145.0
40975,233.0,96.0,134.0,140.0
40976,265.0,175.0,152.0,143.0
40977,267.0,125.0,155.0,157.0
40978,245.0,237.0,144.0,144.0
40979,252.0,223.0,139.0,147.0
40980,271.0,235.0,148.0,150.0
40981,274.0,170.0,154.0,147.0
40982,260.0,126.0,154.0,143.0
40983,242.0,103.0,135.0,157.0
40984,237.0,103.0,127.0,120.0
40985,235.0,183.0,133.0,130.0
40986,259.0,232.0,147.0,163.0
40987,254.0,155.0,123.0,161.0
40988,251.0,80.0,122.0,131.0
40989,226.0,112.0,120.0,122.0
40990,229.0,91.0,143.0,127.0
40991,239.0,101.0,138.0,135.0
40992,241.0,212.0,129.0,149.0
40993,243.0,133.0,140.0,132.0
40994,248.0,152.0,129.0,147.0
40995,253.0,222.0,149.0,155.0
40996,267.0,144.0,136.0,140.0
40997,229.0,187.0,124.0,122.0
40998,260.0,218.0,147.0,137.0
40999,237.0,184.0,142.0,142.0
41000,227.0,102.0,136.0,121.0
41001,238.0,206.0,143.0,121.0
41002,256.0,95.0,139.0,159.0
41003,223.0,132.0,132.0,122.0
41004,268.0,219.0,148.0,150.0
41005,239.0,136.0,138.0,129.0
41006,253.0,179.0,143.0,148.0
41007,266.0,232.0,153.0,142.0
41008,233.0,196.0,110.0,145.0
41009,239.0,197.0,122.0,140.0
41010,253.0,101.0,140.0,147.0
41011,237.0,138.0,132.0,140.0
41012,257.0,106.0,146.0,149.0
41013,259.0,240.0,149.0,125.0
41014,252.0,217.0,132.0,142.0
41015,242.0,138.0,146.0,146.0
41016,259.0,195.0,130.0,150.0
41017,241.0,109.0,130.0,131.0
41018,251.0,209.0,142.0,146.0
41019,266.0,224.0,147.0,152.0
41020,270.0,216.0,170.0,162.0
41021,247.0,156.0,152.0,135.0
41022,253.0,188.0,138.0,137.0
41023,244.0,105.0,137.0,144.0
41024,249.0,197.0,138.0,141.0
41025,251.0,248.0,150.0,140.0
41026,242.0,135.0,128.0,132.0
41027,250.0,161.0,157.0,152.0
41028,279.0,270.0,156.0,151.0
41029,233.0,65.0,143.0,144.0
41030,252.0,116.0,142.0,149.0
41031,251.0,130.0,141.0,155.0
41032,264.0,188.0,151.0,158.0
41033,247.0,200.0,146.0,152.0
41034,254.0,108.0,145.0,144.0
41035,284.0,256.0,148.0,164.0
41036,263.0,141.0,159.0,142.0
41037,249.0,88.0,138.0,129.0
41038,240.0,204.0,136.0,148.0
41039,255.0,255.0,158.0,143.0
41040,243.0,93.0,129.0,134.0
41041,242.0,210.0,128.0,141.0
41042,262.0,155.0,159.0,147.0
41043,261.0,150.0,141.0,135.0
41044,256.0,211.0,126.0,141.0
41045,243.0,93.0,137.0,133.0
41046,253.0,158.0,148.0,143.0
41047,239.0,135.0,147.0,128.0
41048,238.0,220.0,133.0,135.0
41049,263.0,95.0,146.0,151.0
41050,255.0,254.0,141.0,136.0
41051,237.0,76.0,147.0,144.0
41052,246.0,212.0,141.0,147.0
41053,243.0,201.0,144.0,136.0
41054,242.0,112.0,139.0,134.0
41055,244.0,135.0,127.0,139.0
41056,268.0,231.0,149.0,154.0
41057,249.0,96.0,126.0,146.0
41058,255.0,228.0,155.0,140.0
41059,253.0,203.0,146.0,132.0
41060,258.0,208.0,143.0,152.0
41061,257.0,130.0,139.0,129.0
41062,256.0,141.0,143.0,151.0
41063,265.0,120.0,152.0,158.0
41064,272.0,264.0,156.0,160.0
41065,246.0,129.0,140.0,147.0
41066,259.0,116.0,144.0,144.0
41067,254.0,123.0,151.0,143.0
41068,238.0,210.0,123.0,130.0
41069,250.0,219.0,148.0,153.0
41070,258.0,227.0,142.0,152.0
41071,280.0,238.0,171.0,159.0
41072,240.0,221.0,125.0,138.0
41073,244.0,110.0,135.0,140.0
41074,267.0,82.0,147.0,157.0
41075,206.0,120.0,122.0,125.0
41076,261.0,183.0,138.0,147.0
41077,261.0,125.0,163.0,148.0
41078,241.0,118.0,142.0,136.0
41079,249.0,98.0,128.0,151.0
41080,277.0,142.0,152.0,142.0
41081,262.0,115.0,133.0,134.0
41082,246.0,113.0,130.0,141.0
41083,263.0,102.0,159.0,149.0
41084,255.0,226.0,152.0,137.0
41085,250.0,104.0,147.0,124.0
41086,235.0,191.0,140.0,129.0
41087,268.0,225.0,155.0,157.0
41088,251.0,214.0,139.0,143.0
41089,256.0,105.0,124.0,149.0
41090,263.0,126.0,158.0,146.0
41091,251.0,226.0,136.0,146.0
41092,243.0,218.0,143.0,143.0
41093,243.0,126.0,155.0,131.0
41094,254.0,224.0,141.0,145.0
41095,248.0,94.0,138.0,130.0
41096,268.0,236.0,144.0,148.0
41097,220.0,188.0,134.0,114.0
41098,245.0,208.0,125.0,136.0
41099,252.0,115.0,128.0,153.0
41100,264.0,140.0,135.0,147.0
41101,265.0,138.0,145.0,151.0
41102,215.0,94.0,116.0,111.0
41103,265.0,117.0,151.0,138.0
41104,257.0,220.0,151.0,150.0
41105,262.0,233.0,156.0,162.0
41106,248.0,112.0,130.0,140.0
41107,271.0,107.0,139.0,152.0
41108,254.0,225.0,139.0,136.0
41109,245.0,63.0,128.0,150.0
41110,236.0,79.0,136.0,127.0
41111,235.0,75.0,133.0,132.0
41112,258.0,192.0,131.0,141.0
41113,282.0,85.0,176.0,177.0
41114,232.0,74.0,142.0,137.0
41115,237.0,206.0,119.0,140.0
41116,241.0,130.0,129.0,129.0
41117,248.0,78.0,138.0,142.0
41118,252.0,120.0,146.0,163.0
41119,255.0,214.0,134.0,146.0
41120,260.0,221.0,157.0,151.0
41121,234.0,226.0,121.0,111.0
41122,255.0,233.0,163.0,137.0
41123,291.0,146.0,174.0,153.0
41124,276.0,245.0,159.0,145.0
41125,260.0,122.0,148.0,161.0
41126,250.0,121.0,147.0,153.0
41127,256.0,222.0,140.0,142.0
41128,273.0,240.0,146.0,150.0
41129,234.0,191.0,140.0,132.0
41130,253.0,241.0,142.0,145.0
41131,234.0,139.0,135.0,142.0
41132,256.0,231.0,151.0,150.0
41133,269.0,237.0,137.0,142.0
41134,244.0,87.0,135.0,132.0
41135,235.0,110.0,137.0,126.0
41136,222.0,108.0,107.0,119.0
41137,241.0,143.0,140.0,133.0
41138,262.0,262.0,146.0,149.0
41139,237.0,237.0,135.0,137.0
41140,244.0,131.0,132.0,132.0
41141,240.0,160.0,141.0,123.0
41142,258.0,230.0,139.0,140.0
41143,228.0,76.0,116.0,135.0
41144,240.0,89.0,144.0,138.0
41145,255.0,83.0,151.0,151.0
41146,255.0,91.0,150.0,137.0
41147,256.0,155.0,156.0,144.0
41148,260.0,129.0,122.0,139.0
41149,280.0,116.0,161.0,147.0
41150,244.0,216.0,127.0,142.0
41151,235.0,44.0,122.0,119.0
41152,253.0,227.0,143.0,141.0
41153,257.0,119.0,140.0,133.0
41154,244.0,87.0,131.0,139.0
41155,258.0,123.0,159.0,143.0
41156,221.0,190.0,138.0,119.0
41157,262.0,257.0,149.0,144.0
41158,231.0,96.0,133.0,143.0
41159,253.0,87.0,141.0,144.0
41160,245.0,210.0,146.0,147.0
41161,261.0,98.0,153.0,154.0
41162,259.0,244.0,133.0,139.0
41163,278.0,95.0,149.0,149.0
41164,248.0,219.0,141.0,139.0
41165,249.0,212.0,147.0,136.0
41166,258.0,120.0,136.0,148.0
41167,236.0,142.0,149.0,140.0
41168,243.0,100.0,129.0,131.0
41169,229.0,72.0,127.0,139.0
41170,262.0,81.0,133.0,160.0
41171,227.0,203.0,133.0,124.0
41172,245.0,128.0,150.0,139.0
41173,228.0,203.0,131.0,138.0
41174,262.0,114.0,153.0,153.0
41175,282.0,109.0,162.0,150.0
41176,264.0,156.0,148.0,145.0
41177,221.0,138.0,120.0,125.0
41178,221.0,82.0,113.0,132.0
41179,276.0,117.0,152.0,163.0
41180,252.0,105.0,131.0,146.0
41181,250.0,205.0,146.0,132.0
41182,244.0,66.0,142.0,137.0
41183,239.0,206.0,130.0,133.0
41184,261.0,240.0,144.0,157.0
41185,254.0,125.0,139.0,134.0
41186,234.0,86.0,128.0,130.0
41187,249.0,213.0,119.0,138.0
41188,235.0,141.0,138.0,135.0
41189,238.0,137.0,115.0,141.0
41190,233.0,227.0,137.0,129.0
41191,244.0,110.0,129.0,126.0
41192,243.0,214.0,123.0,150.0
41193,247.0,79.0,135.0,133.0
41194,260.0,99.0,151.0,130.0
41195,241.0,91.0,130.0,133.0
41196,251.0,103.0,141.0,147.0
41197,251.0,223.0,148.0,144.0
41198,246.0,128.0,138.0,135.0
41199,248.0,149.0,157.0,151.0
41200,224.0,85.0,123.0,137.0
41201,238.0,113.0,132.0,126.0
41202,244.0,76.0,144.0,133.0
41203,258.0,79.0,135.0,141.0
41204,259.0,139.0,142.0,142.0
41205,255.0,237.0,145.0,155.0
41206,262.0,141.0,149.0,149.0
41207,262.0,226.0,136.0,137.0
41208,234.0,205.0,133.0,127.0
41209,252.0,96.0,133.0,129.0
41210,253.0,66.0,148.0,135.0
41211,238.0,234.0,134.0,127.0
41212,272.0,245.0,165.0,141.0
41213,248.0,113.0,142.0,146.0
41214,229.0,108.0,129.0,123.0
41215,267.0,244.0,151.0,159.0
41216,238.0,197.0,130.0,132.0
41217,248.0,90.0,143.0,134.0
41218,242.0,217.0,134.0,152.0
41219,247.0,106.0,141.0,144.0
41220,265.0,96.0,145.0,151.0
41221,268.0,82.0,160.0,144.0
41222,248.0,128.0,143.0,143.0
41223,262.0,216.0,149.0,144.0
41224,276.0,97.0,152.0,172.0
41225,258.0,108.0,149.0,145.0
41226,229.0,195.0,127.0,124.0
41227,251.0,217.0,141.0,149.0
41228,253.0,142.0,140.0,137.0
41229,261.0,142.0,138.0,150.0
41230,283.0,157.0,146.0,151.0
41231,257.0,139.0,140.0,146.0
41232,258.0,116.0,132.0,156.0
41233,244.0,145.0,138.0,137.0
41234,249.0,211.0,151.0,134.0
41235,244.0,100.0,133.0,139.0
41236,225.0,84.0,140.0,138.0
41237,252.0,245.0,158.0,137.0
41238,273.0,253.0,163.0,154.0
41239,254.0,73.0,150.0,137.0
41240,261.0,57.0,151.0,158.0
41241,232.0,81.0,135.0,120.0
41242,228.0,83.0,131.0,123.0
41243,233.0,215.0,115.0,132.0
41244,247.0,107.0,144.0,139.0
41245,229.0,63.0,128.0,130.0
41246,237.0,135.0,144.0,151.0
41247,241.0,121.0,124.0,148.0
41248,249.0,216.0,141.0,138.0
41249,267.0,160.0,164.0,145.0
41250,235.0,216.0,126.0,139.0
41251,269.0,143.0,151.0,163.0
41252,276.0,251.0,158.0,162.0
41253,257.0,256.0,156.0,151.0
41254,246.0,217.0,129.0,149.0
41255,276.0,264.0,138.0,168.0
41256,249.0,99.0,140.0,136.0
41257,236.0,204.0,140.0,131.0
41258,253.0,160.0,147.0,138.0
41259,272.0,128.0,152.0,159.0
41260,232.0,135.0,133.0,125.0
41261,263.0,214.0,142.0,150.0
41262,257.0,162.0,139.0,132.0
41263,271.0,124.0,135.0,158.0
41264,245.0,212.0,135.0,136.0
41265,243.0,86.0,133.0,128.0
41266,256.0,101.0,144.0,155.0
41267,258.0,101.0,150.0,150.0
41268,260.0,244.0,171.0,142.0
41269,240.0,131.0,135.0,127.0
41270,237.0,119.0,123.0,127.0
41271,254.0,224.0,148.0,147.0
41272,248.0,239.0,144.0,139.0
41273,244.0,60.0,135.0,134.0
41274,243.0,135.0,139.0,125.0
41275,264.0,109.0,145.0,138.0
41276,241.0,99.0,126.0,135.0
41277,233.0,50.0,138.0,127.0
41278,234.0,111.0,140.0,143.0
41279,255.0,112.0,151.0,150.0
41280,246.0,145.0,149.0,136.0
41281,245.0,131.0,127.0,151.0
41282,245.0,112.0,135.0,131.0
41283,261.0,144.0,152.0,145.0
41284,248.0,149.0,130.0,147.0
41285,250.0,119.0,135.0,151.0
41286,240.0,61.0,137.0,140.0
41287,257.0,124.0,157.0,140.0
41288,245.0,65.0,131.0,129.0
41289,264.0,252.0,164.0,156.0
41290,244.0,121.0,137.0,147.0
41291,221.0,180.0,130.0,125.0
41292,244.0,223.0,142.0,132.0
41293,263.0,176.0,157.0,144.0
41294,244.0,120.0,129.0,134.0
41295,251.0,210.0,148.0,142.0
41296,259.0,214.0,158.0,140.0
41297,271.0,238.0,144.0,137.0
41298,255.0,220.0,143.0,154.0
41299,248.0,215.0,137.0,129.0
41300,240.0,105.0,131.0,133.0
41301,236.0,212.0,130.0,136.0
41302,258.0,94.0,139.0,159.0
41303,246.0,214.0,145.0,143.0
41304,279.0,202.0,144.0,151.0
41305,260.0,144.0,142.0,176.0
41306,259.0,217.0,145.0,150.0
41307,249.0,136.0,143.0,131.0
41308,253.0,121.0,140.0,132.0
41309,251.0,60.0,132.0,137.0
41310,250.0,85.0,131.0,120.0
41311,240.0,239.0,154.0,131.0
41312,262.0,206.0,150.0,148.0
41313,265.0,164.0,140.0,148.0
41314,256.0,130.0,138.0,141.0
41315,244.0,201.0,144.0,136.0
41316,253.0,231.0,133.0,143.0
41317,262.0,128.0,158.0,151.0
41318,251.0,120.0,146.0,142.0
41319,253.0,121.0,147.0,133.0
41320,266.0,124.0,136.0,146.0
41321,271.0,87.0,153.0,153.0
41322,262.0,253.0,141.0,144.0
41323,255.0,128.0,117.0,155.0
41324,246.0,203.0,136.0,131.0
41325,232.0,195.0,134.0,122.0
41326,256.0,104.0,166.0,136.0
41327,244.0,131.0,133.0,137.0
41328,240.0,235.0,135.0,130.0
41329,291.0,153.0,163.0,160.0
41330,243.0,204.0,119.0,137.0
41331,246.0,219.0,156.0,145.0
41332,225.0,198.0,134.0,120.0
41333,257.0,113.0,142.0,138.0
41334,253.0,227.0,146.0,131.0
41335,276.0,225.0,161.0,159.0
41336,236.0,220.0,126.0,137.0
41337,239.0,127.0,135.0,137.0
41338,255.0,235.0,147.0,143.0
41339,239.0,122.0,139.0,141.0
41340,235.0,195.0,121.0,146.0
41341,245.0,208.0,131.0,135.0
41342,260.0,206.0,142.0,131.0
41343,251.0,207.0,145.0,139.0
41344,255.0,97.0,134.0,144.0
41345,235.0,196.0,122.0,125.0
41346,263.0,249.0,156.0,146.0
41347,236.0,123.0,155.0,131.0
41348,239.0,233.0,141.0,148.0
41349,247.0,116.0,134.0,145.0
41350,252.0,139.0,140.0,133.0
41351,256.0,145.0,146.0,141.0
41352,240.0,124.0,141.0,137.0
41353,241.0,120.0,137.0,132.0
41354,246.0,73.0,154.0,140.0
41355,259.0,209.0,158.0,148.0
41356,270.0,119.0,145.0,153.0
41357,252.0,134.0,129.0,144.0
41358,256.0,81.0,150.0,144.0
41359,242.0,104.0,134.0,124.0
41360,262.0,242.0,148.0,145.0
41361,259.0,167.0,143.0,148.0
41362,258.0,156.0,147.0,141.0
41363,235.0,98.0,130.0,114.0
41364,251.0,96.0,144.0,139.0
41365,248.0,129.0,144.0,132.0
41366,222.0,112.0,122.0,121.0
41367,262.0,144.0,164.0,133.0
41368,251.0,169.0,153.0,141.0
41369,251.0,121.0,140.0,145.0
41370,256.0,219.0,133.0,146.0
41371,254.0,240.0,139.0,149.0
41372,220.0,115.0,117.0,121.0
41373,260.0,253.0,161.0,159.0
41374,241.0,124.0,138.0,122.0
41375,247.0,102.0,149.0,148.0
41376,221.0,85.0,121.0,122.0
41377,256.0,133.0,137.0,148.0
41378,258.0,136.0,149.0,147.0
41379,233.0,88.0,133.0,139.0
41380,241.0,84.0,123.0,118.0
41381,257.0,129.0,142.0,151.0
41382,242.0,201.0,143.0,141.0
41383,253.0,114.0,131.0,132.0
41384,265.0,119.0,153.0,140.0
41385,240.0,203.0,137.0,142.0
41386,268.0,82.0,141.0,143.0
41387,244.0,132.0,134.0,132.0
41388,255.0,99.0,136.0,151.0
41389,246.0,215.0,137.0,141.0
41390,246.0,102.0,136.0,130.0
41391,271.0,133.0,148.0,172.0
41392,240.0,124.0,130.0,149.0
41393,229.0,199.0,124.0,122.0
41394,251.0,123.0,140.0,128.0
41395,240.0,231.0,152.0,131.0
41396,246.0,203.0,136.0,127.0
41397,249.0,203.0,137.0,140.0
41398,262.0,108.0,160.0,137.0
41399,245.0,211.0,144.0,135.0
41400,236.0,106.0,112.0,137.0
41401,225.0,109.0,119.0,121.0
41402,243.0,147.0,123.0,133.0
41403,221.0,66.0,130.0,116.0
41404,230.0,91.0,112.0,136.0
41405,245.0,203.0,131.0,129.0
41406,254.0,85.0,149.0,159.0
41407,271.0,153.0,153.0,148.0
41408,262.0,169.0,151.0,149.0
41409,257.0,135.0,159.0,154.0
41410,284.0,125.0,169.0,145.0
41411,237.0,87.0,143.0,124.0
41412,258.0,116.0,142.0,150.0
41413,225.0,103.0,127.0,120.0
41414,258.0,163.0,141.0,128.0
41415,242.0,242.0,138.0,143.0
41416,273.0,87.0,170.0,148.0
41417,245.0,82.0,152.0,130.0
41418,267.0,230.0,149.0,145.0
41419,251.0,151.0,152.0,143.0
41420,256.0,215.0,159.0,154.0
41421,273.0,128.0,155.0,144.0
41422,248.0,103.0,155.0,123.0
41423,231.0,135.0,134.0,131.0
41424,244.0,185.0,130.0,140.0
41425,235.0,229.0,127.0,136.0
41426,246.0,161.0,139.0,132.0
41427,263.0,132.0,158.0,151.0
41428,252.0,74.0,127.0,136.0
41429,240.0,110.0,128.0,129.0
41430,260.0,149.0,134.0,138.0
41431,256.0,106.0,144.0,130.0
41432,254.0,106.0,128.0,146.0
41433,266.0,115.0,150.0,158.0
41434,235.0,102.0,137.0,116.0
41435,262.0,233.0,151.0,139.0
41436,254.0,215.0,150.0,136.0
41437,268.0,228.0,149.0,136.0
41438,250.0,75.0,133.0,147.0
41439,266.0,103.0,151.0,155.0
41440,263.0,70.0,132.0,144.0
41441,247.0,127.0,131.0,147.0
41442,218.0,185.0,130.0,124.0
41443,240.0,115.0,124.0,115.0
41444,235.0,98.0,127.0,158.0
41445,239.0,211.0,137.0,129.0
41446,266.0,101.0,152.0,158.0
41447,237.0,204.0,140.0,138.0
41448,239.0,190.0,133.0,142.0
41449,246.0,115.0,147.0,135.0
41450,244.0,106.0,143.0,144.0
41451,233.0,159.0,133.0,132.0
41452,258.0,129.0,152.0,145.0
41453,245.0,201.0,133.0,141.0
41454,255.0,139.0,141.0,138.0
41455,266.0,73.0,172.0,126.0
41456,229.0,114.0,117.0,117.0
41457,244.0,98.0,127.0,138.0
41458,257.0,239.0,130.0,144.0
41459,260.0,83.0,140.0,138.0
41460,258.0,121.0,149.0,151.0
41461,257.0,96.0,131.0,149.0
41462,243.0,202.0,147.0,129.0
41463,242.0,82.0,146.0,136.0
41464,229.0,77.0,126.0,125.0
41465,258.0,138.0,144.0,145.0
41466,258.0,218.0,154.0,142.0
41467,271.0,225.0,149.0,146.0
41468,248.0,199.0,136.0,141.0
41469,256.0,82.0,150.0,142.0
41470,265.0,242.0,145.0,141.0
41471,251.0,241.0,145.0,135.0
41472,267.0,238.0,146.0,155.0
41473,238.0,112.0,133.0,130.0
41474,240.0,155.0,129.0,136.0
41475,261.0,126.0,155.0,142.0
41476,235.0,154.0,137.0,143.0
41477,203.0,68.0,117.0,110.0
41478,278.0,173.0,156.0,151.0
41479,257.0,140.0,143.0,147.0
41480,275.0,74.0,146.0,155.0
41481,261.0,116.0,155.0,141.0
41482,258.0,81.0,128.0,141.0
41483,249.0,127.0,136.0,142.0
41484,230.0,134.0,123.0,139.0
41485,253.0,225.0,143.0,143.0
41486,268.0,81.0,155.0,153.0
41487,259.0,121.0,132.0,153.0
41488,236.0,123.0,147.0,140.0
41489,256.0,217.0,150.0,158.0
41490,229.0,91.0,134.0,136.0
41491,248.0,116.0,155.0,125.0
41492,252.0,127.0,153.0,155.0
41493,281.0,138.0,146.0,154.0
41494,264.0,260.0,152.0,160.0
41495,246.0,209.0,137.0,150.0
41496,242.0,207.0,122.0,132.0
41497,247.0,120.0,131.0,138.0
41498,269.0,152.0,140.0,134.0
41499,242.0,203.0,135.0,133.0
41500,244.0,219.0,137.0,134.0
41501,259.0,219.0,142.0,143.0
41502,258.0,228.0,136.0,151.0
41503,256.0,101.0,149.0,143.0
41504,247.0,84.0,145.0,152.0
41505,229.0,227.0,132.0,122.0
41506,242.0,102.0,152.0,150.0
41507,262.0,96.0,145.0,144.0
41508,240.0,191.0,134.0,125.0
41509,241.0,149.0,130.0,132.0
41510,228.0,92.0,127.0,132.0
41511,248.0,118.0,126.0,137.0
41512,265.0,115.0,145.0,145.0
41513,240.0,103.0,137.0,126.0
41514,264.0,71.0,139.0,152.0
41515,265.0,63.0,142.0,152.0
41516,249.0,156.0,141.0,141.0
41517,260.0,158.0,134.0,140.0
41518,221.0,199.0,112.0,114.0
41519,248.0,75.0,129.0,135.0
41520,247.0,90.0,145.0,126.0
41521,246.0,220.0,136.0,153.0
41522,248.0,73.0,158.0,152.0
41523,251.0,87.0,148.0,137.0
41524,271.0,124.0,137.0,152.0
41525,237.0,59.0,137.0,132.0
41526,259.0,79.0,141.0,143.0
41527,241.0,214.0,138.0,145.0
41528,289.0,260.0,170.0,156.0
41529,251.0,111.0,143.0,134.0
41530,267.0,195.0,165.0,155.0
41531,259.0,212.0,158.0,147.0
41532,258.0,230.0,160.0,145.0
41533,251.0,90.0,139.0,146.0
41534,245.0,75.0,133.0,139.0
41535,243.0,101.0,143.0,137.0
41536,262.0,185.0,161.0,148.0
41537,240.0,109.0,150.0,131.0
41538,263.0,221.0,162.0,146.0
41539,259.0,150.0,153.0,151.0
41540,231.0,102.0,127.0,135.0
41541,243.0,213.0,145.0,135.0
41542,263.0,103.0,156.0,141.0
41543,243.0,243.0,146.0,140.0
41544,251.0,251.0,130.0,140.0
41545,259.0,125.0,148.0,159.0
41546,244.0,131.0,144.0,131.0
41547,253.0,210.0,151.0,133.0
41548,245.0,221.0,149.0,152.0
41549,270.0,159.0,162.0,165.0
41550,268.0,67.0,148.0,146.0
41551,237.0,73.0,143.0,125.0
41552,242.0,142.0,133.0,132.0
41553,250.0,105.0,136.0,136.0
41554,274.0,97.0,157.0,164.0
41555,258.0,224.0,129.0,139.0
41556,249.0,121.0,135.0,137.0
41557,248.0,60.0,146.0,138.0
41558,256.0,173.0,154.0,140.0
41559,227.0,57.0,121.0,128.0
41560,265.0,118.0,147.0,139.0
41561,250.0,215.0,137.0,149.0
41562,244.0,113.0,145.0,151.0
41563,252.0,104.0,128.0,146.0
41564,255.0,218.0,129.0,150.0
41565,268.0,229.0,151.0,153.0
41566,257.0,225.0,135.0,149.0
41567,263.0,131.0,139.0,152.0
41568,253.0,137.0,136.0,137.0
41569,228.0,158.0,127.0,123.0
41570,224.0,116.0,131.0,122.0
41571,242.0,206.0,138.0,136.0
41572,251.0,215.0,137.0,134.0
41573,241.0,82.0,131.0,143.0
41574,250.0,146.0,143.0,152.0
41575,232.0,89.0,138.0,131.0
41576,236.0,67.0,127.0,137.0
41577,229.0,88.0,130.0,135.0
41578,267.0,241.0,161.0,159.0
41579,248.0,111.0,132.0,131.0
41580,232.0,121.0,133.0,117.0
41581,239.0,216.0,134.0,142.0
41582,243.0,112.0,135.0,141.0
41583,284.0,284.0,166.0,151.0
41584,238.0,104.0,126.0,125.0
41585,240.0,149.0,133.0,141.0
41586,268.0,156.0,154.0,160.0
41587,244.0,234.0,138.0,129.0
41588,243.0,241.0,147.0,141.0
41589,261.0,162.0,129.0,155.0
41590,228.0,220.0,129.0,125.0
41591,256.0,252.0,144.0,147.0
41592,255.0,232.0,149.0,157.0
41593,242.0,106.0,129.0,134.0
41594,243.0,109.0,137.0,141.0
41595,250.0,92.0,132.0,130.0
41596,221.0,114.0,121.0,128.0
41597,258.0,86.0,139.0,129.0
41598,269.0,233.0,141.0,155.0
41599,239.0,141.0,127.0,150.0
41600,242.0,107.0,142.0,136.0
41601,232.0,91.0,112.0,130.0
41602,257.0,225.0,149.0,152.0
41603,232.0,73.0,133.0,133.0
41604,249.0,203.0,119.0,126.0
41605,264.0,231.0,154.0,141.0
41606,255.0,245.0,148.0,139.0
41607,255.0,220.0,135.0,142.0
41608,250.0,220.0,144.0,146.0
41609,252.0,252.0,128.0,150.0
41610,261.0,140.0,149.0,143.0
41611,248.0,109.0,128.0,135.0
41612,248.0,209.0,144.0,133.0
41613,240.0,210.0,143.0,130.0
41614,253.0,59.0,144.0,136.0
41615,236.0,203.0,128.0,121.0
41616,269.0,263.0,169.0,152.0
41617,237.0,204.0,130.0,139.0
41618,256.0,93.0,130.0,150.0
41619,239.0,103.0,149.0,132.0
41620,246.0,71.0,133.0,135.0
41621,251.0,155.0,128.0,154.0
41622,253.0,146.0,150.0,146.0
41623,242.0,79.0,134.0,135.0
41624,244.0,143.0,140.0,131.0
41625,249.0,87.0,148.0,128.0
41626,239.0,108.0,128.0,129.0
41627,277.0,274.0,170.0,172.0
41628,255.0,81.0,127.0,125.0
41629,242.0,210.0,135.0,137.0
41630,264.0,156.0,142.0,163.0
41631,264.0,182.0,149.0,143.0
41632,246.0,239.0,144.0,135.0
41633,248.0,152.0,146.0,133.0
41634,247.0,111.0,129.0,152.0
41635,272.0,229.0,168.0,140.0
41636,249.0,163.0,144.0,139.0
41637,237.0,109.0,126.0,135.0
41638,233.0,87.0,153.0,133.0
41639,245.0,117.0,143.0,153.0
41640,265.0,122.0,153.0,148.0
41641,286.0,144.0,173.0,171.0
41642,236.0,136.0,140.0,127.0
41643,259.0,227.0,136.0,131.0
41644,277.0,134.0,150.0,161.0
41645,228.0,66.0,127.0,123.0
41646,229.0,91.0,117.0,124.0
41647,252.0,141.0,150.0,157.0
41648,268.0,119.0,158.0,152.0
41649,238.0,165.0,138.0,137.0
41650,254.0,104.0,149.0,146.0
41651,257.0,233.0,136.0,148.0
41652,285.0,157.0,162.0,150.0
41653,256.0,228.0,141.0,148.0
41654,285.0,238.0,173.0,162.0
41655,253.0,122.0,139.0,152.0
41656,251.0,96.0,143.0,148.0
41657,251.0,129.0,156.0,139.0
41658,278.0,238.0,161.0,147.0
41659,272.0,95.0,152.0,164.0
41660,231.0,79.0,141.0,139.0
41661,256.0,110.0,142.0,142.0
41662,254.0,80.0,155.0,150.0
41663,249.0,222.0,125.0,132.0
41664,253.0,127.0,145.0,145.0
41665,223.0,201.0,124.0,126.0
41666,254.0,118.0,144.0,144.0
41667,254.0,158.0,155.0,135.0
41668,251.0,91.0,138.0,153.0
41669,247.0,101.0,140.0,130.0
41670,254.0,120.0,149.0,149.0
41671,235.0,196.0,131.0,142.0
41672,232.0,97.0,132.0,136.0
41673,252.0,85.0,147.0,145.0
41674,215.0,206.0,125.0,121.0
41675,241.0,72.0,149.0,138.0
41676,228.0,72.0,121.0,118.0
41677,245.0,200.0,143.0,136.0
41678,232.0,138.0,123.0,147.0
41679,258.0,208.0,141.0,150.0
41680,219.0,116.0,129.0,119.0
41681,283.0,155.0,147.0,160.0
41682,270.0,224.0,145.0,156.0
41683,242.0,85.0,125.0,122.0
41684,252.0,79.0,138.0,147.0
41685,236.0,123.0,139.0,129.0
41686,272.0,184.0,129.0,147.0
41687,250.0,138.0,132.0,147.0
41688,268.0,113.0,159.0,146.0
41689,240.0,200.0,140.0,134.0
41690,267.0,140.0,143.0,159.0
41691,243.0,191.0,134.0,150.0
41692,260.0,111.0,139.0,134.0
41693,245.0,117.0,130.0,137.0
41694,251.0,99.0,145.0,143.0
41695,273.0,250.0,153.0,141.0
41696,263.0,86.0,157.0,140.0
41697,254.0,137.0,143.0,146.0
41698,239.0,90.0,133.0,133.0
41699,232.0,99.0,132.0,128.0
41700,237.0,45.0,134.0,149.0
41701,239.0,136.0,132.0,135.0
41702,240.0,127.0,149.0,125.0
41703,254.0,64.0,124.0,134.0
41704,249.0,213.0,139.0,143.0
41705,232.0,192.0,126.0,130.0
41706,228.0,187.0,131.0,133.0
41707,246.0,130.0,139.0,135.0
41708,262.0,170.0,136.0,153.0
41709,237.0,227.0,155.0,140.0
41710,252.0,102.0,141.0,137.0
41711,254.0,223.0,148.0,135.0
41712,243.0,86.0,142.0,129.0
41713,232.0,88.0,128.0,119.0
41714,244.0,136.0,135.0,146.0
41715,249.0,157.0,152.0,145.0
41716,238.0,95.0,128.0,128.0
41717,252.0,121.0,150.0,137.0
41718,260.0,62.0,154.0,142.0
41719,257.0,60.0,132.0,148.0
41720,228.0,69.0,137.0,116.0
41721,259.0,86.0,175.0,138.0
41722,260.0,65.0,154.0,148.0
41723,245.0,94.0,126.0,137.0
41724,240.0,226.0,133.0,144.0
41725,237.0,223.0,134.0,122.0
41726,262.0,97.0,146.0,142.0
41727,259.0,239.0,140.0,162.0
41728,246.0,179.0,129.0,139.0
41729,262.0,238.0,144.0,145.0
41730,228.0,204.0,119.0,128.0
41731,242.0,122.0,121.0,115.0
41732,242.0,95.0,129.0,138.0
41733,248.0,121.0,129.0,144.0
41734,245.0,241.0,138.0,148.0
41735,253.0,105.0,137.0,147.0
41736,262.0,128.0,167.0,139.0
41737,262.0,114.0,151.0,133.0
41738,224.0,217.0,120.0,128.0
41739,277.0,95.0,157.0,157.0
41740,270.0,250.0,149.0,153.0
41741,236.0,99.0,134.0,140.0
41742,254.0,136.0,134.0,148.0
41743,234.0,115.0,126.0,139.0
41744,244.0,126.0,142.0,153.0
41745,256.0,219.0,138.0,127.0
41746,223.0,115.0,113.0,126.0
41747,215.0,111.0,120.0,134.0
41748,258.0,131.0,143.0,144.0
41749,272.0,241.0,140.0,161.0
41750,273.0,232.0,151.0,153.0
41751,234.0,194.0,122.0,139.0
41752,236.0,87.0,131.0,126.0
41753,253.0,96.0,135.0,165.0
41754,248.0,172.0,139.0,145.0
41755,250.0,128.0,148.0,138.0
41756,251.0,116.0,134.0,133.0
41757,240.0,80.0,129.0,124.0
41758,248.0,103.0,141.0,128.0
41759,272.0,229.0,149.0,158.0
41760,249.0,228.0,145.0,129.0
41761,240.0,102.0,149.0,132.0
41762,241.0,125.0,121.0,119.0
41763,252.0,76.0,145.0,138.0
41764,231.0,129.0,124.0,126.0
41765,236.0,224.0,144.0,151.0
41766,244.0,172.0,140.0,131.0
41767,242.0,59.0,134.0,145.0
41768,230.0,79.0,135.0,139.0
41769,261.0,108.0,150.0,139.0
41770,225.0,170.0,107.0,132.0
41771,248.0,101.0,146.0,135.0
41772,256.0,112.0,138.0,151.0
41773,230.0,83.0,129.0,129.0
41774,246.0,106.0,135.0,139.0
41775,234.0,206.0,156.0,131.0
41776,226.0,180.0,130.0,128.0
41777,251.0,115.0,130.0,143.0
41778,252.0,129.0,135.0,147.0
41779,255.0,120.0,143.0,153.0
41780,253.0,69.0,159.0,146.0
41781,245.0,87.0,130.0,134.0
41782,266.0,95.0,150.0,149.0
41783,241.0,95.0,136.0,144.0
41784,245.0,102.0,142.0,141.0
41785,254.0,95.0,131.0,144.0
41786,230.0,210.0,124.0,117.0
41787,237.0,231.0,115.0,121.0
41788,241.0,209.0,134.0,133.0
41789,242.0,188.0,132.0,125.0
41790,259.0,120.0,146.0,142.0
41791,258.0,226.0,143.0,138.0
41792,288.0,255.0,149.0,147.0
41793,245.0,121.0,138.0,130.0
41794,249.0,235.0,146.0,139.0
41795,258.0,93.0,129.0,145.0
41796,271.0,136.0,145.0,149.0
41797,254.0,90.0,143.0,137.0
41798,254.0,73.0,143.0,143.0
41799,241.0,77.0,145.0,135.0
41800,244.0,160.0,116.0,136.0
41801,232.0,224.0,126.0,132.0
41802,247.0,146.0,138.0,149.0
41803,238.0,79.0,141.0,134.0
41804,258.0,258.0,140.0,148.0
41805,246.0,181.0,145.0,145.0
41806,242.0,209.0,137.0,128.0
41807,273.0,154.0,150.0,142.0
41808,256.0,103.0,147.0,124.0
41809,243.0,108.0,142.0,140.0
41810,240.0,104.0,142.0,148.0
41811,273.0,121.0,156.0,153.0
41812,247.0,242.0,145.0,139.0
41813,250.0,101.0,133.0,140.0
41814,251.0,92.0,137.0,137.0
41815,259.0,113.0,140.0,144.0
41816,255.0,129.0,131.0,151.0
41817,239.0,121.0,147.0,132.0
41818,264.0,156.0,136.0,139.0
41819,255.0,129.0,140.0,138.0
41820,251.0,111.0,141.0,145.0
41821,252.0,212.0,160.0,138.0
41822,271.0,60.0,151.0,145.0
41823,236.0,233.0,144.0,121.0
41824,249.0,46.0,145.0,146.0
41825,248.0,71.0,135.0,136.0
41826,256.0,111.0,153.0,148.0
41827,253.0,132.0,151.0,139.0
41828,248.0,221.0,134.0,142.0
41829,238.0,80.0,141.0,140.0
41830,257.0,153.0,157.0,135.0
41831,236.0,94.0,142.0,146.0
41832,251.0,251.0,141.0,142.0
41833,262.0,121.0,147.0,147.0
41834,248.0,125.0,128.0,148.0
41835,244.0,108.0,153.0,139.0
41836,246.0,202.0,131.0,129.0
41837,270.0,244.0,129.0,150.0
41838,250.0,137.0,144.0,148.0
41839,227.0,121.0,137.0,141.0
41840,235.0,148.0,140.0,125.0
41841,260.0,82.0,138.0,150.0
41842,255.0,136.0,154.0,138.0
41843,245.0,90.0,147.0,130.0
41844,227.0,108.0,111.0,139.0
41845,228.0,49.0,144.0,140.0
41846,262.0,188.0,152.0,162.0
41847,258.0,209.0,143.0,149.0
41848,236.0,209.0,135.0,124.0
41849,235.0,206.0,119.0,127.0
41850,277.0,114.0,178.0,150.0
41851,241.0,118.0,147.0,146.0
41852,243.0,233.0,131.0,134.0
41853,278.0,120.0,157.0,157.0
41854,256.0,76.0,142.0,146.0
41855,260.0,92.0,138.0,146.0
41856,236.0,213.0,120.0,131.0
41857,262.0,130.0,150.0,149.0
41858,263.0,234.0,152.0,148.0
41859,238.0,237.0,132.0,147.0
41860,239.0,127.0,132.0,130.0
41861,243.0,232.0,132.0,133.0
41862,255.0,119.0,160.0,153.0
41863,249.0,113.0,140.0,138.0
41864,239.0,119.0,133.0,136.0
41865,234.0,233.0,128.0,137.0
41866,220.0,143.0,125.0,136.0
41867,242.0,102.0,128.0,128.0
41868,270.0,191.0,155.0,169.0
41869,254.0,220.0,137.0,148.0
41870,263.0,103.0,149.0,156.0
41871,246.0,121.0,119.0,130.0
41872,248.0,160.0,145.0,130.0
41873,222.0,184.0,134.0,119.0
41874,255.0,111.0,131.0,139.0
41875,244.0,219.0,139.0,149.0
41876,252.0,115.0,157.0,150.0
41877,264.0,115.0,142.0,147.0
41878,257.0,107.0,135.0,130.0
41879,250.0,121.0,139.0,145.0
41880,241.0,62.0,124.0,147.0
41881,235.0,96.0,123.0,143.0
41882,243.0,206.0,128.0,140.0
41883,266.0,98.0,129.0,147.0
41884,225.0,224.0,130.0,124.0
41885,249.0,122.0,149.0,143.0
41886,230.0,59.0,134.0,122.0
41887,251.0,224.0,144.0,141.0
41888,242.0,238.0,130.0,137.0
41889,246.0,121.0,141.0,142.0
41890,257.0,109.0,133.0,138.0
41891,251.0,80.0,143.0,140.0
41892,250.0,150.0,118.0,133.0
41893,247.0,216.0,130.0,141.0
41894,226.0,92.0,124.0,126.0
41895,231.0,158.0,132.0,142.0
41896,250.0,220.0,147.0,137.0
41897,252.0,212.0,116.0,150.0
41898,243.0,226.0,131.0,137.0
41899,261.0,177.0,136.0,138.0
41900,263.0,226.0,136.0,145.0
41901,253.0,94.0,140.0,137.0
41902,242.0,126.0,130.0,140.0
41903,240.0,224.0,137.0,143.0
41904,277.0,105.0,160.0,144.0
41905,260.0,108.0,141.0,141.0
41906,244.0,214.0,127.0,145.0
41907,239.0,237.0,132.0,121.0
41908,268.0,238.0,150.0,151.0
41909,276.0,140.0,158.0,160.0
41910,250.0,99.0,144.0,129.0
41911,291.0,98.0,152.0,155.0
41912,245.0,138.0,137.0,147.0
41913,235.0,50.0,130.0,132.0
41914,241.0,123.0,129.0,128.0
41915,243.0,108.0,123.0,135.0
41916,260.0,89.0,133.0,148.0
41917,252.0,111.0,147.0,135.0
41918,258.0,139.0,140.0,162.0
41919,256.0,219.0,140.0,154.0
41920,245.0,106.0,140.0,143.0
41921,254.0,123.0,139.0,143.0
41922,262.0,113.0,149.0,145.0
41923,235.0,70.0,118.0,137.0
41924,238.0,81.0,145.0,147.0
41925,246.0,84.0,119.0,147.0
41926,256.0,106.0,152.0,152.0
41927,245.0,98.0,137.0,139.0
41928,256.0,130.0,145.0,143.0
41929,243.0,67.0,140.0,141.0
41930,244.0,164.0,127.0,139.0
41931,261.0,93.0,141.0,141.0
41932,255.0,133.0,128.0,144.0
41933,264.0,156.0,160.0,150.0
41934,247.0,218.0,128.0,144.0
41935,240.0,99.0,125.0,141.0
41936,251.0,169.0,119.0,139.0
41937,247.0,91.0,139.0,136.0
41938,254.0,124.0,130.0,140.0
41939,266.0,123.0,170.0,158.0
41940,244.0,169.0,121.0,142.0
41941,243.0,210.0,139.0,122.0
41942,251.0,81.0,124.0,148.0
41943,256.0,103.0,147.0,135.0
41944,237.0,112.0,138.0,133.0
41945,238.0,225.0,124.0,140.0
41946,234.0,195.0,130.0,141.0
41947,236.0,231.0,139.0,137.0
41948,255.0,75.0,140.0,135.0
41949,250.0,211.0,152.0,139.0
41950,275.0,77.0,159.0,168.0
41951,236.0,204.0,135.0,120.0
41952,255.0,223.0,147.0,142.0
41953,272.0,112.0,143.0,161.0
41954,257.0,107.0,150.0,139.0
41955,262.0,139.0,139.0,141.0
41956,245.0,201.0,143.0,139.0
41957,224.0,110.0,111.0,130.0
41958,245.0,114.0,137.0,140.0
41959,242.0,200.0,141.0,138.0
41960,242.0,86.0,138.0,139.0
41961,251.0,138.0,158.0,143.0
41962,246.0,168.0,141.0,146.0
41963,246.0,79.0,154.0,130.0
41964,263.0,108.0,150.0,156.0
41965,275.0,146.0,142.0,154.0
41966,247.0,80.0,151.0,147.0
41967,255.0,140.0,142.0,147.0
41968,233.0,206.0,140.0,130.0
41969,242.0,78.0,128.0,138.0
41970,248.0,96.0,133.0,151.0
41971,258.0,140.0,146.0,139.0
41972,263.0,113.0,152.0,147.0
41973,228.0,197.0,134.0,131.0
41974,246.0,244.0,160.0,141.0
41975,237.0,104.0,142.0,146.0
41976,253.0,97.0,150.0,121.0
41977,239.0,128.0,137.0,137.0
41978,253.0,133.0,136.0,134.0
41979,248.0,207.0,131.0,122.0
41980,274.0,99.0,153.0,158.0
41981,259.0,105.0,144.0,151.0
41982,259.0,154.0,152.0,137.0
41983,267.0,195.0,150.0,153.0
41984,246.0,80.0,136.0,142.0
41985,251.0,131.0,142.0,138.0
41986,237.0,108.0,131.0,130.0
41987,232.0,86.0,122.0,120.0
41988,263.0,122.0,151.0,142.0
41989,266.0,106.0,126.0,148.0
41990,260.0,137.0,147.0,132.0
41991,234.0,104.0,139.0,143.0
41992,240.0,209.0,123.0,123.0
41993,246.0,115.0,135.0,143.0
41994,251.0,130.0,137.0,142.0
41995,271.0,239.0,152.0,168.0
41996,235.0,200.0,125.0,118.0
41997,244.0,202.0,142.0,137.0
41998,252.0,90.0,133.0,133.0
41999,237.0,92.0,125.0,127.0
42000,237.0,232.0,127.0,151.0
42001,254.0,67.0,150.0,142.0
42002,249.0,88.0,153.0,147.0
42003,256.0,224.0,144.0,145.0
42004,231.0,203.0,127.0,140.0
42005,258.0,129.0,152.0,150.0
42006,259.0,112.0,147.0,147.0
42007,231.0,77.0,131.0,135.0
42008,274.0,107.0,160.0,153.0
42009,229.0,113.0,129.0,131.0
42010,258.0,228.0,150.0,149.0
42011,227.0,63.0,126.0,144.0
42012,259.0,114.0,151.0,149.0
42013,247.0,123.0,152.0,132.0
42014,258.0,246.0,149.0,140.0
42015,256.0,109.0,153.0,143.0
42016,259.0,87.0,148.0,147.0
42017,256.0,250.0,155.0,151.0
42018,250.0,200.0,139.0,132.0
42019,249.0,49.0,133.0,127.0
42020,256.0,224.0,133.0,160.0
42021,263.0,95.0,134.0,152.0
42022,214.0,204.0,129.0,121.0
42023,265.0,95.0,156.0,143.0
42024,233.0,214.0,116.0,134.0
42025,254.0,209.0,141.0,130.0
42026,270.0,104.0,139.0,139.0
42027,240.0,205.0,123.0,143.0
42028,267.0,146.0,148.0,155.0
42029,247.0,112.0,137.0,133.0
42030,246.0,94.0,131.0,144.0
42031,257.0,99.0,137.0,137.0
42032,249.0,151.0,128.0,143.0
42033,270.0,135.0,148.0,158.0
42034,248.0,217.0,139.0,134.0
42035,239.0,232.0,139.0,131.0
42036,230.0,98.0,139.0,125.0
42037,243.0,103.0,147.0,144.0
42038,234.0,79.0,142.0,137.0
42039,236.0,133.0,122.0,139.0
42040,262.0,219.0,137.0,136.0
42041,257.0,102.0,136.0,146.0
42042,248.0,222.0,133.0,147.0
42043,279.0,245.0,153.0,161.0
42044,254.0,67.0,152.0,129.0
42045,250.0,249.0,149.0,144.0
42046,238.0,203.0,136.0,124.0
42047,244.0,104.0,124.0,126.0
42048,236.0,143.0,137.0,130.0
42049,270.0,91.0,156.0,155.0
42050,300.0,218.0,175.0,159.0
42051,252.0,163.0,139.0,143.0
42052,237.0,118.0,132.0,121.0
42053,210.0,170.0,119.0,121.0
42054,253.0,114.0,134.0,152.0
42055,239.0,102.0,123.0,134.0
42056,258.0,115.0,141.0,143.0
42057,250.0,115.0,140.0,136.0
42058,246.0,91.0,148.0,145.0
42059,240.0,215.0,122.0,137.0
42060,256.0,149.0,131.0,142.0
42061,236.0,87.0,116.0,127.0
42062,237.0,198.0,126.0,123.0
42063,265.0,79.0,145.0,141.0
42064,256.0,99.0,148.0,144.0
42065,249.0,134.0,137.0,144.0
42066,238.0,83.0,127.0,134.0
42067,233.0,228.0,117.0,144.0
42068,254.0,220.0,152.0,146.0
42069,250.0,122.0,146.0,137.0
42070,264.0,98.0,140.0,162.0
42071,237.0,120.0,131.0,124.0
42072,246.0,91.0,133.0,139.0
42073,248.0,107.0,141.0,134.0
42074,266.0,103.0,147.0,147.0
42075,236.0,115.0,127.0,124.0
42076,254.0,234.0,158.0,135.0
42077,241.0,72.0,131.0,131.0
42078,280.0,135.0,160.0,154.0
42079,267.0,130.0,157.0,143.0
42080,253.0,124.0,133.0,142.0
42081,241.0,221.0,136.0,132.0
42082,252.0,217.0,164.0,135.0
42083,276.0,154.0,160.0,148.0
42084,259.0,211.0,146.0,147.0
42085,249.0,202.0,134.0,128.0
42086,261.0,214.0,148.0,150.0
42087,245.0,217.0,154.0,128.0
42088,264.0,105.0,153.0,148.0
42089,275.0,238.0,156.0,157.0
42090,250.0,105.0,142.0,142.0
42091,249.0,173.0,137.0,138.0
42092,248.0,93.0,138.0,145.0
42093,244.0,106.0,143.0,141.0
42094,248.0,113.0,118.0,137.0
42095,260.0,130.0,150.0,158.0
42096,267.0,226.0,147.0,147.0
42097,255.0,133.0,135.0,145.0
42098,247.0,133.0,140.0,128.0
42099,272.0,91.0,151.0,159.0
42100,249.0,212.0,135.0,130.0
42101,257.0,221.0,132.0,148.0
42102,257.0,125.0,154.0,140.0
42103,245.0,126.0,136.0,139.0
42104,256.0,106.0,141.0,142.0
42105,240.0,200.0,125.0,147.0
42106,249.0,111.0,140.0,127.0
42107,242.0,87.0,135.0,145.0
42108,255.0,116.0,140.0,138.0
42109,261.0,259.0,141.0,148.0
42110,252.0,112.0,142.0,134.0
42111,242.0,97.0,125.0,141.0
42112,243.0,123.0,143.0,128.0
42113,255.0,230.0,139.0,164.0
42114,245.0,81.0,144.0,127.0
42115,252.0,115.0,135.0,146.0
42116,262.0,261.0,143.0,161.0
42117,264.0,100.0,145.0,137.0
42118,273.0,95.0,164.0,150.0
42119,260.0,113.0,153.0,144.0
42120,230.0,43.0,141.0,131.0
42121,248.0,131.0,129.0,151.0
42122,239.0,84.0,147.0,151.0
42123,224.0,138.0,125.0,141.0
42124,254.0,129.0,145.0,131.0
42125,257.0,253.0,140.0,145.0
42126,237.0,162.0,129.0,139.0
42127,264.0,68.0,153.0,153.0
42128,256.0,52.0,140.0,147.0
42129,238.0,132.0,133.0,123.0
42130,242.0,214.0,120.0,131.0
42131,276.0,248.0,147.0,152.0
42132,224.0,105.0,130.0,132.0
42133,229.0,223.0,136.0,142.0
42134,244.0,196.0,134.0,132.0
42135,260.0,105.0,144.0,148.0
42136,261.0,122.0,150.0,138.0
42137,250.0,222.0,136.0,139.0
42138,223.0,200.0,113.0,116.0
42139,239.0,216.0,116.0,128.0
42140,244.0,59.0,148.0,141.0
42141,249.0,127.0,142.0,146.0
42142,257.0,226.0,150.0,148.0
42143,251.0,125.0,130.0,137.0
42144,240.0,115.0,150.0,133.0
42145,268.0,89.0,136.0,150.0
42146,268.0,107.0,143.0,145.0
42147,256.0,87.0,152.0,139.0
42148,265.0,122.0,158.0,159.0
42149,248.0,214.0,143.0,140.0
42150,251.0,214.0,130.0,149.0
42151,235.0,68.0,141.0,128.0
42152,254.0,243.0,143.0,148.0
42153,219.0,118.0,133.0,119.0
42154,241.0,122.0,137.0,139.0
42155,243.0,153.0,150.0,141.0
42156,244.0,210.0,138.0,122.0
42157,244.0,78.0,124.0,141.0
42158,242.0,208.0,135.0,150.0
42159,249.0,104.0,151.0,142.0
42160,252.0,85.0,145.0,142.0
42161,287.0,119.0,169.0,145.0
42162,242.0,112.0,126.0,145.0
42163,237.0,197.0,126.0,130.0
42164,259.0,115.0,139.0,131.0
42165,241.0,98.0,139.0,134.0
42166,255.0,143.0,134.0,148.0
42167,271.0,271.0,159.0,141.0
42168,263.0,233.0,145.0,147.0
42169,232.0,80.0,138.0,133.0
42170,258.0,69.0,139.0,141.0
42171,272.0,105.0,157.0,181.0
42172,229.0,128.0,134.0,130.0
42173,215.0,194.0,129.0,126.0
42174,257.0,107.0,140.0,129.0
42175,242.0,217.0,129.0,131.0
42176,242.0,119.0,114.0,143.0
42177,258.0,121.0,147.0,143.0
42178,265.0,164.0,162.0,148.0
42179,255.0,156.0,147.0,147.0
42180,258.0,135.0,146.0,139.0
42181,275.0,147.0,150.0,151.0
42182,230.0,95.0,124.0,138.0
42183,242.0,127.0,134.0,134.0
42184,243.0,99.0,142.0,130.0
42185,255.0,149.0,138.0,147.0
42186,267.0,266.0,150.0,165.0
42187,268.0,140.0,155.0,155.0
42188,245.0,79.0,151.0,138.0
42189,255.0,214.0,141.0,146.0
42190,244.0,169.0,137.0,138.0
42191,248.0,124.0,128.0,136.0
42192,236.0,120.0,119.0,142.0
42193,241.0,197.0,130.0,147.0
42194,255.0,97.0,171.0,145.0
42195,237.0,206.0,127.0,130.0
42196,227.0,202.0,110.0,138.0
42197,253.0,139.0,149.0,133.0
42198,253.0,67.0,143.0,161.0
42199,261.0,144.0,137.0,136.0
42200,241.0,214.0,132.0,140.0
42201,269.0,118.0,139.0,158.0
42202,255.0,116.0,139.0,141.0
42203,237.0,74.0,135.0,134.0
42204,233.0,198.0,136.0,109.0
42205,255.0,109.0,148.0,152.0
42206,242.0,50.0,139.0,136.0
42207,259.0,211.0,151.0,165.0
42208,246.0,235.0,122.0,138.0
42209,269.0,230.0,144.0,145.0
42210,263.0,162.0,149.0,141.0
42211,235.0,200.0,118.0,144.0
42212,236.0,201.0,140.0,128.0
42213,271.0,102.0,159.0,156.0
42214,236.0,94.0,126.0,130.0
42215,266.0,121.0,136.0,151.0
42216,242.0,97.0,126.0,135.0
42217,234.0,216.0,148.0,119.0
42218,258.0,126.0,138.0,137.0
42219,242.0,219.0,135.0,148.0
42220,259.0,224.0,151.0,135.0
42221,271.0,225.0,161.0,140.0
42222,244.0,91.0,139.0,136.0
42223,268.0,71.0,164.0,146.0
42224,247.0,213.0,139.0,143.0
42225,275.0,94.0,143.0,146.0
42226,286.0,92.0,180.0,149.0
42227,251.0,171.0,123.0,157.0
42228,285.0,142.0,158.0,152.0
42229,243.0,158.0,124.0,134.0
42230,245.0,120.0,142.0,134.0
42231,244.0,87.0,151.0,147.0
42232,255.0,226.0,155.0,141.0
42233,250.0,202.0,152.0,146.0
42234,262.0,226.0,160.0,136.0
42235,238.0,209.0,132.0,127.0
42236,258.0,76.0,138.0,150.0
42237,252.0,102.0,150.0,147.0
42238,234.0,140.0,127.0,127.0
42239,255.0,105.0,137.0,142.0
42240,242.0,80.0,127.0,134.0
42241,263.0,232.0,132.0,135.0
42242,252.0,207.0,151.0,153.0
42243,237.0,92.0,138.0,119.0
42244,246.0,203.0,134.0,137.0
42245,256.0,216.0,147.0,133.0
42246,212.0,131.0,108.0,120.0
42247,229.0,196.0,129.0,129.0
42248,248.0,75.0,141.0,122.0
42249,274.0,270.0,158.0,164.0
42250,256.0,97.0,135.0,145.0
42251,244.0,174.0,142.0,141.0
42252,236.0,85.0,130.0,129.0
42253,238.0,98.0,122.0,130.0
42254,266.0,156.0,150.0,149.0
42255,252.0,140.0,148.0,138.0
42256,256.0,226.0,144.0,140.0
42257,260.0,103.0,150.0,155.0
42258,250.0,92.0,140.0,149.0
42259,245.0,203.0,137.0,148.0
42260,250.0,128.0,122.0,139.0
42261,240.0,66.0,130.0,137.0
42262,256.0,225.0,124.0,151.0
42263,248.0,210.0,140.0,134.0
42264,231.0,192.0,120.0,145.0
42265,280.0,126.0,163.0,164.0
42266,262.0,231.0,137.0,155.0
42267,239.0,123.0,139.0,147.0
42268,242.0,102.0,141.0,135.0
42269,275.0,179.0,139.0,152.0
42270,265.0,168.0,152.0,150.0
42271,255.0,116.0,155.0,139.0
42272,240.0,123.0,138.0,138.0
42273,252.0,217.0,143.0,132.0
42274,240.0,103.0,142.0,148.0
42275,236.0,124.0,140.0,131.0
42276,250.0,153.0,143.0,143.0
42277,244.0,134.0,123.0,134.0
42278,250.0,213.0,141.0,138.0
42279,261.0,228.0,155.0,141.0
42280,237.0,123.0,145.0,145.0
42281,244.0,151.0,129.0,127.0
42282,276.0,244.0,152.0,156.0
42283,234.0,217.0,127.0,125.0
42284,244.0,103.0,130.0,135.0
42285,240.0,74.0,132.0,134.0
42286,251.0,214.0,150.0,142.0
42287,262.0,88.0,140.0,146.0
42288,236.0,82.0,128.0,133.0
42289,257.0,94.0,163.0,148.0
42290,256.0,111.0,143.0,143.0
42291,253.0,118.0,132.0,158.0
42292,229.0,144.0,125.0,120.0
42293,245.0,203.0,147.0,141.0
42294,262.0,146.0,146.0,146.0
42295,253.0,165.0,137.0,156.0
42296,247.0,191.0,135.0,131.0
42297,256.0,121.0,135.0,141.0
42298,268.0,123.0,151.0,143.0
42299,260.0,111.0,148.0,146.0
42300,249.0,219.0,142.0,142.0
42301,254.0,120.0,151.0,142.0
42302,263.0,174.0,148.0,147.0
42303,263.0,99.0,137.0,146.0
42304,241.0,72.0,138.0,135.0
42305,246.0,210.0,137.0,150.0
42306,235.0,98.0,139.0,127.0
42307,233.0,83.0,138.0,144.0
42308,243.0,208.0,133.0,138.0
42309,256.0,182.0,135.0,152.0
42310,247.0,207.0,144.0,140.0
42311,275.0,101.0,155.0,166.0
42312,242.0,241.0,154.0,148.0
42313,257.0,98.0,152.0,142.0
42314,263.0,176.0,144.0,148.0
42315,245.0,236.0,123.0,146.0
42316,211.0,87.0,108.0,110.0
42317,247.0,102.0,135.0,147.0
42318,242.0,205.0,145.0,127.0
42319,247.0,68.0,161.0,147.0
42320,236.0,106.0,133.0,133.0
42321,271.0,150.0,138.0,155.0
42322,231.0,107.0,114.0,135.0
42323,264.0,118.0,154.0,155.0
42324,202.0,109.0,117.0,128.0
42325,249.0,68.0,141.0,135.0
42326,265.0,231.0,158.0,162.0
42327,257.0,172.0,147.0,135.0
42328,254.0,98.0,144.0,161.0
42329,260.0,122.0,158.0,136.0
42330,258.0,99.0,133.0,139.0
42331,251.0,251.0,140.0,150.0
42332,257.0,120.0,125.0,128.0
42333,247.0,96.0,141.0,128.0
42334,267.0,233.0,146.0,159.0
42335,247.0,184.0,149.0,133.0
42336,251.0,129.0,154.0,135.0
42337,249.0,128.0,139.0,138.0
42338,240.0,122.0,133.0,132.0
42339,276.0,234.0,145.0,148.0
42340,224.0,121.0,121.0,122.0
42341,282.0,123.0,167.0,154.0
42342,249.0,212.0,161.0,138.0
42343,251.0,128.0,124.0,147.0
42344,269.0,83.0,157.0,161.0
42345,267.0,108.0,145.0,148.0
42346,265.0,160.0,161.0,150.0
42347,261.0,252.0,150.0,135.0
42348,251.0,166.0,142.0,155.0
42349,249.0,108.0,146.0,141.0
42350,243.0,140.0,128.0,129.0
42351,243.0,82.0,154.0,139.0
42352,273.0,148.0,140.0,164.0
42353,239.0,214.0,139.0,130.0
42354,260.0,117.0,128.0,145.0
42355,250.0,125.0,128.0,145.0
42356,237.0,138.0,146.0,131.0
42357,241.0,88.0,136.0,131.0
42358,248.0,210.0,141.0,147.0
42359,243.0,208.0,144.0,130.0
42360,267.0,137.0,146.0,145.0
42361,233.0,85.0,136.0,129.0
42362,251.0,62.0,130.0,145.0
42363,252.0,198.0,135.0,133.0
42364,246.0,125.0,137.0,149.0
42365,234.0,116.0,133.0,122.0
42366,240.0,90.0,126.0,130.0
42367,264.0,146.0,138.0,143.0
42368,252.0,240.0,132.0,135.0
42369,242.0,122.0,136.0,144.0
42370,242.0,74.0,133.0,135.0
42371,238.0,68.0,141.0,126.0
42372,230.0,132.0,132.0,124.0
42373,258.0,93.0,142.0,141.0
42374,267.0,216.0,151.0,151.0
42375,230.0,113.0,127.0,139.0
42376,235.0,200.0,131.0,135.0
42377,262.0,262.0,158.0,139.0
42378,242.0,155.0,142.0,144.0
42379,261.0,211.0,149.0,149.0
42380,248.0,121.0,135.0,138.0
42381,258.0,222.0,150.0,121.0
42382,273.0,140.0,163.0,167.0
42383,229.0,125.0,123.0,132.0
42384,246.0,114.0,146.0,130.0
42385,260.0,114.0,147.0,135.0
42386,249.0,134.0,127.0,148.0
42387,252.0,100.0,144.0,136.0
42388,257.0,113.0,144.0,138.0
42389,247.0,239.0,146.0,139.0
42390,266.0,231.0,151.0,139.0
42391,260.0,211.0,144.0,151.0
42392,251.0,110.0,149.0,140.0
42393,232.0,151.0,127.0,123.0
42394,247.0,137.0,138.0,135.0
42395,242.0,74.0,136.0,136.0
42396,255.0,116.0,158.0,141.0
42397,237.0,198.0,135.0,132.0
42398,263.0,91.0,147.0,138.0
42399,254.0,217.0,147.0,125.0
42400,251.0,89.0,151.0,135.0
42401,262.0,218.0,155.0,144.0
42402,259.0,216.0,136.0,140.0
42403,257.0,198.0,160.0,141.0
42404,240.0,96.0,134.0,132.0
42405,218.0,79.0,127.0,135.0
42406,266.0,215.0,156.0,155.0
42407,271.0,152.0,150.0,159.0
42408,265.0,118.0,153.0,154.0
42409,256.0,254.0,155.0,143.0
42410,239.0,91.0,142.0,133.0
42411,240.0,121.0,125.0,137.0
42412,257.0,218.0,130.0,137.0
42413,252.0,128.0,151.0,140.0
42414,247.0,101.0,140.0,136.0
42415,243.0,206.0,119.0,147.0
42416,259.0,257.0,153.0,146.0
42417,220.0,198.0,115.0,116.0
42418,281.0,185.0,151.0,169.0
42419,245.0,88.0,143.0,130.0
42420,232.0,110.0,141.0,141.0
42421,242.0,81.0,145.0,130.0
42422,252.0,95.0,148.0,155.0
42423,262.0,225.0,144.0,145.0
42424,262.0,130.0,160.0,145.0
42425,257.0,90.0,135.0,134.0
42426,260.0,208.0,143.0,147.0
42427,276.0,264.0,155.0,135.0
42428,260.0,99.0,140.0,148.0
42429,246.0,105.0,125.0,125.0
42430,267.0,174.0,138.0,169.0
42431,278.0,129.0,156.0,165.0
42432,245.0,111.0,129.0,139.0
42433,248.0,82.0,157.0,131.0
42434,250.0,59.0,135.0,153.0
42435,254.0,55.0,155.0,148.0
42436,247.0,215.0,116.0,157.0
42437,263.0,77.0,141.0,142.0
42438,271.0,84.0,165.0,139.0
42439,256.0,216.0,163.0,143.0
42440,240.0,64.0,123.0,129.0
42441,222.0,88.0,120.0,112.0
42442,253.0,94.0,142.0,151.0
42443,246.0,137.0,136.0,130.0
42444,252.0,91.0,140.0,139.0
42445,240.0,195.0,144.0,131.0
42446,249.0,114.0,154.0,139.0
42447,241.0,95.0,125.0,137.0
42448,256.0,131.0,140.0,138.0
42449,234.0,152.0,133.0,127.0
42450,241.0,112.0,133.0,134.0
42451,264.0,231.0,155.0,158.0
42452,255.0,140.0,144.0,146.0
42453,246.0,136.0,137.0,135.0
42454,249.0,113.0,125.0,156.0
42455,247.0,117.0,138.0,144.0
42456,256.0,229.0,135.0,138.0
42457,246.0,170.0,143.0,139.0
42458,239.0,108.0,129.0,119.0
42459,254.0,212.0,131.0,149.0
42460,250.0,100.0,131.0,139.0
42461,255.0,252.0,132.0,154.0
42462,256.0,113.0,126.0,144.0
42463,262.0,118.0,142.0,156.0
42464,267.0,265.0,152.0,169.0
42465,249.0,128.0,147.0,142.0
42466,262.0,107.0,144.0,152.0
42467,266.0,158.0,166.0,144.0
42468,255.0,138.0,149.0,128.0
42469,252.0,252.0,163.0,138.0
42470,233.0,132.0,125.0,134.0
42471,242.0,215.0,141.0,127.0
42472,249.0,131.0,142.0,134.0
42473,238.0,78.0,143.0,135.0
42474,237.0,105.0,130.0,145.0
42475,249.0,112.0,153.0,142.0
42476,264.0,120.0,140.0,133.0
42477,235.0,113.0,142.0,124.0
42478,266.0,235.0,149.0,143.0
42479,265.0,255.0,156.0,145.0
42480,260.0,128.0,148.0,141.0
42481,263.0,256.0,135.0,155.0
42482,243.0,66.0,128.0,137.0
42483,224.0,133.0,129.0,130.0
42484,253.0,217.0,129.0,140.0
42485,261.0,230.0,143.0,142.0
42486,244.0,216.0,131.0,136.0
42487,258.0,122.0,143.0,143.0
42488,280.0,151.0,146.0,171.0
42489,271.0,143.0,144.0,155.0
42490,249.0,208.0,138.0,132.0
42491,251.0,213.0,133.0,143.0
42492,268.0,238.0,163.0,153.0
42493,239.0,209.0,128.0,133.0
42494,248.0,83.0,133.0,145.0
42495,238.0,211.0,135.0,147.0
42496,226.0,102.0,124.0,132.0
42497,242.0,119.0,150.0,141.0
42498,254.0,129.0,141.0,148.0
42499,252.0,110.0,144.0,140.0
42500,261.0,137.0,151.0,153.0
42501,252.0,80.0,151.0,146.0
42502,239.0,84.0,146.0,126.0
42503,257.0,201.0,140.0,157.0
42504,227.0,112.0,121.0,123.0
42505,256.0,217.0,147.0,144.0
42506,274.0,126.0,151.0,131.0
42507,263.0,83.0,163.0,143.0
42508,251.0,133.0,134.0,124.0
42509,248.0,83.0,123.0,137.0
42510,265.0,236.0,160.0,147.0
42511,243.0,239.0,140.0,138.0
42512,249.0,207.0,150.0,134.0
42513,242.0,199.0,140.0,140.0
42514,261.0,80.0,142.0,141.0
42515,250.0,99.0,136.0,146.0
42516,254.0,224.0,142.0,146.0
42517,235.0,210.0,127.0,130.0
42518,258.0,93.0,140.0,153.0
42519,259.0,155.0,137.0,142.0
42520,239.0,99.0,128.0,135.0
42521,251.0,235.0,120.0,125.0
42522,274.0,89.0,157.0,165.0
42523,242.0,56.0,139.0,141.0
42524,286.0,76.0,167.0,161.0
42525,235.0,201.0,137.0,147.0
42526,250.0,207.0,131.0,135.0
42527,250.0,63.0,135.0,147.0
42528,262.0,104.0,147.0,164.0
42529,257.0,106.0,142.0,146.0
42530,249.0,248.0,156.0,144.0
42531,245.0,95.0,141.0,142.0
42532,211.0,176.0,122.0,117.0
42533,280.0,109.0,153.0,165.0
42534,226.0,105.0,130.0,125.0
42535,255.0,93.0,141.0,156.0
42536,272.0,245.0,163.0,148.0
42537,242.0,85.0,147.0,124.0
42538,234.0,102.0,119.0,123.0
42539,252.0,77.0,151.0,144.0
42540,240.0,107.0,129.0,137.0
42541,271.0,244.0,141.0,145.0
42542,276.0,125.0,161.0,134.0
42543,258.0,257.0,152.0,149.0
42544,242.0,205.0,136.0,136.0
42545,262.0,134.0,149.0,139.0
42546,274.0,100.0,147.0,150.0
42547,261.0,118.0,142.0,159.0
42548,230.0,152.0,132.0,121.0
42549,240.0,151.0,144.0,136.0
42550,255.0,121.0,150.0,157.0
42551,239.0,85.0,136.0,127.0
42552,272.0,135.0,142.0,145.0
42553,244.0,214.0,145.0,138.0
42554,237.0,106.0,130.0,131.0
42555,265.0,113.0,138.0,152.0
42556,250.0,119.0,138.0,156.0
42557,261.0,152.0,149.0,153.0
42558,246.0,223.0,123.0,137.0
42559,237.0,197.0,126.0,125.0
42560,262.0,213.0,131.0,141.0
42561,242.0,74.0,137.0,146.0
42562,250.0,221.0,131.0,152.0
42563,250.0,86.0,136.0,139.0
42564,237.0,104.0,141.0,128.0
42565,249.0,204.0,143.0,148.0
42566,250.0,113.0,151.0,150.0
42567,266.0,70.0,140.0,137.0
42568,244.0,77.0,138.0,126.0
42569,245.0,88.0,135.0,140.0
42570,248.0,92.0,149.0,143.0
42571,246.0,170.0,132.0,141.0
42572,260.0,146.0,141.0,147.0
42573,239.0,109.0,148.0,131.0
42574,215.0,194.0,108.0,124.0
42575,281.0,105.0,154.0,158.0
42576,247.0,223.0,130.0,133.0
42577,258.0,78.0,143.0,143.0
42578,258.0,228.0,147.0,147.0
42579,266.0,224.0,151.0,140.0
42580,256.0,125.0,147.0,150.0
42581,251.0,132.0,139.0,137.0
42582,251.0,105.0,141.0,147.0
42583,260.0,235.0,139.0,144.0
42584,253.0,144.0,127.0,149.0
42585,252.0,91.0,140.0,157.0
42586,260.0,121.0,147.0,153.0
42587,245.0,68.0,146.0,120.0
42588,269.0,169.0,145.0,142.0
42589,242.0,102.0,125.0,129.0
42590,260.0,239.0,148.0,144.0
42591,258.0,84.0,143.0,133.0
42592,253.0,185.0,137.0,146.0
42593,263.0,113.0,157.0,150.0
42594,220.0,128.0,126.0,136.0
42595,244.0,112.0,152.0,131.0
42596,226.0,124.0,118.0,127.0
42597,264.0,153.0,153.0,155.0
42598,241.0,85.0,143.0,147.0
42599,251.0,221.0,132.0,134.0
42600,237.0,69.0,133.0,147.0
42601,260.0,48.0,141.0,140.0
42602,241.0,105.0,131.0,135.0
42603,232.0,70.0,128.0,123.0
42604,264.0,241.0,153.0,171.0
42605,231.0,163.0,147.0,147.0
42606,254.0,98.0,120.0,151.0
42607,258.0,85.0,141.0,158.0
42608,252.0,231.0,135.0,133.0
42609,235.0,95.0,122.0,127.0
42610,235.0,87.0,132.0,148.0
42611,255.0,151.0,145.0,134.0
42612,277.0,242.0,150.0,153.0
42613,240.0,132.0,134.0,125.0
42614,260.0,156.0,147.0,151.0
42615,252.0,80.0,138.0,132.0
42616,245.0,140.0,146.0,139.0
42617,241.0,227.0,145.0,131.0
42618,270.0,244.0,152.0,155.0
42619,270.0,132.0,158.0,156.0
42620,242.0,107.0,131.0,137.0
42621,258.0,213.0,144.0,137.0
42622,256.0,110.0,151.0,138.0
42623,260.0,151.0,162.0,137.0
42624,246.0,96.0,129.0,131.0
42625,247.0,110.0,153.0,143.0
42626,248.0,214.0,124.0,152.0
42627,240.0,77.0,127.0,148.0
42628,258.0,98.0,153.0,139.0
42629,221.0,120.0,132.0,126.0
42630,242.0,233.0,148.0,152.0
42631,241.0,78.0,122.0,135.0
42632,254.0,103.0,139.0,141.0
42633,272.0,152.0,149.0,149.0
42634,269.0,144.0,156.0,155.0
42635,233.0,197.0,140.0,126.0
42636,237.0,102.0,117.0,130.0
42637,248.0,114.0,149.0,138.0
42638,247.0,87.0,142.0,133.0
42639,259.0,77.0,145.0,144.0
42640,224.0,224.0,140.0,126.0
42641,259.0,223.0,155.0,150.0
42642,223.0,95.0,118.0,128.0
42643,256.0,213.0,142.0,133.0
42644,235.0,103.0,132.0,132.0
42645,266.0,120.0,149.0,169.0
42646,238.0,112.0,133.0,119.0
42647,275.0,230.0,145.0,149.0
42648,263.0,218.0,147.0,154.0
42649,262.0,119.0,161.0,150.0
42650,228.0,199.0,124.0,126.0
42651,246.0,92.0,134.0,130.0
42652,256.0,83.0,138.0,164.0
42653,260.0,140.0,145.0,147.0
42654,247.0,116.0,148.0,140.0
42655,245.0,158.0,143.0,136.0
42656,260.0,87.0,158.0,151.0
42657,259.0,106.0,155.0,146.0
42658,255.0,143.0,147.0,154.0
42659,266.0,113.0,161.0,163.0
42660,214.0,96.0,125.0,119.0
42661,245.0,208.0,136.0,132.0
42662,240.0,67.0,147.0,139.0
42663,272.0,115.0,159.0,144.0
42664,275.0,235.0,135.0,152.0
42665,277.0,128.0,152.0,154.0
42666,244.0,232.0,131.0,144.0
42667,244.0,232.0,136.0,134.0
42668,240.0,78.0,122.0,137.0
42669,240.0,210.0,141.0,126.0
42670,246.0,93.0,131.0,128.0
42671,255.0,224.0,146.0,142.0
42672,248.0,124.0,141.0,149.0
42673,266.0,137.0,132.0,145.0
42674,272.0,125.0,160.0,139.0
42675,246.0,100.0,141.0,144.0
42676,271.0,234.0,171.0,169.0
42677,245.0,94.0,135.0,144.0
42678,227.0,198.0,120.0,128.0
42679,240.0,235.0,135.0,130.0
42680,224.0,92.0,128.0,131.0
42681,232.0,102.0,135.0,136.0
42682,242.0,133.0,134.0,134.0
42683,260.0,223.0,154.0,149.0
42684,250.0,92.0,143.0,153.0
42685,276.0,150.0,158.0,145.0
42686,240.0,78.0,146.0,123.0
42687,247.0,74.0,139.0,130.0
42688,241.0,70.0,127.0,127.0
42689,271.0,137.0,151.0,154.0
42690,264.0,247.0,144.0,145.0
42691,247.0,98.0,143.0,121.0
42692,250.0,150.0,133.0,144.0
42693,266.0,171.0,144.0,154.0
42694,271.0,116.0,154.0,148.0
42695,257.0,223.0,154.0,135.0
42696,241.0,90.0,131.0,134.0
42697,239.0,213.0,136.0,138.0
42698,271.0,184.0,160.0,153.0
42699,247.0,97.0,151.0,126.0
42700,270.0,117.0,153.0,158.0
42701,258.0,120.0,147.0,136.0
42702,249.0,215.0,139.0,139.0
42703,239.0,90.0,140.0,138.0
42704,240.0,94.0,113.0,117.0
42705,234.0,84.0,131.0,122.0
42706,276.0,248.0,158.0,154.0
42707,235.0,205.0,121.0,136.0
42708,273.0,129.0,153.0,154.0
42709,287.0,146.0,144.0,161.0
42710,236.0,81.0,131.0,130.0
42711,242.0,119.0,147.0,134.0
42712,247.0,213.0,139.0,131.0
42713,276.0,232.0,165.0,151.0
42714,257.0,226.0,146.0,151.0
42715,248.0,217.0,137.0,128.0
42716,239.0,217.0,151.0,138.0
42717,265.0,155.0,146.0,139.0
42718,272.0,183.0,144.0,154.0
42719,249.0,167.0,131.0,137.0
42720,253.0,142.0,143.0,135.0
42721,253.0,157.0,138.0,144.0
42722,270.0,83.0,160.0,153.0
42723,221.0,177.0,139.0,124.0
42724,240.0,101.0,125.0,149.0
42725,272.0,226.0,160.0,153.0
42726,270.0,244.0,149.0,151.0
42727,267.0,242.0,143.0,145.0
42728,228.0,81.0,111.0,128.0
42729,228.0,142.0,135.0,138.0
42730,266.0,113.0,160.0,155.0
42731,246.0,96.0,141.0,134.0
42732,247.0,131.0,148.0,141.0
42733,236.0,121.0,128.0,134.0
42734,261.0,105.0,147.0,152.0
42735,221.0,178.0,128.0,134.0
42736,239.0,121.0,146.0,130.0
42737,233.0,194.0,122.0,138.0
42738,259.0,236.0,142.0,160.0
42739,249.0,240.0,137.0,144.0
42740,268.0,221.0,146.0,151.0
42741,252.0,250.0,135.0,145.0
42742,268.0,112.0,155.0,152.0
42743,228.0,203.0,140.0,133.0
42744,253.0,120.0,152.0,142.0
42745,249.0,132.0,123.0,139.0
42746,242.0,207.0,149.0,139.0
42747,253.0,217.0,143.0,140.0
42748,252.0,99.0,140.0,146.0
42749,251.0,105.0,149.0,119.0
42750,254.0,109.0,149.0,146.0
42751,261.0,105.0,162.0,142.0
42752,248.0,102.0,138.0,126.0
42753,256.0,169.0,156.0,161.0
42754,255.0,107.0,142.0,131.0
42755,242.0,110.0,150.0,146.0
42756,243.0,95.0,133.0,141.0
42757,257.0,126.0,136.0,151.0
42758,228.0,84.0,122.0,142.0
42759,234.0,112.0,132.0,121.0
42760,246.0,234.0,154.0,134.0
42761,245.0,113.0,130.0,138.0
42762,254.0,114.0,136.0,141.0
42763,276.0,52.0,167.0,146.0
42764,268.0,111.0,163.0,146.0
42765,230.0,230.0,129.0,118.0
42766,247.0,246.0,153.0,145.0
42767,247.0,109.0,143.0,130.0
42768,259.0,88.0,143.0,139.0
42769,221.0,121.0,115.0,114.0
42770,257.0,115.0,149.0,143.0
42771,238.0,201.0,160.0,142.0
42772,259.0,201.0,159.0,132.0
42773,236.0,125.0,128.0,135.0
42774,254.0,123.0,140.0,132.0
42775,261.0,237.0,147.0,149.0
42776,243.0,90.0,138.0,141.0
42777,238.0,198.0,139.0,140.0
42778,234.0,130.0,133.0,143.0
42779,241.0,203.0,134.0,141.0
42780,260.0,163.0,140.0,135.0
42781,260.0,103.0,153.0,136.0
42782,240.0,234.0,132.0,129.0
42783,242.0,101.0,139.0,130.0
42784,255.0,129.0,136.0,138.0
42785,249.0,127.0,153.0,122.0
42786,251.0,240.0,152.0,132.0
42787,248.0,56.0,144.0,147.0
42788,247.0,107.0,147.0,142.0
42789,234.0,148.0,120.0,148.0
42790,255.0,116.0,146.0,137.0
42791,250.0,211.0,159.0,145.0
42792,256.0,93.0,143.0,143.0
42793,238.0,110.0,143.0,122.0
42794,249.0,102.0,144.0,134.0
42795,268.0,246.0,154.0,147.0
42796,248.0,124.0,133.0,147.0
42797,252.0,252.0,148.0,142.0
42798,265.0,122.0,157.0,139.0
42799,243.0,117.0,140.0,144.0
42800,253.0,140.0,149.0,139.0
42801,274.0,246.0,153.0,150.0
42802,224.0,111.0,128.0,132.0
42803,252.0,248.0,147.0,142.0
42804,258.0,85.0,137.0,152.0
42805,229.0,88.0,127.0,130.0
42806,245.0,211.0,139.0,145.0
42807,255.0,87.0,143.0,146.0
42808,261.0,98.0,138.0,146.0
42809,263.0,118.0,148.0,155.0
42810,240.0,205.0,129.0,147.0
42811,262.0,214.0,147.0,144.0
42812,236.0,41.0,137.0,149.0
42813,260.0,123.0,130.0,144.0
42814,254.0,71.0,141.0,150.0
42815,252.0,132.0,146.0,139.0
42816,254.0,136.0,137.0,149.0
42817,262.0,233.0,139.0,157.0
42818,260.0,104.0,135.0,163.0
42819,237.0,204.0,134.0,133.0
42820,250.0,109.0,131.0,145.0
42821,247.0,217.0,135.0,130.0
42822,254.0,33.0,136.0,149.0
42823,248.0,231.0,134.0,137.0
42824,269.0,115.0,148.0,149.0
42825,256.0,82.0,150.0,139.0
42826,241.0,99.0,135.0,134.0
42827,259.0,217.0,145.0,146.0
42828,241.0,199.0,127.0,133.0
42829,257.0,119.0,121.0,151.0
42830,253.0,205.0,140.0,130.0
42831,249.0,242.0,147.0,142.0
42832,271.0,172.0,158.0,164.0
42833,286.0,89.0,163.0,167.0
42834,241.0,96.0,148.0,135.0
42835,258.0,106.0,133.0,153.0
42836,263.0,91.0,152.0,141.0
42837,272.0,250.0,164.0,141.0
42838,231.0,202.0,144.0,121.0
42839,246.0,210.0,130.0,134.0
42840,248.0,112.0,134.0,141.0
42841,248.0,207.0,122.0,136.0
42842,261.0,119.0,154.0,155.0
42843,254.0,143.0,130.0,130.0
42844,264.0,233.0,155.0,152.0
42845,249.0,249.0,150.0,135.0
42846,250.0,133.0,151.0,136.0
42847,251.0,130.0,151.0,143.0
42848,243.0,194.0,130.0,131.0
42849,263.0,184.0,134.0,152.0
42850,262.0,136.0,144.0,141.0
42851,242.0,209.0,130.0,160.0
42852,255.0,214.0,136.0,142.0
42853,259.0,105.0,155.0,129.0
42854,248.0,210.0,156.0,139.0
42855,263.0,124.0,135.0,156.0
42856,232.0,201.0,127.0,134.0
42857,256.0,220.0,150.0,147.0
42858,244.0,228.0,137.0,125.0
42859,226.0,109.0,136.0,128.0
42860,242.0,88.0,138.0,147.0
42861,254.0,219.0,147.0,132.0
42862,257.0,117.0,141.0,141.0
42863,267.0,140.0,160.0,156.0
42864,268.0,120.0,166.0,154.0
42865,242.0,114.0,130.0,137.0
42866,263.0,123.0,144.0,155.0
42867,259.0,175.0,140.0,152.0
42868,218.0,155.0,125.0,120.0
42869,246.0,89.0,142.0,143.0
42870,222.0,110.0,118.0,115.0
42871,250.0,124.0,148.0,149.0
42872,254.0,213.0,141.0,151.0
42873,255.0,214.0,138.0,136.0
42874,247.0,217.0,140.0,140.0
42875,254.0,90.0,136.0,145.0
42876,254.0,214.0,159.0,156.0
42877,266.0,175.0,141.0,157.0
42878,250.0,112.0,143.0,141.0
42879,255.0,231.0,146.0,166.0
42880,244.0,132.0,124.0,144.0
42881,238.0,200.0,137.0,136.0
42882,238.0,95.0,138.0,136.0
42883,247.0,150.0,132.0,150.0
42884,234.0,118.0,139.0,121.0
42885,254.0,231.0,153.0,135.0
42886,244.0,219.0,125.0,144.0
42887,279.0,122.0,168.0,160.0
42888,234.0,194.0,125.0,134.0
42889,251.0,216.0,137.0,135.0
42890,238.0,120.0,136.0,136.0
42891,264.0,113.0,144.0,147.0
42892,246.0,200.0,139.0,132.0
42893,241.0,229.0,110.0,148.0
42894,252.0,107.0,139.0,143.0
42895,258.0,225.0,129.0,148.0
42896,248.0,61.0,123.0,125.0
42897,259.0,227.0,138.0,145.0
42898,243.0,130.0,137.0,147.0
42899,224.0,79.0,123.0,122.0
42900,255.0,130.0,142.0,143.0
42901,238.0,101.0,128.0,145.0
42902,247.0,103.0,159.0,144.0
42903,237.0,98.0,139.0,135.0
42904,243.0,106.0,137.0,141.0
42905,243.0,101.0,128.0,145.0
42906,229.0,138.0,127.0,143.0
42907,267.0,100.0,150.0,153.0
42908,269.0,224.0,158.0,140.0
42909,243.0,203.0,136.0,137.0
42910,260.0,118.0,137.0,140.0
42911,251.0,210.0,134.0,132.0
42912,267.0,126.0,152.0,153.0
42913,259.0,259.0,145.0,160.0
42914,237.0,150.0,134.0,138.0
42915,246.0,208.0,139.0,130.0
42916,253.0,116.0,135.0,144.0
42917,224.0,223.0,127.0,111.0
42918,251.0,118.0,143.0,165.0
42919,247.0,223.0,146.0,129.0
42920,231.0,190.0,135.0,122.0
42921,248.0,120.0,129.0,153.0
42922,268.0,154.0,176.0,141.0
42923,247.0,58.0,143.0,140.0
42924,235.0,195.0,136.0,131.0
42925,274.0,110.0,148.0,138.0
42926,233.0,206.0,142.0,132.0
42927,274.0,87.0,167.0,130.0
42928,247.0,122.0,136.0,136.0
42929,272.0,236.0,159.0,150.0
42930,261.0,197.0,160.0,138.0
42931,269.0,116.0,152.0,144.0
42932,245.0,203.0,133.0,147.0
42933,237.0,81.0,142.0,132.0
42934,242.0,94.0,137.0,129.0
42935,262.0,144.0,151.0,138.0
42936,248.0,228.0,142.0,136.0
42937,249.0,236.0,140.0,147.0
42938,248.0,226.0,149.0,157.0
42939,248.0,83.0,144.0,135.0
42940,238.0,158.0,127.0,129.0
42941,242.0,221.0,126.0,132.0
42942,271.0,230.0,140.0,166.0
42943,246.0,134.0,125.0,145.0
42944,249.0,87.0,143.0,134.0
42945,231.0,79.0,130.0,133.0
42946,253.0,118.0,137.0,137.0
42947,248.0,80.0,134.0,149.0
42948,252.0,132.0,150.0,142.0
42949,269.0,68.0,154.0,147.0
42950,251.0,214.0,142.0,146.0
42951,234.0,172.0,134.0,130.0
42952,256.0,88.0,134.0,148.0
42953,246.0,157.0,137.0,133.0
42954,227.0,190.0,131.0,109.0
42955,264.0,96.0,138.0,151.0
42956,266.0,151.0,145.0,151.0
42957,258.0,135.0,143.0,141.0
42958,275.0,218.0,163.0,152.0
42959,261.0,81.0,143.0,152.0
42960,266.0,224.0,137.0,144.0
42961,244.0,207.0,153.0,137.0
42962,256.0,143.0,152.0,131.0
42963,258.0,126.0,145.0,146.0
42964,233.0,115.0,123.0,125.0
42965,261.0,114.0,159.0,151.0
42966,250.0,218.0,138.0,145.0
42967,249.0,144.0,140.0,143.0
42968,251.0,116.0,125.0,144.0
42969,233.0,85.0,118.0,130.0
42970,261.0,159.0,146.0,140.0
42971,249.0,49.0,139.0,138.0
42972,250.0,245.0,155.0,144.0
42973,240.0,112.0,130.0,124.0
42974,270.0,121.0,149.0,151.0
42975,257.0,110.0,141.0,143.0
42976,255.0,166.0,148.0,152.0
42977,264.0,224.0,123.0,153.0
42978,259.0,139.0,144.0,134.0
42979,233.0,98.0,138.0,134.0
42980,239.0,84.0,138.0,152.0
42981,278.0,227.0,161.0,171.0
42982,233.0,118.0,131.0,130.0
42983,267.0,103.0,150.0,166.0
42984,245.0,92.0,151.0,144.0
42985,244.0,239.0,138.0,141.0
42986,275.0,112.0,163.0,144.0
42987,270.0,176.0,141.0,159.0
42988,281.0,253.0,137.0,171.0
42989,230.0,210.0,136.0,129.0
42990,262.0,229.0,143.0,148.0
42991,283.0,110.0,160.0,163.0
42992,256.0,95.0,140.0,126.0
42993,232.0,81.0,129.0,127.0
42994,250.0,131.0,129.0,144.0
42995,279.0,132.0,161.0,154.0
42996,257.0,236.0,143.0,154.0
42997,238.0,89.0,140.0,138.0
42998,249.0,205.0,141.0,133.0
42999,253.0,137.0,143.0,139.0
43000,244.0,85.0,139.0,146.0
43001,251.0,122.0,148.0,125.0
43002,245.0,92.0,130.0,139.0
43003,263.0,229.0,141.0,155.0
43004,246.0,213.0,133.0,139.0
43005,245.0,118.0,154.0,145.0
43006,226.0,189.0,136.0,139.0
43007,241.0,84.0,156.0,146.0
43008,250.0,203.0,137.0,136.0
43009,253.0,127.0,143.0,137.0
43010,257.0,220.0,159.0,159.0
43011,209.0,79.0,113.0,109.0
43012,244.0,119.0,127.0,116.0
43013,249.0,96.0,132.0,136.0
43014,254.0,78.0,153.0,125.0
43015,260.0,219.0,166.0,148.0
43016,256.0,97.0,149.0,130.0
43017,264.0,136.0,139.0,152.0
43018,266.0,140.0,137.0,163.0
43019,249.0,215.0,143.0,148.0
43020,266.0,221.0,146.0,172.0
43021,222.0,180.0,123.0,118.0
43022,251.0,84.0,142.0,133.0
43023,242.0,217.0,143.0,151.0
43024,251.0,157.0,124.0,144.0
43025,259.0,222.0,161.0,147.0
43026,252.0,108.0,134.0,143.0
43027,253.0,90.0,138.0,146.0
43028,247.0,147.0,129.0,140.0
43029,259.0,134.0,141.0,165.0
43030,275.0,110.0,143.0,162.0
43031,268.0,71.0,146.0,139.0
43032,269.0,149.0,148.0,170.0
43033,254.0,131.0,152.0,143.0
43034,274.0,100.0,168.0,157.0
43035,264.0,99.0,147.0,152.0
43036,248.0,219.0,145.0,132.0
43037,263.0,230.0,147.0,152.0
43038,254.0,77.0,143.0,145.0
43039,245.0,122.0,152.0,132.0
43040,257.0,108.0,149.0,138.0
43041,272.0,148.0,153.0,157.0
43042,236.0,213.0,130.0,138.0
43043,241.0,79.0,131.0,131.0
43044,255.0,88.0,145.0,151.0
43045,250.0,154.0,135.0,133.0
43046,257.0,121.0,144.0,138.0
43047,251.0,107.0,149.0,143.0
43048,253.0,127.0,146.0,143.0
43049,262.0,233.0,153.0,139.0
43050,252.0,218.0,135.0,131.0
43051,237.0,182.0,131.0,129.0
43052,244.0,101.0,134.0,137.0
43053,256.0,82.0,137.0,143.0
43054,229.0,72.0,119.0,128.0
43055,245.0,100.0,153.0,136.0
43056,241.0,209.0,126.0,138.0
43057,256.0,106.0,147.0,144.0
43058,255.0,238.0,145.0,153.0
43059,240.0,155.0,130.0,135.0
43060,233.0,89.0,135.0,138.0
43061,248.0,221.0,132.0,143.0
43062,284.0,113.0,148.0,166.0
43063,218.0,217.0,120.0,110.0
43064,251.0,122.0,143.0,149.0
43065,225.0,96.0,121.0,128.0
43066,238.0,88.0,136.0,134.0
43067,226.0,100.0,137.0,128.0
43068,271.0,89.0,161.0,157.0
43069,252.0,109.0,152.0,141.0
43070,217.0,131.0,112.0,120.0
43071,251.0,235.0,150.0,138.0
43072,264.0,260.0,143.0,142.0
43073,263.0,206.0,154.0,139.0
43074,252.0,109.0,141.0,136.0
43075,256.0,121.0,127.0,142.0
43076,238.0,129.0,125.0,148.0
43077,254.0,118.0,139.0,140.0
43078,245.0,94.0,151.0,135.0
43079,261.0,116.0,149.0,149.0
43080,253.0,121.0,157.0,152.0
43081,241.0,194.0,150.0,139.0
43082,248.0,117.0,134.0,122.0
43083,231.0,131.0,131.0,114.0
43084,227.0,217.0,119.0,136.0
43085,250.0,240.0,134.0,133.0
43086,272.0,167.0,166.0,160.0
43087,254.0,113.0,156.0,135.0
43088,236.0,107.0,132.0,139.0
43089,237.0,150.0,124.0,133.0
43090,269.0,204.0,142.0,143.0
43091,250.0,121.0,147.0,157.0
43092,264.0,138.0,140.0,148.0
43093,244.0,91.0,139.0,129.0
43094,254.0,208.0,140.0,133.0
43095,257.0,225.0,121.0,142.0
43096,271.0,148.0,146.0,144.0
43097,233.0,93.0,135.0,127.0
43098,249.0,72.0,143.0,151.0
43099,271.0,220.0,150.0,148.0
43100,237.0,132.0,138.0,135.0
43101,207.0,206.0,121.0,121.0
43102,242.0,123.0,121.0,140.0
43103,257.0,144.0,152.0,131.0
43104,269.0,167.0,140.0,145.0
43105,255.0,135.0,133.0,132.0
43106,259.0,167.0,136.0,159.0
43107,235.0,140.0,117.0,122.0
43108,249.0,70.0,142.0,136.0
43109,250.0,215.0,157.0,152.0
43110,265.0,131.0,143.0,139.0
43111,255.0,217.0,143.0,150.0
43112,257.0,221.0,144.0,152.0
43113,269.0,119.0,131.0,155.0
43114,239.0,205.0,141.0,127.0
43115,239.0,125.0,135.0,126.0
43116,239.0,86.0,127.0,135.0
43117,246.0,142.0,132.0,142.0
43118,227.0,200.0,133.0,134.0
43119,259.0,141.0,152.0,130.0
43120,235.0,34.0,137.0,116.0
43121,260.0,237.0,144.0,138.0
43122,242.0,241.0,137.0,137.0
43123,278.0,176.0,174.0,157.0
43124,271.0,259.0,156.0,154.0
43125,255.0,144.0,144.0,141.0
43126,262.0,114.0,148.0,153.0
43127,257.0,135.0,149.0,145.0
43128,246.0,110.0,142.0,132.0
43129,249.0,228.0,144.0,154.0
43130,264.0,112.0,156.0,141.0
43131,274.0,241.0,151.0,150.0
43132,209.0,205.0,128.0,127.0
43133,238.0,85.0,130.0,138.0
43134,236.0,85.0,138.0,113.0
43135,268.0,162.0,148.0,138.0
43136,267.0,154.0,160.0,142.0
43137,255.0,87.0,135.0,150.0
43138,260.0,256.0,168.0,156.0
43139,259.0,124.0,145.0,142.0
43140,257.0,110.0,125.0,155.0
43141,273.0,132.0,161.0,150.0
43142,212.0,53.0,122.0,118.0
43143,255.0,122.0,130.0,139.0
43144,262.0,84.0,146.0,159.0
43145,277.0,131.0,147.0,154.0
43146,239.0,87.0,152.0,131.0
43147,243.0,115.0,129.0,129.0
43148,261.0,185.0,151.0,157.0
43149,233.0,110.0,135.0,120.0
43150,275.0,82.0,177.0,153.0
43151,270.0,110.0,145.0,139.0
43152,233.0,110.0,117.0,127.0
43153,227.0,124.0,126.0,125.0
43154,233.0,204.0,130.0,133.0
43155,272.0,131.0,168.0,163.0
43156,256.0,225.0,148.0,145.0
43157,239.0,216.0,142.0,131.0
43158,252.0,127.0,150.0,128.0
43159,248.0,138.0,153.0,142.0
43160,246.0,92.0,139.0,143.0
43161,238.0,154.0,124.0,129.0
43162,276.0,179.0,141.0,147.0
43163,278.0,224.0,157.0,154.0
43164,236.0,105.0,125.0,117.0
43165,254.0,85.0,129.0,149.0
43166,261.0,112.0,166.0,151.0
43167,236.0,134.0,136.0,130.0
43168,254.0,220.0,158.0,135.0
43169,253.0,81.0,135.0,134.0
43170,270.0,107.0,146.0,152.0
43171,246.0,92.0,142.0,142.0
43172,250.0,100.0,144.0,124.0
43173,263.0,143.0,144.0,152.0
43174,231.0,122.0,118.0,105.0
43175,235.0,156.0,141.0,143.0
43176,238.0,227.0,140.0,125.0
43177,272.0,132.0,155.0,139.0
43178,268.0,132.0,156.0,145.0
43179,222.0,71.0,131.0,124.0
43180,265.0,231.0,145.0,138.0
43181,246.0,105.0,133.0,145.0
43182,259.0,115.0,146.0,153.0
43183,238.0,72.0,145.0,122.0
43184,269.0,222.0,149.0,146.0
43185,261.0,245.0,147.0,137.0
43186,237.0,78.0,137.0,129.0
43187,262.0,109.0,157.0,162.0
43188,259.0,149.0,152.0,141.0
43189,251.0,139.0,131.0,144.0
43190,277.0,250.0,156.0,152.0
43191,254.0,217.0,153.0,144.0
43192,248.0,106.0,153.0,156.0
43193,252.0,127.0,149.0,154.0
43194,240.0,228.0,125.0,139.0
43195,228.0,197.0,130.0,126.0
43196,255.0,246.0,126.0,149.0
43197,267.0,95.0,157.0,149.0
43198,246.0,217.0,146.0,133.0
43199,230.0,188.0,134.0,131.0
43200,230.0,108.0,117.0,125.0
43201,269.0,101.0,154.0,156.0
43202,248.0,148.0,139.0,125.0
43203,243.0,158.0,135.0,138.0
43204,244.0,101.0,128.0,145.0
43205,265.0,113.0,150.0,146.0
43206,283.0,83.0,177.0,147.0
43207,258.0,154.0,166.0,147.0
43208,246.0,93.0,135.0,145.0
43209,231.0,199.0,131.0,125.0
43210,251.0,127.0,145.0,133.0
43211,243.0,92.0,136.0,124.0
43212,248.0,77.0,137.0,147.0
43213,240.0,147.0,143.0,127.0
43214,254.0,99.0,134.0,149.0
43215,233.0,201.0,121.0,126.0
43216,237.0,118.0,129.0,130.0
43217,224.0,193.0,126.0,118.0
43218,270.0,128.0,166.0,150.0
43219,250.0,69.0,133.0,131.0
43220,232.0,205.0,141.0,130.0
43221,252.0,208.0,123.0,139.0
43222,255.0,232.0,130.0,136.0
43223,244.0,82.0,129.0,147.0
43224,223.0,114.0,122.0,129.0
43225,239.0,112.0,133.0,138.0
43226,250.0,249.0,138.0,142.0
43227,259.0,100.0,150.0,141.0
43228,235.0,107.0,120.0,140.0
43229,253.0,234.0,136.0,156.0
43230,238.0,100.0,125.0,127.0
43231,260.0,135.0,150.0,135.0
43232,242.0,143.0,136.0,128.0
43233,240.0,140.0,145.0,138.0
43234,233.0,196.0,130.0,130.0
43235,239.0,73.0,121.0,126.0
43236,246.0,147.0,138.0,125.0
43237,264.0,60.0,160.0,160.0
43238,288.0,157.0,158.0,158.0
43239,253.0,158.0,137.0,151.0
43240,229.0,223.0,136.0,136.0
43241,246.0,118.0,125.0,130.0
43242,250.0,126.0,142.0,148.0
43243,234.0,204.0,129.0,131.0
43244,199.0,109.0,116.0,105.0
43245,230.0,99.0,133.0,133.0
43246,258.0,107.0,131.0,153.0
43247,261.0,155.0,151.0,153.0
43248,256.0,157.0,151.0,150.0
43249,247.0,235.0,150.0,140.0
43250,235.0,198.0,128.0,128.0
43251,246.0,138.0,138.0,139.0
43252,268.0,112.0,152.0,144.0
43253,226.0,193.0,120.0,128.0
43254,278.0,122.0,164.0,156.0
43255,262.0,141.0,133.0,136.0
43256,262.0,128.0,133.0,153.0
43257,250.0,97.0,140.0,138.0
43258,267.0,107.0,143.0,146.0
43259,221.0,180.0,130.0,121.0
43260,240.0,110.0,146.0,125.0
43261,249.0,141.0,140.0,137.0
43262,232.0,143.0,126.0,125.0
43263,258.0,128.0,144.0,141.0
43264,261.0,123.0,148.0,157.0
43265,224.0,187.0,135.0,137.0
43266,258.0,228.0,140.0,152.0
43267,240.0,210.0,130.0,131.0
43268,253.0,228.0,155.0,151.0
43269,243.0,210.0,140.0,127.0
43270,241.0,120.0,140.0,140.0
43271,272.0,194.0,165.0,156.0
43272,247.0,146.0,142.0,127.0
43273,234.0,153.0,131.0,133.0
43274,249.0,123.0,139.0,148.0
43275,265.0,146.0,136.0,146.0
43276,255.0,236.0,161.0,126.0
43277,250.0,103.0,126.0,138.0
43278,241.0,111.0,137.0,131.0
43279,261.0,160.0,152.0,151.0
43280,237.0,56.0,136.0,135.0
43281,255.0,172.0,146.0,134.0
43282,254.0,120.0,141.0,130.0
43283,220.0,103.0,119.0,130.0
43284,237.0,100.0,137.0,151.0
43285,271.0,129.0,153.0,137.0
43286,237.0,230.0,149.0,123.0
43287,229.0,143.0,133.0,141.0
43288,260.0,132.0,144.0,139.0
43289,232.0,215.0,134.0,144.0
43290,267.0,81.0,162.0,158.0
43291,258.0,226.0,152.0,156.0
43292,254.0,139.0,143.0,141.0
43293,231.0,115.0,131.0,141.0
43294,249.0,86.0,143.0,139.0
43295,253.0,86.0,133.0,130.0
43296,262.0,218.0,138.0,135.0
43297,249.0,68.0,136.0,143.0
43298,248.0,113.0,129.0,135.0
43299,263.0,226.0,138.0,150.0
43300,252.0,130.0,140.0,135.0
43301,264.0,225.0,153.0,153.0
43302,246.0,70.0,137.0,129.0
43303,225.0,193.0,122.0,128.0
43304,257.0,108.0,138.0,135.0
43305,240.0,148.0,140.0,135.0
43306,258.0,87.0,143.0,135.0
43307,245.0,124.0,140.0,128.0
43308,245.0,68.0,136.0,141.0
43309,280.0,94.0,154.0,152.0
43310,247.0,132.0,128.0,137.0
43311,237.0,204.0,131.0,119.0
43312,255.0,83.0,157.0,134.0
43313,243.0,154.0,135.0,123.0
43314,279.0,90.0,167.0,164.0
43315,263.0,215.0,140.0,131.0
43316,265.0,108.0,164.0,144.0
43317,241.0,96.0,143.0,143.0
43318,238.0,136.0,125.0,131.0
43319,238.0,210.0,121.0,138.0
43320,253.0,222.0,143.0,123.0
43321,251.0,217.0,147.0,138.0
43322,258.0,220.0,151.0,139.0
43323,245.0,83.0,131.0,133.0
43324,241.0,101.0,144.0,152.0
43325,247.0,103.0,132.0,134.0
43326,262.0,90.0,140.0,153.0
43327,233.0,194.0,133.0,125.0
43328,244.0,214.0,146.0,121.0
43329,250.0,107.0,122.0,142.0
43330,247.0,97.0,148.0,148.0
43331,266.0,221.0,141.0,153.0
43332,249.0,85.0,123.0,139.0
43333,264.0,226.0,145.0,141.0
43334,259.0,150.0,141.0,148.0
43335,253.0,178.0,154.0,149.0
43336,257.0,132.0,132.0,149.0
43337,244.0,104.0,130.0,117.0
43338,244.0,106.0,136.0,131.0
43339,256.0,159.0,141.0,147.0
43340,252.0,111.0,141.0,152.0
43341,241.0,237.0,141.0,140.0
43342,229.0,145.0,126.0,124.0
43343,248.0,103.0,135.0,129.0
43344,267.0,112.0,151.0,152.0
43345,232.0,114.0,131.0,126.0
43346,261.0,130.0,148.0,139.0
43347,265.0,230.0,144.0,151.0
43348,238.0,115.0,133.0,135.0
43349,242.0,111.0,139.0,132.0
43350,257.0,79.0,148.0,139.0
43351,228.0,195.0,127.0,124.0
43352,230.0,208.0,136.0,129.0
43353,235.0,235.0,133.0,125.0
43354,256.0,98.0,144.0,157.0
43355,241.0,148.0,142.0,134.0
43356,242.0,122.0,144.0,123.0
43357,271.0,120.0,156.0,159.0
43358,277.0,77.0,166.0,155.0
43359,227.0,81.0,132.0,119.0
43360,253.0,132.0,137.0,147.0
43361,267.0,126.0,134.0,158.0
43362,261.0,87.0,147.0,154.0
43363,263.0,250.0,158.0,156.0
43364,247.0,244.0,143.0,139.0
43365,271.0,109.0,156.0,134.0
43366,249.0,105.0,143.0,140.0
43367,233.0,111.0,149.0,126.0
43368,271.0,179.0,151.0,151.0
43369,243.0,113.0,131.0,148.0
43370,259.0,109.0,150.0,150.0
43371,242.0,206.0,151.0,155.0
43372,244.0,85.0,135.0,139.0
43373,257.0,147.0,154.0,147.0
43374,275.0,102.0,142.0,157.0
43375,258.0,110.0,139.0,149.0
43376,244.0,119.0,141.0,135.0
43377,230.0,125.0,124.0,141.0
43378,246.0,220.0,132.0,129.0
43379,247.0,141.0,132.0,125.0
43380,247.0,109.0,136.0,143.0
43381,270.0,105.0,142.0,151.0
43382,257.0,137.0,145.0,136.0
43383,279.0,220.0,161.0,151.0
43384,266.0,265.0,166.0,149.0
43385,242.0,117.0,142.0,135.0
43386,258.0,110.0,143.0,144.0
43387,247.0,88.0,135.0,151.0
43388,246.0,219.0,146.0,147.0
43389,243.0,209.0,127.0,145.0
43390,242.0,165.0,130.0,142.0
43391,260.0,233.0,134.0,146.0
43392,240.0,238.0,130.0,131.0
43393,274.0,272.0,143.0,161.0
43394,244.0,145.0,141.0,143.0
43395,231.0,85.0,130.0,129.0
43396,252.0,89.0,148.0,146.0
43397,256.0,76.0,140.0,142.0
43398,256.0,88.0,139.0,155.0
43399,217.0,194.0,124.0,124.0
43400,259.0,112.0,146.0,136.0
43401,248.0,203.0,147.0,151.0
43402,274.0,124.0,166.0,169.0
43403,245.0,137.0,143.0,127.0
43404,247.0,101.0,134.0,141.0
43405,235.0,168.0,131.0,143.0
43406,259.0,225.0,153.0,147.0
43407,242.0,205.0,134.0,144.0
43408,235.0,138.0,125.0,133.0
43409,256.0,207.0,156.0,155.0
43410,248.0,212.0,138.0,139.0
43411,214.0,98.0,123.0,139.0
43412,274.0,177.0,147.0,140.0
43413,265.0,205.0,162.0,150.0
43414,260.0,111.0,155.0,151.0
43415,233.0,199.0,124.0,130.0
43416,262.0,93.0,154.0,147.0
43417,267.0,229.0,168.0,159.0
43418,244.0,176.0,136.0,143.0
43419,234.0,104.0,139.0,128.0
43420,254.0,125.0,148.0,141.0
43421,256.0,235.0,134.0,140.0
43422,262.0,236.0,147.0,150.0
43423,245.0,210.0,141.0,137.0
43424,265.0,137.0,144.0,142.0
43425,247.0,98.0,139.0,135.0
43426,237.0,89.0,134.0,134.0
43427,245.0,109.0,143.0,137.0
43428,235.0,94.0,129.0,150.0
43429,266.0,97.0,129.0,157.0
43430,255.0,204.0,146.0,138.0
43431,255.0,111.0,153.0,143.0
43432,247.0,243.0,142.0,136.0
43433,233.0,122.0,116.0,127.0
43434,227.0,227.0,145.0,133.0
43435,248.0,96.0,127.0,138.0
43436,266.0,114.0,162.0,146.0
43437,241.0,151.0,142.0,126.0
43438,251.0,222.0,136.0,137.0
43439,248.0,116.0,145.0,139.0
43440,250.0,182.0,123.0,152.0
43441,243.0,197.0,151.0,140.0
43442,271.0,90.0,150.0,151.0
43443,281.0,86.0,157.0,160.0
43444,219.0,97.0,129.0,118.0
43445,239.0,119.0,124.0,126.0
43446,253.0,111.0,135.0,137.0
43447,243.0,88.0,140.0,139.0
43448,234.0,197.0,145.0,142.0
43449,262.0,116.0,143.0,144.0
43450,258.0,109.0,135.0,145.0
43451,249.0,94.0,139.0,136.0
43452,252.0,215.0,148.0,138.0
43453,262.0,118.0,131.0,155.0
43454,231.0,82.0,119.0,126.0
43455,271.0,225.0,154.0,157.0
43456,233.0,199.0,148.0,139.0
43457,258.0,170.0,130.0,141.0
43458,236.0,196.0,134.0,148.0
43459,267.0,108.0,146.0,156.0
43460,247.0,199.0,135.0,156.0
43461,240.0,66.0,127.0,145.0
43462,248.0,197.0,133.0,132.0
43463,255.0,110.0,139.0,135.0
43464,255.0,143.0,144.0,137.0
43465,225.0,88.0,129.0,132.0
43466,265.0,216.0,137.0,152.0
43467,230.0,104.0,131.0,119.0
43468,252.0,81.0,139.0,149.0
43469,245.0,105.0,117.0,145.0
43470,248.0,85.0,136.0,148.0
43471,219.0,91.0,119.0,132.0
43472,257.0,116.0,135.0,149.0
43473,267.0,223.0,169.0,158.0
43474,242.0,92.0,132.0,137.0
43475,257.0,251.0,158.0,144.0
43476,235.0,219.0,135.0,142.0
43477,261.0,236.0,156.0,152.0
43478,256.0,215.0,153.0,133.0
43479,254.0,106.0,125.0,140.0
43480,266.0,99.0,161.0,156.0
43481,246.0,216.0,140.0,133.0
43482,256.0,137.0,147.0,149.0
43483,269.0,161.0,158.0,148.0
43484,250.0,250.0,142.0,145.0
43485,237.0,63.0,150.0,144.0
43486,226.0,76.0,129.0,130.0
43487,247.0,110.0,147.0,140.0
43488,247.0,233.0,132.0,137.0
43489,250.0,95.0,151.0,133.0
43490,258.0,91.0,143.0,149.0
43491,240.0,119.0,124.0,133.0
43492,249.0,222.0,148.0,143.0
43493,250.0,92.0,136.0,151.0
43494,251.0,221.0,135.0,132.0
43495,237.0,207.0,141.0,140.0
43496,255.0,82.0,140.0,154.0
43497,263.0,224.0,160.0,137.0
43498,268.0,255.0,161.0,148.0
43499,263.0,255.0,157.0,153.0
43500,238.0,127.0,123.0,125.0
43501,272.0,132.0,152.0,155.0
43502,240.0,137.0,135.0,135.0
43503,245.0,120.0,136.0,139.0
43504,233.0,95.0,132.0,136.0
43505,271.0,230.0,141.0,148.0
43506,254.0,220.0,131.0,149.0
43507,270.0,218.0,155.0,159.0
43508,274.0,232.0,146.0,145.0
43509,216.0,92.0,115.0,120.0
43510,248.0,85.0,125.0,133.0
43511,263.0,126.0,157.0,155.0
43512,258.0,207.0,119.0,156.0
43513,243.0,119.0,141.0,138.0
43514,259.0,242.0,158.0,149.0
43515,260.0,103.0,130.0,146.0
43516,228.0,118.0,123.0,139.0
43517,241.0,208.0,152.0,147.0
43518,257.0,133.0,158.0,154.0
43519,249.0,110.0,147.0,135.0
43520,236.0,215.0,146.0,154.0
43521,274.0,224.0,169.0,149.0
43522,255.0,131.0,140.0,148.0
43523,233.0,95.0,126.0,125.0
43524,272.0,240.0,156.0,143.0
43525,259.0,178.0,143.0,153.0
43526,260.0,131.0,140.0,149.0
43527,266.0,165.0,150.0,157.0
43528,255.0,101.0,137.0,149.0
43529,227.0,138.0,126.0,122.0
43530,249.0,207.0,147.0,136.0
43531,236.0,110.0,129.0,129.0
43532,255.0,82.0,136.0,136.0
43533,250.0,107.0,127.0,121.0
43534,252.0,235.0,157.0,142.0
43535,262.0,116.0,148.0,137.0
43536,223.0,78.0,140.0,116.0
43537,247.0,155.0,138.0,133.0
43538,240.0,239.0,140.0,137.0
43539,237.0,143.0,118.0,130.0
43540,249.0,75.0,132.0,144.0
43541,259.0,233.0,143.0,146.0
43542,259.0,93.0,136.0,147.0
43543,223.0,97.0,128.0,134.0
43544,237.0,120.0,131.0,124.0
43545,222.0,187.0,122.0,133.0
43546,259.0,168.0,142.0,133.0
43547,280.0,121.0,158.0,152.0
43548,259.0,153.0,157.0,142.0
43549,237.0,202.0,129.0,140.0
43550,248.0,149.0,132.0,135.0
43551,227.0,106.0,118.0,124.0
43552,250.0,203.0,134.0,151.0
43553,219.0,119.0,109.0,127.0
43554,264.0,228.0,153.0,146.0
43555,259.0,89.0,147.0,145.0
43556,265.0,106.0,159.0,161.0
43557,242.0,124.0,142.0,120.0
43558,226.0,96.0,137.0,127.0
43559,239.0,149.0,123.0,140.0
43560,237.0,120.0,142.0,118.0
43561,230.0,94.0,135.0,122.0
43562,271.0,90.0,156.0,150.0
43563,250.0,107.0,134.0,151.0
43564,246.0,87.0,138.0,122.0
43565,235.0,204.0,130.0,126.0
43566,248.0,95.0,133.0,140.0
43567,227.0,128.0,130.0,135.0
43568,258.0,219.0,139.0,138.0
43569,244.0,121.0,133.0,129.0
43570,242.0,114.0,118.0,135.0
43571,248.0,81.0,139.0,143.0
43572,244.0,64.0,125.0,142.0
43573,258.0,112.0,151.0,143.0
43574,231.0,93.0,136.0,131.0
43575,252.0,205.0,142.0,138.0
43576,246.0,108.0,144.0,132.0
43577,269.0,213.0,161.0,162.0
43578,267.0,150.0,148.0,150.0
43579,245.0,215.0,124.0,136.0
43580,254.0,244.0,157.0,143.0
43581,235.0,93.0,126.0,143.0
43582,240.0,78.0,142.0,129.0
43583,244.0,211.0,138.0,136.0
43584,245.0,195.0,129.0,145.0
43585,244.0,219.0,131.0,120.0
43586,247.0,143.0,125.0,138.0
43587,245.0,243.0,137.0,145.0
43588,245.0,227.0,130.0,143.0
43589,266.0,225.0,138.0,133.0
43590,256.0,232.0,125.0,144.0
43591,242.0,203.0,124.0,134.0
43592,247.0,200.0,143.0,123.0
43593,243.0,138.0,140.0,135.0
43594,233.0,75.0,133.0,128.0
43595,229.0,99.0,132.0,113.0
43596,261.0,117.0,141.0,153.0
43597,254.0,152.0,162.0,139.0
43598,252.0,107.0,149.0,129.0
43599,246.0,101.0,138.0,135.0
43600,254.0,220.0,142.0,144.0
43601,266.0,258.0,147.0,139.0
43602,254.0,95.0,135.0,149.0
43603,237.0,107.0,152.0,142.0
43604,255.0,154.0,125.0,145.0
43605,242.0,120.0,141.0,141.0
43606,252.0,219.0,141.0,145.0
43607,227.0,94.0,119.0,128.0
43608,228.0,196.0,129.0,140.0
43609,250.0,132.0,128.0,155.0
43610,259.0,118.0,157.0,154.0
43611,252.0,114.0,148.0,140.0
43612,253.0,121.0,139.0,129.0
43613,246.0,108.0,135.0,137.0
43614,244.0,115.0,151.0,148.0
43615,243.0,145.0,131.0,140.0
43616,250.0,129.0,142.0,131.0
43617,247.0,98.0,156.0,136.0
43618,257.0,232.0,138.0,137.0
43619,258.0,224.0,149.0,141.0
43620,231.0,120.0,130.0,136.0
43621,248.0,96.0,149.0,131.0
43622,255.0,138.0,137.0,138.0
43623,241.0,195.0,129.0,133.0
43624,229.0,202.0,127.0,112.0
43625,239.0,122.0,136.0,139.0
43626,264.0,120.0,137.0,135.0
43627,255.0,142.0,137.0,141.0
43628,250.0,86.0,134.0,139.0
43629,243.0,77.0,130.0,146.0
43630,243.0,161.0,127.0,134.0
43631,249.0,87.0,138.0,144.0
43632,253.0,147.0,153.0,138.0
43633,227.0,107.0,142.0,132.0
43634,235.0,204.0,130.0,130.0
43635,276.0,161.0,156.0,164.0
43636,253.0,177.0,134.0,137.0
43637,255.0,135.0,138.0,147.0
43638,251.0,228.0,135.0,136.0
43639,245.0,217.0,136.0,132.0
43640,239.0,222.0,137.0,129.0
43641,236.0,127.0,117.0,132.0
43642,259.0,128.0,144.0,151.0
43643,254.0,102.0,156.0,130.0
43644,248.0,215.0,147.0,133.0
43645,232.0,76.0,114.0,137.0
43646,249.0,211.0,150.0,133.0
43647,252.0,222.0,129.0,138.0
43648,232.0,100.0,139.0,136.0
43649,234.0,134.0,135.0,143.0
43650,273.0,92.0,137.0,158.0
43651,251.0,75.0,143.0,152.0
43652,248.0,98.0,137.0,132.0
43653,258.0,144.0,146.0,143.0
43654,253.0,145.0,134.0,147.0
43655,256.0,212.0,147.0,148.0
43656,236.0,128.0,136.0,133.0
43657,274.0,149.0,154.0,152.0
43658,252.0,124.0,153.0,132.0
43659,268.0,103.0,142.0,151.0
43660,260.0,224.0,128.0,140.0
43661,261.0,117.0,136.0,149.0
43662,257.0,247.0,153.0,146.0
43663,257.0,220.0,149.0,135.0
43664,253.0,116.0,147.0,138.0
43665,248.0,85.0,159.0,129.0
43666,270.0,116.0,174.0,163.0
43667,265.0,107.0,150.0,154.0
43668,268.0,224.0,163.0,157.0
43669,255.0,112.0,139.0,152.0
43670,232.0,118.0,127.0,132.0
43671,255.0,99.0,142.0,141.0
43672,250.0,123.0,151.0,146.0
43673,264.0,78.0,155.0,134.0
43674,238.0,83.0,137.0,144.0
43675,265.0,78.0,144.0,146.0
43676,267.0,65.0,162.0,143.0
43677,263.0,167.0,160.0,148.0
43678,240.0,214.0,132.0,137.0
43679,256.0,135.0,146.0,136.0
43680,262.0,214.0,139.0,143.0
43681,225.0,204.0,124.0,118.0
43682,288.0,259.0,172.0,160.0
43683,236.0,228.0,120.0,121.0
43684,245.0,213.0,151.0,138.0
43685,230.0,93.0,138.0,125.0
43686,242.0,239.0,140.0,156.0
43687,245.0,149.0,141.0,135.0
43688,269.0,120.0,144.0,138.0
43689,223.0,88.0,115.0,119.0
43690,253.0,134.0,127.0,131.0
43691,269.0,251.0,152.0,152.0
43692,254.0,127.0,142.0,124.0
43693,268.0,114.0,150.0,149.0
43694,218.0,91.0,122.0,121.0
43695,267.0,105.0,164.0,147.0
43696,248.0,127.0,142.0,128.0
43697,233.0,202.0,123.0,131.0
43698,236.0,70.0,135.0,127.0
43699,251.0,174.0,138.0,143.0
43700,219.0,134.0,130.0,131.0
43701,260.0,107.0,146.0,140.0
43702,251.0,227.0,151.0,144.0
43703,247.0,108.0,147.0,135.0
43704,248.0,105.0,131.0,142.0
43705,254.0,246.0,149.0,139.0
43706,247.0,97.0,133.0,141.0
43707,264.0,142.0,147.0,153.0
43708,240.0,137.0,139.0,126.0
43709,256.0,110.0,144.0,142.0
43710,234.0,162.0,138.0,132.0
43711,248.0,204.0,140.0,146.0
43712,243.0,190.0,135.0,140.0
43713,256.0,202.0,140.0,150.0
43714,257.0,228.0,157.0,151.0
43715,241.0,206.0,151.0,130.0
43716,273.0,116.0,174.0,148.0
43717,246.0,82.0,145.0,135.0
43718,259.0,98.0,149.0,142.0
43719,246.0,109.0,133.0,156.0
43720,263.0,131.0,149.0,137.0
43721,263.0,137.0,149.0,154.0
43722,246.0,152.0,144.0,126.0
43723,233.0,221.0,127.0,131.0
43724,251.0,130.0,143.0,141.0
43725,264.0,124.0,152.0,156.0
43726,263.0,136.0,146.0,144.0
43727,253.0,144.0,137.0,143.0
43728,249.0,231.0,133.0,128.0
43729,268.0,105.0,138.0,155.0
43730,251.0,137.0,132.0,139.0
43731,247.0,145.0,131.0,137.0
43732,236.0,122.0,147.0,129.0
43733,259.0,220.0,150.0,144.0
43734,261.0,225.0,127.0,153.0
43735,265.0,149.0,163.0,137.0
43736,242.0,139.0,139.0,141.0
43737,258.0,218.0,151.0,156.0
43738,260.0,117.0,159.0,156.0
43739,259.0,97.0,145.0,159.0
43740,246.0,125.0,132.0,133.0
43741,257.0,231.0,141.0,156.0
43742,248.0,122.0,128.0,133.0
43743,227.0,225.0,137.0,125.0
43744,250.0,247.0,144.0,131.0
43745,230.0,138.0,131.0,137.0
43746,231.0,100.0,133.0,141.0
43747,248.0,109.0,135.0,149.0
43748,260.0,94.0,139.0,132.0
43749,225.0,224.0,137.0,118.0
43750,236.0,191.0,143.0,123.0
43751,250.0,142.0,138.0,145.0
43752,251.0,152.0,156.0,134.0
43753,257.0,83.0,148.0,140.0
43754,253.0,231.0,143.0,153.0
43755,262.0,228.0,136.0,152.0
43756,245.0,126.0,134.0,141.0
43757,261.0,124.0,142.0,149.0
43758,257.0,116.0,156.0,135.0
43759,243.0,115.0,134.0,121.0
43760,268.0,143.0,144.0,151.0
43761,241.0,65.0,134.0,127.0
43762,264.0,94.0,154.0,147.0
43763,262.0,116.0,138.0,160.0
43764,258.0,144.0,144.0,152.0
43765,248.0,238.0,137.0,128.0
43766,245.0,71.0,141.0,124.0
43767,236.0,218.0,129.0,136.0
43768,253.0,121.0,131.0,158.0
43769,241.0,89.0,136.0,154.0
43770,253.0,217.0,144.0,136.0
43771,250.0,124.0,136.0,133.0
43772,248.0,98.0,132.0,149.0
43773,252.0,119.0,136.0,147.0
43774,235.0,71.0,111.0,135.0
43775,255.0,232.0,156.0,145.0
43776,262.0,141.0,145.0,140.0
43777,258.0,117.0,142.0,146.0
43778,271.0,127.0,149.0,155.0
43779,233.0,205.0,127.0,121.0
43780,263.0,119.0,145.0,129.0
43781,285.0,247.0,151.0,161.0
43782,250.0,219.0,143.0,135.0
43783,228.0,132.0,124.0,131.0
43784,245.0,203.0,126.0,127.0
43785,251.0,67.0,143.0,141.0
43786,254.0,96.0,143.0,153.0
43787,256.0,255.0,155.0,132.0
43788,252.0,210.0,137.0,134.0
43789,217.0,51.0,133.0,124.0
43790,257.0,210.0,149.0,151.0
43791,242.0,76.0,129.0,133.0
43792,270.0,161.0,139.0,160.0
43793,256.0,242.0,141.0,137.0
43794,244.0,205.0,130.0,131.0
43795,240.0,123.0,151.0,129.0
43796,234.0,90.0,124.0,123.0
43797,264.0,237.0,153.0,157.0
43798,257.0,206.0,147.0,164.0
43799,259.0,91.0,154.0,143.0
43800,228.0,183.0,113.0,129.0
43801,244.0,109.0,116.0,139.0
43802,248.0,94.0,143.0,140.0
43803,260.0,120.0,151.0,151.0
43804,236.0,147.0,139.0,131.0
43805,262.0,106.0,129.0,160.0
43806,249.0,210.0,138.0,136.0
43807,258.0,250.0,153.0,136.0
43808,229.0,103.0,133.0,117.0
43809,237.0,116.0,129.0,141.0
43810,238.0,102.0,139.0,136.0
43811,255.0,121.0,143.0,144.0
43812,231.0,200.0,133.0,129.0
43813,257.0,223.0,151.0,138.0
43814,244.0,123.0,143.0,130.0
43815,252.0,132.0,153.0,140.0
43816,288.0,160.0,167.0,155.0
43817,267.0,96.0,136.0,157.0
43818,251.0,186.0,152.0,143.0
43819,264.0,217.0,154.0,144.0
43820,244.0,108.0,145.0,144.0
43821,240.0,99.0,130.0,126.0
43822,235.0,214.0,126.0,139.0
43823,269.0,97.0,152.0,145.0
43824,252.0,101.0,149.0,139.0
43825,227.0,131.0,136.0,124.0
43826,254.0,125.0,143.0,138.0
43827,253.0,92.0,149.0,142.0
43828,245.0,71.0,147.0,138.0
43829,247.0,99.0,150.0,151.0
43830,248.0,114.0,147.0,132.0
43831,265.0,161.0,121.0,148.0
43832,249.0,63.0,136.0,137.0
43833,245.0,237.0,125.0,141.0
43834,259.0,116.0,157.0,146.0
43835,247.0,118.0,141.0,149.0
43836,271.0,121.0,148.0,152.0
43837,285.0,133.0,165.0,167.0
43838,245.0,51.0,153.0,124.0
43839,253.0,109.0,144.0,126.0
43840,256.0,92.0,148.0,150.0
43841,262.0,115.0,156.0,144.0
43842,258.0,136.0,147.0,159.0
43843,260.0,224.0,140.0,145.0
43844,244.0,118.0,127.0,134.0
43845,244.0,75.0,138.0,146.0
43846,248.0,213.0,136.0,137.0
43847,243.0,112.0,141.0,147.0
43848,261.0,225.0,146.0,141.0
43849,272.0,109.0,165.0,157.0
43850,260.0,140.0,148.0,132.0
43851,277.0,91.0,152.0,161.0
43852,243.0,114.0,133.0,135.0
43853,259.0,110.0,154.0,155.0
43854,226.0,221.0,131.0,123.0
43855,264.0,259.0,139.0,148.0
43856,240.0,98.0,145.0,124.0
43857,276.0,238.0,133.0,148.0
43858,255.0,156.0,140.0,145.0
43859,241.0,210.0,139.0,132.0
43860,251.0,247.0,159.0,141.0
43861,284.0,278.0,162.0,149.0
43862,276.0,142.0,173.0,161.0
43863,245.0,79.0,138.0,150.0
43864,247.0,90.0,148.0,140.0
43865,246.0,88.0,119.0,140.0
43866,256.0,215.0,143.0,140.0
43867,244.0,124.0,128.0,131.0
43868,262.0,209.0,161.0,136.0
43869,224.0,91.0,110.0,129.0
43870,242.0,236.0,140.0,144.0
43871,247.0,229.0,146.0,141.0
43872,226.0,112.0,125.0,135.0
43873,249.0,56.0,160.0,145.0
43874,245.0,225.0,148.0,135.0
43875,241.0,105.0,169.0,136.0
43876,259.0,99.0,148.0,153.0
43877,247.0,142.0,137.0,133.0
43878,233.0,114.0,127.0,126.0
43879,247.0,140.0,117.0,149.0
43880,247.0,137.0,128.0,153.0
43881,238.0,93.0,137.0,120.0
43882,236.0,114.0,146.0,139.0
43883,237.0,111.0,133.0,135.0
43884,264.0,152.0,154.0,148.0
43885,230.0,100.0,123.0,141.0
43886,255.0,125.0,145.0,151.0
43887,257.0,110.0,148.0,138.0
43888,239.0,91.0,127.0,131.0
43889,247.0,217.0,138.0,129.0
43890,261.0,116.0,134.0,140.0
43891,250.0,227.0,146.0,140.0
43892,270.0,135.0,175.0,163.0
43893,265.0,224.0,163.0,150.0
43894,248.0,125.0,159.0,141.0
43895,234.0,200.0,130.0,137.0
43896,238.0,117.0,119.0,121.0
43897,259.0,125.0,147.0,143.0
43898,233.0,126.0,132.0,132.0
43899,227.0,151.0,125.0,129.0
43900,234.0,205.0,134.0,128.0
43901,219.0,126.0,123.0,125.0
43902,248.0,152.0,126.0,144.0
43903,249.0,103.0,132.0,134.0
43904,250.0,245.0,161.0,144.0
43905,228.0,129.0,126.0,134.0
43906,238.0,100.0,131.0,121.0
43907,249.0,111.0,134.0,135.0
43908,241.0,107.0,136.0,137.0
43909,232.0,146.0,130.0,132.0
43910,278.0,119.0,153.0,168.0
43911,248.0,104.0,141.0,133.0
43912,253.0,110.0,148.0,135.0
43913,245.0,73.0,149.0,131.0
43914,241.0,206.0,128.0,137.0
43915,258.0,75.0,149.0,141.0
43916,267.0,102.0,161.0,156.0
43917,246.0,109.0,131.0,137.0
43918,253.0,193.0,132.0,143.0
43919,271.0,137.0,143.0,152.0
43920,239.0,83.0,136.0,133.0
43921,250.0,98.0,130.0,147.0
43922,247.0,115.0,151.0,131.0
43923,242.0,147.0,142.0,139.0
43924,244.0,102.0,141.0,133.0
43925,239.0,221.0,127.0,135.0
43926,252.0,94.0,152.0,141.0
43927,260.0,118.0,148.0,165.0
43928,220.0,180.0,118.0,133.0
43929,258.0,105.0,145.0,151.0
43930,231.0,112.0,126.0,131.0
43931,259.0,95.0,151.0,161.0
43932,258.0,153.0,139.0,147.0
43933,242.0,208.0,128.0,148.0
43934,283.0,282.0,158.0,161.0
43935,231.0,196.0,124.0,143.0
43936,238.0,101.0,128.0,127.0
43937,253.0,122.0,143.0,131.0
43938,273.0,159.0,153.0,149.0
43939,274.0,225.0,154.0,145.0
43940,255.0,220.0,148.0,149.0
43941,248.0,97.0,145.0,155.0
43942,246.0,214.0,128.0,156.0
43943,218.0,74.0,112.0,120.0
43944,257.0,223.0,131.0,151.0
43945,254.0,221.0,146.0,151.0
43946,227.0,211.0,128.0,133.0
43947,266.0,229.0,150.0,134.0
43948,270.0,232.0,152.0,151.0
43949,238.0,212.0,134.0,135.0
43950,246.0,106.0,145.0,141.0
43951,239.0,104.0,131.0,142.0
43952,247.0,227.0,145.0,121.0
43953,251.0,224.0,140.0,140.0
43954,258.0,83.0,145.0,144.0
43955,243.0,129.0,130.0,133.0
43956,226.0,191.0,132.0,129.0
43957,237.0,119.0,132.0,134.0
43958,238.0,115.0,131.0,132.0
43959,268.0,104.0,162.0,147.0
43960,267.0,117.0,160.0,155.0
43961,245.0,223.0,129.0,158.0
43962,252.0,75.0,154.0,133.0
43963,276.0,238.0,152.0,152.0
43964,249.0,215.0,138.0,146.0
43965,238.0,104.0,128.0,135.0
43966,229.0,107.0,116.0,125.0
43967,249.0,115.0,126.0,137.0
43968,251.0,229.0,150.0,140.0
43969,237.0,189.0,149.0,131.0
43970,245.0,127.0,145.0,139.0
43971,252.0,125.0,147.0,138.0
43972,276.0,89.0,151.0,153.0
43973,261.0,221.0,144.0,155.0
43974,291.0,142.0,164.0,163.0
43975,227.0,154.0,129.0,129.0
43976,257.0,208.0,148.0,143.0
43977,249.0,155.0,132.0,145.0
43978,237.0,88.0,123.0,134.0
43979,246.0,223.0,136.0,134.0
43980,230.0,205.0,126.0,120.0
43981,247.0,112.0,152.0,122.0
43982,254.0,134.0,136.0,146.0
43983,247.0,130.0,118.0,129.0
43984,242.0,109.0,141.0,133.0
43985,232.0,103.0,123.0,117.0
43986,241.0,114.0,138.0,132.0
43987,271.0,107.0,167.0,158.0
43988,232.0,127.0,120.0,132.0
43989,245.0,214.0,142.0,145.0
43990,260.0,120.0,136.0,140.0
43991,234.0,111.0,126.0,122.0
43992,253.0,121.0,155.0,136.0
43993,251.0,141.0,145.0,142.0
43994,281.0,250.0,160.0,153.0
43995,244.0,213.0,128.0,133.0
43996,245.0,107.0,137.0,146.0
43997,258.0,103.0,144.0,148.0
43998,252.0,108.0,142.0,132.0
43999,246.0,111.0,151.0,146.0
44000,249.0,233.0,134.0,147.0
44001,279.0,129.0,165.0,165.0
44002,261.0,124.0,141.0,144.0
44003,260.0,228.0,125.0,138.0
44004,258.0,124.0,135.0,156.0
44005,258.0,106.0,147.0,148.0
44006,258.0,129.0,143.0,147.0
44007,281.0,127.0,144.0,157.0
44008,245.0,82.0,120.0,140.0
44009,245.0,215.0,123.0,139.0
44010,236.0,203.0,145.0,139.0
44011,252.0,220.0,146.0,148.0
44012,267.0,164.0,150.0,159.0
44013,244.0,207.0,142.0,134.0
44014,248.0,214.0,139.0,127.0
44015,274.0,121.0,166.0,136.0
44016,249.0,223.0,128.0,138.0
44017,238.0,76.0,146.0,135.0
44018,242.0,63.0,141.0,146.0
44019,244.0,168.0,143.0,136.0
44020,226.0,105.0,123.0,135.0
44021,245.0,129.0,140.0,136.0
44022,235.0,107.0,126.0,119.0
44023,232.0,221.0,127.0,125.0
44024,222.0,100.0,125.0,128.0
44025,248.0,76.0,144.0,146.0
44026,259.0,211.0,151.0,135.0
44027,260.0,146.0,152.0,161.0
44028,243.0,242.0,147.0,145.0
44029,252.0,106.0,133.0,125.0
44030,253.0,138.0,143.0,135.0
44031,248.0,159.0,133.0,147.0
44032,253.0,215.0,138.0,136.0
44033,248.0,247.0,136.0,135.0
44034,265.0,265.0,156.0,143.0
44035,242.0,242.0,135.0,141.0
44036,234.0,101.0,127.0,127.0
44037,264.0,100.0,155.0,142.0
44038,272.0,106.0,175.0,152.0
44039,239.0,200.0,131.0,134.0
44040,262.0,243.0,143.0,147.0
44041,239.0,204.0,132.0,127.0
44042,261.0,107.0,167.0,139.0
44043,248.0,88.0,148.0,149.0
44044,252.0,105.0,147.0,153.0
44045,283.0,105.0,161.0,156.0
44046,238.0,206.0,150.0,148.0
44047,213.0,91.0,122.0,116.0
44048,256.0,224.0,140.0,137.0
44049,246.0,211.0,138.0,127.0
44050,233.0,101.0,140.0,137.0
44051,252.0,140.0,128.0,137.0
44052,271.0,92.0,157.0,143.0
44053,261.0,118.0,143.0,163.0
44054,256.0,118.0,153.0,138.0
44055,264.0,133.0,158.0,123.0
44056,264.0,157.0,139.0,153.0
44057,230.0,113.0,126.0,134.0
44058,242.0,106.0,126.0,145.0
44059,259.0,140.0,143.0,145.0
44060,249.0,63.0,121.0,144.0
44061,263.0,142.0,137.0,141.0
44062,234.0,125.0,136.0,124.0
44063,247.0,137.0,148.0,143.0
44064,251.0,174.0,136.0,141.0
44065,244.0,122.0,131.0,138.0
44066,249.0,107.0,143.0,134.0
44067,267.0,88.0,162.0,150.0
44068,241.0,90.0,123.0,139.0
44069,250.0,110.0,139.0,131.0
44070,266.0,156.0,144.0,158.0
44071,239.0,178.0,126.0,137.0
44072,256.0,214.0,141.0,146.0
44073,271.0,104.0,155.0,150.0
44074,225.0,196.0,129.0,128.0
44075,274.0,144.0,159.0,150.0
44076,254.0,114.0,139.0,146.0
44077,227.0,197.0,131.0,123.0
44078,250.0,236.0,145.0,140.0
44079,268.0,100.0,145.0,138.0
44080,238.0,102.0,128.0,129.0
44081,235.0,102.0,131.0,140.0
44082,252.0,93.0,144.0,132.0
44083,252.0,104.0,146.0,144.0
44084,271.0,81.0,162.0,164.0
44085,258.0,213.0,129.0,136.0
44086,270.0,131.0,154.0,161.0
44087,241.0,129.0,141.0,131.0
44088,220.0,135.0,127.0,120.0
44089,243.0,97.0,133.0,132.0
44090,216.0,179.0,113.0,113.0
44091,245.0,214.0,137.0,147.0
44092,239.0,63.0,136.0,120.0
44093,235.0,105.0,132.0,122.0
44094,253.0,219.0,127.0,139.0
44095,276.0,132.0,161.0,164.0
44096,270.0,208.0,150.0,154.0
44097,251.0,141.0,137.0,149.0
44098,245.0,244.0,134.0,137.0
44099,271.0,86.0,145.0,150.0
44100,243.0,215.0,143.0,129.0
44101,262.0,116.0,125.0,152.0
44102,277.0,113.0,151.0,167.0
44103,235.0,129.0,129.0,131.0
44104,246.0,104.0,153.0,142.0
44105,229.0,194.0,133.0,117.0
44106,267.0,96.0,140.0,143.0
44107,238.0,198.0,122.0,120.0
44108,248.0,231.0,137.0,136.0
44109,267.0,244.0,126.0,151.0
44110,263.0,231.0,134.0,126.0
44111,253.0,122.0,147.0,141.0
44112,257.0,95.0,151.0,152.0
44113,239.0,136.0,139.0,141.0
44114,263.0,111.0,134.0,154.0
44115,253.0,248.0,133.0,163.0
44116,240.0,107.0,127.0,147.0
44117,236.0,107.0,134.0,130.0
44118,216.0,71.0,124.0,125.0
44119,276.0,116.0,148.0,158.0
44120,274.0,234.0,155.0,159.0
44121,239.0,213.0,116.0,126.0
44122,260.0,122.0,150.0,147.0
44123,251.0,161.0,151.0,147.0
44124,247.0,98.0,142.0,143.0
44125,244.0,129.0,145.0,134.0
44126,262.0,61.0,151.0,145.0
44127,247.0,215.0,131.0,146.0
44128,237.0,214.0,138.0,144.0
44129,242.0,102.0,140.0,139.0
44130,251.0,131.0,148.0,147.0
44131,255.0,209.0,133.0,138.0
44132,243.0,59.0,152.0,140.0
44133,276.0,155.0,141.0,142.0
44134,239.0,140.0,124.0,143.0
44135,240.0,121.0,136.0,138.0
44136,245.0,128.0,137.0,138.0
44137,258.0,239.0,156.0,140.0
44138,237.0,154.0,138.0,131.0
44139,248.0,207.0,132.0,126.0
44140,237.0,105.0,136.0,130.0
44141,246.0,115.0,148.0,125.0
44142,254.0,85.0,131.0,137.0
44143,261.0,118.0,137.0,145.0
44144,248.0,102.0,139.0,134.0
44145,270.0,118.0,158.0,160.0
44146,259.0,73.0,160.0,150.0
44147,254.0,122.0,140.0,150.0
44148,237.0,200.0,114.0,132.0
44149,256.0,99.0,133.0,146.0
44150,283.0,88.0,154.0,172.0
44151,261.0,116.0,145.0,150.0
44152,246.0,107.0,129.0,145.0
44153,242.0,119.0,139.0,132.0
44154,219.0,49.0,133.0,121.0
44155,252.0,138.0,141.0,128.0
44156,245.0,210.0,135.0,130.0
44157,230.0,92.0,125.0,130.0
44158,252.0,97.0,131.0,146.0
44159,245.0,134.0,143.0,141.0
44160,247.0,108.0,139.0,132.0
44161,239.0,207.0,142.0,136.0
44162,226.0,221.0,122.0,105.0
44163,235.0,230.0,130.0,134.0
44164,236.0,133.0,152.0,142.0
44165,265.0,85.0,156.0,136.0
44166,244.0,220.0,124.0,148.0
44167,248.0,105.0,149.0,145.0
44168,266.0,144.0,137.0,170.0
44169,245.0,143.0,131.0,143.0
44170,259.0,94.0,146.0,126.0
44171,256.0,94.0,140.0,133.0
44172,242.0,208.0,141.0,125.0
44173,243.0,123.0,132.0,148.0
44174,226.0,56.0,137.0,123.0
44175,276.0,238.0,156.0,155.0
44176,244.0,244.0,149.0,150.0
44177,238.0,82.0,148.0,125.0
44178,242.0,93.0,136.0,141.0
44179,247.0,204.0,127.0,144.0
44180,230.0,74.0,133.0,132.0
44181,268.0,186.0,162.0,156.0
44182,248.0,201.0,132.0,151.0
44183,263.0,118.0,157.0,144.0
44184,260.0,230.0,150.0,152.0
44185,231.0,92.0,132.0,126.0
44186,256.0,250.0,152.0,150.0
44187,264.0,121.0,142.0,141.0
44188,231.0,164.0,130.0,132.0
44189,245.0,102.0,143.0,143.0
44190,254.0,165.0,143.0,142.0
44191,240.0,137.0,140.0,131.0
44192,271.0,73.0,145.0,146.0
44193,235.0,209.0,133.0,138.0
44194,260.0,171.0,150.0,149.0
44195,243.0,66.0,137.0,130.0
44196,241.0,127.0,140.0,130.0
44197,221.0,192.0,133.0,127.0
44198,234.0,204.0,128.0,119.0
44199,243.0,96.0,138.0,123.0
44200,277.0,146.0,159.0,161.0
44201,223.0,64.0,113.0,130.0
44202,255.0,253.0,150.0,130.0
44203,249.0,112.0,119.0,144.0
44204,258.0,227.0,145.0,139.0
44205,224.0,179.0,120.0,128.0
44206,226.0,95.0,119.0,131.0
44207,259.0,146.0,153.0,148.0
44208,244.0,105.0,130.0,135.0
44209,248.0,132.0,130.0,138.0
44210,234.0,208.0,131.0,136.0
44211,252.0,96.0,135.0,139.0
44212,251.0,90.0,144.0,140.0
44213,264.0,154.0,152.0,150.0
44214,228.0,84.0,133.0,140.0
44215,257.0,120.0,137.0,135.0
44216,227.0,75.0,135.0,141.0
44217,242.0,128.0,143.0,141.0
44218,243.0,83.0,140.0,143.0
44219,255.0,58.0,151.0,124.0
44220,274.0,131.0,153.0,149.0
44221,260.0,87.0,144.0,153.0
44222,256.0,167.0,144.0,151.0
44223,258.0,133.0,157.0,143.0
44224,259.0,157.0,155.0,135.0
44225,258.0,227.0,142.0,153.0
44226,225.0,95.0,125.0,120.0
44227,270.0,136.0,155.0,149.0
44228,259.0,146.0,130.0,162.0
44229,240.0,217.0,126.0,118.0
44230,258.0,214.0,136.0,146.0
44231,278.0,241.0,154.0,156.0
44232,264.0,219.0,157.0,150.0
44233,260.0,65.0,129.0,132.0
44234,228.0,86.0,115.0,123.0
44235,232.0,124.0,97.0,129.0
44236,245.0,243.0,133.0,131.0
44237,268.0,180.0,152.0,154.0
44238,225.0,93.0,124.0,136.0
44239,229.0,110.0,140.0,128.0
44240,260.0,145.0,134.0,139.0
44241,227.0,193.0,131.0,119.0
44242,223.0,106.0,123.0,130.0
44243,277.0,100.0,153.0,160.0
44244,249.0,130.0,149.0,134.0
44245,254.0,224.0,168.0,144.0
44246,255.0,170.0,154.0,153.0
44247,260.0,167.0,149.0,155.0
44248,249.0,88.0,161.0,137.0
44249,257.0,212.0,140.0,150.0
44250,234.0,84.0,127.0,129.0
44251,262.0,253.0,143.0,141.0
44252,241.0,232.0,139.0,154.0
44253,245.0,213.0,123.0,139.0
44254,244.0,132.0,124.0,137.0
44255,256.0,78.0,136.0,156.0
44256,260.0,157.0,150.0,146.0
44257,253.0,117.0,137.0,139.0
44258,218.0,105.0,128.0,124.0
44259,256.0,101.0,135.0,134.0
44260,263.0,173.0,149.0,156.0
44261,226.0,196.0,107.0,122.0
44262,247.0,65.0,137.0,136.0
44263,246.0,128.0,142.0,147.0
44264,227.0,94.0,127.0,136.0
44265,232.0,100.0,138.0,127.0
44266,244.0,98.0,144.0,139.0
44267,237.0,199.0,139.0,125.0
44268,254.0,210.0,149.0,146.0
44269,253.0,222.0,135.0,136.0
44270,263.0,80.0,141.0,158.0
44271,238.0,196.0,143.0,138.0
44272,277.0,255.0,159.0,181.0
44273,257.0,116.0,144.0,141.0
44274,261.0,95.0,151.0,149.0
44275,231.0,228.0,126.0,126.0
44276,259.0,91.0,143.0,148.0
44277,255.0,121.0,141.0,145.0
44278,246.0,128.0,141.0,137.0
44279,254.0,207.0,141.0,141.0
44280,272.0,81.0,151.0,156.0
44281,225.0,202.0,123.0,121.0
44282,269.0,226.0,162.0,143.0
44283,268.0,113.0,155.0,134.0
44284,222.0,51.0,123.0,128.0
44285,247.0,224.0,130.0,140.0
44286,249.0,83.0,139.0,119.0
44287,271.0,100.0,142.0,140.0
44288,238.0,147.0,131.0,124.0
44289,235.0,125.0,125.0,133.0
44290,269.0,100.0,162.0,143.0
44291,253.0,219.0,143.0,144.0
44292,246.0,102.0,147.0,135.0
44293,239.0,208.0,133.0,144.0
44294,271.0,110.0,162.0,147.0
44295,289.0,154.0,157.0,165.0
44296,254.0,207.0,136.0,134.0
44297,264.0,160.0,137.0,145.0
44298,251.0,205.0,157.0,139.0
44299,254.0,99.0,139.0,141.0
44300,258.0,209.0,140.0,126.0
44301,254.0,85.0,145.0,156.0
44302,265.0,103.0,152.0,161.0
44303,259.0,213.0,150.0,141.0
44304,247.0,110.0,135.0,135.0
44305,236.0,63.0,141.0,136.0
44306,233.0,107.0,112.0,138.0
44307,248.0,98.0,145.0,151.0
44308,255.0,240.0,144.0,139.0
44309,243.0,219.0,132.0,124.0
44310,240.0,204.0,128.0,135.0
44311,229.0,79.0,132.0,133.0
44312,263.0,98.0,145.0,152.0
44313,241.0,109.0,133.0,133.0
44314,261.0,225.0,149.0,143.0
44315,271.0,235.0,150.0,138.0
44316,263.0,142.0,143.0,145.0
44317,262.0,105.0,142.0,138.0
44318,238.0,236.0,125.0,142.0
44319,248.0,139.0,134.0,132.0
44320,255.0,119.0,135.0,151.0
44321,253.0,227.0,128.0,143.0
44322,237.0,208.0,124.0,132.0
44323,265.0,137.0,161.0,136.0
44324,241.0,147.0,141.0,145.0
44325,239.0,130.0,126.0,130.0
44326,260.0,139.0,135.0,161.0
44327,272.0,232.0,162.0,155.0
44328,259.0,166.0,140.0,138.0
44329,267.0,131.0,149.0,146.0
44330,252.0,111.0,155.0,148.0
44331,214.0,108.0,112.0,113.0
44332,235.0,121.0,129.0,135.0
44333,262.0,89.0,148.0,159.0
44334,284.0,122.0,142.0,161.0
44335,262.0,254.0,138.0,154.0
44336,223.0,102.0,120.0,130.0
44337,241.0,201.0,132.0,125.0
44338,235.0,99.0,138.0,125.0
44339,248.0,208.0,142.0,135.0
44340,235.0,91.0,128.0,127.0
44341,246.0,74.0,151.0,133.0
44342,261.0,80.0,157.0,120.0
44343,236.0,117.0,142.0,134.0
44344,254.0,115.0,138.0,143.0
44345,241.0,215.0,140.0,142.0
44346,279.0,172.0,155.0,156.0
44347,244.0,114.0,145.0,149.0
44348,249.0,107.0,140.0,143.0
44349,255.0,66.0,142.0,149.0
44350,256.0,139.0,135.0,151.0
44351,226.0,113.0,123.0,131.0
44352,261.0,223.0,160.0,159.0
44353,242.0,134.0,139.0,133.0
44354,239.0,102.0,132.0,135.0
44355,253.0,146.0,157.0,145.0
44356,240.0,106.0,138.0,129.0
44357,232.0,119.0,140.0,136.0
44358,261.0,253.0,161.0,152.0
44359,234.0,189.0,126.0,127.0
44360,237.0,110.0,126.0,132.0
44361,255.0,209.0,148.0,141.0
44362,232.0,204.0,123.0,123.0
44363,265.0,230.0,145.0,141.0
44364,249.0,132.0,132.0,147.0
44365,243.0,111.0,123.0,127.0
44366,248.0,241.0,135.0,145.0
44367,246.0,239.0,133.0,156.0
44368,230.0,185.0,134.0,120.0
44369,265.0,155.0,133.0,167.0
44370,241.0,119.0,135.0,136.0
44371,272.0,162.0,146.0,148.0
44372,236.0,99.0,135.0,132.0
44373,259.0,96.0,149.0,153.0
44374,249.0,134.0,144.0,152.0
44375,268.0,147.0,149.0,152.0
44376,249.0,109.0,142.0,135.0
44377,244.0,94.0,152.0,139.0
44378,257.0,159.0,144.0,144.0
44379,251.0,106.0,143.0,137.0
44380,264.0,124.0,130.0,141.0
44381,255.0,232.0,146.0,138.0
44382,263.0,99.0,153.0,154.0
44383,241.0,91.0,139.0,139.0
44384,257.0,222.0,133.0,142.0
44385,218.0,124.0,142.0,124.0
44386,248.0,219.0,122.0,140.0
44387,248.0,149.0,130.0,132.0
44388,238.0,79.0,140.0,124.0
44389,216.0,187.0,105.0,110.0
44390,228.0,83.0,116.0,130.0
44391,250.0,87.0,131.0,136.0
44392,274.0,96.0,144.0,153.0
44393,259.0,233.0,149.0,154.0
44394,239.0,129.0,151.0,129.0
44395,246.0,79.0,136.0,133.0
44396,246.0,211.0,143.0,140.0
44397,255.0,216.0,146.0,142.0
44398,231.0,67.0,134.0,138.0
44399,243.0,76.0,143.0,132.0
44400,259.0,98.0,149.0,152.0
44401,247.0,214.0,141.0,143.0
44402,221.0,195.0,113.0,118.0
44403,236.0,123.0,134.0,126.0
44404,248.0,83.0,126.0,135.0
44405,238.0,62.0,126.0,124.0
44406,249.0,213.0,150.0,132.0
44407,242.0,207.0,136.0,130.0
44408,227.0,62.0,120.0,120.0
44409,266.0,90.0,138.0,136.0
44410,259.0,79.0,147.0,152.0
44411,238.0,238.0,156.0,139.0
44412,248.0,151.0,145.0,143.0
44413,246.0,208.0,131.0,141.0
44414,247.0,99.0,131.0,140.0
44415,251.0,124.0,137.0,145.0
44416,245.0,211.0,141.0,137.0
44417,261.0,219.0,154.0,147.0
44418,270.0,154.0,142.0,152.0
44419,232.0,200.0,133.0,126.0
44420,229.0,208.0,135.0,130.0
44421,253.0,209.0,138.0,144.0
44422,274.0,128.0,158.0,146.0
44423,255.0,255.0,126.0,136.0
44424,254.0,111.0,143.0,146.0
44425,259.0,252.0,160.0,144.0
44426,233.0,49.0,138.0,122.0
44427,259.0,118.0,148.0,147.0
44428,255.0,145.0,142.0,147.0
44429,255.0,87.0,132.0,152.0
44430,249.0,211.0,162.0,151.0
44431,249.0,224.0,145.0,130.0
44432,239.0,214.0,132.0,135.0
44433,274.0,266.0,165.0,151.0
44434,243.0,142.0,136.0,152.0
44435,255.0,141.0,143.0,146.0
44436,249.0,104.0,155.0,147.0
44437,252.0,207.0,135.0,147.0
44438,277.0,107.0,164.0,156.0
44439,229.0,85.0,118.0,116.0
44440,238.0,88.0,130.0,131.0
44441,248.0,149.0,139.0,156.0
44442,236.0,119.0,137.0,126.0
44443,248.0,93.0,124.0,145.0
44444,249.0,118.0,131.0,131.0
44445,224.0,218.0,126.0,134.0
44446,263.0,87.0,163.0,145.0
44447,262.0,105.0,153.0,143.0
44448,243.0,123.0,133.0,135.0
44449,218.0,197.0,128.0,116.0
44450,242.0,231.0,134.0,147.0
44451,251.0,81.0,150.0,142.0
44452,258.0,225.0,139.0,143.0
44453,243.0,105.0,149.0,152.0
44454,240.0,83.0,126.0,128.0
44455,270.0,186.0,152.0,151.0
44456,259.0,113.0,143.0,147.0
44457,253.0,219.0,143.0,141.0
44458,239.0,142.0,131.0,142.0
44459,256.0,212.0,149.0,155.0
44460,231.0,92.0,116.0,133.0
44461,238.0,103.0,134.0,142.0
44462,235.0,109.0,129.0,148.0
44463,246.0,222.0,126.0,132.0
44464,238.0,208.0,136.0,121.0
44465,267.0,237.0,150.0,153.0
44466,244.0,193.0,129.0,153.0
44467,257.0,115.0,140.0,138.0
44468,265.0,223.0,151.0,155.0
44469,248.0,213.0,143.0,132.0
44470,239.0,87.0,133.0,138.0
44471,234.0,56.0,130.0,132.0
44472,231.0,89.0,123.0,133.0
44473,235.0,98.0,130.0,134.0
44474,248.0,141.0,141.0,152.0
44475,238.0,225.0,118.0,129.0
44476,262.0,164.0,146.0,148.0
44477,261.0,89.0,140.0,136.0
44478,239.0,215.0,127.0,144.0
44479,233.0,229.0,125.0,134.0
44480,277.0,273.0,164.0,153.0
44481,255.0,252.0,157.0,136.0
44482,246.0,105.0,120.0,141.0
44483,269.0,215.0,162.0,151.0
44484,217.0,98.0,123.0,135.0
44485,262.0,118.0,158.0,166.0
44486,244.0,76.0,141.0,137.0
44487,261.0,229.0,146.0,138.0
44488,249.0,92.0,144.0,156.0
44489,265.0,228.0,146.0,143.0
44490,264.0,109.0,161.0,134.0
44491,244.0,218.0,152.0,143.0
44492,250.0,142.0,149.0,139.0
44493,247.0,85.0,136.0,150.0
44494,220.0,123.0,145.0,118.0
44495,247.0,114.0,142.0,143.0
44496,259.0,164.0,126.0,149.0
44497,256.0,151.0,139.0,148.0
44498,242.0,107.0,138.0,136.0
44499,229.0,76.0,131.0,140.0
44500,277.0,121.0,153.0,154.0
44501,240.0,90.0,123.0,144.0
44502,261.0,228.0,160.0,135.0
44503,238.0,87.0,149.0,125.0
44504,238.0,86.0,126.0,135.0
44505,230.0,111.0,122.0,143.0
44506,226.0,192.0,124.0,127.0
44507,254.0,118.0,134.0,137.0
44508,263.0,236.0,158.0,145.0
44509,263.0,139.0,159.0,155.0
44510,224.0,72.0,133.0,120.0
44511,233.0,115.0,122.0,147.0
44512,260.0,109.0,159.0,154.0
44513,266.0,241.0,151.0,140.0
44514,253.0,131.0,129.0,154.0
44515,231.0,113.0,135.0,141.0
44516,245.0,91.0,119.0,137.0
44517,262.0,149.0,154.0,159.0
44518,262.0,86.0,137.0,139.0
44519,272.0,241.0,149.0,149.0
44520,248.0,98.0,150.0,146.0
44521,268.0,135.0,147.0,137.0
44522,216.0,116.0,121.0,119.0
44523,226.0,191.0,117.0,133.0
44524,265.0,127.0,161.0,131.0
44525,239.0,52.0,133.0,133.0
44526,255.0,109.0,141.0,152.0
44527,259.0,163.0,159.0,152.0
44528,272.0,165.0,152.0,162.0
44529,261.0,94.0,148.0,148.0
44530,255.0,106.0,151.0,132.0
44531,251.0,160.0,146.0,146.0
44532,262.0,124.0,155.0,137.0
44533,240.0,38.0,135.0,135.0
44534,254.0,226.0,139.0,143.0
44535,257.0,142.0,138.0,154.0
44536,247.0,82.0,148.0,139.0
44537,281.0,88.0,158.0,162.0
44538,239.0,200.0,136.0,125.0
44539,257.0,218.0,135.0,142.0
44540,241.0,98.0,145.0,129.0
44541,228.0,203.0,125.0,135.0
44542,249.0,98.0,163.0,143.0
44543,242.0,100.0,132.0,141.0
44544,278.0,234.0,147.0,164.0
44545,232.0,206.0,123.0,124.0
44546,229.0,80.0,143.0,134.0
44547,250.0,237.0,152.0,134.0
44548,238.0,206.0,132.0,133.0
44549,247.0,82.0,136.0,151.0
44550,255.0,101.0,151.0,149.0
44551,253.0,249.0,145.0,133.0
44552,257.0,255.0,154.0,158.0
44553,272.0,226.0,166.0,142.0
44554,250.0,91.0,133.0,135.0
44555,243.0,100.0,121.0,139.0
44556,244.0,80.0,138.0,132.0
44557,260.0,124.0,152.0,138.0
44558,258.0,131.0,141.0,145.0
44559,276.0,240.0,169.0,156.0
44560,240.0,240.0,141.0,139.0
44561,249.0,131.0,135.0,136.0
44562,232.0,150.0,116.0,127.0
44563,261.0,90.0,143.0,138.0
44564,263.0,136.0,146.0,150.0
44565,230.0,125.0,125.0,115.0
44566,246.0,89.0,143.0,142.0
44567,253.0,123.0,130.0,138.0
44568,256.0,225.0,141.0,158.0
44569,265.0,86.0,139.0,138.0
44570,262.0,94.0,152.0,154.0
44571,265.0,130.0,135.0,148.0
44572,235.0,102.0,128.0,126.0
44573,225.0,194.0,135.0,121.0
44574,251.0,107.0,149.0,146.0
44575,253.0,134.0,148.0,151.0
44576,254.0,114.0,155.0,141.0
44577,259.0,214.0,136.0,146.0
44578,229.0,201.0,125.0,147.0
44579,254.0,85.0,139.0,134.0
44580,229.0,93.0,117.0,126.0
44581,251.0,77.0,138.0,140.0
44582,246.0,203.0,137.0,136.0
44583,268.0,262.0,147.0,155.0
44584,252.0,127.0,155.0,143.0
44585,260.0,233.0,126.0,149.0
44586,268.0,146.0,140.0,157.0
44587,225.0,82.0,131.0,121.0
44588,254.0,168.0,120.0,151.0
44589,264.0,127.0,149.0,146.0
44590,255.0,209.0,156.0,169.0
44591,266.0,121.0,158.0,137.0
44592,237.0,102.0,125.0,121.0
44593,243.0,100.0,152.0,142.0
44594,253.0,108.0,134.0,161.0
44595,282.0,116.0,176.0,148.0
44596,250.0,138.0,149.0,130.0
44597,229.0,94.0,137.0,124.0
44598,267.0,104.0,165.0,140.0
44599,234.0,99.0,136.0,127.0
44600,269.0,221.0,152.0,132.0
44601,239.0,190.0,125.0,147.0
44602,234.0,81.0,137.0,139.0
44603,260.0,69.0,146.0,150.0
44604,252.0,119.0,157.0,149.0
44605,232.0,69.0,127.0,134.0
44606,269.0,237.0,141.0,131.0
44607,267.0,129.0,148.0,158.0
44608,252.0,213.0,131.0,137.0
44609,237.0,60.0,127.0,138.0
44610,260.0,95.0,144.0,132.0
44611,254.0,102.0,160.0,141.0
44612,226.0,99.0,118.0,139.0
44613,267.0,106.0,156.0,144.0
44614,276.0,259.0,156.0,153.0
44615,262.0,106.0,135.0,158.0
44616,259.0,226.0,136.0,125.0
44617,237.0,90.0,136.0,129.0
44618,266.0,134.0,142.0,145.0
44619,252.0,138.0,141.0,140.0
44620,245.0,239.0,142.0,144.0
44621,273.0,267.0,152.0,161.0
44622,262.0,208.0,151.0,139.0
44623,284.0,121.0,156.0,162.0
44624,271.0,271.0,157.0,147.0
44625,254.0,215.0,130.0,130.0
44626,257.0,139.0,148.0,142.0
44627,250.0,211.0,143.0,136.0
44628,228.0,123.0,122.0,130.0
44629,256.0,224.0,143.0,145.0
44630,255.0,223.0,139.0,145.0
44631,259.0,101.0,151.0,155.0
44632,249.0,191.0,139.0,132.0
44633,227.0,223.0,138.0,126.0
44634,251.0,209.0,142.0,134.0
44635,263.0,93.0,153.0,148.0
44636,254.0,182.0,133.0,148.0
44637,238.0,82.0,139.0,118.0
44638,243.0,207.0,137.0,137.0
44639,251.0,82.0,158.0,159.0
44640,241.0,111.0,122.0,140.0
44641,247.0,218.0,142.0,132.0
44642,227.0,121.0,125.0,134.0
44643,257.0,94.0,147.0,135.0
44644,245.0,159.0,126.0,137.0
44645,258.0,73.0,135.0,151.0
44646,235.0,194.0,127.0,142.0
44647,247.0,85.0,148.0,147.0
44648,244.0,67.0,144.0,145.0
44649,238.0,98.0,131.0,128.0
44650,266.0,265.0,136.0,143.0
44651,250.0,205.0,141.0,126.0
44652,270.0,266.0,153.0,146.0
44653,247.0,75.0,139.0,141.0
44654,260.0,219.0,157.0,153.0
44655,252.0,232.0,136.0,154.0
44656,260.0,186.0,139.0,140.0
44657,260.0,158.0,135.0,146.0
44658,209.0,205.0,109.0,125.0
44659,248.0,107.0,128.0,145.0
44660,265.0,119.0,155.0,137.0
44661,238.0,198.0,135.0,122.0
44662,240.0,236.0,138.0,136.0
44663,246.0,133.0,135.0,141.0
44664,249.0,127.0,135.0,134.0
44665,258.0,165.0,146.0,148.0
44666,269.0,103.0,164.0,145.0
44667,235.0,110.0,145.0,118.0
44668,240.0,137.0,142.0,128.0
44669,252.0,44.0,155.0,124.0
44670,243.0,84.0,123.0,134.0
44671,255.0,93.0,145.0,152.0
44672,259.0,114.0,124.0,139.0
44673,256.0,105.0,134.0,147.0
44674,263.0,225.0,140.0,154.0
44675,247.0,97.0,140.0,142.0
44676,244.0,241.0,131.0,136.0
44677,244.0,203.0,136.0,142.0
44678,250.0,207.0,141.0,144.0
44679,248.0,105.0,140.0,152.0
44680,267.0,103.0,157.0,163.0
44681,275.0,134.0,143.0,138.0
44682,250.0,227.0,152.0,128.0
44683,246.0,79.0,144.0,149.0
44684,264.0,214.0,130.0,151.0
44685,269.0,101.0,152.0,145.0
44686,258.0,109.0,135.0,133.0
44687,260.0,63.0,152.0,148.0
44688,248.0,157.0,135.0,136.0
44689,251.0,104.0,138.0,144.0
44690,256.0,57.0,146.0,141.0
44691,273.0,119.0,168.0,150.0
44692,242.0,223.0,142.0,126.0
44693,242.0,217.0,147.0,133.0
44694,248.0,97.0,144.0,148.0
44695,269.0,134.0,150.0,162.0
44696,269.0,221.0,145.0,144.0
44697,255.0,64.0,141.0,156.0
44698,236.0,198.0,143.0,126.0
44699,232.0,124.0,141.0,115.0
44700,231.0,122.0,119.0,135.0
44701,246.0,136.0,153.0,139.0
44702,255.0,89.0,146.0,139.0
44703,258.0,251.0,155.0,138.0
44704,256.0,249.0,159.0,149.0
44705,248.0,217.0,144.0,139.0
44706,253.0,113.0,141.0,142.0
44707,260.0,58.0,163.0,145.0
44708,258.0,89.0,137.0,159.0
44709,271.0,119.0,148.0,156.0
44710,246.0,82.0,137.0,133.0
44711,248.0,180.0,149.0,152.0
44712,239.0,126.0,143.0,134.0
44713,232.0,224.0,140.0,124.0
44714,250.0,111.0,137.0,143.0
44715,257.0,114.0,135.0,147.0
44716,225.0,201.0,132.0,128.0
44717,223.0,186.0,138.0,139.0
44718,269.0,109.0,159.0,150.0
44719,246.0,131.0,142.0,133.0
44720,251.0,52.0,155.0,126.0
44721,248.0,132.0,141.0,139.0
44722,244.0,88.0,127.0,136.0
44723,241.0,133.0,128.0,135.0
44724,253.0,219.0,137.0,142.0
44725,247.0,152.0,135.0,150.0
44726,234.0,109.0,141.0,122.0
44727,274.0,143.0,149.0,142.0
44728,257.0,253.0,143.0,150.0
44729,235.0,188.0,133.0,115.0
44730,264.0,224.0,163.0,141.0
44731,234.0,198.0,126.0,121.0
44732,264.0,223.0,152.0,148.0
44733,229.0,216.0,135.0,127.0
44734,265.0,229.0,134.0,146.0
44735,249.0,107.0,127.0,153.0
44736,253.0,127.0,153.0,140.0
44737,260.0,230.0,154.0,133.0
44738,279.0,140.0,165.0,164.0
44739,246.0,96.0,134.0,145.0
44740,266.0,226.0,140.0,145.0
44741,228.0,77.0,127.0,127.0
44742,257.0,229.0,139.0,145.0
44743,284.0,108.0,161.0,169.0
44744,274.0,246.0,167.0,157.0
44745,250.0,120.0,136.0,141.0
44746,253.0,252.0,141.0,147.0
44747,283.0,147.0,162.0,168.0
44748,248.0,153.0,124.0,140.0
44749,273.0,238.0,161.0,163.0
44750,232.0,111.0,131.0,128.0
44751,247.0,101.0,135.0,137.0
44752,285.0,135.0,158.0,156.0
44753,265.0,91.0,150.0,142.0
44754,259.0,111.0,141.0,144.0
44755,239.0,85.0,139.0,151.0
44756,256.0,163.0,147.0,151.0
44757,247.0,85.0,138.0,145.0
44758,267.0,108.0,148.0,155.0
44759,221.0,126.0,123.0,131.0
44760,255.0,125.0,147.0,150.0
44761,249.0,123.0,141.0,143.0
44762,255.0,221.0,140.0,137.0
44763,240.0,208.0,137.0,152.0
44764,251.0,246.0,138.0,139.0
44765,267.0,237.0,135.0,167.0
44766,225.0,112.0,140.0,126.0
44767,268.0,156.0,149.0,152.0
44768,268.0,135.0,139.0,144.0
44769,251.0,87.0,140.0,137.0
44770,257.0,226.0,142.0,135.0
44771,254.0,202.0,144.0,138.0
44772,251.0,220.0,134.0,129.0
44773,252.0,209.0,151.0,119.0
44774,252.0,245.0,161.0,151.0
44775,256.0,214.0,146.0,141.0
44776,242.0,237.0,127.0,144.0
44777,210.0,205.0,118.0,121.0
44778,218.0,119.0,133.0,114.0
44779,282.0,142.0,157.0,158.0
44780,249.0,219.0,147.0,131.0
44781,257.0,218.0,149.0,155.0
44782,257.0,227.0,117.0,141.0
44783,241.0,110.0,124.0,134.0
44784,241.0,114.0,136.0,146.0
44785,238.0,109.0,142.0,154.0
44786,227.0,59.0,138.0,137.0
44787,278.0,251.0,169.0,137.0
44788,258.0,212.0,122.0,145.0
44789,237.0,157.0,137.0,129.0
44790,235.0,103.0,139.0,129.0
44791,254.0,94.0,137.0,160.0
44792,270.0,153.0,152.0,153.0
44793,256.0,175.0,136.0,141.0
44794,260.0,217.0,151.0,139.0
44795,254.0,118.0,155.0,146.0
44796,230.0,94.0,123.0,138.0
44797,237.0,190.0,139.0,124.0
44798,250.0,111.0,132.0,138.0
44799,256.0,106.0,145.0,150.0
44800,250.0,215.0,145.0,127.0
44801,233.0,157.0,142.0,137.0
44802,260.0,123.0,135.0,150.0
44803,252.0,101.0,143.0,143.0
44804,275.0,106.0,155.0,151.0
44805,256.0,224.0,163.0,134.0
44806,252.0,89.0,140.0,134.0
44807,226.0,74.0,132.0,117.0
44808,259.0,110.0,148.0,151.0
44809,257.0,114.0,127.0,162.0
44810,261.0,107.0,148.0,152.0
44811,240.0,204.0,139.0,134.0
44812,252.0,201.0,152.0,149.0
44813,254.0,213.0,135.0,136.0
44814,224.0,118.0,129.0,120.0
44815,231.0,198.0,124.0,133.0
44816,237.0,109.0,132.0,136.0
44817,266.0,157.0,151.0,130.0
44818,258.0,255.0,145.0,148.0
44819,260.0,212.0,136.0,143.0
44820,231.0,74.0,130.0,131.0
44821,240.0,143.0,130.0,133.0
44822,249.0,199.0,128.0,143.0
44823,274.0,119.0,144.0,156.0
44824,239.0,124.0,136.0,135.0
44825,245.0,105.0,126.0,146.0
44826,273.0,254.0,158.0,153.0
44827,247.0,177.0,138.0,140.0
44828,252.0,98.0,123.0,129.0
44829,244.0,121.0,133.0,134.0
44830,227.0,104.0,129.0,126.0
44831,287.0,256.0,160.0,160.0
44832,246.0,98.0,129.0,132.0
44833,239.0,119.0,144.0,132.0
44834,246.0,85.0,140.0,137.0
44835,240.0,132.0,151.0,134.0
44836,284.0,121.0,160.0,149.0
44837,262.0,223.0,140.0,158.0
44838,235.0,134.0,132.0,127.0
44839,224.0,87.0,114.0,139.0
44840,267.0,100.0,131.0,139.0
44841,260.0,123.0,137.0,146.0
44842,257.0,106.0,154.0,156.0
44843,254.0,92.0,149.0,140.0
44844,282.0,275.0,151.0,164.0
44845,269.0,267.0,142.0,146.0
44846,232.0,84.0,132.0,130.0
44847,250.0,72.0,142.0,143.0
44848,253.0,132.0,132.0,127.0
44849,268.0,236.0,143.0,152.0
44850,236.0,128.0,140.0,140.0
44851,244.0,101.0,155.0,135.0
44852,265.0,126.0,152.0,137.0
44853,258.0,126.0,152.0,160.0
44854,259.0,151.0,146.0,155.0
44855,241.0,60.0,133.0,118.0
44856,254.0,113.0,137.0,135.0
44857,255.0,114.0,152.0,137.0
44858,270.0,118.0,144.0,164.0
44859,266.0,228.0,146.0,133.0
44860,212.0,116.0,111.0,126.0
44861,239.0,107.0,147.0,131.0
44862,245.0,138.0,140.0,140.0
44863,228.0,114.0,128.0,133.0
44864,249.0,237.0,140.0,121.0
44865,245.0,193.0,136.0,136.0
44866,247.0,132.0,153.0,138.0
44867,246.0,243.0,127.0,147.0
44868,248.0,79.0,134.0,139.0
44869,254.0,125.0,135.0,136.0
44870,220.0,63.0,134.0,125.0
44871,258.0,142.0,151.0,142.0
44872,270.0,135.0,154.0,168.0
44873,230.0,220.0,130.0,121.0
44874,248.0,216.0,132.0,158.0
44875,242.0,123.0,136.0,122.0
44876,250.0,149.0,138.0,132.0
44877,266.0,120.0,148.0,143.0
44878,266.0,229.0,167.0,157.0
44879,261.0,114.0,145.0,135.0
44880,254.0,115.0,144.0,132.0
44881,284.0,249.0,161.0,158.0
44882,233.0,140.0,127.0,144.0
44883,251.0,115.0,138.0,135.0
44884,241.0,201.0,140.0,134.0
44885,268.0,133.0,139.0,158.0
44886,255.0,217.0,137.0,157.0
44887,241.0,149.0,154.0,121.0
44888,236.0,113.0,132.0,145.0
44889,244.0,117.0,142.0,145.0
44890,253.0,171.0,133.0,138.0
44891,241.0,82.0,123.0,135.0
44892,247.0,152.0,137.0,142.0
44893,253.0,162.0,145.0,142.0
44894,270.0,128.0,146.0,171.0
44895,266.0,256.0,161.0,141.0
44896,226.0,108.0,134.0,121.0
44897,243.0,134.0,133.0,127.0
44898,260.0,85.0,152.0,141.0
44899,253.0,228.0,137.0,143.0
44900,256.0,128.0,129.0,134.0
44901,233.0,202.0,139.0,149.0
44902,260.0,121.0,136.0,129.0
44903,254.0,200.0,140.0,144.0
44904,243.0,130.0,127.0,156.0
44905,251.0,118.0,141.0,127.0
44906,241.0,90.0,124.0,136.0
44907,271.0,114.0,142.0,159.0
44908,263.0,84.0,144.0,152.0
44909,244.0,78.0,133.0,127.0
44910,236.0,124.0,143.0,127.0
44911,230.0,119.0,127.0,121.0
44912,247.0,118.0,135.0,149.0
44913,236.0,116.0,126.0,131.0
44914,241.0,211.0,137.0,117.0
44915,220.0,183.0,128.0,122.0
44916,245.0,97.0,143.0,140.0
44917,254.0,237.0,137.0,154.0
44918,246.0,129.0,146.0,139.0
44919,267.0,151.0,151.0,143.0
44920,238.0,212.0,123.0,138.0
44921,258.0,138.0,127.0,139.0
44922,266.0,124.0,133.0,146.0
44923,251.0,89.0,140.0,148.0
44924,256.0,129.0,157.0,143.0
44925,212.0,186.0,115.0,122.0
44926,243.0,82.0,151.0,152.0
44927,268.0,115.0,145.0,152.0
44928,236.0,200.0,130.0,136.0
44929,258.0,251.0,147.0,154.0
44930,276.0,147.0,138.0,163.0
44931,264.0,202.0,150.0,151.0
44932,238.0,117.0,130.0,135.0
44933,244.0,218.0,139.0,130.0
44934,244.0,76.0,151.0,137.0
44935,245.0,223.0,138.0,133.0
44936,245.0,119.0,138.0,127.0
44937,269.0,128.0,153.0,155.0
44938,267.0,228.0,140.0,151.0
44939,258.0,235.0,145.0,150.0
44940,243.0,231.0,129.0,129.0
44941,254.0,160.0,132.0,144.0
44942,223.0,78.0,128.0,111.0
44943,263.0,107.0,145.0,141.0
44944,255.0,99.0,153.0,140.0
44945,278.0,155.0,165.0,151.0
44946,230.0,124.0,146.0,124.0
44947,253.0,141.0,143.0,137.0
44948,272.0,128.0,145.0,157.0
44949,232.0,61.0,114.0,127.0
44950,250.0,120.0,144.0,131.0
44951,240.0,223.0,135.0,135.0
44952,253.0,107.0,148.0,143.0
44953,253.0,79.0,136.0,137.0
44954,252.0,78.0,138.0,140.0
44955,240.0,201.0,136.0,138.0
44956,246.0,136.0,134.0,130.0
44957,237.0,89.0,136.0,140.0
44958,253.0,73.0,149.0,130.0
44959,239.0,107.0,142.0,138.0
44960,256.0,70.0,151.0,135.0
44961,260.0,229.0,133.0,135.0
44962,265.0,259.0,141.0,162.0
44963,237.0,130.0,124.0,131.0
44964,237.0,69.0,130.0,139.0
44965,272.0,135.0,155.0,160.0
44966,262.0,104.0,149.0,139.0
44967,246.0,96.0,140.0,142.0
44968,231.0,197.0,141.0,134.0
44969,260.0,237.0,162.0,150.0
44970,258.0,227.0,148.0,150.0
44971,275.0,119.0,151.0,149.0
44972,251.0,225.0,133.0,127.0
44973,257.0,129.0,151.0,139.0
44974,237.0,125.0,142.0,152.0
44975,254.0,213.0,138.0,145.0
44976,245.0,87.0,147.0,137.0
44977,232.0,198.0,111.0,129.0
44978,267.0,110.0,145.0,145.0
44979,256.0,223.0,142.0,144.0
44980,252.0,80.0,145.0,136.0
44981,243.0,114.0,139.0,141.0
44982,244.0,140.0,141.0,138.0
44983,255.0,217.0,133.0,144.0
44984,251.0,116.0,136.0,150.0
44985,247.0,214.0,127.0,141.0
44986,253.0,125.0,138.0,139.0
44987,249.0,88.0,145.0,143.0
44988,277.0,151.0,169.0,155.0
44989,237.0,202.0,133.0,131.0
44990,268.0,115.0,158.0,153.0
44991,244.0,212.0,153.0,141.0
44992,271.0,131.0,163.0,153.0
44993,224.0,114.0,124.0,137.0
44994,269.0,225.0,157.0,149.0
44995,252.0,140.0,142.0,144.0
44996,270.0,129.0,146.0,144.0
44997,261.0,106.0,142.0,156.0
44998,251.0,220.0,134.0,145.0
44999,232.0,207.0,134.0,136.0
45000,269.0,238.0,149.0,164.0
45001,268.0,133.0,166.0,144.0
45002,232.0,222.0,131.0,146.0
45003,245.0,143.0,111.0,136.0
45004,254.0,211.0,134.0,150.0
45005,247.0,206.0,138.0,139.0
45006,238.0,108.0,126.0,142.0
45007,226.0,188.0,134.0,119.0
45008,243.0,205.0,127.0,133.0
45009,272.0,80.0,158.0,155.0
45010,249.0,100.0,157.0,154.0
45011,255.0,126.0,125.0,141.0
45012,243.0,108.0,138.0,125.0
45013,247.0,106.0,128.0,142.0
45014,246.0,85.0,133.0,132.0
45015,267.0,90.0,149.0,144.0
45016,246.0,82.0,128.0,136.0
45017,241.0,103.0,149.0,130.0
45018,271.0,241.0,147.0,168.0
45019,232.0,101.0,136.0,128.0
45020,262.0,105.0,149.0,150.0
45021,231.0,121.0,138.0,131.0
45022,246.0,102.0,156.0,128.0
45023,245.0,117.0,137.0,150.0
45024,266.0,236.0,145.0,162.0
45025,238.0,125.0,137.0,135.0
45026,244.0,123.0,143.0,132.0
45027,255.0,110.0,132.0,150.0
45028,248.0,201.0,134.0,140.0
45029,236.0,97.0,122.0,131.0
45030,235.0,210.0,117.0,143.0
45031,246.0,109.0,134.0,128.0
45032,263.0,108.0,135.0,138.0
45033,245.0,123.0,132.0,150.0
45034,251.0,218.0,152.0,125.0
45035,269.0,174.0,158.0,148.0
45036,234.0,72.0,132.0,128.0
45037,251.0,222.0,138.0,158.0
45038,252.0,65.0,137.0,135.0
45039,268.0,98.0,150.0,152.0
45040,240.0,96.0,140.0,134.0
45041,228.0,126.0,123.0,123.0
45042,218.0,102.0,111.0,128.0
45043,255.0,81.0,149.0,152.0
45044,268.0,84.0,140.0,144.0
45045,255.0,184.0,142.0,140.0
45046,257.0,126.0,160.0,148.0
45047,246.0,220.0,134.0,146.0
45048,240.0,85.0,133.0,134.0
45049,247.0,213.0,154.0,141.0
45050,216.0,195.0,112.0,111.0
45051,227.0,86.0,116.0,125.0
45052,250.0,216.0,138.0,147.0
45053,252.0,125.0,149.0,149.0
45054,250.0,141.0,140.0,136.0
45055,250.0,224.0,139.0,151.0
45056,246.0,206.0,140.0,137.0
45057,260.0,250.0,150.0,135.0
45058,226.0,65.0,130.0,112.0
45059,238.0,182.0,143.0,137.0
45060,262.0,160.0,156.0,140.0
45061,270.0,136.0,138.0,139.0
45062,258.0,227.0,132.0,142.0
45063,233.0,202.0,128.0,128.0
45064,238.0,197.0,138.0,132.0
45065,237.0,43.0,134.0,143.0
45066,242.0,125.0,135.0,127.0
45067,241.0,81.0,138.0,129.0
45068,252.0,111.0,141.0,150.0
45069,262.0,113.0,141.0,145.0
45070,230.0,97.0,129.0,118.0
45071,260.0,128.0,146.0,147.0
45072,238.0,117.0,137.0,131.0
45073,276.0,181.0,159.0,155.0
45074,242.0,201.0,127.0,125.0
45075,237.0,114.0,114.0,118.0
45076,256.0,181.0,147.0,140.0
45077,269.0,102.0,156.0,150.0
45078,246.0,212.0,136.0,139.0
45079,239.0,74.0,134.0,128.0
45080,250.0,215.0,150.0,144.0
45081,232.0,87.0,136.0,140.0
45082,245.0,66.0,145.0,135.0
45083,227.0,69.0,131.0,123.0
45084,247.0,221.0,142.0,140.0
45085,257.0,251.0,128.0,139.0
45086,240.0,234.0,132.0,136.0
45087,249.0,219.0,137.0,134.0
45088,261.0,232.0,145.0,143.0
45089,243.0,122.0,124.0,138.0
45090,224.0,86.0,122.0,125.0
45091,258.0,108.0,146.0,159.0
45092,260.0,119.0,138.0,143.0
45093,252.0,105.0,142.0,143.0
45094,234.0,136.0,125.0,142.0
45095,250.0,213.0,147.0,142.0
45096,243.0,204.0,139.0,146.0
45097,251.0,227.0,133.0,138.0
45098,229.0,85.0,135.0,126.0
45099,271.0,232.0,165.0,149.0
45100,260.0,53.0,141.0,145.0
45101,254.0,148.0,148.0,135.0
45102,248.0,220.0,129.0,151.0
45103,243.0,116.0,135.0,148.0
45104,259.0,157.0,153.0,145.0
45105,257.0,247.0,163.0,147.0
45106,243.0,127.0,150.0,144.0
45107,236.0,178.0,139.0,130.0
45108,257.0,252.0,146.0,145.0
45109,254.0,83.0,161.0,142.0
45110,262.0,123.0,164.0,143.0
45111,249.0,123.0,137.0,134.0
45112,243.0,220.0,143.0,138.0
45113,246.0,120.0,136.0,137.0
45114,248.0,240.0,146.0,131.0
45115,258.0,101.0,151.0,147.0
45116,232.0,99.0,119.0,136.0
45117,278.0,241.0,138.0,160.0
45118,251.0,214.0,129.0,138.0
45119,250.0,241.0,129.0,148.0
45120,245.0,120.0,146.0,134.0
45121,235.0,85.0,146.0,127.0
45122,253.0,83.0,143.0,138.0
45123,242.0,165.0,136.0,137.0
45124,248.0,108.0,136.0,134.0
45125,246.0,234.0,153.0,138.0
45126,256.0,215.0,150.0,137.0
45127,253.0,131.0,132.0,148.0
45128,243.0,213.0,133.0,131.0
45129,244.0,79.0,153.0,130.0
45130,248.0,93.0,151.0,144.0
45131,248.0,117.0,147.0,137.0
45132,241.0,199.0,132.0,137.0
45133,254.0,128.0,142.0,148.0
45134,236.0,98.0,140.0,127.0
45135,265.0,115.0,140.0,141.0
45136,265.0,233.0,155.0,166.0
45137,231.0,225.0,130.0,143.0
45138,242.0,110.0,144.0,134.0
45139,258.0,122.0,146.0,144.0
45140,238.0,159.0,125.0,133.0
45141,255.0,126.0,159.0,148.0
45142,209.0,133.0,106.0,119.0
45143,266.0,115.0,146.0,153.0
45144,260.0,88.0,144.0,139.0
45145,263.0,174.0,142.0,155.0
45146,242.0,124.0,130.0,139.0
45147,252.0,243.0,138.0,129.0
45148,245.0,236.0,124.0,146.0
45149,249.0,110.0,135.0,132.0
45150,251.0,122.0,136.0,139.0
45151,240.0,106.0,139.0,149.0
45152,253.0,216.0,140.0,144.0
45153,268.0,98.0,149.0,168.0
45154,268.0,125.0,152.0,142.0
45155,257.0,111.0,145.0,133.0
45156,258.0,116.0,142.0,135.0
45157,258.0,156.0,157.0,137.0
45158,261.0,119.0,145.0,157.0
45159,273.0,109.0,161.0,155.0
45160,242.0,76.0,151.0,152.0
45161,254.0,109.0,137.0,152.0
45162,259.0,118.0,127.0,155.0
45163,244.0,131.0,142.0,139.0
45164,264.0,112.0,152.0,160.0
45165,273.0,137.0,150.0,160.0
45166,257.0,153.0,144.0,132.0
45167,237.0,209.0,144.0,148.0
45168,252.0,223.0,144.0,135.0
45169,261.0,133.0,144.0,154.0
45170,251.0,44.0,148.0,142.0
45171,246.0,217.0,134.0,131.0
45172,262.0,227.0,155.0,146.0
45173,242.0,207.0,148.0,137.0
45174,258.0,115.0,147.0,140.0
45175,255.0,138.0,141.0,153.0
45176,245.0,105.0,156.0,146.0
45177,254.0,211.0,142.0,147.0
45178,221.0,77.0,121.0,131.0
45179,239.0,131.0,141.0,142.0
45180,249.0,166.0,141.0,117.0
45181,243.0,123.0,158.0,136.0
45182,251.0,105.0,150.0,137.0
45183,256.0,240.0,150.0,135.0
45184,229.0,188.0,127.0,138.0
45185,247.0,204.0,133.0,140.0
45186,254.0,113.0,147.0,132.0
45187,256.0,163.0,159.0,137.0
45188,251.0,142.0,134.0,142.0
45189,266.0,230.0,130.0,160.0
45190,237.0,209.0,140.0,139.0
45191,238.0,200.0,134.0,137.0
45192,225.0,183.0,130.0,121.0
45193,242.0,200.0,133.0,136.0
45194,246.0,227.0,133.0,141.0
45195,236.0,209.0,132.0,132.0
45196,235.0,203.0,131.0,144.0
45197,227.0,186.0,145.0,112.0
45198,256.0,114.0,140.0,137.0
45199,239.0,215.0,127.0,143.0
45200,252.0,216.0,151.0,147.0
45201,237.0,205.0,135.0,136.0
45202,267.0,93.0,158.0,155.0
45203,236.0,112.0,129.0,135.0
45204,258.0,215.0,157.0,161.0
45205,240.0,48.0,150.0,138.0
45206,254.0,90.0,139.0,140.0
45207,248.0,106.0,154.0,148.0
45208,249.0,214.0,143.0,139.0
45209,259.0,227.0,128.0,152.0
45210,238.0,121.0,130.0,138.0
45211,243.0,202.0,138.0,153.0
45212,254.0,122.0,147.0,151.0
45213,253.0,150.0,127.0,143.0
45214,254.0,96.0,138.0,136.0
45215,255.0,67.0,135.0,128.0
45216,258.0,126.0,142.0,141.0
45217,253.0,116.0,139.0,129.0
45218,242.0,143.0,149.0,126.0
45219,256.0,143.0,142.0,144.0
45220,246.0,50.0,145.0,144.0
45221,239.0,99.0,139.0,117.0
45222,263.0,92.0,147.0,156.0
45223,249.0,140.0,145.0,138.0
45224,284.0,251.0,159.0,173.0
45225,243.0,91.0,132.0,148.0
45226,236.0,226.0,136.0,122.0
45227,270.0,161.0,161.0,148.0
45228,250.0,117.0,135.0,137.0
45229,247.0,124.0,147.0,137.0
45230,259.0,90.0,139.0,135.0
45231,225.0,76.0,132.0,127.0
45232,273.0,232.0,134.0,150.0
45233,241.0,141.0,127.0,135.0
45234,274.0,118.0,154.0,158.0
45235,251.0,143.0,147.0,140.0
45236,265.0,213.0,156.0,137.0
45237,230.0,75.0,138.0,118.0
45238,259.0,224.0,142.0,147.0
45239,248.0,135.0,117.0,151.0
45240,260.0,95.0,158.0,142.0
45241,253.0,133.0,138.0,125.0
45242,264.0,251.0,139.0,155.0
45243,249.0,92.0,143.0,142.0
45244,264.0,108.0,145.0,135.0
45245,264.0,95.0,150.0,151.0
45246,244.0,86.0,145.0,147.0
45247,249.0,213.0,133.0,153.0
45248,234.0,93.0,133.0,134.0
45249,226.0,125.0,134.0,126.0
45250,239.0,63.0,116.0,129.0
45251,251.0,96.0,136.0,148.0
45252,217.0,178.0,128.0,123.0
45253,250.0,127.0,139.0,159.0
45254,237.0,124.0,126.0,121.0
45255,254.0,119.0,155.0,141.0
45256,242.0,192.0,148.0,131.0
45257,251.0,206.0,149.0,148.0
45258,237.0,153.0,135.0,137.0
45259,246.0,208.0,144.0,144.0
45260,233.0,210.0,138.0,129.0
45261,233.0,107.0,137.0,137.0
45262,251.0,111.0,131.0,143.0
45263,240.0,209.0,139.0,122.0
45264,276.0,179.0,154.0,144.0
45265,266.0,85.0,147.0,145.0
45266,239.0,213.0,126.0,144.0
45267,270.0,91.0,132.0,150.0
45268,248.0,106.0,146.0,137.0
45269,263.0,122.0,136.0,157.0
45270,232.0,140.0,124.0,138.0
45271,257.0,146.0,146.0,149.0
45272,264.0,104.0,143.0,159.0
45273,246.0,220.0,137.0,132.0
45274,251.0,134.0,139.0,138.0
45275,269.0,155.0,155.0,161.0
45276,255.0,86.0,141.0,156.0
45277,252.0,74.0,146.0,138.0
45278,240.0,89.0,134.0,127.0
45279,234.0,200.0,137.0,131.0
45280,247.0,211.0,134.0,139.0
45281,230.0,107.0,126.0,124.0
45282,245.0,103.0,137.0,143.0
45283,278.0,105.0,154.0,160.0
45284,252.0,244.0,128.0,134.0
45285,246.0,83.0,127.0,128.0
45286,246.0,80.0,132.0,134.0
45287,251.0,242.0,137.0,152.0
45288,238.0,108.0,126.0,127.0
45289,260.0,226.0,150.0,151.0
45290,239.0,136.0,132.0,140.0
45291,273.0,245.0,138.0,145.0
45292,230.0,200.0,135.0,129.0
45293,257.0,102.0,146.0,138.0
45294,253.0,221.0,140.0,148.0
45295,240.0,99.0,139.0,132.0
45296,256.0,94.0,152.0,149.0
45297,279.0,114.0,147.0,146.0
45298,260.0,72.0,143.0,138.0
45299,265.0,91.0,141.0,156.0
45300,261.0,212.0,147.0,140.0
45301,268.0,240.0,142.0,153.0
45302,271.0,108.0,170.0,149.0
45303,260.0,131.0,136.0,140.0
45304,237.0,93.0,122.0,125.0
45305,254.0,127.0,140.0,159.0
45306,240.0,88.0,131.0,121.0
45307,249.0,103.0,148.0,147.0
45308,248.0,98.0,140.0,135.0
45309,257.0,109.0,138.0,151.0
45310,237.0,58.0,141.0,142.0
45311,253.0,94.0,133.0,131.0
45312,263.0,107.0,142.0,141.0
45313,248.0,209.0,130.0,126.0
45314,251.0,196.0,132.0,145.0
45315,246.0,112.0,136.0,130.0
45316,240.0,231.0,137.0,147.0
45317,238.0,209.0,132.0,140.0
45318,239.0,137.0,140.0,128.0
45319,231.0,193.0,130.0,134.0
45320,265.0,255.0,161.0,135.0
45321,242.0,110.0,141.0,136.0
45322,278.0,112.0,157.0,152.0
45323,238.0,137.0,140.0,131.0
45324,254.0,133.0,142.0,142.0
45325,225.0,44.0,126.0,130.0
45326,272.0,128.0,148.0,150.0
45327,266.0,236.0,147.0,145.0
45328,234.0,188.0,139.0,123.0
45329,254.0,185.0,156.0,138.0
45330,260.0,222.0,157.0,152.0
45331,262.0,80.0,157.0,148.0
45332,265.0,114.0,147.0,158.0
45333,253.0,220.0,135.0,136.0
45334,223.0,72.0,109.0,125.0
45335,263.0,75.0,162.0,137.0
45336,270.0,149.0,154.0,153.0
45337,241.0,200.0,134.0,127.0
45338,289.0,108.0,152.0,155.0
45339,235.0,111.0,137.0,141.0
45340,269.0,231.0,161.0,151.0
45341,231.0,53.0,136.0,128.0
45342,245.0,214.0,125.0,146.0
45343,255.0,225.0,132.0,137.0
45344,258.0,101.0,133.0,158.0
45345,250.0,101.0,140.0,149.0
45346,258.0,230.0,141.0,157.0
45347,235.0,115.0,133.0,123.0
45348,245.0,122.0,128.0,138.0
45349,268.0,156.0,142.0,137.0
45350,239.0,87.0,143.0,133.0
45351,269.0,121.0,161.0,162.0
45352,256.0,174.0,139.0,152.0
45353,251.0,84.0,137.0,139.0
45354,263.0,142.0,168.0,146.0
45355,246.0,84.0,144.0,136.0
45356,269.0,257.0,155.0,156.0
45357,253.0,90.0,136.0,129.0
45358,230.0,199.0,138.0,123.0
45359,242.0,137.0,134.0,123.0
45360,240.0,239.0,137.0,139.0
45361,226.0,112.0,133.0,124.0
45362,272.0,100.0,143.0,143.0
45363,228.0,193.0,118.0,127.0
45364,266.0,123.0,166.0,139.0
45365,240.0,155.0,135.0,137.0
45366,262.0,217.0,144.0,139.0
45367,245.0,147.0,151.0,150.0
45368,253.0,187.0,145.0,140.0
45369,246.0,201.0,136.0,148.0
45370,252.0,136.0,141.0,146.0
45371,245.0,93.0,145.0,137.0
45372,258.0,95.0,152.0,144.0
45373,252.0,98.0,130.0,129.0
45374,263.0,239.0,159.0,135.0
45375,252.0,123.0,140.0,143.0
45376,259.0,94.0,143.0,150.0
45377,231.0,140.0,120.0,136.0
45378,246.0,129.0,133.0,118.0
45379,269.0,117.0,143.0,148.0
45380,242.0,85.0,132.0,130.0
45381,232.0,199.0,143.0,111.0
45382,253.0,121.0,146.0,153.0
45383,272.0,86.0,156.0,139.0
45384,259.0,148.0,137.0,155.0
45385,247.0,121.0,137.0,135.0
45386,254.0,110.0,136.0,150.0
45387,251.0,186.0,140.0,138.0
45388,258.0,118.0,144.0,153.0
45389,242.0,129.0,128.0,130.0
45390,247.0,202.0,152.0,136.0
45391,238.0,116.0,127.0,129.0
45392,229.0,198.0,146.0,125.0
45393,242.0,124.0,141.0,133.0
45394,295.0,169.0,180.0,177.0
45395,259.0,103.0,156.0,153.0
45396,253.0,87.0,131.0,147.0
45397,243.0,83.0,133.0,125.0
45398,272.0,226.0,146.0,161.0
45399,250.0,207.0,140.0,136.0
45400,265.0,210.0,153.0,133.0
45401,263.0,140.0,137.0,155.0
45402,240.0,121.0,130.0,138.0
45403,253.0,156.0,137.0,145.0
45404,265.0,258.0,153.0,159.0
45405,235.0,68.0,131.0,126.0
45406,254.0,178.0,140.0,132.0
45407,247.0,148.0,145.0,144.0
45408,254.0,131.0,139.0,132.0
45409,243.0,87.0,150.0,128.0
45410,259.0,137.0,144.0,154.0
45411,248.0,111.0,145.0,141.0
45412,243.0,121.0,132.0,157.0
45413,263.0,112.0,148.0,150.0
45414,241.0,128.0,123.0,124.0
45415,228.0,117.0,119.0,140.0
45416,262.0,86.0,147.0,145.0
45417,274.0,274.0,165.0,159.0
45418,231.0,110.0,133.0,125.0
45419,252.0,108.0,141.0,149.0
45420,276.0,133.0,143.0,150.0
45421,252.0,207.0,144.0,147.0
45422,270.0,114.0,165.0,174.0
45423,255.0,152.0,136.0,153.0
45424,268.0,103.0,159.0,143.0
45425,256.0,120.0,145.0,152.0
45426,256.0,115.0,135.0,139.0
45427,238.0,108.0,139.0,127.0
45428,235.0,72.0,131.0,114.0
45429,252.0,124.0,132.0,140.0
45430,256.0,91.0,146.0,153.0
45431,235.0,207.0,132.0,146.0
45432,242.0,116.0,136.0,147.0
45433,223.0,149.0,126.0,135.0
45434,241.0,51.0,131.0,130.0
45435,234.0,200.0,129.0,137.0
45436,223.0,198.0,131.0,115.0
45437,269.0,115.0,147.0,159.0
45438,258.0,160.0,132.0,142.0
45439,229.0,199.0,123.0,132.0
45440,246.0,117.0,139.0,138.0
45441,256.0,228.0,139.0,134.0
45442,231.0,106.0,127.0,113.0
45443,249.0,102.0,147.0,144.0
45444,247.0,156.0,128.0,135.0
45445,261.0,125.0,141.0,137.0
45446,257.0,114.0,138.0,142.0
45447,261.0,148.0,146.0,146.0
45448,243.0,102.0,136.0,151.0
45449,245.0,213.0,141.0,155.0
45450,223.0,113.0,130.0,140.0
45451,232.0,123.0,129.0,116.0
45452,239.0,142.0,139.0,132.0
45453,263.0,106.0,147.0,149.0
45454,247.0,100.0,139.0,134.0
45455,254.0,209.0,135.0,144.0
45456,219.0,82.0,137.0,115.0
45457,260.0,108.0,146.0,152.0
45458,255.0,125.0,146.0,154.0
45459,262.0,228.0,168.0,146.0
45460,275.0,110.0,155.0,142.0
45461,260.0,100.0,145.0,157.0
45462,246.0,219.0,131.0,138.0
45463,260.0,74.0,149.0,135.0
45464,245.0,199.0,148.0,147.0
45465,235.0,111.0,137.0,146.0
45466,248.0,146.0,136.0,141.0
45467,279.0,274.0,156.0,168.0
45468,252.0,113.0,143.0,141.0
45469,270.0,142.0,143.0,155.0
45470,239.0,123.0,132.0,128.0
45471,248.0,79.0,148.0,124.0
45472,269.0,238.0,145.0,155.0
45473,270.0,80.0,161.0,141.0
45474,279.0,112.0,160.0,163.0
45475,255.0,123.0,147.0,128.0
45476,231.0,109.0,128.0,128.0
45477,244.0,92.0,133.0,147.0
45478,252.0,144.0,143.0,174.0
45479,269.0,121.0,167.0,163.0
45480,245.0,208.0,142.0,126.0
45481,259.0,97.0,149.0,155.0
45482,249.0,92.0,154.0,156.0
45483,259.0,96.0,143.0,147.0
45484,260.0,131.0,144.0,138.0
45485,258.0,139.0,139.0,146.0
45486,235.0,195.0,144.0,128.0
45487,246.0,238.0,153.0,155.0
45488,240.0,239.0,128.0,138.0
45489,228.0,110.0,118.0,135.0
45490,254.0,90.0,138.0,140.0
45491,256.0,120.0,141.0,154.0
45492,251.0,209.0,152.0,148.0
45493,243.0,114.0,123.0,141.0
45494,243.0,218.0,145.0,142.0
45495,239.0,111.0,129.0,141.0
45496,265.0,256.0,163.0,147.0
45497,256.0,55.0,141.0,138.0
45498,259.0,144.0,147.0,157.0
45499,252.0,128.0,136.0,136.0
45500,254.0,251.0,150.0,133.0
45501,225.0,201.0,123.0,121.0
45502,258.0,134.0,137.0,141.0
45503,245.0,77.0,147.0,138.0
45504,244.0,119.0,144.0,115.0
45505,227.0,143.0,135.0,121.0
45506,238.0,129.0,128.0,133.0
45507,223.0,120.0,119.0,130.0
45508,240.0,100.0,140.0,133.0
45509,247.0,243.0,142.0,142.0
45510,231.0,197.0,143.0,130.0
45511,252.0,190.0,153.0,145.0
45512,228.0,107.0,126.0,124.0
45513,256.0,115.0,138.0,131.0
45514,245.0,96.0,149.0,119.0
45515,243.0,75.0,126.0,139.0
45516,259.0,124.0,143.0,134.0
45517,247.0,121.0,126.0,137.0
45518,269.0,249.0,150.0,154.0
45519,229.0,76.0,138.0,129.0
45520,252.0,182.0,143.0,154.0
45521,244.0,121.0,140.0,147.0
45522,249.0,213.0,141.0,128.0
45523,240.0,210.0,131.0,133.0
45524,255.0,226.0,131.0,137.0
45525,243.0,217.0,121.0,133.0
45526,258.0,154.0,153.0,136.0
45527,277.0,122.0,161.0,157.0
45528,246.0,100.0,132.0,147.0
45529,252.0,220.0,153.0,143.0
45530,264.0,221.0,140.0,154.0
45531,248.0,156.0,137.0,132.0
45532,240.0,134.0,137.0,130.0
45533,252.0,111.0,137.0,150.0
45534,237.0,137.0,149.0,138.0
45535,247.0,208.0,146.0,135.0
45536,267.0,233.0,154.0,151.0
45537,254.0,107.0,139.0,143.0
45538,247.0,112.0,135.0,134.0
45539,276.0,244.0,158.0,137.0
45540,274.0,240.0,167.0,165.0
45541,264.0,232.0,138.0,150.0
45542,253.0,140.0,125.0,139.0
45543,282.0,277.0,144.0,153.0
45544,238.0,116.0,137.0,145.0
45545,241.0,237.0,145.0,130.0
45546,260.0,256.0,143.0,148.0
45547,253.0,157.0,145.0,146.0
45548,257.0,224.0,157.0,138.0
45549,252.0,99.0,144.0,138.0
45550,242.0,98.0,131.0,140.0
45551,248.0,204.0,132.0,152.0
45552,241.0,111.0,143.0,132.0
45553,248.0,221.0,139.0,141.0
45554,280.0,277.0,163.0,165.0
45555,263.0,80.0,151.0,156.0
45556,237.0,199.0,141.0,142.0
45557,269.0,232.0,172.0,137.0
45558,221.0,95.0,127.0,131.0
45559,236.0,78.0,140.0,136.0
45560,228.0,82.0,124.0,134.0
45561,211.0,130.0,121.0,112.0
45562,271.0,235.0,154.0,151.0
45563,263.0,226.0,145.0,166.0
45564,253.0,102.0,142.0,136.0
45565,243.0,115.0,134.0,129.0
45566,227.0,104.0,119.0,126.0
45567,232.0,130.0,126.0,129.0
45568,255.0,127.0,139.0,137.0
45569,250.0,128.0,145.0,147.0
45570,248.0,215.0,135.0,125.0
45571,269.0,208.0,162.0,153.0
45572,283.0,223.0,155.0,166.0
45573,273.0,97.0,158.0,154.0
45574,243.0,227.0,134.0,130.0
45575,243.0,217.0,135.0,135.0
45576,246.0,220.0,135.0,139.0
45577,263.0,152.0,143.0,150.0
45578,256.0,132.0,132.0,159.0
45579,248.0,150.0,133.0,134.0
45580,243.0,141.0,148.0,133.0
45581,254.0,169.0,145.0,148.0
45582,246.0,107.0,134.0,138.0
45583,246.0,127.0,136.0,137.0
45584,257.0,216.0,140.0,143.0
45585,235.0,148.0,140.0,121.0
45586,272.0,247.0,142.0,145.0
45587,238.0,114.0,138.0,123.0
45588,237.0,200.0,133.0,140.0
45589,247.0,211.0,138.0,138.0
45590,263.0,124.0,150.0,163.0
45591,244.0,159.0,144.0,143.0
45592,230.0,221.0,121.0,123.0
45593,248.0,223.0,115.0,121.0
45594,262.0,226.0,155.0,123.0
45595,263.0,138.0,147.0,147.0
45596,266.0,179.0,150.0,144.0
45597,223.0,192.0,126.0,116.0
45598,256.0,70.0,162.0,137.0
45599,255.0,130.0,151.0,144.0
45600,230.0,192.0,135.0,131.0
45601,238.0,123.0,129.0,135.0
45602,268.0,52.0,152.0,165.0
45603,257.0,231.0,146.0,163.0
45604,237.0,191.0,146.0,131.0
45605,261.0,103.0,145.0,139.0
45606,245.0,108.0,138.0,142.0
45607,263.0,99.0,141.0,146.0
45608,243.0,109.0,149.0,134.0
45609,219.0,147.0,112.0,112.0
45610,253.0,103.0,147.0,124.0
45611,265.0,88.0,135.0,166.0
45612,244.0,109.0,136.0,139.0
45613,245.0,80.0,137.0,136.0
45614,272.0,84.0,164.0,137.0
45615,258.0,241.0,136.0,147.0
45616,239.0,236.0,138.0,133.0
45617,257.0,210.0,142.0,138.0
45618,235.0,79.0,128.0,118.0
45619,268.0,118.0,138.0,154.0
45620,247.0,91.0,152.0,132.0
45621,253.0,102.0,132.0,124.0
45622,266.0,95.0,160.0,152.0
45623,270.0,137.0,151.0,149.0
45624,261.0,225.0,152.0,158.0
45625,249.0,75.0,138.0,154.0
45626,259.0,151.0,143.0,150.0
45627,287.0,269.0,171.0,171.0
45628,250.0,89.0,142.0,139.0
45629,259.0,117.0,146.0,154.0
45630,241.0,214.0,149.0,126.0
45631,237.0,237.0,128.0,134.0
45632,241.0,241.0,133.0,155.0
45633,271.0,134.0,164.0,154.0
45634,258.0,235.0,126.0,134.0
45635,239.0,143.0,125.0,133.0
45636,236.0,97.0,126.0,143.0
45637,239.0,136.0,137.0,136.0
45638,255.0,54.0,140.0,142.0
45639,272.0,193.0,153.0,148.0
45640,264.0,108.0,141.0,140.0
45641,260.0,153.0,136.0,144.0
45642,248.0,100.0,132.0,129.0
45643,212.0,91.0,114.0,125.0
45644,258.0,51.0,143.0,147.0
45645,231.0,70.0,125.0,129.0
45646,258.0,76.0,135.0,148.0
45647,249.0,106.0,144.0,129.0
45648,266.0,228.0,147.0,149.0
45649,233.0,195.0,121.0,126.0
45650,241.0,208.0,140.0,134.0
45651,256.0,115.0,148.0,148.0
45652,254.0,218.0,140.0,139.0
45653,241.0,83.0,127.0,133.0
45654,237.0,135.0,138.0,141.0
45655,266.0,131.0,152.0,145.0
45656,246.0,68.0,136.0,136.0
45657,261.0,230.0,161.0,137.0
45658,245.0,172.0,118.0,141.0
45659,253.0,220.0,147.0,124.0
45660,230.0,191.0,134.0,124.0
45661,264.0,123.0,158.0,155.0
45662,254.0,134.0,138.0,147.0
45663,250.0,221.0,138.0,136.0
45664,230.0,224.0,126.0,111.0
45665,261.0,119.0,145.0,145.0
45666,268.0,122.0,158.0,144.0
45667,222.0,115.0,125.0,115.0
45668,257.0,109.0,155.0,139.0
45669,265.0,152.0,156.0,152.0
45670,254.0,103.0,133.0,139.0
45671,264.0,112.0,150.0,144.0
45672,268.0,248.0,158.0,156.0
45673,243.0,59.0,138.0,138.0
45674,263.0,105.0,139.0,145.0
45675,249.0,129.0,137.0,147.0
45676,239.0,50.0,127.0,133.0
45677,228.0,138.0,140.0,121.0
45678,242.0,94.0,140.0,134.0
45679,229.0,111.0,133.0,142.0
45680,241.0,204.0,140.0,137.0
45681,250.0,131.0,133.0,147.0
45682,241.0,236.0,140.0,122.0
45683,263.0,161.0,168.0,145.0
45684,246.0,87.0,138.0,128.0
45685,263.0,165.0,152.0,152.0
45686,257.0,129.0,139.0,149.0
45687,252.0,215.0,140.0,135.0
45688,254.0,106.0,133.0,136.0
45689,246.0,91.0,144.0,134.0
45690,231.0,89.0,119.0,135.0
45691,245.0,120.0,135.0,135.0
45692,248.0,85.0,156.0,141.0
45693,226.0,187.0,122.0,137.0
45694,241.0,116.0,131.0,131.0
45695,252.0,195.0,130.0,158.0
45696,252.0,194.0,146.0,136.0
45697,266.0,117.0,141.0,134.0
45698,245.0,103.0,143.0,127.0
45699,228.0,199.0,132.0,126.0
45700,273.0,58.0,160.0,169.0
45701,287.0,154.0,163.0,165.0
45702,276.0,194.0,141.0,157.0
45703,254.0,167.0,131.0,145.0
45704,230.0,190.0,121.0,130.0
45705,243.0,93.0,122.0,149.0
45706,246.0,200.0,143.0,141.0
45707,234.0,96.0,137.0,141.0
45708,243.0,212.0,149.0,127.0
45709,231.0,103.0,132.0,136.0
45710,242.0,103.0,124.0,141.0
45711,228.0,136.0,142.0,123.0
45712,260.0,112.0,137.0,145.0
45713,242.0,227.0,141.0,147.0
45714,225.0,90.0,143.0,111.0
45715,250.0,79.0,149.0,149.0
45716,252.0,106.0,154.0,145.0
45717,236.0,150.0,130.0,132.0
45718,254.0,114.0,124.0,145.0
45719,263.0,74.0,149.0,144.0
45720,245.0,163.0,156.0,141.0
45721,270.0,223.0,149.0,149.0
45722,229.0,126.0,140.0,123.0
45723,266.0,104.0,137.0,149.0
45724,227.0,191.0,135.0,128.0
45725,222.0,110.0,112.0,133.0
45726,269.0,89.0,150.0,156.0
45727,224.0,64.0,131.0,128.0
45728,259.0,122.0,147.0,130.0
45729,247.0,90.0,140.0,141.0
45730,253.0,138.0,134.0,143.0
45731,245.0,119.0,139.0,147.0
45732,253.0,84.0,146.0,128.0
45733,235.0,194.0,125.0,125.0
45734,248.0,213.0,135.0,134.0
45735,252.0,127.0,146.0,130.0
45736,256.0,76.0,152.0,147.0
45737,258.0,232.0,148.0,155.0
45738,248.0,85.0,134.0,138.0
45739,239.0,87.0,146.0,139.0
45740,255.0,202.0,140.0,149.0
45741,237.0,122.0,148.0,124.0
45742,239.0,175.0,135.0,129.0
45743,238.0,223.0,142.0,134.0
45744,248.0,125.0,143.0,140.0
45745,239.0,84.0,139.0,140.0
45746,255.0,215.0,157.0,139.0
45747,238.0,208.0,138.0,146.0
45748,244.0,219.0,126.0,133.0
45749,241.0,109.0,154.0,128.0
45750,300.0,196.0,169.0,158.0
45751,264.0,123.0,140.0,158.0
45752,256.0,227.0,143.0,145.0
45753,259.0,193.0,150.0,142.0
45754,246.0,141.0,139.0,142.0
45755,265.0,109.0,149.0,140.0
45756,222.0,104.0,134.0,118.0
45757,255.0,103.0,146.0,144.0
45758,234.0,105.0,142.0,133.0
45759,283.0,122.0,163.0,141.0
45760,223.0,101.0,117.0,122.0
45761,238.0,229.0,120.0,147.0
45762,267.0,129.0,156.0,150.0
45763,252.0,91.0,144.0,118.0
45764,260.0,146.0,132.0,143.0
45765,245.0,135.0,134.0,134.0
45766,253.0,95.0,153.0,149.0
45767,249.0,209.0,139.0,125.0
45768,234.0,115.0,121.0,131.0
45769,246.0,89.0,127.0,134.0
45770,249.0,163.0,129.0,134.0
45771,224.0,135.0,134.0,128.0
45772,247.0,109.0,129.0,141.0
45773,253.0,102.0,143.0,133.0
45774,244.0,220.0,146.0,137.0
45775,246.0,157.0,136.0,136.0
45776,233.0,149.0,141.0,137.0
45777,273.0,145.0,162.0,158.0
45778,251.0,142.0,142.0,143.0
45779,257.0,176.0,139.0,133.0
45780,248.0,158.0,133.0,143.0
45781,252.0,125.0,141.0,156.0
45782,239.0,100.0,135.0,129.0
45783,247.0,108.0,120.0,141.0
45784,249.0,213.0,156.0,134.0
45785,244.0,210.0,133.0,147.0
45786,248.0,215.0,137.0,139.0
45787,285.0,152.0,156.0,153.0
45788,230.0,117.0,128.0,132.0
45789,231.0,119.0,141.0,133.0
45790,228.0,71.0,125.0,132.0
45791,248.0,131.0,132.0,148.0
45792,284.0,170.0,173.0,166.0
45793,243.0,126.0,142.0,144.0
45794,261.0,156.0,147.0,138.0
45795,247.0,107.0,145.0,142.0
45796,226.0,124.0,136.0,131.0
45797,232.0,111.0,144.0,123.0
45798,256.0,216.0,133.0,139.0
45799,257.0,219.0,141.0,136.0
45800,266.0,90.0,152.0,160.0
45801,225.0,123.0,123.0,111.0
45802,233.0,127.0,114.0,131.0
45803,253.0,154.0,142.0,147.0
45804,255.0,114.0,153.0,140.0
45805,251.0,76.0,132.0,137.0
45806,254.0,214.0,160.0,126.0
45807,254.0,92.0,146.0,147.0
45808,265.0,124.0,135.0,147.0
45809,240.0,91.0,122.0,133.0
45810,249.0,99.0,157.0,151.0
45811,240.0,208.0,142.0,131.0
45812,244.0,92.0,143.0,150.0
45813,230.0,92.0,135.0,127.0
45814,238.0,73.0,145.0,125.0
45815,236.0,122.0,148.0,124.0
45816,270.0,111.0,143.0,170.0
45817,268.0,130.0,167.0,147.0
45818,245.0,107.0,148.0,144.0
45819,256.0,254.0,157.0,155.0
45820,245.0,211.0,145.0,147.0
45821,249.0,158.0,152.0,139.0
45822,251.0,131.0,136.0,138.0
45823,257.0,128.0,150.0,150.0
45824,255.0,133.0,130.0,136.0
45825,254.0,166.0,151.0,140.0
45826,239.0,135.0,133.0,128.0
45827,245.0,235.0,142.0,138.0
45828,232.0,219.0,128.0,118.0
45829,260.0,229.0,143.0,145.0
45830,230.0,95.0,138.0,128.0
45831,236.0,58.0,123.0,133.0
45832,248.0,187.0,151.0,136.0
45833,234.0,91.0,138.0,138.0
45834,252.0,252.0,140.0,140.0
45835,245.0,88.0,131.0,140.0
45836,254.0,92.0,157.0,150.0
45837,263.0,177.0,150.0,160.0
45838,242.0,124.0,144.0,144.0
45839,264.0,176.0,158.0,140.0
45840,243.0,151.0,130.0,133.0
45841,224.0,198.0,131.0,122.0
45842,266.0,266.0,143.0,141.0
45843,264.0,228.0,163.0,145.0
45844,231.0,177.0,138.0,133.0
45845,255.0,84.0,143.0,131.0
45846,264.0,156.0,158.0,150.0
45847,246.0,134.0,138.0,125.0
45848,268.0,97.0,152.0,147.0
45849,285.0,237.0,162.0,148.0
45850,257.0,126.0,152.0,146.0
45851,260.0,217.0,138.0,140.0
45852,250.0,135.0,142.0,127.0
45853,259.0,145.0,142.0,150.0
45854,245.0,96.0,134.0,127.0
45855,261.0,119.0,153.0,137.0
45856,255.0,234.0,143.0,136.0
45857,247.0,122.0,129.0,127.0
45858,261.0,86.0,153.0,150.0
45859,248.0,104.0,159.0,146.0
45860,256.0,97.0,152.0,146.0
45861,232.0,80.0,138.0,134.0
45862,261.0,141.0,148.0,147.0
45863,267.0,142.0,128.0,140.0
45864,250.0,117.0,129.0,139.0
45865,254.0,232.0,135.0,147.0
45866,241.0,219.0,128.0,130.0
45867,253.0,240.0,138.0,145.0
45868,251.0,103.0,154.0,141.0
45869,242.0,132.0,145.0,114.0
45870,282.0,101.0,146.0,169.0
45871,251.0,216.0,147.0,139.0
45872,238.0,104.0,121.0,125.0
45873,255.0,214.0,133.0,144.0
45874,238.0,95.0,135.0,136.0
45875,255.0,158.0,154.0,143.0
45876,264.0,48.0,151.0,151.0
45877,258.0,216.0,156.0,153.0
45878,257.0,97.0,156.0,142.0
45879,236.0,132.0,130.0,135.0
45880,262.0,216.0,142.0,162.0
45881,241.0,204.0,137.0,133.0
45882,244.0,99.0,134.0,134.0
45883,261.0,116.0,152.0,161.0
45884,248.0,84.0,139.0,125.0
45885,235.0,226.0,136.0,134.0
45886,242.0,133.0,143.0,121.0
45887,239.0,189.0,139.0,127.0
45888,247.0,107.0,129.0,134.0
45889,251.0,114.0,142.0,133.0
45890,256.0,128.0,131.0,142.0
45891,243.0,130.0,142.0,139.0
45892,226.0,74.0,140.0,123.0
45893,234.0,72.0,147.0,114.0
45894,261.0,99.0,136.0,150.0
45895,234.0,224.0,127.0,126.0
45896,256.0,88.0,154.0,148.0
45897,265.0,116.0,138.0,148.0
45898,250.0,66.0,148.0,141.0
45899,238.0,115.0,128.0,136.0
45900,248.0,101.0,122.0,135.0
45901,249.0,119.0,132.0,138.0
45902,225.0,212.0,128.0,124.0
45903,254.0,74.0,140.0,148.0
45904,279.0,238.0,150.0,146.0
45905,245.0,164.0,136.0,142.0
45906,252.0,118.0,129.0,138.0
45907,238.0,89.0,139.0,130.0
45908,234.0,93.0,120.0,135.0
45909,269.0,124.0,168.0,161.0
45910,249.0,234.0,134.0,143.0
45911,238.0,144.0,134.0,119.0
45912,242.0,143.0,128.0,121.0
45913,242.0,221.0,131.0,149.0
45914,260.0,100.0,139.0,162.0
45915,250.0,102.0,133.0,148.0
45916,265.0,226.0,153.0,136.0
45917,263.0,106.0,151.0,139.0
45918,268.0,260.0,149.0,147.0
45919,226.0,196.0,131.0,127.0
45920,232.0,116.0,120.0,122.0
45921,253.0,139.0,145.0,140.0
45922,282.0,211.0,157.0,142.0
45923,254.0,211.0,140.0,150.0
45924,245.0,202.0,132.0,122.0
45925,268.0,153.0,160.0,152.0
45926,239.0,90.0,133.0,123.0
45927,232.0,88.0,130.0,132.0
45928,258.0,80.0,153.0,146.0
45929,258.0,95.0,144.0,159.0
45930,244.0,131.0,137.0,137.0
45931,271.0,75.0,168.0,155.0
45932,266.0,110.0,136.0,151.0
45933,251.0,107.0,142.0,132.0
45934,254.0,104.0,157.0,161.0
45935,253.0,181.0,151.0,149.0
45936,259.0,211.0,153.0,156.0
45937,262.0,232.0,143.0,141.0
45938,265.0,86.0,148.0,147.0
45939,250.0,223.0,130.0,137.0
45940,245.0,182.0,134.0,132.0
45941,251.0,97.0,157.0,148.0
45942,218.0,78.0,114.0,133.0
45943,237.0,94.0,139.0,137.0
45944,233.0,106.0,119.0,122.0
45945,251.0,145.0,143.0,128.0
45946,245.0,140.0,139.0,121.0
45947,238.0,105.0,129.0,122.0
45948,234.0,190.0,134.0,144.0
45949,264.0,145.0,154.0,141.0
45950,245.0,112.0,140.0,148.0
45951,245.0,71.0,139.0,141.0
45952,256.0,100.0,141.0,139.0
45953,253.0,243.0,150.0,141.0
45954,251.0,124.0,144.0,147.0
45955,266.0,102.0,158.0,167.0
45956,251.0,130.0,157.0,141.0
45957,234.0,96.0,142.0,130.0
45958,249.0,147.0,139.0,146.0
45959,270.0,245.0,141.0,157.0
45960,244.0,79.0,148.0,136.0
45961,236.0,88.0,133.0,140.0
45962,243.0,112.0,139.0,148.0
45963,264.0,107.0,140.0,158.0
45964,261.0,114.0,142.0,136.0
45965,246.0,197.0,127.0,134.0
45966,229.0,113.0,132.0,138.0
45967,251.0,154.0,145.0,129.0
45968,236.0,76.0,143.0,129.0
45969,220.0,217.0,121.0,110.0
45970,231.0,91.0,135.0,123.0
45971,261.0,156.0,146.0,155.0
45972,260.0,123.0,151.0,144.0
45973,263.0,254.0,160.0,135.0
45974,242.0,110.0,141.0,137.0
45975,258.0,114.0,154.0,134.0
45976,241.0,156.0,131.0,133.0
45977,263.0,133.0,158.0,146.0
45978,268.0,182.0,172.0,146.0
45979,235.0,53.0,133.0,126.0
45980,248.0,224.0,120.0,133.0
45981,274.0,250.0,143.0,157.0
45982,250.0,104.0,155.0,143.0
45983,259.0,115.0,135.0,143.0
45984,241.0,89.0,121.0,133.0
45985,244.0,167.0,142.0,130.0
45986,237.0,207.0,119.0,143.0
45987,283.0,89.0,143.0,154.0
45988,267.0,242.0,153.0,149.0
45989,255.0,125.0,134.0,138.0
45990,264.0,245.0,148.0,146.0
45991,246.0,201.0,134.0,136.0
45992,259.0,214.0,137.0,153.0
45993,235.0,126.0,147.0,136.0
45994,223.0,196.0,124.0,132.0
45995,244.0,217.0,128.0,126.0
45996,263.0,114.0,146.0,136.0
45997,281.0,246.0,153.0,170.0
45998,252.0,89.0,145.0,146.0
45999,244.0,169.0,129.0,129.0
46000,232.0,87.0,145.0,129.0
46001,249.0,99.0,140.0,142.0
46002,267.0,69.0,135.0,147.0
46003,231.0,86.0,149.0,117.0
46004,254.0,98.0,152.0,138.0
46005,255.0,94.0,147.0,148.0
46006,246.0,95.0,125.0,144.0
46007,264.0,146.0,151.0,132.0
46008,252.0,96.0,135.0,136.0
46009,246.0,156.0,140.0,137.0
46010,235.0,103.0,145.0,135.0
46011,266.0,227.0,150.0,155.0
46012,259.0,93.0,134.0,142.0
46013,239.0,179.0,139.0,130.0
46014,228.0,132.0,123.0,141.0
46015,256.0,73.0,140.0,136.0
46016,236.0,236.0,147.0,133.0
46017,244.0,173.0,129.0,145.0
46018,270.0,122.0,152.0,157.0
46019,237.0,207.0,151.0,135.0
46020,277.0,188.0,173.0,164.0
46021,250.0,120.0,147.0,138.0
46022,253.0,125.0,145.0,138.0
46023,243.0,135.0,135.0,145.0
46024,232.0,79.0,144.0,134.0
46025,240.0,75.0,128.0,131.0
46026,245.0,101.0,134.0,145.0
46027,256.0,213.0,165.0,141.0
46028,251.0,79.0,155.0,134.0
46029,268.0,101.0,137.0,152.0
46030,247.0,122.0,137.0,141.0
46031,247.0,99.0,141.0,133.0
46032,273.0,103.0,171.0,159.0
46033,234.0,132.0,138.0,132.0
46034,228.0,102.0,127.0,121.0
46035,262.0,123.0,130.0,159.0
46036,252.0,243.0,149.0,142.0
46037,251.0,103.0,137.0,150.0
46038,231.0,80.0,125.0,129.0
46039,241.0,198.0,138.0,131.0
46040,234.0,203.0,132.0,130.0
46041,240.0,95.0,128.0,137.0
46042,250.0,103.0,142.0,130.0
46043,253.0,210.0,146.0,148.0
46044,233.0,203.0,127.0,136.0
46045,261.0,260.0,147.0,142.0
46046,240.0,110.0,131.0,136.0
46047,254.0,112.0,150.0,140.0
46048,263.0,116.0,140.0,142.0
46049,270.0,59.0,127.0,154.0
46050,249.0,219.0,140.0,152.0
46051,224.0,80.0,126.0,129.0
46052,275.0,213.0,144.0,156.0
46053,242.0,117.0,132.0,130.0
46054,241.0,218.0,138.0,132.0
46055,269.0,92.0,165.0,147.0
46056,246.0,218.0,145.0,143.0
46057,262.0,111.0,141.0,157.0
46058,248.0,103.0,131.0,139.0
46059,250.0,106.0,142.0,140.0
46060,250.0,216.0,131.0,144.0
46061,252.0,209.0,132.0,136.0
46062,265.0,141.0,146.0,157.0
46063,266.0,125.0,148.0,143.0
46064,248.0,223.0,157.0,142.0
46065,226.0,195.0,136.0,150.0
46066,258.0,121.0,149.0,151.0
46067,242.0,223.0,130.0,132.0
46068,244.0,93.0,141.0,136.0
46069,244.0,86.0,138.0,137.0
46070,244.0,210.0,147.0,142.0
46071,250.0,89.0,132.0,140.0
46072,260.0,228.0,148.0,135.0
46073,248.0,109.0,136.0,138.0
46074,262.0,163.0,135.0,150.0
46075,242.0,158.0,139.0,140.0
46076,242.0,105.0,126.0,135.0
46077,247.0,67.0,146.0,139.0
46078,244.0,125.0,139.0,144.0
46079,256.0,213.0,150.0,158.0
46080,242.0,210.0,133.0,140.0
46081,271.0,233.0,156.0,144.0
46082,245.0,95.0,129.0,146.0
46083,269.0,72.0,148.0,145.0
46084,245.0,127.0,142.0,129.0
46085,263.0,122.0,149.0,144.0
46086,269.0,124.0,152.0,143.0
46087,234.0,123.0,132.0,123.0
46088,250.0,123.0,144.0,139.0
46089,226.0,201.0,130.0,134.0
46090,255.0,249.0,142.0,137.0
46091,228.0,194.0,141.0,132.0
46092,280.0,82.0,157.0,163.0
46093,260.0,146.0,145.0,136.0
46094,247.0,89.0,140.0,138.0
46095,267.0,104.0,136.0,152.0
46096,246.0,98.0,127.0,119.0
46097,235.0,198.0,138.0,125.0
46098,260.0,92.0,132.0,158.0
46099,257.0,167.0,132.0,143.0
46100,248.0,80.0,146.0,139.0
46101,235.0,77.0,131.0,131.0
46102,247.0,199.0,150.0,140.0
46103,237.0,198.0,145.0,148.0
46104,264.0,159.0,167.0,146.0
46105,253.0,98.0,131.0,146.0
46106,246.0,208.0,135.0,137.0
46107,259.0,93.0,140.0,139.0
46108,255.0,96.0,163.0,133.0
46109,227.0,86.0,132.0,135.0
46110,246.0,205.0,142.0,137.0
46111,242.0,240.0,156.0,135.0
46112,237.0,202.0,120.0,143.0
46113,252.0,70.0,151.0,143.0
46114,269.0,132.0,150.0,150.0
46115,257.0,59.0,142.0,143.0
46116,253.0,201.0,147.0,138.0
46117,227.0,101.0,108.0,139.0
46118,219.0,125.0,135.0,120.0
46119,261.0,119.0,143.0,134.0
46120,236.0,83.0,124.0,125.0
46121,269.0,198.0,166.0,152.0
46122,242.0,83.0,141.0,146.0
46123,257.0,81.0,137.0,154.0
46124,242.0,78.0,146.0,127.0
46125,261.0,145.0,146.0,138.0
46126,248.0,156.0,134.0,127.0
46127,255.0,226.0,140.0,134.0
46128,245.0,98.0,136.0,132.0
46129,247.0,96.0,140.0,140.0
46130,247.0,95.0,130.0,130.0
46131,254.0,178.0,141.0,148.0
46132,259.0,138.0,160.0,139.0
46133,274.0,233.0,165.0,170.0
46134,230.0,204.0,154.0,120.0
46135,235.0,105.0,140.0,130.0
46136,253.0,96.0,138.0,141.0
46137,266.0,107.0,156.0,140.0
46138,253.0,78.0,138.0,134.0
46139,286.0,132.0,158.0,171.0
46140,231.0,81.0,137.0,136.0
46141,263.0,103.0,145.0,156.0
46142,236.0,197.0,135.0,112.0
46143,257.0,213.0,138.0,139.0
46144,273.0,77.0,158.0,150.0
46145,257.0,219.0,157.0,152.0
46146,230.0,195.0,126.0,121.0
46147,243.0,93.0,133.0,129.0
46148,254.0,113.0,131.0,146.0
46149,254.0,125.0,148.0,130.0
46150,265.0,139.0,166.0,139.0
46151,243.0,123.0,134.0,134.0
46152,245.0,140.0,135.0,141.0
46153,261.0,162.0,142.0,141.0
46154,251.0,102.0,149.0,142.0
46155,230.0,147.0,127.0,135.0
46156,281.0,169.0,165.0,169.0
46157,257.0,103.0,142.0,140.0
46158,265.0,224.0,156.0,156.0
46159,246.0,100.0,144.0,143.0
46160,248.0,142.0,129.0,141.0
46161,257.0,91.0,150.0,146.0
46162,236.0,208.0,124.0,130.0
46163,258.0,230.0,150.0,153.0
46164,242.0,98.0,145.0,135.0
46165,234.0,91.0,124.0,143.0
46166,228.0,87.0,124.0,130.0
46167,238.0,88.0,126.0,125.0
46168,234.0,95.0,128.0,136.0
46169,284.0,150.0,152.0,164.0
46170,220.0,116.0,138.0,131.0
46171,261.0,142.0,140.0,153.0
46172,234.0,87.0,134.0,137.0
46173,240.0,236.0,138.0,130.0
46174,241.0,160.0,131.0,139.0
46175,255.0,219.0,151.0,139.0
46176,238.0,208.0,127.0,146.0
46177,253.0,101.0,156.0,141.0
46178,262.0,231.0,136.0,150.0
46179,249.0,142.0,135.0,130.0
46180,236.0,106.0,131.0,133.0
46181,235.0,122.0,129.0,129.0
46182,256.0,225.0,132.0,155.0
46183,264.0,264.0,165.0,158.0
46184,241.0,111.0,131.0,132.0
46185,244.0,78.0,127.0,139.0
46186,253.0,106.0,130.0,147.0
46187,266.0,103.0,152.0,158.0
46188,221.0,219.0,124.0,125.0
46189,258.0,248.0,175.0,157.0
46190,224.0,53.0,133.0,126.0
46191,273.0,95.0,142.0,147.0
46192,246.0,152.0,148.0,154.0
46193,270.0,240.0,147.0,150.0
46194,263.0,122.0,153.0,144.0
46195,275.0,73.0,166.0,147.0
46196,232.0,202.0,132.0,114.0
46197,235.0,86.0,133.0,119.0
46198,265.0,123.0,144.0,154.0
46199,253.0,134.0,131.0,151.0
46200,261.0,103.0,152.0,141.0
46201,271.0,223.0,168.0,151.0
46202,270.0,74.0,140.0,152.0
46203,267.0,122.0,153.0,151.0
46204,234.0,195.0,142.0,131.0
46205,248.0,97.0,140.0,134.0
46206,235.0,62.0,138.0,141.0
46207,224.0,140.0,115.0,138.0
46208,254.0,227.0,151.0,140.0
46209,235.0,97.0,132.0,140.0
46210,259.0,219.0,148.0,128.0
46211,233.0,100.0,120.0,122.0
46212,279.0,112.0,154.0,170.0
46213,242.0,99.0,135.0,131.0
46214,277.0,116.0,147.0,158.0
46215,243.0,208.0,125.0,145.0
46216,254.0,222.0,147.0,138.0
46217,242.0,210.0,142.0,137.0
46218,244.0,139.0,142.0,139.0
46219,244.0,120.0,142.0,123.0
46220,260.0,255.0,146.0,139.0
46221,255.0,213.0,144.0,143.0
46222,236.0,121.0,119.0,138.0
46223,246.0,111.0,141.0,129.0
46224,251.0,138.0,137.0,143.0
46225,261.0,228.0,159.0,143.0
46226,248.0,197.0,144.0,139.0
46227,248.0,119.0,151.0,127.0
46228,237.0,102.0,143.0,131.0
46229,241.0,114.0,145.0,146.0
46230,255.0,120.0,153.0,120.0
46231,253.0,130.0,144.0,142.0
46232,255.0,214.0,148.0,151.0
46233,270.0,94.0,163.0,159.0
46234,239.0,195.0,127.0,122.0
46235,253.0,124.0,145.0,148.0
46236,248.0,244.0,139.0,131.0
46237,241.0,127.0,135.0,120.0
46238,255.0,109.0,156.0,148.0
46239,259.0,259.0,163.0,158.0
46240,243.0,121.0,138.0,132.0
46241,231.0,95.0,134.0,132.0
46242,239.0,200.0,143.0,141.0
46243,255.0,90.0,134.0,138.0
46244,263.0,105.0,136.0,157.0
46245,235.0,87.0,136.0,123.0
46246,277.0,174.0,140.0,155.0
46247,278.0,169.0,159.0,162.0
46248,248.0,149.0,140.0,138.0
46249,256.0,228.0,136.0,143.0
46250,274.0,246.0,153.0,165.0
46251,256.0,123.0,140.0,134.0
46252,258.0,106.0,143.0,151.0
46253,252.0,206.0,141.0,137.0
46254,243.0,217.0,134.0,151.0
46255,250.0,92.0,154.0,157.0
46256,256.0,221.0,146.0,153.0
46257,252.0,212.0,138.0,135.0
46258,257.0,110.0,138.0,141.0
46259,231.0,87.0,138.0,126.0
46260,226.0,93.0,134.0,116.0
46261,235.0,112.0,122.0,123.0
46262,244.0,216.0,135.0,133.0
46263,261.0,125.0,146.0,147.0
46264,269.0,225.0,150.0,142.0
46265,247.0,132.0,135.0,137.0
46266,296.0,109.0,178.0,184.0
46267,284.0,283.0,154.0,167.0
46268,242.0,119.0,147.0,130.0
46269,278.0,92.0,153.0,165.0
46270,255.0,127.0,149.0,143.0
46271,252.0,182.0,133.0,137.0
46272,283.0,127.0,159.0,164.0
46273,232.0,116.0,144.0,136.0
46274,245.0,152.0,144.0,139.0
46275,224.0,73.0,122.0,124.0
46276,263.0,94.0,152.0,144.0
46277,251.0,245.0,139.0,147.0
46278,247.0,241.0,141.0,130.0
46279,249.0,210.0,146.0,143.0
46280,256.0,121.0,155.0,139.0
46281,229.0,124.0,132.0,132.0
46282,243.0,95.0,120.0,146.0
46283,249.0,107.0,129.0,143.0
46284,256.0,72.0,149.0,147.0
46285,214.0,73.0,115.0,117.0
46286,247.0,74.0,147.0,139.0
46287,244.0,115.0,149.0,144.0
46288,276.0,97.0,168.0,157.0
46289,257.0,86.0,134.0,142.0
46290,252.0,83.0,162.0,146.0
46291,238.0,209.0,128.0,127.0
46292,234.0,130.0,138.0,127.0
46293,240.0,96.0,130.0,138.0
46294,232.0,100.0,129.0,126.0
46295,241.0,115.0,156.0,134.0
46296,260.0,104.0,149.0,151.0
46297,251.0,244.0,135.0,140.0
46298,278.0,164.0,169.0,158.0
46299,211.0,184.0,127.0,129.0
46300,260.0,182.0,148.0,144.0
46301,249.0,140.0,138.0,141.0
46302,241.0,95.0,148.0,148.0
46303,259.0,124.0,140.0,145.0
46304,266.0,243.0,160.0,144.0
46305,246.0,212.0,145.0,145.0
46306,251.0,112.0,146.0,140.0
46307,249.0,100.0,142.0,147.0
46308,266.0,217.0,129.0,147.0
46309,255.0,135.0,141.0,138.0
46310,230.0,94.0,145.0,126.0
46311,251.0,122.0,156.0,132.0
46312,254.0,132.0,151.0,140.0
46313,268.0,235.0,147.0,137.0
46314,248.0,159.0,150.0,137.0
46315,239.0,203.0,130.0,135.0
46316,246.0,107.0,127.0,147.0
46317,251.0,209.0,134.0,145.0
46318,264.0,154.0,150.0,160.0
46319,271.0,238.0,155.0,152.0
46320,255.0,132.0,123.0,140.0
46321,256.0,129.0,152.0,160.0
46322,255.0,227.0,148.0,140.0
46323,263.0,149.0,152.0,149.0
46324,225.0,91.0,122.0,139.0
46325,243.0,207.0,118.0,126.0
46326,264.0,92.0,144.0,147.0
46327,262.0,134.0,144.0,165.0
46328,272.0,119.0,145.0,164.0
46329,252.0,246.0,141.0,135.0
46330,250.0,126.0,127.0,142.0
46331,239.0,106.0,129.0,143.0
46332,257.0,255.0,150.0,151.0
46333,244.0,95.0,129.0,126.0
46334,270.0,259.0,150.0,147.0
46335,256.0,253.0,145.0,152.0
46336,272.0,152.0,137.0,149.0
46337,269.0,269.0,173.0,159.0
46338,217.0,76.0,115.0,131.0
46339,243.0,198.0,134.0,141.0
46340,255.0,167.0,133.0,155.0
46341,248.0,172.0,144.0,150.0
46342,245.0,118.0,132.0,130.0
46343,254.0,140.0,140.0,151.0
46344,233.0,191.0,134.0,126.0
46345,257.0,77.0,153.0,149.0
46346,273.0,270.0,168.0,160.0
46347,245.0,58.0,118.0,147.0
46348,250.0,101.0,133.0,132.0
46349,249.0,216.0,134.0,138.0
46350,243.0,194.0,135.0,144.0
46351,230.0,97.0,147.0,122.0
46352,243.0,203.0,136.0,137.0
46353,246.0,134.0,142.0,147.0
46354,253.0,94.0,144.0,155.0
46355,251.0,219.0,131.0,149.0
46356,268.0,113.0,146.0,153.0
46357,249.0,170.0,127.0,145.0
46358,238.0,217.0,125.0,130.0
46359,266.0,138.0,153.0,142.0
46360,269.0,157.0,151.0,152.0
46361,235.0,113.0,130.0,126.0
46362,216.0,98.0,122.0,113.0
46363,251.0,97.0,136.0,139.0
46364,235.0,109.0,138.0,140.0
46365,266.0,80.0,137.0,150.0
46366,256.0,105.0,149.0,135.0
46367,241.0,87.0,139.0,135.0
46368,246.0,229.0,152.0,151.0
46369,256.0,177.0,135.0,169.0
46370,260.0,213.0,147.0,149.0
46371,250.0,223.0,134.0,141.0
46372,276.0,92.0,143.0,154.0
46373,260.0,152.0,149.0,153.0
46374,234.0,92.0,128.0,130.0
46375,268.0,104.0,134.0,159.0
46376,263.0,225.0,145.0,151.0
46377,246.0,101.0,132.0,145.0
46378,267.0,133.0,154.0,155.0
46379,242.0,204.0,142.0,126.0
46380,241.0,77.0,140.0,141.0
46381,246.0,110.0,128.0,141.0
46382,236.0,107.0,119.0,137.0
46383,258.0,100.0,133.0,160.0
46384,225.0,122.0,131.0,112.0
46385,261.0,111.0,151.0,150.0
46386,225.0,120.0,125.0,126.0
46387,241.0,94.0,147.0,151.0
46388,271.0,148.0,143.0,152.0
46389,242.0,97.0,127.0,126.0
46390,243.0,198.0,153.0,137.0
46391,234.0,75.0,119.0,132.0
46392,286.0,99.0,157.0,165.0
46393,248.0,131.0,137.0,154.0
46394,251.0,87.0,144.0,136.0
46395,255.0,98.0,130.0,133.0
46396,233.0,104.0,129.0,132.0
46397,265.0,141.0,163.0,147.0
46398,249.0,137.0,142.0,138.0
46399,242.0,111.0,127.0,125.0
46400,276.0,114.0,158.0,171.0
46401,232.0,219.0,150.0,124.0
46402,223.0,90.0,120.0,132.0
46403,236.0,181.0,144.0,130.0
46404,233.0,192.0,129.0,134.0
46405,226.0,120.0,114.0,126.0
46406,254.0,214.0,150.0,146.0
46407,234.0,205.0,131.0,127.0
46408,255.0,130.0,147.0,161.0
46409,241.0,75.0,141.0,150.0
46410,230.0,74.0,117.0,140.0
46411,259.0,241.0,134.0,147.0
46412,228.0,199.0,126.0,131.0
46413,295.0,97.0,166.0,156.0
46414,258.0,84.0,136.0,146.0
46415,241.0,126.0,123.0,136.0
46416,262.0,149.0,143.0,140.0
46417,254.0,68.0,133.0,127.0
46418,251.0,124.0,143.0,130.0
46419,262.0,91.0,156.0,143.0
46420,253.0,120.0,135.0,132.0
46421,254.0,106.0,125.0,143.0
46422,240.0,68.0,150.0,140.0
46423,247.0,217.0,140.0,131.0
46424,223.0,208.0,124.0,136.0
46425,256.0,201.0,143.0,146.0
46426,269.0,141.0,164.0,150.0
46427,243.0,233.0,130.0,148.0
46428,249.0,109.0,131.0,148.0
46429,240.0,95.0,157.0,130.0
46430,264.0,235.0,138.0,139.0
46431,261.0,251.0,155.0,160.0
46432,251.0,240.0,148.0,140.0
46433,241.0,142.0,131.0,127.0
46434,249.0,76.0,134.0,145.0
46435,263.0,230.0,142.0,141.0
46436,268.0,97.0,139.0,161.0
46437,253.0,76.0,142.0,140.0
46438,275.0,226.0,168.0,160.0
46439,250.0,203.0,148.0,141.0
46440,260.0,211.0,150.0,135.0
46441,236.0,206.0,133.0,146.0
46442,231.0,208.0,134.0,135.0
46443,237.0,78.0,137.0,117.0
46444,263.0,247.0,149.0,141.0
46445,240.0,82.0,136.0,141.0
46446,247.0,220.0,138.0,122.0
46447,259.0,98.0,141.0,141.0
46448,239.0,206.0,129.0,127.0
46449,265.0,55.0,150.0,151.0
46450,242.0,105.0,153.0,150.0
46451,229.0,193.0,133.0,128.0
46452,244.0,106.0,147.0,137.0
46453,233.0,113.0,121.0,139.0
46454,252.0,215.0,123.0,121.0
46455,247.0,83.0,150.0,139.0
46456,236.0,205.0,135.0,139.0
46457,240.0,209.0,135.0,137.0
46458,240.0,114.0,122.0,140.0
46459,251.0,143.0,140.0,132.0
46460,235.0,205.0,133.0,127.0
46461,225.0,111.0,131.0,126.0
46462,226.0,112.0,125.0,138.0
46463,260.0,155.0,133.0,160.0
46464,261.0,158.0,143.0,137.0
46465,223.0,134.0,120.0,132.0
46466,237.0,65.0,136.0,138.0
46467,244.0,165.0,127.0,132.0
46468,234.0,151.0,125.0,125.0
46469,229.0,69.0,122.0,124.0
46470,261.0,144.0,150.0,159.0
46471,227.0,83.0,145.0,136.0
46472,254.0,117.0,141.0,128.0
46473,249.0,144.0,139.0,141.0
46474,229.0,105.0,131.0,118.0
46475,234.0,174.0,121.0,120.0
46476,253.0,83.0,129.0,145.0
46477,247.0,84.0,141.0,145.0
46478,246.0,137.0,132.0,135.0
46479,254.0,86.0,140.0,149.0
46480,233.0,208.0,143.0,134.0
46481,269.0,127.0,144.0,166.0
46482,220.0,194.0,124.0,123.0
46483,240.0,162.0,138.0,115.0
46484,279.0,95.0,147.0,149.0
46485,246.0,133.0,131.0,133.0
46486,242.0,222.0,139.0,128.0
46487,259.0,92.0,128.0,158.0
46488,245.0,156.0,134.0,137.0
46489,239.0,100.0,126.0,133.0
46490,238.0,236.0,135.0,134.0
46491,257.0,68.0,141.0,134.0
46492,263.0,226.0,152.0,152.0
46493,261.0,216.0,160.0,146.0
46494,274.0,125.0,152.0,161.0
46495,240.0,68.0,130.0,140.0
46496,234.0,209.0,122.0,130.0
46497,271.0,237.0,139.0,146.0
46498,229.0,135.0,129.0,125.0
46499,243.0,220.0,148.0,128.0
46500,263.0,111.0,137.0,138.0
46501,259.0,135.0,146.0,147.0
46502,244.0,97.0,139.0,148.0
46503,253.0,211.0,138.0,145.0
46504,250.0,234.0,148.0,151.0
46505,262.0,108.0,150.0,151.0
46506,262.0,83.0,145.0,159.0
46507,253.0,155.0,149.0,138.0
46508,261.0,240.0,154.0,143.0
46509,236.0,118.0,131.0,137.0
46510,251.0,148.0,152.0,146.0
46511,229.0,140.0,119.0,132.0
46512,241.0,63.0,138.0,133.0
46513,258.0,92.0,134.0,125.0
46514,225.0,160.0,132.0,128.0
46515,250.0,123.0,136.0,142.0
46516,267.0,186.0,131.0,162.0
46517,244.0,116.0,149.0,118.0
46518,264.0,90.0,152.0,156.0
46519,285.0,244.0,176.0,162.0
46520,250.0,212.0,137.0,132.0
46521,284.0,133.0,168.0,150.0
46522,240.0,165.0,131.0,130.0
46523,243.0,104.0,135.0,130.0
46524,237.0,124.0,116.0,127.0
46525,258.0,135.0,136.0,141.0
46526,242.0,132.0,153.0,143.0
46527,232.0,121.0,142.0,136.0
46528,274.0,107.0,156.0,157.0
46529,274.0,147.0,157.0,131.0
46530,219.0,98.0,123.0,114.0
46531,239.0,95.0,145.0,138.0
46532,256.0,98.0,134.0,154.0
46533,235.0,198.0,133.0,132.0
46534,233.0,191.0,142.0,131.0
46535,238.0,200.0,148.0,140.0
46536,250.0,124.0,127.0,134.0
46537,231.0,142.0,125.0,120.0
46538,260.0,92.0,155.0,152.0
46539,235.0,81.0,132.0,129.0
46540,248.0,118.0,132.0,157.0
46541,236.0,47.0,137.0,133.0
46542,254.0,90.0,139.0,160.0
46543,241.0,121.0,128.0,140.0
46544,284.0,151.0,159.0,153.0
46545,229.0,114.0,120.0,132.0
46546,230.0,122.0,140.0,132.0
46547,260.0,96.0,169.0,154.0
46548,247.0,147.0,143.0,133.0
46549,260.0,154.0,144.0,141.0
46550,225.0,66.0,117.0,126.0
46551,256.0,102.0,145.0,141.0
46552,237.0,95.0,144.0,136.0
46553,240.0,179.0,144.0,145.0
46554,244.0,84.0,138.0,131.0
46555,226.0,220.0,121.0,123.0
46556,261.0,115.0,145.0,141.0
46557,239.0,232.0,143.0,124.0
46558,254.0,199.0,145.0,136.0
46559,252.0,212.0,129.0,132.0
46560,215.0,75.0,108.0,115.0
46561,254.0,230.0,134.0,147.0
46562,262.0,130.0,143.0,150.0
46563,222.0,82.0,116.0,112.0
46564,232.0,197.0,139.0,128.0
46565,254.0,219.0,135.0,148.0
46566,278.0,134.0,149.0,148.0
46567,266.0,237.0,152.0,150.0
46568,277.0,95.0,175.0,146.0
46569,239.0,160.0,123.0,135.0
46570,252.0,111.0,136.0,128.0
46571,258.0,144.0,137.0,144.0
46572,262.0,117.0,149.0,148.0
46573,276.0,161.0,153.0,161.0
46574,259.0,128.0,146.0,128.0
46575,234.0,195.0,131.0,144.0
46576,256.0,128.0,134.0,140.0
46577,256.0,118.0,143.0,150.0
46578,251.0,208.0,129.0,144.0
46579,240.0,118.0,146.0,140.0
46580,242.0,102.0,146.0,132.0
46581,229.0,89.0,122.0,126.0
46582,243.0,94.0,134.0,128.0
46583,251.0,105.0,128.0,132.0
46584,266.0,131.0,160.0,144.0
46585,250.0,82.0,140.0,142.0
46586,249.0,219.0,129.0,134.0
46587,240.0,217.0,129.0,133.0
46588,243.0,216.0,130.0,137.0
46589,242.0,225.0,141.0,144.0
46590,241.0,209.0,127.0,124.0
46591,254.0,85.0,145.0,142.0
46592,225.0,117.0,131.0,130.0
46593,255.0,106.0,147.0,147.0
46594,239.0,230.0,141.0,135.0
46595,243.0,104.0,136.0,119.0
46596,234.0,97.0,136.0,122.0
46597,252.0,248.0,147.0,146.0
46598,262.0,151.0,158.0,142.0
46599,248.0,206.0,148.0,142.0
46600,245.0,107.0,129.0,125.0
46601,251.0,246.0,144.0,149.0
46602,269.0,109.0,168.0,137.0
46603,233.0,115.0,130.0,143.0
46604,230.0,102.0,131.0,139.0
46605,256.0,209.0,163.0,150.0
46606,249.0,137.0,147.0,136.0
46607,236.0,90.0,126.0,137.0
46608,237.0,154.0,129.0,132.0
46609,248.0,120.0,139.0,142.0
46610,245.0,95.0,135.0,142.0
46611,272.0,118.0,130.0,159.0
46612,246.0,119.0,142.0,140.0
46613,251.0,126.0,154.0,152.0
46614,275.0,247.0,150.0,164.0
46615,252.0,122.0,136.0,140.0
46616,265.0,227.0,141.0,151.0
46617,252.0,166.0,135.0,155.0
46618,269.0,212.0,164.0,167.0
46619,241.0,136.0,139.0,148.0
46620,236.0,134.0,118.0,145.0
46621,269.0,153.0,163.0,156.0
46622,259.0,225.0,135.0,147.0
46623,228.0,85.0,128.0,122.0
46624,241.0,124.0,136.0,140.0
46625,252.0,85.0,138.0,146.0
46626,218.0,106.0,145.0,119.0
46627,261.0,133.0,164.0,140.0
46628,248.0,217.0,155.0,139.0
46629,255.0,118.0,132.0,136.0
46630,226.0,212.0,133.0,129.0
46631,268.0,96.0,143.0,148.0
46632,249.0,153.0,127.0,134.0
46633,280.0,232.0,171.0,163.0
46634,254.0,70.0,141.0,132.0
46635,263.0,256.0,143.0,158.0
46636,243.0,127.0,127.0,142.0
46637,239.0,134.0,133.0,141.0
46638,266.0,219.0,150.0,159.0
46639,243.0,216.0,157.0,134.0
46640,242.0,212.0,125.0,130.0
46641,247.0,228.0,140.0,155.0
46642,256.0,141.0,136.0,150.0
46643,244.0,236.0,158.0,149.0
46644,268.0,230.0,160.0,154.0
46645,263.0,135.0,132.0,140.0
46646,253.0,196.0,139.0,141.0
46647,235.0,106.0,135.0,138.0
46648,235.0,209.0,149.0,126.0
46649,235.0,230.0,131.0,132.0
46650,266.0,99.0,147.0,157.0
46651,241.0,118.0,134.0,140.0
46652,250.0,110.0,140.0,139.0
46653,263.0,148.0,156.0,143.0
46654,250.0,99.0,142.0,144.0
46655,273.0,107.0,148.0,160.0
46656,271.0,120.0,155.0,164.0
46657,271.0,116.0,157.0,144.0
46658,234.0,101.0,138.0,141.0
46659,256.0,129.0,139.0,141.0
46660,233.0,93.0,129.0,126.0
46661,236.0,193.0,141.0,135.0
46662,248.0,167.0,124.0,157.0
46663,212.0,58.0,143.0,117.0
46664,242.0,222.0,119.0,138.0
46665,257.0,101.0,143.0,139.0
46666,259.0,119.0,160.0,137.0
46667,246.0,205.0,138.0,141.0
46668,259.0,229.0,146.0,141.0
46669,266.0,109.0,159.0,152.0
46670,258.0,98.0,148.0,159.0
46671,245.0,234.0,135.0,141.0
46672,254.0,243.0,141.0,143.0
46673,247.0,94.0,151.0,140.0
46674,271.0,106.0,147.0,150.0
46675,258.0,61.0,135.0,137.0
46676,252.0,90.0,150.0,149.0
46677,253.0,153.0,151.0,130.0
46678,251.0,110.0,142.0,141.0
46679,271.0,119.0,131.0,135.0
46680,248.0,98.0,135.0,129.0
46681,242.0,89.0,135.0,123.0
46682,248.0,97.0,140.0,136.0
46683,261.0,226.0,160.0,127.0
46684,239.0,103.0,136.0,141.0
46685,245.0,102.0,131.0,154.0
46686,248.0,217.0,138.0,147.0
46687,244.0,73.0,123.0,140.0
46688,261.0,256.0,153.0,148.0
46689,244.0,236.0,127.0,142.0
46690,264.0,149.0,159.0,147.0
46691,243.0,201.0,118.0,138.0
46692,245.0,76.0,136.0,125.0
46693,246.0,221.0,143.0,129.0
46694,239.0,233.0,130.0,136.0
46695,261.0,231.0,150.0,153.0
46696,251.0,227.0,143.0,141.0
46697,269.0,137.0,147.0,143.0
46698,242.0,234.0,152.0,142.0
46699,256.0,105.0,140.0,134.0
46700,267.0,267.0,157.0,148.0
46701,250.0,250.0,154.0,126.0
46702,227.0,124.0,126.0,131.0
46703,270.0,129.0,166.0,152.0
46704,260.0,147.0,148.0,135.0
46705,246.0,121.0,134.0,126.0
46706,249.0,246.0,148.0,141.0
46707,263.0,121.0,152.0,157.0
46708,248.0,222.0,123.0,131.0
46709,243.0,105.0,146.0,140.0
46710,271.0,117.0,156.0,149.0
46711,220.0,113.0,132.0,126.0
46712,246.0,107.0,124.0,132.0
46713,263.0,100.0,146.0,154.0
46714,258.0,100.0,155.0,145.0
46715,227.0,199.0,118.0,145.0
46716,250.0,98.0,142.0,146.0
46717,252.0,83.0,145.0,138.0
46718,256.0,109.0,135.0,142.0
46719,245.0,114.0,138.0,122.0
46720,267.0,111.0,154.0,153.0
46721,241.0,91.0,134.0,140.0
46722,252.0,112.0,138.0,147.0
46723,267.0,228.0,146.0,143.0
46724,245.0,94.0,137.0,134.0
46725,227.0,109.0,128.0,121.0
46726,246.0,133.0,149.0,125.0
46727,258.0,111.0,137.0,137.0
46728,244.0,216.0,137.0,136.0
46729,233.0,82.0,129.0,128.0
46730,257.0,147.0,144.0,144.0
46731,278.0,260.0,169.0,157.0
46732,246.0,158.0,144.0,143.0
46733,249.0,126.0,141.0,138.0
46734,254.0,243.0,141.0,144.0
46735,246.0,86.0,151.0,159.0
46736,282.0,66.0,140.0,167.0
46737,225.0,75.0,128.0,128.0
46738,233.0,122.0,134.0,127.0
46739,254.0,131.0,148.0,146.0
46740,241.0,129.0,143.0,133.0
46741,240.0,95.0,132.0,129.0
46742,247.0,79.0,155.0,134.0
46743,245.0,116.0,147.0,143.0
46744,272.0,195.0,160.0,140.0
46745,262.0,232.0,125.0,144.0
46746,243.0,105.0,145.0,134.0
46747,251.0,215.0,148.0,139.0
46748,231.0,227.0,136.0,127.0
46749,256.0,91.0,138.0,137.0
46750,270.0,119.0,153.0,166.0
46751,239.0,100.0,126.0,129.0
46752,266.0,224.0,151.0,159.0
46753,235.0,202.0,140.0,138.0
46754,263.0,135.0,152.0,153.0
46755,251.0,104.0,141.0,134.0
46756,247.0,203.0,136.0,136.0
46757,280.0,243.0,168.0,155.0
46758,257.0,98.0,134.0,142.0
46759,249.0,103.0,133.0,138.0
46760,251.0,237.0,129.0,150.0
46761,238.0,99.0,130.0,130.0
46762,226.0,209.0,124.0,137.0
46763,255.0,195.0,139.0,141.0
46764,251.0,89.0,149.0,138.0
46765,249.0,156.0,151.0,150.0
46766,253.0,112.0,142.0,129.0
46767,252.0,101.0,150.0,160.0
46768,235.0,196.0,123.0,130.0
46769,251.0,212.0,152.0,150.0
46770,247.0,100.0,134.0,146.0
46771,233.0,205.0,136.0,124.0
46772,211.0,102.0,125.0,118.0
46773,241.0,55.0,131.0,122.0
46774,252.0,124.0,138.0,158.0
46775,233.0,172.0,120.0,129.0
46776,255.0,213.0,129.0,134.0
46777,284.0,92.0,149.0,169.0
46778,237.0,118.0,131.0,116.0
46779,249.0,117.0,137.0,143.0
46780,252.0,68.0,144.0,140.0
46781,248.0,147.0,141.0,135.0
46782,251.0,209.0,141.0,144.0
46783,282.0,279.0,160.0,162.0
46784,231.0,167.0,129.0,132.0
46785,254.0,247.0,144.0,139.0
46786,267.0,75.0,146.0,146.0
46787,230.0,197.0,136.0,130.0
46788,259.0,103.0,138.0,147.0
46789,244.0,101.0,138.0,138.0
46790,237.0,82.0,149.0,124.0
46791,254.0,131.0,144.0,150.0
46792,260.0,171.0,147.0,135.0
46793,239.0,54.0,124.0,145.0
46794,259.0,96.0,139.0,141.0
46795,255.0,218.0,151.0,156.0
46796,247.0,217.0,135.0,143.0
46797,265.0,194.0,148.0,165.0
46798,253.0,228.0,144.0,140.0
46799,241.0,141.0,142.0,151.0
46800,247.0,216.0,143.0,128.0
46801,228.0,113.0,124.0,126.0
46802,251.0,228.0,144.0,140.0
46803,264.0,116.0,142.0,153.0
46804,263.0,107.0,151.0,137.0
46805,237.0,83.0,118.0,139.0
46806,280.0,257.0,157.0,157.0
46807,267.0,144.0,151.0,142.0
46808,251.0,106.0,129.0,141.0
46809,240.0,237.0,136.0,125.0
46810,235.0,205.0,134.0,119.0
46811,239.0,217.0,140.0,134.0
46812,272.0,262.0,157.0,132.0
46813,256.0,116.0,147.0,156.0
46814,264.0,137.0,151.0,156.0
46815,233.0,101.0,137.0,140.0
46816,248.0,111.0,132.0,144.0
46817,251.0,251.0,150.0,134.0
46818,251.0,138.0,144.0,141.0
46819,251.0,202.0,144.0,135.0
46820,250.0,211.0,142.0,146.0
46821,266.0,160.0,144.0,143.0
46822,250.0,249.0,157.0,140.0
46823,248.0,129.0,141.0,134.0
46824,254.0,74.0,155.0,141.0
46825,243.0,217.0,120.0,139.0
46826,258.0,172.0,125.0,137.0
46827,254.0,104.0,144.0,139.0
46828,250.0,85.0,149.0,125.0
46829,266.0,100.0,168.0,140.0
46830,262.0,234.0,166.0,155.0
46831,255.0,115.0,147.0,139.0
46832,231.0,113.0,128.0,124.0
46833,246.0,99.0,143.0,148.0
46834,274.0,227.0,167.0,148.0
46835,244.0,228.0,132.0,122.0
46836,256.0,189.0,158.0,148.0
46837,245.0,103.0,135.0,135.0
46838,238.0,195.0,140.0,125.0
46839,261.0,152.0,142.0,152.0
46840,236.0,101.0,117.0,139.0
46841,224.0,104.0,124.0,119.0
46842,237.0,203.0,132.0,135.0
46843,237.0,87.0,152.0,138.0
46844,254.0,178.0,133.0,146.0
46845,259.0,108.0,146.0,134.0
46846,249.0,89.0,132.0,150.0
46847,251.0,218.0,131.0,131.0
46848,268.0,166.0,137.0,146.0
46849,253.0,216.0,153.0,140.0
46850,254.0,110.0,126.0,140.0
46851,237.0,210.0,127.0,137.0
46852,277.0,131.0,159.0,156.0
46853,246.0,128.0,133.0,134.0
46854,261.0,226.0,159.0,151.0
46855,269.0,152.0,146.0,155.0
46856,252.0,210.0,143.0,145.0
46857,268.0,125.0,159.0,150.0
46858,245.0,138.0,133.0,137.0
46859,227.0,62.0,124.0,110.0
46860,259.0,107.0,127.0,139.0
46861,267.0,79.0,156.0,143.0
46862,250.0,133.0,141.0,145.0
46863,238.0,107.0,135.0,138.0
46864,260.0,94.0,148.0,138.0
46865,241.0,126.0,135.0,137.0
46866,248.0,206.0,142.0,137.0
46867,234.0,187.0,127.0,133.0
46868,238.0,156.0,153.0,137.0
46869,247.0,126.0,139.0,141.0
46870,264.0,169.0,145.0,136.0
46871,225.0,107.0,119.0,121.0
46872,269.0,242.0,129.0,168.0
46873,234.0,142.0,118.0,131.0
46874,264.0,120.0,148.0,141.0
46875,248.0,132.0,150.0,151.0
46876,231.0,90.0,136.0,139.0
46877,252.0,214.0,135.0,129.0
46878,253.0,224.0,149.0,150.0
46879,258.0,145.0,144.0,151.0
46880,260.0,127.0,146.0,131.0
46881,255.0,213.0,137.0,157.0
46882,266.0,225.0,159.0,140.0
46883,237.0,129.0,127.0,133.0
46884,244.0,223.0,122.0,137.0
46885,244.0,132.0,133.0,134.0
46886,215.0,61.0,120.0,124.0
46887,232.0,201.0,129.0,114.0
46888,268.0,129.0,143.0,146.0
46889,265.0,96.0,148.0,151.0
46890,243.0,89.0,131.0,120.0
46891,282.0,119.0,159.0,153.0
46892,274.0,237.0,165.0,148.0
46893,243.0,80.0,127.0,154.0
46894,258.0,90.0,163.0,145.0
46895,233.0,199.0,140.0,122.0
46896,248.0,240.0,140.0,141.0
46897,264.0,218.0,131.0,147.0
46898,249.0,89.0,141.0,132.0
46899,246.0,76.0,116.0,137.0
46900,257.0,137.0,149.0,144.0
46901,234.0,88.0,113.0,145.0
46902,274.0,254.0,136.0,149.0
46903,262.0,250.0,150.0,141.0
46904,252.0,240.0,140.0,145.0
46905,254.0,213.0,147.0,126.0
46906,250.0,106.0,129.0,149.0
46907,232.0,151.0,131.0,125.0
46908,267.0,257.0,167.0,160.0
46909,248.0,215.0,136.0,139.0
46910,248.0,220.0,154.0,132.0
46911,266.0,154.0,143.0,145.0
46912,261.0,161.0,131.0,153.0
46913,251.0,160.0,126.0,125.0
46914,233.0,196.0,130.0,134.0
46915,258.0,110.0,144.0,135.0
46916,242.0,94.0,128.0,149.0
46917,264.0,229.0,166.0,155.0
46918,217.0,100.0,115.0,137.0
46919,264.0,198.0,158.0,135.0
46920,264.0,237.0,150.0,143.0
46921,235.0,131.0,136.0,123.0
46922,244.0,112.0,141.0,142.0
46923,241.0,65.0,143.0,125.0
46924,280.0,187.0,177.0,171.0
46925,245.0,204.0,153.0,137.0
46926,261.0,182.0,148.0,142.0
46927,272.0,102.0,158.0,161.0
46928,264.0,224.0,156.0,149.0
46929,243.0,72.0,139.0,124.0
46930,235.0,92.0,127.0,129.0
46931,249.0,114.0,146.0,144.0
46932,255.0,217.0,157.0,138.0
46933,277.0,242.0,141.0,149.0
46934,249.0,106.0,116.0,146.0
46935,240.0,139.0,136.0,141.0
46936,232.0,85.0,131.0,125.0
46937,267.0,91.0,142.0,142.0
46938,274.0,164.0,157.0,161.0
46939,254.0,135.0,141.0,145.0
46940,249.0,102.0,145.0,146.0
46941,269.0,114.0,159.0,153.0
46942,226.0,74.0,129.0,125.0
46943,220.0,89.0,132.0,107.0
46944,238.0,148.0,123.0,128.0
46945,253.0,219.0,147.0,125.0
46946,253.0,98.0,160.0,140.0
46947,273.0,233.0,153.0,160.0
46948,222.0,186.0,123.0,130.0
46949,238.0,195.0,133.0,119.0
46950,269.0,112.0,144.0,143.0
46951,258.0,89.0,138.0,156.0
46952,248.0,96.0,136.0,148.0
46953,258.0,220.0,143.0,147.0
46954,254.0,196.0,140.0,144.0
46955,234.0,74.0,138.0,137.0
46956,260.0,222.0,142.0,139.0
46957,255.0,78.0,143.0,157.0
46958,277.0,139.0,167.0,152.0
46959,249.0,211.0,145.0,158.0
46960,238.0,96.0,133.0,125.0
46961,264.0,126.0,148.0,163.0
46962,251.0,110.0,141.0,133.0
46963,251.0,109.0,132.0,131.0
46964,259.0,223.0,163.0,141.0
46965,232.0,210.0,126.0,123.0
46966,235.0,213.0,130.0,119.0
46967,257.0,84.0,154.0,145.0
46968,236.0,221.0,136.0,119.0
46969,234.0,86.0,132.0,139.0
46970,253.0,146.0,153.0,150.0
46971,233.0,97.0,123.0,123.0
46972,249.0,170.0,141.0,149.0
46973,236.0,138.0,160.0,127.0
46974,260.0,257.0,153.0,145.0
46975,252.0,136.0,148.0,144.0
46976,258.0,147.0,144.0,156.0
46977,232.0,92.0,143.0,133.0
46978,232.0,226.0,125.0,144.0
46979,242.0,236.0,138.0,140.0
46980,253.0,80.0,126.0,142.0
46981,247.0,88.0,130.0,142.0
46982,218.0,113.0,114.0,133.0
46983,290.0,94.0,161.0,166.0
46984,256.0,135.0,138.0,148.0
46985,277.0,190.0,146.0,151.0
46986,248.0,218.0,147.0,138.0
46987,249.0,138.0,136.0,138.0
46988,238.0,113.0,133.0,131.0
46989,240.0,114.0,134.0,129.0
46990,249.0,110.0,135.0,142.0
46991,276.0,256.0,166.0,142.0
46992,243.0,83.0,136.0,132.0
46993,268.0,65.0,162.0,152.0
46994,240.0,114.0,149.0,117.0
46995,248.0,115.0,138.0,144.0
46996,261.0,229.0,146.0,162.0
46997,247.0,225.0,133.0,131.0
46998,249.0,112.0,146.0,141.0
46999,242.0,206.0,134.0,140.0
47000,251.0,94.0,139.0,140.0
47001,255.0,134.0,142.0,144.0
47002,278.0,242.0,172.0,153.0
47003,238.0,202.0,116.0,137.0
47004,251.0,218.0,154.0,139.0
47005,242.0,224.0,148.0,128.0
47006,221.0,74.0,134.0,126.0
47007,242.0,92.0,136.0,130.0
47008,242.0,121.0,138.0,148.0
47009,247.0,135.0,130.0,145.0
47010,255.0,210.0,150.0,149.0
47011,271.0,168.0,154.0,153.0
47012,263.0,177.0,157.0,130.0
47013,211.0,126.0,129.0,114.0
47014,238.0,104.0,133.0,140.0
47015,258.0,108.0,146.0,150.0
47016,240.0,76.0,154.0,139.0
47017,260.0,223.0,158.0,139.0
47018,266.0,131.0,144.0,159.0
47019,255.0,90.0,140.0,139.0
47020,280.0,165.0,149.0,157.0
47021,249.0,84.0,131.0,127.0
47022,243.0,103.0,132.0,142.0
47023,240.0,83.0,145.0,153.0
47024,242.0,200.0,130.0,138.0
47025,250.0,224.0,151.0,148.0
47026,250.0,63.0,135.0,135.0
47027,242.0,219.0,131.0,134.0
47028,238.0,122.0,140.0,125.0
47029,254.0,229.0,130.0,145.0
47030,250.0,90.0,137.0,128.0
47031,250.0,129.0,143.0,150.0
47032,256.0,203.0,149.0,147.0
47033,251.0,101.0,137.0,148.0
47034,263.0,123.0,138.0,148.0
47035,235.0,123.0,118.0,130.0
47036,249.0,208.0,134.0,139.0
47037,241.0,68.0,153.0,139.0
47038,249.0,200.0,127.0,144.0
47039,251.0,189.0,135.0,158.0
47040,256.0,217.0,145.0,164.0
47041,262.0,138.0,126.0,139.0
47042,237.0,210.0,137.0,135.0
47043,261.0,94.0,149.0,140.0
47044,241.0,107.0,127.0,130.0
47045,262.0,128.0,136.0,137.0
47046,258.0,118.0,155.0,158.0
47047,250.0,148.0,144.0,140.0
47048,254.0,107.0,151.0,134.0
47049,239.0,212.0,146.0,138.0
47050,241.0,205.0,141.0,144.0
47051,262.0,98.0,127.0,150.0
47052,252.0,215.0,141.0,137.0
47053,240.0,75.0,131.0,134.0
47054,268.0,136.0,157.0,169.0
47055,248.0,108.0,147.0,152.0
47056,238.0,160.0,130.0,139.0
47057,234.0,147.0,128.0,108.0
47058,230.0,83.0,108.0,138.0
47059,211.0,83.0,120.0,135.0
47060,251.0,137.0,129.0,131.0
47061,248.0,86.0,118.0,127.0
47062,248.0,64.0,132.0,141.0
47063,257.0,97.0,147.0,133.0
47064,269.0,233.0,158.0,160.0
47065,254.0,91.0,126.0,141.0
47066,241.0,145.0,122.0,139.0
47067,237.0,230.0,147.0,138.0
47068,249.0,96.0,137.0,135.0
47069,243.0,92.0,124.0,135.0
47070,252.0,247.0,148.0,135.0
47071,269.0,201.0,145.0,150.0
47072,255.0,125.0,149.0,134.0
47073,258.0,225.0,151.0,135.0
47074,240.0,99.0,140.0,134.0
47075,231.0,53.0,114.0,126.0
47076,247.0,217.0,136.0,142.0
47077,226.0,197.0,123.0,145.0
47078,250.0,112.0,145.0,156.0
47079,226.0,105.0,132.0,126.0
47080,255.0,89.0,139.0,149.0
47081,256.0,172.0,145.0,156.0
47082,263.0,115.0,142.0,135.0
47083,249.0,101.0,138.0,138.0
47084,236.0,85.0,126.0,120.0
47085,260.0,236.0,145.0,145.0
47086,281.0,271.0,161.0,166.0
47087,233.0,84.0,130.0,136.0
47088,246.0,235.0,131.0,142.0
47089,248.0,100.0,141.0,141.0
47090,264.0,127.0,138.0,145.0
47091,251.0,247.0,155.0,143.0
47092,271.0,142.0,171.0,135.0
47093,252.0,96.0,145.0,141.0
47094,239.0,113.0,136.0,140.0
47095,241.0,81.0,154.0,139.0
47096,246.0,105.0,135.0,132.0
47097,224.0,189.0,122.0,129.0
47098,251.0,166.0,136.0,143.0
47099,251.0,79.0,146.0,151.0
47100,242.0,74.0,142.0,145.0
47101,232.0,224.0,138.0,136.0
47102,267.0,133.0,162.0,158.0
47103,249.0,135.0,141.0,143.0
47104,242.0,231.0,135.0,125.0
47105,271.0,109.0,154.0,157.0
47106,249.0,218.0,139.0,131.0
47107,248.0,108.0,149.0,133.0
47108,253.0,120.0,139.0,144.0
47109,239.0,139.0,137.0,122.0
47110,260.0,99.0,142.0,144.0
47111,253.0,222.0,128.0,146.0
47112,245.0,73.0,136.0,140.0
47113,258.0,226.0,148.0,131.0
47114,266.0,111.0,133.0,140.0
47115,250.0,139.0,138.0,135.0
47116,256.0,141.0,152.0,153.0
47117,258.0,227.0,157.0,143.0
47118,252.0,141.0,150.0,128.0
47119,259.0,165.0,140.0,150.0
47120,257.0,204.0,159.0,160.0
47121,239.0,110.0,142.0,139.0
47122,267.0,115.0,142.0,154.0
47123,276.0,242.0,139.0,148.0
47124,247.0,218.0,136.0,129.0
47125,254.0,129.0,147.0,144.0
47126,264.0,226.0,141.0,149.0
47127,254.0,123.0,149.0,150.0
47128,241.0,127.0,126.0,139.0
47129,269.0,141.0,158.0,157.0
47130,223.0,77.0,126.0,119.0
47131,260.0,133.0,148.0,169.0
47132,265.0,116.0,155.0,152.0
47133,252.0,195.0,152.0,133.0
47134,232.0,115.0,135.0,136.0
47135,250.0,221.0,141.0,142.0
47136,251.0,136.0,140.0,127.0
47137,259.0,105.0,152.0,143.0
47138,257.0,123.0,140.0,146.0
47139,235.0,104.0,132.0,138.0
47140,260.0,140.0,146.0,137.0
47141,249.0,120.0,135.0,153.0
47142,231.0,203.0,128.0,108.0
47143,262.0,81.0,145.0,147.0
47144,236.0,205.0,142.0,134.0
47145,272.0,121.0,158.0,145.0
47146,260.0,149.0,142.0,154.0
47147,252.0,174.0,150.0,146.0
47148,262.0,262.0,150.0,159.0
47149,275.0,264.0,157.0,153.0
47150,248.0,213.0,132.0,142.0
47151,260.0,109.0,136.0,151.0
47152,241.0,126.0,127.0,141.0
47153,245.0,241.0,151.0,130.0
47154,269.0,190.0,156.0,137.0
47155,249.0,141.0,142.0,128.0
47156,245.0,160.0,127.0,150.0
47157,266.0,239.0,149.0,155.0
47158,245.0,78.0,129.0,144.0
47159,234.0,68.0,130.0,151.0
47160,272.0,147.0,162.0,139.0
47161,260.0,105.0,150.0,144.0
47162,239.0,110.0,132.0,130.0
47163,273.0,75.0,159.0,168.0
47164,228.0,88.0,118.0,130.0
47165,276.0,120.0,148.0,158.0
47166,253.0,117.0,150.0,144.0
47167,269.0,109.0,138.0,134.0
47168,251.0,111.0,140.0,142.0
47169,238.0,206.0,118.0,141.0
47170,236.0,118.0,141.0,130.0
47171,252.0,211.0,147.0,144.0
47172,217.0,90.0,129.0,127.0
47173,239.0,169.0,143.0,137.0
47174,265.0,134.0,173.0,155.0
47175,254.0,106.0,145.0,151.0
47176,255.0,213.0,146.0,154.0
47177,264.0,86.0,155.0,140.0
47178,242.0,75.0,156.0,147.0
47179,239.0,201.0,140.0,151.0
47180,243.0,58.0,141.0,150.0
47181,252.0,101.0,146.0,132.0
47182,257.0,207.0,146.0,138.0
47183,238.0,142.0,129.0,128.0
47184,239.0,101.0,132.0,124.0
47185,253.0,94.0,145.0,121.0
47186,232.0,117.0,133.0,122.0
47187,257.0,105.0,140.0,152.0
47188,267.0,214.0,149.0,161.0
47189,253.0,226.0,140.0,136.0
47190,247.0,74.0,153.0,143.0
47191,264.0,136.0,146.0,147.0
47192,241.0,169.0,144.0,134.0
47193,219.0,189.0,124.0,110.0
47194,252.0,105.0,120.0,152.0
47195,257.0,257.0,139.0,150.0
47196,271.0,246.0,170.0,154.0
47197,256.0,224.0,140.0,145.0
47198,250.0,101.0,132.0,145.0
47199,241.0,196.0,134.0,138.0
47200,269.0,74.0,153.0,147.0
47201,256.0,81.0,144.0,149.0
47202,241.0,99.0,135.0,126.0
47203,246.0,216.0,125.0,127.0
47204,231.0,189.0,130.0,119.0
47205,263.0,236.0,149.0,143.0
47206,268.0,233.0,148.0,149.0
47207,256.0,145.0,159.0,146.0
47208,224.0,118.0,124.0,108.0
47209,244.0,207.0,128.0,143.0
47210,245.0,214.0,137.0,134.0
47211,263.0,107.0,145.0,145.0
47212,231.0,115.0,126.0,124.0
47213,244.0,151.0,123.0,139.0
47214,266.0,230.0,139.0,136.0
47215,239.0,204.0,126.0,126.0
47216,255.0,88.0,135.0,133.0
47217,256.0,228.0,157.0,141.0
47218,251.0,227.0,143.0,133.0
47219,249.0,226.0,138.0,151.0
47220,262.0,115.0,151.0,151.0
47221,267.0,253.0,145.0,133.0
47222,237.0,119.0,123.0,124.0
47223,248.0,192.0,132.0,133.0
47224,246.0,225.0,136.0,133.0
47225,253.0,217.0,140.0,152.0
47226,250.0,168.0,134.0,157.0
47227,261.0,109.0,147.0,143.0
47228,219.0,92.0,110.0,128.0
47229,247.0,207.0,136.0,136.0
47230,266.0,166.0,171.0,155.0
47231,272.0,134.0,152.0,175.0
47232,263.0,219.0,163.0,157.0
47233,255.0,112.0,151.0,130.0
47234,247.0,151.0,146.0,137.0
47235,260.0,91.0,128.0,147.0
47236,260.0,222.0,134.0,166.0
47237,248.0,212.0,119.0,140.0
47238,226.0,100.0,120.0,129.0
47239,254.0,92.0,148.0,141.0
47240,251.0,108.0,151.0,133.0
47241,254.0,204.0,144.0,141.0
47242,241.0,138.0,141.0,130.0
47243,234.0,204.0,139.0,141.0
47244,236.0,125.0,132.0,122.0
47245,237.0,132.0,144.0,116.0
47246,240.0,98.0,138.0,134.0
47247,233.0,83.0,125.0,129.0
47248,246.0,128.0,150.0,140.0
47249,229.0,161.0,128.0,123.0
47250,246.0,108.0,130.0,135.0
47251,266.0,222.0,145.0,153.0
47252,259.0,135.0,161.0,131.0
47253,243.0,208.0,126.0,138.0
47254,226.0,81.0,132.0,142.0
47255,270.0,227.0,152.0,139.0
47256,239.0,101.0,131.0,138.0
47257,271.0,118.0,167.0,158.0
47258,233.0,88.0,136.0,129.0
47259,262.0,102.0,148.0,149.0
47260,254.0,120.0,146.0,134.0
47261,248.0,95.0,135.0,138.0
47262,226.0,185.0,120.0,130.0
47263,260.0,131.0,150.0,138.0
47264,253.0,249.0,161.0,140.0
47265,240.0,114.0,125.0,145.0
47266,239.0,209.0,124.0,126.0
47267,239.0,208.0,140.0,141.0
47268,266.0,224.0,153.0,152.0
47269,262.0,226.0,143.0,136.0
47270,253.0,100.0,145.0,134.0
47271,276.0,264.0,152.0,163.0
47272,260.0,217.0,144.0,147.0
47273,253.0,48.0,154.0,144.0
47274,250.0,169.0,160.0,154.0
47275,243.0,98.0,119.0,141.0
47276,236.0,110.0,131.0,134.0
47277,259.0,83.0,146.0,148.0
47278,245.0,211.0,145.0,146.0
47279,250.0,129.0,138.0,142.0
47280,231.0,115.0,128.0,134.0
47281,246.0,211.0,150.0,140.0
47282,241.0,93.0,126.0,136.0
47283,245.0,245.0,136.0,147.0
47284,222.0,96.0,120.0,125.0
47285,245.0,192.0,142.0,133.0
47286,233.0,192.0,145.0,139.0
47287,284.0,175.0,168.0,170.0
47288,255.0,82.0,167.0,141.0
47289,263.0,109.0,145.0,141.0
47290,239.0,117.0,133.0,140.0
47291,249.0,108.0,140.0,137.0
47292,243.0,216.0,138.0,127.0
47293,275.0,236.0,147.0,140.0
47294,276.0,245.0,154.0,175.0
47295,245.0,214.0,128.0,127.0
47296,274.0,254.0,159.0,153.0
47297,280.0,250.0,164.0,168.0
47298,250.0,64.0,155.0,131.0
47299,264.0,246.0,143.0,136.0
47300,241.0,88.0,137.0,131.0
47301,238.0,229.0,143.0,134.0
47302,246.0,117.0,134.0,133.0
47303,250.0,112.0,147.0,135.0
47304,274.0,241.0,156.0,151.0
47305,264.0,161.0,136.0,138.0
47306,280.0,248.0,140.0,169.0
47307,235.0,189.0,127.0,133.0
47308,248.0,214.0,131.0,127.0
47309,266.0,116.0,151.0,149.0
47310,257.0,109.0,137.0,139.0
47311,246.0,203.0,146.0,140.0
47312,253.0,78.0,146.0,151.0
47313,263.0,130.0,152.0,134.0
47314,246.0,214.0,145.0,148.0
47315,272.0,139.0,143.0,157.0
47316,247.0,125.0,132.0,121.0
47317,246.0,105.0,138.0,138.0
47318,246.0,243.0,146.0,138.0
47319,254.0,96.0,146.0,148.0
47320,272.0,153.0,149.0,162.0
47321,247.0,79.0,153.0,130.0
47322,225.0,127.0,128.0,130.0
47323,259.0,259.0,149.0,138.0
47324,224.0,72.0,114.0,127.0
47325,235.0,114.0,129.0,126.0
47326,251.0,87.0,150.0,146.0
47327,255.0,77.0,155.0,141.0
47328,262.0,117.0,146.0,142.0
47329,256.0,132.0,149.0,156.0
47330,261.0,81.0,136.0,144.0
47331,231.0,83.0,136.0,131.0
47332,252.0,114.0,141.0,136.0
47333,243.0,124.0,121.0,126.0
47334,253.0,200.0,164.0,141.0
47335,260.0,97.0,151.0,150.0
47336,250.0,60.0,145.0,134.0
47337,252.0,101.0,128.0,160.0
47338,256.0,167.0,157.0,147.0
47339,260.0,140.0,136.0,165.0
47340,248.0,126.0,124.0,145.0
47341,255.0,215.0,146.0,138.0
47342,294.0,222.0,171.0,169.0
47343,268.0,126.0,156.0,148.0
47344,258.0,222.0,142.0,150.0
47345,249.0,68.0,152.0,146.0
47346,256.0,231.0,139.0,148.0
47347,255.0,84.0,152.0,153.0
47348,239.0,115.0,139.0,151.0
47349,253.0,211.0,137.0,132.0
47350,238.0,80.0,138.0,145.0
47351,231.0,110.0,129.0,128.0
47352,223.0,166.0,122.0,120.0
47353,231.0,88.0,124.0,114.0
47354,262.0,135.0,145.0,147.0
47355,238.0,53.0,129.0,143.0
47356,234.0,79.0,142.0,122.0
47357,249.0,114.0,149.0,138.0
47358,244.0,100.0,133.0,139.0
47359,266.0,101.0,132.0,137.0
47360,251.0,157.0,138.0,143.0
47361,261.0,234.0,155.0,154.0
47362,241.0,88.0,123.0,143.0
47363,261.0,261.0,164.0,158.0
47364,245.0,158.0,127.0,131.0
47365,265.0,66.0,156.0,146.0
47366,254.0,220.0,151.0,134.0
47367,266.0,255.0,145.0,146.0
47368,258.0,218.0,141.0,140.0
47369,239.0,235.0,140.0,111.0
47370,242.0,121.0,122.0,136.0
47371,253.0,247.0,146.0,143.0
47372,266.0,121.0,170.0,155.0
47373,251.0,169.0,158.0,133.0
47374,226.0,95.0,123.0,126.0
47375,231.0,83.0,124.0,131.0
47376,267.0,120.0,145.0,143.0
47377,254.0,123.0,146.0,137.0
47378,258.0,216.0,138.0,144.0
47379,247.0,106.0,129.0,148.0
47380,260.0,108.0,133.0,153.0
47381,271.0,231.0,147.0,148.0
47382,251.0,99.0,130.0,144.0
47383,256.0,219.0,134.0,137.0
47384,261.0,98.0,150.0,159.0
47385,240.0,140.0,128.0,143.0
47386,264.0,128.0,147.0,139.0
47387,248.0,111.0,140.0,142.0
47388,285.0,275.0,153.0,147.0
47389,241.0,92.0,132.0,147.0
47390,253.0,109.0,142.0,147.0
47391,250.0,127.0,154.0,135.0
47392,243.0,68.0,148.0,133.0
47393,237.0,159.0,129.0,117.0
47394,268.0,72.0,164.0,144.0
47395,250.0,115.0,134.0,139.0
47396,263.0,123.0,159.0,142.0
47397,239.0,200.0,138.0,134.0
47398,243.0,121.0,144.0,137.0
47399,239.0,209.0,122.0,140.0
47400,283.0,196.0,166.0,157.0
47401,259.0,145.0,146.0,146.0
47402,256.0,101.0,146.0,145.0
47403,245.0,212.0,152.0,138.0
47404,231.0,225.0,135.0,120.0
47405,257.0,224.0,150.0,154.0
47406,251.0,227.0,146.0,135.0
47407,242.0,133.0,141.0,128.0
47408,281.0,145.0,155.0,158.0
47409,252.0,106.0,141.0,142.0
47410,261.0,226.0,146.0,144.0
47411,253.0,93.0,146.0,152.0
47412,257.0,254.0,132.0,153.0
47413,259.0,136.0,141.0,140.0
47414,245.0,108.0,146.0,141.0
47415,247.0,85.0,152.0,148.0
47416,241.0,89.0,132.0,136.0
47417,270.0,67.0,144.0,140.0
47418,236.0,130.0,135.0,121.0
47419,273.0,235.0,159.0,150.0
47420,264.0,95.0,159.0,137.0
47421,268.0,242.0,141.0,134.0
47422,255.0,98.0,146.0,147.0
47423,246.0,124.0,144.0,144.0
47424,259.0,259.0,154.0,146.0
47425,245.0,110.0,142.0,133.0
47426,262.0,145.0,147.0,146.0
47427,263.0,239.0,155.0,148.0
47428,250.0,203.0,137.0,135.0
47429,254.0,254.0,153.0,154.0
47430,259.0,132.0,146.0,157.0
47431,232.0,83.0,131.0,113.0
47432,251.0,107.0,148.0,144.0
47433,241.0,219.0,128.0,132.0
47434,251.0,97.0,162.0,136.0
47435,272.0,115.0,172.0,161.0
47436,246.0,101.0,144.0,133.0
47437,246.0,115.0,142.0,143.0
47438,249.0,212.0,140.0,139.0
47439,280.0,113.0,154.0,171.0
47440,244.0,112.0,136.0,123.0
47441,256.0,183.0,152.0,144.0
47442,275.0,113.0,157.0,154.0
47443,258.0,103.0,152.0,133.0
47444,237.0,104.0,128.0,144.0
47445,262.0,108.0,138.0,144.0
47446,250.0,136.0,136.0,145.0
47447,257.0,131.0,154.0,139.0
47448,249.0,230.0,137.0,129.0
47449,251.0,73.0,132.0,131.0
47450,280.0,181.0,149.0,157.0
47451,282.0,137.0,152.0,159.0
47452,253.0,98.0,142.0,137.0
47453,265.0,176.0,141.0,148.0
47454,244.0,144.0,135.0,133.0
47455,232.0,152.0,126.0,127.0
47456,221.0,191.0,129.0,115.0
47457,257.0,108.0,145.0,148.0
47458,253.0,134.0,152.0,149.0
47459,261.0,136.0,165.0,155.0
47460,246.0,92.0,128.0,146.0
47461,250.0,81.0,135.0,145.0
47462,244.0,214.0,127.0,129.0
47463,244.0,104.0,150.0,145.0
47464,219.0,96.0,132.0,131.0
47465,243.0,203.0,144.0,124.0
47466,238.0,97.0,120.0,138.0
47467,250.0,93.0,145.0,130.0
47468,246.0,148.0,151.0,131.0
47469,278.0,241.0,161.0,160.0
47470,235.0,157.0,137.0,141.0
47471,229.0,76.0,113.0,133.0
47472,242.0,134.0,132.0,130.0
47473,258.0,242.0,161.0,135.0
47474,262.0,131.0,153.0,153.0
47475,238.0,99.0,118.0,128.0
47476,228.0,121.0,122.0,154.0
47477,225.0,169.0,129.0,121.0
47478,240.0,139.0,140.0,138.0
47479,250.0,215.0,144.0,148.0
47480,282.0,116.0,139.0,152.0
47481,249.0,211.0,141.0,147.0
47482,250.0,130.0,146.0,149.0
47483,261.0,131.0,148.0,146.0
47484,226.0,183.0,133.0,120.0
47485,230.0,134.0,130.0,146.0
47486,251.0,120.0,158.0,149.0
47487,266.0,222.0,149.0,137.0
47488,246.0,131.0,152.0,155.0
47489,261.0,105.0,150.0,151.0
47490,224.0,87.0,121.0,114.0
47491,243.0,109.0,132.0,140.0
47492,272.0,214.0,157.0,159.0
47493,261.0,103.0,149.0,152.0
47494,236.0,196.0,128.0,137.0
47495,235.0,102.0,117.0,127.0
47496,263.0,95.0,153.0,156.0
47497,231.0,82.0,136.0,123.0
47498,259.0,126.0,145.0,155.0
47499,252.0,131.0,148.0,143.0
47500,236.0,203.0,144.0,131.0
47501,244.0,212.0,136.0,126.0
47502,247.0,193.0,133.0,121.0
47503,265.0,88.0,149.0,143.0
47504,240.0,192.0,134.0,129.0
47505,253.0,116.0,150.0,138.0
47506,266.0,183.0,158.0,159.0
47507,244.0,134.0,140.0,142.0
47508,270.0,139.0,164.0,151.0
47509,255.0,215.0,137.0,133.0
47510,242.0,119.0,130.0,142.0
47511,234.0,107.0,125.0,132.0
47512,264.0,135.0,160.0,148.0
47513,260.0,70.0,143.0,142.0
47514,249.0,127.0,148.0,124.0
47515,254.0,56.0,128.0,137.0
47516,250.0,221.0,143.0,148.0
47517,249.0,110.0,141.0,136.0
47518,263.0,227.0,146.0,141.0
47519,225.0,97.0,129.0,115.0
47520,242.0,133.0,139.0,137.0
47521,257.0,79.0,138.0,135.0
47522,246.0,177.0,137.0,145.0
47523,236.0,207.0,139.0,145.0
47524,244.0,135.0,128.0,131.0
47525,264.0,226.0,141.0,159.0
47526,274.0,236.0,145.0,161.0
47527,252.0,134.0,130.0,142.0
47528,238.0,97.0,133.0,123.0
47529,233.0,201.0,134.0,131.0
47530,248.0,201.0,135.0,140.0
47531,260.0,119.0,149.0,141.0
47532,246.0,220.0,126.0,139.0
47533,256.0,98.0,137.0,148.0
47534,272.0,96.0,158.0,149.0
47535,248.0,96.0,137.0,148.0
47536,238.0,204.0,116.0,141.0
47537,231.0,205.0,136.0,129.0
47538,258.0,124.0,144.0,154.0
47539,257.0,140.0,141.0,133.0
47540,237.0,191.0,131.0,145.0
47541,266.0,117.0,129.0,148.0
47542,261.0,127.0,140.0,144.0
47543,240.0,203.0,122.0,136.0
47544,245.0,214.0,142.0,134.0
47545,241.0,105.0,132.0,137.0
47546,248.0,237.0,139.0,144.0
47547,244.0,216.0,122.0,126.0
47548,271.0,243.0,149.0,149.0
47549,261.0,120.0,153.0,154.0
47550,238.0,104.0,131.0,134.0
47551,243.0,226.0,150.0,135.0
47552,255.0,226.0,148.0,151.0
47553,265.0,91.0,152.0,144.0
47554,251.0,92.0,137.0,133.0
47555,258.0,226.0,131.0,145.0
47556,299.0,286.0,173.0,160.0
47557,246.0,245.0,147.0,144.0
47558,256.0,97.0,139.0,143.0
47559,257.0,115.0,158.0,152.0
47560,256.0,104.0,155.0,144.0
47561,254.0,116.0,149.0,143.0
47562,257.0,125.0,145.0,144.0
47563,261.0,116.0,146.0,147.0
47564,257.0,233.0,146.0,129.0
47565,262.0,238.0,146.0,156.0
47566,241.0,93.0,138.0,127.0
47567,266.0,108.0,145.0,134.0
47568,240.0,84.0,120.0,125.0
47569,243.0,141.0,140.0,122.0
47570,230.0,111.0,125.0,120.0
47571,245.0,92.0,134.0,132.0
47572,244.0,77.0,133.0,137.0
47573,260.0,115.0,140.0,139.0
47574,266.0,262.0,161.0,152.0
47575,251.0,218.0,132.0,145.0
47576,256.0,123.0,147.0,148.0
47577,248.0,220.0,135.0,150.0
47578,245.0,127.0,140.0,132.0
47579,241.0,109.0,130.0,139.0
47580,253.0,124.0,143.0,149.0
47581,249.0,110.0,151.0,146.0
47582,260.0,133.0,151.0,148.0
47583,269.0,143.0,149.0,153.0
47584,257.0,211.0,143.0,140.0
47585,233.0,107.0,141.0,128.0
47586,243.0,194.0,133.0,140.0
47587,236.0,204.0,118.0,127.0
47588,235.0,100.0,134.0,124.0
47589,255.0,151.0,154.0,141.0
47590,266.0,123.0,158.0,144.0
47591,249.0,133.0,149.0,155.0
47592,242.0,143.0,131.0,132.0
47593,254.0,188.0,136.0,144.0
47594,260.0,169.0,141.0,136.0
47595,250.0,142.0,139.0,141.0
47596,250.0,84.0,143.0,137.0
47597,257.0,63.0,144.0,159.0
47598,247.0,240.0,135.0,152.0
47599,236.0,189.0,146.0,122.0
47600,255.0,229.0,136.0,135.0
47601,247.0,133.0,146.0,130.0
47602,240.0,203.0,143.0,136.0
47603,246.0,110.0,144.0,140.0
47604,232.0,95.0,125.0,130.0
47605,216.0,107.0,125.0,131.0
47606,240.0,109.0,140.0,154.0
47607,263.0,130.0,144.0,136.0
47608,253.0,105.0,141.0,150.0
47609,222.0,205.0,114.0,124.0
47610,259.0,129.0,138.0,142.0
47611,256.0,82.0,151.0,159.0
47612,262.0,221.0,148.0,153.0
47613,269.0,123.0,159.0,162.0
47614,257.0,99.0,159.0,145.0
47615,237.0,213.0,135.0,146.0
47616,240.0,130.0,148.0,139.0
47617,265.0,107.0,140.0,146.0
47618,263.0,134.0,155.0,149.0
47619,260.0,153.0,152.0,152.0
47620,249.0,149.0,123.0,142.0
47621,216.0,174.0,120.0,114.0
47622,228.0,116.0,123.0,120.0
47623,243.0,111.0,137.0,135.0
47624,249.0,147.0,132.0,136.0
47625,234.0,75.0,140.0,124.0
47626,265.0,117.0,168.0,147.0
47627,263.0,226.0,141.0,141.0
47628,232.0,166.0,136.0,120.0
47629,243.0,111.0,143.0,152.0
47630,235.0,115.0,136.0,134.0
47631,244.0,237.0,147.0,156.0
47632,256.0,42.0,156.0,149.0
47633,248.0,75.0,147.0,150.0
47634,258.0,204.0,148.0,133.0
47635,257.0,207.0,131.0,140.0
47636,228.0,218.0,133.0,129.0
47637,229.0,211.0,115.0,131.0
47638,247.0,212.0,155.0,142.0
47639,244.0,221.0,135.0,136.0
47640,249.0,93.0,140.0,156.0
47641,251.0,200.0,145.0,138.0
47642,241.0,124.0,132.0,144.0
47643,259.0,141.0,145.0,134.0
47644,224.0,84.0,110.0,132.0
47645,259.0,133.0,130.0,150.0
47646,251.0,98.0,146.0,127.0
47647,231.0,107.0,139.0,134.0
47648,246.0,79.0,149.0,143.0
47649,253.0,92.0,139.0,136.0
47650,271.0,128.0,159.0,156.0
47651,249.0,56.0,151.0,121.0
47652,261.0,235.0,142.0,148.0
47653,268.0,111.0,141.0,145.0
47654,240.0,115.0,139.0,149.0
47655,266.0,112.0,141.0,144.0
47656,239.0,93.0,133.0,144.0
47657,266.0,146.0,142.0,156.0
47658,244.0,126.0,126.0,136.0
47659,255.0,108.0,135.0,126.0
47660,278.0,100.0,168.0,157.0
47661,239.0,235.0,125.0,134.0
47662,223.0,98.0,131.0,123.0
47663,235.0,135.0,137.0,123.0
47664,250.0,78.0,133.0,125.0
47665,229.0,46.0,121.0,126.0
47666,235.0,128.0,132.0,144.0
47667,226.0,225.0,125.0,124.0
47668,260.0,107.0,149.0,130.0
47669,258.0,238.0,133.0,157.0
47670,236.0,74.0,137.0,134.0
47671,242.0,230.0,137.0,129.0
47672,262.0,137.0,137.0,147.0
47673,270.0,60.0,146.0,143.0
47674,271.0,104.0,152.0,168.0
47675,233.0,206.0,137.0,130.0
47676,252.0,146.0,141.0,142.0
47677,250.0,218.0,143.0,129.0
47678,222.0,106.0,127.0,116.0
47679,242.0,134.0,132.0,133.0
47680,244.0,85.0,123.0,139.0
47681,275.0,104.0,162.0,154.0
47682,229.0,192.0,141.0,131.0
47683,230.0,219.0,138.0,130.0
47684,246.0,235.0,145.0,124.0
47685,295.0,264.0,174.0,168.0
47686,244.0,113.0,156.0,129.0
47687,238.0,85.0,138.0,127.0
47688,270.0,104.0,148.0,157.0
47689,249.0,149.0,141.0,142.0
47690,232.0,86.0,124.0,138.0
47691,242.0,210.0,136.0,139.0
47692,245.0,195.0,135.0,131.0
47693,232.0,95.0,121.0,135.0
47694,256.0,113.0,141.0,148.0
47695,256.0,127.0,133.0,135.0
47696,255.0,112.0,140.0,151.0
47697,235.0,208.0,127.0,138.0
47698,274.0,142.0,146.0,156.0
47699,230.0,197.0,114.0,122.0
47700,235.0,107.0,131.0,128.0
47701,237.0,54.0,123.0,147.0
47702,252.0,224.0,137.0,137.0
47703,264.0,115.0,132.0,149.0
47704,252.0,135.0,150.0,147.0
47705,247.0,240.0,130.0,144.0
47706,279.0,97.0,164.0,163.0
47707,259.0,123.0,134.0,160.0
47708,247.0,151.0,140.0,134.0
47709,255.0,118.0,123.0,147.0
47710,248.0,205.0,138.0,150.0
47711,262.0,128.0,139.0,143.0
47712,233.0,97.0,139.0,130.0
47713,250.0,131.0,152.0,142.0
47714,236.0,133.0,139.0,115.0
47715,239.0,113.0,119.0,135.0
47716,254.0,127.0,148.0,147.0
47717,236.0,94.0,133.0,130.0
47718,267.0,169.0,150.0,162.0
47719,248.0,100.0,147.0,142.0
47720,270.0,242.0,144.0,152.0
47721,260.0,145.0,155.0,147.0
47722,257.0,76.0,149.0,157.0
47723,242.0,95.0,137.0,120.0
47724,246.0,127.0,128.0,149.0
47725,228.0,198.0,120.0,135.0
47726,259.0,220.0,147.0,156.0
47727,253.0,111.0,152.0,139.0
47728,244.0,147.0,136.0,136.0
47729,277.0,96.0,161.0,147.0
47730,242.0,105.0,151.0,127.0
47731,247.0,245.0,155.0,142.0
47732,273.0,132.0,163.0,151.0
47733,283.0,224.0,157.0,143.0
47734,237.0,118.0,139.0,117.0
47735,246.0,116.0,144.0,160.0
47736,234.0,117.0,129.0,132.0
47737,240.0,126.0,135.0,121.0
47738,247.0,80.0,140.0,136.0
47739,228.0,129.0,135.0,128.0
47740,252.0,217.0,128.0,151.0
47741,254.0,220.0,133.0,135.0
47742,235.0,82.0,130.0,129.0
47743,242.0,116.0,130.0,140.0
47744,279.0,160.0,167.0,157.0
47745,244.0,126.0,148.0,144.0
47746,252.0,112.0,152.0,138.0
47747,246.0,121.0,136.0,143.0
47748,246.0,216.0,133.0,132.0
47749,255.0,250.0,148.0,127.0
47750,252.0,117.0,141.0,147.0
47751,242.0,96.0,124.0,133.0
47752,239.0,208.0,127.0,132.0
47753,284.0,65.0,150.0,157.0
47754,262.0,261.0,151.0,158.0
47755,239.0,116.0,140.0,138.0
47756,249.0,96.0,134.0,137.0
47757,249.0,218.0,134.0,128.0
47758,229.0,198.0,123.0,125.0
47759,258.0,103.0,156.0,145.0
47760,235.0,140.0,133.0,130.0
47761,235.0,235.0,137.0,146.0
47762,232.0,71.0,127.0,121.0
47763,228.0,106.0,123.0,113.0
47764,239.0,102.0,132.0,129.0
47765,240.0,214.0,115.0,143.0
47766,242.0,143.0,139.0,125.0
47767,253.0,145.0,150.0,140.0
47768,255.0,229.0,141.0,153.0
47769,241.0,107.0,137.0,134.0
47770,234.0,70.0,126.0,136.0
47771,237.0,188.0,133.0,120.0
47772,246.0,214.0,144.0,134.0
47773,248.0,111.0,145.0,124.0
47774,274.0,99.0,164.0,150.0
47775,250.0,99.0,136.0,133.0
47776,231.0,189.0,143.0,136.0
47777,263.0,120.0,144.0,150.0
47778,245.0,198.0,139.0,151.0
47779,232.0,226.0,130.0,140.0
47780,249.0,125.0,151.0,142.0
47781,244.0,134.0,145.0,147.0
47782,265.0,234.0,156.0,152.0
47783,240.0,89.0,133.0,124.0
47784,231.0,102.0,131.0,124.0
47785,226.0,113.0,128.0,131.0
47786,264.0,222.0,153.0,165.0
47787,268.0,158.0,138.0,151.0
47788,249.0,131.0,137.0,137.0
47789,257.0,136.0,148.0,155.0
47790,255.0,130.0,155.0,162.0
47791,238.0,113.0,135.0,127.0
47792,236.0,103.0,131.0,123.0
47793,236.0,123.0,128.0,127.0
47794,234.0,202.0,124.0,123.0
47795,240.0,94.0,144.0,136.0
47796,234.0,193.0,145.0,118.0
47797,236.0,187.0,138.0,138.0
47798,241.0,213.0,121.0,130.0
47799,267.0,103.0,144.0,142.0
47800,236.0,104.0,136.0,138.0
47801,238.0,114.0,145.0,122.0
47802,255.0,117.0,142.0,133.0
47803,240.0,85.0,134.0,146.0
47804,279.0,144.0,138.0,143.0
47805,250.0,115.0,150.0,127.0
47806,261.0,115.0,147.0,140.0
47807,241.0,101.0,133.0,140.0
47808,227.0,59.0,141.0,134.0
47809,268.0,87.0,143.0,134.0
47810,249.0,112.0,145.0,132.0
47811,271.0,122.0,143.0,149.0
47812,233.0,132.0,139.0,142.0
47813,253.0,198.0,128.0,149.0
47814,256.0,105.0,154.0,154.0
47815,240.0,211.0,131.0,141.0
47816,254.0,71.0,144.0,153.0
47817,250.0,136.0,132.0,138.0
47818,268.0,118.0,158.0,155.0
47819,247.0,133.0,131.0,144.0
47820,255.0,83.0,148.0,130.0
47821,260.0,95.0,141.0,140.0
47822,248.0,130.0,123.0,134.0
47823,271.0,82.0,161.0,151.0
47824,238.0,107.0,148.0,121.0
47825,247.0,152.0,132.0,130.0
47826,250.0,92.0,143.0,133.0
47827,262.0,141.0,133.0,156.0
47828,252.0,234.0,152.0,134.0
47829,269.0,107.0,152.0,150.0
47830,263.0,90.0,167.0,145.0
47831,266.0,116.0,150.0,153.0
47832,237.0,179.0,123.0,130.0
47833,240.0,129.0,131.0,138.0
47834,249.0,88.0,148.0,142.0
47835,253.0,90.0,140.0,134.0
47836,268.0,238.0,149.0,149.0
47837,238.0,70.0,141.0,139.0
47838,240.0,110.0,127.0,129.0
47839,231.0,101.0,129.0,130.0
47840,226.0,114.0,114.0,116.0
47841,260.0,92.0,129.0,153.0
47842,236.0,92.0,115.0,140.0
47843,260.0,239.0,148.0,146.0
47844,237.0,206.0,110.0,115.0
47845,223.0,201.0,111.0,138.0
47846,229.0,87.0,126.0,138.0
47847,260.0,83.0,145.0,151.0
47848,259.0,105.0,141.0,132.0
47849,250.0,146.0,140.0,141.0
47850,242.0,221.0,145.0,161.0
47851,257.0,99.0,163.0,153.0
47852,259.0,84.0,146.0,147.0
47853,256.0,150.0,131.0,131.0
47854,259.0,172.0,141.0,131.0
47855,248.0,109.0,153.0,150.0
47856,258.0,232.0,136.0,142.0
47857,246.0,212.0,134.0,117.0
47858,265.0,94.0,163.0,145.0
47859,263.0,171.0,143.0,148.0
47860,257.0,93.0,152.0,143.0
47861,236.0,114.0,117.0,124.0
47862,250.0,153.0,147.0,146.0
47863,250.0,96.0,124.0,143.0
47864,246.0,132.0,125.0,135.0
47865,256.0,222.0,145.0,147.0
47866,265.0,243.0,150.0,149.0
47867,275.0,124.0,175.0,155.0
47868,251.0,140.0,149.0,155.0
47869,252.0,205.0,140.0,135.0
47870,234.0,143.0,144.0,133.0
47871,247.0,99.0,136.0,133.0
47872,270.0,123.0,159.0,159.0
47873,263.0,93.0,152.0,149.0
47874,230.0,220.0,131.0,137.0
47875,251.0,79.0,143.0,141.0
47876,230.0,101.0,120.0,126.0
47877,260.0,118.0,138.0,134.0
47878,260.0,229.0,146.0,135.0
47879,255.0,98.0,130.0,138.0
47880,247.0,217.0,140.0,140.0
47881,256.0,128.0,142.0,151.0
47882,262.0,84.0,154.0,150.0
47883,244.0,244.0,136.0,135.0
47884,226.0,68.0,127.0,111.0
47885,248.0,148.0,148.0,143.0
47886,253.0,72.0,144.0,132.0
47887,225.0,199.0,131.0,125.0
47888,247.0,89.0,140.0,135.0
47889,230.0,212.0,133.0,137.0
47890,257.0,80.0,134.0,131.0
47891,253.0,104.0,150.0,149.0
47892,270.0,69.0,147.0,150.0
47893,261.0,104.0,151.0,155.0
47894,236.0,89.0,147.0,140.0
47895,268.0,100.0,157.0,163.0
47896,242.0,124.0,140.0,129.0
47897,254.0,137.0,139.0,142.0
47898,249.0,241.0,139.0,146.0
47899,265.0,162.0,160.0,164.0
47900,266.0,160.0,140.0,155.0
47901,247.0,243.0,150.0,144.0
47902,258.0,124.0,144.0,126.0
47903,257.0,136.0,141.0,144.0
47904,249.0,214.0,145.0,149.0
47905,242.0,139.0,132.0,141.0
47906,241.0,101.0,126.0,136.0
47907,267.0,75.0,150.0,162.0
47908,247.0,178.0,131.0,146.0
47909,244.0,141.0,141.0,145.0
47910,261.0,105.0,150.0,157.0
47911,263.0,116.0,165.0,140.0
47912,266.0,230.0,145.0,134.0
47913,236.0,103.0,116.0,133.0
47914,266.0,258.0,144.0,144.0
47915,248.0,47.0,141.0,153.0
47916,266.0,127.0,148.0,154.0
47917,249.0,111.0,147.0,133.0
47918,250.0,145.0,146.0,139.0
47919,265.0,140.0,167.0,147.0
47920,237.0,189.0,127.0,125.0
47921,227.0,117.0,116.0,125.0
47922,238.0,197.0,142.0,129.0
47923,230.0,225.0,142.0,131.0
47924,267.0,146.0,156.0,167.0
47925,259.0,98.0,135.0,153.0
47926,259.0,131.0,138.0,154.0
47927,272.0,255.0,145.0,150.0
47928,238.0,96.0,140.0,147.0
47929,235.0,104.0,125.0,136.0
47930,256.0,237.0,162.0,144.0
47931,257.0,68.0,140.0,154.0
47932,247.0,77.0,147.0,149.0
47933,270.0,238.0,160.0,157.0
47934,229.0,197.0,125.0,134.0
47935,259.0,107.0,151.0,150.0
47936,242.0,216.0,123.0,117.0
47937,251.0,81.0,148.0,149.0
47938,268.0,106.0,160.0,147.0
47939,249.0,113.0,144.0,134.0
47940,269.0,126.0,153.0,147.0
47941,252.0,125.0,141.0,121.0
47942,222.0,187.0,130.0,126.0
47943,241.0,111.0,144.0,138.0
47944,251.0,88.0,132.0,136.0
47945,222.0,130.0,134.0,120.0
47946,263.0,111.0,149.0,149.0
47947,230.0,122.0,128.0,142.0
47948,260.0,106.0,153.0,135.0
47949,245.0,199.0,135.0,159.0
47950,243.0,71.0,138.0,138.0
47951,251.0,207.0,163.0,134.0
47952,264.0,147.0,145.0,142.0
47953,254.0,125.0,145.0,144.0
47954,271.0,106.0,154.0,148.0
47955,242.0,185.0,150.0,135.0
47956,255.0,211.0,144.0,151.0
47957,249.0,125.0,149.0,132.0
47958,262.0,92.0,135.0,140.0
47959,258.0,105.0,137.0,140.0
47960,262.0,88.0,153.0,144.0
47961,274.0,166.0,146.0,154.0
47962,230.0,110.0,129.0,135.0
47963,258.0,112.0,144.0,124.0
47964,248.0,102.0,140.0,140.0
47965,229.0,108.0,130.0,123.0
47966,256.0,77.0,141.0,141.0
47967,275.0,131.0,156.0,150.0
47968,248.0,173.0,137.0,146.0
47969,258.0,134.0,144.0,140.0
47970,237.0,142.0,129.0,154.0
47971,243.0,221.0,135.0,131.0
47972,280.0,203.0,150.0,149.0
47973,250.0,93.0,130.0,134.0
47974,249.0,140.0,129.0,145.0
47975,255.0,124.0,146.0,130.0
47976,240.0,206.0,129.0,137.0
47977,237.0,203.0,133.0,131.0
47978,252.0,160.0,139.0,151.0
47979,240.0,126.0,136.0,128.0
47980,245.0,84.0,136.0,137.0
47981,254.0,225.0,146.0,148.0
47982,239.0,152.0,147.0,136.0
47983,260.0,165.0,139.0,153.0
47984,271.0,105.0,166.0,138.0
47985,258.0,106.0,161.0,152.0
47986,218.0,95.0,111.0,142.0
47987,242.0,102.0,154.0,134.0
47988,269.0,143.0,142.0,160.0
47989,282.0,89.0,154.0,171.0
47990,271.0,264.0,140.0,157.0
47991,240.0,202.0,145.0,142.0
47992,259.0,227.0,138.0,147.0
47993,264.0,180.0,151.0,156.0
47994,201.0,96.0,106.0,118.0
47995,259.0,100.0,147.0,162.0
47996,227.0,102.0,132.0,134.0
47997,254.0,93.0,145.0,147.0
47998,265.0,109.0,138.0,152.0
47999,233.0,125.0,133.0,125.0
48000,242.0,146.0,121.0,138.0
48001,241.0,211.0,138.0,133.0
48002,250.0,219.0,138.0,137.0
48003,231.0,86.0,140.0,140.0
48004,253.0,218.0,132.0,137.0
48005,230.0,116.0,117.0,124.0
48006,257.0,208.0,145.0,151.0
48007,246.0,116.0,141.0,141.0
48008,272.0,136.0,161.0,153.0
48009,248.0,240.0,149.0,144.0
48010,246.0,238.0,139.0,152.0
48011,248.0,119.0,142.0,152.0
48012,244.0,202.0,144.0,155.0
48013,268.0,82.0,166.0,147.0
48014,232.0,90.0,136.0,140.0
48015,262.0,144.0,147.0,151.0
48016,250.0,85.0,134.0,156.0
48017,243.0,133.0,144.0,128.0
48018,252.0,143.0,145.0,129.0
48019,246.0,115.0,142.0,144.0
48020,270.0,67.0,142.0,158.0
48021,243.0,239.0,128.0,142.0
48022,231.0,135.0,147.0,120.0
48023,234.0,114.0,124.0,141.0
48024,264.0,145.0,141.0,134.0
48025,268.0,112.0,161.0,145.0
48026,272.0,225.0,173.0,146.0
48027,266.0,146.0,152.0,153.0
48028,248.0,209.0,150.0,140.0
48029,265.0,107.0,148.0,150.0
48030,241.0,204.0,135.0,145.0
48031,245.0,103.0,131.0,134.0
48032,232.0,145.0,125.0,132.0
48033,253.0,208.0,157.0,140.0
48034,240.0,90.0,124.0,145.0
48035,242.0,202.0,134.0,134.0
48036,245.0,120.0,143.0,135.0
48037,262.0,237.0,149.0,149.0
48038,252.0,144.0,132.0,162.0
48039,256.0,223.0,143.0,150.0
48040,250.0,143.0,131.0,144.0
48041,262.0,223.0,165.0,155.0
48042,263.0,259.0,154.0,155.0
48043,263.0,135.0,147.0,164.0
48044,265.0,96.0,143.0,151.0
48045,269.0,269.0,147.0,147.0
48046,255.0,255.0,157.0,165.0
48047,257.0,105.0,141.0,155.0
48048,251.0,144.0,143.0,148.0
48049,230.0,121.0,140.0,141.0
48050,226.0,202.0,123.0,133.0
48051,254.0,137.0,144.0,147.0
48052,253.0,118.0,149.0,152.0
48053,237.0,142.0,146.0,122.0
48054,274.0,86.0,168.0,149.0
48055,288.0,271.0,163.0,143.0
48056,244.0,118.0,118.0,157.0
48057,243.0,105.0,143.0,147.0
48058,257.0,224.0,145.0,135.0
48059,286.0,88.0,161.0,157.0
48060,250.0,209.0,132.0,141.0
48061,252.0,106.0,130.0,153.0
48062,249.0,138.0,146.0,129.0
48063,284.0,123.0,156.0,178.0
48064,252.0,220.0,150.0,140.0
48065,253.0,106.0,141.0,132.0
48066,258.0,228.0,150.0,149.0
48067,253.0,105.0,129.0,132.0
48068,261.0,189.0,150.0,157.0
48069,281.0,92.0,158.0,156.0
48070,248.0,79.0,144.0,139.0
48071,250.0,121.0,154.0,131.0
48072,272.0,218.0,169.0,151.0
48073,229.0,84.0,132.0,144.0
48074,275.0,88.0,163.0,168.0
48075,275.0,265.0,167.0,146.0
48076,232.0,198.0,122.0,130.0
48077,239.0,85.0,140.0,145.0
48078,215.0,106.0,124.0,123.0
48079,238.0,117.0,130.0,133.0
48080,267.0,105.0,157.0,128.0
48081,256.0,214.0,141.0,133.0
48082,214.0,182.0,122.0,121.0
48083,249.0,96.0,137.0,139.0
48084,240.0,197.0,145.0,132.0
48085,253.0,90.0,133.0,145.0
48086,236.0,98.0,139.0,122.0
48087,244.0,128.0,147.0,130.0
48088,244.0,85.0,122.0,130.0
48089,230.0,201.0,112.0,124.0
48090,249.0,88.0,123.0,131.0
48091,239.0,173.0,132.0,138.0
48092,238.0,169.0,123.0,145.0
48093,250.0,206.0,151.0,140.0
48094,253.0,229.0,143.0,147.0
48095,231.0,197.0,137.0,120.0
48096,243.0,76.0,142.0,139.0
48097,248.0,101.0,152.0,135.0
48098,235.0,97.0,140.0,138.0
48099,255.0,217.0,141.0,150.0
48100,250.0,126.0,144.0,143.0
48101,243.0,114.0,122.0,130.0
48102,246.0,145.0,145.0,147.0
48103,238.0,80.0,129.0,138.0
48104,256.0,236.0,164.0,154.0
48105,262.0,224.0,151.0,151.0
48106,246.0,113.0,137.0,132.0
48107,254.0,115.0,135.0,145.0
48108,265.0,110.0,128.0,132.0
48109,249.0,239.0,129.0,136.0
48110,254.0,139.0,139.0,149.0
48111,252.0,121.0,123.0,141.0
48112,246.0,141.0,145.0,139.0
48113,254.0,202.0,143.0,157.0
48114,229.0,116.0,137.0,134.0
48115,233.0,100.0,116.0,125.0
48116,263.0,117.0,141.0,145.0
48117,243.0,127.0,150.0,126.0
48118,236.0,195.0,126.0,140.0
48119,267.0,102.0,156.0,140.0
48120,257.0,85.0,150.0,141.0
48121,259.0,224.0,154.0,146.0
48122,244.0,210.0,126.0,146.0
48123,268.0,230.0,158.0,146.0
48124,239.0,97.0,147.0,138.0
48125,265.0,135.0,144.0,155.0
48126,228.0,88.0,134.0,129.0
48127,228.0,191.0,116.0,130.0
48128,235.0,235.0,137.0,122.0
48129,257.0,83.0,131.0,138.0
48130,247.0,210.0,127.0,130.0
48131,233.0,95.0,147.0,126.0
48132,243.0,238.0,136.0,137.0
48133,253.0,248.0,138.0,142.0
48134,268.0,134.0,150.0,169.0
48135,226.0,158.0,115.0,127.0
48136,238.0,210.0,133.0,124.0
48137,282.0,254.0,148.0,155.0
48138,247.0,212.0,140.0,138.0
48139,244.0,140.0,142.0,126.0
48140,259.0,112.0,158.0,152.0
48141,241.0,210.0,123.0,149.0
48142,238.0,231.0,142.0,129.0
48143,236.0,232.0,130.0,137.0
48144,233.0,141.0,138.0,151.0
48145,227.0,107.0,110.0,127.0
48146,253.0,65.0,136.0,133.0
48147,237.0,67.0,124.0,139.0
48148,272.0,264.0,146.0,157.0
48149,240.0,220.0,130.0,140.0
48150,251.0,130.0,151.0,146.0
48151,225.0,224.0,140.0,120.0
48152,238.0,106.0,119.0,132.0
48153,239.0,146.0,140.0,143.0
48154,248.0,156.0,133.0,143.0
48155,253.0,93.0,133.0,134.0
48156,263.0,232.0,158.0,146.0
48157,235.0,210.0,132.0,132.0
48158,240.0,120.0,139.0,144.0
48159,242.0,101.0,129.0,138.0
48160,246.0,75.0,135.0,135.0
48161,265.0,96.0,169.0,146.0
48162,245.0,149.0,139.0,131.0
48163,240.0,96.0,139.0,132.0
48164,231.0,151.0,132.0,123.0
48165,259.0,116.0,151.0,159.0
48166,240.0,79.0,142.0,141.0
48167,236.0,203.0,131.0,152.0
48168,237.0,112.0,145.0,132.0
48169,258.0,53.0,148.0,131.0
48170,247.0,88.0,141.0,140.0
48171,241.0,145.0,137.0,128.0
48172,259.0,88.0,151.0,145.0
48173,250.0,123.0,141.0,153.0
48174,260.0,93.0,144.0,155.0
48175,253.0,105.0,134.0,129.0
48176,245.0,113.0,125.0,142.0
48177,238.0,192.0,124.0,139.0
48178,264.0,61.0,153.0,135.0
48179,251.0,114.0,129.0,143.0
48180,241.0,187.0,130.0,148.0
48181,230.0,221.0,142.0,115.0
48182,231.0,92.0,127.0,138.0
48183,247.0,80.0,145.0,143.0
48184,247.0,240.0,134.0,140.0
48185,242.0,233.0,136.0,133.0
48186,246.0,115.0,138.0,148.0
48187,270.0,226.0,138.0,146.0
48188,270.0,71.0,142.0,165.0
48189,245.0,204.0,125.0,140.0
48190,256.0,146.0,135.0,139.0
48191,266.0,233.0,150.0,139.0
48192,256.0,147.0,159.0,141.0
48193,249.0,139.0,133.0,138.0
48194,254.0,224.0,140.0,146.0
48195,255.0,166.0,145.0,131.0
48196,268.0,118.0,150.0,152.0
48197,259.0,101.0,129.0,139.0
48198,264.0,63.0,153.0,144.0
48199,271.0,108.0,147.0,147.0
48200,263.0,225.0,142.0,137.0
48201,253.0,162.0,151.0,129.0
48202,276.0,78.0,142.0,171.0
48203,230.0,128.0,124.0,131.0
48204,215.0,84.0,131.0,121.0
48205,250.0,104.0,138.0,130.0
48206,253.0,100.0,147.0,141.0
48207,239.0,129.0,121.0,127.0
48208,265.0,234.0,149.0,144.0
48209,249.0,136.0,141.0,140.0
48210,254.0,170.0,146.0,147.0
48211,213.0,198.0,125.0,121.0
48212,275.0,133.0,155.0,145.0
48213,255.0,99.0,151.0,145.0
48214,263.0,119.0,149.0,141.0
48215,237.0,129.0,134.0,144.0
48216,257.0,218.0,145.0,149.0
48217,242.0,90.0,133.0,139.0
48218,248.0,93.0,146.0,136.0
48219,251.0,99.0,142.0,148.0
48220,246.0,85.0,136.0,163.0
48221,236.0,200.0,121.0,136.0
48222,229.0,89.0,132.0,134.0
48223,235.0,85.0,133.0,127.0
48224,232.0,97.0,118.0,130.0
48225,275.0,129.0,145.0,158.0
48226,249.0,221.0,146.0,136.0
48227,256.0,121.0,143.0,146.0
48228,235.0,63.0,123.0,127.0
48229,264.0,223.0,165.0,154.0
48230,250.0,244.0,139.0,146.0
48231,265.0,48.0,147.0,149.0
48232,246.0,233.0,130.0,133.0
48233,264.0,94.0,148.0,150.0
48234,261.0,228.0,145.0,145.0
48235,273.0,123.0,153.0,160.0
48236,253.0,216.0,149.0,134.0
48237,249.0,83.0,138.0,159.0
48238,245.0,67.0,133.0,131.0
48239,273.0,248.0,143.0,165.0
48240,227.0,76.0,127.0,143.0
48241,239.0,87.0,139.0,134.0
48242,248.0,144.0,131.0,146.0
48243,269.0,125.0,138.0,152.0
48244,256.0,229.0,138.0,148.0
48245,243.0,100.0,140.0,139.0
48246,240.0,103.0,125.0,130.0
48247,265.0,138.0,154.0,166.0
48248,244.0,79.0,131.0,132.0
48249,240.0,58.0,130.0,136.0
48250,263.0,87.0,156.0,149.0
48251,256.0,141.0,142.0,149.0
48252,263.0,123.0,152.0,135.0
48253,249.0,248.0,146.0,139.0
48254,261.0,106.0,150.0,141.0
48255,243.0,198.0,138.0,138.0
48256,252.0,131.0,153.0,135.0
48257,261.0,82.0,118.0,127.0
48258,244.0,58.0,145.0,147.0
48259,251.0,140.0,143.0,131.0
48260,253.0,135.0,145.0,134.0
48261,252.0,103.0,141.0,142.0
48262,287.0,274.0,170.0,169.0
48263,280.0,98.0,157.0,150.0
48264,256.0,131.0,148.0,147.0
48265,258.0,209.0,162.0,138.0
48266,268.0,223.0,158.0,156.0
48267,262.0,120.0,145.0,150.0
48268,248.0,156.0,137.0,135.0
48269,248.0,105.0,140.0,126.0
48270,252.0,213.0,145.0,135.0
48271,238.0,199.0,135.0,138.0
48272,251.0,83.0,158.0,148.0
48273,199.0,168.0,108.0,103.0
48274,276.0,119.0,144.0,156.0
48275,253.0,101.0,133.0,144.0
48276,249.0,124.0,148.0,149.0
48277,240.0,150.0,137.0,126.0
48278,255.0,131.0,165.0,147.0
48279,249.0,110.0,137.0,143.0
48280,263.0,117.0,140.0,155.0
48281,237.0,97.0,139.0,139.0
48282,243.0,137.0,139.0,140.0
48283,227.0,80.0,142.0,126.0
48284,259.0,225.0,161.0,147.0
48285,252.0,100.0,145.0,141.0
48286,250.0,170.0,127.0,136.0
48287,249.0,238.0,143.0,148.0
48288,239.0,75.0,134.0,139.0
48289,255.0,71.0,147.0,142.0
48290,254.0,246.0,141.0,144.0
48291,240.0,72.0,130.0,137.0
48292,246.0,208.0,144.0,133.0
48293,237.0,132.0,129.0,137.0
48294,273.0,81.0,157.0,163.0
48295,239.0,118.0,119.0,135.0
48296,221.0,75.0,114.0,128.0
48297,255.0,138.0,140.0,135.0
48298,259.0,228.0,137.0,147.0
48299,264.0,116.0,132.0,153.0
48300,248.0,130.0,140.0,127.0
48301,258.0,249.0,158.0,153.0
48302,234.0,101.0,115.0,139.0
48303,267.0,99.0,143.0,149.0
48304,264.0,110.0,155.0,169.0
48305,271.0,98.0,157.0,144.0
48306,248.0,191.0,150.0,133.0
48307,252.0,106.0,146.0,150.0
48308,237.0,100.0,137.0,120.0
48309,280.0,104.0,158.0,152.0
48310,251.0,222.0,139.0,137.0
48311,261.0,88.0,140.0,141.0
48312,265.0,138.0,148.0,160.0
48313,228.0,122.0,128.0,130.0
48314,237.0,35.0,138.0,144.0
48315,261.0,133.0,150.0,154.0
48316,259.0,108.0,160.0,148.0
48317,251.0,231.0,138.0,133.0
48318,246.0,245.0,144.0,135.0
48319,257.0,108.0,145.0,147.0
48320,252.0,131.0,139.0,143.0
48321,221.0,199.0,110.0,113.0
48322,248.0,111.0,141.0,148.0
48323,275.0,81.0,138.0,154.0
48324,246.0,100.0,119.0,145.0
48325,243.0,112.0,130.0,133.0
48326,256.0,91.0,140.0,144.0
48327,247.0,95.0,148.0,135.0
48328,236.0,75.0,132.0,138.0
48329,252.0,248.0,123.0,138.0
48330,230.0,74.0,131.0,131.0
48331,242.0,208.0,147.0,147.0
48332,263.0,137.0,153.0,153.0
48333,257.0,90.0,141.0,151.0
48334,255.0,103.0,141.0,143.0
48335,240.0,84.0,141.0,146.0
48336,239.0,213.0,129.0,136.0
48337,240.0,136.0,147.0,132.0
48338,250.0,201.0,132.0,150.0
48339,245.0,122.0,144.0,134.0
48340,218.0,76.0,122.0,110.0
48341,247.0,123.0,134.0,147.0
48342,245.0,210.0,142.0,127.0
48343,251.0,136.0,137.0,132.0
48344,259.0,102.0,138.0,143.0
48345,243.0,153.0,140.0,140.0
48346,250.0,222.0,141.0,124.0
48347,233.0,58.0,137.0,129.0
48348,270.0,137.0,143.0,150.0
48349,244.0,69.0,138.0,131.0
48350,241.0,114.0,146.0,137.0
48351,271.0,245.0,162.0,148.0
48352,263.0,237.0,144.0,150.0
48353,231.0,112.0,124.0,120.0
48354,237.0,196.0,138.0,140.0
48355,256.0,219.0,159.0,138.0
48356,247.0,59.0,138.0,143.0
48357,264.0,90.0,153.0,167.0
48358,234.0,197.0,139.0,131.0
48359,276.0,168.0,169.0,170.0
48360,240.0,233.0,132.0,132.0
48361,270.0,126.0,148.0,156.0
48362,232.0,144.0,124.0,134.0
48363,231.0,78.0,109.0,144.0
48364,225.0,103.0,124.0,137.0
48365,254.0,95.0,143.0,139.0
48366,245.0,89.0,133.0,144.0
48367,243.0,115.0,130.0,142.0
48368,252.0,222.0,150.0,146.0
48369,261.0,122.0,163.0,138.0
48370,242.0,117.0,144.0,131.0
48371,283.0,114.0,160.0,161.0
48372,253.0,108.0,133.0,141.0
48373,260.0,121.0,161.0,138.0
48374,292.0,133.0,151.0,167.0
48375,238.0,211.0,142.0,114.0
48376,270.0,220.0,152.0,146.0
48377,241.0,191.0,130.0,126.0
48378,258.0,144.0,153.0,142.0
48379,256.0,223.0,146.0,147.0
48380,286.0,258.0,148.0,152.0
48381,243.0,214.0,130.0,145.0
48382,256.0,140.0,149.0,139.0
48383,255.0,96.0,144.0,150.0
48384,259.0,103.0,134.0,146.0
48385,255.0,135.0,160.0,162.0
48386,256.0,122.0,139.0,133.0
48387,255.0,135.0,138.0,139.0
48388,229.0,120.0,135.0,126.0
48389,219.0,191.0,114.0,122.0
48390,250.0,136.0,143.0,141.0
48391,265.0,237.0,140.0,155.0
48392,249.0,210.0,146.0,132.0
48393,239.0,126.0,141.0,141.0
48394,254.0,117.0,142.0,141.0
48395,256.0,150.0,141.0,139.0
48396,218.0,183.0,127.0,129.0
48397,271.0,228.0,141.0,151.0
48398,239.0,232.0,135.0,114.0
48399,247.0,240.0,136.0,134.0
48400,221.0,190.0,119.0,123.0
48401,263.0,232.0,147.0,158.0
48402,245.0,236.0,145.0,134.0
48403,252.0,204.0,134.0,134.0
48404,273.0,125.0,147.0,162.0
48405,252.0,225.0,141.0,150.0
48406,269.0,124.0,142.0,142.0
48407,238.0,203.0,130.0,138.0
48408,257.0,110.0,140.0,140.0
48409,260.0,223.0,161.0,144.0
48410,246.0,144.0,117.0,132.0
48411,264.0,148.0,144.0,152.0
48412,277.0,132.0,165.0,156.0
48413,284.0,146.0,169.0,168.0
48414,258.0,114.0,155.0,146.0
48415,254.0,123.0,147.0,146.0
48416,223.0,196.0,124.0,116.0
48417,231.0,57.0,129.0,137.0
48418,248.0,112.0,125.0,130.0
48419,252.0,158.0,141.0,141.0
48420,248.0,208.0,139.0,162.0
48421,256.0,216.0,138.0,139.0
48422,264.0,120.0,149.0,154.0
48423,249.0,158.0,139.0,145.0
48424,282.0,236.0,164.0,176.0
48425,268.0,153.0,157.0,148.0
48426,250.0,207.0,155.0,127.0
48427,276.0,226.0,156.0,155.0
48428,242.0,233.0,134.0,155.0
48429,252.0,78.0,141.0,148.0
48430,244.0,215.0,142.0,139.0
48431,263.0,112.0,167.0,149.0
48432,242.0,142.0,119.0,127.0
48433,236.0,80.0,136.0,137.0
48434,248.0,142.0,136.0,154.0
48435,250.0,104.0,143.0,138.0
48436,231.0,79.0,136.0,138.0
48437,246.0,198.0,133.0,142.0
48438,245.0,85.0,150.0,141.0
48439,261.0,217.0,147.0,154.0
48440,257.0,114.0,148.0,147.0
48441,241.0,94.0,147.0,129.0
48442,249.0,235.0,139.0,138.0
48443,229.0,85.0,133.0,135.0
48444,242.0,85.0,157.0,145.0
48445,263.0,135.0,160.0,138.0
48446,278.0,73.0,166.0,153.0
48447,232.0,102.0,122.0,123.0
48448,240.0,177.0,148.0,126.0
48449,257.0,55.0,145.0,148.0
48450,237.0,207.0,158.0,140.0
48451,240.0,145.0,133.0,126.0
48452,251.0,226.0,134.0,136.0
48453,258.0,151.0,147.0,151.0
48454,241.0,122.0,137.0,133.0
48455,242.0,80.0,136.0,139.0
48456,262.0,106.0,143.0,142.0
48457,258.0,84.0,137.0,147.0
48458,281.0,107.0,168.0,156.0
48459,272.0,240.0,160.0,155.0
48460,238.0,128.0,122.0,130.0
48461,256.0,109.0,151.0,144.0
48462,254.0,124.0,145.0,136.0
48463,245.0,148.0,135.0,152.0
48464,246.0,104.0,119.0,134.0
48465,233.0,202.0,135.0,137.0
48466,266.0,235.0,158.0,145.0
48467,248.0,137.0,143.0,147.0
48468,255.0,229.0,143.0,143.0
48469,269.0,176.0,152.0,159.0
48470,268.0,160.0,157.0,143.0
48471,249.0,154.0,129.0,139.0
48472,259.0,203.0,135.0,151.0
48473,251.0,165.0,143.0,144.0
48474,245.0,226.0,137.0,138.0
48475,246.0,122.0,128.0,137.0
48476,261.0,224.0,146.0,143.0
48477,226.0,111.0,127.0,125.0
48478,245.0,218.0,123.0,139.0
48479,260.0,142.0,137.0,143.0
48480,239.0,90.0,136.0,126.0
48481,248.0,133.0,136.0,144.0
48482,237.0,201.0,129.0,137.0
48483,245.0,132.0,131.0,137.0
48484,252.0,98.0,140.0,137.0
48485,248.0,241.0,152.0,137.0
48486,250.0,136.0,135.0,141.0
48487,241.0,137.0,132.0,134.0
48488,246.0,126.0,138.0,144.0
48489,238.0,93.0,121.0,119.0
48490,251.0,206.0,140.0,142.0
48491,257.0,228.0,136.0,143.0
48492,237.0,120.0,128.0,138.0
48493,276.0,133.0,148.0,150.0
48494,220.0,180.0,142.0,134.0
48495,252.0,244.0,144.0,148.0
48496,240.0,207.0,137.0,137.0
48497,236.0,129.0,124.0,132.0
48498,255.0,91.0,145.0,152.0
48499,235.0,105.0,122.0,140.0
48500,274.0,138.0,139.0,155.0
48501,241.0,137.0,126.0,157.0
48502,235.0,80.0,121.0,134.0
48503,255.0,142.0,145.0,162.0
48504,239.0,221.0,116.0,129.0
48505,227.0,140.0,139.0,128.0
48506,222.0,77.0,106.0,111.0
48507,234.0,121.0,140.0,140.0
48508,239.0,89.0,119.0,130.0
48509,243.0,94.0,139.0,129.0
48510,225.0,134.0,127.0,141.0
48511,253.0,212.0,138.0,135.0
48512,258.0,166.0,138.0,142.0
48513,249.0,246.0,160.0,138.0
48514,253.0,133.0,134.0,151.0
48515,247.0,94.0,140.0,140.0
48516,254.0,115.0,140.0,142.0
48517,256.0,124.0,163.0,141.0
48518,246.0,106.0,135.0,140.0
48519,241.0,230.0,142.0,143.0
48520,255.0,129.0,149.0,147.0
48521,250.0,93.0,136.0,146.0
48522,252.0,142.0,160.0,145.0
48523,253.0,119.0,140.0,144.0
48524,228.0,68.0,143.0,130.0
48525,248.0,176.0,130.0,138.0
48526,230.0,200.0,132.0,128.0
48527,252.0,129.0,140.0,131.0
48528,219.0,115.0,127.0,124.0
48529,233.0,226.0,135.0,129.0
48530,257.0,100.0,153.0,138.0
48531,261.0,96.0,152.0,141.0
48532,254.0,104.0,159.0,133.0
48533,258.0,120.0,139.0,143.0
48534,241.0,216.0,136.0,139.0
48535,243.0,82.0,138.0,137.0
48536,263.0,118.0,161.0,140.0
48537,241.0,156.0,138.0,127.0
48538,241.0,204.0,126.0,134.0
48539,256.0,241.0,136.0,133.0
48540,246.0,109.0,138.0,136.0
48541,249.0,135.0,155.0,142.0
48542,256.0,160.0,141.0,140.0
48543,253.0,213.0,152.0,131.0
48544,219.0,99.0,121.0,130.0
48545,238.0,206.0,128.0,144.0
48546,243.0,119.0,127.0,143.0
48547,272.0,245.0,139.0,152.0
48548,248.0,97.0,141.0,128.0
48549,239.0,199.0,134.0,144.0
48550,256.0,98.0,115.0,139.0
48551,247.0,219.0,138.0,147.0
48552,269.0,221.0,156.0,139.0
48553,238.0,198.0,131.0,147.0
48554,260.0,259.0,134.0,151.0
48555,254.0,133.0,143.0,126.0
48556,256.0,177.0,163.0,152.0
48557,266.0,239.0,142.0,155.0
48558,258.0,121.0,148.0,147.0
48559,257.0,224.0,154.0,134.0
48560,237.0,204.0,144.0,136.0
48561,256.0,115.0,141.0,141.0
48562,228.0,80.0,127.0,138.0
48563,244.0,206.0,126.0,151.0
48564,256.0,108.0,143.0,141.0
48565,235.0,198.0,128.0,124.0
48566,268.0,128.0,146.0,124.0
48567,255.0,75.0,126.0,136.0
48568,252.0,110.0,142.0,143.0
48569,241.0,213.0,132.0,126.0
48570,277.0,233.0,157.0,147.0
48571,252.0,132.0,131.0,141.0
48572,250.0,82.0,142.0,147.0
48573,248.0,123.0,150.0,134.0
48574,264.0,232.0,149.0,162.0
48575,263.0,78.0,140.0,156.0
48576,255.0,250.0,157.0,149.0
48577,239.0,209.0,124.0,135.0
48578,270.0,231.0,153.0,143.0
48579,253.0,125.0,130.0,131.0
48580,264.0,257.0,152.0,153.0
48581,273.0,132.0,150.0,144.0
48582,251.0,157.0,151.0,141.0
48583,232.0,94.0,127.0,131.0
48584,255.0,221.0,160.0,144.0
48585,230.0,102.0,127.0,129.0
48586,245.0,96.0,131.0,136.0
48587,261.0,104.0,150.0,130.0
48588,266.0,216.0,143.0,144.0
48589,280.0,141.0,163.0,150.0
48590,240.0,127.0,136.0,134.0
48591,249.0,97.0,142.0,131.0
48592,258.0,223.0,149.0,148.0
48593,248.0,72.0,144.0,135.0
48594,245.0,174.0,152.0,126.0
48595,256.0,206.0,151.0,138.0
48596,247.0,138.0,145.0,141.0
48597,273.0,133.0,154.0,154.0
48598,267.0,138.0,159.0,143.0
48599,258.0,102.0,127.0,160.0
48600,257.0,137.0,140.0,161.0
48601,256.0,224.0,143.0,157.0
48602,236.0,207.0,135.0,133.0
48603,230.0,156.0,107.0,127.0
48604,236.0,95.0,114.0,123.0
48605,267.0,221.0,158.0,136.0
48606,272.0,86.0,144.0,148.0
48607,261.0,227.0,136.0,159.0
48608,225.0,60.0,130.0,127.0
48609,278.0,66.0,159.0,161.0
48610,249.0,133.0,135.0,132.0
48611,245.0,89.0,127.0,138.0
48612,247.0,91.0,134.0,138.0
48613,262.0,235.0,148.0,148.0
48614,248.0,79.0,139.0,125.0
48615,253.0,124.0,144.0,142.0
48616,257.0,79.0,138.0,149.0
48617,274.0,242.0,144.0,152.0
48618,256.0,74.0,145.0,129.0
48619,260.0,113.0,157.0,148.0
48620,243.0,127.0,132.0,138.0
48621,249.0,71.0,140.0,134.0
48622,240.0,100.0,135.0,122.0
48623,254.0,131.0,141.0,138.0
48624,244.0,109.0,141.0,144.0
48625,250.0,104.0,146.0,138.0
48626,245.0,140.0,122.0,141.0
48627,228.0,78.0,115.0,133.0
48628,239.0,98.0,126.0,130.0
48629,231.0,78.0,131.0,131.0
48630,243.0,129.0,133.0,129.0
48631,244.0,84.0,143.0,141.0
48632,236.0,100.0,131.0,132.0
48633,237.0,92.0,143.0,125.0
48634,237.0,111.0,140.0,144.0
48635,246.0,136.0,121.0,136.0
48636,238.0,56.0,142.0,136.0
48637,229.0,114.0,133.0,122.0
48638,233.0,218.0,131.0,136.0
48639,245.0,213.0,143.0,144.0
48640,249.0,106.0,124.0,138.0
48641,230.0,88.0,127.0,128.0
48642,253.0,221.0,142.0,142.0
48643,233.0,152.0,131.0,135.0
48644,250.0,145.0,139.0,139.0
48645,283.0,139.0,152.0,170.0
48646,281.0,136.0,159.0,154.0
48647,222.0,187.0,127.0,122.0
48648,247.0,206.0,139.0,139.0
48649,272.0,129.0,141.0,147.0
48650,261.0,84.0,141.0,143.0
48651,251.0,91.0,145.0,151.0
48652,232.0,89.0,133.0,136.0
48653,237.0,152.0,125.0,132.0
48654,237.0,56.0,113.0,133.0
48655,250.0,112.0,135.0,154.0
48656,265.0,228.0,156.0,155.0
48657,252.0,81.0,155.0,136.0
48658,226.0,77.0,146.0,138.0
48659,251.0,97.0,123.0,141.0
48660,247.0,136.0,131.0,130.0
48661,236.0,225.0,135.0,135.0
48662,223.0,204.0,122.0,116.0
48663,234.0,132.0,107.0,149.0
48664,283.0,107.0,170.0,165.0
48665,254.0,149.0,140.0,137.0
48666,267.0,235.0,147.0,149.0
48667,250.0,218.0,139.0,135.0
48668,244.0,204.0,127.0,145.0
48669,277.0,114.0,152.0,153.0
48670,248.0,227.0,147.0,148.0
48671,253.0,137.0,145.0,146.0
48672,261.0,258.0,149.0,155.0
48673,242.0,107.0,145.0,127.0
48674,254.0,111.0,146.0,151.0
48675,257.0,65.0,140.0,146.0
48676,249.0,70.0,145.0,149.0
48677,271.0,232.0,155.0,163.0
48678,244.0,205.0,138.0,141.0
48679,260.0,144.0,153.0,155.0
48680,243.0,84.0,144.0,133.0
48681,237.0,113.0,132.0,132.0
48682,260.0,233.0,148.0,149.0
48683,264.0,121.0,153.0,151.0
48684,250.0,212.0,128.0,128.0
48685,271.0,233.0,157.0,137.0
48686,248.0,103.0,125.0,143.0
48687,236.0,149.0,123.0,118.0
48688,243.0,159.0,136.0,138.0
48689,255.0,102.0,133.0,137.0
48690,250.0,240.0,153.0,134.0
48691,261.0,244.0,142.0,152.0
48692,252.0,251.0,145.0,146.0
48693,236.0,86.0,132.0,128.0
48694,262.0,101.0,150.0,146.0
48695,243.0,150.0,132.0,141.0
48696,262.0,97.0,138.0,140.0
48697,250.0,199.0,135.0,151.0
48698,250.0,165.0,125.0,138.0
48699,247.0,127.0,147.0,150.0
48700,268.0,142.0,171.0,147.0
48701,260.0,180.0,138.0,156.0
48702,243.0,95.0,152.0,118.0
48703,253.0,97.0,143.0,136.0
48704,262.0,94.0,157.0,154.0
48705,263.0,237.0,134.0,149.0
48706,240.0,95.0,137.0,139.0
48707,224.0,194.0,147.0,128.0
48708,251.0,83.0,131.0,141.0
48709,274.0,244.0,152.0,158.0
48710,275.0,146.0,175.0,147.0
48711,253.0,114.0,144.0,142.0
48712,264.0,134.0,141.0,167.0
48713,239.0,113.0,115.0,126.0
48714,275.0,144.0,158.0,160.0
48715,261.0,105.0,151.0,151.0
48716,253.0,233.0,130.0,130.0
48717,259.0,144.0,144.0,145.0
48718,261.0,94.0,146.0,145.0
48719,237.0,77.0,138.0,140.0
48720,240.0,130.0,135.0,130.0
48721,241.0,129.0,140.0,137.0
48722,232.0,98.0,125.0,133.0
48723,238.0,126.0,141.0,139.0
48724,251.0,106.0,145.0,139.0
48725,259.0,89.0,146.0,137.0
48726,254.0,247.0,126.0,139.0
48727,227.0,194.0,127.0,121.0
48728,253.0,100.0,149.0,133.0
48729,270.0,110.0,147.0,152.0
48730,263.0,110.0,149.0,135.0
48731,255.0,175.0,144.0,136.0
48732,251.0,174.0,150.0,131.0
48733,260.0,218.0,148.0,147.0
48734,262.0,220.0,138.0,153.0
48735,236.0,101.0,142.0,137.0
48736,249.0,77.0,149.0,129.0
48737,236.0,77.0,125.0,127.0
48738,243.0,207.0,128.0,148.0
48739,259.0,242.0,141.0,152.0
48740,244.0,113.0,126.0,122.0
48741,244.0,132.0,142.0,136.0
48742,261.0,96.0,143.0,147.0
48743,247.0,69.0,147.0,145.0
48744,242.0,141.0,136.0,144.0
48745,252.0,212.0,152.0,143.0
48746,247.0,134.0,135.0,142.0
48747,238.0,214.0,142.0,144.0
48748,220.0,189.0,123.0,124.0
48749,262.0,89.0,146.0,138.0
48750,254.0,176.0,139.0,141.0
48751,252.0,182.0,149.0,145.0
48752,257.0,108.0,154.0,139.0
48753,230.0,101.0,132.0,128.0
48754,257.0,112.0,147.0,138.0
48755,232.0,86.0,132.0,137.0
48756,262.0,122.0,155.0,138.0
48757,246.0,151.0,145.0,141.0
48758,242.0,135.0,138.0,134.0
48759,254.0,100.0,131.0,136.0
48760,261.0,151.0,126.0,148.0
48761,244.0,146.0,138.0,120.0
48762,264.0,117.0,152.0,144.0
48763,222.0,75.0,142.0,127.0
48764,221.0,190.0,126.0,119.0
48765,268.0,111.0,145.0,157.0
48766,230.0,124.0,133.0,126.0
48767,255.0,89.0,154.0,153.0
48768,245.0,200.0,143.0,148.0
48769,255.0,158.0,141.0,133.0
48770,241.0,80.0,139.0,142.0
48771,222.0,100.0,134.0,117.0
48772,255.0,214.0,134.0,146.0
48773,248.0,110.0,150.0,133.0
48774,274.0,167.0,152.0,140.0
48775,242.0,94.0,149.0,144.0
48776,243.0,106.0,131.0,125.0
48777,245.0,95.0,141.0,147.0
48778,281.0,117.0,159.0,153.0
48779,277.0,233.0,156.0,132.0
48780,264.0,110.0,155.0,142.0
48781,233.0,207.0,124.0,121.0
48782,219.0,134.0,123.0,116.0
48783,228.0,84.0,125.0,129.0
48784,252.0,156.0,133.0,142.0
48785,267.0,226.0,145.0,158.0
48786,224.0,61.0,135.0,140.0
48787,274.0,119.0,165.0,160.0
48788,270.0,115.0,145.0,144.0
48789,266.0,218.0,139.0,155.0
48790,256.0,234.0,156.0,132.0
48791,264.0,141.0,147.0,155.0
48792,250.0,147.0,138.0,151.0
48793,234.0,204.0,127.0,140.0
48794,238.0,203.0,128.0,124.0
48795,231.0,105.0,123.0,121.0
48796,271.0,264.0,164.0,162.0
48797,229.0,191.0,131.0,127.0
48798,256.0,221.0,144.0,149.0
48799,268.0,119.0,139.0,159.0
48800,257.0,156.0,154.0,139.0
48801,268.0,111.0,156.0,148.0
48802,263.0,87.0,147.0,143.0
48803,262.0,175.0,149.0,139.0
48804,256.0,89.0,145.0,151.0
48805,264.0,79.0,130.0,151.0
48806,236.0,160.0,127.0,127.0
48807,252.0,120.0,145.0,143.0
48808,249.0,75.0,133.0,131.0
48809,232.0,104.0,137.0,143.0
48810,256.0,98.0,137.0,157.0
48811,263.0,142.0,149.0,144.0
48812,251.0,206.0,149.0,145.0
48813,240.0,90.0,136.0,143.0
48814,253.0,107.0,149.0,131.0
48815,246.0,93.0,136.0,133.0
48816,249.0,150.0,142.0,145.0
48817,243.0,131.0,126.0,140.0
48818,257.0,137.0,130.0,147.0
48819,239.0,78.0,136.0,132.0
48820,264.0,223.0,142.0,141.0
48821,237.0,57.0,128.0,140.0
48822,242.0,76.0,142.0,135.0
48823,254.0,115.0,137.0,144.0
48824,225.0,73.0,112.0,133.0
48825,260.0,49.0,148.0,145.0
48826,254.0,93.0,152.0,133.0
48827,244.0,124.0,144.0,130.0
48828,234.0,205.0,143.0,121.0
48829,245.0,104.0,145.0,136.0
48830,247.0,219.0,137.0,140.0
48831,258.0,93.0,143.0,138.0
48832,288.0,185.0,162.0,148.0
48833,261.0,143.0,130.0,134.0
48834,254.0,103.0,159.0,141.0
48835,263.0,81.0,138.0,150.0
48836,243.0,119.0,142.0,139.0
48837,265.0,126.0,152.0,147.0
48838,236.0,88.0,144.0,149.0
48839,240.0,213.0,136.0,121.0
48840,236.0,186.0,120.0,123.0
48841,242.0,43.0,140.0,145.0
48842,244.0,106.0,156.0,137.0
48843,247.0,129.0,147.0,131.0
48844,263.0,114.0,148.0,140.0
48845,256.0,145.0,144.0,154.0
48846,254.0,234.0,150.0,155.0
48847,270.0,118.0,157.0,158.0
48848,257.0,157.0,144.0,158.0
48849,267.0,112.0,161.0,154.0
48850,251.0,104.0,157.0,131.0
48851,226.0,185.0,127.0,115.0
48852,261.0,251.0,144.0,152.0
48853,233.0,226.0,131.0,121.0
48854,231.0,191.0,131.0,130.0
48855,258.0,85.0,134.0,147.0
48856,246.0,213.0,144.0,127.0
48857,254.0,156.0,136.0,148.0
48858,234.0,196.0,131.0,127.0
48859,231.0,136.0,142.0,144.0
48860,269.0,115.0,139.0,160.0
48861,240.0,132.0,143.0,129.0
48862,252.0,210.0,146.0,146.0
48863,244.0,144.0,150.0,127.0
48864,247.0,194.0,135.0,138.0
48865,231.0,197.0,112.0,122.0
48866,267.0,233.0,143.0,159.0
48867,240.0,206.0,136.0,137.0
48868,252.0,92.0,135.0,144.0
48869,260.0,255.0,136.0,138.0
48870,255.0,110.0,139.0,142.0
48871,251.0,175.0,148.0,141.0
48872,257.0,222.0,156.0,149.0
48873,236.0,206.0,141.0,141.0
48874,280.0,243.0,153.0,163.0
48875,249.0,81.0,124.0,137.0
48876,255.0,221.0,130.0,138.0
48877,257.0,230.0,142.0,157.0
48878,247.0,149.0,131.0,147.0
48879,234.0,206.0,116.0,141.0
48880,250.0,206.0,149.0,135.0
48881,237.0,139.0,138.0,144.0
48882,246.0,118.0,142.0,142.0
48883,243.0,118.0,113.0,130.0
48884,226.0,196.0,118.0,127.0
48885,251.0,107.0,125.0,144.0
48886,250.0,140.0,138.0,142.0
48887,247.0,127.0,132.0,131.0
48888,272.0,229.0,161.0,149.0
48889,260.0,143.0,148.0,162.0
48890,262.0,88.0,159.0,150.0
48891,245.0,211.0,152.0,138.0
48892,253.0,111.0,129.0,142.0
48893,273.0,136.0,144.0,165.0
48894,245.0,87.0,122.0,128.0
48895,255.0,124.0,136.0,141.0
48896,260.0,152.0,143.0,140.0
48897,249.0,151.0,155.0,142.0
48898,255.0,116.0,139.0,130.0
48899,268.0,119.0,144.0,153.0
48900,247.0,186.0,148.0,141.0
48901,237.0,209.0,120.0,129.0
48902,260.0,211.0,152.0,152.0
48903,268.0,176.0,143.0,162.0
48904,273.0,128.0,165.0,155.0
48905,260.0,226.0,152.0,154.0
48906,248.0,109.0,137.0,139.0
48907,275.0,245.0,171.0,151.0
48908,231.0,130.0,128.0,124.0
48909,237.0,72.0,126.0,133.0
48910,252.0,224.0,149.0,146.0
48911,273.0,243.0,154.0,142.0
48912,251.0,70.0,115.0,140.0
48913,264.0,150.0,133.0,145.0
48914,244.0,200.0,129.0,139.0
48915,264.0,219.0,146.0,155.0
48916,268.0,223.0,140.0,143.0
48917,255.0,205.0,144.0,141.0
48918,250.0,89.0,134.0,138.0
48919,243.0,127.0,136.0,130.0
48920,249.0,214.0,160.0,130.0
48921,257.0,121.0,145.0,145.0
48922,256.0,116.0,156.0,149.0
48923,254.0,79.0,132.0,140.0
48924,244.0,212.0,143.0,138.0
48925,232.0,121.0,118.0,126.0
48926,266.0,123.0,143.0,155.0
48927,225.0,188.0,123.0,110.0
48928,273.0,124.0,143.0,151.0
48929,253.0,221.0,148.0,148.0
48930,246.0,110.0,129.0,154.0
48931,242.0,69.0,146.0,136.0
48932,232.0,56.0,145.0,114.0
48933,254.0,136.0,136.0,145.0
48934,266.0,113.0,159.0,150.0
48935,243.0,120.0,144.0,125.0
48936,251.0,153.0,128.0,139.0
48937,264.0,91.0,152.0,145.0
48938,250.0,130.0,135.0,131.0
48939,242.0,77.0,130.0,143.0
48940,248.0,217.0,154.0,149.0
48941,222.0,191.0,122.0,138.0
48942,237.0,162.0,113.0,147.0
48943,236.0,203.0,135.0,130.0
48944,241.0,135.0,140.0,157.0
48945,254.0,108.0,134.0,140.0
48946,275.0,228.0,149.0,148.0
48947,260.0,83.0,143.0,149.0
48948,231.0,200.0,127.0,138.0
48949,251.0,85.0,126.0,133.0
48950,250.0,148.0,150.0,140.0
48951,250.0,202.0,121.0,139.0
48952,240.0,116.0,130.0,139.0
48953,247.0,119.0,142.0,146.0
48954,242.0,169.0,129.0,130.0
48955,242.0,131.0,132.0,127.0
48956,248.0,136.0,138.0,144.0
48957,225.0,102.0,137.0,131.0
48958,258.0,155.0,138.0,140.0
48959,259.0,109.0,141.0,148.0
48960,237.0,114.0,142.0,121.0
48961,269.0,110.0,172.0,143.0
48962,246.0,223.0,138.0,137.0
48963,260.0,116.0,139.0,148.0
48964,247.0,88.0,142.0,144.0
48965,241.0,121.0,158.0,141.0
48966,248.0,213.0,120.0,153.0
48967,268.0,226.0,144.0,144.0
48968,255.0,198.0,142.0,146.0
48969,238.0,228.0,135.0,144.0
48970,247.0,81.0,133.0,147.0
48971,270.0,253.0,146.0,142.0
48972,252.0,235.0,131.0,149.0
48973,234.0,132.0,127.0,126.0
48974,251.0,225.0,139.0,146.0
48975,259.0,102.0,161.0,151.0
48976,266.0,118.0,142.0,143.0
48977,248.0,224.0,142.0,141.0
48978,255.0,128.0,132.0,145.0
48979,264.0,226.0,144.0,150.0
48980,257.0,84.0,144.0,137.0
48981,238.0,238.0,157.0,134.0
48982,237.0,105.0,136.0,141.0
48983,265.0,265.0,143.0,156.0
48984,236.0,183.0,126.0,124.0
48985,247.0,135.0,143.0,128.0
48986,237.0,200.0,132.0,136.0
48987,240.0,108.0,142.0,134.0
48988,249.0,81.0,154.0,132.0
48989,252.0,86.0,142.0,138.0
48990,262.0,99.0,153.0,138.0
48991,232.0,76.0,136.0,130.0
48992,245.0,117.0,118.0,139.0
48993,272.0,266.0,157.0,152.0
48994,262.0,79.0,133.0,151.0
48995,253.0,119.0,157.0,137.0
48996,232.0,91.0,130.0,125.0
48997,243.0,209.0,128.0,131.0
48998,251.0,217.0,133.0,138.0
48999,238.0,108.0,128.0,141.0
49000,253.0,231.0,139.0,144.0
49001,249.0,125.0,145.0,140.0
49002,259.0,148.0,136.0,148.0
49003,260.0,98.0,144.0,163.0
49004,259.0,256.0,131.0,148.0
49005,248.0,245.0,148.0,142.0
49006,269.0,88.0,147.0,158.0
49007,250.0,110.0,138.0,136.0
49008,270.0,150.0,150.0,153.0
49009,229.0,201.0,130.0,117.0
49010,230.0,211.0,132.0,130.0
49011,262.0,129.0,148.0,156.0
49012,257.0,161.0,147.0,140.0
49013,244.0,103.0,132.0,124.0
49014,267.0,206.0,159.0,136.0
49015,268.0,120.0,153.0,151.0
49016,256.0,112.0,143.0,163.0
49017,241.0,206.0,130.0,132.0
49018,277.0,173.0,152.0,174.0
49019,253.0,97.0,147.0,151.0
49020,245.0,239.0,135.0,147.0
49021,245.0,87.0,140.0,141.0
49022,261.0,195.0,160.0,156.0
49023,256.0,111.0,148.0,149.0
49024,233.0,126.0,124.0,124.0
49025,263.0,89.0,150.0,141.0
49026,270.0,260.0,158.0,162.0
49027,229.0,195.0,131.0,139.0
49028,255.0,254.0,148.0,144.0
49029,260.0,114.0,157.0,153.0
49030,232.0,155.0,127.0,125.0
49031,237.0,118.0,131.0,133.0
49032,247.0,207.0,130.0,135.0
49033,242.0,211.0,136.0,148.0
49034,240.0,99.0,143.0,120.0
49035,261.0,137.0,140.0,149.0
49036,243.0,238.0,136.0,149.0
49037,256.0,140.0,150.0,155.0
49038,275.0,75.0,159.0,151.0
49039,272.0,128.0,162.0,155.0
49040,257.0,115.0,132.0,118.0
49041,243.0,140.0,137.0,145.0
49042,249.0,101.0,145.0,149.0
49043,255.0,76.0,158.0,138.0
49044,277.0,150.0,149.0,154.0
49045,257.0,94.0,126.0,147.0
49046,251.0,211.0,149.0,135.0
49047,273.0,183.0,163.0,163.0
49048,239.0,138.0,147.0,141.0
49049,234.0,123.0,131.0,126.0
49050,277.0,124.0,156.0,164.0
49051,256.0,245.0,152.0,146.0
49052,270.0,244.0,149.0,163.0
49053,258.0,210.0,143.0,148.0
49054,269.0,236.0,158.0,151.0
49055,227.0,86.0,119.0,124.0
49056,249.0,100.0,132.0,138.0
49057,261.0,235.0,160.0,150.0
49058,241.0,99.0,141.0,112.0
49059,256.0,104.0,137.0,145.0
49060,263.0,150.0,155.0,145.0
49061,262.0,219.0,130.0,142.0
49062,254.0,216.0,135.0,137.0
49063,276.0,119.0,153.0,149.0
49064,248.0,245.0,133.0,148.0
49065,241.0,158.0,141.0,138.0
49066,241.0,183.0,134.0,131.0
49067,252.0,196.0,132.0,130.0
49068,247.0,216.0,148.0,121.0
49069,224.0,116.0,115.0,127.0
49070,241.0,108.0,154.0,143.0
49071,229.0,208.0,126.0,125.0
49072,257.0,230.0,162.0,146.0
49073,230.0,103.0,124.0,125.0
49074,235.0,168.0,133.0,127.0
49075,262.0,221.0,136.0,141.0
49076,253.0,224.0,147.0,134.0
49077,273.0,155.0,145.0,146.0
49078,254.0,117.0,141.0,150.0
49079,239.0,120.0,133.0,127.0
49080,244.0,75.0,136.0,134.0
49081,248.0,201.0,153.0,121.0
49082,252.0,132.0,143.0,134.0
49083,248.0,78.0,139.0,140.0
49084,238.0,160.0,132.0,140.0
49085,227.0,97.0,146.0,130.0
49086,242.0,172.0,138.0,136.0
49087,255.0,227.0,137.0,142.0
49088,233.0,227.0,129.0,131.0
49089,251.0,136.0,134.0,143.0
49090,249.0,168.0,131.0,141.0
49091,263.0,146.0,161.0,149.0
49092,233.0,197.0,131.0,136.0
49093,249.0,156.0,127.0,133.0
49094,262.0,56.0,141.0,141.0
49095,255.0,221.0,149.0,142.0
49096,253.0,114.0,146.0,135.0
49097,244.0,212.0,161.0,113.0
49098,236.0,124.0,122.0,131.0
49099,252.0,129.0,146.0,147.0
49100,251.0,127.0,136.0,144.0
49101,238.0,92.0,121.0,133.0
49102,257.0,107.0,161.0,142.0
49103,237.0,30.0,139.0,139.0
49104,251.0,85.0,146.0,146.0
49105,259.0,104.0,149.0,129.0
49106,241.0,127.0,136.0,143.0
49107,237.0,129.0,122.0,146.0
49108,248.0,136.0,131.0,133.0
49109,259.0,129.0,159.0,141.0
49110,276.0,235.0,151.0,155.0
49111,264.0,259.0,140.0,161.0
49112,257.0,227.0,133.0,142.0
49113,228.0,220.0,118.0,136.0
49114,260.0,109.0,153.0,153.0
49115,247.0,62.0,142.0,139.0
49116,245.0,192.0,120.0,137.0
49117,249.0,105.0,145.0,149.0
49118,248.0,128.0,135.0,140.0
49119,250.0,88.0,141.0,151.0
49120,269.0,129.0,144.0,150.0
49121,251.0,231.0,134.0,150.0
49122,243.0,214.0,126.0,141.0
49123,254.0,225.0,135.0,133.0
49124,273.0,120.0,152.0,157.0
49125,246.0,128.0,149.0,147.0
49126,245.0,137.0,143.0,133.0
49127,245.0,197.0,128.0,131.0
49128,274.0,227.0,156.0,167.0
49129,257.0,122.0,161.0,143.0
49130,246.0,201.0,127.0,140.0
49131,249.0,142.0,130.0,153.0
49132,221.0,198.0,128.0,130.0
49133,237.0,82.0,134.0,136.0
49134,244.0,125.0,127.0,128.0
49135,272.0,137.0,151.0,170.0
49136,218.0,73.0,118.0,117.0
49137,223.0,68.0,122.0,120.0
49138,255.0,170.0,154.0,145.0
49139,242.0,126.0,148.0,149.0
49140,267.0,117.0,150.0,159.0
49141,258.0,77.0,146.0,135.0
49142,250.0,115.0,151.0,145.0
49143,259.0,97.0,146.0,156.0
49144,283.0,100.0,159.0,148.0
49145,249.0,90.0,133.0,146.0
49146,239.0,124.0,136.0,124.0
49147,269.0,241.0,147.0,168.0
49148,295.0,90.0,166.0,160.0
49149,244.0,125.0,138.0,150.0
49150,251.0,241.0,146.0,133.0
49151,243.0,124.0,145.0,134.0
49152,273.0,156.0,157.0,148.0
49153,266.0,226.0,139.0,159.0
49154,238.0,101.0,129.0,136.0
49155,264.0,91.0,147.0,151.0
49156,221.0,59.0,133.0,117.0
49157,257.0,122.0,145.0,138.0
49158,270.0,229.0,157.0,157.0
49159,262.0,101.0,134.0,147.0
49160,252.0,133.0,137.0,131.0
49161,243.0,105.0,126.0,141.0
49162,259.0,76.0,152.0,145.0
49163,232.0,126.0,123.0,128.0
49164,262.0,132.0,155.0,153.0
49165,234.0,70.0,126.0,140.0
49166,257.0,82.0,145.0,142.0
49167,278.0,131.0,161.0,159.0
49168,226.0,79.0,117.0,122.0
49169,244.0,77.0,132.0,151.0
49170,230.0,90.0,136.0,130.0
49171,255.0,118.0,144.0,136.0
49172,245.0,99.0,151.0,132.0
49173,266.0,259.0,148.0,155.0
49174,248.0,209.0,126.0,138.0
49175,230.0,221.0,119.0,136.0
49176,256.0,247.0,148.0,137.0
49177,240.0,98.0,151.0,149.0
49178,267.0,110.0,146.0,139.0
49179,252.0,102.0,143.0,128.0
49180,251.0,224.0,144.0,140.0
49181,256.0,130.0,133.0,147.0
49182,259.0,119.0,144.0,154.0
49183,252.0,108.0,138.0,142.0
49184,249.0,91.0,134.0,145.0
49185,242.0,208.0,127.0,135.0
49186,258.0,127.0,159.0,151.0
49187,237.0,211.0,146.0,142.0
49188,262.0,147.0,168.0,146.0
49189,264.0,220.0,146.0,146.0
49190,274.0,108.0,159.0,153.0
49191,254.0,90.0,145.0,135.0
49192,247.0,206.0,137.0,130.0
49193,226.0,136.0,120.0,118.0
49194,254.0,210.0,173.0,127.0
49195,242.0,85.0,141.0,134.0
49196,258.0,255.0,150.0,134.0
49197,260.0,259.0,134.0,153.0
49198,235.0,235.0,140.0,130.0
49199,257.0,139.0,142.0,149.0
49200,254.0,62.0,161.0,150.0
49201,252.0,94.0,140.0,143.0
49202,234.0,105.0,136.0,137.0
49203,245.0,128.0,130.0,140.0
49204,238.0,128.0,136.0,144.0
49205,265.0,109.0,142.0,153.0
49206,246.0,207.0,140.0,139.0
49207,258.0,113.0,136.0,153.0
49208,248.0,84.0,123.0,141.0
49209,254.0,215.0,152.0,138.0
49210,228.0,99.0,136.0,143.0
49211,271.0,95.0,147.0,146.0
49212,270.0,74.0,150.0,160.0
49213,226.0,107.0,124.0,128.0
49214,261.0,220.0,135.0,141.0
49215,241.0,230.0,146.0,131.0
49216,265.0,243.0,144.0,138.0
49217,248.0,121.0,125.0,135.0
49218,230.0,230.0,140.0,129.0
49219,230.0,102.0,142.0,130.0
49220,247.0,216.0,144.0,136.0
49221,270.0,86.0,156.0,171.0
49222,265.0,90.0,139.0,146.0
49223,248.0,163.0,134.0,132.0
49224,242.0,143.0,139.0,125.0
49225,264.0,233.0,149.0,134.0
49226,241.0,112.0,143.0,127.0
49227,257.0,93.0,161.0,139.0
49228,248.0,144.0,132.0,123.0
49229,257.0,132.0,159.0,147.0
49230,244.0,86.0,125.0,143.0
49231,243.0,109.0,144.0,137.0
49232,243.0,210.0,140.0,132.0
49233,259.0,72.0,140.0,145.0
49234,229.0,85.0,118.0,136.0
49235,271.0,159.0,157.0,140.0
49236,233.0,86.0,133.0,141.0
49237,259.0,122.0,162.0,134.0
49238,227.0,201.0,131.0,131.0
49239,246.0,220.0,135.0,147.0
49240,251.0,101.0,142.0,140.0
49241,271.0,221.0,154.0,161.0
49242,273.0,115.0,169.0,144.0
49243,254.0,95.0,154.0,148.0
49244,247.0,119.0,128.0,144.0
49245,252.0,106.0,146.0,155.0
49246,232.0,89.0,134.0,130.0
49247,250.0,101.0,151.0,148.0
49248,257.0,60.0,164.0,151.0
49249,244.0,80.0,127.0,143.0
49250,260.0,112.0,146.0,153.0
49251,250.0,224.0,140.0,120.0
49252,275.0,77.0,165.0,142.0
49253,257.0,124.0,144.0,154.0
49254,245.0,108.0,136.0,126.0
49255,269.0,103.0,150.0,132.0
49256,247.0,215.0,134.0,144.0
49257,260.0,120.0,144.0,156.0
49258,248.0,230.0,146.0,155.0
49259,249.0,219.0,141.0,149.0
49260,272.0,134.0,167.0,160.0
49261,260.0,221.0,139.0,133.0
49262,257.0,205.0,134.0,154.0
49263,249.0,71.0,136.0,147.0
49264,257.0,127.0,147.0,139.0
49265,227.0,187.0,119.0,120.0
49266,273.0,139.0,145.0,144.0
49267,253.0,104.0,139.0,147.0
49268,235.0,96.0,135.0,137.0
49269,233.0,74.0,130.0,148.0
49270,288.0,237.0,154.0,153.0
49271,254.0,247.0,152.0,146.0
49272,257.0,255.0,150.0,156.0
49273,233.0,94.0,137.0,141.0
49274,261.0,149.0,141.0,141.0
49275,261.0,124.0,144.0,136.0
49276,267.0,193.0,147.0,142.0
49277,246.0,128.0,152.0,143.0
49278,247.0,79.0,133.0,144.0
49279,252.0,201.0,136.0,140.0
49280,250.0,104.0,151.0,136.0
49281,265.0,244.0,169.0,144.0
49282,239.0,78.0,143.0,142.0
49283,246.0,208.0,127.0,143.0
49284,254.0,67.0,141.0,138.0
49285,268.0,136.0,155.0,135.0
49286,243.0,92.0,140.0,142.0
49287,255.0,122.0,142.0,152.0
49288,244.0,205.0,125.0,130.0
49289,246.0,239.0,150.0,140.0
49290,239.0,153.0,139.0,114.0
49291,265.0,236.0,167.0,145.0
49292,250.0,245.0,151.0,149.0
49293,231.0,82.0,131.0,119.0
49294,235.0,209.0,130.0,139.0
49295,234.0,221.0,136.0,127.0
49296,229.0,86.0,134.0,127.0
49297,244.0,193.0,144.0,142.0
49298,250.0,204.0,151.0,144.0
49299,248.0,127.0,134.0,136.0
49300,257.0,85.0,154.0,145.0
49301,250.0,132.0,155.0,125.0
49302,233.0,114.0,122.0,131.0
49303,263.0,155.0,146.0,149.0
49304,248.0,112.0,132.0,151.0
49305,267.0,72.0,130.0,152.0
49306,239.0,116.0,138.0,136.0
49307,255.0,160.0,132.0,146.0
49308,260.0,248.0,164.0,155.0
49309,238.0,83.0,150.0,126.0
49310,264.0,129.0,154.0,143.0
49311,253.0,221.0,146.0,146.0
49312,257.0,254.0,148.0,156.0
49313,250.0,120.0,129.0,136.0
49314,265.0,208.0,163.0,159.0
49315,237.0,134.0,149.0,122.0
49316,244.0,214.0,161.0,124.0
49317,259.0,102.0,137.0,143.0
49318,259.0,98.0,154.0,148.0
49319,224.0,127.0,114.0,115.0
49320,221.0,94.0,125.0,121.0
49321,263.0,229.0,150.0,149.0
49322,245.0,211.0,135.0,131.0
49323,239.0,110.0,130.0,138.0
49324,256.0,146.0,163.0,133.0
49325,258.0,104.0,147.0,141.0
49326,241.0,91.0,145.0,135.0
49327,233.0,109.0,126.0,130.0
49328,260.0,66.0,135.0,147.0
49329,257.0,78.0,140.0,147.0
49330,264.0,121.0,153.0,136.0
49331,250.0,203.0,129.0,147.0
49332,234.0,126.0,130.0,130.0
49333,238.0,124.0,129.0,141.0
49334,263.0,155.0,161.0,150.0
49335,211.0,187.0,121.0,129.0
49336,252.0,224.0,130.0,134.0
49337,242.0,106.0,150.0,141.0
49338,252.0,232.0,148.0,156.0
49339,250.0,215.0,143.0,121.0
49340,234.0,129.0,120.0,130.0
49341,252.0,124.0,144.0,137.0
49342,271.0,232.0,155.0,168.0
49343,257.0,82.0,134.0,150.0
49344,240.0,207.0,123.0,147.0
49345,275.0,242.0,157.0,155.0
49346,247.0,95.0,141.0,135.0
49347,272.0,142.0,154.0,142.0
49348,253.0,52.0,128.0,139.0
49349,254.0,216.0,150.0,139.0
49350,238.0,81.0,133.0,136.0
49351,233.0,104.0,127.0,140.0
49352,241.0,199.0,125.0,133.0
49353,270.0,111.0,161.0,151.0
49354,233.0,203.0,141.0,138.0
49355,266.0,226.0,164.0,141.0
49356,241.0,79.0,116.0,136.0
49357,260.0,145.0,155.0,135.0
49358,236.0,142.0,134.0,148.0
49359,255.0,110.0,144.0,135.0
49360,253.0,166.0,133.0,134.0
49361,258.0,131.0,139.0,145.0
49362,246.0,225.0,137.0,122.0
49363,242.0,123.0,143.0,121.0
49364,258.0,123.0,132.0,145.0
49365,250.0,231.0,143.0,153.0
49366,261.0,60.0,143.0,136.0
49367,259.0,238.0,157.0,154.0
49368,265.0,145.0,145.0,139.0
49369,252.0,111.0,129.0,147.0
49370,215.0,187.0,122.0,124.0
49371,247.0,239.0,136.0,127.0
49372,244.0,124.0,137.0,150.0
49373,243.0,214.0,124.0,131.0
49374,232.0,154.0,132.0,122.0
49375,276.0,154.0,165.0,164.0
49376,262.0,127.0,151.0,154.0
49377,232.0,114.0,111.0,131.0
49378,266.0,118.0,154.0,154.0
49379,269.0,108.0,161.0,150.0
49380,237.0,119.0,127.0,125.0
49381,257.0,155.0,145.0,143.0
49382,246.0,100.0,139.0,132.0
49383,261.0,133.0,141.0,146.0
49384,270.0,152.0,152.0,155.0
49385,256.0,208.0,156.0,154.0
49386,245.0,103.0,141.0,121.0
49387,229.0,209.0,126.0,136.0
49388,268.0,227.0,142.0,161.0
49389,240.0,122.0,143.0,138.0
49390,250.0,223.0,142.0,150.0
49391,239.0,114.0,125.0,122.0
49392,272.0,58.0,163.0,159.0
49393,243.0,158.0,135.0,139.0
49394,225.0,101.0,129.0,133.0
49395,229.0,97.0,131.0,131.0
49396,259.0,126.0,158.0,152.0
49397,254.0,250.0,152.0,144.0
49398,288.0,137.0,152.0,156.0
49399,240.0,95.0,138.0,135.0
49400,240.0,117.0,135.0,122.0
49401,250.0,128.0,144.0,160.0
49402,239.0,71.0,135.0,117.0
49403,226.0,214.0,129.0,122.0
49404,241.0,124.0,145.0,119.0
49405,272.0,233.0,149.0,144.0
49406,263.0,103.0,144.0,155.0
49407,249.0,134.0,141.0,137.0
49408,217.0,87.0,127.0,121.0
49409,247.0,113.0,149.0,137.0
49410,236.0,116.0,141.0,129.0
49411,249.0,158.0,155.0,138.0
49412,248.0,85.0,127.0,145.0
49413,255.0,210.0,141.0,145.0
49414,265.0,123.0,146.0,143.0
49415,247.0,217.0,141.0,137.0
49416,256.0,105.0,145.0,150.0
49417,248.0,112.0,140.0,157.0
49418,251.0,227.0,146.0,143.0
49419,228.0,204.0,112.0,139.0
49420,254.0,243.0,135.0,155.0
49421,242.0,214.0,133.0,133.0
49422,251.0,113.0,139.0,146.0
49423,239.0,91.0,119.0,133.0
49424,215.0,81.0,112.0,111.0
49425,240.0,211.0,140.0,123.0
49426,231.0,66.0,122.0,138.0
49427,242.0,93.0,141.0,132.0
49428,222.0,194.0,118.0,117.0
49429,264.0,147.0,150.0,153.0
49430,247.0,210.0,154.0,137.0
49431,265.0,92.0,150.0,163.0
49432,249.0,83.0,140.0,135.0
49433,242.0,210.0,145.0,133.0
49434,237.0,190.0,133.0,129.0
49435,234.0,122.0,133.0,151.0
49436,243.0,77.0,139.0,133.0
49437,243.0,204.0,146.0,121.0
49438,258.0,227.0,136.0,144.0
49439,267.0,158.0,164.0,139.0
49440,258.0,137.0,145.0,129.0
49441,238.0,147.0,140.0,132.0
49442,276.0,251.0,148.0,154.0
49443,241.0,99.0,133.0,149.0
49444,241.0,202.0,132.0,130.0
49445,239.0,214.0,122.0,130.0
49446,240.0,121.0,134.0,145.0
49447,249.0,217.0,146.0,136.0
49448,258.0,98.0,161.0,140.0
49449,234.0,185.0,123.0,152.0
49450,250.0,229.0,152.0,136.0
49451,270.0,86.0,145.0,166.0
49452,252.0,152.0,139.0,141.0
49453,245.0,226.0,144.0,129.0
49454,256.0,218.0,129.0,151.0
49455,250.0,129.0,144.0,147.0
49456,249.0,122.0,151.0,142.0
49457,282.0,145.0,169.0,171.0
49458,246.0,91.0,148.0,137.0
49459,254.0,246.0,142.0,141.0
49460,244.0,101.0,136.0,138.0
49461,243.0,122.0,140.0,149.0
49462,238.0,99.0,132.0,131.0
49463,269.0,81.0,150.0,157.0
49464,238.0,106.0,122.0,135.0
49465,235.0,149.0,138.0,146.0
49466,255.0,96.0,142.0,137.0
49467,256.0,178.0,146.0,147.0
49468,251.0,115.0,127.0,150.0
49469,270.0,181.0,154.0,144.0
49470,243.0,45.0,145.0,142.0
49471,257.0,131.0,151.0,156.0
49472,243.0,149.0,130.0,123.0
49473,253.0,243.0,159.0,146.0
49474,263.0,180.0,156.0,158.0
49475,240.0,77.0,130.0,145.0
49476,263.0,110.0,143.0,153.0
49477,253.0,156.0,137.0,143.0
49478,263.0,139.0,153.0,148.0
49479,229.0,113.0,132.0,123.0
49480,227.0,209.0,127.0,129.0
49481,240.0,82.0,137.0,123.0
49482,238.0,90.0,128.0,127.0
49483,236.0,98.0,131.0,125.0
49484,254.0,118.0,145.0,140.0
49485,230.0,169.0,137.0,124.0
49486,249.0,139.0,152.0,139.0
49487,241.0,233.0,132.0,133.0
49488,232.0,211.0,128.0,132.0
49489,234.0,115.0,144.0,130.0
49490,277.0,49.0,156.0,153.0
49491,250.0,85.0,141.0,130.0
49492,238.0,158.0,135.0,132.0
49493,265.0,219.0,133.0,136.0
49494,253.0,220.0,137.0,148.0
49495,253.0,195.0,137.0,146.0
49496,230.0,109.0,134.0,147.0
49497,242.0,107.0,128.0,154.0
49498,235.0,88.0,141.0,133.0
49499,267.0,226.0,137.0,147.0
49500,249.0,129.0,141.0,122.0
49501,257.0,176.0,146.0,148.0
49502,257.0,185.0,141.0,156.0
49503,224.0,84.0,116.0,123.0
49504,258.0,221.0,147.0,155.0
49505,252.0,158.0,139.0,134.0
49506,247.0,97.0,140.0,151.0
49507,249.0,98.0,152.0,139.0
49508,221.0,118.0,133.0,128.0
49509,235.0,223.0,136.0,136.0
49510,233.0,101.0,137.0,132.0
49511,263.0,140.0,155.0,137.0
49512,247.0,239.0,130.0,138.0
49513,253.0,232.0,137.0,135.0
49514,244.0,87.0,134.0,145.0
49515,265.0,252.0,159.0,151.0
49516,268.0,261.0,142.0,148.0
49517,251.0,122.0,155.0,142.0
49518,236.0,122.0,147.0,136.0
49519,265.0,80.0,139.0,146.0
49520,260.0,113.0,149.0,153.0
49521,246.0,141.0,138.0,140.0
49522,258.0,129.0,139.0,144.0
49523,229.0,201.0,125.0,136.0
49524,255.0,112.0,142.0,161.0
49525,253.0,214.0,147.0,134.0
49526,264.0,126.0,145.0,150.0
49527,240.0,119.0,131.0,139.0
49528,235.0,87.0,135.0,141.0
49529,267.0,267.0,160.0,153.0
49530,247.0,116.0,147.0,141.0
49531,244.0,244.0,143.0,134.0
49532,238.0,212.0,123.0,141.0
49533,243.0,239.0,144.0,143.0
49534,272.0,79.0,156.0,160.0
49535,251.0,138.0,152.0,138.0
49536,248.0,123.0,141.0,133.0
49537,264.0,112.0,149.0,144.0
49538,249.0,118.0,144.0,156.0
49539,253.0,139.0,144.0,132.0
49540,266.0,79.0,158.0,144.0
49541,247.0,224.0,146.0,135.0
49542,243.0,204.0,129.0,134.0
49543,244.0,100.0,138.0,144.0
49544,250.0,63.0,147.0,140.0
49545,241.0,114.0,133.0,135.0
49546,247.0,133.0,140.0,135.0
49547,258.0,86.0,146.0,148.0
49548,257.0,214.0,152.0,144.0
49549,248.0,118.0,149.0,146.0
49550,249.0,212.0,144.0,135.0
49551,227.0,89.0,132.0,126.0
49552,248.0,102.0,143.0,141.0
49553,236.0,200.0,137.0,130.0
49554,281.0,122.0,154.0,165.0
49555,262.0,234.0,170.0,149.0
49556,236.0,209.0,146.0,128.0
49557,266.0,225.0,145.0,149.0
49558,257.0,230.0,144.0,147.0
49559,242.0,212.0,133.0,125.0
49560,253.0,166.0,124.0,131.0
49561,263.0,84.0,147.0,130.0
49562,234.0,84.0,133.0,129.0
49563,280.0,127.0,175.0,159.0
49564,278.0,153.0,153.0,153.0
49565,264.0,181.0,134.0,163.0
49566,238.0,102.0,124.0,132.0
49567,253.0,147.0,131.0,138.0
49568,266.0,107.0,146.0,156.0
49569,242.0,218.0,148.0,137.0
49570,219.0,195.0,118.0,131.0
49571,267.0,229.0,145.0,138.0
49572,243.0,98.0,135.0,144.0
49573,234.0,133.0,140.0,128.0
49574,265.0,258.0,144.0,160.0
49575,227.0,220.0,116.0,134.0
49576,250.0,104.0,148.0,130.0
49577,249.0,136.0,139.0,142.0
49578,232.0,224.0,145.0,114.0
49579,237.0,93.0,131.0,133.0
49580,217.0,63.0,130.0,131.0
49581,280.0,189.0,146.0,176.0
49582,261.0,256.0,138.0,143.0
49583,244.0,142.0,131.0,147.0
49584,249.0,211.0,136.0,137.0
49585,247.0,169.0,137.0,145.0
49586,239.0,110.0,144.0,138.0
49587,253.0,168.0,133.0,147.0
49588,269.0,88.0,143.0,142.0
49589,266.0,84.0,148.0,153.0
49590,228.0,119.0,131.0,123.0
49591,272.0,231.0,160.0,141.0
49592,252.0,221.0,147.0,146.0
49593,248.0,176.0,148.0,129.0
49594,240.0,108.0,126.0,138.0
49595,263.0,217.0,140.0,154.0
49596,247.0,100.0,124.0,162.0
49597,248.0,218.0,137.0,148.0
49598,253.0,89.0,144.0,144.0
49599,259.0,120.0,166.0,154.0
49600,251.0,224.0,156.0,148.0
49601,246.0,125.0,141.0,145.0
49602,250.0,58.0,138.0,138.0
49603,273.0,232.0,155.0,144.0
49604,249.0,120.0,151.0,134.0
49605,239.0,200.0,129.0,137.0
49606,262.0,158.0,148.0,144.0
49607,241.0,201.0,129.0,133.0
49608,259.0,120.0,165.0,141.0
49609,245.0,138.0,148.0,138.0
49610,270.0,241.0,150.0,152.0
49611,248.0,219.0,149.0,139.0
49612,249.0,160.0,127.0,136.0
49613,256.0,80.0,149.0,141.0
49614,247.0,114.0,148.0,138.0
49615,267.0,113.0,139.0,136.0
49616,269.0,105.0,147.0,142.0
49617,247.0,103.0,134.0,116.0
49618,236.0,127.0,141.0,123.0
49619,260.0,113.0,136.0,148.0
49620,239.0,104.0,130.0,121.0
49621,235.0,92.0,120.0,133.0
49622,263.0,148.0,152.0,147.0
49623,270.0,131.0,143.0,130.0
49624,267.0,103.0,157.0,150.0
49625,269.0,103.0,148.0,141.0
49626,259.0,239.0,135.0,151.0
49627,227.0,203.0,129.0,131.0
49628,241.0,106.0,148.0,139.0
49629,219.0,85.0,133.0,129.0
49630,230.0,96.0,127.0,123.0
49631,271.0,230.0,151.0,133.0
49632,272.0,95.0,137.0,157.0
49633,244.0,65.0,139.0,145.0
49634,243.0,56.0,136.0,138.0
49635,258.0,239.0,143.0,133.0
49636,229.0,121.0,134.0,129.0
49637,237.0,101.0,135.0,132.0
49638,252.0,182.0,138.0,143.0
49639,238.0,124.0,140.0,133.0
49640,251.0,200.0,139.0,149.0
49641,254.0,203.0,140.0,140.0
49642,240.0,237.0,126.0,130.0
49643,259.0,228.0,141.0,151.0
49644,248.0,154.0,149.0,129.0
49645,241.0,84.0,142.0,132.0
49646,235.0,228.0,135.0,130.0
49647,244.0,105.0,135.0,126.0
49648,247.0,121.0,141.0,144.0
49649,269.0,94.0,154.0,145.0
49650,254.0,118.0,154.0,137.0
49651,253.0,214.0,134.0,142.0
49652,275.0,228.0,138.0,162.0
49653,255.0,133.0,158.0,143.0
49654,213.0,189.0,133.0,123.0
49655,243.0,86.0,140.0,122.0
49656,251.0,106.0,133.0,134.0
49657,245.0,87.0,139.0,134.0
49658,232.0,90.0,132.0,135.0
49659,248.0,127.0,124.0,129.0
49660,247.0,91.0,154.0,146.0
49661,203.0,87.0,114.0,120.0
49662,235.0,107.0,134.0,136.0
49663,251.0,111.0,135.0,146.0
49664,260.0,120.0,147.0,142.0
49665,269.0,158.0,154.0,148.0
49666,284.0,69.0,147.0,158.0
49667,238.0,110.0,153.0,136.0
49668,286.0,240.0,170.0,166.0
49669,277.0,231.0,136.0,160.0
49670,243.0,214.0,130.0,136.0
49671,218.0,120.0,126.0,118.0
49672,239.0,208.0,117.0,134.0
49673,240.0,108.0,130.0,139.0
49674,237.0,171.0,131.0,131.0
49675,273.0,126.0,139.0,143.0
49676,245.0,239.0,124.0,128.0
49677,239.0,95.0,137.0,144.0
49678,244.0,240.0,135.0,143.0
49679,230.0,83.0,124.0,133.0
49680,262.0,111.0,141.0,151.0
49681,272.0,141.0,147.0,150.0
49682,241.0,150.0,114.0,124.0
49683,259.0,183.0,149.0,143.0
49684,245.0,125.0,140.0,129.0
49685,244.0,135.0,131.0,126.0
49686,264.0,162.0,151.0,136.0
49687,246.0,110.0,143.0,138.0
49688,287.0,136.0,161.0,169.0
49689,268.0,223.0,125.0,153.0
49690,251.0,154.0,135.0,141.0
49691,253.0,226.0,137.0,147.0
49692,230.0,207.0,131.0,130.0
49693,246.0,74.0,140.0,140.0
49694,245.0,209.0,141.0,132.0
49695,248.0,242.0,132.0,139.0
49696,235.0,97.0,124.0,129.0
49697,262.0,130.0,165.0,141.0
49698,276.0,245.0,145.0,156.0
49699,249.0,218.0,129.0,138.0
49700,261.0,230.0,148.0,142.0
49701,244.0,89.0,140.0,135.0
49702,277.0,236.0,155.0,152.0
49703,261.0,85.0,152.0,145.0
49704,277.0,158.0,168.0,152.0
49705,250.0,119.0,138.0,143.0
49706,231.0,143.0,134.0,129.0
49707,238.0,99.0,131.0,135.0
49708,268.0,137.0,147.0,163.0
49709,237.0,92.0,131.0,136.0
49710,242.0,198.0,140.0,136.0
49711,253.0,232.0,145.0,157.0
49712,251.0,230.0,138.0,143.0
49713,248.0,106.0,151.0,134.0
49714,273.0,236.0,161.0,152.0
49715,259.0,229.0,152.0,137.0
49716,240.0,211.0,130.0,130.0
49717,232.0,231.0,130.0,115.0
49718,235.0,226.0,145.0,153.0
49719,243.0,90.0,145.0,133.0
49720,263.0,193.0,156.0,162.0
49721,268.0,265.0,162.0,157.0
49722,254.0,126.0,138.0,155.0
49723,225.0,48.0,129.0,121.0
49724,263.0,99.0,148.0,161.0
49725,263.0,99.0,164.0,148.0
49726,254.0,239.0,126.0,132.0
49727,237.0,193.0,130.0,121.0
49728,255.0,222.0,131.0,153.0
49729,258.0,119.0,132.0,148.0
49730,245.0,209.0,139.0,160.0
49731,243.0,207.0,134.0,146.0
49732,244.0,89.0,126.0,135.0
49733,250.0,104.0,156.0,144.0
49734,252.0,98.0,140.0,144.0
49735,253.0,214.0,134.0,143.0
49736,264.0,156.0,129.0,140.0
49737,233.0,187.0,130.0,132.0
49738,262.0,223.0,141.0,133.0
49739,265.0,164.0,154.0,158.0
49740,245.0,217.0,118.0,144.0
49741,252.0,113.0,135.0,149.0
49742,242.0,94.0,139.0,141.0
49743,244.0,212.0,133.0,144.0
49744,257.0,224.0,156.0,137.0
49745,231.0,112.0,132.0,132.0
49746,227.0,223.0,132.0,123.0
49747,253.0,98.0,162.0,144.0
49748,286.0,133.0,146.0,167.0
49749,269.0,235.0,158.0,155.0
49750,263.0,140.0,156.0,146.0
49751,284.0,148.0,157.0,150.0
49752,270.0,97.0,170.0,144.0
49753,248.0,119.0,136.0,144.0
49754,262.0,140.0,137.0,141.0
49755,274.0,140.0,156.0,159.0
49756,229.0,68.0,130.0,153.0
49757,242.0,224.0,137.0,137.0
49758,265.0,112.0,150.0,149.0
49759,225.0,119.0,132.0,125.0
49760,246.0,198.0,154.0,141.0
49761,251.0,134.0,142.0,146.0
49762,268.0,119.0,154.0,150.0
49763,245.0,203.0,151.0,147.0
49764,268.0,149.0,147.0,163.0
49765,272.0,220.0,152.0,149.0
49766,279.0,259.0,174.0,164.0
49767,260.0,167.0,149.0,137.0
49768,239.0,89.0,128.0,127.0
49769,235.0,128.0,139.0,138.0
49770,264.0,87.0,144.0,162.0
49771,272.0,175.0,155.0,148.0
49772,236.0,86.0,128.0,128.0
49773,246.0,102.0,134.0,143.0
49774,251.0,90.0,139.0,148.0
49775,279.0,240.0,160.0,156.0
49776,258.0,93.0,136.0,135.0
49777,244.0,71.0,134.0,147.0
49778,258.0,100.0,143.0,153.0
49779,250.0,89.0,138.0,122.0
49780,255.0,212.0,143.0,133.0
49781,236.0,129.0,132.0,136.0
49782,248.0,244.0,137.0,149.0
49783,257.0,141.0,151.0,131.0
49784,247.0,96.0,129.0,137.0
49785,257.0,121.0,140.0,128.0
49786,272.0,214.0,150.0,147.0
49787,262.0,107.0,141.0,151.0
49788,258.0,95.0,145.0,142.0
49789,223.0,81.0,124.0,125.0
49790,249.0,168.0,155.0,138.0
49791,263.0,86.0,152.0,144.0
49792,257.0,60.0,152.0,149.0
49793,243.0,75.0,129.0,150.0
49794,250.0,115.0,158.0,132.0
49795,251.0,223.0,144.0,148.0
49796,232.0,200.0,130.0,128.0
49797,265.0,141.0,155.0,152.0
49798,239.0,234.0,139.0,131.0
49799,241.0,183.0,145.0,132.0
49800,292.0,176.0,154.0,169.0
49801,248.0,146.0,129.0,150.0
49802,248.0,242.0,135.0,144.0
49803,229.0,229.0,139.0,126.0
49804,251.0,251.0,144.0,139.0
49805,252.0,250.0,142.0,145.0
49806,248.0,106.0,155.0,132.0
49807,240.0,112.0,137.0,136.0
49808,247.0,222.0,133.0,131.0
49809,255.0,90.0,135.0,132.0
49810,243.0,153.0,131.0,139.0
49811,254.0,144.0,145.0,128.0
49812,254.0,120.0,140.0,148.0
49813,244.0,140.0,142.0,139.0
49814,247.0,232.0,137.0,146.0
49815,279.0,120.0,159.0,161.0
49816,246.0,209.0,135.0,139.0
49817,268.0,97.0,147.0,154.0
49818,229.0,103.0,126.0,134.0
49819,255.0,85.0,153.0,147.0
49820,255.0,103.0,139.0,136.0
49821,251.0,102.0,146.0,139.0
49822,228.0,124.0,121.0,128.0
49823,250.0,204.0,135.0,148.0
49824,225.0,92.0,119.0,121.0
49825,222.0,108.0,118.0,125.0
49826,246.0,111.0,148.0,141.0
49827,278.0,114.0,157.0,162.0
49828,281.0,102.0,158.0,152.0
49829,269.0,128.0,156.0,148.0
49830,242.0,123.0,132.0,135.0
49831,243.0,97.0,134.0,127.0
49832,258.0,81.0,135.0,154.0
49833,258.0,226.0,147.0,144.0
49834,252.0,87.0,146.0,142.0
49835,264.0,110.0,149.0,151.0
49836,272.0,74.0,147.0,156.0
49837,238.0,204.0,123.0,131.0
49838,228.0,194.0,121.0,130.0
49839,248.0,82.0,144.0,135.0
49840,256.0,57.0,148.0,152.0
49841,212.0,188.0,99.0,127.0
49842,234.0,210.0,122.0,143.0
49843,259.0,224.0,142.0,137.0
49844,248.0,101.0,131.0,151.0
49845,260.0,233.0,136.0,129.0
49846,248.0,112.0,130.0,138.0
49847,246.0,216.0,136.0,134.0
49848,266.0,236.0,146.0,140.0
49849,242.0,88.0,138.0,135.0
49850,256.0,214.0,127.0,130.0
49851,250.0,140.0,141.0,133.0
49852,235.0,89.0,135.0,130.0
49853,261.0,239.0,128.0,144.0
49854,250.0,100.0,142.0,158.0
49855,257.0,218.0,156.0,155.0
49856,246.0,84.0,122.0,151.0
49857,224.0,154.0,130.0,127.0
49858,252.0,226.0,136.0,134.0
49859,242.0,103.0,142.0,123.0
49860,279.0,153.0,165.0,134.0
49861,261.0,248.0,155.0,144.0
49862,237.0,202.0,131.0,128.0
49863,239.0,205.0,136.0,137.0
49864,257.0,256.0,145.0,146.0
49865,240.0,117.0,146.0,131.0
49866,269.0,138.0,148.0,145.0
49867,258.0,113.0,140.0,157.0
49868,267.0,168.0,146.0,146.0
49869,250.0,118.0,148.0,134.0
49870,266.0,232.0,136.0,151.0
49871,244.0,218.0,133.0,120.0
49872,252.0,219.0,142.0,134.0
49873,260.0,205.0,157.0,141.0
49874,246.0,92.0,148.0,140.0
49875,242.0,99.0,122.0,126.0
49876,258.0,126.0,153.0,144.0
49877,250.0,204.0,136.0,139.0
49878,234.0,64.0,132.0,110.0
49879,259.0,89.0,157.0,135.0
49880,246.0,129.0,137.0,139.0
49881,275.0,85.0,167.0,148.0
49882,245.0,192.0,142.0,139.0
49883,216.0,70.0,124.0,115.0
49884,254.0,121.0,135.0,144.0
49885,210.0,92.0,105.0,126.0
49886,266.0,238.0,162.0,147.0
49887,267.0,86.0,143.0,164.0
49888,235.0,98.0,144.0,130.0
49889,256.0,53.0,150.0,133.0
49890,249.0,226.0,150.0,147.0
49891,269.0,226.0,155.0,152.0
49892,247.0,101.0,142.0,131.0
49893,277.0,242.0,150.0,158.0
49894,248.0,126.0,137.0,146.0
49895,253.0,107.0,139.0,147.0
49896,238.0,109.0,137.0,135.0
49897,232.0,204.0,138.0,129.0
49898,267.0,246.0,147.0,154.0
49899,258.0,166.0,160.0,158.0
49900,251.0,213.0,151.0,143.0
49901,239.0,111.0,136.0,126.0
49902,247.0,121.0,143.0,122.0
49903,265.0,123.0,142.0,150.0
49904,231.0,190.0,132.0,124.0
49905,278.0,117.0,140.0,146.0
49906,262.0,91.0,152.0,156.0
49907,227.0,111.0,129.0,128.0
49908,262.0,113.0,144.0,147.0
49909,254.0,106.0,133.0,156.0
49910,244.0,177.0,139.0,134.0
49911,245.0,103.0,135.0,153.0
49912,253.0,131.0,136.0,140.0
49913,251.0,158.0,134.0,151.0
49914,244.0,107.0,137.0,125.0
49915,244.0,224.0,141.0,154.0
49916,249.0,229.0,144.0,136.0
49917,233.0,96.0,136.0,128.0
49918,229.0,204.0,126.0,131.0
49919,265.0,265.0,167.0,156.0
49920,252.0,241.0,151.0,135.0
49921,266.0,220.0,147.0,151.0
49922,227.0,186.0,115.0,124.0
49923,232.0,149.0,134.0,142.0
49924,266.0,210.0,155.0,147.0
49925,243.0,109.0,132.0,154.0
49926,258.0,112.0,145.0,158.0
49927,239.0,105.0,132.0,136.0
49928,223.0,148.0,108.0,129.0
49929,253.0,82.0,150.0,145.0
49930,253.0,212.0,135.0,126.0
49931,256.0,89.0,150.0,140.0
49932,247.0,94.0,130.0,131.0
49933,243.0,131.0,135.0,140.0
49934,250.0,100.0,142.0,149.0
49935,247.0,132.0,137.0,137.0
49936,258.0,224.0,151.0,129.0
49937,233.0,202.0,129.0,121.0
49938,260.0,152.0,155.0,151.0
49939,242.0,132.0,130.0,144.0
49940,258.0,111.0,149.0,141.0
49941,239.0,105.0,140.0,129.0
49942,267.0,92.0,159.0,142.0
49943,235.0,100.0,128.0,137.0
49944,238.0,110.0,134.0,128.0
49945,243.0,202.0,139.0,135.0
49946,233.0,136.0,130.0,125.0
49947,254.0,106.0,134.0,130.0
49948,227.0,91.0,123.0,134.0
49949,250.0,239.0,142.0,157.0
49950,269.0,142.0,139.0,158.0
49951,219.0,116.0,122.0,119.0
49952,276.0,240.0,138.0,158.0
49953,239.0,76.0,133.0,144.0
49954,253.0,118.0,140.0,148.0
49955,247.0,134.0,126.0,143.0
49956,259.0,190.0,140.0,151.0
49957,234.0,126.0,130.0,116.0
49958,247.0,131.0,120.0,141.0
49959,225.0,180.0,140.0,125.0
49960,266.0,220.0,157.0,147.0
49961,264.0,65.0,156.0,150.0
49962,246.0,89.0,128.0,130.0
49963,266.0,153.0,147.0,144.0
49964,253.0,189.0,150.0,139.0
49965,233.0,104.0,118.0,115.0
49966,246.0,102.0,142.0,153.0
49967,264.0,104.0,146.0,146.0
49968,230.0,153.0,128.0,140.0
49969,266.0,65.0,156.0,152.0
49970,233.0,96.0,122.0,122.0
49971,242.0,219.0,136.0,116.0
49972,248.0,105.0,131.0,132.0
49973,241.0,101.0,138.0,129.0
49974,247.0,98.0,139.0,143.0
49975,246.0,129.0,140.0,124.0
49976,247.0,212.0,141.0,141.0
49977,237.0,168.0,138.0,137.0
49978,233.0,90.0,135.0,129.0
49979,260.0,113.0,133.0,130.0
49980,244.0,195.0,121.0,154.0
49981,248.0,75.0,139.0,138.0
49982,239.0,160.0,135.0,134.0
49983,241.0,97.0,145.0,126.0
49984,264.0,110.0,142.0,135.0
49985,245.0,69.0,145.0,133.0
49986,227.0,221.0,116.0,127.0
49987,267.0,119.0,153.0,149.0
49988,245.0,121.0,125.0,144.0
49989,239.0,103.0,124.0,127.0
49990,247.0,96.0,147.0,121.0
49991,229.0,175.0,128.0,129.0
49992,230.0,143.0,129.0,123.0
49993,257.0,106.0,158.0,144.0
49994,252.0,72.0,145.0,145.0
49995,248.0,111.0,155.0,140.0
49996,243.0,192.0,145.0,126.0
49997,267.0,261.0,157.0,154.0
49998,246.0,92.0,136.0,131.0
49999,237.0,102.0,138.0,139.0
50000,243.0,100.0,142.0,153.0
50001,276.0,249.0,148.0,150.0
50002,242.0,84.0,158.0,146.0
50003,251.0,209.0,152.0,137.0
50004,248.0,117.0,145.0,133.0
50005,240.0,51.0,123.0,132.0
50006,247.0,83.0,133.0,143.0
50007,229.0,131.0,125.0,124.0
50008,245.0,113.0,131.0,139.0
50009,265.0,133.0,140.0,138.0
50010,239.0,130.0,122.0,124.0
50011,232.0,103.0,144.0,130.0
50012,239.0,130.0,137.0,134.0
50013,242.0,101.0,140.0,145.0
50014,249.0,109.0,143.0,155.0
50015,245.0,152.0,145.0,129.0
50016,255.0,219.0,141.0,137.0
50017,255.0,99.0,142.0,144.0
50018,255.0,148.0,144.0,144.0
50019,253.0,79.0,128.0,140.0
50020,257.0,109.0,148.0,145.0
50021,249.0,147.0,146.0,138.0
50022,267.0,243.0,156.0,166.0
50023,240.0,146.0,134.0,139.0
50024,236.0,97.0,125.0,125.0
50025,251.0,230.0,155.0,147.0
50026,252.0,159.0,132.0,159.0
50027,247.0,92.0,139.0,142.0
50028,254.0,106.0,124.0,141.0
50029,255.0,223.0,152.0,145.0
50030,260.0,234.0,153.0,142.0
50031,256.0,87.0,143.0,137.0
50032,248.0,93.0,133.0,141.0
50033,260.0,243.0,139.0,141.0
50034,232.0,52.0,117.0,150.0
50035,244.0,116.0,148.0,133.0
50036,253.0,111.0,141.0,152.0
50037,257.0,90.0,144.0,148.0
50038,247.0,204.0,151.0,127.0
50039,254.0,156.0,135.0,152.0
50040,250.0,121.0,134.0,128.0
50041,255.0,229.0,142.0,146.0
50042,260.0,99.0,140.0,159.0
50043,239.0,99.0,141.0,140.0
50044,238.0,103.0,128.0,123.0
50045,268.0,233.0,153.0,158.0
50046,272.0,115.0,157.0,166.0
50047,259.0,127.0,136.0,151.0
50048,265.0,119.0,148.0,149.0
50049,269.0,119.0,149.0,162.0
50050,245.0,100.0,138.0,125.0
50051,248.0,65.0,120.0,135.0
50052,268.0,229.0,162.0,138.0
50053,240.0,80.0,129.0,143.0
50054,267.0,77.0,142.0,139.0
50055,268.0,131.0,165.0,155.0
50056,240.0,73.0,132.0,129.0
50057,245.0,96.0,131.0,141.0
50058,249.0,77.0,129.0,126.0
50059,252.0,147.0,125.0,137.0
50060,258.0,221.0,148.0,136.0
50061,284.0,251.0,153.0,169.0
50062,242.0,125.0,126.0,141.0
50063,272.0,231.0,145.0,145.0
50064,253.0,116.0,141.0,133.0
50065,243.0,106.0,128.0,133.0
50066,252.0,73.0,159.0,146.0
50067,240.0,90.0,134.0,141.0
50068,260.0,138.0,137.0,151.0
50069,244.0,68.0,127.0,130.0
50070,238.0,238.0,147.0,129.0
50071,266.0,89.0,155.0,150.0
50072,230.0,148.0,117.0,131.0
50073,251.0,97.0,127.0,126.0
50074,258.0,137.0,149.0,147.0
50075,239.0,93.0,136.0,122.0
50076,257.0,120.0,132.0,141.0
50077,266.0,128.0,150.0,141.0
50078,255.0,84.0,159.0,131.0
50079,230.0,226.0,123.0,130.0
50080,227.0,113.0,126.0,144.0
50081,262.0,109.0,145.0,147.0
50082,264.0,85.0,162.0,152.0
50083,250.0,120.0,134.0,129.0
50084,266.0,224.0,158.0,148.0
50085,255.0,109.0,145.0,135.0
50086,263.0,231.0,148.0,163.0
50087,258.0,76.0,140.0,140.0
50088,256.0,170.0,151.0,147.0
50089,233.0,128.0,136.0,122.0
50090,229.0,113.0,136.0,128.0
50091,252.0,223.0,140.0,154.0
50092,222.0,98.0,130.0,118.0
50093,239.0,78.0,131.0,117.0
50094,252.0,132.0,133.0,152.0
50095,237.0,202.0,134.0,142.0
50096,238.0,136.0,141.0,129.0
50097,253.0,101.0,157.0,126.0
50098,257.0,225.0,167.0,163.0
50099,256.0,124.0,153.0,146.0
50100,246.0,132.0,136.0,133.0
50101,258.0,61.0,143.0,143.0
50102,240.0,102.0,147.0,126.0
50103,248.0,116.0,140.0,136.0
50104,242.0,137.0,144.0,141.0
50105,225.0,78.0,121.0,130.0
50106,245.0,66.0,127.0,151.0
50107,259.0,91.0,165.0,147.0
50108,267.0,242.0,164.0,153.0
50109,220.0,88.0,112.0,122.0
50110,228.0,111.0,128.0,121.0
50111,278.0,239.0,161.0,137.0
50112,260.0,221.0,142.0,145.0
50113,235.0,228.0,141.0,121.0
50114,243.0,169.0,125.0,135.0
50115,257.0,92.0,135.0,157.0
50116,256.0,227.0,146.0,164.0
50117,255.0,220.0,142.0,127.0
50118,241.0,229.0,144.0,142.0
50119,225.0,213.0,132.0,139.0
50120,260.0,244.0,150.0,156.0
50121,244.0,96.0,152.0,146.0
50122,265.0,120.0,140.0,155.0
50123,251.0,94.0,120.0,154.0
50124,264.0,243.0,162.0,152.0
50125,229.0,138.0,136.0,126.0
50126,245.0,191.0,123.0,143.0
50127,265.0,228.0,156.0,151.0
50128,255.0,120.0,137.0,142.0
50129,262.0,103.0,138.0,138.0
50130,234.0,125.0,118.0,127.0
50131,272.0,104.0,160.0,149.0
50132,270.0,77.0,142.0,134.0
50133,274.0,134.0,160.0,158.0
50134,228.0,138.0,126.0,128.0
50135,226.0,123.0,131.0,115.0
50136,232.0,98.0,137.0,143.0
50137,235.0,104.0,128.0,127.0
50138,234.0,98.0,142.0,144.0
50139,251.0,212.0,162.0,131.0
50140,284.0,249.0,164.0,174.0
50141,258.0,119.0,142.0,148.0
50142,264.0,131.0,153.0,156.0
50143,240.0,110.0,123.0,130.0
50144,237.0,103.0,141.0,133.0
50145,264.0,81.0,155.0,137.0
50146,257.0,85.0,143.0,153.0
50147,257.0,235.0,143.0,144.0
50148,253.0,228.0,145.0,150.0
50149,262.0,231.0,138.0,152.0
50150,227.0,148.0,124.0,111.0
50151,246.0,94.0,130.0,140.0
50152,274.0,264.0,158.0,154.0
50153,232.0,189.0,134.0,136.0
50154,249.0,114.0,137.0,137.0
50155,248.0,78.0,123.0,143.0
50156,237.0,130.0,130.0,143.0
50157,248.0,220.0,144.0,138.0
50158,241.0,164.0,136.0,142.0
50159,247.0,94.0,127.0,155.0
50160,236.0,54.0,123.0,129.0
50161,231.0,119.0,142.0,133.0
50162,273.0,107.0,152.0,150.0
50163,243.0,74.0,147.0,129.0
50164,257.0,238.0,126.0,149.0
50165,230.0,124.0,130.0,122.0
50166,263.0,89.0,138.0,156.0
50167,241.0,118.0,136.0,127.0
50168,253.0,208.0,146.0,154.0
50169,260.0,160.0,144.0,133.0
50170,223.0,80.0,117.0,130.0
50171,260.0,107.0,145.0,141.0
50172,250.0,132.0,138.0,130.0
50173,274.0,233.0,161.0,166.0
50174,247.0,238.0,158.0,142.0
50175,246.0,129.0,143.0,136.0
50176,234.0,196.0,141.0,132.0
50177,255.0,89.0,134.0,161.0
50178,265.0,228.0,150.0,136.0
50179,226.0,180.0,142.0,124.0
50180,279.0,220.0,155.0,146.0
50181,253.0,194.0,147.0,143.0
50182,245.0,112.0,139.0,139.0
50183,248.0,212.0,142.0,142.0
50184,258.0,91.0,136.0,137.0
50185,235.0,203.0,126.0,135.0
50186,273.0,129.0,149.0,163.0
50187,257.0,144.0,134.0,134.0
50188,241.0,89.0,140.0,146.0
50189,271.0,153.0,153.0,147.0
50190,258.0,97.0,139.0,152.0
50191,254.0,55.0,147.0,151.0
50192,251.0,155.0,139.0,135.0
50193,253.0,130.0,133.0,156.0
50194,267.0,260.0,143.0,154.0
50195,260.0,106.0,135.0,133.0
50196,249.0,80.0,153.0,145.0
50197,264.0,130.0,142.0,165.0
50198,243.0,95.0,128.0,150.0
50199,271.0,121.0,151.0,135.0
50200,255.0,204.0,147.0,165.0
50201,223.0,56.0,127.0,129.0
50202,248.0,105.0,133.0,139.0
50203,232.0,226.0,126.0,131.0
50204,253.0,83.0,148.0,142.0
50205,267.0,233.0,150.0,161.0
50206,256.0,124.0,146.0,146.0
50207,252.0,113.0,134.0,149.0
50208,243.0,136.0,148.0,125.0
50209,243.0,95.0,139.0,145.0
50210,273.0,248.0,153.0,149.0
50211,254.0,216.0,136.0,131.0
50212,256.0,73.0,130.0,144.0
50213,247.0,218.0,141.0,132.0
50214,249.0,126.0,133.0,124.0
50215,253.0,208.0,142.0,135.0
50216,255.0,143.0,142.0,153.0
50217,258.0,123.0,146.0,142.0
50218,260.0,215.0,123.0,147.0
50219,232.0,90.0,133.0,138.0
50220,243.0,105.0,142.0,152.0
50221,241.0,121.0,129.0,137.0
50222,237.0,137.0,124.0,124.0
50223,229.0,55.0,127.0,130.0
50224,245.0,99.0,148.0,128.0
50225,258.0,140.0,141.0,143.0
50226,250.0,74.0,136.0,138.0
50227,245.0,156.0,132.0,130.0
50228,243.0,155.0,140.0,142.0
50229,244.0,95.0,135.0,141.0
50230,262.0,112.0,157.0,143.0
50231,247.0,235.0,139.0,131.0
50232,253.0,134.0,146.0,147.0
50233,248.0,66.0,148.0,148.0
50234,260.0,231.0,143.0,153.0
50235,243.0,217.0,137.0,137.0
50236,248.0,222.0,146.0,141.0
50237,242.0,121.0,127.0,139.0
50238,249.0,179.0,143.0,127.0
50239,272.0,125.0,154.0,169.0
50240,253.0,112.0,140.0,143.0
50241,224.0,92.0,116.0,117.0
50242,261.0,136.0,152.0,140.0
50243,247.0,150.0,144.0,137.0
50244,254.0,105.0,138.0,146.0
50245,236.0,107.0,122.0,143.0
50246,261.0,232.0,139.0,143.0
50247,239.0,161.0,140.0,139.0
50248,243.0,106.0,144.0,128.0
50249,249.0,142.0,143.0,150.0
50250,257.0,107.0,141.0,152.0
50251,259.0,67.0,159.0,149.0
50252,227.0,197.0,134.0,128.0
50253,253.0,116.0,145.0,148.0
50254,248.0,108.0,140.0,130.0
50255,253.0,126.0,140.0,146.0
50256,263.0,110.0,147.0,146.0
50257,261.0,96.0,148.0,160.0
50258,248.0,97.0,156.0,146.0
50259,283.0,239.0,160.0,143.0
50260,252.0,152.0,152.0,140.0
50261,254.0,132.0,166.0,150.0
50262,247.0,118.0,134.0,143.0
50263,243.0,145.0,141.0,132.0
50264,263.0,172.0,146.0,150.0
50265,246.0,121.0,141.0,133.0
50266,279.0,167.0,157.0,168.0
50267,258.0,230.0,145.0,152.0
50268,245.0,209.0,127.0,136.0
50269,242.0,137.0,126.0,125.0
50270,241.0,117.0,136.0,129.0
50271,251.0,167.0,161.0,141.0
50272,246.0,170.0,126.0,122.0
50273,261.0,114.0,145.0,165.0
50274,216.0,81.0,125.0,120.0
50275,257.0,149.0,147.0,142.0
50276,273.0,128.0,164.0,142.0
50277,249.0,205.0,125.0,144.0
50278,240.0,82.0,137.0,130.0
50279,270.0,118.0,170.0,141.0
50280,263.0,92.0,146.0,143.0
50281,233.0,131.0,136.0,123.0
50282,260.0,143.0,147.0,128.0
50283,254.0,223.0,152.0,146.0
50284,251.0,108.0,151.0,133.0
50285,261.0,236.0,140.0,120.0
50286,263.0,230.0,138.0,143.0
50287,273.0,106.0,156.0,149.0
50288,273.0,231.0,167.0,152.0
50289,252.0,138.0,145.0,140.0
50290,250.0,88.0,139.0,156.0
50291,264.0,227.0,150.0,151.0
50292,245.0,116.0,138.0,140.0
50293,243.0,218.0,143.0,130.0
50294,247.0,213.0,132.0,145.0
50295,242.0,212.0,145.0,148.0
50296,270.0,263.0,152.0,160.0
50297,234.0,227.0,132.0,130.0
50298,262.0,61.0,168.0,151.0
50299,247.0,93.0,124.0,130.0
50300,262.0,57.0,143.0,148.0
50301,245.0,85.0,144.0,135.0
50302,232.0,120.0,139.0,139.0
50303,234.0,104.0,127.0,148.0
50304,244.0,126.0,149.0,135.0
50305,231.0,75.0,124.0,136.0
50306,225.0,129.0,124.0,119.0
50307,239.0,237.0,137.0,131.0
50308,259.0,165.0,148.0,140.0
50309,251.0,71.0,152.0,143.0
50310,250.0,230.0,139.0,137.0
50311,279.0,247.0,155.0,154.0
50312,254.0,225.0,147.0,141.0
50313,246.0,95.0,142.0,128.0
50314,241.0,148.0,139.0,134.0
50315,247.0,131.0,136.0,132.0
50316,268.0,61.0,144.0,154.0
50317,250.0,127.0,135.0,142.0
50318,247.0,214.0,136.0,132.0
50319,280.0,234.0,160.0,155.0
50320,247.0,101.0,140.0,151.0
50321,228.0,95.0,129.0,133.0
50322,263.0,140.0,153.0,153.0
50323,242.0,139.0,142.0,137.0
50324,258.0,104.0,165.0,157.0
50325,239.0,138.0,140.0,124.0
50326,250.0,232.0,127.0,132.0
50327,247.0,229.0,145.0,142.0
50328,253.0,118.0,140.0,145.0
50329,267.0,140.0,147.0,159.0
50330,247.0,89.0,138.0,138.0
50331,239.0,119.0,144.0,146.0
50332,244.0,89.0,140.0,131.0
50333,253.0,187.0,137.0,152.0
50334,228.0,136.0,120.0,134.0
50335,259.0,129.0,130.0,150.0
50336,247.0,112.0,148.0,123.0
50337,278.0,225.0,165.0,155.0
50338,246.0,164.0,151.0,137.0
50339,241.0,79.0,132.0,145.0
50340,236.0,201.0,129.0,135.0
50341,251.0,92.0,143.0,162.0
50342,249.0,120.0,141.0,134.0
50343,275.0,104.0,148.0,157.0
50344,252.0,101.0,144.0,139.0
50345,239.0,104.0,134.0,135.0
50346,229.0,197.0,126.0,131.0
50347,246.0,121.0,135.0,142.0
50348,250.0,69.0,131.0,145.0
50349,249.0,232.0,144.0,128.0
50350,263.0,121.0,138.0,160.0
50351,230.0,88.0,136.0,125.0
50352,251.0,110.0,131.0,150.0
50353,249.0,116.0,147.0,129.0
50354,233.0,127.0,134.0,133.0
50355,222.0,183.0,129.0,126.0
50356,259.0,122.0,142.0,144.0
50357,263.0,228.0,135.0,144.0
50358,261.0,108.0,144.0,151.0
50359,249.0,234.0,123.0,142.0
50360,256.0,217.0,153.0,129.0
50361,251.0,215.0,131.0,134.0
50362,256.0,171.0,131.0,149.0
50363,258.0,146.0,141.0,132.0
50364,247.0,68.0,127.0,139.0
50365,261.0,170.0,146.0,142.0
50366,281.0,131.0,160.0,167.0
50367,241.0,89.0,132.0,134.0
50368,256.0,131.0,135.0,147.0
50369,273.0,170.0,154.0,145.0
50370,241.0,233.0,138.0,127.0
50371,266.0,171.0,162.0,138.0
50372,248.0,101.0,136.0,142.0
50373,248.0,120.0,119.0,138.0
50374,248.0,215.0,138.0,148.0
50375,261.0,232.0,145.0,149.0
50376,236.0,206.0,136.0,130.0
50377,251.0,218.0,147.0,135.0
50378,229.0,206.0,126.0,124.0
50379,250.0,128.0,138.0,141.0
50380,241.0,196.0,139.0,132.0
50381,243.0,211.0,125.0,144.0
50382,220.0,104.0,110.0,132.0
50383,254.0,69.0,147.0,140.0
50384,270.0,125.0,141.0,140.0
50385,254.0,94.0,150.0,148.0
50386,252.0,140.0,150.0,149.0
50387,236.0,96.0,133.0,113.0
50388,240.0,204.0,128.0,132.0
50389,246.0,195.0,134.0,133.0
50390,261.0,120.0,135.0,145.0
50391,280.0,235.0,151.0,169.0
50392,277.0,264.0,149.0,163.0
50393,248.0,127.0,128.0,149.0
50394,218.0,66.0,125.0,118.0
50395,260.0,144.0,142.0,149.0
50396,231.0,116.0,125.0,113.0
50397,252.0,131.0,140.0,134.0
50398,249.0,103.0,130.0,135.0
50399,236.0,121.0,138.0,113.0
50400,239.0,163.0,133.0,134.0
50401,262.0,168.0,160.0,145.0
50402,238.0,111.0,129.0,135.0
50403,249.0,91.0,117.0,136.0
50404,247.0,209.0,142.0,132.0
50405,249.0,115.0,136.0,149.0
50406,256.0,108.0,149.0,143.0
50407,253.0,223.0,132.0,120.0
50408,244.0,213.0,140.0,125.0
50409,238.0,154.0,134.0,122.0
50410,257.0,131.0,153.0,154.0
50411,228.0,119.0,111.0,127.0
50412,245.0,139.0,130.0,132.0
50413,251.0,94.0,147.0,142.0
50414,272.0,117.0,165.0,165.0
50415,258.0,89.0,149.0,136.0
50416,240.0,200.0,132.0,127.0
50417,247.0,205.0,135.0,127.0
50418,252.0,103.0,140.0,139.0
50419,260.0,126.0,133.0,147.0
50420,216.0,97.0,123.0,120.0
50421,262.0,181.0,142.0,127.0
50422,237.0,102.0,135.0,139.0
50423,246.0,96.0,130.0,137.0
50424,246.0,236.0,147.0,132.0
50425,240.0,85.0,122.0,123.0
50426,282.0,117.0,170.0,157.0
50427,260.0,125.0,136.0,147.0
50428,269.0,80.0,175.0,154.0
50429,258.0,127.0,142.0,134.0
50430,254.0,227.0,155.0,133.0
50431,263.0,110.0,139.0,150.0
50432,218.0,78.0,123.0,129.0
50433,228.0,199.0,132.0,122.0
50434,255.0,103.0,141.0,153.0
50435,270.0,112.0,162.0,161.0
50436,256.0,219.0,144.0,140.0
50437,245.0,107.0,114.0,132.0
50438,237.0,88.0,127.0,134.0
50439,239.0,125.0,124.0,128.0
50440,251.0,149.0,140.0,152.0
50441,254.0,103.0,150.0,134.0
50442,243.0,215.0,137.0,146.0
50443,233.0,159.0,137.0,126.0
50444,276.0,108.0,149.0,142.0
50445,250.0,124.0,152.0,142.0
50446,231.0,114.0,140.0,123.0
50447,245.0,244.0,166.0,131.0
50448,241.0,142.0,129.0,138.0
50449,264.0,64.0,119.0,149.0
50450,235.0,106.0,143.0,126.0
50451,260.0,224.0,139.0,148.0
50452,273.0,237.0,147.0,158.0
50453,261.0,118.0,152.0,148.0
50454,281.0,110.0,145.0,164.0
50455,258.0,238.0,142.0,145.0
50456,269.0,122.0,144.0,137.0
50457,248.0,126.0,143.0,152.0
50458,259.0,190.0,140.0,149.0
50459,243.0,201.0,122.0,116.0
50460,242.0,86.0,130.0,132.0
50461,259.0,137.0,140.0,158.0
50462,262.0,242.0,156.0,142.0
50463,255.0,152.0,142.0,135.0
50464,255.0,112.0,129.0,154.0
50465,257.0,158.0,148.0,139.0
50466,272.0,217.0,151.0,169.0
50467,239.0,104.0,134.0,137.0
50468,247.0,89.0,135.0,133.0
50469,238.0,188.0,122.0,126.0
50470,265.0,71.0,157.0,148.0
50471,232.0,205.0,135.0,122.0
50472,258.0,120.0,145.0,140.0
50473,265.0,128.0,138.0,155.0
50474,261.0,227.0,145.0,159.0
50475,262.0,254.0,156.0,141.0
50476,244.0,209.0,123.0,130.0
50477,269.0,128.0,140.0,163.0
50478,236.0,110.0,120.0,143.0
50479,249.0,50.0,132.0,130.0
50480,288.0,153.0,164.0,152.0
50481,249.0,99.0,156.0,150.0
50482,243.0,96.0,141.0,138.0
50483,250.0,247.0,134.0,146.0
50484,253.0,116.0,146.0,152.0
50485,239.0,91.0,133.0,130.0
50486,251.0,107.0,137.0,142.0
50487,231.0,95.0,142.0,128.0
50488,266.0,105.0,147.0,138.0
50489,235.0,133.0,132.0,139.0
50490,245.0,197.0,134.0,122.0
50491,252.0,92.0,158.0,128.0
50492,253.0,174.0,141.0,149.0
50493,268.0,233.0,154.0,144.0
50494,269.0,86.0,152.0,136.0
50495,225.0,113.0,135.0,125.0
50496,230.0,157.0,130.0,121.0
50497,243.0,139.0,141.0,135.0
50498,238.0,90.0,133.0,135.0
50499,249.0,101.0,128.0,117.0
50500,226.0,120.0,135.0,124.0
50501,274.0,135.0,155.0,158.0
50502,249.0,157.0,149.0,142.0
50503,229.0,195.0,116.0,128.0
50504,257.0,88.0,149.0,144.0
50505,245.0,196.0,132.0,142.0
50506,247.0,85.0,121.0,142.0
50507,245.0,112.0,153.0,140.0
50508,260.0,99.0,139.0,144.0
50509,245.0,91.0,131.0,142.0
50510,261.0,249.0,142.0,149.0
50511,243.0,59.0,140.0,150.0
50512,212.0,104.0,118.0,120.0
50513,249.0,226.0,146.0,129.0
50514,266.0,79.0,134.0,158.0
50515,246.0,97.0,147.0,124.0
50516,229.0,196.0,133.0,118.0
50517,255.0,177.0,151.0,128.0
50518,271.0,231.0,149.0,156.0
50519,257.0,107.0,142.0,136.0
50520,261.0,124.0,147.0,144.0
50521,248.0,105.0,151.0,135.0
50522,259.0,259.0,147.0,142.0
50523,272.0,71.0,158.0,147.0
50524,244.0,133.0,131.0,123.0
50525,259.0,129.0,152.0,142.0
50526,225.0,55.0,122.0,133.0
50527,260.0,94.0,146.0,143.0
50528,263.0,98.0,160.0,147.0
50529,258.0,215.0,148.0,151.0
50530,265.0,108.0,146.0,157.0
50531,237.0,103.0,115.0,137.0
50532,255.0,104.0,136.0,138.0
50533,243.0,223.0,136.0,144.0
50534,235.0,104.0,145.0,129.0
50535,228.0,118.0,114.0,114.0
50536,244.0,205.0,132.0,151.0
50537,239.0,103.0,143.0,131.0
50538,255.0,141.0,136.0,144.0
50539,242.0,95.0,132.0,134.0
50540,242.0,125.0,142.0,130.0
50541,239.0,134.0,121.0,134.0
50542,267.0,84.0,146.0,153.0
50543,230.0,65.0,134.0,126.0
50544,235.0,205.0,127.0,134.0
50545,224.0,191.0,127.0,115.0
50546,260.0,115.0,159.0,142.0
50547,231.0,113.0,130.0,117.0
50548,257.0,127.0,141.0,143.0
50549,252.0,132.0,150.0,146.0
50550,260.0,151.0,123.0,137.0
50551,245.0,98.0,119.0,146.0
50552,244.0,216.0,141.0,130.0
50553,245.0,106.0,138.0,138.0
50554,247.0,86.0,146.0,123.0
50555,265.0,225.0,154.0,146.0
50556,229.0,163.0,125.0,143.0
50557,241.0,220.0,137.0,116.0
50558,224.0,162.0,125.0,107.0
50559,225.0,200.0,126.0,129.0
50560,259.0,234.0,147.0,142.0
50561,227.0,109.0,125.0,116.0
50562,255.0,211.0,147.0,154.0
50563,254.0,91.0,149.0,123.0
50564,261.0,71.0,143.0,143.0
50565,258.0,218.0,157.0,136.0
50566,237.0,136.0,124.0,134.0
50567,247.0,75.0,135.0,132.0
50568,239.0,127.0,139.0,134.0
50569,230.0,91.0,131.0,125.0
50570,245.0,213.0,147.0,150.0
50571,236.0,197.0,140.0,139.0
50572,231.0,213.0,122.0,134.0
50573,234.0,227.0,128.0,131.0
50574,242.0,235.0,152.0,128.0
50575,259.0,217.0,140.0,152.0
50576,242.0,93.0,148.0,153.0
50577,225.0,196.0,119.0,127.0
50578,249.0,219.0,122.0,143.0
50579,235.0,74.0,136.0,125.0
50580,257.0,119.0,123.0,138.0
50581,256.0,255.0,140.0,147.0
50582,246.0,102.0,133.0,138.0
50583,246.0,211.0,147.0,140.0
50584,253.0,118.0,140.0,151.0
50585,246.0,74.0,139.0,131.0
50586,244.0,242.0,129.0,147.0
50587,236.0,103.0,122.0,143.0
50588,236.0,112.0,132.0,144.0
50589,252.0,57.0,128.0,143.0
50590,243.0,103.0,134.0,147.0
50591,235.0,109.0,133.0,130.0
50592,228.0,70.0,115.0,145.0
50593,242.0,128.0,124.0,125.0
50594,252.0,225.0,126.0,151.0
50595,258.0,115.0,152.0,147.0
50596,260.0,113.0,157.0,146.0
50597,244.0,109.0,133.0,140.0
50598,252.0,76.0,150.0,137.0
50599,239.0,104.0,134.0,125.0
50600,263.0,108.0,160.0,135.0
50601,267.0,73.0,137.0,157.0
50602,237.0,164.0,126.0,134.0
50603,260.0,238.0,155.0,150.0
50604,255.0,107.0,143.0,132.0
50605,259.0,212.0,139.0,146.0
50606,244.0,118.0,137.0,151.0
50607,260.0,132.0,140.0,152.0
50608,236.0,216.0,138.0,125.0
50609,248.0,73.0,145.0,140.0
50610,251.0,138.0,136.0,148.0
50611,256.0,230.0,165.0,148.0
50612,266.0,125.0,143.0,139.0
50613,267.0,124.0,146.0,145.0
50614,236.0,212.0,142.0,136.0
50615,243.0,215.0,146.0,118.0
50616,276.0,238.0,160.0,158.0
50617,217.0,81.0,115.0,121.0
50618,230.0,182.0,124.0,142.0
50619,254.0,103.0,139.0,146.0
50620,237.0,231.0,126.0,138.0
50621,251.0,75.0,142.0,146.0
50622,244.0,220.0,115.0,121.0
50623,247.0,98.0,122.0,128.0
50624,241.0,105.0,134.0,136.0
50625,276.0,240.0,139.0,157.0
50626,245.0,205.0,144.0,138.0
50627,243.0,66.0,148.0,135.0
50628,260.0,222.0,142.0,137.0
50629,247.0,102.0,131.0,134.0
50630,244.0,215.0,139.0,145.0
50631,245.0,93.0,126.0,139.0
50632,254.0,74.0,142.0,136.0
50633,258.0,213.0,126.0,142.0
50634,251.0,115.0,152.0,133.0
50635,242.0,109.0,141.0,129.0
50636,242.0,146.0,127.0,125.0
50637,242.0,242.0,135.0,144.0
50638,248.0,240.0,155.0,153.0
50639,246.0,215.0,138.0,140.0
50640,240.0,111.0,135.0,145.0
50641,249.0,215.0,140.0,153.0
50642,251.0,200.0,144.0,133.0
50643,260.0,149.0,134.0,153.0
50644,226.0,83.0,110.0,122.0
50645,231.0,105.0,136.0,127.0
50646,228.0,110.0,131.0,138.0
50647,235.0,93.0,123.0,135.0
50648,262.0,96.0,151.0,151.0
50649,241.0,88.0,131.0,121.0
50650,258.0,258.0,137.0,155.0
50651,229.0,216.0,120.0,126.0
50652,260.0,91.0,156.0,134.0
50653,264.0,105.0,147.0,154.0
50654,238.0,114.0,124.0,139.0
50655,247.0,207.0,131.0,140.0
50656,253.0,97.0,154.0,135.0
50657,243.0,221.0,135.0,136.0
50658,252.0,124.0,133.0,142.0
50659,232.0,84.0,126.0,127.0
50660,239.0,212.0,138.0,132.0
50661,244.0,239.0,142.0,132.0
50662,242.0,131.0,138.0,129.0
50663,242.0,89.0,131.0,135.0
50664,248.0,80.0,155.0,138.0
50665,249.0,97.0,147.0,141.0
50666,244.0,188.0,141.0,131.0
50667,241.0,140.0,147.0,126.0
50668,256.0,143.0,138.0,139.0
50669,253.0,113.0,143.0,144.0
50670,266.0,138.0,157.0,175.0
50671,254.0,118.0,142.0,130.0
50672,255.0,164.0,140.0,146.0
50673,241.0,162.0,133.0,129.0
50674,254.0,119.0,144.0,138.0
50675,242.0,114.0,136.0,136.0
50676,230.0,125.0,115.0,129.0
50677,231.0,199.0,129.0,117.0
50678,260.0,229.0,148.0,143.0
50679,251.0,78.0,141.0,143.0
50680,249.0,98.0,137.0,120.0
50681,223.0,223.0,131.0,118.0
50682,249.0,202.0,142.0,124.0
50683,235.0,143.0,126.0,131.0
50684,253.0,189.0,139.0,145.0
50685,261.0,93.0,147.0,137.0
50686,261.0,227.0,142.0,148.0
50687,264.0,102.0,153.0,152.0
50688,278.0,147.0,158.0,156.0
50689,256.0,78.0,135.0,151.0
50690,240.0,102.0,137.0,135.0
50691,227.0,56.0,130.0,120.0
50692,230.0,100.0,126.0,115.0
50693,228.0,94.0,128.0,133.0
50694,226.0,75.0,123.0,123.0
50695,268.0,99.0,143.0,157.0
50696,233.0,208.0,129.0,134.0
50697,211.0,57.0,127.0,105.0
50698,247.0,235.0,168.0,138.0
50699,272.0,121.0,142.0,152.0
50700,255.0,111.0,143.0,143.0
50701,228.0,122.0,135.0,114.0
50702,240.0,38.0,129.0,119.0
50703,262.0,237.0,139.0,146.0
50704,261.0,101.0,144.0,144.0
50705,269.0,137.0,139.0,148.0
50706,235.0,77.0,143.0,129.0
50707,245.0,242.0,141.0,135.0
50708,265.0,92.0,144.0,145.0
50709,233.0,102.0,135.0,138.0
50710,255.0,217.0,142.0,153.0
50711,260.0,96.0,154.0,138.0
50712,257.0,79.0,157.0,142.0
50713,240.0,213.0,133.0,132.0
50714,258.0,224.0,156.0,142.0
50715,266.0,138.0,147.0,147.0
50716,238.0,220.0,160.0,129.0
50717,245.0,245.0,137.0,143.0
50718,245.0,213.0,148.0,143.0
50719,246.0,208.0,139.0,132.0
50720,264.0,264.0,166.0,164.0
50721,222.0,127.0,121.0,122.0
50722,226.0,87.0,116.0,123.0
50723,271.0,239.0,138.0,154.0
50724,243.0,205.0,138.0,135.0
50725,260.0,100.0,148.0,145.0
50726,256.0,227.0,148.0,137.0
50727,256.0,140.0,139.0,146.0
50728,238.0,225.0,135.0,142.0
50729,248.0,23.0,153.0,134.0
50730,275.0,259.0,165.0,147.0
50731,247.0,78.0,137.0,134.0
50732,272.0,148.0,144.0,153.0
50733,227.0,189.0,132.0,121.0
50734,274.0,132.0,146.0,154.0
50735,254.0,112.0,140.0,134.0
50736,221.0,188.0,140.0,131.0
50737,243.0,210.0,133.0,139.0
50738,251.0,101.0,156.0,144.0
50739,278.0,233.0,157.0,163.0
50740,244.0,215.0,133.0,140.0
50741,249.0,240.0,142.0,149.0
50742,282.0,134.0,152.0,160.0
50743,276.0,243.0,152.0,149.0
50744,242.0,117.0,134.0,140.0
50745,250.0,250.0,148.0,150.0
50746,243.0,243.0,134.0,130.0
50747,265.0,150.0,150.0,146.0
50748,249.0,94.0,142.0,143.0
50749,212.0,71.0,108.0,107.0
50750,260.0,157.0,157.0,153.0
50751,241.0,155.0,137.0,143.0
50752,257.0,249.0,152.0,142.0
50753,240.0,154.0,136.0,137.0
50754,257.0,106.0,164.0,140.0
50755,240.0,124.0,116.0,123.0
50756,240.0,116.0,125.0,145.0
50757,259.0,142.0,157.0,153.0
50758,242.0,87.0,140.0,124.0
50759,271.0,271.0,157.0,167.0
50760,252.0,103.0,142.0,134.0
50761,252.0,212.0,138.0,154.0
50762,231.0,103.0,111.0,148.0
50763,250.0,205.0,142.0,126.0
50764,267.0,107.0,145.0,157.0
50765,247.0,109.0,131.0,149.0
50766,253.0,101.0,146.0,139.0
50767,239.0,138.0,134.0,125.0
50768,261.0,213.0,153.0,138.0
50769,249.0,136.0,123.0,136.0
50770,243.0,235.0,131.0,143.0
50771,250.0,110.0,139.0,145.0
50772,241.0,203.0,146.0,125.0
50773,257.0,141.0,139.0,146.0
50774,249.0,239.0,143.0,138.0
50775,239.0,83.0,135.0,132.0
50776,282.0,93.0,160.0,154.0
50777,245.0,119.0,132.0,144.0
50778,253.0,91.0,157.0,142.0
50779,237.0,200.0,124.0,142.0
50780,247.0,116.0,147.0,145.0
50781,263.0,122.0,149.0,135.0
50782,247.0,232.0,144.0,144.0
50783,254.0,80.0,145.0,145.0
50784,243.0,121.0,141.0,138.0
50785,246.0,121.0,143.0,137.0
50786,242.0,108.0,143.0,146.0
50787,237.0,99.0,120.0,138.0
50788,246.0,203.0,132.0,149.0
50789,252.0,223.0,132.0,130.0
50790,244.0,227.0,135.0,143.0
50791,228.0,196.0,137.0,124.0
50792,241.0,218.0,130.0,133.0
50793,239.0,114.0,135.0,122.0
50794,264.0,129.0,154.0,161.0
50795,228.0,120.0,127.0,129.0
50796,254.0,244.0,146.0,145.0
50797,247.0,237.0,139.0,146.0
50798,234.0,70.0,129.0,131.0
50799,234.0,135.0,122.0,124.0
50800,253.0,71.0,139.0,156.0
50801,256.0,212.0,158.0,136.0
50802,253.0,224.0,134.0,142.0
50803,263.0,234.0,143.0,149.0
50804,260.0,97.0,134.0,160.0
50805,248.0,207.0,148.0,135.0
50806,246.0,87.0,148.0,152.0
50807,255.0,99.0,151.0,135.0
50808,252.0,143.0,124.0,152.0
50809,249.0,211.0,147.0,153.0
50810,255.0,212.0,143.0,130.0
50811,272.0,228.0,155.0,143.0
50812,226.0,86.0,130.0,110.0
50813,257.0,108.0,146.0,141.0
50814,257.0,115.0,156.0,125.0
50815,230.0,195.0,110.0,124.0
50816,223.0,219.0,124.0,130.0
50817,254.0,117.0,140.0,144.0
50818,224.0,66.0,117.0,133.0
50819,266.0,153.0,147.0,158.0
50820,242.0,84.0,143.0,131.0
50821,244.0,116.0,136.0,148.0
50822,257.0,114.0,140.0,134.0
50823,231.0,160.0,124.0,138.0
50824,272.0,69.0,160.0,146.0
50825,240.0,110.0,128.0,128.0
50826,259.0,145.0,145.0,149.0
50827,238.0,81.0,132.0,129.0
50828,246.0,75.0,141.0,141.0
50829,245.0,121.0,132.0,128.0
50830,230.0,146.0,130.0,136.0
50831,243.0,117.0,152.0,153.0
50832,259.0,116.0,167.0,157.0
50833,290.0,110.0,163.0,160.0
50834,248.0,203.0,143.0,141.0
50835,239.0,226.0,129.0,134.0
50836,254.0,146.0,130.0,144.0
50837,254.0,87.0,157.0,152.0
50838,261.0,121.0,149.0,141.0
50839,257.0,84.0,136.0,139.0
50840,236.0,82.0,141.0,131.0
50841,274.0,136.0,155.0,147.0
50842,239.0,118.0,135.0,132.0
50843,257.0,124.0,138.0,148.0
50844,262.0,221.0,147.0,154.0
50845,270.0,255.0,153.0,157.0
50846,244.0,210.0,135.0,144.0
50847,262.0,222.0,150.0,147.0
50848,245.0,174.0,133.0,131.0
50849,232.0,103.0,132.0,131.0
50850,248.0,220.0,139.0,144.0
50851,245.0,111.0,130.0,123.0
50852,256.0,123.0,156.0,139.0
50853,251.0,68.0,143.0,145.0
50854,264.0,223.0,145.0,148.0
50855,253.0,82.0,146.0,143.0
50856,227.0,186.0,136.0,130.0
50857,265.0,224.0,158.0,133.0
50858,248.0,102.0,141.0,122.0
50859,262.0,98.0,137.0,140.0
50860,241.0,90.0,128.0,124.0
50861,248.0,164.0,132.0,139.0
50862,246.0,127.0,134.0,143.0
50863,256.0,217.0,148.0,135.0
50864,266.0,233.0,153.0,133.0
50865,280.0,143.0,164.0,160.0
50866,244.0,206.0,139.0,139.0
50867,249.0,111.0,134.0,143.0
50868,254.0,130.0,156.0,146.0
50869,257.0,241.0,156.0,152.0
50870,260.0,99.0,147.0,133.0
50871,257.0,121.0,145.0,140.0
50872,228.0,198.0,137.0,126.0
50873,270.0,241.0,167.0,152.0
50874,270.0,77.0,157.0,148.0
50875,258.0,221.0,131.0,150.0
50876,258.0,222.0,150.0,160.0
50877,231.0,93.0,127.0,124.0
50878,255.0,209.0,140.0,135.0
50879,250.0,88.0,144.0,140.0
50880,232.0,197.0,119.0,137.0
50881,266.0,147.0,144.0,143.0
50882,274.0,116.0,159.0,149.0
50883,236.0,104.0,133.0,129.0
50884,252.0,146.0,140.0,134.0
50885,236.0,117.0,127.0,135.0
50886,235.0,101.0,120.0,129.0
50887,266.0,84.0,146.0,127.0
50888,256.0,224.0,140.0,132.0
50889,254.0,246.0,127.0,149.0
50890,250.0,218.0,130.0,147.0
50891,241.0,101.0,122.0,141.0
50892,252.0,139.0,139.0,145.0
50893,254.0,109.0,140.0,142.0
50894,231.0,103.0,129.0,142.0
50895,266.0,86.0,136.0,151.0
50896,243.0,218.0,146.0,136.0
50897,270.0,93.0,152.0,146.0
50898,242.0,117.0,142.0,134.0
50899,243.0,112.0,151.0,127.0
50900,272.0,105.0,167.0,154.0
50901,246.0,201.0,144.0,143.0
50902,240.0,119.0,124.0,131.0
50903,226.0,199.0,123.0,118.0
50904,235.0,206.0,141.0,135.0
50905,256.0,214.0,157.0,145.0
50906,228.0,89.0,143.0,122.0
50907,238.0,88.0,136.0,122.0
50908,221.0,35.0,112.0,126.0
50909,231.0,86.0,131.0,132.0
50910,285.0,135.0,169.0,156.0
50911,241.0,90.0,135.0,141.0
50912,266.0,137.0,163.0,146.0
50913,237.0,70.0,135.0,135.0
50914,227.0,227.0,119.0,134.0
50915,255.0,221.0,142.0,147.0
50916,262.0,227.0,153.0,137.0
50917,273.0,97.0,158.0,137.0
50918,254.0,104.0,138.0,149.0
50919,237.0,78.0,143.0,139.0
50920,277.0,131.0,157.0,171.0
50921,246.0,66.0,129.0,136.0
50922,256.0,107.0,156.0,140.0
50923,253.0,94.0,124.0,149.0
50924,256.0,140.0,141.0,136.0
50925,235.0,204.0,117.0,129.0
50926,222.0,116.0,130.0,115.0
50927,239.0,207.0,139.0,126.0
50928,242.0,101.0,130.0,122.0
50929,256.0,138.0,135.0,143.0
50930,241.0,101.0,135.0,133.0
50931,254.0,248.0,136.0,140.0
50932,239.0,192.0,122.0,148.0
50933,233.0,112.0,133.0,134.0
50934,260.0,106.0,143.0,154.0
50935,244.0,240.0,130.0,150.0
50936,257.0,168.0,139.0,147.0
50937,242.0,131.0,136.0,144.0
50938,262.0,217.0,165.0,147.0
50939,261.0,221.0,150.0,154.0
50940,245.0,205.0,142.0,156.0
50941,229.0,122.0,140.0,128.0
50942,223.0,130.0,116.0,132.0
50943,258.0,101.0,152.0,160.0
50944,256.0,142.0,143.0,142.0
50945,244.0,128.0,146.0,138.0
50946,245.0,217.0,133.0,131.0
50947,268.0,241.0,150.0,163.0
50948,247.0,247.0,161.0,148.0
50949,247.0,215.0,127.0,117.0
50950,259.0,235.0,143.0,140.0
50951,271.0,238.0,144.0,158.0
50952,237.0,205.0,131.0,148.0
50953,278.0,254.0,146.0,171.0
50954,240.0,95.0,130.0,133.0
50955,255.0,107.0,141.0,145.0
50956,244.0,219.0,150.0,137.0
50957,252.0,115.0,133.0,151.0
50958,224.0,216.0,130.0,124.0
50959,229.0,228.0,145.0,133.0
50960,226.0,193.0,127.0,129.0
50961,260.0,81.0,144.0,148.0
50962,261.0,184.0,142.0,140.0
50963,254.0,144.0,143.0,142.0
50964,254.0,96.0,139.0,136.0
50965,254.0,187.0,142.0,144.0
50966,235.0,99.0,133.0,119.0
50967,245.0,139.0,137.0,131.0
50968,242.0,109.0,155.0,127.0
50969,227.0,104.0,119.0,128.0
50970,268.0,172.0,175.0,149.0
50971,252.0,110.0,151.0,142.0
50972,248.0,105.0,148.0,140.0
50973,258.0,97.0,142.0,148.0
50974,249.0,84.0,139.0,150.0
50975,259.0,92.0,153.0,159.0
50976,240.0,209.0,136.0,137.0
50977,252.0,134.0,133.0,130.0
50978,260.0,144.0,153.0,133.0
50979,247.0,208.0,135.0,137.0
50980,265.0,149.0,143.0,149.0
50981,280.0,124.0,160.0,161.0
50982,246.0,117.0,136.0,137.0
50983,238.0,72.0,141.0,146.0
50984,240.0,95.0,140.0,111.0
50985,266.0,116.0,152.0,146.0
50986,238.0,114.0,127.0,120.0
50987,256.0,174.0,150.0,142.0
50988,252.0,146.0,134.0,143.0
50989,247.0,148.0,134.0,125.0
50990,276.0,116.0,160.0,156.0
50991,260.0,228.0,129.0,142.0
50992,234.0,201.0,143.0,141.0
50993,241.0,65.0,137.0,132.0
50994,262.0,260.0,141.0,152.0
50995,251.0,223.0,152.0,132.0
50996,236.0,72.0,117.0,129.0
50997,233.0,205.0,123.0,133.0
50998,244.0,60.0,127.0,135.0
50999,236.0,106.0,134.0,130.0
51000,214.0,121.0,122.0,109.0
51001,276.0,238.0,157.0,168.0
51002,251.0,115.0,147.0,136.0
51003,268.0,246.0,147.0,146.0
51004,235.0,213.0,124.0,122.0
51005,239.0,227.0,127.0,134.0
51006,228.0,139.0,126.0,141.0
51007,253.0,213.0,141.0,142.0
51008,251.0,207.0,155.0,140.0
51009,253.0,228.0,134.0,134.0
51010,269.0,259.0,156.0,160.0
51011,262.0,96.0,150.0,142.0
51012,261.0,107.0,149.0,142.0
51013,293.0,148.0,180.0,189.0
51014,245.0,234.0,136.0,150.0
51015,235.0,80.0,134.0,137.0
51016,258.0,110.0,139.0,138.0
51017,255.0,100.0,146.0,147.0
51018,252.0,92.0,132.0,154.0
51019,254.0,114.0,140.0,148.0
51020,245.0,81.0,133.0,129.0
51021,259.0,99.0,138.0,132.0
51022,242.0,124.0,142.0,148.0
51023,232.0,118.0,135.0,125.0
51024,245.0,137.0,144.0,138.0
51025,261.0,229.0,141.0,148.0
51026,246.0,104.0,135.0,139.0
51027,264.0,164.0,149.0,147.0
51028,260.0,135.0,144.0,150.0
51029,252.0,116.0,127.0,139.0
51030,231.0,103.0,138.0,132.0
51031,245.0,138.0,144.0,134.0
51032,246.0,213.0,135.0,139.0
51033,219.0,92.0,111.0,115.0
51034,271.0,151.0,144.0,137.0
51035,258.0,93.0,143.0,142.0
51036,255.0,124.0,133.0,156.0
51037,275.0,127.0,160.0,153.0
51038,250.0,124.0,143.0,152.0
51039,249.0,223.0,154.0,142.0
51040,236.0,119.0,122.0,138.0
51041,223.0,72.0,130.0,136.0
51042,237.0,116.0,121.0,123.0
51043,249.0,244.0,160.0,143.0
51044,224.0,105.0,124.0,117.0
51045,242.0,197.0,129.0,123.0
51046,266.0,101.0,146.0,142.0
51047,239.0,98.0,128.0,151.0
51048,275.0,220.0,142.0,152.0
51049,223.0,92.0,120.0,133.0
51050,243.0,211.0,148.0,131.0
51051,245.0,80.0,137.0,141.0
51052,241.0,208.0,130.0,133.0
51053,254.0,75.0,154.0,152.0
51054,242.0,87.0,129.0,137.0
51055,256.0,86.0,156.0,152.0
51056,266.0,239.0,147.0,149.0
51057,258.0,136.0,142.0,150.0
51058,241.0,46.0,147.0,136.0
51059,261.0,112.0,158.0,146.0
51060,256.0,87.0,148.0,144.0
51061,241.0,221.0,135.0,134.0
51062,235.0,99.0,125.0,132.0
51063,233.0,73.0,139.0,135.0
51064,263.0,224.0,154.0,160.0
51065,256.0,95.0,145.0,149.0
51066,249.0,211.0,140.0,149.0
51067,270.0,140.0,141.0,140.0
51068,254.0,152.0,147.0,148.0
51069,259.0,244.0,130.0,160.0
51070,220.0,192.0,138.0,119.0
51071,270.0,233.0,134.0,171.0
51072,233.0,107.0,124.0,129.0
51073,247.0,137.0,126.0,133.0
51074,228.0,128.0,138.0,139.0
51075,224.0,222.0,121.0,126.0
51076,232.0,230.0,152.0,123.0
51077,234.0,212.0,123.0,121.0
51078,242.0,95.0,122.0,138.0
51079,254.0,102.0,147.0,129.0
51080,272.0,88.0,148.0,148.0
51081,287.0,120.0,150.0,164.0
51082,247.0,111.0,133.0,148.0
51083,253.0,123.0,134.0,144.0
51084,225.0,185.0,128.0,127.0
51085,267.0,155.0,156.0,156.0
51086,257.0,231.0,151.0,134.0
51087,246.0,223.0,142.0,130.0
51088,260.0,258.0,154.0,160.0
51089,246.0,244.0,134.0,145.0
51090,226.0,88.0,143.0,134.0
51091,253.0,222.0,131.0,151.0
51092,252.0,140.0,138.0,140.0
51093,258.0,105.0,134.0,146.0
51094,263.0,93.0,139.0,144.0
51095,239.0,205.0,144.0,137.0
51096,227.0,114.0,130.0,137.0
51097,260.0,217.0,140.0,142.0
51098,239.0,113.0,133.0,127.0
51099,265.0,113.0,148.0,159.0
51100,244.0,238.0,148.0,136.0
51101,249.0,188.0,142.0,137.0
51102,266.0,266.0,152.0,151.0
51103,255.0,89.0,139.0,144.0
51104,240.0,78.0,132.0,138.0
51105,244.0,86.0,132.0,143.0
51106,259.0,213.0,137.0,156.0
51107,265.0,116.0,151.0,160.0
51108,257.0,251.0,155.0,143.0
51109,248.0,223.0,150.0,139.0
51110,254.0,116.0,136.0,154.0
51111,264.0,83.0,148.0,155.0
51112,251.0,108.0,127.0,139.0
51113,267.0,68.0,141.0,151.0
51114,252.0,204.0,153.0,141.0
51115,244.0,115.0,136.0,125.0
51116,255.0,186.0,142.0,148.0
51117,236.0,215.0,136.0,119.0
51118,243.0,125.0,139.0,138.0
51119,230.0,83.0,142.0,133.0
51120,270.0,157.0,164.0,147.0
51121,278.0,153.0,155.0,152.0
51122,265.0,101.0,166.0,145.0
51123,256.0,216.0,148.0,145.0
51124,255.0,106.0,141.0,155.0
51125,251.0,95.0,145.0,133.0
51126,249.0,100.0,131.0,133.0
51127,245.0,179.0,132.0,130.0
51128,252.0,137.0,138.0,142.0
51129,236.0,204.0,133.0,140.0
51130,250.0,68.0,139.0,137.0
51131,243.0,114.0,143.0,143.0
51132,248.0,156.0,135.0,133.0
51133,259.0,166.0,137.0,122.0
51134,276.0,106.0,149.0,164.0
51135,251.0,64.0,143.0,138.0
51136,234.0,94.0,114.0,129.0
51137,228.0,201.0,131.0,141.0
51138,248.0,67.0,147.0,141.0
51139,237.0,126.0,133.0,140.0
51140,238.0,95.0,117.0,129.0
51141,258.0,254.0,135.0,156.0
51142,223.0,102.0,133.0,129.0
51143,238.0,210.0,137.0,135.0
51144,254.0,100.0,138.0,151.0
51145,249.0,76.0,140.0,139.0
51146,257.0,135.0,156.0,150.0
51147,276.0,146.0,150.0,173.0
51148,229.0,136.0,105.0,112.0
51149,235.0,116.0,125.0,134.0
51150,242.0,106.0,134.0,143.0
51151,245.0,88.0,141.0,134.0
51152,243.0,216.0,132.0,149.0
51153,260.0,125.0,143.0,123.0
51154,257.0,127.0,149.0,146.0
51155,248.0,145.0,125.0,132.0
51156,261.0,104.0,151.0,137.0
51157,252.0,228.0,131.0,143.0
51158,268.0,112.0,156.0,150.0
51159,243.0,110.0,152.0,149.0
51160,279.0,142.0,150.0,150.0
51161,271.0,238.0,166.0,150.0
51162,283.0,115.0,162.0,169.0
51163,274.0,134.0,167.0,152.0
51164,262.0,223.0,150.0,130.0
51165,238.0,131.0,131.0,138.0
51166,254.0,209.0,150.0,122.0
51167,253.0,60.0,141.0,143.0
51168,253.0,114.0,132.0,142.0
51169,253.0,212.0,155.0,151.0
51170,231.0,72.0,128.0,139.0
51171,245.0,105.0,133.0,145.0
51172,234.0,114.0,133.0,131.0
51173,253.0,241.0,147.0,146.0
51174,259.0,103.0,138.0,138.0
51175,239.0,112.0,146.0,127.0
51176,261.0,118.0,140.0,154.0
51177,261.0,139.0,148.0,152.0
51178,279.0,269.0,166.0,159.0
51179,234.0,97.0,130.0,127.0
51180,238.0,106.0,140.0,120.0
51181,240.0,231.0,138.0,133.0
51182,259.0,90.0,148.0,135.0
51183,244.0,122.0,146.0,133.0
51184,254.0,115.0,149.0,147.0
51185,263.0,120.0,156.0,151.0
51186,235.0,83.0,136.0,123.0
51187,255.0,108.0,147.0,161.0
51188,239.0,86.0,124.0,131.0
51189,248.0,204.0,147.0,125.0
51190,240.0,114.0,137.0,129.0
51191,248.0,69.0,138.0,126.0
51192,246.0,64.0,144.0,145.0
51193,255.0,108.0,154.0,125.0
51194,261.0,217.0,151.0,143.0
51195,240.0,96.0,119.0,130.0
51196,249.0,121.0,142.0,137.0
51197,236.0,124.0,136.0,133.0
51198,261.0,115.0,136.0,160.0
51199,256.0,216.0,158.0,144.0
51200,245.0,64.0,143.0,139.0
51201,261.0,222.0,143.0,147.0
51202,261.0,73.0,159.0,151.0
51203,252.0,83.0,151.0,136.0
51204,239.0,203.0,137.0,140.0
51205,250.0,146.0,143.0,130.0
51206,263.0,113.0,148.0,142.0
51207,251.0,196.0,138.0,141.0
51208,243.0,90.0,139.0,137.0
51209,239.0,207.0,142.0,137.0
51210,241.0,135.0,140.0,138.0
51211,260.0,156.0,154.0,148.0
51212,242.0,91.0,140.0,131.0
51213,244.0,86.0,135.0,145.0
51214,259.0,116.0,154.0,155.0
51215,230.0,49.0,129.0,137.0
51216,259.0,138.0,138.0,153.0
51217,253.0,242.0,135.0,141.0
51218,267.0,75.0,143.0,146.0
51219,250.0,100.0,147.0,139.0
51220,283.0,137.0,147.0,155.0
51221,251.0,222.0,142.0,136.0
51222,251.0,214.0,141.0,140.0
51223,245.0,208.0,134.0,140.0
51224,249.0,103.0,126.0,153.0
51225,231.0,199.0,135.0,133.0
51226,271.0,185.0,141.0,150.0
51227,244.0,132.0,136.0,146.0
51228,239.0,115.0,133.0,139.0
51229,248.0,105.0,131.0,142.0
51230,253.0,139.0,135.0,141.0
51231,239.0,99.0,145.0,138.0
51232,261.0,261.0,150.0,161.0
51233,234.0,82.0,143.0,147.0
51234,250.0,210.0,133.0,136.0
51235,259.0,222.0,147.0,144.0
51236,259.0,239.0,134.0,148.0
51237,269.0,130.0,159.0,151.0
51238,274.0,75.0,163.0,146.0
51239,264.0,104.0,157.0,149.0
51240,257.0,250.0,157.0,149.0
51241,258.0,103.0,147.0,137.0
51242,238.0,78.0,134.0,129.0
51243,247.0,77.0,137.0,140.0
51244,236.0,94.0,141.0,136.0
51245,258.0,135.0,153.0,143.0
51246,237.0,90.0,141.0,131.0
51247,253.0,247.0,155.0,140.0
51248,251.0,105.0,141.0,145.0
51249,291.0,115.0,164.0,152.0
51250,256.0,215.0,142.0,143.0
51251,263.0,222.0,142.0,153.0
51252,254.0,75.0,124.0,147.0
51253,234.0,104.0,150.0,117.0
51254,271.0,147.0,162.0,157.0
51255,243.0,86.0,137.0,131.0
51256,254.0,89.0,157.0,138.0
51257,245.0,127.0,121.0,147.0
51258,229.0,102.0,133.0,121.0
51259,241.0,121.0,121.0,136.0
51260,255.0,98.0,147.0,148.0
51261,233.0,205.0,146.0,128.0
51262,266.0,221.0,148.0,144.0
51263,270.0,93.0,166.0,155.0
51264,265.0,231.0,158.0,156.0
51265,242.0,110.0,136.0,135.0
51266,242.0,108.0,142.0,141.0
51267,253.0,127.0,139.0,136.0
51268,262.0,236.0,150.0,159.0
51269,250.0,78.0,163.0,121.0
51270,248.0,210.0,136.0,149.0
51271,253.0,104.0,150.0,152.0
51272,258.0,103.0,154.0,129.0
51273,240.0,181.0,131.0,143.0
51274,223.0,139.0,123.0,135.0
51275,277.0,80.0,163.0,153.0
51276,261.0,145.0,136.0,153.0
51277,235.0,208.0,141.0,134.0
51278,220.0,99.0,122.0,122.0
51279,236.0,101.0,134.0,134.0
51280,201.0,70.0,110.0,107.0
51281,247.0,55.0,137.0,117.0
51282,252.0,227.0,142.0,136.0
51283,258.0,124.0,146.0,131.0
51284,249.0,74.0,134.0,138.0
51285,250.0,205.0,128.0,154.0
51286,262.0,203.0,145.0,143.0
51287,256.0,76.0,145.0,134.0
51288,257.0,217.0,139.0,148.0
51289,235.0,161.0,133.0,127.0
51290,230.0,124.0,125.0,130.0
51291,263.0,155.0,150.0,144.0
51292,231.0,51.0,136.0,134.0
51293,264.0,93.0,150.0,159.0
51294,283.0,246.0,160.0,155.0
51295,244.0,232.0,144.0,133.0
51296,258.0,174.0,148.0,146.0
51297,245.0,96.0,137.0,116.0
51298,244.0,212.0,149.0,133.0
51299,258.0,226.0,153.0,150.0
51300,259.0,128.0,145.0,137.0
51301,273.0,99.0,167.0,147.0
51302,242.0,66.0,123.0,139.0
51303,257.0,209.0,139.0,146.0
51304,255.0,81.0,143.0,124.0
51305,255.0,77.0,132.0,146.0
51306,212.0,205.0,126.0,117.0
51307,230.0,117.0,131.0,118.0
51308,251.0,139.0,158.0,143.0
51309,255.0,225.0,154.0,140.0
51310,256.0,161.0,157.0,147.0
51311,261.0,218.0,128.0,148.0
51312,228.0,148.0,126.0,123.0
51313,232.0,91.0,127.0,119.0
51314,246.0,88.0,134.0,137.0
51315,269.0,187.0,159.0,153.0
51316,253.0,136.0,132.0,146.0
51317,231.0,97.0,144.0,126.0
51318,237.0,156.0,139.0,127.0
51319,244.0,116.0,142.0,129.0
51320,239.0,109.0,135.0,133.0
51321,275.0,232.0,154.0,151.0
51322,259.0,223.0,133.0,139.0
51323,218.0,215.0,110.0,139.0
51324,237.0,215.0,127.0,123.0
51325,244.0,83.0,146.0,138.0
51326,263.0,89.0,161.0,152.0
51327,258.0,235.0,156.0,150.0
51328,247.0,173.0,143.0,132.0
51329,257.0,143.0,133.0,158.0
51330,238.0,201.0,138.0,135.0
51331,253.0,125.0,135.0,154.0
51332,259.0,73.0,140.0,151.0
51333,254.0,249.0,136.0,142.0
51334,244.0,182.0,131.0,134.0
51335,262.0,128.0,154.0,135.0
51336,228.0,92.0,135.0,119.0
51337,252.0,118.0,144.0,141.0
51338,259.0,97.0,155.0,151.0
51339,247.0,209.0,144.0,132.0
51340,262.0,134.0,145.0,146.0
51341,249.0,47.0,143.0,148.0
51342,225.0,194.0,113.0,146.0
51343,249.0,81.0,134.0,139.0
51344,231.0,42.0,126.0,137.0
51345,245.0,103.0,130.0,135.0
51346,270.0,156.0,144.0,147.0
51347,225.0,85.0,118.0,126.0
51348,254.0,112.0,134.0,143.0
51349,236.0,178.0,144.0,132.0
51350,259.0,232.0,157.0,147.0
51351,256.0,148.0,150.0,154.0
51352,241.0,121.0,131.0,140.0
51353,268.0,97.0,135.0,145.0
51354,255.0,129.0,144.0,145.0
51355,246.0,124.0,125.0,141.0
51356,278.0,253.0,160.0,166.0
51357,242.0,112.0,140.0,123.0
51358,253.0,94.0,168.0,140.0
51359,251.0,207.0,143.0,138.0
51360,253.0,114.0,145.0,147.0
51361,246.0,213.0,145.0,133.0
51362,237.0,225.0,140.0,140.0
51363,261.0,140.0,141.0,148.0
51364,249.0,222.0,143.0,141.0
51365,254.0,221.0,149.0,140.0
51366,264.0,235.0,147.0,165.0
51367,257.0,141.0,153.0,153.0
51368,224.0,101.0,127.0,130.0
51369,245.0,91.0,135.0,141.0
51370,234.0,197.0,141.0,127.0
51371,243.0,206.0,131.0,144.0
51372,254.0,83.0,135.0,131.0
51373,240.0,73.0,135.0,135.0
51374,257.0,146.0,138.0,147.0
51375,241.0,85.0,128.0,125.0
51376,257.0,121.0,135.0,140.0
51377,263.0,233.0,161.0,152.0
51378,265.0,133.0,142.0,142.0
51379,257.0,111.0,153.0,141.0
51380,252.0,135.0,142.0,150.0
51381,249.0,81.0,135.0,137.0
51382,245.0,115.0,130.0,135.0
51383,284.0,189.0,162.0,153.0
51384,254.0,230.0,149.0,145.0
51385,291.0,244.0,163.0,156.0
51386,271.0,141.0,160.0,141.0
51387,241.0,106.0,138.0,131.0
51388,244.0,226.0,138.0,132.0
51389,249.0,226.0,142.0,140.0
51390,244.0,122.0,120.0,131.0
51391,241.0,232.0,144.0,142.0
51392,244.0,72.0,134.0,137.0
51393,223.0,121.0,119.0,128.0
51394,233.0,118.0,137.0,138.0
51395,250.0,207.0,149.0,146.0
51396,244.0,241.0,137.0,155.0
51397,259.0,78.0,144.0,133.0
51398,241.0,95.0,139.0,127.0
51399,253.0,96.0,140.0,144.0
51400,245.0,224.0,133.0,144.0
51401,242.0,104.0,160.0,133.0
51402,227.0,73.0,131.0,131.0
51403,273.0,225.0,159.0,142.0
51404,272.0,139.0,133.0,132.0
51405,283.0,106.0,157.0,150.0
51406,261.0,230.0,136.0,148.0
51407,242.0,91.0,126.0,131.0
51408,273.0,183.0,161.0,132.0
51409,248.0,95.0,131.0,136.0
51410,252.0,85.0,149.0,155.0
51411,234.0,124.0,130.0,146.0
51412,238.0,116.0,139.0,138.0
51413,230.0,197.0,139.0,126.0
51414,277.0,253.0,151.0,148.0
51415,253.0,237.0,135.0,145.0
51416,243.0,208.0,148.0,123.0
51417,248.0,101.0,131.0,133.0
51418,247.0,101.0,147.0,133.0
51419,238.0,168.0,139.0,129.0
51420,240.0,83.0,133.0,131.0
51421,269.0,105.0,135.0,140.0
51422,259.0,166.0,168.0,140.0
51423,239.0,214.0,135.0,138.0
51424,228.0,77.0,151.0,115.0
51425,256.0,218.0,159.0,137.0
51426,265.0,116.0,146.0,150.0
51427,273.0,118.0,161.0,170.0
51428,271.0,170.0,151.0,146.0
51429,233.0,192.0,133.0,147.0
51430,256.0,123.0,150.0,141.0
51431,226.0,203.0,133.0,136.0
51432,256.0,86.0,141.0,135.0
51433,254.0,82.0,149.0,142.0
51434,247.0,79.0,135.0,135.0
51435,254.0,204.0,139.0,152.0
51436,225.0,116.0,128.0,119.0
51437,269.0,142.0,157.0,148.0
51438,248.0,126.0,143.0,155.0
51439,266.0,235.0,162.0,144.0
51440,257.0,204.0,148.0,156.0
51441,255.0,124.0,158.0,149.0
51442,259.0,124.0,141.0,155.0
51443,266.0,220.0,147.0,150.0
51444,251.0,205.0,135.0,128.0
51445,236.0,120.0,126.0,128.0
51446,244.0,79.0,138.0,140.0
51447,265.0,118.0,144.0,147.0
51448,246.0,246.0,146.0,158.0
51449,252.0,121.0,143.0,135.0
51450,243.0,131.0,137.0,158.0
51451,238.0,143.0,132.0,138.0
51452,250.0,214.0,147.0,139.0
51453,263.0,261.0,161.0,155.0
51454,285.0,110.0,160.0,172.0
51455,229.0,226.0,129.0,128.0
51456,240.0,215.0,152.0,134.0
51457,281.0,246.0,152.0,148.0
51458,272.0,139.0,160.0,154.0
51459,234.0,66.0,136.0,121.0
51460,251.0,214.0,131.0,151.0
51461,268.0,87.0,151.0,130.0
51462,231.0,221.0,121.0,123.0
51463,262.0,232.0,157.0,140.0
51464,239.0,209.0,140.0,139.0
51465,241.0,129.0,138.0,130.0
51466,250.0,97.0,150.0,142.0
51467,260.0,86.0,136.0,144.0
51468,249.0,99.0,149.0,155.0
51469,252.0,131.0,151.0,144.0
51470,241.0,93.0,137.0,131.0
51471,260.0,126.0,145.0,136.0
51472,260.0,146.0,138.0,138.0
51473,234.0,211.0,108.0,131.0
51474,269.0,138.0,153.0,135.0
51475,269.0,80.0,142.0,149.0
51476,269.0,229.0,155.0,145.0
51477,269.0,63.0,156.0,159.0
51478,248.0,247.0,123.0,126.0
51479,260.0,247.0,142.0,152.0
51480,225.0,94.0,130.0,144.0
51481,243.0,218.0,135.0,142.0
51482,242.0,193.0,136.0,144.0
51483,258.0,209.0,158.0,160.0
51484,257.0,196.0,148.0,149.0
51485,235.0,89.0,132.0,142.0
51486,249.0,139.0,138.0,141.0
51487,240.0,72.0,136.0,130.0
51488,244.0,95.0,135.0,122.0
51489,251.0,219.0,141.0,140.0
51490,230.0,204.0,132.0,123.0
51491,239.0,208.0,134.0,128.0
51492,252.0,122.0,130.0,153.0
51493,242.0,213.0,128.0,139.0
51494,260.0,116.0,153.0,142.0
51495,234.0,191.0,141.0,134.0
51496,249.0,145.0,143.0,149.0
51497,244.0,74.0,124.0,135.0
51498,242.0,74.0,131.0,140.0
51499,249.0,103.0,126.0,145.0
51500,231.0,202.0,136.0,124.0
51501,244.0,74.0,145.0,145.0
51502,259.0,132.0,134.0,162.0
51503,290.0,97.0,169.0,161.0
51504,212.0,101.0,113.0,103.0
51505,250.0,83.0,142.0,131.0
51506,240.0,211.0,143.0,137.0
51507,257.0,232.0,138.0,145.0
51508,261.0,126.0,163.0,155.0
51509,256.0,116.0,134.0,134.0
51510,251.0,180.0,134.0,153.0
51511,260.0,87.0,150.0,148.0
51512,242.0,209.0,124.0,142.0
51513,244.0,105.0,144.0,136.0
51514,246.0,213.0,161.0,134.0
51515,257.0,110.0,146.0,136.0
51516,254.0,98.0,143.0,143.0
51517,256.0,104.0,139.0,131.0
51518,249.0,108.0,143.0,135.0
51519,232.0,72.0,135.0,128.0
51520,247.0,121.0,151.0,150.0
51521,254.0,166.0,136.0,135.0
51522,240.0,183.0,122.0,135.0
51523,266.0,146.0,166.0,154.0
51524,273.0,104.0,172.0,143.0
51525,237.0,105.0,128.0,139.0
51526,247.0,246.0,139.0,133.0
51527,246.0,212.0,142.0,148.0
51528,258.0,145.0,156.0,122.0
51529,273.0,119.0,160.0,142.0
51530,263.0,124.0,159.0,148.0
51531,236.0,59.0,129.0,134.0
51532,254.0,86.0,147.0,138.0
51533,248.0,118.0,149.0,137.0
51534,281.0,161.0,160.0,150.0
51535,257.0,251.0,147.0,143.0
51536,244.0,89.0,132.0,138.0
51537,264.0,119.0,138.0,148.0
51538,266.0,167.0,141.0,154.0
51539,244.0,99.0,136.0,132.0
51540,253.0,116.0,148.0,138.0
51541,237.0,56.0,140.0,119.0
51542,252.0,227.0,136.0,140.0
51543,256.0,200.0,146.0,144.0
51544,244.0,205.0,128.0,130.0
51545,232.0,122.0,134.0,144.0
51546,257.0,204.0,139.0,152.0
51547,255.0,246.0,148.0,130.0
51548,254.0,229.0,146.0,136.0
51549,241.0,88.0,141.0,144.0
51550,257.0,143.0,162.0,140.0
51551,242.0,112.0,142.0,128.0
51552,260.0,153.0,143.0,140.0
51553,265.0,101.0,153.0,160.0
51554,260.0,133.0,158.0,146.0
51555,245.0,199.0,131.0,143.0
51556,276.0,234.0,155.0,144.0
51557,247.0,84.0,134.0,133.0
51558,237.0,124.0,140.0,146.0
51559,243.0,108.0,140.0,139.0
51560,260.0,118.0,142.0,133.0
51561,268.0,75.0,150.0,159.0
51562,250.0,124.0,131.0,138.0
51563,255.0,216.0,135.0,152.0
51564,261.0,206.0,146.0,141.0
51565,266.0,144.0,152.0,159.0
51566,240.0,93.0,138.0,137.0
51567,267.0,115.0,143.0,155.0
51568,256.0,116.0,144.0,151.0
51569,222.0,133.0,126.0,134.0
51570,240.0,224.0,134.0,131.0
51571,256.0,205.0,164.0,147.0
51572,273.0,232.0,150.0,168.0
51573,252.0,245.0,153.0,151.0
51574,254.0,106.0,149.0,156.0
51575,248.0,205.0,129.0,133.0
51576,254.0,100.0,155.0,139.0
51577,254.0,102.0,142.0,149.0
51578,237.0,206.0,150.0,131.0
51579,226.0,106.0,127.0,128.0
51580,252.0,205.0,141.0,153.0
51581,249.0,154.0,142.0,146.0
51582,275.0,76.0,144.0,170.0
51583,264.0,75.0,153.0,150.0
51584,275.0,103.0,157.0,171.0
51585,268.0,124.0,155.0,132.0
51586,243.0,106.0,136.0,139.0
51587,265.0,178.0,136.0,154.0
51588,255.0,126.0,141.0,141.0
51589,247.0,119.0,130.0,137.0
51590,263.0,106.0,163.0,141.0
51591,275.0,80.0,167.0,155.0
51592,256.0,113.0,147.0,150.0
51593,263.0,226.0,161.0,132.0
51594,256.0,99.0,140.0,145.0
51595,263.0,103.0,157.0,161.0
51596,261.0,96.0,138.0,155.0
51597,240.0,99.0,126.0,146.0
51598,252.0,67.0,132.0,136.0
51599,249.0,204.0,132.0,144.0
51600,251.0,117.0,153.0,144.0
51601,253.0,211.0,137.0,147.0
51602,243.0,201.0,133.0,143.0
51603,240.0,219.0,125.0,138.0
51604,276.0,108.0,133.0,144.0
51605,248.0,209.0,138.0,134.0
51606,260.0,133.0,149.0,144.0
51607,248.0,215.0,138.0,145.0
51608,257.0,225.0,144.0,149.0
51609,252.0,119.0,126.0,135.0
51610,233.0,183.0,131.0,131.0
51611,233.0,133.0,149.0,142.0
51612,243.0,200.0,128.0,117.0
51613,240.0,197.0,118.0,120.0
51614,232.0,221.0,140.0,131.0
51615,255.0,76.0,149.0,138.0
51616,246.0,222.0,130.0,139.0
51617,262.0,57.0,159.0,151.0
51618,258.0,219.0,161.0,126.0
51619,244.0,235.0,147.0,143.0
51620,255.0,209.0,153.0,146.0
51621,243.0,77.0,150.0,131.0
51622,258.0,232.0,130.0,147.0
51623,264.0,114.0,150.0,148.0
51624,252.0,159.0,140.0,139.0
51625,231.0,187.0,132.0,128.0
51626,274.0,97.0,151.0,156.0
51627,230.0,84.0,140.0,132.0
51628,261.0,233.0,160.0,143.0
51629,221.0,87.0,120.0,117.0
51630,263.0,99.0,134.0,155.0
51631,260.0,132.0,145.0,156.0
51632,259.0,227.0,154.0,128.0
51633,262.0,158.0,143.0,148.0
51634,227.0,196.0,130.0,123.0
51635,250.0,106.0,147.0,144.0
51636,266.0,230.0,158.0,151.0
51637,272.0,114.0,162.0,158.0
51638,250.0,136.0,147.0,125.0
51639,241.0,78.0,133.0,136.0
51640,229.0,221.0,149.0,130.0
51641,232.0,107.0,136.0,122.0
51642,262.0,219.0,159.0,153.0
51643,274.0,119.0,137.0,144.0
51644,229.0,147.0,115.0,145.0
51645,254.0,136.0,156.0,148.0
51646,244.0,239.0,151.0,154.0
51647,260.0,242.0,161.0,151.0
51648,276.0,143.0,148.0,159.0
51649,256.0,211.0,153.0,137.0
51650,245.0,76.0,137.0,136.0
51651,265.0,98.0,171.0,147.0
51652,254.0,121.0,133.0,146.0
51653,253.0,242.0,148.0,158.0
51654,257.0,105.0,147.0,142.0
51655,222.0,122.0,116.0,128.0
51656,253.0,217.0,146.0,135.0
51657,264.0,78.0,151.0,134.0
51658,254.0,195.0,150.0,146.0
51659,255.0,110.0,138.0,127.0
51660,260.0,102.0,139.0,149.0
51661,219.0,207.0,113.0,121.0
51662,254.0,164.0,155.0,141.0
51663,255.0,100.0,131.0,126.0
51664,248.0,172.0,150.0,138.0
51665,267.0,199.0,139.0,144.0
51666,257.0,150.0,136.0,141.0
51667,248.0,204.0,137.0,130.0
51668,254.0,210.0,137.0,128.0
51669,247.0,227.0,137.0,141.0
51670,246.0,111.0,149.0,144.0
51671,257.0,101.0,137.0,153.0
51672,260.0,125.0,149.0,143.0
51673,252.0,113.0,146.0,146.0
51674,260.0,221.0,133.0,145.0
51675,272.0,243.0,166.0,147.0
51676,238.0,125.0,127.0,157.0
51677,237.0,89.0,131.0,127.0
51678,250.0,145.0,146.0,142.0
51679,247.0,90.0,119.0,142.0
51680,262.0,100.0,127.0,138.0
51681,238.0,100.0,143.0,126.0
51682,277.0,85.0,155.0,161.0
51683,254.0,125.0,166.0,148.0
51684,250.0,128.0,142.0,142.0
51685,247.0,107.0,154.0,132.0
51686,253.0,131.0,138.0,154.0
51687,282.0,247.0,158.0,159.0
51688,263.0,82.0,132.0,155.0
51689,255.0,228.0,147.0,133.0
51690,258.0,232.0,149.0,139.0
51691,276.0,156.0,162.0,157.0
51692,266.0,150.0,141.0,155.0
51693,253.0,100.0,145.0,153.0
51694,275.0,95.0,153.0,174.0
51695,246.0,104.0,144.0,136.0
51696,254.0,103.0,134.0,141.0
51697,230.0,205.0,130.0,137.0
51698,251.0,205.0,147.0,149.0
51699,242.0,150.0,127.0,127.0
51700,248.0,206.0,140.0,144.0
51701,250.0,90.0,146.0,139.0
51702,252.0,215.0,141.0,147.0
51703,266.0,228.0,133.0,148.0
51704,252.0,140.0,145.0,127.0
51705,233.0,193.0,151.0,133.0
51706,253.0,73.0,147.0,145.0
51707,247.0,216.0,140.0,135.0
51708,293.0,137.0,175.0,174.0
51709,248.0,224.0,140.0,136.0
51710,278.0,86.0,143.0,148.0
51711,232.0,128.0,134.0,134.0
51712,242.0,206.0,136.0,126.0
51713,236.0,203.0,136.0,145.0
51714,258.0,225.0,141.0,162.0
51715,254.0,84.0,123.0,144.0
51716,241.0,206.0,139.0,137.0
51717,273.0,239.0,142.0,144.0
51718,254.0,167.0,144.0,135.0
51719,267.0,230.0,160.0,145.0
51720,283.0,128.0,159.0,167.0
51721,244.0,212.0,134.0,139.0
51722,276.0,231.0,145.0,161.0
51723,256.0,165.0,136.0,140.0
51724,268.0,121.0,158.0,157.0
51725,237.0,119.0,121.0,132.0
51726,264.0,108.0,161.0,145.0
51727,224.0,133.0,148.0,120.0
51728,285.0,246.0,157.0,181.0
51729,243.0,202.0,132.0,143.0
51730,255.0,214.0,143.0,149.0
51731,251.0,228.0,130.0,135.0
51732,277.0,98.0,164.0,164.0
51733,246.0,103.0,123.0,153.0
51734,236.0,108.0,137.0,137.0
51735,232.0,111.0,125.0,123.0
51736,251.0,235.0,151.0,134.0
51737,269.0,116.0,145.0,147.0
51738,235.0,230.0,137.0,138.0
51739,260.0,108.0,144.0,142.0
51740,265.0,56.0,137.0,141.0
51741,249.0,151.0,137.0,150.0
51742,246.0,94.0,134.0,147.0
51743,268.0,199.0,141.0,151.0
51744,268.0,132.0,158.0,129.0
51745,260.0,102.0,150.0,159.0
51746,233.0,68.0,129.0,126.0
51747,231.0,116.0,132.0,126.0
51748,263.0,76.0,149.0,160.0
51749,251.0,121.0,140.0,137.0
51750,229.0,121.0,115.0,130.0
51751,255.0,123.0,137.0,150.0
51752,258.0,218.0,150.0,143.0
51753,256.0,95.0,150.0,138.0
51754,264.0,127.0,148.0,138.0
51755,246.0,93.0,127.0,130.0
51756,256.0,122.0,131.0,154.0
51757,282.0,106.0,152.0,152.0
51758,229.0,207.0,127.0,143.0
51759,258.0,242.0,148.0,143.0
51760,229.0,111.0,117.0,134.0
51761,256.0,80.0,172.0,136.0
51762,259.0,143.0,147.0,141.0
51763,249.0,65.0,136.0,139.0
51764,260.0,115.0,158.0,131.0
51765,263.0,102.0,146.0,147.0
51766,215.0,85.0,127.0,133.0
51767,272.0,257.0,163.0,160.0
51768,265.0,243.0,156.0,131.0
51769,267.0,97.0,150.0,144.0
51770,260.0,209.0,143.0,137.0
51771,251.0,117.0,135.0,131.0
51772,251.0,112.0,149.0,148.0
51773,259.0,111.0,153.0,144.0
51774,248.0,145.0,144.0,142.0
51775,243.0,116.0,141.0,140.0
51776,229.0,125.0,131.0,137.0
51777,241.0,127.0,124.0,147.0
51778,245.0,114.0,148.0,152.0
51779,243.0,86.0,144.0,150.0
51780,271.0,178.0,139.0,144.0
51781,259.0,107.0,145.0,153.0
51782,247.0,127.0,139.0,140.0
51783,221.0,104.0,126.0,122.0
51784,255.0,247.0,164.0,152.0
51785,245.0,132.0,135.0,138.0
51786,245.0,108.0,139.0,142.0
51787,251.0,159.0,139.0,146.0
51788,258.0,92.0,147.0,157.0
51789,251.0,129.0,142.0,121.0
51790,259.0,108.0,160.0,146.0
51791,260.0,178.0,135.0,152.0
51792,235.0,117.0,147.0,126.0
51793,256.0,103.0,135.0,141.0
51794,239.0,185.0,141.0,131.0
51795,263.0,247.0,147.0,152.0
51796,225.0,75.0,146.0,119.0
51797,252.0,131.0,130.0,143.0
51798,246.0,200.0,139.0,137.0
51799,233.0,208.0,137.0,139.0
51800,240.0,80.0,146.0,126.0
51801,239.0,126.0,142.0,128.0
51802,253.0,173.0,153.0,140.0
51803,246.0,102.0,130.0,139.0
51804,279.0,117.0,156.0,161.0
51805,254.0,89.0,140.0,157.0
51806,253.0,99.0,143.0,128.0
51807,253.0,130.0,151.0,144.0
51808,262.0,130.0,142.0,144.0
51809,230.0,116.0,131.0,145.0
51810,284.0,102.0,171.0,168.0
51811,269.0,116.0,147.0,156.0
51812,247.0,210.0,130.0,134.0
51813,240.0,133.0,134.0,136.0
51814,261.0,253.0,149.0,152.0
51815,240.0,216.0,125.0,131.0
51816,240.0,85.0,133.0,137.0
51817,262.0,77.0,157.0,160.0
51818,256.0,120.0,152.0,152.0
51819,261.0,111.0,151.0,136.0
51820,270.0,73.0,160.0,147.0
51821,253.0,65.0,136.0,151.0
51822,249.0,86.0,136.0,133.0
51823,233.0,86.0,140.0,129.0
51824,237.0,96.0,136.0,122.0
51825,254.0,243.0,147.0,161.0
51826,239.0,142.0,125.0,129.0
51827,272.0,147.0,157.0,154.0
51828,244.0,113.0,130.0,143.0
51829,254.0,146.0,144.0,151.0
51830,265.0,227.0,132.0,149.0
51831,249.0,87.0,131.0,144.0
51832,246.0,235.0,149.0,145.0
51833,252.0,114.0,136.0,145.0
51834,257.0,234.0,148.0,156.0
51835,255.0,71.0,152.0,161.0
51836,264.0,101.0,150.0,149.0
51837,263.0,166.0,149.0,134.0
51838,226.0,95.0,117.0,116.0
51839,263.0,99.0,138.0,157.0
51840,258.0,173.0,157.0,139.0
51841,255.0,106.0,146.0,148.0
51842,253.0,90.0,147.0,145.0
51843,246.0,205.0,148.0,127.0
51844,250.0,249.0,129.0,143.0
51845,266.0,218.0,156.0,155.0
51846,244.0,125.0,151.0,135.0
51847,247.0,138.0,148.0,141.0
51848,237.0,130.0,139.0,129.0
51849,224.0,113.0,103.0,117.0
51850,256.0,142.0,138.0,152.0
51851,251.0,211.0,150.0,139.0
51852,251.0,103.0,142.0,137.0
51853,221.0,79.0,127.0,118.0
51854,275.0,240.0,163.0,161.0
51855,246.0,131.0,128.0,134.0
51856,255.0,217.0,131.0,147.0
51857,240.0,201.0,140.0,139.0
51858,270.0,224.0,165.0,151.0
51859,218.0,106.0,123.0,135.0
51860,249.0,171.0,150.0,142.0
51861,234.0,213.0,138.0,113.0
51862,232.0,127.0,124.0,125.0
51863,273.0,263.0,159.0,150.0
51864,263.0,121.0,145.0,152.0
51865,244.0,103.0,135.0,137.0
51866,257.0,115.0,144.0,145.0
51867,238.0,89.0,136.0,139.0
51868,252.0,119.0,137.0,143.0
51869,250.0,200.0,138.0,127.0
51870,244.0,77.0,129.0,148.0
51871,278.0,134.0,159.0,161.0
51872,238.0,231.0,123.0,136.0
51873,235.0,127.0,109.0,122.0
51874,272.0,118.0,155.0,132.0
51875,260.0,113.0,156.0,145.0
51876,247.0,138.0,128.0,140.0
51877,242.0,217.0,134.0,150.0
51878,257.0,229.0,130.0,139.0
51879,275.0,247.0,154.0,150.0
51880,227.0,134.0,118.0,130.0
51881,231.0,118.0,122.0,138.0
51882,246.0,101.0,146.0,144.0
51883,247.0,116.0,138.0,142.0
51884,246.0,112.0,150.0,144.0
51885,245.0,153.0,121.0,142.0
51886,249.0,113.0,149.0,136.0
51887,250.0,92.0,136.0,150.0
51888,243.0,199.0,141.0,122.0
51889,223.0,190.0,120.0,127.0
51890,234.0,206.0,118.0,143.0
51891,255.0,238.0,139.0,146.0
51892,234.0,73.0,132.0,128.0
51893,252.0,93.0,142.0,138.0
51894,258.0,241.0,143.0,126.0
51895,258.0,88.0,147.0,140.0
51896,248.0,99.0,142.0,156.0
51897,263.0,195.0,146.0,155.0
51898,265.0,169.0,145.0,156.0
51899,257.0,95.0,146.0,143.0
51900,267.0,102.0,142.0,137.0
51901,242.0,86.0,140.0,128.0
51902,272.0,252.0,147.0,166.0
51903,243.0,207.0,126.0,130.0
51904,291.0,106.0,150.0,143.0
51905,267.0,216.0,143.0,145.0
51906,236.0,130.0,133.0,127.0
51907,244.0,108.0,150.0,134.0
51908,262.0,254.0,151.0,159.0
51909,240.0,104.0,122.0,144.0
51910,244.0,220.0,148.0,121.0
51911,254.0,82.0,140.0,142.0
51912,266.0,141.0,150.0,146.0
51913,229.0,76.0,118.0,124.0
51914,221.0,118.0,117.0,123.0
51915,251.0,96.0,131.0,139.0
51916,267.0,69.0,157.0,155.0
51917,247.0,124.0,136.0,125.0
51918,260.0,127.0,136.0,150.0
51919,243.0,211.0,132.0,136.0
51920,257.0,143.0,150.0,127.0
51921,282.0,129.0,142.0,168.0
51922,255.0,101.0,135.0,133.0
51923,239.0,140.0,135.0,142.0
51924,245.0,115.0,155.0,140.0
51925,243.0,222.0,129.0,140.0
51926,234.0,213.0,129.0,120.0
51927,260.0,220.0,148.0,136.0
51928,274.0,139.0,148.0,158.0
51929,260.0,76.0,147.0,143.0
51930,249.0,88.0,136.0,139.0
51931,226.0,92.0,118.0,108.0
51932,241.0,124.0,142.0,147.0
51933,277.0,119.0,148.0,149.0
51934,235.0,114.0,131.0,132.0
51935,245.0,97.0,144.0,140.0
51936,266.0,104.0,144.0,157.0
51937,262.0,132.0,136.0,145.0
51938,248.0,121.0,148.0,153.0
51939,268.0,63.0,159.0,151.0
51940,245.0,238.0,151.0,145.0
51941,249.0,204.0,141.0,144.0
51942,271.0,157.0,147.0,169.0
51943,250.0,100.0,147.0,136.0
51944,236.0,83.0,118.0,141.0
51945,267.0,132.0,158.0,136.0
51946,270.0,115.0,148.0,155.0
51947,238.0,119.0,123.0,124.0
51948,263.0,54.0,152.0,146.0
51949,268.0,124.0,143.0,145.0
51950,256.0,101.0,142.0,149.0
51951,233.0,119.0,133.0,132.0
51952,258.0,131.0,171.0,132.0
51953,250.0,63.0,133.0,130.0
51954,250.0,215.0,145.0,136.0
51955,255.0,143.0,146.0,145.0
51956,234.0,89.0,125.0,130.0
51957,251.0,237.0,152.0,146.0
51958,247.0,98.0,135.0,142.0
51959,246.0,130.0,139.0,144.0
51960,244.0,122.0,129.0,125.0
51961,246.0,210.0,163.0,146.0
51962,237.0,126.0,134.0,133.0
51963,249.0,122.0,152.0,141.0
51964,250.0,214.0,139.0,140.0
51965,279.0,89.0,174.0,156.0
51966,248.0,208.0,129.0,145.0
51967,232.0,138.0,130.0,135.0
51968,256.0,199.0,143.0,145.0
51969,253.0,248.0,152.0,142.0
51970,237.0,113.0,139.0,135.0
51971,278.0,80.0,158.0,143.0
51972,228.0,181.0,119.0,127.0
51973,295.0,129.0,171.0,159.0
51974,228.0,112.0,123.0,128.0
51975,241.0,91.0,132.0,115.0
51976,277.0,95.0,162.0,162.0
51977,241.0,231.0,137.0,133.0
51978,234.0,181.0,141.0,127.0
51979,257.0,251.0,162.0,154.0
51980,256.0,142.0,143.0,131.0
51981,261.0,124.0,152.0,137.0
51982,224.0,197.0,133.0,120.0
51983,257.0,102.0,154.0,156.0
51984,271.0,135.0,148.0,153.0
51985,300.0,86.0,187.0,176.0
51986,259.0,136.0,148.0,124.0
51987,246.0,219.0,147.0,133.0
51988,270.0,226.0,150.0,165.0
51989,249.0,219.0,151.0,151.0
51990,242.0,212.0,140.0,130.0
51991,255.0,106.0,148.0,145.0
51992,255.0,139.0,153.0,143.0
51993,263.0,116.0,131.0,154.0
51994,262.0,230.0,141.0,154.0
51995,253.0,119.0,125.0,149.0
51996,260.0,116.0,141.0,133.0
51997,236.0,196.0,140.0,136.0
51998,265.0,184.0,145.0,153.0
51999,264.0,221.0,158.0,141.0
52000,250.0,208.0,138.0,135.0
52001,275.0,232.0,167.0,158.0
52002,247.0,204.0,152.0,143.0
52003,236.0,104.0,139.0,124.0
52004,257.0,217.0,132.0,147.0
52005,235.0,94.0,134.0,125.0
52006,230.0,115.0,129.0,132.0
52007,276.0,174.0,152.0,158.0
52008,254.0,125.0,146.0,156.0
52009,259.0,259.0,152.0,142.0
52010,233.0,228.0,131.0,130.0
52011,257.0,112.0,158.0,159.0
52012,255.0,181.0,151.0,148.0
52013,243.0,163.0,140.0,144.0
52014,261.0,115.0,135.0,156.0
52015,266.0,113.0,152.0,161.0
52016,219.0,66.0,107.0,124.0
52017,252.0,245.0,143.0,137.0
52018,249.0,114.0,148.0,147.0
52019,219.0,84.0,122.0,117.0
52020,242.0,111.0,146.0,142.0
52021,267.0,76.0,141.0,128.0
52022,231.0,102.0,135.0,134.0
52023,253.0,243.0,159.0,159.0
52024,269.0,136.0,154.0,151.0
52025,265.0,158.0,160.0,141.0
52026,224.0,105.0,122.0,124.0
52027,275.0,121.0,157.0,152.0
52028,272.0,144.0,166.0,154.0
52029,228.0,114.0,121.0,149.0
52030,264.0,94.0,162.0,131.0
52031,256.0,214.0,140.0,136.0
52032,254.0,145.0,149.0,147.0
52033,255.0,125.0,140.0,151.0
52034,256.0,76.0,153.0,150.0
52035,277.0,146.0,161.0,162.0
52036,245.0,102.0,151.0,129.0
52037,223.0,194.0,130.0,123.0
52038,268.0,239.0,140.0,136.0
52039,224.0,112.0,113.0,117.0
52040,229.0,215.0,135.0,132.0
52041,229.0,62.0,132.0,125.0
52042,244.0,107.0,131.0,136.0
52043,240.0,205.0,127.0,140.0
52044,265.0,242.0,147.0,145.0
52045,262.0,122.0,147.0,146.0
52046,249.0,94.0,147.0,137.0
52047,240.0,163.0,150.0,140.0
52048,242.0,191.0,144.0,147.0
52049,272.0,158.0,154.0,159.0
52050,241.0,79.0,123.0,132.0
52051,250.0,209.0,131.0,130.0
52052,257.0,130.0,131.0,143.0
52053,263.0,229.0,145.0,154.0
52054,246.0,96.0,161.0,123.0
52055,229.0,88.0,125.0,133.0
52056,244.0,238.0,137.0,149.0
52057,231.0,128.0,131.0,131.0
52058,267.0,250.0,148.0,161.0
52059,255.0,112.0,148.0,139.0
52060,234.0,108.0,115.0,143.0
52061,235.0,228.0,137.0,144.0
52062,237.0,92.0,128.0,127.0
52063,243.0,208.0,130.0,141.0
52064,268.0,138.0,148.0,178.0
52065,251.0,112.0,147.0,134.0
52066,262.0,124.0,151.0,152.0
52067,261.0,102.0,146.0,147.0
52068,241.0,84.0,130.0,132.0
52069,270.0,91.0,147.0,151.0
52070,250.0,167.0,143.0,135.0
52071,244.0,77.0,140.0,148.0
52072,246.0,209.0,128.0,144.0
52073,262.0,102.0,145.0,139.0
52074,257.0,226.0,163.0,138.0
52075,228.0,75.0,111.0,133.0
52076,261.0,157.0,145.0,144.0
52077,250.0,75.0,151.0,146.0
52078,262.0,106.0,142.0,149.0
52079,240.0,97.0,138.0,128.0
52080,270.0,78.0,135.0,151.0
52081,252.0,115.0,153.0,127.0
52082,263.0,118.0,159.0,158.0
52083,248.0,158.0,128.0,139.0
52084,248.0,95.0,137.0,142.0
52085,273.0,258.0,153.0,154.0
52086,231.0,97.0,126.0,151.0
52087,263.0,222.0,142.0,149.0
52088,263.0,78.0,146.0,149.0
52089,243.0,197.0,130.0,144.0
52090,254.0,137.0,156.0,152.0
52091,237.0,79.0,131.0,139.0
52092,248.0,159.0,150.0,131.0
52093,231.0,217.0,119.0,120.0
52094,231.0,206.0,125.0,112.0
52095,241.0,129.0,139.0,132.0
52096,244.0,240.0,131.0,126.0
52097,235.0,205.0,139.0,132.0
52098,250.0,209.0,151.0,122.0
52099,264.0,119.0,146.0,154.0
52100,278.0,103.0,153.0,157.0
52101,267.0,90.0,161.0,156.0
52102,240.0,120.0,130.0,145.0
52103,254.0,226.0,134.0,147.0
52104,271.0,244.0,167.0,142.0
52105,255.0,117.0,141.0,138.0
52106,266.0,97.0,141.0,162.0
52107,253.0,98.0,134.0,142.0
52108,233.0,128.0,136.0,130.0
52109,267.0,85.0,163.0,143.0
52110,243.0,62.0,154.0,116.0
52111,234.0,61.0,138.0,135.0
52112,248.0,74.0,144.0,124.0
52113,262.0,106.0,145.0,136.0
52114,247.0,93.0,142.0,141.0
52115,237.0,109.0,124.0,158.0
52116,236.0,230.0,130.0,149.0
52117,231.0,139.0,133.0,121.0
52118,266.0,120.0,154.0,153.0
52119,246.0,176.0,140.0,135.0
52120,241.0,208.0,142.0,146.0
52121,216.0,87.0,124.0,123.0
52122,270.0,117.0,145.0,141.0
52123,256.0,219.0,141.0,141.0
52124,265.0,116.0,144.0,139.0
52125,231.0,89.0,124.0,124.0
52126,265.0,132.0,157.0,168.0
52127,266.0,238.0,133.0,156.0
52128,244.0,216.0,138.0,135.0
52129,268.0,141.0,147.0,154.0
52130,257.0,135.0,138.0,151.0
52131,246.0,64.0,129.0,123.0
52132,240.0,222.0,133.0,149.0
52133,251.0,101.0,142.0,121.0
52134,251.0,216.0,134.0,149.0
52135,264.0,148.0,130.0,152.0
52136,245.0,217.0,139.0,139.0
52137,246.0,115.0,149.0,131.0
52138,236.0,202.0,139.0,140.0
52139,258.0,106.0,147.0,142.0
52140,255.0,255.0,157.0,154.0
52141,246.0,207.0,148.0,128.0
52142,250.0,100.0,149.0,148.0
52143,228.0,93.0,123.0,129.0
52144,228.0,154.0,126.0,139.0
52145,250.0,159.0,139.0,133.0
52146,251.0,144.0,148.0,147.0
52147,260.0,252.0,139.0,148.0
52148,232.0,78.0,137.0,133.0
52149,273.0,157.0,141.0,145.0
52150,218.0,114.0,131.0,124.0
52151,245.0,78.0,138.0,130.0
52152,269.0,152.0,155.0,155.0
52153,241.0,103.0,142.0,126.0
52154,279.0,117.0,154.0,152.0
52155,267.0,217.0,153.0,135.0
52156,254.0,219.0,151.0,142.0
52157,254.0,226.0,138.0,136.0
52158,262.0,97.0,143.0,148.0
52159,268.0,245.0,127.0,157.0
52160,234.0,211.0,108.0,128.0
52161,245.0,206.0,138.0,130.0
52162,259.0,117.0,144.0,153.0
52163,259.0,254.0,145.0,136.0
52164,251.0,121.0,149.0,140.0
52165,229.0,128.0,126.0,135.0
52166,249.0,95.0,133.0,137.0
52167,221.0,186.0,115.0,129.0
52168,226.0,191.0,126.0,117.0
52169,245.0,142.0,133.0,139.0
52170,257.0,209.0,146.0,138.0
52171,256.0,208.0,130.0,134.0
52172,246.0,246.0,144.0,136.0
52173,256.0,63.0,128.0,146.0
52174,266.0,262.0,139.0,144.0
52175,251.0,113.0,136.0,148.0
52176,233.0,136.0,118.0,109.0
52177,255.0,105.0,147.0,125.0
52178,239.0,83.0,142.0,134.0
52179,228.0,86.0,147.0,124.0
52180,225.0,95.0,136.0,116.0
52181,226.0,76.0,126.0,128.0
52182,253.0,212.0,131.0,141.0
52183,248.0,120.0,124.0,137.0
52184,250.0,209.0,133.0,132.0
52185,258.0,132.0,146.0,144.0
52186,226.0,196.0,135.0,127.0
52187,256.0,90.0,151.0,128.0
52188,267.0,221.0,165.0,156.0
52189,258.0,165.0,149.0,147.0
52190,245.0,96.0,137.0,135.0
52191,263.0,95.0,143.0,150.0
52192,243.0,107.0,135.0,139.0
52193,266.0,75.0,142.0,154.0
52194,233.0,73.0,130.0,133.0
52195,229.0,125.0,129.0,119.0
52196,267.0,121.0,150.0,142.0
52197,259.0,103.0,147.0,152.0
52198,251.0,136.0,151.0,135.0
52199,230.0,54.0,118.0,144.0
52200,234.0,105.0,131.0,130.0
52201,240.0,93.0,132.0,138.0
52202,232.0,141.0,127.0,127.0
52203,261.0,226.0,140.0,142.0
52204,270.0,230.0,165.0,142.0
52205,239.0,78.0,128.0,137.0
52206,248.0,67.0,146.0,137.0
52207,246.0,209.0,140.0,130.0
52208,252.0,114.0,134.0,128.0
52209,262.0,142.0,148.0,158.0
52210,250.0,105.0,143.0,135.0
52211,268.0,99.0,155.0,148.0
52212,260.0,231.0,150.0,137.0
52213,267.0,231.0,148.0,151.0
52214,255.0,151.0,144.0,130.0
52215,249.0,75.0,140.0,134.0
52216,237.0,117.0,137.0,146.0
52217,257.0,72.0,129.0,145.0
52218,268.0,118.0,157.0,160.0
52219,244.0,204.0,137.0,117.0
52220,271.0,96.0,153.0,144.0
52221,251.0,217.0,144.0,149.0
52222,231.0,123.0,137.0,141.0
52223,231.0,121.0,127.0,131.0
52224,245.0,173.0,134.0,134.0
52225,255.0,119.0,148.0,146.0
52226,241.0,66.0,139.0,132.0
52227,264.0,129.0,137.0,151.0
52228,254.0,216.0,135.0,157.0
52229,268.0,133.0,154.0,142.0
52230,252.0,219.0,143.0,136.0
52231,264.0,210.0,153.0,154.0
52232,252.0,131.0,153.0,133.0
52233,248.0,85.0,135.0,142.0
52234,227.0,105.0,115.0,124.0
52235,256.0,87.0,133.0,148.0
52236,234.0,227.0,151.0,145.0
52237,252.0,213.0,139.0,144.0
52238,274.0,131.0,164.0,144.0
52239,248.0,148.0,142.0,139.0
52240,232.0,101.0,147.0,130.0
52241,259.0,220.0,150.0,147.0
52242,265.0,64.0,145.0,150.0
52243,243.0,106.0,135.0,140.0
52244,243.0,118.0,140.0,123.0
52245,243.0,108.0,127.0,127.0
52246,221.0,78.0,132.0,133.0
52247,237.0,102.0,134.0,130.0
52248,242.0,102.0,128.0,133.0
52249,251.0,238.0,138.0,155.0
52250,287.0,266.0,150.0,162.0
52251,233.0,201.0,137.0,127.0
52252,257.0,234.0,138.0,134.0
52253,263.0,235.0,145.0,147.0
52254,249.0,242.0,144.0,142.0
52255,233.0,225.0,141.0,150.0
52256,271.0,236.0,146.0,151.0
52257,246.0,244.0,137.0,139.0
52258,246.0,92.0,131.0,130.0
52259,244.0,135.0,149.0,139.0
52260,242.0,203.0,129.0,140.0
52261,242.0,75.0,140.0,136.0
52262,243.0,137.0,133.0,135.0
52263,254.0,110.0,134.0,141.0
52264,248.0,239.0,148.0,161.0
52265,261.0,234.0,143.0,155.0
52266,271.0,122.0,161.0,161.0
52267,263.0,104.0,147.0,145.0
52268,239.0,228.0,148.0,143.0
52269,239.0,134.0,135.0,123.0
52270,238.0,72.0,146.0,147.0
52271,240.0,108.0,130.0,145.0
52272,232.0,191.0,117.0,140.0
52273,262.0,154.0,149.0,156.0
52274,246.0,236.0,136.0,136.0
52275,251.0,158.0,137.0,152.0
52276,242.0,237.0,133.0,143.0
52277,243.0,146.0,146.0,141.0
52278,240.0,179.0,126.0,135.0
52279,245.0,102.0,141.0,138.0
52280,246.0,76.0,135.0,126.0
52281,250.0,79.0,134.0,143.0
52282,240.0,200.0,129.0,139.0
52283,247.0,114.0,136.0,142.0
52284,267.0,116.0,146.0,154.0
52285,252.0,241.0,143.0,151.0
52286,226.0,215.0,137.0,132.0
52287,263.0,145.0,157.0,158.0
52288,223.0,97.0,131.0,126.0
52289,230.0,153.0,136.0,133.0
52290,242.0,98.0,139.0,127.0
52291,242.0,64.0,139.0,139.0
52292,261.0,104.0,167.0,155.0
52293,245.0,116.0,135.0,137.0
52294,257.0,142.0,145.0,137.0
52295,276.0,135.0,165.0,162.0
52296,224.0,198.0,127.0,127.0
52297,262.0,227.0,144.0,147.0
52298,226.0,129.0,128.0,130.0
52299,246.0,139.0,143.0,144.0
52300,243.0,89.0,133.0,136.0
52301,270.0,127.0,151.0,145.0
52302,227.0,106.0,139.0,114.0
52303,255.0,220.0,142.0,139.0
52304,235.0,110.0,141.0,124.0
52305,244.0,96.0,146.0,131.0
52306,236.0,124.0,135.0,140.0
52307,244.0,79.0,140.0,138.0
52308,258.0,212.0,125.0,140.0
52309,266.0,54.0,162.0,151.0
52310,231.0,139.0,115.0,135.0
52311,261.0,148.0,149.0,145.0
52312,259.0,87.0,142.0,154.0
52313,257.0,154.0,148.0,140.0
52314,244.0,87.0,139.0,129.0
52315,272.0,121.0,162.0,152.0
52316,249.0,219.0,146.0,151.0
52317,252.0,156.0,145.0,140.0
52318,269.0,231.0,160.0,141.0
52319,256.0,145.0,161.0,144.0
52320,238.0,137.0,141.0,122.0
52321,248.0,77.0,135.0,140.0
52322,251.0,208.0,166.0,130.0
52323,278.0,133.0,169.0,162.0
52324,234.0,131.0,126.0,131.0
52325,256.0,151.0,140.0,143.0
52326,267.0,133.0,151.0,144.0
52327,242.0,217.0,130.0,129.0
52328,273.0,106.0,149.0,150.0
52329,224.0,118.0,131.0,139.0
52330,270.0,130.0,176.0,155.0
52331,236.0,221.0,144.0,117.0
52332,257.0,213.0,152.0,157.0
52333,250.0,227.0,122.0,139.0
52334,228.0,191.0,115.0,121.0
52335,237.0,90.0,146.0,120.0
52336,262.0,120.0,149.0,151.0
52337,249.0,249.0,147.0,153.0
52338,257.0,132.0,140.0,146.0
52339,249.0,164.0,141.0,141.0
52340,242.0,216.0,141.0,153.0
52341,233.0,123.0,129.0,145.0
52342,243.0,218.0,132.0,131.0
52343,256.0,109.0,152.0,148.0
52344,269.0,216.0,142.0,148.0
52345,240.0,104.0,135.0,132.0
52346,237.0,126.0,142.0,137.0
52347,245.0,117.0,128.0,137.0
52348,221.0,94.0,126.0,122.0
52349,256.0,212.0,152.0,127.0
52350,238.0,79.0,129.0,142.0
52351,243.0,72.0,141.0,139.0
52352,246.0,92.0,133.0,143.0
52353,272.0,102.0,157.0,142.0
52354,246.0,101.0,146.0,148.0
52355,251.0,120.0,141.0,150.0
52356,256.0,216.0,154.0,136.0
52357,247.0,189.0,140.0,149.0
52358,250.0,57.0,150.0,128.0
52359,243.0,217.0,131.0,156.0
52360,258.0,257.0,142.0,154.0
52361,265.0,156.0,149.0,160.0
52362,242.0,239.0,136.0,141.0
52363,237.0,142.0,121.0,133.0
52364,243.0,80.0,143.0,136.0
52365,247.0,127.0,130.0,121.0
52366,242.0,91.0,150.0,127.0
52367,254.0,102.0,135.0,152.0
52368,254.0,87.0,144.0,140.0
52369,229.0,123.0,126.0,121.0
52370,270.0,137.0,143.0,160.0
52371,244.0,140.0,135.0,140.0
52372,258.0,154.0,140.0,129.0
52373,266.0,226.0,144.0,147.0
52374,246.0,223.0,142.0,123.0
52375,274.0,107.0,143.0,153.0
52376,261.0,123.0,158.0,148.0
52377,260.0,125.0,152.0,160.0
52378,246.0,105.0,134.0,151.0
52379,237.0,116.0,137.0,139.0
52380,238.0,115.0,133.0,122.0
52381,241.0,232.0,144.0,143.0
52382,251.0,109.0,125.0,142.0
52383,249.0,210.0,134.0,148.0
52384,267.0,109.0,141.0,168.0
52385,253.0,110.0,154.0,145.0
52386,265.0,223.0,156.0,158.0
52387,234.0,204.0,120.0,129.0
52388,271.0,240.0,156.0,155.0
52389,227.0,115.0,128.0,140.0
52390,238.0,96.0,122.0,146.0
52391,271.0,120.0,140.0,149.0
52392,285.0,115.0,159.0,156.0
52393,242.0,74.0,131.0,134.0
52394,219.0,86.0,106.0,117.0
52395,249.0,131.0,146.0,148.0
52396,258.0,76.0,141.0,157.0
52397,247.0,95.0,132.0,122.0
52398,256.0,132.0,133.0,134.0
52399,256.0,247.0,152.0,147.0
52400,247.0,112.0,123.0,134.0
52401,240.0,144.0,147.0,148.0
52402,262.0,225.0,150.0,150.0
52403,251.0,234.0,143.0,158.0
52404,267.0,250.0,148.0,148.0
52405,235.0,193.0,130.0,140.0
52406,246.0,216.0,142.0,139.0
52407,243.0,215.0,145.0,124.0
52408,239.0,114.0,130.0,122.0
52409,246.0,219.0,137.0,144.0
52410,255.0,91.0,136.0,153.0
52411,247.0,93.0,141.0,146.0
52412,282.0,82.0,158.0,145.0
52413,245.0,86.0,147.0,135.0
52414,273.0,173.0,168.0,142.0
52415,271.0,155.0,152.0,155.0
52416,276.0,261.0,157.0,165.0
52417,255.0,111.0,143.0,154.0
52418,235.0,204.0,127.0,127.0
52419,243.0,119.0,129.0,139.0
52420,260.0,79.0,129.0,148.0
52421,251.0,108.0,140.0,149.0
52422,250.0,218.0,135.0,133.0
52423,271.0,123.0,163.0,162.0
52424,290.0,103.0,168.0,158.0
52425,265.0,235.0,141.0,164.0
52426,256.0,212.0,143.0,152.0
52427,262.0,121.0,150.0,150.0
52428,251.0,102.0,156.0,154.0
52429,245.0,202.0,149.0,145.0
52430,244.0,206.0,153.0,125.0
52431,251.0,117.0,145.0,136.0
52432,249.0,107.0,148.0,143.0
52433,249.0,98.0,128.0,152.0
52434,264.0,238.0,152.0,148.0
52435,250.0,89.0,122.0,132.0
52436,260.0,127.0,142.0,147.0
52437,250.0,114.0,131.0,130.0
52438,268.0,222.0,154.0,148.0
52439,252.0,118.0,140.0,137.0
52440,247.0,209.0,146.0,132.0
52441,253.0,75.0,149.0,139.0
52442,240.0,208.0,136.0,130.0
52443,234.0,80.0,139.0,128.0
52444,261.0,127.0,134.0,150.0
52445,224.0,184.0,113.0,138.0
52446,261.0,176.0,132.0,149.0
52447,229.0,186.0,139.0,136.0
52448,270.0,124.0,142.0,153.0
52449,233.0,95.0,130.0,138.0
52450,244.0,139.0,148.0,131.0
52451,243.0,193.0,148.0,146.0
52452,250.0,223.0,136.0,146.0
52453,239.0,201.0,146.0,132.0
52454,263.0,138.0,165.0,149.0
52455,266.0,113.0,147.0,141.0
52456,268.0,124.0,137.0,141.0
52457,240.0,206.0,146.0,118.0
52458,251.0,208.0,144.0,130.0
52459,265.0,134.0,142.0,140.0
52460,254.0,221.0,124.0,142.0
52461,228.0,116.0,127.0,129.0
52462,249.0,223.0,157.0,142.0
52463,253.0,213.0,150.0,158.0
52464,275.0,206.0,152.0,166.0
52465,256.0,97.0,149.0,137.0
52466,252.0,101.0,120.0,150.0
52467,243.0,161.0,129.0,157.0
52468,224.0,97.0,125.0,117.0
52469,264.0,78.0,150.0,157.0
52470,238.0,187.0,132.0,143.0
52471,256.0,122.0,146.0,144.0
52472,270.0,155.0,157.0,147.0
52473,250.0,70.0,145.0,124.0
52474,250.0,85.0,144.0,131.0
52475,249.0,208.0,141.0,129.0
52476,249.0,144.0,140.0,149.0
52477,229.0,229.0,133.0,115.0
52478,251.0,224.0,137.0,142.0
52479,256.0,226.0,144.0,162.0
52480,227.0,123.0,121.0,139.0
52481,257.0,63.0,136.0,139.0
52482,246.0,241.0,139.0,143.0
52483,254.0,225.0,148.0,142.0
52484,250.0,122.0,133.0,134.0
52485,241.0,199.0,131.0,146.0
52486,240.0,205.0,142.0,125.0
52487,247.0,91.0,136.0,157.0
52488,239.0,89.0,133.0,145.0
52489,257.0,120.0,156.0,158.0
52490,248.0,114.0,146.0,150.0
52491,224.0,45.0,126.0,124.0
52492,273.0,154.0,147.0,154.0
52493,255.0,96.0,137.0,150.0
52494,254.0,81.0,148.0,139.0
52495,246.0,138.0,136.0,134.0
52496,261.0,79.0,134.0,143.0
52497,260.0,122.0,141.0,144.0
52498,250.0,135.0,140.0,138.0
52499,262.0,98.0,140.0,146.0
52500,238.0,216.0,140.0,141.0
52501,259.0,132.0,168.0,135.0
52502,224.0,111.0,131.0,130.0
52503,234.0,95.0,138.0,130.0
52504,251.0,74.0,146.0,145.0
52505,256.0,115.0,144.0,137.0
52506,232.0,206.0,125.0,122.0
52507,294.0,59.0,182.0,148.0
52508,259.0,147.0,147.0,153.0
52509,254.0,93.0,134.0,142.0
52510,281.0,221.0,157.0,148.0
52511,252.0,224.0,146.0,145.0
52512,250.0,121.0,139.0,147.0
52513,258.0,155.0,147.0,147.0
52514,252.0,96.0,130.0,148.0
52515,239.0,119.0,122.0,142.0
52516,243.0,98.0,133.0,134.0
52517,244.0,80.0,132.0,143.0
52518,248.0,112.0,146.0,130.0
52519,246.0,95.0,143.0,131.0
52520,250.0,76.0,158.0,135.0
52521,251.0,209.0,142.0,137.0
52522,257.0,157.0,153.0,145.0
52523,254.0,136.0,145.0,139.0
52524,249.0,100.0,151.0,146.0
52525,252.0,210.0,137.0,139.0
52526,257.0,145.0,148.0,154.0
52527,252.0,216.0,146.0,139.0
52528,249.0,211.0,146.0,138.0
52529,232.0,138.0,130.0,133.0
52530,237.0,77.0,150.0,134.0
52531,264.0,141.0,155.0,148.0
52532,253.0,98.0,121.0,153.0
52533,263.0,227.0,154.0,148.0
52534,244.0,114.0,145.0,139.0
52535,246.0,133.0,127.0,132.0
52536,245.0,100.0,140.0,147.0
52537,238.0,70.0,134.0,129.0
52538,244.0,209.0,139.0,126.0
52539,239.0,112.0,137.0,125.0
52540,237.0,123.0,140.0,134.0
52541,235.0,193.0,117.0,135.0
52542,256.0,110.0,143.0,151.0
52543,253.0,224.0,139.0,126.0
52544,265.0,62.0,165.0,155.0
52545,264.0,160.0,140.0,142.0
52546,234.0,107.0,129.0,129.0
52547,255.0,109.0,141.0,149.0
52548,274.0,170.0,143.0,167.0
52549,264.0,116.0,140.0,139.0
52550,275.0,119.0,158.0,158.0
52551,243.0,210.0,150.0,131.0
52552,247.0,208.0,130.0,145.0
52553,244.0,132.0,135.0,135.0
52554,258.0,124.0,148.0,148.0
52555,271.0,83.0,159.0,156.0
52556,255.0,69.0,153.0,142.0
52557,227.0,107.0,124.0,124.0
52558,250.0,136.0,153.0,131.0
52559,250.0,92.0,150.0,150.0
52560,241.0,136.0,142.0,121.0
52561,261.0,138.0,148.0,150.0
52562,247.0,105.0,142.0,139.0
52563,249.0,124.0,155.0,149.0
52564,236.0,117.0,109.0,128.0
52565,267.0,155.0,153.0,137.0
52566,263.0,231.0,139.0,146.0
52567,244.0,147.0,154.0,138.0
52568,247.0,213.0,136.0,127.0
52569,262.0,156.0,137.0,151.0
52570,254.0,113.0,133.0,153.0
52571,269.0,269.0,172.0,150.0
52572,245.0,96.0,147.0,143.0
52573,241.0,139.0,139.0,133.0
52574,229.0,178.0,120.0,129.0
52575,265.0,209.0,165.0,148.0
52576,252.0,132.0,142.0,149.0
52577,265.0,116.0,148.0,155.0
52578,243.0,130.0,135.0,137.0
52579,248.0,128.0,151.0,154.0
52580,244.0,88.0,141.0,124.0
52581,246.0,81.0,135.0,133.0
52582,239.0,123.0,126.0,128.0
52583,258.0,146.0,145.0,142.0
52584,241.0,152.0,126.0,140.0
52585,254.0,120.0,137.0,123.0
52586,239.0,110.0,129.0,137.0
52587,255.0,141.0,147.0,144.0
52588,248.0,106.0,135.0,143.0
52589,243.0,126.0,132.0,133.0
52590,269.0,116.0,162.0,152.0
52591,273.0,157.0,164.0,161.0
52592,264.0,234.0,139.0,160.0
52593,233.0,203.0,133.0,118.0
52594,242.0,208.0,141.0,131.0
52595,265.0,230.0,137.0,140.0
52596,246.0,235.0,140.0,131.0
52597,229.0,195.0,125.0,126.0
52598,236.0,149.0,128.0,125.0
52599,242.0,236.0,133.0,137.0
52600,250.0,224.0,145.0,146.0
52601,261.0,88.0,148.0,147.0
52602,247.0,77.0,155.0,128.0
52603,256.0,129.0,144.0,150.0
52604,265.0,149.0,149.0,140.0
52605,247.0,120.0,139.0,137.0
52606,251.0,154.0,139.0,142.0
52607,252.0,227.0,136.0,122.0
52608,274.0,139.0,152.0,151.0
52609,255.0,50.0,146.0,149.0
52610,238.0,95.0,124.0,140.0
52611,237.0,134.0,136.0,140.0
52612,252.0,103.0,143.0,145.0
52613,253.0,242.0,155.0,140.0
52614,250.0,250.0,159.0,153.0
52615,249.0,249.0,143.0,152.0
52616,240.0,105.0,142.0,143.0
52617,269.0,116.0,143.0,158.0
52618,270.0,221.0,175.0,148.0
52619,283.0,193.0,165.0,163.0
52620,250.0,115.0,131.0,142.0
52621,251.0,90.0,143.0,125.0
52622,208.0,117.0,122.0,103.0
52623,266.0,147.0,150.0,135.0
52624,239.0,104.0,125.0,148.0
52625,271.0,186.0,152.0,156.0
52626,238.0,119.0,135.0,135.0
52627,248.0,138.0,143.0,149.0
52628,265.0,105.0,145.0,151.0
52629,269.0,121.0,154.0,158.0
52630,241.0,155.0,135.0,134.0
52631,250.0,147.0,143.0,133.0
52632,257.0,225.0,157.0,145.0
52633,225.0,172.0,127.0,126.0
52634,244.0,131.0,135.0,131.0
52635,215.0,91.0,127.0,112.0
52636,240.0,130.0,137.0,128.0
52637,257.0,88.0,150.0,142.0
52638,260.0,219.0,146.0,148.0
52639,243.0,194.0,130.0,140.0
52640,265.0,123.0,150.0,147.0
52641,267.0,111.0,157.0,152.0
52642,253.0,101.0,130.0,137.0
52643,274.0,152.0,159.0,152.0
52644,230.0,226.0,123.0,137.0
52645,252.0,233.0,148.0,145.0
52646,253.0,234.0,144.0,136.0
52647,248.0,244.0,140.0,141.0
52648,271.0,100.0,143.0,142.0
52649,262.0,147.0,150.0,143.0
52650,244.0,106.0,127.0,120.0
52651,257.0,91.0,133.0,131.0
52652,240.0,114.0,131.0,136.0
52653,240.0,126.0,144.0,145.0
52654,253.0,98.0,143.0,141.0
52655,247.0,217.0,123.0,131.0
52656,248.0,121.0,148.0,133.0
52657,245.0,99.0,149.0,132.0
52658,269.0,228.0,141.0,151.0
52659,275.0,138.0,158.0,155.0
52660,247.0,114.0,126.0,137.0
52661,234.0,88.0,135.0,115.0
52662,268.0,128.0,155.0,150.0
52663,246.0,205.0,140.0,141.0
52664,240.0,121.0,134.0,126.0
52665,254.0,204.0,139.0,145.0
52666,267.0,217.0,143.0,155.0
52667,263.0,237.0,149.0,154.0
52668,232.0,115.0,140.0,126.0
52669,241.0,236.0,140.0,133.0
52670,254.0,141.0,142.0,139.0
52671,235.0,91.0,135.0,143.0
52672,257.0,106.0,144.0,157.0
52673,248.0,225.0,140.0,142.0
52674,263.0,134.0,135.0,143.0
52675,250.0,94.0,146.0,137.0
52676,273.0,116.0,150.0,155.0
52677,252.0,76.0,137.0,132.0
52678,271.0,99.0,152.0,152.0
52679,246.0,135.0,130.0,133.0
52680,252.0,228.0,146.0,134.0
52681,250.0,97.0,164.0,136.0
52682,246.0,122.0,150.0,143.0
52683,236.0,198.0,151.0,138.0
52684,227.0,188.0,125.0,139.0
52685,279.0,247.0,164.0,154.0
52686,230.0,196.0,123.0,111.0
52687,255.0,245.0,154.0,150.0
52688,258.0,248.0,156.0,139.0
52689,232.0,91.0,121.0,128.0
52690,269.0,146.0,145.0,143.0
52691,232.0,122.0,127.0,125.0
52692,253.0,153.0,144.0,137.0
52693,246.0,108.0,130.0,132.0
52694,263.0,213.0,158.0,149.0
52695,246.0,176.0,129.0,143.0
52696,247.0,90.0,143.0,125.0
52697,219.0,190.0,130.0,125.0
52698,240.0,205.0,137.0,142.0
52699,222.0,108.0,126.0,127.0
52700,228.0,79.0,121.0,127.0
52701,248.0,134.0,140.0,124.0
52702,257.0,118.0,145.0,153.0
52703,245.0,164.0,134.0,146.0
52704,267.0,93.0,154.0,149.0
52705,252.0,98.0,145.0,135.0
52706,249.0,88.0,136.0,141.0
52707,264.0,116.0,138.0,161.0
52708,224.0,126.0,140.0,128.0
52709,263.0,103.0,139.0,151.0
52710,247.0,106.0,143.0,130.0
52711,235.0,199.0,126.0,128.0
52712,260.0,88.0,145.0,130.0
52713,257.0,130.0,147.0,157.0
52714,257.0,101.0,139.0,154.0
52715,265.0,136.0,129.0,144.0
52716,273.0,132.0,151.0,144.0
52717,243.0,98.0,149.0,142.0
52718,244.0,97.0,138.0,119.0
52719,253.0,109.0,138.0,131.0
52720,250.0,97.0,143.0,141.0
52721,251.0,88.0,141.0,143.0
52722,223.0,186.0,135.0,126.0
52723,275.0,183.0,143.0,138.0
52724,257.0,113.0,154.0,145.0
52725,248.0,205.0,157.0,135.0
52726,244.0,137.0,138.0,127.0
52727,232.0,156.0,130.0,128.0
52728,224.0,195.0,112.0,130.0
52729,260.0,258.0,144.0,149.0
52730,251.0,218.0,151.0,143.0
52731,247.0,77.0,133.0,133.0
52732,252.0,64.0,144.0,142.0
52733,236.0,132.0,130.0,132.0
52734,243.0,212.0,141.0,133.0
52735,222.0,80.0,126.0,121.0
52736,256.0,128.0,137.0,138.0
52737,260.0,94.0,151.0,143.0
52738,239.0,236.0,138.0,136.0
52739,263.0,237.0,157.0,149.0
52740,263.0,126.0,145.0,155.0
52741,232.0,117.0,131.0,132.0
52742,237.0,78.0,133.0,121.0
52743,278.0,144.0,151.0,156.0
52744,246.0,197.0,131.0,130.0
52745,254.0,248.0,153.0,148.0
52746,258.0,98.0,148.0,149.0
52747,244.0,215.0,127.0,126.0
52748,255.0,92.0,163.0,153.0
52749,241.0,112.0,123.0,126.0
52750,219.0,184.0,132.0,123.0
52751,249.0,101.0,123.0,144.0
52752,244.0,82.0,131.0,128.0
52753,260.0,84.0,138.0,137.0
52754,251.0,212.0,133.0,149.0
52755,262.0,72.0,152.0,132.0
52756,243.0,200.0,153.0,123.0
52757,260.0,94.0,126.0,154.0
52758,254.0,118.0,142.0,152.0
52759,257.0,107.0,138.0,137.0
52760,241.0,93.0,138.0,135.0
52761,262.0,121.0,150.0,145.0
52762,259.0,154.0,156.0,129.0
52763,254.0,208.0,145.0,132.0
52764,239.0,195.0,135.0,140.0
52765,265.0,128.0,148.0,154.0
52766,274.0,229.0,159.0,152.0
52767,262.0,114.0,141.0,149.0
52768,232.0,205.0,122.0,148.0
52769,253.0,120.0,140.0,142.0
52770,252.0,92.0,152.0,143.0
52771,261.0,256.0,156.0,153.0
52772,246.0,87.0,136.0,123.0
52773,223.0,87.0,130.0,126.0
52774,246.0,135.0,139.0,152.0
52775,245.0,200.0,150.0,146.0
52776,258.0,213.0,156.0,140.0
52777,246.0,210.0,151.0,147.0
52778,252.0,121.0,127.0,140.0
52779,245.0,113.0,131.0,130.0
52780,262.0,86.0,138.0,150.0
52781,247.0,86.0,142.0,146.0
52782,236.0,120.0,139.0,123.0
52783,252.0,161.0,141.0,137.0
52784,242.0,213.0,131.0,144.0
52785,260.0,98.0,142.0,140.0
52786,235.0,112.0,130.0,130.0
52787,257.0,133.0,144.0,148.0
52788,266.0,227.0,149.0,147.0
52789,248.0,227.0,129.0,145.0
52790,239.0,119.0,144.0,128.0
52791,269.0,107.0,153.0,168.0
52792,242.0,107.0,119.0,141.0
52793,259.0,212.0,154.0,142.0
52794,251.0,241.0,142.0,144.0
52795,258.0,251.0,134.0,142.0
52796,260.0,227.0,163.0,142.0
52797,257.0,226.0,142.0,145.0
52798,257.0,218.0,132.0,140.0
52799,249.0,210.0,130.0,130.0
52800,235.0,228.0,130.0,129.0
52801,255.0,218.0,148.0,145.0
52802,262.0,105.0,166.0,149.0
52803,223.0,180.0,122.0,116.0
52804,258.0,215.0,142.0,149.0
52805,265.0,126.0,164.0,160.0
52806,243.0,113.0,134.0,145.0
52807,232.0,205.0,138.0,124.0
52808,228.0,219.0,124.0,114.0
52809,246.0,104.0,131.0,146.0
52810,217.0,72.0,113.0,118.0
52811,264.0,187.0,144.0,157.0
52812,241.0,59.0,143.0,127.0
52813,263.0,89.0,131.0,150.0
52814,241.0,137.0,134.0,124.0
52815,260.0,98.0,136.0,135.0
52816,259.0,126.0,150.0,147.0
52817,266.0,84.0,142.0,136.0
52818,266.0,246.0,152.0,145.0
52819,258.0,220.0,157.0,151.0
52820,272.0,160.0,152.0,145.0
52821,256.0,99.0,136.0,141.0
52822,264.0,94.0,160.0,132.0
52823,236.0,105.0,130.0,134.0
52824,244.0,100.0,129.0,129.0
52825,253.0,116.0,138.0,155.0
52826,271.0,132.0,138.0,151.0
52827,263.0,215.0,141.0,134.0
52828,263.0,135.0,146.0,161.0
52829,258.0,191.0,156.0,143.0
52830,257.0,107.0,145.0,143.0
52831,254.0,102.0,144.0,148.0
52832,231.0,63.0,129.0,139.0
52833,246.0,36.0,122.0,129.0
52834,262.0,95.0,146.0,148.0
52835,255.0,167.0,139.0,140.0
52836,253.0,63.0,143.0,151.0
52837,236.0,101.0,135.0,132.0
52838,244.0,117.0,142.0,131.0
52839,289.0,124.0,167.0,163.0
52840,260.0,228.0,135.0,129.0
52841,257.0,217.0,130.0,146.0
52842,228.0,100.0,130.0,148.0
52843,242.0,146.0,145.0,142.0
52844,240.0,105.0,137.0,137.0
52845,241.0,126.0,147.0,142.0
52846,249.0,108.0,129.0,136.0
52847,262.0,169.0,151.0,135.0
52848,233.0,131.0,123.0,124.0
52849,241.0,202.0,122.0,138.0
52850,238.0,106.0,140.0,143.0
52851,251.0,82.0,138.0,150.0
52852,238.0,67.0,135.0,139.0
52853,242.0,75.0,137.0,142.0
52854,250.0,100.0,139.0,145.0
52855,240.0,118.0,133.0,145.0
52856,256.0,104.0,131.0,153.0
52857,255.0,79.0,133.0,148.0
52858,226.0,81.0,114.0,134.0
52859,245.0,206.0,146.0,151.0
52860,259.0,224.0,144.0,145.0
52861,271.0,124.0,128.0,160.0
52862,258.0,115.0,151.0,145.0
52863,233.0,120.0,140.0,126.0
52864,254.0,213.0,144.0,135.0
52865,248.0,210.0,159.0,140.0
52866,274.0,247.0,152.0,157.0
52867,257.0,242.0,145.0,138.0
52868,250.0,112.0,137.0,123.0
52869,234.0,128.0,139.0,129.0
52870,248.0,166.0,138.0,136.0
52871,246.0,208.0,143.0,135.0
52872,256.0,88.0,146.0,140.0
52873,240.0,202.0,138.0,140.0
52874,273.0,127.0,145.0,143.0
52875,242.0,204.0,134.0,130.0
52876,277.0,135.0,156.0,155.0
52877,234.0,110.0,136.0,130.0
52878,246.0,120.0,144.0,133.0
52879,272.0,134.0,151.0,155.0
52880,263.0,221.0,156.0,147.0
52881,259.0,74.0,148.0,126.0
52882,251.0,115.0,124.0,130.0
52883,254.0,82.0,152.0,166.0
52884,227.0,201.0,132.0,114.0
52885,229.0,229.0,137.0,133.0
52886,257.0,129.0,151.0,142.0
52887,259.0,122.0,144.0,151.0
52888,254.0,78.0,143.0,131.0
52889,248.0,219.0,149.0,139.0
52890,219.0,209.0,117.0,123.0
52891,249.0,87.0,133.0,151.0
52892,243.0,97.0,127.0,131.0
52893,246.0,119.0,133.0,134.0
52894,271.0,140.0,154.0,148.0
52895,256.0,149.0,136.0,142.0
52896,239.0,239.0,147.0,139.0
52897,251.0,228.0,133.0,150.0
52898,252.0,240.0,139.0,150.0
52899,274.0,131.0,156.0,146.0
52900,265.0,108.0,147.0,167.0
52901,243.0,111.0,138.0,145.0
52902,242.0,106.0,125.0,129.0
52903,254.0,228.0,148.0,135.0
52904,256.0,230.0,138.0,136.0
52905,247.0,103.0,140.0,129.0
52906,231.0,77.0,128.0,143.0
52907,259.0,119.0,145.0,137.0
52908,219.0,109.0,120.0,124.0
52909,250.0,76.0,145.0,155.0
52910,265.0,133.0,143.0,151.0
52911,235.0,204.0,123.0,124.0
52912,243.0,139.0,137.0,122.0
52913,261.0,181.0,153.0,150.0
52914,259.0,118.0,142.0,136.0
52915,249.0,103.0,128.0,134.0
52916,272.0,182.0,157.0,146.0
52917,236.0,100.0,122.0,127.0
52918,247.0,69.0,128.0,134.0
52919,255.0,214.0,131.0,151.0
52920,230.0,61.0,127.0,126.0
52921,275.0,110.0,149.0,151.0
52922,253.0,164.0,152.0,151.0
52923,250.0,86.0,148.0,156.0
52924,275.0,124.0,151.0,143.0
52925,231.0,94.0,121.0,145.0
52926,256.0,100.0,144.0,142.0
52927,246.0,91.0,123.0,130.0
52928,262.0,124.0,147.0,146.0
52929,243.0,104.0,136.0,135.0
52930,244.0,207.0,133.0,140.0
52931,246.0,119.0,146.0,138.0
52932,255.0,75.0,148.0,138.0
52933,270.0,230.0,150.0,140.0
52934,278.0,277.0,152.0,160.0
52935,239.0,112.0,120.0,135.0
52936,235.0,98.0,131.0,135.0
52937,258.0,139.0,150.0,141.0
52938,243.0,91.0,137.0,132.0
52939,265.0,102.0,146.0,154.0
52940,254.0,152.0,135.0,141.0
52941,243.0,93.0,142.0,138.0
52942,246.0,146.0,143.0,142.0
52943,264.0,104.0,143.0,146.0
52944,255.0,238.0,120.0,148.0
52945,233.0,167.0,141.0,140.0
52946,250.0,211.0,150.0,148.0
52947,253.0,214.0,145.0,153.0
52948,271.0,251.0,155.0,156.0
52949,262.0,102.0,147.0,133.0
52950,250.0,117.0,141.0,134.0
52951,268.0,92.0,141.0,155.0
52952,219.0,68.0,109.0,113.0
52953,248.0,150.0,137.0,147.0
52954,228.0,80.0,138.0,133.0
52955,235.0,120.0,128.0,136.0
52956,270.0,223.0,163.0,159.0
52957,233.0,159.0,147.0,129.0
52958,257.0,246.0,143.0,146.0
52959,249.0,107.0,137.0,132.0
52960,259.0,220.0,160.0,142.0
52961,228.0,224.0,124.0,133.0
52962,249.0,91.0,126.0,145.0
52963,234.0,102.0,129.0,122.0
52964,249.0,94.0,156.0,134.0
52965,258.0,96.0,147.0,144.0
52966,267.0,227.0,157.0,151.0
52967,247.0,147.0,140.0,138.0
52968,235.0,214.0,133.0,148.0
52969,271.0,211.0,152.0,154.0
52970,270.0,210.0,160.0,169.0
52971,239.0,154.0,122.0,123.0
52972,270.0,141.0,164.0,158.0
52973,257.0,221.0,151.0,151.0
52974,252.0,96.0,140.0,137.0
52975,241.0,105.0,143.0,138.0
52976,233.0,118.0,120.0,119.0
52977,257.0,94.0,164.0,151.0
52978,257.0,216.0,137.0,145.0
52979,250.0,209.0,139.0,149.0
52980,246.0,48.0,144.0,155.0
52981,237.0,93.0,140.0,125.0
52982,252.0,222.0,155.0,142.0
52983,259.0,251.0,141.0,156.0
52984,264.0,162.0,144.0,153.0
52985,244.0,128.0,142.0,127.0
52986,218.0,131.0,113.0,120.0
52987,242.0,213.0,137.0,149.0
52988,255.0,121.0,138.0,142.0
52989,239.0,208.0,152.0,141.0
52990,266.0,98.0,174.0,144.0
52991,252.0,98.0,144.0,129.0
52992,259.0,162.0,142.0,151.0
52993,261.0,74.0,149.0,149.0
52994,255.0,70.0,136.0,129.0
52995,243.0,95.0,144.0,138.0
52996,235.0,119.0,122.0,139.0
52997,268.0,100.0,159.0,148.0
52998,251.0,155.0,139.0,145.0
52999,274.0,150.0,156.0,154.0
53000,272.0,236.0,146.0,139.0
53001,257.0,118.0,133.0,137.0
53002,238.0,211.0,136.0,144.0
53003,255.0,121.0,140.0,146.0
53004,254.0,105.0,140.0,130.0
53005,254.0,100.0,139.0,150.0
53006,226.0,214.0,107.0,133.0
53007,252.0,99.0,151.0,147.0
53008,250.0,212.0,126.0,138.0
53009,227.0,100.0,137.0,133.0
53010,253.0,123.0,133.0,148.0
53011,252.0,76.0,154.0,135.0
53012,247.0,101.0,136.0,138.0
53013,233.0,223.0,140.0,134.0
53014,272.0,114.0,171.0,153.0
53015,232.0,97.0,138.0,118.0
53016,238.0,100.0,149.0,140.0
53017,230.0,110.0,131.0,129.0
53018,234.0,85.0,134.0,121.0
53019,243.0,158.0,134.0,126.0
53020,235.0,201.0,149.0,128.0
53021,252.0,224.0,154.0,139.0
53022,234.0,182.0,138.0,133.0
53023,258.0,152.0,147.0,159.0
53024,243.0,95.0,128.0,146.0
53025,236.0,98.0,141.0,137.0
53026,262.0,78.0,159.0,147.0
53027,235.0,142.0,146.0,126.0
53028,250.0,210.0,126.0,150.0
53029,233.0,72.0,138.0,146.0
53030,236.0,72.0,131.0,139.0
53031,249.0,79.0,150.0,131.0
53032,260.0,143.0,142.0,153.0
53033,239.0,112.0,128.0,150.0
53034,262.0,129.0,154.0,148.0
53035,223.0,80.0,121.0,118.0
53036,254.0,210.0,144.0,149.0
53037,276.0,232.0,154.0,156.0
53038,222.0,69.0,128.0,129.0
53039,277.0,177.0,157.0,158.0
53040,248.0,105.0,134.0,126.0
53041,265.0,96.0,150.0,148.0
53042,249.0,70.0,139.0,147.0
53043,255.0,104.0,150.0,141.0
53044,273.0,128.0,146.0,152.0
53045,240.0,206.0,147.0,140.0
53046,272.0,115.0,170.0,177.0
53047,263.0,221.0,158.0,153.0
53048,256.0,80.0,136.0,146.0
53049,244.0,85.0,124.0,146.0
53050,251.0,241.0,145.0,138.0
53051,261.0,225.0,138.0,139.0
53052,261.0,217.0,147.0,142.0
53053,269.0,234.0,147.0,138.0
53054,259.0,124.0,140.0,136.0
53055,247.0,123.0,139.0,149.0
53056,236.0,84.0,141.0,142.0
53057,237.0,123.0,123.0,142.0
53058,243.0,85.0,132.0,117.0
53059,246.0,201.0,128.0,142.0
53060,243.0,84.0,126.0,138.0
53061,230.0,199.0,133.0,129.0
53062,244.0,142.0,130.0,128.0
53063,245.0,202.0,148.0,131.0
53064,260.0,251.0,159.0,140.0
53065,242.0,49.0,136.0,146.0
53066,259.0,111.0,143.0,147.0
53067,245.0,137.0,146.0,147.0
53068,261.0,225.0,151.0,157.0
53069,274.0,193.0,162.0,155.0
53070,264.0,133.0,133.0,147.0
53071,248.0,121.0,142.0,156.0
53072,272.0,98.0,147.0,167.0
53073,257.0,119.0,151.0,135.0
53074,265.0,213.0,153.0,160.0
53075,244.0,230.0,141.0,128.0
53076,252.0,107.0,143.0,136.0
53077,243.0,106.0,129.0,149.0
53078,246.0,99.0,140.0,140.0
53079,250.0,132.0,133.0,153.0
53080,268.0,90.0,146.0,154.0
53081,231.0,199.0,131.0,143.0
53082,286.0,232.0,152.0,170.0
53083,242.0,80.0,131.0,145.0
53084,257.0,142.0,144.0,154.0
53085,251.0,127.0,132.0,143.0
53086,262.0,161.0,149.0,155.0
53087,247.0,152.0,130.0,127.0
53088,233.0,90.0,126.0,117.0
53089,256.0,99.0,139.0,140.0
53090,263.0,138.0,156.0,137.0
53091,234.0,214.0,130.0,132.0
53092,229.0,86.0,145.0,129.0
53093,255.0,222.0,140.0,141.0
53094,261.0,97.0,144.0,130.0
53095,247.0,104.0,141.0,148.0
53096,258.0,241.0,148.0,148.0
53097,251.0,205.0,149.0,143.0
53098,270.0,108.0,139.0,153.0
53099,263.0,211.0,154.0,156.0
53100,236.0,206.0,127.0,137.0
53101,268.0,109.0,140.0,157.0
53102,261.0,103.0,151.0,149.0
53103,251.0,203.0,139.0,136.0
53104,233.0,124.0,134.0,131.0
53105,276.0,126.0,161.0,166.0
53106,238.0,123.0,151.0,132.0
53107,235.0,213.0,120.0,127.0
53108,223.0,54.0,123.0,132.0
53109,257.0,129.0,155.0,151.0
53110,231.0,94.0,118.0,128.0
53111,259.0,100.0,136.0,146.0
53112,246.0,152.0,141.0,141.0
53113,243.0,104.0,127.0,143.0
53114,279.0,275.0,165.0,156.0
53115,260.0,107.0,143.0,138.0
53116,272.0,136.0,158.0,156.0
53117,274.0,142.0,148.0,144.0
53118,223.0,123.0,118.0,119.0
53119,266.0,93.0,141.0,156.0
53120,256.0,57.0,161.0,138.0
53121,265.0,191.0,161.0,154.0
53122,241.0,92.0,144.0,135.0
53123,286.0,179.0,161.0,168.0
53124,268.0,123.0,156.0,152.0
53125,248.0,236.0,128.0,133.0
53126,257.0,119.0,149.0,135.0
53127,273.0,246.0,151.0,156.0
53128,247.0,81.0,128.0,137.0
53129,266.0,258.0,178.0,157.0
53130,260.0,225.0,148.0,149.0
53131,258.0,103.0,146.0,139.0
53132,254.0,119.0,151.0,135.0
53133,249.0,155.0,151.0,155.0
53134,270.0,234.0,147.0,161.0
53135,254.0,134.0,152.0,143.0
53136,243.0,106.0,138.0,140.0
53137,236.0,94.0,131.0,132.0
53138,258.0,110.0,144.0,140.0
53139,261.0,247.0,154.0,148.0
53140,230.0,197.0,131.0,127.0
53141,252.0,140.0,150.0,140.0
53142,258.0,96.0,144.0,150.0
53143,244.0,214.0,130.0,125.0
53144,249.0,60.0,132.0,142.0
53145,232.0,60.0,125.0,126.0
53146,261.0,261.0,158.0,158.0
53147,235.0,224.0,134.0,125.0
53148,240.0,229.0,135.0,120.0
53149,257.0,213.0,157.0,137.0
53150,262.0,225.0,152.0,156.0
53151,242.0,199.0,150.0,143.0
53152,262.0,99.0,146.0,137.0
53153,251.0,219.0,140.0,147.0
53154,245.0,238.0,142.0,147.0
53155,247.0,96.0,133.0,135.0
53156,254.0,143.0,136.0,143.0
53157,258.0,122.0,142.0,141.0
53158,256.0,195.0,144.0,135.0
53159,249.0,182.0,139.0,153.0
53160,253.0,81.0,133.0,147.0
53161,265.0,123.0,154.0,157.0
53162,257.0,171.0,136.0,142.0
53163,249.0,112.0,155.0,132.0
53164,258.0,225.0,147.0,145.0
53165,240.0,117.0,136.0,143.0
53166,247.0,233.0,138.0,150.0
53167,245.0,206.0,140.0,141.0
53168,233.0,77.0,120.0,129.0
53169,243.0,235.0,130.0,133.0
53170,253.0,128.0,145.0,152.0
53171,256.0,209.0,143.0,144.0
53172,255.0,76.0,144.0,145.0
53173,280.0,126.0,173.0,169.0
53174,226.0,196.0,130.0,127.0
53175,233.0,204.0,120.0,118.0
53176,249.0,208.0,150.0,139.0
53177,226.0,111.0,118.0,119.0
53178,265.0,105.0,140.0,131.0
53179,259.0,84.0,143.0,147.0
53180,255.0,104.0,155.0,160.0
53181,263.0,74.0,147.0,157.0
53182,241.0,190.0,131.0,143.0
53183,255.0,150.0,134.0,145.0
53184,231.0,207.0,127.0,122.0
53185,241.0,73.0,135.0,132.0
53186,256.0,189.0,140.0,140.0
53187,248.0,218.0,142.0,125.0
53188,246.0,92.0,138.0,132.0
53189,241.0,140.0,144.0,140.0
53190,260.0,156.0,131.0,137.0
53191,259.0,225.0,144.0,138.0
53192,255.0,202.0,151.0,147.0
53193,258.0,45.0,149.0,158.0
53194,255.0,87.0,139.0,145.0
53195,243.0,213.0,134.0,132.0
53196,277.0,153.0,162.0,159.0
53197,246.0,75.0,134.0,138.0
53198,257.0,101.0,137.0,148.0
53199,245.0,123.0,130.0,128.0
53200,254.0,150.0,145.0,141.0
53201,251.0,115.0,141.0,141.0
53202,239.0,199.0,131.0,135.0
53203,241.0,115.0,134.0,143.0
53204,271.0,150.0,153.0,136.0
53205,242.0,55.0,128.0,133.0
53206,265.0,231.0,152.0,148.0
53207,252.0,115.0,136.0,140.0
53208,242.0,238.0,136.0,135.0
53209,236.0,133.0,140.0,133.0
53210,251.0,124.0,133.0,134.0
53211,249.0,97.0,151.0,147.0
53212,232.0,201.0,123.0,131.0
53213,234.0,124.0,132.0,128.0
53214,240.0,209.0,126.0,126.0
53215,269.0,146.0,140.0,162.0
53216,239.0,68.0,141.0,140.0
53217,248.0,122.0,143.0,146.0
53218,236.0,139.0,141.0,133.0
53219,247.0,113.0,129.0,131.0
53220,238.0,96.0,128.0,139.0
53221,253.0,118.0,151.0,142.0
53222,247.0,134.0,125.0,138.0
53223,259.0,66.0,136.0,136.0
53224,282.0,148.0,151.0,137.0
53225,249.0,103.0,134.0,144.0
53226,245.0,240.0,130.0,128.0
53227,256.0,210.0,152.0,145.0
53228,244.0,225.0,136.0,123.0
53229,244.0,149.0,155.0,142.0
53230,253.0,137.0,151.0,151.0
53231,255.0,251.0,140.0,159.0
53232,251.0,93.0,137.0,141.0
53233,250.0,114.0,144.0,130.0
53234,247.0,192.0,145.0,137.0
53235,256.0,88.0,136.0,148.0
53236,249.0,66.0,143.0,134.0
53237,234.0,200.0,128.0,125.0
53238,243.0,141.0,143.0,133.0
53239,266.0,136.0,156.0,149.0
53240,260.0,226.0,128.0,145.0
53241,248.0,123.0,140.0,139.0
53242,263.0,263.0,146.0,146.0
53243,239.0,113.0,134.0,138.0
53244,234.0,138.0,127.0,121.0
53245,252.0,176.0,145.0,149.0
53246,280.0,72.0,155.0,176.0
53247,270.0,146.0,146.0,143.0
53248,248.0,106.0,144.0,138.0
53249,267.0,87.0,157.0,141.0
53250,216.0,102.0,121.0,125.0
53251,271.0,234.0,168.0,144.0
53252,246.0,159.0,141.0,123.0
53253,250.0,117.0,138.0,149.0
53254,231.0,131.0,134.0,113.0
53255,251.0,224.0,136.0,137.0
53256,242.0,212.0,140.0,124.0
53257,231.0,201.0,143.0,133.0
53258,242.0,204.0,137.0,138.0
53259,286.0,265.0,170.0,158.0
53260,264.0,110.0,139.0,143.0
53261,234.0,233.0,138.0,125.0
53262,259.0,113.0,153.0,149.0
53263,264.0,74.0,163.0,146.0
53264,244.0,216.0,146.0,135.0
53265,230.0,196.0,130.0,125.0
53266,272.0,147.0,150.0,148.0
53267,279.0,271.0,152.0,169.0
53268,269.0,159.0,148.0,152.0
53269,266.0,46.0,168.0,150.0
53270,215.0,94.0,121.0,134.0
53271,255.0,212.0,148.0,153.0
53272,247.0,91.0,143.0,136.0
53273,259.0,114.0,154.0,140.0
53274,262.0,152.0,133.0,146.0
53275,251.0,115.0,140.0,133.0
53276,270.0,111.0,148.0,160.0
53277,242.0,103.0,135.0,129.0
53278,268.0,237.0,138.0,151.0
53279,207.0,171.0,111.0,120.0
53280,260.0,120.0,164.0,146.0
53281,262.0,134.0,143.0,148.0
53282,240.0,78.0,166.0,137.0
53283,222.0,130.0,125.0,115.0
53284,225.0,111.0,129.0,124.0
53285,251.0,139.0,137.0,143.0
53286,258.0,134.0,143.0,156.0
53287,236.0,106.0,141.0,124.0
53288,249.0,83.0,128.0,133.0
53289,249.0,93.0,141.0,146.0
53290,260.0,75.0,162.0,149.0
53291,260.0,256.0,156.0,155.0
53292,238.0,59.0,129.0,143.0
53293,240.0,121.0,128.0,133.0
53294,250.0,111.0,152.0,138.0
53295,262.0,223.0,139.0,147.0
53296,258.0,110.0,132.0,146.0
53297,263.0,233.0,150.0,154.0
53298,254.0,149.0,150.0,142.0
53299,237.0,103.0,135.0,141.0
53300,277.0,272.0,166.0,166.0
53301,274.0,85.0,143.0,163.0
53302,258.0,102.0,139.0,153.0
53303,257.0,112.0,130.0,160.0
53304,247.0,244.0,126.0,142.0
53305,244.0,199.0,128.0,126.0
53306,255.0,243.0,135.0,135.0
53307,284.0,126.0,165.0,149.0
53308,250.0,150.0,151.0,152.0
53309,261.0,261.0,160.0,143.0
53310,231.0,224.0,132.0,129.0
53311,244.0,64.0,139.0,130.0
53312,239.0,100.0,135.0,135.0
53313,250.0,99.0,146.0,139.0
53314,229.0,132.0,116.0,124.0
53315,260.0,174.0,153.0,136.0
53316,256.0,218.0,143.0,138.0
53317,239.0,102.0,140.0,134.0
53318,248.0,73.0,130.0,139.0
53319,238.0,88.0,134.0,126.0
53320,226.0,103.0,132.0,125.0
53321,250.0,181.0,145.0,130.0
53322,241.0,169.0,133.0,128.0
53323,248.0,113.0,138.0,141.0
53324,262.0,147.0,141.0,158.0
53325,241.0,195.0,130.0,135.0
53326,266.0,144.0,150.0,141.0
53327,244.0,112.0,138.0,122.0
53328,242.0,111.0,134.0,134.0
53329,237.0,138.0,144.0,132.0
53330,259.0,126.0,146.0,135.0
53331,235.0,159.0,129.0,115.0
53332,240.0,129.0,120.0,133.0
53333,241.0,228.0,134.0,125.0
53334,245.0,107.0,149.0,148.0
53335,250.0,113.0,142.0,144.0
53336,254.0,210.0,144.0,134.0
53337,233.0,216.0,135.0,129.0
53338,280.0,198.0,156.0,146.0
53339,242.0,106.0,133.0,143.0
53340,234.0,211.0,136.0,135.0
53341,246.0,119.0,136.0,143.0
53342,242.0,115.0,138.0,138.0
53343,261.0,167.0,140.0,135.0
53344,245.0,211.0,126.0,129.0
53345,239.0,211.0,116.0,140.0
53346,216.0,106.0,129.0,131.0
53347,231.0,201.0,131.0,120.0
53348,244.0,124.0,132.0,146.0
53349,257.0,226.0,145.0,142.0
53350,272.0,107.0,164.0,147.0
53351,244.0,203.0,144.0,126.0
53352,253.0,121.0,149.0,144.0
53353,230.0,131.0,128.0,136.0
53354,240.0,48.0,129.0,128.0
53355,234.0,215.0,134.0,124.0
53356,243.0,73.0,126.0,142.0
53357,247.0,87.0,135.0,142.0
53358,231.0,147.0,136.0,145.0
53359,239.0,148.0,146.0,133.0
53360,262.0,223.0,148.0,156.0
53361,239.0,112.0,143.0,136.0
53362,254.0,128.0,144.0,147.0
53363,264.0,134.0,138.0,146.0
53364,253.0,125.0,146.0,141.0
53365,237.0,63.0,137.0,133.0
53366,246.0,146.0,142.0,140.0
53367,233.0,204.0,141.0,131.0
53368,238.0,123.0,132.0,128.0
53369,239.0,209.0,141.0,127.0
53370,234.0,86.0,142.0,136.0
53371,236.0,102.0,130.0,127.0
53372,234.0,89.0,125.0,129.0
53373,261.0,153.0,152.0,139.0
53374,233.0,61.0,119.0,129.0
53375,251.0,146.0,130.0,148.0
53376,254.0,135.0,144.0,136.0
53377,253.0,96.0,137.0,139.0
53378,267.0,225.0,143.0,151.0
53379,226.0,181.0,120.0,130.0
53380,220.0,118.0,125.0,124.0
53381,248.0,119.0,142.0,147.0
53382,286.0,258.0,165.0,179.0
53383,226.0,117.0,122.0,122.0
53384,237.0,72.0,144.0,135.0
53385,275.0,103.0,167.0,152.0
53386,266.0,114.0,150.0,154.0
53387,249.0,76.0,128.0,143.0
53388,257.0,222.0,148.0,138.0
53389,242.0,74.0,131.0,130.0
53390,252.0,121.0,127.0,130.0
53391,249.0,221.0,142.0,142.0
53392,242.0,107.0,134.0,137.0
53393,249.0,126.0,133.0,143.0
53394,235.0,142.0,132.0,124.0
53395,269.0,246.0,161.0,136.0
53396,278.0,108.0,169.0,177.0
53397,256.0,146.0,159.0,137.0
53398,244.0,99.0,145.0,146.0
53399,238.0,234.0,149.0,139.0
53400,268.0,100.0,156.0,157.0
53401,249.0,147.0,127.0,124.0
53402,218.0,144.0,110.0,131.0
53403,254.0,101.0,147.0,139.0
53404,248.0,112.0,137.0,141.0
53405,265.0,111.0,152.0,147.0
53406,247.0,116.0,149.0,130.0
53407,259.0,60.0,151.0,148.0
53408,264.0,167.0,143.0,141.0
53409,267.0,128.0,163.0,155.0
53410,228.0,66.0,132.0,134.0
53411,233.0,205.0,123.0,122.0
53412,282.0,165.0,161.0,154.0
53413,259.0,120.0,153.0,144.0
53414,245.0,110.0,143.0,139.0
53415,231.0,100.0,130.0,145.0
53416,241.0,202.0,146.0,135.0
53417,262.0,235.0,142.0,144.0
53418,238.0,180.0,123.0,133.0
53419,252.0,92.0,137.0,141.0
53420,256.0,111.0,143.0,149.0
53421,238.0,116.0,138.0,125.0
53422,246.0,128.0,135.0,127.0
53423,247.0,117.0,124.0,138.0
53424,247.0,105.0,138.0,126.0
53425,268.0,88.0,158.0,147.0
53426,243.0,155.0,123.0,141.0
53427,280.0,228.0,154.0,163.0
53428,255.0,152.0,154.0,147.0
53429,250.0,221.0,134.0,136.0
53430,255.0,104.0,125.0,137.0
53431,244.0,141.0,151.0,131.0
53432,251.0,158.0,143.0,147.0
53433,259.0,175.0,138.0,141.0
53434,245.0,244.0,159.0,133.0
53435,228.0,126.0,125.0,129.0
53436,225.0,197.0,130.0,127.0
53437,256.0,95.0,132.0,162.0
53438,237.0,98.0,130.0,118.0
53439,254.0,188.0,138.0,141.0
53440,254.0,120.0,144.0,142.0
53441,258.0,115.0,131.0,144.0
53442,262.0,97.0,135.0,153.0
53443,246.0,103.0,142.0,122.0
53444,240.0,98.0,124.0,127.0
53445,246.0,231.0,136.0,139.0
53446,235.0,144.0,129.0,124.0
53447,257.0,216.0,125.0,150.0
53448,259.0,111.0,141.0,139.0
53449,256.0,118.0,146.0,146.0
53450,286.0,251.0,158.0,152.0
53451,269.0,147.0,133.0,156.0
53452,266.0,257.0,184.0,147.0
53453,265.0,256.0,154.0,150.0
53454,239.0,117.0,147.0,138.0
53455,262.0,126.0,152.0,143.0
53456,273.0,70.0,154.0,161.0
53457,259.0,227.0,157.0,142.0
53458,251.0,223.0,138.0,138.0
53459,241.0,69.0,127.0,127.0
53460,269.0,215.0,141.0,155.0
53461,253.0,253.0,153.0,144.0
53462,228.0,193.0,122.0,145.0
53463,265.0,91.0,167.0,158.0
53464,263.0,80.0,143.0,149.0
53465,241.0,116.0,133.0,135.0
53466,243.0,112.0,144.0,137.0
53467,248.0,94.0,152.0,145.0
53468,245.0,129.0,139.0,133.0
53469,228.0,81.0,137.0,133.0
53470,243.0,136.0,122.0,140.0
53471,261.0,125.0,147.0,152.0
53472,244.0,133.0,123.0,140.0
53473,253.0,59.0,148.0,153.0
53474,259.0,218.0,170.0,153.0
53475,265.0,102.0,145.0,144.0
53476,253.0,118.0,138.0,143.0
53477,258.0,117.0,139.0,144.0
53478,245.0,114.0,154.0,152.0
53479,261.0,103.0,152.0,135.0
53480,243.0,214.0,130.0,142.0
53481,253.0,70.0,132.0,157.0
53482,273.0,235.0,150.0,146.0
53483,248.0,51.0,150.0,144.0
53484,245.0,88.0,131.0,129.0
53485,255.0,131.0,148.0,134.0
53486,239.0,81.0,133.0,135.0
53487,249.0,228.0,155.0,137.0
53488,246.0,100.0,144.0,147.0
53489,235.0,111.0,129.0,145.0
53490,272.0,111.0,139.0,137.0
53491,246.0,123.0,123.0,142.0
53492,253.0,125.0,143.0,139.0
53493,236.0,123.0,127.0,124.0
53494,222.0,102.0,120.0,117.0
53495,248.0,121.0,156.0,144.0
53496,250.0,97.0,130.0,137.0
53497,273.0,90.0,150.0,145.0
53498,269.0,247.0,151.0,165.0
53499,268.0,109.0,146.0,164.0
53500,254.0,73.0,144.0,153.0
53501,246.0,94.0,150.0,132.0
53502,260.0,219.0,139.0,151.0
53503,235.0,209.0,137.0,130.0
53504,270.0,106.0,147.0,161.0
53505,272.0,127.0,151.0,165.0
53506,244.0,67.0,148.0,146.0
53507,249.0,107.0,151.0,132.0
53508,252.0,226.0,145.0,145.0
53509,262.0,137.0,146.0,143.0
53510,262.0,234.0,151.0,152.0
53511,250.0,248.0,152.0,144.0
53512,268.0,98.0,150.0,146.0
53513,257.0,255.0,146.0,149.0
53514,237.0,124.0,128.0,127.0
53515,264.0,150.0,145.0,136.0
53516,251.0,94.0,143.0,139.0
53517,237.0,114.0,138.0,125.0
53518,229.0,107.0,130.0,121.0
53519,254.0,123.0,139.0,146.0
53520,264.0,56.0,132.0,153.0
53521,241.0,204.0,120.0,143.0
53522,281.0,153.0,163.0,164.0
53523,239.0,97.0,127.0,138.0
53524,239.0,126.0,130.0,137.0
53525,233.0,156.0,133.0,144.0
53526,239.0,74.0,124.0,139.0
53527,253.0,110.0,138.0,152.0
53528,245.0,165.0,139.0,140.0
53529,234.0,135.0,115.0,137.0
53530,252.0,138.0,127.0,143.0
53531,261.0,241.0,157.0,141.0
53532,244.0,97.0,143.0,137.0
53533,290.0,114.0,152.0,163.0
53534,227.0,197.0,140.0,132.0
53535,274.0,83.0,153.0,170.0
53536,246.0,146.0,140.0,136.0
53537,249.0,109.0,126.0,143.0
53538,270.0,153.0,141.0,150.0
53539,254.0,143.0,159.0,153.0
53540,256.0,92.0,147.0,156.0
53541,259.0,87.0,147.0,164.0
53542,255.0,164.0,131.0,144.0
53543,243.0,108.0,126.0,135.0
53544,274.0,143.0,154.0,175.0
53545,263.0,141.0,147.0,146.0
53546,250.0,83.0,139.0,144.0
53547,262.0,251.0,147.0,155.0
53548,245.0,92.0,152.0,125.0
53549,250.0,208.0,142.0,141.0
53550,262.0,177.0,172.0,150.0
53551,232.0,201.0,129.0,126.0
53552,257.0,210.0,147.0,124.0
53553,229.0,117.0,131.0,127.0
53554,242.0,205.0,130.0,141.0
53555,253.0,245.0,135.0,141.0
53556,251.0,89.0,153.0,142.0
53557,274.0,114.0,146.0,159.0
53558,258.0,108.0,145.0,147.0
53559,257.0,217.0,127.0,134.0
53560,217.0,102.0,123.0,119.0
53561,251.0,111.0,138.0,132.0
53562,261.0,230.0,158.0,140.0
53563,236.0,73.0,126.0,128.0
53564,221.0,109.0,128.0,120.0
53565,250.0,225.0,137.0,144.0
53566,254.0,220.0,151.0,153.0
53567,227.0,101.0,126.0,120.0
53568,238.0,119.0,136.0,132.0
53569,270.0,87.0,158.0,148.0
53570,248.0,155.0,150.0,145.0
53571,243.0,161.0,114.0,153.0
53572,248.0,109.0,154.0,125.0
53573,241.0,73.0,130.0,140.0
53574,273.0,232.0,142.0,143.0
53575,250.0,201.0,141.0,135.0
53576,259.0,210.0,151.0,130.0
53577,246.0,208.0,134.0,127.0
53578,231.0,206.0,149.0,134.0
53579,241.0,96.0,130.0,141.0
53580,257.0,236.0,134.0,148.0
53581,255.0,108.0,140.0,130.0
53582,242.0,125.0,146.0,135.0
53583,259.0,226.0,142.0,149.0
53584,263.0,247.0,147.0,160.0
53585,255.0,231.0,145.0,130.0
53586,246.0,78.0,140.0,140.0
53587,230.0,213.0,130.0,120.0
53588,218.0,126.0,111.0,125.0
53589,249.0,222.0,151.0,140.0
53590,259.0,79.0,141.0,154.0
53591,252.0,205.0,145.0,137.0
53592,229.0,121.0,124.0,132.0
53593,277.0,146.0,151.0,154.0
53594,248.0,131.0,150.0,139.0
53595,248.0,86.0,122.0,138.0
53596,247.0,148.0,143.0,142.0
53597,257.0,78.0,140.0,149.0
53598,266.0,129.0,126.0,148.0
53599,263.0,82.0,152.0,165.0
53600,253.0,109.0,127.0,135.0
53601,245.0,99.0,147.0,141.0
53602,253.0,78.0,153.0,132.0
53603,253.0,153.0,147.0,149.0
53604,250.0,114.0,141.0,148.0
53605,238.0,137.0,124.0,139.0
53606,253.0,129.0,147.0,149.0
53607,259.0,90.0,151.0,143.0
53608,231.0,194.0,130.0,128.0
53609,234.0,203.0,139.0,128.0
53610,258.0,85.0,133.0,147.0
53611,251.0,87.0,139.0,137.0
53612,254.0,85.0,161.0,129.0
53613,276.0,111.0,151.0,151.0
53614,254.0,249.0,138.0,158.0
53615,265.0,105.0,155.0,133.0
53616,241.0,93.0,141.0,142.0
53617,243.0,197.0,131.0,134.0
53618,256.0,215.0,134.0,146.0
53619,245.0,213.0,142.0,139.0
53620,250.0,96.0,142.0,139.0
53621,263.0,109.0,162.0,152.0
53622,243.0,100.0,138.0,140.0
53623,218.0,156.0,127.0,121.0
53624,251.0,160.0,130.0,144.0
53625,251.0,218.0,139.0,125.0
53626,296.0,266.0,162.0,177.0
53627,239.0,236.0,135.0,127.0
53628,245.0,225.0,144.0,138.0
53629,251.0,122.0,138.0,133.0
53630,272.0,161.0,142.0,175.0
53631,258.0,139.0,142.0,135.0
53632,265.0,228.0,132.0,149.0
53633,218.0,100.0,124.0,117.0
53634,234.0,32.0,130.0,137.0
53635,249.0,118.0,149.0,135.0
53636,272.0,143.0,154.0,167.0
53637,246.0,104.0,128.0,140.0
53638,247.0,122.0,140.0,134.0
53639,257.0,166.0,142.0,148.0
53640,246.0,70.0,129.0,132.0
53641,243.0,111.0,143.0,122.0
53642,248.0,131.0,152.0,136.0
53643,260.0,253.0,140.0,150.0
53644,225.0,143.0,129.0,135.0
53645,255.0,201.0,157.0,160.0
53646,264.0,130.0,135.0,148.0
53647,251.0,227.0,130.0,131.0
53648,256.0,98.0,136.0,139.0
53649,238.0,110.0,155.0,138.0
53650,263.0,109.0,141.0,141.0
53651,263.0,119.0,147.0,148.0
53652,221.0,178.0,129.0,112.0
53653,259.0,86.0,152.0,145.0
53654,245.0,124.0,138.0,140.0
53655,257.0,128.0,159.0,146.0
53656,237.0,66.0,131.0,147.0
53657,255.0,224.0,152.0,139.0
53658,236.0,86.0,134.0,141.0
53659,253.0,251.0,152.0,146.0
53660,271.0,139.0,153.0,149.0
53661,262.0,157.0,143.0,171.0
53662,257.0,215.0,132.0,158.0
53663,260.0,158.0,136.0,161.0
53664,245.0,222.0,129.0,146.0
53665,241.0,93.0,136.0,140.0
53666,260.0,140.0,155.0,155.0
53667,237.0,91.0,118.0,125.0
53668,252.0,116.0,140.0,143.0
53669,262.0,91.0,146.0,159.0
53670,269.0,104.0,148.0,153.0
53671,251.0,130.0,149.0,133.0
53672,239.0,143.0,113.0,125.0
53673,253.0,239.0,149.0,144.0
53674,269.0,228.0,147.0,149.0
53675,269.0,93.0,147.0,144.0
53676,260.0,100.0,151.0,158.0
53677,227.0,126.0,133.0,128.0
53678,230.0,61.0,128.0,137.0
53679,254.0,226.0,149.0,142.0
53680,230.0,223.0,120.0,108.0
53681,244.0,122.0,135.0,139.0
53682,254.0,101.0,151.0,151.0
53683,256.0,156.0,138.0,143.0
53684,277.0,248.0,153.0,148.0
53685,247.0,217.0,142.0,144.0
53686,239.0,220.0,136.0,133.0
53687,251.0,204.0,133.0,138.0
53688,260.0,213.0,168.0,147.0
53689,259.0,253.0,145.0,131.0
53690,245.0,133.0,133.0,142.0
53691,262.0,126.0,154.0,164.0
53692,236.0,95.0,131.0,127.0
53693,252.0,161.0,142.0,142.0
53694,243.0,224.0,130.0,143.0
53695,235.0,187.0,124.0,129.0
53696,259.0,119.0,149.0,160.0
53697,231.0,197.0,137.0,123.0
53698,267.0,148.0,144.0,148.0
53699,245.0,97.0,155.0,146.0
53700,262.0,259.0,138.0,158.0
53701,238.0,69.0,126.0,132.0
53702,238.0,154.0,127.0,136.0
53703,279.0,123.0,145.0,172.0
53704,263.0,248.0,152.0,151.0
53705,260.0,220.0,158.0,138.0
53706,266.0,226.0,139.0,154.0
53707,242.0,75.0,145.0,146.0
53708,236.0,108.0,126.0,128.0
53709,246.0,92.0,140.0,137.0
53710,247.0,88.0,144.0,132.0
53711,248.0,109.0,144.0,138.0
53712,257.0,124.0,145.0,151.0
53713,242.0,128.0,140.0,132.0
53714,246.0,156.0,128.0,136.0
53715,248.0,118.0,136.0,137.0
53716,259.0,115.0,144.0,152.0
53717,260.0,105.0,146.0,140.0
53718,244.0,211.0,136.0,142.0
53719,256.0,116.0,130.0,146.0
53720,262.0,87.0,158.0,150.0
53721,238.0,88.0,130.0,136.0
53722,262.0,121.0,164.0,144.0
53723,258.0,106.0,159.0,152.0
53724,260.0,229.0,150.0,141.0
53725,281.0,279.0,168.0,153.0
53726,257.0,116.0,139.0,146.0
53727,234.0,141.0,136.0,135.0
53728,274.0,109.0,149.0,164.0
53729,274.0,98.0,151.0,170.0
53730,240.0,192.0,143.0,127.0
53731,279.0,101.0,163.0,164.0
53732,231.0,197.0,130.0,128.0
53733,256.0,124.0,134.0,139.0
53734,219.0,83.0,120.0,124.0
53735,261.0,86.0,159.0,133.0
53736,300.0,245.0,167.0,171.0
53737,266.0,110.0,157.0,146.0
53738,232.0,197.0,134.0,126.0
53739,233.0,93.0,134.0,125.0
53740,256.0,71.0,142.0,151.0
53741,240.0,226.0,118.0,137.0
53742,254.0,240.0,156.0,149.0
53743,267.0,111.0,160.0,163.0
53744,247.0,205.0,123.0,135.0
53745,253.0,80.0,144.0,135.0
53746,249.0,89.0,150.0,128.0
53747,271.0,224.0,157.0,149.0
53748,257.0,133.0,148.0,139.0
53749,265.0,100.0,142.0,142.0
53750,231.0,199.0,132.0,122.0
53751,241.0,105.0,128.0,139.0
53752,250.0,126.0,139.0,146.0
53753,249.0,145.0,135.0,150.0
53754,242.0,118.0,142.0,128.0
53755,267.0,110.0,151.0,145.0
53756,251.0,82.0,142.0,135.0
53757,258.0,87.0,155.0,138.0
53758,276.0,274.0,153.0,154.0
53759,266.0,122.0,140.0,143.0
53760,255.0,118.0,134.0,134.0
53761,258.0,68.0,161.0,140.0
53762,272.0,142.0,167.0,159.0
53763,251.0,70.0,134.0,151.0
53764,229.0,74.0,128.0,114.0
53765,226.0,141.0,144.0,124.0
53766,238.0,62.0,142.0,138.0
53767,257.0,151.0,129.0,131.0
53768,258.0,128.0,136.0,144.0
53769,245.0,205.0,133.0,135.0
53770,227.0,115.0,117.0,140.0
53771,262.0,94.0,132.0,157.0
53772,261.0,120.0,139.0,139.0
53773,249.0,93.0,159.0,155.0
53774,251.0,223.0,144.0,124.0
53775,248.0,205.0,145.0,131.0
53776,249.0,149.0,145.0,146.0
53777,253.0,244.0,137.0,140.0
53778,259.0,162.0,147.0,145.0
53779,238.0,186.0,124.0,139.0
53780,267.0,235.0,161.0,160.0
53781,252.0,109.0,146.0,137.0
53782,248.0,236.0,125.0,154.0
53783,261.0,121.0,154.0,145.0
53784,264.0,232.0,163.0,156.0
53785,262.0,132.0,147.0,147.0
53786,265.0,235.0,143.0,146.0
53787,231.0,103.0,130.0,134.0
53788,248.0,107.0,138.0,149.0
53789,253.0,107.0,155.0,125.0
53790,241.0,210.0,137.0,140.0
53791,265.0,219.0,149.0,149.0
53792,243.0,80.0,150.0,142.0
53793,237.0,144.0,143.0,140.0
53794,252.0,158.0,147.0,137.0
53795,227.0,191.0,140.0,128.0
53796,270.0,106.0,153.0,153.0
53797,259.0,184.0,149.0,150.0
53798,257.0,212.0,165.0,150.0
53799,247.0,216.0,131.0,141.0
53800,234.0,135.0,130.0,130.0
53801,272.0,106.0,158.0,167.0
53802,248.0,106.0,156.0,119.0
53803,254.0,108.0,134.0,140.0
53804,242.0,124.0,127.0,123.0
53805,240.0,139.0,145.0,140.0
53806,265.0,66.0,150.0,149.0
53807,251.0,140.0,139.0,144.0
53808,251.0,93.0,145.0,140.0
53809,240.0,144.0,133.0,147.0
53810,251.0,118.0,140.0,119.0
53811,239.0,239.0,141.0,135.0
53812,260.0,227.0,143.0,133.0
53813,254.0,145.0,156.0,146.0
53814,273.0,147.0,158.0,158.0
53815,285.0,153.0,159.0,176.0
53816,244.0,77.0,142.0,143.0
53817,276.0,257.0,154.0,159.0
53818,237.0,90.0,122.0,137.0
53819,266.0,218.0,153.0,154.0
53820,274.0,114.0,159.0,160.0
53821,234.0,123.0,146.0,129.0
53822,260.0,80.0,153.0,135.0
53823,251.0,93.0,133.0,132.0
53824,254.0,134.0,143.0,133.0
53825,272.0,144.0,139.0,165.0
53826,251.0,132.0,140.0,144.0
53827,232.0,82.0,131.0,117.0
53828,272.0,119.0,149.0,141.0
53829,247.0,198.0,140.0,130.0
53830,238.0,203.0,132.0,143.0
53831,236.0,130.0,130.0,120.0
53832,261.0,225.0,141.0,140.0
53833,244.0,123.0,137.0,136.0
53834,279.0,232.0,155.0,156.0
53835,275.0,156.0,143.0,166.0
53836,245.0,75.0,152.0,144.0
53837,273.0,233.0,153.0,153.0
53838,240.0,217.0,139.0,125.0
53839,265.0,117.0,131.0,156.0
53840,249.0,126.0,159.0,132.0
53841,267.0,115.0,156.0,148.0
53842,249.0,88.0,144.0,144.0
53843,253.0,218.0,141.0,147.0
53844,228.0,70.0,129.0,124.0
53845,239.0,205.0,138.0,139.0
53846,239.0,155.0,122.0,140.0
53847,260.0,143.0,158.0,133.0
53848,216.0,101.0,122.0,115.0
53849,258.0,115.0,141.0,138.0
53850,248.0,148.0,131.0,129.0
53851,290.0,248.0,158.0,157.0
53852,233.0,81.0,133.0,133.0
53853,267.0,175.0,155.0,154.0
53854,254.0,130.0,142.0,142.0
53855,256.0,171.0,135.0,139.0
53856,260.0,108.0,151.0,141.0
53857,257.0,101.0,129.0,145.0
53858,217.0,100.0,117.0,126.0
53859,246.0,168.0,131.0,140.0
53860,271.0,166.0,145.0,151.0
53861,237.0,132.0,130.0,132.0
53862,242.0,208.0,136.0,129.0
53863,244.0,143.0,143.0,136.0
53864,239.0,98.0,139.0,138.0
53865,254.0,102.0,144.0,154.0
53866,285.0,105.0,177.0,156.0
53867,266.0,109.0,152.0,160.0
53868,259.0,140.0,150.0,133.0
53869,250.0,145.0,154.0,124.0
53870,241.0,137.0,131.0,155.0
53871,245.0,134.0,125.0,126.0
53872,258.0,227.0,128.0,134.0
53873,239.0,92.0,151.0,146.0
53874,274.0,113.0,154.0,142.0
53875,251.0,103.0,151.0,129.0
53876,243.0,214.0,145.0,136.0
53877,252.0,220.0,137.0,137.0
53878,246.0,110.0,148.0,133.0
53879,275.0,133.0,160.0,161.0
53880,258.0,101.0,144.0,136.0
53881,273.0,93.0,147.0,138.0
53882,230.0,211.0,133.0,130.0
53883,243.0,107.0,137.0,123.0
53884,221.0,118.0,120.0,123.0
53885,262.0,101.0,135.0,140.0
53886,241.0,81.0,135.0,135.0
53887,244.0,208.0,125.0,133.0
53888,259.0,78.0,156.0,170.0
53889,258.0,142.0,137.0,147.0
53890,235.0,127.0,129.0,122.0
53891,255.0,85.0,143.0,151.0
53892,254.0,85.0,140.0,124.0
53893,234.0,192.0,137.0,137.0
53894,255.0,171.0,138.0,141.0
53895,254.0,222.0,140.0,139.0
53896,246.0,104.0,131.0,149.0
53897,243.0,237.0,129.0,140.0
53898,253.0,214.0,146.0,156.0
53899,261.0,92.0,153.0,145.0
53900,248.0,219.0,131.0,141.0
53901,234.0,96.0,138.0,145.0
53902,251.0,98.0,153.0,146.0
53903,250.0,216.0,144.0,142.0
53904,233.0,102.0,133.0,126.0
53905,247.0,103.0,146.0,142.0
53906,260.0,125.0,149.0,144.0
53907,245.0,95.0,133.0,144.0
53908,249.0,102.0,131.0,150.0
53909,245.0,205.0,144.0,150.0
53910,246.0,94.0,140.0,127.0
53911,226.0,225.0,135.0,128.0
53912,262.0,155.0,157.0,138.0
53913,267.0,164.0,149.0,155.0
53914,265.0,147.0,149.0,144.0
53915,242.0,73.0,149.0,129.0
53916,241.0,144.0,144.0,143.0
53917,264.0,80.0,159.0,144.0
53918,257.0,122.0,157.0,134.0
53919,240.0,91.0,137.0,125.0
53920,222.0,77.0,113.0,123.0
53921,255.0,93.0,146.0,140.0
53922,248.0,216.0,136.0,130.0
53923,270.0,120.0,149.0,138.0
53924,252.0,217.0,148.0,142.0
53925,251.0,80.0,128.0,150.0
53926,248.0,149.0,123.0,121.0
53927,215.0,122.0,118.0,115.0
53928,260.0,224.0,139.0,140.0
53929,266.0,80.0,142.0,153.0
53930,253.0,97.0,140.0,150.0
53931,255.0,212.0,140.0,137.0
53932,247.0,123.0,145.0,143.0
53933,255.0,214.0,150.0,145.0
53934,247.0,63.0,143.0,149.0
53935,241.0,114.0,147.0,151.0
53936,250.0,103.0,134.0,146.0
53937,253.0,79.0,144.0,141.0
53938,253.0,217.0,156.0,147.0
53939,251.0,239.0,139.0,144.0
53940,252.0,112.0,150.0,142.0
53941,222.0,113.0,118.0,123.0
53942,234.0,135.0,145.0,124.0
53943,255.0,149.0,133.0,119.0
53944,265.0,115.0,149.0,134.0
53945,256.0,117.0,150.0,142.0
53946,261.0,68.0,138.0,149.0
53947,256.0,126.0,130.0,150.0
53948,226.0,70.0,131.0,125.0
53949,262.0,120.0,163.0,148.0
53950,229.0,229.0,141.0,135.0
53951,248.0,216.0,146.0,140.0
53952,247.0,112.0,137.0,136.0
53953,250.0,69.0,136.0,134.0
53954,239.0,126.0,130.0,139.0
53955,235.0,195.0,138.0,147.0
53956,245.0,104.0,137.0,139.0
53957,262.0,96.0,134.0,130.0
53958,254.0,103.0,149.0,136.0
53959,220.0,69.0,126.0,128.0
53960,255.0,137.0,145.0,139.0
53961,255.0,98.0,143.0,158.0
53962,260.0,160.0,150.0,140.0
53963,271.0,165.0,154.0,159.0
53964,236.0,231.0,115.0,130.0
53965,225.0,201.0,123.0,117.0
53966,250.0,221.0,142.0,136.0
53967,237.0,129.0,134.0,133.0
53968,245.0,134.0,128.0,135.0
53969,234.0,100.0,132.0,129.0
53970,257.0,98.0,150.0,144.0
53971,251.0,86.0,138.0,151.0
53972,214.0,176.0,132.0,130.0
53973,229.0,89.0,131.0,136.0
53974,283.0,83.0,147.0,171.0
53975,225.0,109.0,128.0,116.0
53976,249.0,112.0,131.0,135.0
53977,223.0,113.0,121.0,128.0
53978,255.0,79.0,144.0,152.0
53979,244.0,111.0,124.0,129.0
53980,245.0,121.0,151.0,140.0
53981,232.0,133.0,133.0,132.0
53982,267.0,249.0,148.0,139.0
53983,286.0,115.0,161.0,160.0
53984,235.0,100.0,136.0,130.0
53985,252.0,215.0,139.0,140.0
53986,254.0,254.0,160.0,147.0
53987,232.0,73.0,115.0,127.0
53988,248.0,128.0,138.0,131.0
53989,232.0,113.0,138.0,127.0
53990,268.0,218.0,155.0,160.0
53991,233.0,85.0,131.0,130.0
53992,263.0,133.0,149.0,148.0
53993,252.0,107.0,145.0,149.0
53994,261.0,101.0,160.0,141.0
53995,247.0,113.0,138.0,125.0
53996,229.0,78.0,136.0,126.0
53997,261.0,124.0,145.0,154.0
53998,245.0,136.0,133.0,130.0
53999,249.0,94.0,145.0,148.0
54000,237.0,109.0,124.0,119.0
54001,237.0,186.0,136.0,131.0
54002,241.0,225.0,131.0,138.0
54003,265.0,117.0,153.0,148.0
54004,271.0,224.0,161.0,138.0
54005,257.0,155.0,148.0,146.0
54006,223.0,89.0,130.0,127.0
54007,258.0,220.0,152.0,141.0
54008,241.0,88.0,144.0,142.0
54009,259.0,85.0,147.0,159.0
54010,249.0,135.0,145.0,135.0
54011,246.0,214.0,135.0,147.0
54012,247.0,81.0,132.0,153.0
54013,264.0,217.0,147.0,127.0
54014,254.0,108.0,135.0,143.0
54015,260.0,101.0,129.0,155.0
54016,260.0,122.0,146.0,155.0
54017,214.0,95.0,108.0,118.0
54018,260.0,82.0,141.0,133.0
54019,258.0,224.0,134.0,142.0
54020,267.0,216.0,167.0,143.0
54021,246.0,223.0,134.0,154.0
54022,256.0,147.0,144.0,141.0
54023,240.0,214.0,139.0,129.0
54024,245.0,149.0,131.0,147.0
54025,244.0,224.0,137.0,134.0
54026,234.0,194.0,141.0,129.0
54027,244.0,73.0,133.0,145.0
54028,254.0,210.0,140.0,140.0
54029,254.0,129.0,148.0,143.0
54030,236.0,81.0,126.0,145.0
54031,261.0,114.0,153.0,152.0
54032,223.0,143.0,122.0,115.0
54033,248.0,104.0,129.0,134.0
54034,260.0,91.0,147.0,152.0
54035,247.0,100.0,134.0,141.0
54036,244.0,116.0,132.0,134.0
54037,276.0,236.0,144.0,171.0
54038,241.0,212.0,134.0,138.0
54039,249.0,107.0,128.0,140.0
54040,246.0,142.0,151.0,133.0
54041,271.0,140.0,154.0,140.0
54042,255.0,223.0,143.0,144.0
54043,244.0,235.0,142.0,119.0
54044,234.0,200.0,139.0,123.0
54045,242.0,195.0,120.0,137.0
54046,249.0,123.0,142.0,140.0
54047,246.0,112.0,135.0,129.0
54048,216.0,146.0,123.0,119.0
54049,229.0,102.0,119.0,136.0
54050,238.0,103.0,135.0,135.0
54051,254.0,100.0,135.0,141.0
54052,276.0,153.0,150.0,156.0
54053,254.0,95.0,140.0,138.0
54054,268.0,66.0,134.0,141.0
54055,244.0,122.0,138.0,140.0
54056,244.0,123.0,138.0,147.0
54057,231.0,107.0,114.0,124.0
54058,254.0,121.0,147.0,160.0
54059,246.0,136.0,147.0,143.0
54060,262.0,252.0,142.0,126.0
54061,269.0,89.0,160.0,158.0
54062,237.0,81.0,142.0,126.0
54063,251.0,119.0,143.0,138.0
54064,248.0,137.0,134.0,134.0
54065,244.0,225.0,144.0,134.0
54066,261.0,187.0,134.0,140.0
54067,249.0,79.0,159.0,134.0
54068,268.0,114.0,152.0,144.0
54069,251.0,158.0,151.0,148.0
54070,258.0,118.0,151.0,166.0
54071,220.0,72.0,113.0,114.0
54072,264.0,166.0,156.0,158.0
54073,255.0,220.0,143.0,164.0
54074,259.0,130.0,153.0,141.0
54075,261.0,143.0,138.0,146.0
54076,275.0,110.0,150.0,140.0
54077,258.0,133.0,150.0,141.0
54078,267.0,223.0,142.0,157.0
54079,235.0,95.0,137.0,136.0
54080,261.0,86.0,146.0,144.0
54081,230.0,97.0,128.0,128.0
54082,233.0,194.0,132.0,129.0
54083,260.0,221.0,153.0,150.0
54084,261.0,145.0,147.0,158.0
54085,257.0,127.0,146.0,161.0
54086,220.0,125.0,128.0,121.0
54087,254.0,83.0,142.0,145.0
54088,265.0,71.0,130.0,144.0
54089,250.0,87.0,134.0,134.0
54090,266.0,106.0,155.0,148.0
54091,254.0,130.0,145.0,140.0
54092,258.0,131.0,140.0,134.0
54093,265.0,261.0,147.0,147.0
54094,251.0,116.0,152.0,136.0
54095,249.0,110.0,152.0,147.0
54096,241.0,48.0,139.0,132.0
54097,253.0,211.0,134.0,135.0
54098,233.0,156.0,135.0,127.0
54099,259.0,135.0,149.0,153.0
54100,259.0,238.0,129.0,131.0
54101,232.0,103.0,133.0,126.0
54102,253.0,110.0,150.0,144.0
54103,245.0,114.0,152.0,141.0
54104,278.0,137.0,138.0,161.0
54105,270.0,225.0,150.0,149.0
54106,255.0,225.0,162.0,152.0
54107,258.0,130.0,145.0,147.0
54108,255.0,132.0,141.0,142.0
54109,223.0,79.0,127.0,131.0
54110,246.0,110.0,136.0,134.0
54111,264.0,121.0,148.0,161.0
54112,277.0,160.0,144.0,161.0
54113,273.0,70.0,162.0,140.0
54114,254.0,242.0,151.0,135.0
54115,258.0,106.0,144.0,151.0
54116,244.0,197.0,136.0,129.0
54117,240.0,115.0,140.0,137.0
54118,250.0,141.0,134.0,142.0
54119,241.0,212.0,141.0,130.0
54120,237.0,134.0,136.0,138.0
54121,233.0,62.0,141.0,134.0
54122,258.0,112.0,140.0,148.0
54123,229.0,206.0,124.0,133.0
54124,249.0,226.0,134.0,142.0
54125,248.0,147.0,139.0,133.0
54126,246.0,126.0,134.0,128.0
54127,261.0,173.0,140.0,131.0
54128,265.0,118.0,152.0,152.0
54129,241.0,95.0,126.0,142.0
54130,245.0,123.0,136.0,133.0
54131,224.0,213.0,114.0,137.0
54132,242.0,104.0,135.0,124.0
54133,237.0,189.0,140.0,125.0
54134,231.0,230.0,136.0,130.0
54135,249.0,106.0,134.0,138.0
54136,239.0,71.0,140.0,143.0
54137,263.0,69.0,145.0,160.0
54138,242.0,207.0,132.0,126.0
54139,251.0,98.0,138.0,148.0
54140,253.0,126.0,141.0,128.0
54141,233.0,121.0,137.0,121.0
54142,251.0,78.0,148.0,130.0
54143,248.0,206.0,131.0,136.0
54144,266.0,127.0,166.0,152.0
54145,241.0,156.0,131.0,135.0
54146,243.0,99.0,123.0,147.0
54147,254.0,93.0,137.0,160.0
54148,235.0,96.0,142.0,137.0
54149,255.0,105.0,147.0,147.0
54150,267.0,95.0,146.0,149.0
54151,255.0,240.0,143.0,135.0
54152,238.0,108.0,145.0,135.0
54153,259.0,97.0,135.0,143.0
54154,234.0,92.0,129.0,126.0
54155,251.0,116.0,130.0,139.0
54156,263.0,215.0,134.0,148.0
54157,251.0,204.0,136.0,133.0
54158,251.0,213.0,139.0,145.0
54159,239.0,170.0,139.0,138.0
54160,245.0,116.0,124.0,130.0
54161,241.0,206.0,121.0,132.0
54162,250.0,215.0,140.0,141.0
54163,258.0,173.0,136.0,154.0
54164,244.0,77.0,138.0,147.0
54165,256.0,216.0,137.0,140.0
54166,241.0,90.0,136.0,120.0
54167,252.0,90.0,143.0,151.0
54168,258.0,90.0,137.0,147.0
54169,215.0,130.0,126.0,125.0
54170,269.0,112.0,148.0,160.0
54171,233.0,82.0,141.0,137.0
54172,249.0,211.0,147.0,137.0
54173,225.0,104.0,131.0,138.0
54174,222.0,96.0,115.0,129.0
54175,243.0,123.0,143.0,137.0
54176,269.0,116.0,142.0,131.0
54177,228.0,76.0,125.0,139.0
54178,249.0,107.0,128.0,140.0
54179,234.0,96.0,132.0,132.0
54180,276.0,119.0,157.0,149.0
54181,264.0,263.0,154.0,143.0
54182,234.0,93.0,128.0,127.0
54183,252.0,202.0,130.0,147.0
54184,254.0,153.0,140.0,152.0
54185,243.0,103.0,131.0,136.0
54186,246.0,125.0,151.0,141.0
54187,242.0,154.0,141.0,136.0
54188,250.0,93.0,144.0,152.0
54189,214.0,80.0,127.0,120.0
54190,228.0,191.0,140.0,139.0
54191,263.0,120.0,165.0,157.0
54192,273.0,228.0,146.0,145.0
54193,249.0,135.0,134.0,140.0
54194,260.0,219.0,144.0,149.0
54195,257.0,36.0,146.0,140.0
54196,267.0,129.0,149.0,145.0
54197,249.0,219.0,136.0,127.0
54198,243.0,71.0,121.0,126.0
54199,253.0,230.0,153.0,140.0
54200,267.0,83.0,161.0,154.0
54201,256.0,99.0,151.0,149.0
54202,267.0,226.0,151.0,148.0
54203,265.0,152.0,142.0,146.0
54204,248.0,102.0,154.0,137.0
54205,269.0,90.0,140.0,165.0
54206,249.0,75.0,128.0,131.0
54207,269.0,232.0,153.0,152.0
54208,243.0,89.0,137.0,148.0
54209,247.0,226.0,128.0,141.0
54210,289.0,101.0,167.0,176.0
54211,267.0,136.0,142.0,148.0
54212,230.0,140.0,124.0,126.0
54213,231.0,117.0,126.0,135.0
54214,240.0,225.0,138.0,129.0
54215,259.0,224.0,138.0,150.0
54216,231.0,231.0,135.0,137.0
54217,240.0,192.0,139.0,138.0
54218,249.0,198.0,146.0,140.0
54219,241.0,202.0,146.0,130.0
54220,260.0,150.0,144.0,141.0
54221,241.0,95.0,147.0,142.0
54222,263.0,117.0,153.0,163.0
54223,274.0,188.0,155.0,161.0
54224,266.0,144.0,141.0,148.0
54225,269.0,248.0,151.0,161.0
54226,244.0,103.0,122.0,138.0
54227,261.0,135.0,141.0,144.0
54228,258.0,75.0,147.0,149.0
54229,251.0,97.0,150.0,150.0
54230,231.0,97.0,132.0,134.0
54231,252.0,96.0,144.0,147.0
54232,219.0,190.0,111.0,134.0
54233,245.0,208.0,132.0,155.0
54234,251.0,68.0,137.0,148.0
54235,232.0,83.0,128.0,116.0
54236,250.0,221.0,137.0,144.0
54237,250.0,215.0,143.0,146.0
54238,262.0,216.0,139.0,157.0
54239,254.0,66.0,133.0,136.0
54240,229.0,93.0,118.0,133.0
54241,274.0,171.0,157.0,151.0
54242,236.0,85.0,125.0,135.0
54243,234.0,106.0,129.0,128.0
54244,261.0,168.0,150.0,149.0
54245,229.0,118.0,128.0,128.0
54246,252.0,107.0,150.0,134.0
54247,217.0,96.0,117.0,131.0
54248,279.0,233.0,151.0,160.0
54249,247.0,219.0,145.0,135.0
54250,250.0,222.0,134.0,142.0
54251,242.0,91.0,137.0,116.0
54252,263.0,96.0,145.0,144.0
54253,286.0,242.0,153.0,152.0
54254,253.0,171.0,138.0,149.0
54255,258.0,215.0,149.0,129.0
54256,240.0,201.0,146.0,141.0
54257,256.0,102.0,156.0,153.0
54258,277.0,116.0,160.0,153.0
54259,240.0,103.0,132.0,134.0
54260,245.0,151.0,143.0,137.0
54261,254.0,228.0,138.0,147.0
54262,246.0,146.0,138.0,131.0
54263,241.0,108.0,138.0,137.0
54264,271.0,128.0,157.0,148.0
54265,253.0,159.0,139.0,132.0
54266,238.0,208.0,126.0,129.0
54267,225.0,75.0,121.0,129.0
54268,268.0,118.0,162.0,156.0
54269,253.0,147.0,126.0,149.0
54270,244.0,133.0,135.0,145.0
54271,229.0,100.0,122.0,125.0
54272,257.0,220.0,155.0,138.0
54273,267.0,240.0,133.0,155.0
54274,250.0,214.0,137.0,145.0
54275,260.0,98.0,144.0,149.0
54276,251.0,120.0,137.0,143.0
54277,236.0,119.0,141.0,135.0
54278,266.0,218.0,137.0,142.0
54279,249.0,243.0,161.0,146.0
54280,260.0,190.0,140.0,139.0
54281,256.0,79.0,140.0,153.0
54282,241.0,93.0,130.0,131.0
54283,245.0,191.0,142.0,145.0
54284,242.0,122.0,125.0,133.0
54285,242.0,205.0,140.0,134.0
54286,260.0,223.0,146.0,148.0
54287,231.0,68.0,124.0,126.0
54288,244.0,101.0,134.0,145.0
54289,255.0,137.0,149.0,144.0
54290,239.0,208.0,131.0,143.0
54291,257.0,97.0,135.0,132.0
54292,226.0,92.0,147.0,121.0
54293,265.0,239.0,151.0,159.0
54294,236.0,77.0,138.0,127.0
54295,233.0,123.0,132.0,139.0
54296,241.0,58.0,134.0,139.0
54297,241.0,129.0,139.0,132.0
54298,240.0,192.0,138.0,147.0
54299,241.0,216.0,143.0,137.0
54300,243.0,81.0,135.0,122.0
54301,230.0,109.0,126.0,123.0
54302,262.0,255.0,138.0,150.0
54303,268.0,265.0,151.0,135.0
54304,237.0,81.0,128.0,137.0
54305,244.0,232.0,141.0,144.0
54306,230.0,85.0,127.0,132.0
54307,246.0,114.0,143.0,151.0
54308,235.0,198.0,129.0,136.0
54309,249.0,244.0,141.0,144.0
54310,251.0,66.0,145.0,138.0
54311,262.0,258.0,152.0,136.0
54312,255.0,83.0,153.0,142.0
54313,231.0,100.0,122.0,147.0
54314,231.0,85.0,138.0,127.0
54315,256.0,88.0,139.0,139.0
54316,249.0,70.0,132.0,143.0
54317,248.0,221.0,150.0,134.0
54318,264.0,105.0,163.0,152.0
54319,240.0,69.0,134.0,130.0
54320,255.0,109.0,141.0,131.0
54321,278.0,145.0,141.0,150.0
54322,265.0,225.0,158.0,152.0
54323,230.0,115.0,127.0,131.0
54324,259.0,220.0,154.0,149.0
54325,276.0,125.0,159.0,136.0
54326,247.0,89.0,147.0,141.0
54327,234.0,121.0,117.0,123.0
54328,253.0,244.0,138.0,132.0
54329,245.0,238.0,131.0,138.0
54330,242.0,206.0,145.0,131.0
54331,263.0,258.0,147.0,154.0
54332,242.0,226.0,137.0,146.0
54333,241.0,198.0,144.0,136.0
54334,272.0,125.0,150.0,165.0
54335,252.0,226.0,144.0,130.0
54336,267.0,101.0,139.0,148.0
54337,237.0,114.0,141.0,132.0
54338,241.0,52.0,138.0,139.0
54339,283.0,245.0,171.0,164.0
54340,240.0,231.0,138.0,140.0
54341,240.0,138.0,113.0,139.0
54342,245.0,136.0,129.0,132.0
54343,253.0,151.0,130.0,138.0
54344,258.0,115.0,135.0,147.0
54345,280.0,97.0,172.0,163.0
54346,252.0,113.0,143.0,151.0
54347,244.0,65.0,149.0,131.0
54348,242.0,89.0,140.0,135.0
54349,238.0,119.0,130.0,141.0
54350,248.0,247.0,141.0,155.0
54351,233.0,83.0,136.0,118.0
54352,227.0,90.0,114.0,133.0
54353,258.0,141.0,152.0,131.0
54354,232.0,172.0,137.0,129.0
54355,242.0,69.0,142.0,141.0
54356,248.0,113.0,141.0,150.0
54357,249.0,135.0,126.0,145.0
54358,235.0,140.0,132.0,133.0
54359,252.0,125.0,146.0,140.0
54360,252.0,111.0,130.0,146.0
54361,256.0,108.0,134.0,146.0
54362,271.0,133.0,151.0,143.0
54363,252.0,191.0,142.0,130.0
54364,243.0,204.0,142.0,141.0
54365,253.0,118.0,144.0,143.0
54366,244.0,114.0,153.0,138.0
54367,258.0,98.0,165.0,148.0
54368,245.0,117.0,154.0,143.0
54369,264.0,103.0,148.0,154.0
54370,240.0,156.0,134.0,125.0
54371,214.0,117.0,122.0,110.0
54372,226.0,112.0,126.0,130.0
54373,257.0,146.0,147.0,152.0
54374,256.0,219.0,144.0,129.0
54375,291.0,113.0,171.0,173.0
54376,270.0,156.0,147.0,140.0
54377,233.0,86.0,134.0,136.0
54378,255.0,137.0,145.0,157.0
54379,244.0,103.0,137.0,131.0
54380,247.0,84.0,116.0,140.0
54381,254.0,104.0,135.0,142.0
54382,235.0,102.0,142.0,133.0
54383,263.0,109.0,158.0,132.0
54384,225.0,80.0,124.0,126.0
54385,243.0,208.0,136.0,134.0
54386,271.0,105.0,142.0,149.0
54387,251.0,87.0,149.0,148.0
54388,256.0,180.0,143.0,137.0
54389,245.0,214.0,141.0,134.0
54390,258.0,229.0,140.0,154.0
54391,252.0,170.0,131.0,141.0
54392,260.0,106.0,153.0,138.0
54393,246.0,203.0,146.0,126.0
54394,248.0,71.0,152.0,146.0
54395,244.0,216.0,135.0,127.0
54396,233.0,143.0,142.0,143.0
54397,227.0,88.0,129.0,134.0
54398,265.0,127.0,139.0,148.0
54399,225.0,65.0,132.0,132.0
54400,241.0,211.0,136.0,148.0
54401,277.0,213.0,171.0,157.0
54402,242.0,211.0,139.0,143.0
54403,275.0,106.0,154.0,159.0
54404,237.0,235.0,140.0,137.0
54405,268.0,217.0,152.0,148.0
54406,274.0,127.0,166.0,142.0
54407,257.0,120.0,130.0,135.0
54408,251.0,114.0,149.0,148.0
54409,237.0,235.0,126.0,146.0
54410,253.0,248.0,151.0,154.0
54411,255.0,123.0,142.0,143.0
54412,268.0,125.0,143.0,140.0
54413,268.0,148.0,162.0,140.0
54414,244.0,102.0,149.0,138.0
54415,238.0,201.0,137.0,128.0
54416,237.0,66.0,146.0,139.0
54417,252.0,134.0,142.0,147.0
54418,248.0,116.0,128.0,139.0
54419,236.0,136.0,131.0,141.0
54420,260.0,108.0,144.0,137.0
54421,230.0,101.0,133.0,140.0
54422,244.0,133.0,126.0,134.0
54423,256.0,214.0,160.0,147.0
54424,233.0,96.0,135.0,131.0
54425,234.0,138.0,135.0,136.0
54426,239.0,238.0,148.0,127.0
54427,231.0,208.0,120.0,131.0
54428,262.0,183.0,147.0,159.0
54429,266.0,104.0,143.0,149.0
54430,231.0,109.0,133.0,122.0
54431,271.0,122.0,145.0,133.0
54432,247.0,199.0,143.0,130.0
54433,252.0,221.0,152.0,151.0
54434,259.0,141.0,143.0,125.0
54435,257.0,76.0,141.0,150.0
54436,250.0,80.0,132.0,132.0
54437,265.0,120.0,160.0,152.0
54438,254.0,110.0,150.0,129.0
54439,247.0,73.0,146.0,164.0
54440,251.0,125.0,135.0,138.0
54441,258.0,89.0,159.0,152.0
54442,239.0,121.0,136.0,127.0
54443,234.0,89.0,134.0,124.0
54444,233.0,60.0,134.0,134.0
54445,265.0,113.0,129.0,152.0
54446,259.0,100.0,145.0,123.0
54447,264.0,220.0,151.0,150.0
54448,260.0,249.0,150.0,155.0
54449,244.0,123.0,133.0,134.0
54450,267.0,186.0,152.0,140.0
54451,239.0,118.0,126.0,133.0
54452,250.0,73.0,150.0,145.0
54453,241.0,207.0,146.0,138.0
54454,229.0,116.0,130.0,137.0
54455,254.0,121.0,136.0,146.0
54456,258.0,226.0,155.0,147.0
54457,258.0,149.0,145.0,149.0
54458,244.0,98.0,141.0,137.0
54459,259.0,250.0,145.0,139.0
54460,248.0,239.0,147.0,145.0
54461,239.0,203.0,132.0,146.0
54462,223.0,187.0,124.0,138.0
54463,240.0,135.0,139.0,126.0
54464,263.0,143.0,148.0,157.0
54465,279.0,246.0,162.0,154.0
54466,245.0,73.0,146.0,146.0
54467,239.0,107.0,126.0,132.0
54468,253.0,86.0,149.0,140.0
54469,239.0,83.0,132.0,145.0
54470,261.0,220.0,140.0,136.0
54471,236.0,125.0,129.0,130.0
54472,232.0,84.0,123.0,142.0
54473,246.0,89.0,135.0,138.0
54474,257.0,218.0,151.0,147.0
54475,249.0,136.0,138.0,144.0
54476,239.0,200.0,128.0,141.0
54477,239.0,109.0,125.0,151.0
54478,254.0,105.0,126.0,137.0
54479,283.0,255.0,170.0,149.0
54480,257.0,89.0,146.0,150.0
54481,252.0,220.0,141.0,143.0
54482,249.0,217.0,139.0,148.0
54483,224.0,112.0,119.0,128.0
54484,261.0,161.0,146.0,148.0
54485,254.0,103.0,142.0,148.0
54486,261.0,138.0,169.0,148.0
54487,245.0,127.0,137.0,122.0
54488,248.0,120.0,140.0,130.0
54489,242.0,101.0,135.0,143.0
54490,261.0,93.0,142.0,149.0
54491,243.0,117.0,134.0,133.0
54492,271.0,99.0,161.0,145.0
54493,267.0,186.0,152.0,147.0
54494,266.0,138.0,149.0,130.0
54495,261.0,128.0,139.0,152.0
54496,233.0,69.0,115.0,141.0
54497,230.0,110.0,141.0,129.0
54498,253.0,116.0,148.0,140.0
54499,255.0,129.0,139.0,141.0
54500,216.0,83.0,117.0,117.0
54501,240.0,99.0,131.0,136.0
54502,262.0,262.0,161.0,140.0
54503,248.0,117.0,143.0,133.0
54504,242.0,134.0,135.0,139.0
54505,250.0,137.0,133.0,140.0
54506,259.0,158.0,137.0,159.0
54507,251.0,231.0,132.0,155.0
54508,253.0,238.0,151.0,146.0
54509,252.0,95.0,142.0,139.0
54510,243.0,135.0,141.0,130.0
54511,240.0,83.0,130.0,131.0
54512,257.0,243.0,153.0,145.0
54513,246.0,167.0,144.0,140.0
54514,269.0,92.0,169.0,166.0
54515,264.0,189.0,149.0,160.0
54516,252.0,123.0,134.0,132.0
54517,254.0,139.0,147.0,145.0
54518,249.0,129.0,136.0,136.0
54519,254.0,77.0,148.0,144.0
54520,245.0,238.0,142.0,122.0
54521,248.0,81.0,143.0,127.0
54522,246.0,240.0,150.0,138.0
54523,243.0,111.0,135.0,149.0
54524,254.0,81.0,139.0,136.0
54525,243.0,91.0,140.0,127.0
54526,263.0,151.0,145.0,144.0
54527,253.0,104.0,137.0,140.0
54528,242.0,123.0,144.0,133.0
54529,257.0,187.0,145.0,149.0
54530,229.0,95.0,142.0,124.0
54531,210.0,176.0,127.0,124.0
54532,287.0,256.0,175.0,165.0
54533,261.0,231.0,156.0,135.0
54534,245.0,203.0,132.0,127.0
54535,240.0,207.0,127.0,148.0
54536,239.0,200.0,144.0,125.0
54537,263.0,249.0,135.0,161.0
54538,261.0,234.0,155.0,149.0
54539,256.0,123.0,146.0,140.0
54540,262.0,120.0,142.0,155.0
54541,240.0,97.0,142.0,136.0
54542,258.0,124.0,153.0,139.0
54543,226.0,129.0,130.0,131.0
54544,259.0,222.0,157.0,140.0
54545,236.0,154.0,135.0,135.0
54546,270.0,121.0,148.0,147.0
54547,226.0,118.0,132.0,126.0
54548,259.0,218.0,161.0,164.0
54549,231.0,119.0,114.0,123.0
54550,269.0,90.0,152.0,154.0
54551,253.0,97.0,141.0,150.0
54552,259.0,222.0,146.0,128.0
54553,252.0,225.0,130.0,124.0
54554,242.0,198.0,124.0,131.0
54555,248.0,72.0,140.0,140.0
54556,242.0,93.0,134.0,133.0
54557,263.0,120.0,134.0,144.0
54558,239.0,134.0,131.0,130.0
54559,252.0,214.0,151.0,143.0
54560,246.0,113.0,136.0,134.0
54561,266.0,246.0,154.0,159.0
54562,260.0,260.0,156.0,145.0
54563,230.0,91.0,129.0,141.0
54564,261.0,101.0,154.0,145.0
54565,253.0,100.0,146.0,147.0
54566,247.0,124.0,149.0,141.0
54567,250.0,128.0,130.0,150.0
54568,244.0,102.0,143.0,118.0
54569,243.0,133.0,130.0,124.0
54570,235.0,214.0,129.0,142.0
54571,258.0,90.0,146.0,142.0
54572,241.0,64.0,143.0,132.0
54573,241.0,201.0,136.0,126.0
54574,212.0,108.0,117.0,102.0
54575,241.0,144.0,140.0,131.0
54576,264.0,224.0,126.0,141.0
54577,241.0,133.0,137.0,139.0
54578,243.0,111.0,135.0,133.0
54579,264.0,261.0,150.0,140.0
54580,250.0,139.0,128.0,151.0
54581,229.0,111.0,128.0,127.0
54582,268.0,218.0,152.0,157.0
54583,262.0,142.0,153.0,137.0
54584,261.0,143.0,124.0,149.0
54585,234.0,204.0,140.0,135.0
54586,276.0,231.0,153.0,161.0
54587,261.0,229.0,139.0,136.0
54588,246.0,104.0,147.0,126.0
54589,247.0,92.0,141.0,143.0
54590,241.0,208.0,136.0,137.0
54591,252.0,219.0,134.0,138.0
54592,231.0,117.0,139.0,132.0
54593,239.0,208.0,137.0,125.0
54594,232.0,115.0,123.0,129.0
54595,259.0,225.0,142.0,147.0
54596,245.0,129.0,138.0,153.0
54597,244.0,122.0,131.0,143.0
54598,249.0,213.0,145.0,146.0
54599,267.0,117.0,150.0,149.0
54600,243.0,106.0,132.0,124.0
54601,227.0,208.0,122.0,137.0
54602,264.0,133.0,124.0,154.0
54603,258.0,86.0,143.0,145.0
54604,249.0,92.0,145.0,143.0
54605,248.0,112.0,134.0,128.0
54606,271.0,250.0,151.0,134.0
54607,252.0,121.0,140.0,139.0
54608,247.0,234.0,134.0,134.0
54609,222.0,89.0,122.0,119.0
54610,245.0,148.0,139.0,133.0
54611,243.0,154.0,123.0,131.0
54612,257.0,85.0,143.0,136.0
54613,257.0,230.0,155.0,142.0
54614,219.0,184.0,120.0,123.0
54615,234.0,106.0,134.0,125.0
54616,240.0,71.0,131.0,153.0
54617,245.0,236.0,146.0,144.0
54618,242.0,233.0,146.0,138.0
54619,244.0,100.0,138.0,142.0
54620,242.0,118.0,121.0,147.0
54621,249.0,212.0,132.0,124.0
54622,259.0,142.0,139.0,141.0
54623,276.0,144.0,141.0,136.0
54624,232.0,100.0,129.0,126.0
54625,269.0,93.0,145.0,153.0
54626,252.0,118.0,155.0,138.0
54627,262.0,221.0,138.0,139.0
54628,244.0,239.0,134.0,132.0
54629,232.0,70.0,120.0,130.0
54630,256.0,140.0,151.0,142.0
54631,250.0,116.0,133.0,142.0
54632,255.0,211.0,122.0,152.0
54633,262.0,224.0,149.0,139.0
54634,240.0,198.0,127.0,138.0
54635,233.0,119.0,136.0,125.0
54636,238.0,102.0,150.0,130.0
54637,268.0,84.0,151.0,153.0
54638,239.0,118.0,145.0,139.0
54639,223.0,122.0,127.0,123.0
54640,258.0,117.0,147.0,144.0
54641,249.0,116.0,136.0,157.0
54642,218.0,185.0,119.0,131.0
54643,248.0,227.0,140.0,150.0
54644,259.0,142.0,130.0,156.0
54645,243.0,127.0,136.0,131.0
54646,256.0,107.0,139.0,144.0
54647,237.0,105.0,119.0,135.0
54648,247.0,54.0,139.0,148.0
54649,233.0,189.0,130.0,132.0
54650,234.0,151.0,133.0,127.0
54651,223.0,200.0,124.0,125.0
54652,266.0,235.0,146.0,138.0
54653,257.0,88.0,161.0,144.0
54654,265.0,228.0,124.0,154.0
54655,252.0,226.0,126.0,147.0
54656,241.0,207.0,131.0,136.0
54657,229.0,107.0,137.0,116.0
54658,260.0,250.0,147.0,139.0
54659,247.0,76.0,126.0,133.0
54660,274.0,168.0,158.0,151.0
54661,265.0,230.0,158.0,156.0
54662,255.0,225.0,146.0,139.0
54663,270.0,123.0,138.0,152.0
54664,265.0,139.0,153.0,151.0
54665,268.0,250.0,159.0,166.0
54666,248.0,247.0,132.0,154.0
54667,262.0,121.0,143.0,166.0
54668,277.0,125.0,167.0,155.0
54669,244.0,82.0,155.0,140.0
54670,255.0,76.0,142.0,142.0
54671,277.0,232.0,153.0,159.0
54672,239.0,202.0,133.0,148.0
54673,236.0,80.0,134.0,133.0
54674,255.0,219.0,132.0,154.0
54675,257.0,123.0,134.0,131.0
54676,273.0,122.0,152.0,156.0
54677,252.0,118.0,154.0,164.0
54678,232.0,73.0,125.0,121.0
54679,273.0,233.0,171.0,141.0
54680,249.0,205.0,140.0,133.0
54681,243.0,169.0,138.0,133.0
54682,272.0,245.0,152.0,154.0
54683,244.0,210.0,147.0,133.0
54684,257.0,87.0,142.0,154.0
54685,252.0,233.0,165.0,160.0
54686,243.0,121.0,132.0,143.0
54687,255.0,224.0,147.0,127.0
54688,259.0,244.0,143.0,132.0
54689,246.0,231.0,144.0,135.0
54690,262.0,131.0,159.0,154.0
54691,232.0,108.0,118.0,126.0
54692,224.0,120.0,107.0,129.0
54693,239.0,165.0,141.0,127.0
54694,238.0,94.0,128.0,128.0
54695,249.0,122.0,122.0,127.0
54696,252.0,230.0,136.0,136.0
54697,240.0,101.0,131.0,128.0
54698,240.0,63.0,136.0,129.0
54699,229.0,129.0,130.0,138.0
54700,256.0,175.0,135.0,142.0
54701,242.0,131.0,139.0,144.0
54702,241.0,101.0,142.0,141.0
54703,235.0,91.0,126.0,119.0
54704,276.0,174.0,170.0,150.0
54705,253.0,133.0,140.0,149.0
54706,240.0,107.0,138.0,128.0
54707,237.0,127.0,120.0,136.0
54708,263.0,142.0,134.0,161.0
54709,237.0,111.0,130.0,126.0
54710,257.0,158.0,142.0,138.0
54711,233.0,123.0,135.0,131.0
54712,265.0,233.0,150.0,146.0
54713,247.0,69.0,129.0,145.0
54714,245.0,96.0,135.0,142.0
54715,224.0,109.0,122.0,121.0
54716,263.0,219.0,153.0,118.0
54717,231.0,156.0,122.0,129.0
54718,256.0,218.0,134.0,143.0
54719,263.0,132.0,147.0,131.0
54720,270.0,116.0,165.0,160.0
54721,262.0,234.0,140.0,136.0
54722,239.0,57.0,141.0,138.0
54723,273.0,121.0,157.0,160.0
54724,244.0,146.0,123.0,152.0
54725,227.0,111.0,123.0,134.0
54726,248.0,210.0,134.0,121.0
54727,267.0,242.0,149.0,162.0
54728,264.0,218.0,136.0,146.0
54729,272.0,103.0,153.0,149.0
54730,247.0,132.0,152.0,146.0
54731,242.0,122.0,144.0,125.0
54732,245.0,242.0,153.0,126.0
54733,240.0,70.0,136.0,139.0
54734,243.0,66.0,150.0,151.0
54735,224.0,126.0,108.0,140.0
54736,245.0,73.0,137.0,127.0
54737,246.0,151.0,151.0,138.0
54738,245.0,102.0,127.0,135.0
54739,230.0,77.0,121.0,132.0
54740,280.0,124.0,158.0,164.0
54741,247.0,222.0,144.0,142.0
54742,271.0,131.0,149.0,152.0
54743,254.0,218.0,130.0,148.0
54744,256.0,112.0,136.0,145.0
54745,259.0,222.0,142.0,152.0
54746,259.0,225.0,154.0,147.0
54747,242.0,104.0,152.0,137.0
54748,253.0,177.0,141.0,145.0
54749,248.0,248.0,146.0,129.0
54750,262.0,160.0,148.0,151.0
54751,209.0,79.0,122.0,125.0
54752,261.0,225.0,139.0,136.0
54753,253.0,92.0,144.0,140.0
54754,229.0,99.0,132.0,117.0
54755,220.0,63.0,121.0,114.0
54756,249.0,110.0,148.0,133.0
54757,265.0,211.0,141.0,150.0
54758,230.0,192.0,132.0,116.0
54759,250.0,221.0,142.0,131.0
54760,243.0,172.0,147.0,146.0
54761,297.0,143.0,175.0,165.0
54762,264.0,222.0,154.0,148.0
54763,243.0,217.0,140.0,142.0
54764,218.0,112.0,125.0,119.0
54765,261.0,157.0,155.0,153.0
54766,255.0,240.0,137.0,138.0
54767,240.0,87.0,141.0,136.0
54768,254.0,58.0,137.0,147.0
54769,221.0,83.0,127.0,129.0
54770,231.0,98.0,136.0,131.0
54771,270.0,146.0,150.0,158.0
54772,254.0,239.0,159.0,141.0
54773,247.0,218.0,126.0,134.0
54774,285.0,104.0,160.0,152.0
54775,252.0,241.0,145.0,130.0
54776,263.0,252.0,150.0,152.0
54777,248.0,110.0,126.0,142.0
54778,264.0,89.0,163.0,157.0
54779,251.0,205.0,123.0,141.0
54780,235.0,92.0,126.0,139.0
54781,269.0,253.0,150.0,137.0
54782,247.0,78.0,138.0,142.0
54783,247.0,206.0,136.0,132.0
54784,270.0,126.0,157.0,142.0
54785,270.0,157.0,160.0,143.0
54786,224.0,193.0,126.0,130.0
54787,227.0,64.0,126.0,121.0
54788,267.0,230.0,146.0,154.0
54789,248.0,130.0,139.0,147.0
54790,259.0,138.0,154.0,144.0
54791,262.0,150.0,141.0,139.0
54792,253.0,122.0,156.0,136.0
54793,236.0,230.0,141.0,137.0
54794,258.0,227.0,138.0,150.0
54795,239.0,208.0,130.0,143.0
54796,265.0,234.0,145.0,146.0
54797,268.0,188.0,154.0,163.0
54798,257.0,224.0,132.0,150.0
54799,278.0,88.0,172.0,156.0
54800,235.0,116.0,135.0,129.0
54801,262.0,97.0,140.0,155.0
54802,270.0,268.0,139.0,152.0
54803,258.0,253.0,140.0,149.0
54804,258.0,74.0,154.0,139.0
54805,240.0,94.0,143.0,136.0
54806,265.0,125.0,146.0,154.0
54807,253.0,117.0,133.0,142.0
54808,252.0,123.0,141.0,139.0
54809,275.0,98.0,139.0,135.0
54810,245.0,103.0,146.0,136.0
54811,243.0,212.0,146.0,122.0
54812,244.0,121.0,139.0,132.0
54813,256.0,105.0,152.0,137.0
54814,215.0,123.0,123.0,121.0
54815,262.0,103.0,140.0,141.0
54816,250.0,221.0,139.0,154.0
54817,241.0,100.0,129.0,125.0
54818,256.0,242.0,138.0,132.0
54819,249.0,235.0,137.0,135.0
54820,228.0,103.0,135.0,112.0
54821,255.0,80.0,136.0,156.0
54822,249.0,95.0,146.0,129.0
54823,237.0,100.0,121.0,141.0
54824,238.0,214.0,130.0,137.0
54825,266.0,130.0,139.0,154.0
54826,233.0,210.0,115.0,132.0
54827,259.0,168.0,152.0,140.0
54828,259.0,152.0,134.0,150.0
54829,254.0,115.0,162.0,158.0
54830,254.0,113.0,147.0,139.0
54831,272.0,148.0,152.0,139.0
54832,266.0,227.0,151.0,149.0
54833,266.0,125.0,147.0,153.0
54834,261.0,107.0,151.0,147.0
54835,247.0,94.0,148.0,150.0
54836,257.0,133.0,139.0,159.0
54837,240.0,148.0,134.0,146.0
54838,264.0,128.0,145.0,137.0
54839,227.0,188.0,137.0,137.0
54840,261.0,222.0,147.0,146.0
54841,258.0,126.0,142.0,142.0
54842,249.0,115.0,135.0,137.0
54843,267.0,137.0,162.0,154.0
54844,230.0,84.0,140.0,119.0
54845,260.0,224.0,146.0,151.0
54846,265.0,131.0,140.0,136.0
54847,244.0,144.0,132.0,138.0
54848,235.0,89.0,134.0,145.0
54849,257.0,237.0,131.0,145.0
54850,229.0,94.0,128.0,128.0
54851,251.0,83.0,141.0,139.0
54852,238.0,103.0,136.0,131.0
54853,239.0,159.0,134.0,142.0
54854,248.0,94.0,131.0,131.0
54855,260.0,71.0,133.0,148.0
54856,248.0,56.0,138.0,120.0
54857,249.0,105.0,142.0,133.0
54858,231.0,111.0,139.0,132.0
54859,257.0,96.0,151.0,145.0
54860,217.0,111.0,130.0,112.0
54861,242.0,114.0,149.0,134.0
54862,220.0,91.0,134.0,112.0
54863,233.0,98.0,121.0,130.0
54864,264.0,120.0,162.0,145.0
54865,258.0,230.0,138.0,128.0
54866,244.0,85.0,140.0,133.0
54867,273.0,112.0,145.0,145.0
54868,259.0,106.0,134.0,155.0
54869,265.0,111.0,157.0,133.0
54870,234.0,105.0,120.0,141.0
54871,235.0,90.0,135.0,116.0
54872,259.0,218.0,146.0,146.0
54873,240.0,118.0,131.0,130.0
54874,268.0,136.0,143.0,146.0
54875,241.0,228.0,121.0,152.0
54876,233.0,141.0,128.0,151.0
54877,226.0,136.0,127.0,136.0
54878,228.0,188.0,136.0,121.0
54879,248.0,80.0,152.0,151.0
54880,258.0,121.0,161.0,144.0
54881,252.0,103.0,137.0,143.0
54882,245.0,207.0,132.0,148.0
54883,234.0,101.0,140.0,131.0
54884,253.0,217.0,143.0,132.0
54885,262.0,235.0,147.0,148.0
54886,251.0,202.0,148.0,131.0
54887,237.0,128.0,131.0,132.0
54888,250.0,132.0,126.0,127.0
54889,279.0,91.0,155.0,161.0
54890,239.0,115.0,141.0,145.0
54891,251.0,122.0,131.0,132.0
54892,237.0,81.0,125.0,147.0
54893,253.0,193.0,161.0,147.0
54894,263.0,78.0,161.0,160.0
54895,258.0,78.0,147.0,151.0
54896,267.0,232.0,151.0,145.0
54897,273.0,75.0,154.0,148.0
54898,238.0,199.0,121.0,129.0
54899,261.0,177.0,149.0,141.0
54900,255.0,235.0,128.0,144.0
54901,236.0,218.0,147.0,135.0
54902,258.0,60.0,145.0,134.0
54903,257.0,119.0,146.0,149.0
54904,230.0,86.0,134.0,127.0
54905,224.0,188.0,125.0,110.0
54906,274.0,113.0,158.0,158.0
54907,248.0,136.0,140.0,144.0
54908,242.0,196.0,140.0,129.0
54909,262.0,126.0,163.0,160.0
54910,250.0,95.0,124.0,150.0
54911,253.0,45.0,144.0,153.0
54912,247.0,77.0,125.0,133.0
54913,258.0,139.0,152.0,152.0
54914,226.0,113.0,114.0,132.0
54915,236.0,101.0,127.0,137.0
54916,240.0,215.0,137.0,130.0
54917,250.0,225.0,145.0,141.0
54918,250.0,217.0,142.0,149.0
54919,255.0,253.0,148.0,145.0
54920,250.0,67.0,168.0,131.0
54921,257.0,125.0,154.0,138.0
54922,257.0,218.0,161.0,152.0
54923,235.0,229.0,129.0,111.0
54924,252.0,156.0,135.0,128.0
54925,228.0,99.0,116.0,115.0
54926,241.0,106.0,126.0,134.0
54927,242.0,201.0,126.0,140.0
54928,252.0,244.0,130.0,141.0
54929,231.0,207.0,133.0,130.0
54930,248.0,240.0,136.0,162.0
54931,257.0,149.0,150.0,143.0
54932,246.0,91.0,150.0,140.0
54933,233.0,202.0,131.0,136.0
54934,246.0,167.0,132.0,148.0
54935,266.0,99.0,147.0,141.0
54936,255.0,81.0,141.0,137.0
54937,245.0,213.0,135.0,138.0
54938,266.0,159.0,152.0,149.0
54939,252.0,104.0,148.0,134.0
54940,259.0,99.0,161.0,143.0
54941,266.0,124.0,140.0,148.0
54942,270.0,172.0,138.0,158.0
54943,273.0,238.0,143.0,157.0
54944,249.0,107.0,125.0,138.0
54945,243.0,112.0,129.0,136.0
54946,250.0,134.0,126.0,133.0
54947,264.0,123.0,141.0,137.0
54948,262.0,227.0,148.0,144.0
54949,251.0,97.0,144.0,143.0
54950,289.0,140.0,168.0,162.0
54951,245.0,110.0,147.0,134.0
54952,257.0,121.0,122.0,146.0
54953,252.0,222.0,154.0,139.0
54954,258.0,85.0,149.0,153.0
54955,254.0,96.0,149.0,146.0
54956,234.0,87.0,127.0,136.0
54957,237.0,131.0,126.0,135.0
54958,253.0,114.0,143.0,124.0
54959,250.0,107.0,143.0,152.0
54960,263.0,70.0,146.0,147.0
54961,253.0,159.0,153.0,144.0
54962,251.0,223.0,138.0,138.0
54963,255.0,116.0,139.0,145.0
54964,254.0,207.0,144.0,138.0
54965,271.0,229.0,169.0,164.0
54966,233.0,116.0,141.0,141.0
54967,280.0,233.0,143.0,173.0
54968,234.0,82.0,134.0,132.0
54969,221.0,96.0,114.0,117.0
54970,249.0,119.0,136.0,132.0
54971,253.0,218.0,130.0,140.0
54972,257.0,171.0,136.0,147.0
54973,272.0,247.0,156.0,155.0
54974,223.0,223.0,135.0,136.0
54975,238.0,132.0,121.0,141.0
54976,250.0,154.0,144.0,146.0
54977,266.0,121.0,150.0,134.0
54978,261.0,73.0,145.0,153.0
54979,248.0,134.0,146.0,156.0
54980,227.0,83.0,140.0,126.0
54981,259.0,110.0,148.0,149.0
54982,253.0,133.0,132.0,144.0
54983,256.0,226.0,154.0,135.0
54984,246.0,200.0,129.0,135.0
54985,249.0,114.0,135.0,148.0
54986,249.0,121.0,135.0,142.0
54987,231.0,112.0,123.0,121.0
54988,224.0,205.0,130.0,129.0
54989,239.0,220.0,121.0,127.0
54990,265.0,222.0,122.0,134.0
54991,242.0,83.0,118.0,150.0
54992,243.0,104.0,139.0,133.0
54993,258.0,86.0,141.0,149.0
54994,269.0,143.0,165.0,148.0
54995,248.0,202.0,135.0,125.0
54996,252.0,108.0,133.0,128.0
54997,281.0,194.0,144.0,160.0
54998,234.0,80.0,136.0,132.0
54999,245.0,159.0,143.0,143.0
55000,253.0,218.0,154.0,144.0
55001,271.0,141.0,159.0,162.0
55002,238.0,104.0,147.0,126.0
55003,272.0,93.0,148.0,147.0
55004,240.0,213.0,128.0,142.0
55005,232.0,94.0,125.0,123.0
55006,235.0,202.0,127.0,138.0
55007,239.0,152.0,124.0,141.0
55008,244.0,99.0,140.0,140.0
55009,258.0,127.0,142.0,153.0
55010,273.0,232.0,168.0,157.0
55011,261.0,128.0,144.0,142.0
55012,255.0,86.0,138.0,144.0
55013,226.0,194.0,131.0,127.0
55014,246.0,209.0,133.0,140.0
55015,237.0,210.0,145.0,128.0
55016,270.0,259.0,138.0,151.0
55017,241.0,135.0,138.0,143.0
55018,253.0,209.0,143.0,149.0
55019,281.0,90.0,162.0,143.0
55020,241.0,105.0,134.0,141.0
55021,253.0,182.0,140.0,143.0
55022,255.0,114.0,147.0,143.0
55023,253.0,123.0,131.0,143.0
55024,247.0,204.0,144.0,127.0
55025,267.0,133.0,141.0,159.0
55026,245.0,96.0,135.0,150.0
55027,252.0,86.0,147.0,128.0
55028,212.0,175.0,118.0,100.0
55029,230.0,130.0,109.0,120.0
55030,240.0,156.0,133.0,125.0
55031,258.0,113.0,157.0,139.0
55032,243.0,95.0,139.0,141.0
55033,240.0,121.0,126.0,143.0
55034,264.0,140.0,154.0,155.0
55035,258.0,229.0,143.0,140.0
55036,227.0,210.0,137.0,125.0
55037,258.0,108.0,130.0,140.0
55038,285.0,120.0,145.0,158.0
55039,257.0,224.0,151.0,134.0
55040,271.0,87.0,150.0,157.0
55041,271.0,123.0,160.0,139.0
55042,249.0,167.0,131.0,140.0
55043,216.0,212.0,133.0,131.0
55044,251.0,197.0,142.0,137.0
55045,253.0,162.0,145.0,128.0
55046,268.0,99.0,151.0,143.0
55047,258.0,213.0,131.0,147.0
55048,248.0,117.0,132.0,129.0
55049,264.0,120.0,132.0,160.0
55050,254.0,107.0,140.0,142.0
55051,239.0,125.0,135.0,122.0
55052,235.0,196.0,155.0,142.0
55053,250.0,96.0,145.0,125.0
55054,251.0,112.0,158.0,153.0
55055,243.0,85.0,149.0,135.0
55056,260.0,233.0,145.0,137.0
55057,234.0,98.0,137.0,128.0
55058,262.0,85.0,152.0,152.0
55059,268.0,157.0,141.0,173.0
55060,256.0,109.0,137.0,144.0
55061,254.0,56.0,140.0,133.0
55062,244.0,124.0,144.0,128.0
55063,268.0,220.0,143.0,159.0
55064,230.0,143.0,132.0,138.0
55065,260.0,257.0,155.0,160.0
55066,242.0,202.0,135.0,140.0
55067,248.0,142.0,137.0,149.0
55068,237.0,205.0,138.0,133.0
55069,258.0,220.0,152.0,158.0
55070,261.0,92.0,160.0,137.0
55071,251.0,96.0,132.0,136.0
55072,219.0,109.0,119.0,132.0
55073,247.0,108.0,136.0,127.0
55074,228.0,87.0,135.0,130.0
55075,236.0,225.0,141.0,138.0
55076,225.0,80.0,114.0,117.0
55077,250.0,124.0,146.0,133.0
55078,269.0,135.0,143.0,160.0
55079,242.0,112.0,136.0,136.0
55080,224.0,192.0,138.0,136.0
55081,236.0,235.0,134.0,124.0
55082,257.0,222.0,139.0,142.0
55083,243.0,225.0,152.0,147.0
55084,257.0,75.0,142.0,153.0
55085,264.0,260.0,158.0,154.0
55086,260.0,137.0,143.0,132.0
55087,243.0,101.0,125.0,129.0
55088,239.0,197.0,135.0,139.0
55089,220.0,219.0,124.0,120.0
55090,252.0,221.0,134.0,137.0
55091,246.0,131.0,146.0,139.0
55092,248.0,82.0,136.0,134.0
55093,263.0,143.0,141.0,150.0
55094,262.0,137.0,142.0,159.0
55095,266.0,164.0,155.0,152.0
55096,247.0,185.0,116.0,141.0
55097,231.0,119.0,127.0,138.0
55098,242.0,90.0,143.0,141.0
55099,208.0,194.0,122.0,122.0
55100,228.0,70.0,139.0,137.0
55101,249.0,134.0,139.0,151.0
55102,237.0,70.0,125.0,122.0
55103,229.0,83.0,136.0,119.0
55104,264.0,110.0,145.0,150.0
55105,264.0,229.0,151.0,144.0
55106,252.0,245.0,143.0,151.0
55107,252.0,209.0,153.0,128.0
55108,255.0,91.0,147.0,129.0
55109,258.0,134.0,140.0,152.0
55110,238.0,89.0,145.0,135.0
55111,254.0,155.0,137.0,128.0
55112,233.0,130.0,123.0,142.0
55113,253.0,126.0,133.0,142.0
55114,246.0,102.0,140.0,131.0
55115,217.0,87.0,123.0,111.0
55116,257.0,80.0,132.0,153.0
55117,253.0,119.0,148.0,139.0
55118,257.0,223.0,158.0,134.0
55119,265.0,107.0,162.0,139.0
55120,257.0,237.0,136.0,140.0
55121,226.0,191.0,114.0,118.0
55122,250.0,212.0,129.0,141.0
55123,240.0,118.0,128.0,130.0
55124,268.0,123.0,158.0,158.0
55125,230.0,142.0,137.0,123.0
55126,269.0,110.0,143.0,146.0
55127,242.0,106.0,134.0,146.0
55128,231.0,198.0,126.0,139.0
55129,261.0,164.0,137.0,150.0
55130,248.0,219.0,126.0,155.0
55131,260.0,128.0,149.0,149.0
55132,227.0,99.0,116.0,125.0
55133,266.0,228.0,145.0,147.0
55134,252.0,84.0,143.0,135.0
55135,249.0,105.0,138.0,140.0
55136,262.0,103.0,157.0,129.0
55137,221.0,63.0,116.0,122.0
55138,244.0,200.0,144.0,140.0
55139,229.0,132.0,129.0,128.0
55140,275.0,119.0,156.0,148.0
55141,247.0,169.0,145.0,144.0
55142,273.0,142.0,150.0,142.0
55143,249.0,228.0,148.0,133.0
55144,259.0,171.0,164.0,144.0
55145,252.0,79.0,151.0,135.0
55146,251.0,85.0,138.0,130.0
55147,251.0,169.0,126.0,146.0
55148,255.0,104.0,146.0,137.0
55149,237.0,100.0,144.0,124.0
55150,245.0,79.0,139.0,145.0
55151,247.0,207.0,128.0,142.0
55152,263.0,201.0,149.0,140.0
55153,282.0,256.0,152.0,159.0
55154,243.0,95.0,137.0,141.0
55155,248.0,204.0,127.0,138.0
55156,240.0,118.0,124.0,129.0
55157,239.0,96.0,136.0,131.0
55158,243.0,235.0,131.0,153.0
55159,272.0,246.0,155.0,168.0
55160,253.0,83.0,143.0,157.0
55161,238.0,213.0,135.0,130.0
55162,247.0,229.0,120.0,137.0
55163,258.0,111.0,137.0,152.0
55164,247.0,106.0,132.0,140.0
55165,265.0,165.0,153.0,164.0
55166,251.0,122.0,143.0,140.0
55167,244.0,133.0,135.0,136.0
55168,252.0,210.0,135.0,141.0
55169,258.0,219.0,141.0,139.0
55170,261.0,144.0,147.0,152.0
55171,239.0,98.0,138.0,134.0
55172,234.0,96.0,139.0,125.0
55173,251.0,132.0,124.0,139.0
55174,262.0,259.0,137.0,168.0
55175,252.0,86.0,147.0,146.0
55176,239.0,230.0,150.0,134.0
55177,220.0,198.0,120.0,123.0
55178,268.0,234.0,150.0,152.0
55179,256.0,123.0,136.0,138.0
55180,207.0,86.0,119.0,119.0
55181,232.0,207.0,122.0,123.0
55182,257.0,82.0,122.0,166.0
55183,256.0,98.0,131.0,131.0
55184,241.0,98.0,148.0,140.0
55185,258.0,80.0,157.0,144.0
55186,230.0,102.0,122.0,117.0
55187,246.0,65.0,126.0,129.0
55188,243.0,89.0,138.0,136.0
55189,238.0,197.0,120.0,128.0
55190,243.0,217.0,132.0,140.0
55191,284.0,270.0,176.0,146.0
55192,269.0,106.0,155.0,141.0
55193,251.0,70.0,135.0,134.0
55194,250.0,113.0,131.0,129.0
55195,257.0,70.0,148.0,148.0
55196,247.0,151.0,143.0,136.0
55197,256.0,76.0,123.0,159.0
55198,250.0,127.0,139.0,122.0
55199,252.0,127.0,143.0,149.0
55200,254.0,138.0,148.0,128.0
55201,251.0,125.0,136.0,136.0
55202,231.0,220.0,128.0,134.0
55203,245.0,87.0,131.0,139.0
55204,228.0,94.0,141.0,123.0
55205,246.0,128.0,133.0,139.0
55206,279.0,130.0,170.0,147.0
55207,281.0,90.0,163.0,154.0
55208,260.0,105.0,129.0,158.0
55209,231.0,90.0,139.0,125.0
55210,245.0,120.0,141.0,140.0
55211,265.0,263.0,170.0,150.0
55212,277.0,89.0,159.0,152.0
55213,248.0,95.0,125.0,138.0
55214,250.0,114.0,144.0,146.0
55215,284.0,199.0,159.0,165.0
55216,249.0,152.0,135.0,169.0
55217,256.0,119.0,137.0,142.0
55218,248.0,112.0,142.0,143.0
55219,235.0,86.0,122.0,126.0
55220,259.0,103.0,147.0,151.0
55221,236.0,85.0,120.0,136.0
55222,262.0,89.0,155.0,159.0
55223,233.0,225.0,130.0,132.0
55224,245.0,109.0,142.0,135.0
55225,242.0,108.0,128.0,135.0
55226,242.0,212.0,127.0,132.0
55227,251.0,106.0,138.0,136.0
55228,249.0,129.0,139.0,137.0
55229,269.0,110.0,141.0,142.0
55230,236.0,110.0,130.0,125.0
55231,262.0,115.0,149.0,134.0
55232,239.0,193.0,135.0,139.0
55233,252.0,222.0,160.0,142.0
55234,258.0,249.0,139.0,143.0
55235,261.0,108.0,147.0,149.0
55236,237.0,136.0,139.0,138.0
55237,270.0,129.0,147.0,148.0
55238,260.0,102.0,137.0,157.0
55239,257.0,109.0,148.0,155.0
55240,264.0,118.0,151.0,144.0
55241,258.0,123.0,155.0,144.0
55242,222.0,193.0,125.0,125.0
55243,257.0,134.0,146.0,138.0
55244,248.0,116.0,132.0,143.0
55245,260.0,112.0,155.0,143.0
55246,258.0,66.0,146.0,152.0
55247,255.0,140.0,133.0,147.0
55248,235.0,117.0,135.0,126.0
55249,268.0,227.0,154.0,144.0
55250,245.0,240.0,147.0,159.0
55251,279.0,271.0,170.0,155.0
55252,280.0,99.0,146.0,173.0
55253,235.0,132.0,138.0,124.0
55254,274.0,168.0,165.0,152.0
55255,240.0,105.0,132.0,120.0
55256,242.0,112.0,140.0,137.0
55257,261.0,130.0,141.0,143.0
55258,221.0,67.0,128.0,124.0
55259,255.0,233.0,147.0,136.0
55260,235.0,91.0,115.0,136.0
55261,232.0,151.0,127.0,131.0
55262,234.0,121.0,125.0,137.0
55263,252.0,105.0,133.0,140.0
55264,248.0,240.0,142.0,136.0
55265,257.0,255.0,157.0,152.0
55266,270.0,134.0,159.0,157.0
55267,248.0,152.0,126.0,151.0
55268,251.0,129.0,139.0,152.0
55269,255.0,116.0,143.0,139.0
55270,234.0,199.0,144.0,135.0
55271,249.0,124.0,133.0,147.0
55272,273.0,131.0,151.0,149.0
55273,248.0,125.0,140.0,140.0
55274,265.0,126.0,156.0,157.0
55275,251.0,202.0,149.0,140.0
55276,238.0,114.0,133.0,128.0
55277,243.0,89.0,132.0,133.0
55278,263.0,91.0,141.0,135.0
55279,239.0,200.0,135.0,126.0
55280,257.0,113.0,149.0,148.0
55281,261.0,213.0,128.0,152.0
55282,257.0,93.0,136.0,146.0
55283,267.0,103.0,134.0,157.0
55284,252.0,44.0,132.0,134.0
55285,253.0,144.0,138.0,130.0
55286,245.0,81.0,146.0,139.0
55287,265.0,117.0,143.0,144.0
55288,233.0,79.0,127.0,137.0
55289,265.0,233.0,158.0,152.0
55290,232.0,47.0,132.0,146.0
55291,272.0,133.0,165.0,155.0
55292,245.0,103.0,140.0,139.0
55293,220.0,73.0,110.0,131.0
55294,245.0,130.0,150.0,144.0
55295,266.0,96.0,145.0,141.0
55296,252.0,93.0,150.0,138.0
55297,255.0,116.0,141.0,141.0
55298,246.0,99.0,134.0,156.0
55299,258.0,138.0,150.0,149.0
55300,262.0,93.0,136.0,154.0
55301,238.0,100.0,128.0,149.0
55302,247.0,62.0,139.0,152.0
55303,251.0,136.0,139.0,135.0
55304,260.0,255.0,149.0,147.0
55305,240.0,103.0,120.0,136.0
55306,263.0,110.0,138.0,145.0
55307,257.0,115.0,133.0,143.0
55308,244.0,78.0,135.0,142.0
55309,244.0,235.0,137.0,130.0
55310,251.0,101.0,143.0,153.0
55311,264.0,186.0,136.0,156.0
55312,243.0,95.0,136.0,137.0
55313,243.0,118.0,132.0,138.0
55314,278.0,84.0,171.0,156.0
55315,235.0,113.0,142.0,132.0
55316,243.0,100.0,146.0,128.0
55317,227.0,218.0,128.0,127.0
55318,262.0,229.0,152.0,144.0
55319,255.0,241.0,135.0,145.0
55320,252.0,120.0,146.0,158.0
55321,261.0,131.0,151.0,135.0
55322,279.0,52.0,166.0,150.0
55323,247.0,91.0,123.0,134.0
55324,257.0,111.0,148.0,137.0
55325,261.0,105.0,144.0,160.0
55326,251.0,221.0,137.0,134.0
55327,262.0,149.0,156.0,144.0
55328,255.0,219.0,146.0,145.0
55329,253.0,217.0,143.0,150.0
55330,265.0,91.0,154.0,157.0
55331,267.0,99.0,148.0,159.0
55332,222.0,91.0,120.0,116.0
55333,238.0,205.0,144.0,137.0
55334,249.0,232.0,136.0,143.0
55335,256.0,95.0,138.0,148.0
55336,267.0,134.0,159.0,150.0
55337,252.0,94.0,133.0,160.0
55338,242.0,96.0,141.0,141.0
55339,254.0,214.0,156.0,138.0
55340,264.0,73.0,152.0,143.0
55341,260.0,133.0,159.0,159.0
55342,220.0,91.0,116.0,117.0
55343,246.0,109.0,144.0,142.0
55344,247.0,92.0,143.0,136.0
55345,260.0,222.0,154.0,158.0
55346,252.0,84.0,142.0,132.0
55347,239.0,231.0,164.0,130.0
55348,233.0,202.0,110.0,124.0
55349,269.0,106.0,157.0,147.0
55350,232.0,231.0,131.0,139.0
55351,254.0,209.0,139.0,144.0
55352,245.0,205.0,139.0,133.0
55353,249.0,94.0,123.0,143.0
55354,238.0,104.0,116.0,138.0
55355,241.0,69.0,134.0,143.0
55356,244.0,235.0,126.0,135.0
55357,249.0,148.0,124.0,133.0
55358,247.0,94.0,132.0,137.0
55359,257.0,96.0,142.0,137.0
55360,255.0,134.0,151.0,137.0
55361,244.0,189.0,144.0,126.0
55362,265.0,108.0,137.0,152.0
55363,233.0,206.0,133.0,132.0
55364,251.0,125.0,153.0,127.0
55365,244.0,125.0,132.0,149.0
55366,266.0,174.0,151.0,141.0
55367,254.0,121.0,148.0,133.0
55368,234.0,197.0,127.0,129.0
55369,229.0,134.0,115.0,132.0
55370,271.0,102.0,155.0,150.0
55371,250.0,89.0,147.0,134.0
55372,235.0,95.0,117.0,127.0
55373,250.0,244.0,135.0,176.0
55374,238.0,122.0,125.0,139.0
55375,233.0,100.0,135.0,122.0
55376,262.0,158.0,136.0,151.0
55377,260.0,157.0,151.0,140.0
55378,262.0,95.0,156.0,144.0
55379,276.0,58.0,168.0,158.0
55380,247.0,211.0,137.0,138.0
55381,258.0,237.0,138.0,130.0
55382,252.0,119.0,142.0,148.0
55383,228.0,218.0,132.0,134.0
55384,240.0,211.0,140.0,136.0
55385,265.0,83.0,138.0,148.0
55386,245.0,135.0,125.0,139.0
55387,235.0,92.0,156.0,132.0
55388,240.0,106.0,138.0,139.0
55389,241.0,205.0,134.0,142.0
55390,253.0,92.0,145.0,141.0
55391,267.0,242.0,139.0,152.0
55392,271.0,82.0,150.0,165.0
55393,260.0,122.0,154.0,148.0
55394,240.0,146.0,126.0,139.0
55395,256.0,224.0,141.0,130.0
55396,258.0,136.0,149.0,142.0
55397,274.0,243.0,164.0,162.0
55398,256.0,222.0,153.0,131.0
55399,266.0,123.0,151.0,152.0
55400,255.0,105.0,144.0,139.0
55401,240.0,100.0,141.0,128.0
55402,258.0,115.0,138.0,145.0
55403,217.0,104.0,126.0,123.0
55404,246.0,244.0,141.0,153.0
55405,257.0,170.0,137.0,144.0
55406,263.0,224.0,154.0,151.0
55407,253.0,125.0,141.0,150.0
55408,233.0,75.0,129.0,128.0
55409,222.0,134.0,141.0,130.0
55410,276.0,109.0,148.0,146.0
55411,239.0,89.0,130.0,145.0
55412,246.0,238.0,132.0,132.0
55413,261.0,216.0,153.0,139.0
55414,267.0,240.0,147.0,149.0
55415,255.0,120.0,132.0,127.0
55416,256.0,119.0,138.0,147.0
55417,225.0,202.0,129.0,119.0
55418,246.0,91.0,119.0,156.0
55419,226.0,112.0,136.0,130.0
55420,249.0,138.0,144.0,126.0
55421,250.0,80.0,146.0,140.0
55422,236.0,128.0,126.0,126.0
55423,259.0,123.0,145.0,132.0
55424,234.0,201.0,145.0,120.0
55425,268.0,126.0,151.0,152.0
55426,226.0,66.0,131.0,127.0
55427,220.0,107.0,125.0,122.0
55428,264.0,225.0,148.0,154.0
55429,239.0,233.0,135.0,133.0
55430,256.0,42.0,154.0,152.0
55431,272.0,153.0,143.0,146.0
55432,260.0,233.0,147.0,135.0
55433,243.0,145.0,127.0,139.0
55434,268.0,268.0,147.0,166.0
55435,259.0,139.0,139.0,158.0
55436,268.0,124.0,144.0,148.0
55437,264.0,104.0,146.0,140.0
55438,242.0,125.0,131.0,130.0
55439,263.0,121.0,142.0,150.0
55440,255.0,92.0,147.0,140.0
55441,239.0,139.0,138.0,133.0
55442,268.0,110.0,161.0,158.0
55443,244.0,79.0,151.0,145.0
55444,267.0,196.0,166.0,146.0
55445,235.0,110.0,127.0,134.0
55446,258.0,220.0,129.0,129.0
55447,243.0,167.0,131.0,142.0
55448,215.0,103.0,129.0,106.0
55449,245.0,99.0,136.0,130.0
55450,244.0,110.0,149.0,145.0
55451,207.0,172.0,120.0,118.0
55452,268.0,122.0,160.0,141.0
55453,261.0,84.0,141.0,150.0
55454,243.0,142.0,132.0,136.0
55455,225.0,140.0,121.0,121.0
55456,252.0,212.0,140.0,146.0
55457,257.0,233.0,149.0,129.0
55458,266.0,263.0,161.0,149.0
55459,251.0,171.0,147.0,141.0
55460,250.0,215.0,129.0,140.0
55461,235.0,235.0,126.0,144.0
55462,260.0,251.0,140.0,166.0
55463,225.0,72.0,120.0,126.0
55464,238.0,152.0,126.0,145.0
55465,248.0,139.0,150.0,131.0
55466,268.0,231.0,145.0,143.0
55467,223.0,189.0,114.0,121.0
55468,242.0,138.0,140.0,137.0
55469,254.0,220.0,147.0,137.0
55470,249.0,112.0,133.0,131.0
55471,242.0,132.0,132.0,141.0
55472,225.0,154.0,132.0,124.0
55473,247.0,86.0,148.0,150.0
55474,237.0,233.0,134.0,142.0
55475,246.0,124.0,140.0,140.0
55476,223.0,106.0,116.0,111.0
55477,240.0,127.0,119.0,119.0
55478,248.0,108.0,133.0,126.0
55479,271.0,142.0,166.0,160.0
55480,241.0,126.0,129.0,142.0
55481,253.0,94.0,135.0,136.0
55482,245.0,213.0,148.0,137.0
55483,230.0,198.0,125.0,129.0
55484,224.0,200.0,136.0,129.0
55485,285.0,105.0,152.0,159.0
55486,225.0,195.0,131.0,118.0
55487,234.0,119.0,141.0,136.0
55488,239.0,107.0,139.0,134.0
55489,265.0,153.0,164.0,143.0
55490,238.0,204.0,148.0,129.0
55491,248.0,214.0,132.0,150.0
55492,235.0,99.0,134.0,143.0
55493,225.0,114.0,116.0,127.0
55494,265.0,219.0,126.0,141.0
55495,247.0,223.0,154.0,139.0
55496,231.0,207.0,119.0,112.0
55497,222.0,176.0,120.0,121.0
55498,268.0,174.0,141.0,148.0
55499,260.0,143.0,152.0,158.0
55500,240.0,119.0,132.0,130.0
55501,249.0,100.0,131.0,136.0
55502,221.0,193.0,126.0,125.0
55503,243.0,125.0,147.0,153.0
55504,240.0,108.0,141.0,133.0
55505,268.0,105.0,161.0,149.0
55506,250.0,149.0,141.0,145.0
55507,211.0,55.0,121.0,124.0
55508,251.0,103.0,149.0,127.0
55509,255.0,146.0,150.0,141.0
55510,252.0,117.0,149.0,152.0
55511,262.0,131.0,148.0,152.0
55512,255.0,119.0,151.0,137.0
55513,255.0,130.0,149.0,134.0
55514,262.0,160.0,146.0,152.0
55515,239.0,86.0,134.0,133.0
55516,254.0,76.0,150.0,131.0
55517,256.0,155.0,136.0,135.0
55518,242.0,100.0,138.0,131.0
55519,245.0,215.0,140.0,144.0
55520,230.0,93.0,123.0,136.0
55521,231.0,89.0,124.0,140.0
55522,244.0,99.0,139.0,139.0
55523,256.0,104.0,146.0,151.0
55524,250.0,107.0,141.0,138.0
55525,248.0,110.0,156.0,149.0
55526,248.0,98.0,136.0,143.0
55527,219.0,77.0,130.0,125.0
55528,234.0,89.0,142.0,131.0
55529,249.0,83.0,134.0,142.0
55530,260.0,259.0,142.0,143.0
55531,276.0,118.0,163.0,159.0
55532,258.0,215.0,130.0,153.0
55533,260.0,43.0,152.0,150.0
55534,253.0,108.0,142.0,151.0
55535,237.0,104.0,124.0,142.0
55536,239.0,88.0,133.0,134.0
55537,240.0,155.0,128.0,127.0
55538,230.0,91.0,122.0,126.0
55539,288.0,120.0,149.0,160.0
55540,240.0,231.0,141.0,135.0
55541,250.0,105.0,139.0,158.0
55542,235.0,121.0,138.0,126.0
55543,249.0,219.0,140.0,146.0
55544,277.0,262.0,165.0,157.0
55545,267.0,149.0,148.0,154.0
55546,256.0,140.0,139.0,142.0
55547,253.0,247.0,132.0,139.0
55548,243.0,237.0,140.0,136.0
55549,252.0,100.0,152.0,137.0
55550,229.0,78.0,114.0,116.0
55551,261.0,152.0,141.0,158.0
55552,248.0,244.0,145.0,137.0
55553,265.0,224.0,142.0,164.0
55554,257.0,216.0,143.0,149.0
55555,232.0,125.0,141.0,134.0
55556,248.0,243.0,143.0,145.0
55557,233.0,94.0,134.0,136.0
55558,256.0,94.0,145.0,142.0
55559,230.0,99.0,127.0,129.0
55560,237.0,95.0,127.0,136.0
55561,290.0,181.0,171.0,170.0
55562,260.0,114.0,145.0,139.0
55563,249.0,215.0,150.0,140.0
55564,239.0,239.0,153.0,142.0
55565,287.0,141.0,152.0,157.0
55566,284.0,245.0,158.0,157.0
55567,255.0,95.0,141.0,141.0
55568,249.0,203.0,159.0,132.0
55569,262.0,107.0,113.0,135.0
55570,230.0,89.0,127.0,132.0
55571,254.0,153.0,137.0,144.0
55572,247.0,210.0,146.0,134.0
55573,279.0,185.0,152.0,155.0
55574,269.0,268.0,157.0,154.0
55575,259.0,175.0,154.0,159.0
55576,245.0,157.0,140.0,143.0
55577,236.0,213.0,138.0,130.0
55578,228.0,196.0,142.0,117.0
55579,238.0,116.0,128.0,120.0
55580,259.0,247.0,135.0,143.0
55581,234.0,132.0,125.0,137.0
55582,238.0,112.0,134.0,120.0
55583,243.0,85.0,140.0,133.0
55584,242.0,106.0,145.0,145.0
55585,223.0,80.0,137.0,126.0
55586,264.0,94.0,153.0,161.0
55587,219.0,166.0,122.0,121.0
55588,266.0,106.0,162.0,160.0
55589,272.0,115.0,161.0,157.0
55590,243.0,109.0,150.0,134.0
55591,268.0,263.0,159.0,138.0
55592,268.0,256.0,151.0,143.0
55593,270.0,105.0,157.0,156.0
55594,254.0,106.0,151.0,140.0
55595,241.0,199.0,129.0,134.0
55596,250.0,45.0,137.0,141.0
55597,237.0,67.0,129.0,146.0
55598,227.0,131.0,118.0,124.0
55599,222.0,214.0,121.0,127.0
55600,270.0,136.0,158.0,157.0
55601,255.0,57.0,138.0,152.0
55602,255.0,219.0,148.0,163.0
55603,251.0,100.0,138.0,138.0
55604,247.0,123.0,133.0,115.0
55605,243.0,92.0,123.0,126.0
55606,238.0,109.0,121.0,133.0
55607,242.0,242.0,128.0,150.0
55608,261.0,213.0,140.0,134.0
55609,261.0,105.0,160.0,147.0
55610,236.0,192.0,130.0,136.0
55611,240.0,136.0,139.0,145.0
55612,243.0,98.0,144.0,135.0
55613,283.0,148.0,156.0,157.0
55614,255.0,125.0,145.0,138.0
55615,246.0,124.0,146.0,138.0
55616,252.0,108.0,148.0,136.0
55617,255.0,228.0,141.0,140.0
55618,237.0,73.0,130.0,136.0
55619,234.0,103.0,135.0,141.0
55620,228.0,199.0,137.0,135.0
55621,237.0,132.0,130.0,142.0
55622,269.0,145.0,140.0,130.0
55623,255.0,214.0,143.0,152.0
55624,247.0,101.0,144.0,135.0
55625,239.0,105.0,118.0,123.0
55626,255.0,111.0,142.0,134.0
55627,250.0,152.0,144.0,135.0
55628,247.0,91.0,138.0,131.0
55629,244.0,151.0,130.0,133.0
55630,240.0,119.0,135.0,134.0
55631,256.0,204.0,147.0,138.0
55632,252.0,133.0,131.0,139.0
55633,243.0,102.0,134.0,137.0
55634,249.0,211.0,142.0,138.0
55635,233.0,205.0,109.0,126.0
55636,251.0,217.0,146.0,151.0
55637,251.0,66.0,134.0,149.0
55638,261.0,140.0,132.0,160.0
55639,258.0,97.0,143.0,142.0
55640,229.0,92.0,142.0,131.0
55641,239.0,122.0,125.0,140.0
55642,259.0,119.0,142.0,146.0
55643,234.0,116.0,144.0,128.0
55644,277.0,159.0,171.0,163.0
55645,268.0,131.0,158.0,159.0
55646,253.0,221.0,151.0,150.0
55647,257.0,218.0,148.0,141.0
55648,259.0,130.0,137.0,149.0
55649,273.0,122.0,135.0,146.0
55650,245.0,90.0,137.0,140.0
55651,253.0,94.0,132.0,146.0
55652,235.0,124.0,150.0,133.0
55653,234.0,93.0,123.0,120.0
55654,250.0,151.0,137.0,142.0
55655,257.0,110.0,125.0,139.0
55656,243.0,205.0,140.0,141.0
55657,242.0,132.0,145.0,142.0
55658,252.0,105.0,151.0,157.0
55659,262.0,133.0,144.0,134.0
55660,229.0,191.0,133.0,133.0
55661,259.0,236.0,147.0,142.0
55662,269.0,106.0,160.0,141.0
55663,252.0,242.0,147.0,136.0
55664,259.0,121.0,158.0,128.0
55665,244.0,60.0,139.0,138.0
55666,218.0,183.0,114.0,125.0
55667,219.0,89.0,137.0,123.0
55668,264.0,141.0,148.0,148.0
55669,271.0,119.0,136.0,159.0
55670,236.0,160.0,135.0,131.0
55671,235.0,133.0,145.0,133.0
55672,257.0,97.0,144.0,150.0
55673,231.0,67.0,130.0,130.0
55674,254.0,112.0,141.0,144.0
55675,246.0,138.0,130.0,129.0
55676,241.0,100.0,150.0,144.0
55677,233.0,200.0,130.0,124.0
55678,257.0,127.0,147.0,136.0
55679,230.0,230.0,148.0,144.0
55680,227.0,202.0,116.0,127.0
55681,243.0,118.0,140.0,139.0
55682,258.0,84.0,135.0,142.0
55683,243.0,121.0,134.0,143.0
55684,247.0,210.0,148.0,128.0
55685,262.0,236.0,146.0,151.0
55686,252.0,111.0,149.0,132.0
55687,249.0,219.0,150.0,141.0
55688,258.0,64.0,143.0,150.0
55689,236.0,232.0,129.0,120.0
55690,227.0,80.0,132.0,134.0
55691,246.0,195.0,131.0,139.0
55692,217.0,117.0,126.0,129.0
55693,275.0,114.0,143.0,163.0
55694,280.0,233.0,166.0,164.0
55695,225.0,101.0,115.0,140.0
55696,264.0,227.0,145.0,156.0
55697,257.0,104.0,143.0,126.0
55698,255.0,123.0,137.0,155.0
55699,272.0,227.0,145.0,147.0
55700,253.0,157.0,124.0,131.0
55701,240.0,123.0,147.0,136.0
55702,259.0,144.0,146.0,156.0
55703,239.0,205.0,137.0,138.0
55704,270.0,258.0,166.0,151.0
55705,266.0,235.0,153.0,158.0
55706,233.0,106.0,130.0,140.0
55707,247.0,162.0,143.0,125.0
55708,239.0,129.0,136.0,135.0
55709,251.0,109.0,139.0,139.0
55710,262.0,135.0,144.0,156.0
55711,262.0,150.0,161.0,159.0
55712,233.0,152.0,138.0,134.0
55713,257.0,226.0,142.0,148.0
55714,251.0,105.0,152.0,152.0
55715,238.0,127.0,134.0,137.0
55716,267.0,240.0,143.0,142.0
55717,243.0,124.0,119.0,139.0
55718,264.0,92.0,144.0,137.0
55719,219.0,133.0,113.0,122.0
55720,254.0,241.0,152.0,134.0
55721,267.0,113.0,150.0,153.0
55722,265.0,258.0,149.0,153.0
55723,251.0,97.0,141.0,155.0
55724,244.0,209.0,139.0,145.0
55725,249.0,218.0,142.0,132.0
55726,253.0,117.0,134.0,141.0
55727,274.0,235.0,153.0,145.0
55728,267.0,231.0,149.0,148.0
55729,253.0,98.0,138.0,144.0
55730,245.0,110.0,132.0,142.0
55731,245.0,75.0,147.0,135.0
55732,248.0,215.0,138.0,135.0
55733,263.0,90.0,149.0,150.0
55734,247.0,125.0,129.0,139.0
55735,241.0,209.0,144.0,139.0
55736,251.0,93.0,150.0,137.0
55737,218.0,92.0,119.0,120.0
55738,251.0,117.0,129.0,142.0
55739,256.0,118.0,133.0,158.0
55740,238.0,205.0,131.0,124.0
55741,237.0,70.0,135.0,132.0
55742,265.0,179.0,171.0,157.0
55743,242.0,82.0,124.0,124.0
55744,260.0,233.0,149.0,131.0
55745,246.0,134.0,139.0,146.0
55746,255.0,138.0,136.0,143.0
55747,247.0,73.0,137.0,138.0
55748,265.0,146.0,161.0,153.0
55749,253.0,97.0,140.0,136.0
55750,262.0,135.0,156.0,141.0
55751,248.0,161.0,138.0,140.0
55752,254.0,183.0,136.0,149.0
55753,239.0,204.0,137.0,125.0
55754,253.0,127.0,154.0,131.0
55755,261.0,109.0,132.0,143.0
55756,232.0,124.0,133.0,142.0
55757,250.0,105.0,148.0,137.0
55758,239.0,109.0,138.0,131.0
55759,250.0,145.0,140.0,124.0
55760,251.0,153.0,148.0,148.0
55761,240.0,159.0,148.0,137.0
55762,246.0,94.0,137.0,140.0
55763,268.0,130.0,147.0,136.0
55764,276.0,152.0,156.0,160.0
55765,284.0,240.0,167.0,173.0
55766,226.0,194.0,117.0,137.0
55767,255.0,222.0,137.0,144.0
55768,257.0,141.0,147.0,148.0
55769,232.0,82.0,118.0,129.0
55770,239.0,96.0,132.0,129.0
55771,243.0,76.0,134.0,139.0
55772,243.0,219.0,134.0,129.0
55773,249.0,113.0,143.0,145.0
55774,228.0,89.0,123.0,137.0
55775,257.0,127.0,148.0,153.0
55776,234.0,73.0,115.0,129.0
55777,246.0,135.0,136.0,141.0
55778,211.0,185.0,116.0,123.0
55779,238.0,200.0,128.0,129.0
55780,237.0,79.0,138.0,141.0
55781,237.0,192.0,142.0,139.0
55782,255.0,213.0,128.0,157.0
55783,257.0,228.0,139.0,144.0
55784,253.0,225.0,151.0,145.0
55785,281.0,228.0,161.0,165.0
55786,246.0,198.0,153.0,136.0
55787,264.0,82.0,173.0,152.0
55788,246.0,204.0,149.0,133.0
55789,222.0,83.0,134.0,125.0
55790,236.0,214.0,139.0,136.0
55791,241.0,117.0,124.0,141.0
55792,258.0,105.0,149.0,150.0
55793,253.0,124.0,144.0,140.0
55794,238.0,113.0,122.0,127.0
55795,243.0,101.0,133.0,137.0
55796,265.0,161.0,150.0,152.0
55797,261.0,102.0,152.0,144.0
55798,237.0,130.0,132.0,128.0
55799,242.0,71.0,137.0,130.0
55800,235.0,117.0,131.0,137.0
55801,237.0,136.0,129.0,117.0
55802,270.0,252.0,154.0,152.0
55803,256.0,132.0,145.0,143.0
55804,240.0,96.0,137.0,143.0
55805,268.0,136.0,135.0,151.0
55806,261.0,126.0,138.0,142.0
55807,257.0,153.0,143.0,155.0
55808,265.0,155.0,151.0,142.0
55809,253.0,136.0,126.0,144.0
55810,259.0,173.0,138.0,139.0
55811,252.0,102.0,139.0,134.0
55812,234.0,172.0,109.0,145.0
55813,251.0,100.0,132.0,140.0
55814,247.0,129.0,126.0,134.0
55815,249.0,247.0,143.0,158.0
55816,247.0,238.0,152.0,145.0
55817,226.0,91.0,124.0,132.0
55818,258.0,135.0,131.0,144.0
55819,268.0,131.0,165.0,147.0
55820,244.0,117.0,133.0,129.0
55821,239.0,138.0,139.0,138.0
55822,248.0,122.0,141.0,147.0
55823,251.0,79.0,146.0,142.0
55824,262.0,126.0,146.0,168.0
55825,232.0,219.0,139.0,122.0
55826,250.0,216.0,137.0,138.0
55827,227.0,141.0,140.0,132.0
55828,221.0,87.0,122.0,118.0
55829,243.0,233.0,136.0,146.0
55830,238.0,143.0,142.0,132.0
55831,235.0,144.0,130.0,123.0
55832,235.0,141.0,136.0,144.0
55833,266.0,86.0,154.0,142.0
55834,253.0,146.0,132.0,157.0
55835,254.0,249.0,142.0,148.0
55836,241.0,86.0,128.0,131.0
55837,249.0,121.0,137.0,142.0
55838,232.0,69.0,140.0,126.0
55839,241.0,99.0,138.0,138.0
55840,253.0,158.0,138.0,148.0
55841,253.0,217.0,150.0,147.0
55842,268.0,142.0,151.0,149.0
55843,253.0,105.0,140.0,140.0
55844,236.0,131.0,127.0,128.0
55845,244.0,99.0,140.0,142.0
55846,251.0,86.0,150.0,130.0
55847,247.0,102.0,122.0,143.0
55848,243.0,111.0,123.0,140.0
55849,258.0,257.0,157.0,152.0
55850,244.0,97.0,141.0,136.0
55851,247.0,84.0,132.0,140.0
55852,262.0,149.0,161.0,148.0
55853,273.0,164.0,167.0,153.0
55854,252.0,232.0,141.0,141.0
55855,256.0,247.0,152.0,139.0
55856,236.0,66.0,124.0,141.0
55857,241.0,113.0,133.0,148.0
55858,263.0,97.0,142.0,161.0
55859,247.0,118.0,140.0,140.0
55860,245.0,200.0,148.0,132.0
55861,251.0,164.0,137.0,146.0
55862,256.0,125.0,142.0,153.0
55863,259.0,147.0,158.0,137.0
55864,247.0,116.0,150.0,128.0
55865,265.0,87.0,140.0,156.0
55866,260.0,240.0,129.0,144.0
55867,254.0,144.0,132.0,141.0
55868,226.0,108.0,129.0,135.0
55869,274.0,248.0,153.0,150.0
55870,256.0,78.0,138.0,142.0
55871,235.0,104.0,138.0,130.0
55872,236.0,175.0,132.0,135.0
55873,247.0,198.0,139.0,137.0
55874,252.0,111.0,133.0,131.0
55875,261.0,105.0,141.0,159.0
55876,255.0,106.0,140.0,143.0
55877,248.0,130.0,143.0,140.0
55878,245.0,102.0,135.0,121.0
55879,272.0,153.0,169.0,150.0
55880,251.0,223.0,131.0,147.0
55881,241.0,100.0,128.0,131.0
55882,231.0,136.0,126.0,140.0
55883,259.0,87.0,146.0,138.0
55884,250.0,210.0,127.0,143.0
55885,234.0,199.0,130.0,150.0
55886,254.0,137.0,132.0,162.0
55887,260.0,126.0,154.0,137.0
55888,241.0,144.0,141.0,140.0
55889,241.0,197.0,134.0,138.0
55890,239.0,163.0,128.0,140.0
55891,253.0,103.0,145.0,133.0
55892,274.0,230.0,142.0,143.0
55893,261.0,85.0,144.0,137.0
55894,224.0,107.0,114.0,125.0
55895,254.0,229.0,145.0,150.0
55896,249.0,222.0,138.0,148.0
55897,251.0,224.0,136.0,149.0
55898,243.0,95.0,132.0,137.0
55899,286.0,119.0,167.0,146.0
55900,270.0,228.0,150.0,153.0
55901,260.0,112.0,150.0,134.0
55902,252.0,100.0,122.0,153.0
55903,266.0,119.0,142.0,144.0
55904,254.0,90.0,148.0,151.0
55905,238.0,115.0,127.0,135.0
55906,236.0,119.0,108.0,134.0
55907,248.0,109.0,137.0,129.0
55908,244.0,116.0,130.0,129.0
55909,266.0,112.0,137.0,162.0
55910,249.0,213.0,139.0,144.0
55911,234.0,84.0,134.0,136.0
55912,278.0,244.0,148.0,163.0
55913,218.0,113.0,121.0,113.0
55914,253.0,135.0,144.0,122.0
55915,242.0,122.0,140.0,141.0
55916,252.0,243.0,159.0,144.0
55917,241.0,84.0,139.0,133.0
55918,245.0,103.0,131.0,131.0
55919,264.0,235.0,143.0,151.0
55920,269.0,162.0,137.0,162.0
55921,247.0,102.0,155.0,144.0
55922,252.0,142.0,146.0,126.0
55923,254.0,115.0,148.0,132.0
55924,242.0,211.0,151.0,138.0
55925,239.0,94.0,142.0,123.0
55926,250.0,126.0,140.0,152.0
55927,255.0,98.0,139.0,118.0
55928,262.0,102.0,144.0,139.0
55929,248.0,60.0,157.0,138.0
55930,239.0,150.0,124.0,126.0
55931,232.0,104.0,135.0,125.0
55932,248.0,119.0,142.0,147.0
55933,252.0,156.0,142.0,132.0
55934,264.0,158.0,165.0,150.0
55935,251.0,108.0,145.0,157.0
55936,246.0,113.0,142.0,132.0
55937,245.0,135.0,135.0,136.0
55938,268.0,155.0,154.0,155.0
55939,221.0,81.0,123.0,118.0
55940,258.0,102.0,148.0,149.0
55941,241.0,220.0,156.0,139.0
55942,261.0,102.0,132.0,138.0
55943,235.0,198.0,130.0,128.0
55944,242.0,117.0,129.0,142.0
55945,250.0,120.0,149.0,142.0
55946,250.0,128.0,132.0,136.0
55947,242.0,105.0,143.0,137.0
55948,238.0,65.0,126.0,128.0
55949,233.0,228.0,139.0,120.0
55950,254.0,249.0,130.0,138.0
55951,233.0,195.0,120.0,133.0
55952,266.0,72.0,147.0,151.0
55953,250.0,210.0,139.0,145.0
55954,236.0,139.0,126.0,127.0
55955,254.0,173.0,146.0,155.0
55956,252.0,88.0,143.0,144.0
55957,232.0,126.0,136.0,138.0
55958,232.0,99.0,133.0,124.0
55959,253.0,95.0,138.0,135.0
55960,245.0,151.0,119.0,135.0
55961,255.0,118.0,151.0,147.0
55962,232.0,203.0,134.0,132.0
55963,244.0,221.0,150.0,132.0
55964,238.0,66.0,131.0,125.0
55965,267.0,257.0,137.0,141.0
55966,269.0,132.0,157.0,147.0
55967,268.0,257.0,127.0,159.0
55968,258.0,130.0,165.0,135.0
55969,246.0,212.0,153.0,142.0
55970,255.0,211.0,144.0,145.0
55971,224.0,197.0,130.0,134.0
55972,255.0,144.0,141.0,158.0
55973,244.0,216.0,133.0,125.0
55974,244.0,205.0,126.0,139.0
55975,290.0,225.0,176.0,161.0
55976,274.0,149.0,152.0,151.0
55977,263.0,145.0,126.0,159.0
55978,253.0,249.0,142.0,153.0
55979,263.0,249.0,143.0,153.0
55980,223.0,61.0,120.0,126.0
55981,258.0,128.0,152.0,140.0
55982,242.0,119.0,134.0,146.0
55983,240.0,204.0,130.0,143.0
55984,270.0,114.0,140.0,152.0
55985,243.0,216.0,131.0,136.0
55986,273.0,174.0,147.0,167.0
55987,249.0,223.0,139.0,144.0
55988,251.0,218.0,149.0,140.0
55989,233.0,95.0,126.0,134.0
55990,220.0,78.0,124.0,125.0
55991,235.0,206.0,139.0,146.0
55992,252.0,100.0,147.0,144.0
55993,235.0,129.0,135.0,123.0
55994,236.0,161.0,126.0,123.0
55995,228.0,144.0,135.0,128.0
55996,269.0,239.0,153.0,163.0
55997,238.0,127.0,120.0,142.0
55998,242.0,94.0,141.0,109.0
55999,268.0,150.0,151.0,160.0
56000,245.0,133.0,145.0,144.0
56001,255.0,98.0,132.0,140.0
56002,247.0,121.0,143.0,140.0
56003,258.0,204.0,145.0,157.0
56004,251.0,227.0,133.0,138.0
56005,230.0,79.0,132.0,126.0
56006,242.0,206.0,135.0,129.0
56007,245.0,110.0,132.0,149.0
56008,253.0,117.0,155.0,154.0
56009,254.0,78.0,150.0,140.0
56010,241.0,121.0,147.0,141.0
56011,241.0,102.0,140.0,150.0
56012,228.0,131.0,134.0,130.0
56013,256.0,117.0,137.0,141.0
56014,266.0,231.0,139.0,148.0
56015,256.0,217.0,158.0,142.0
56016,238.0,73.0,133.0,138.0
56017,258.0,224.0,138.0,148.0
56018,238.0,124.0,127.0,136.0
56019,247.0,114.0,138.0,139.0
56020,274.0,263.0,169.0,163.0
56021,224.0,184.0,123.0,120.0
56022,256.0,112.0,152.0,142.0
56023,265.0,119.0,145.0,149.0
56024,256.0,111.0,145.0,132.0
56025,245.0,236.0,140.0,145.0
56026,230.0,125.0,128.0,113.0
56027,234.0,171.0,123.0,135.0
56028,255.0,133.0,139.0,145.0
56029,259.0,107.0,148.0,144.0
56030,236.0,140.0,129.0,139.0
56031,244.0,179.0,144.0,140.0
56032,254.0,88.0,145.0,135.0
56033,268.0,103.0,154.0,158.0
56034,248.0,119.0,138.0,152.0
56035,236.0,77.0,120.0,140.0
56036,241.0,77.0,145.0,139.0
56037,232.0,70.0,132.0,120.0
56038,243.0,177.0,141.0,135.0
56039,262.0,89.0,161.0,155.0
56040,248.0,101.0,123.0,121.0
56041,246.0,127.0,138.0,144.0
56042,252.0,228.0,144.0,146.0
56043,256.0,193.0,138.0,135.0
56044,218.0,216.0,127.0,122.0
56045,246.0,70.0,147.0,128.0
56046,262.0,80.0,160.0,144.0
56047,241.0,131.0,140.0,137.0
56048,253.0,136.0,138.0,143.0
56049,259.0,120.0,134.0,148.0
56050,241.0,189.0,139.0,133.0
56051,241.0,202.0,138.0,145.0
56052,242.0,74.0,144.0,143.0
56053,252.0,99.0,146.0,132.0
56054,257.0,114.0,149.0,140.0
56055,258.0,105.0,151.0,159.0
56056,272.0,96.0,167.0,157.0
56057,227.0,54.0,124.0,119.0
56058,235.0,235.0,141.0,146.0
56059,256.0,220.0,131.0,134.0
56060,257.0,140.0,141.0,136.0
56061,248.0,201.0,157.0,123.0
56062,253.0,218.0,155.0,143.0
56063,242.0,112.0,125.0,126.0
56064,250.0,90.0,138.0,145.0
56065,255.0,123.0,139.0,150.0
56066,236.0,109.0,138.0,135.0
56067,231.0,86.0,124.0,138.0
56068,262.0,262.0,170.0,134.0
56069,260.0,122.0,151.0,139.0
56070,264.0,95.0,157.0,151.0
56071,223.0,126.0,132.0,127.0
56072,227.0,92.0,137.0,133.0
56073,245.0,55.0,126.0,149.0
56074,256.0,131.0,148.0,150.0
56075,258.0,112.0,149.0,144.0
56076,259.0,105.0,145.0,148.0
56077,269.0,104.0,146.0,141.0
56078,256.0,115.0,149.0,126.0
56079,251.0,194.0,147.0,156.0
56080,260.0,243.0,144.0,146.0
56081,237.0,71.0,124.0,132.0
56082,243.0,77.0,137.0,132.0
56083,249.0,136.0,143.0,134.0
56084,253.0,101.0,147.0,156.0
56085,239.0,96.0,127.0,125.0
56086,241.0,119.0,133.0,143.0
56087,247.0,77.0,126.0,148.0
56088,252.0,81.0,146.0,151.0
56089,270.0,112.0,150.0,144.0
56090,248.0,124.0,146.0,154.0
56091,250.0,207.0,141.0,149.0
56092,237.0,95.0,147.0,129.0
56093,253.0,120.0,136.0,132.0
56094,262.0,119.0,156.0,142.0
56095,238.0,91.0,131.0,129.0
56096,250.0,131.0,157.0,137.0
56097,224.0,98.0,129.0,114.0
56098,249.0,130.0,137.0,139.0
56099,247.0,146.0,133.0,140.0
56100,227.0,100.0,116.0,129.0
56101,276.0,171.0,147.0,131.0
56102,243.0,146.0,146.0,125.0
56103,231.0,90.0,130.0,130.0
56104,236.0,103.0,125.0,127.0
56105,245.0,97.0,128.0,130.0
56106,248.0,168.0,133.0,146.0
56107,262.0,259.0,143.0,148.0
56108,231.0,204.0,125.0,117.0
56109,253.0,113.0,142.0,138.0
56110,246.0,106.0,143.0,136.0
56111,238.0,141.0,134.0,147.0
56112,248.0,97.0,131.0,139.0
56113,260.0,140.0,149.0,139.0
56114,267.0,155.0,172.0,159.0
56115,262.0,228.0,137.0,141.0
56116,258.0,231.0,144.0,151.0
56117,260.0,161.0,142.0,136.0
56118,258.0,139.0,149.0,154.0
56119,226.0,224.0,130.0,129.0
56120,238.0,210.0,137.0,145.0
56121,248.0,204.0,137.0,132.0
56122,265.0,235.0,149.0,150.0
56123,251.0,108.0,138.0,158.0
56124,233.0,202.0,137.0,130.0
56125,258.0,109.0,154.0,142.0
56126,255.0,182.0,147.0,141.0
56127,243.0,109.0,137.0,129.0
56128,260.0,228.0,158.0,145.0
56129,254.0,173.0,143.0,146.0
56130,265.0,217.0,156.0,148.0
56131,250.0,105.0,142.0,126.0
56132,249.0,123.0,130.0,145.0
56133,240.0,66.0,129.0,142.0
56134,240.0,140.0,136.0,139.0
56135,240.0,105.0,145.0,124.0
56136,250.0,110.0,147.0,155.0
56137,274.0,147.0,153.0,150.0
56138,240.0,96.0,129.0,136.0
56139,260.0,98.0,144.0,136.0
56140,275.0,230.0,162.0,154.0
56141,250.0,214.0,139.0,139.0
56142,231.0,204.0,123.0,121.0
56143,242.0,121.0,125.0,129.0
56144,275.0,226.0,142.0,158.0
56145,247.0,94.0,143.0,142.0
56146,250.0,143.0,143.0,148.0
56147,226.0,166.0,119.0,119.0
56148,254.0,117.0,147.0,135.0
56149,245.0,127.0,136.0,136.0
56150,236.0,197.0,135.0,123.0
56151,244.0,94.0,117.0,140.0
56152,234.0,199.0,137.0,128.0
56153,246.0,84.0,138.0,147.0
56154,210.0,68.0,117.0,119.0
56155,218.0,89.0,120.0,132.0
56156,247.0,121.0,127.0,135.0
56157,236.0,59.0,124.0,144.0
56158,241.0,113.0,136.0,133.0
56159,220.0,58.0,124.0,124.0
56160,246.0,222.0,142.0,141.0
56161,240.0,151.0,116.0,137.0
56162,267.0,112.0,137.0,141.0
56163,239.0,84.0,135.0,130.0
56164,250.0,223.0,139.0,148.0
56165,257.0,225.0,143.0,146.0
56166,286.0,146.0,162.0,157.0
56167,281.0,176.0,172.0,144.0
56168,267.0,101.0,136.0,142.0
56169,264.0,103.0,152.0,142.0
56170,234.0,141.0,131.0,138.0
56171,248.0,128.0,128.0,129.0
56172,238.0,105.0,134.0,131.0
56173,244.0,64.0,155.0,142.0
56174,265.0,143.0,147.0,143.0
56175,263.0,157.0,150.0,150.0
56176,263.0,236.0,154.0,149.0
56177,238.0,85.0,119.0,149.0
56178,252.0,94.0,140.0,143.0
56179,265.0,104.0,150.0,160.0
56180,242.0,215.0,152.0,141.0
56181,254.0,132.0,143.0,143.0
56182,235.0,188.0,138.0,123.0
56183,258.0,121.0,133.0,152.0
56184,254.0,132.0,147.0,126.0
56185,260.0,62.0,130.0,135.0
56186,254.0,240.0,142.0,125.0
56187,268.0,259.0,160.0,158.0
56188,250.0,107.0,133.0,149.0
56189,270.0,128.0,149.0,149.0
56190,244.0,133.0,138.0,136.0
56191,252.0,215.0,154.0,132.0
56192,246.0,212.0,137.0,139.0
56193,260.0,104.0,142.0,139.0
56194,252.0,80.0,140.0,138.0
56195,266.0,109.0,144.0,154.0
56196,258.0,85.0,154.0,155.0
56197,241.0,95.0,134.0,126.0
56198,259.0,136.0,144.0,144.0
56199,236.0,79.0,126.0,142.0
56200,258.0,134.0,152.0,145.0
56201,260.0,125.0,144.0,143.0
56202,261.0,141.0,146.0,144.0
56203,251.0,104.0,148.0,127.0
56204,228.0,207.0,131.0,140.0
56205,250.0,124.0,142.0,147.0
56206,246.0,122.0,144.0,144.0
56207,253.0,170.0,146.0,147.0
56208,222.0,184.0,127.0,121.0
56209,267.0,127.0,153.0,153.0
56210,246.0,97.0,134.0,147.0
56211,241.0,111.0,146.0,132.0
56212,273.0,108.0,165.0,153.0
56213,220.0,212.0,120.0,130.0
56214,231.0,90.0,114.0,129.0
56215,235.0,106.0,126.0,128.0
56216,258.0,151.0,140.0,152.0
56217,243.0,128.0,148.0,144.0
56218,265.0,235.0,158.0,138.0
56219,244.0,109.0,138.0,144.0
56220,263.0,231.0,158.0,158.0
56221,243.0,131.0,130.0,151.0
56222,228.0,83.0,133.0,121.0
56223,268.0,232.0,142.0,147.0
56224,242.0,94.0,137.0,137.0
56225,241.0,110.0,132.0,123.0
56226,237.0,203.0,124.0,116.0
56227,251.0,207.0,151.0,143.0
56228,229.0,195.0,135.0,133.0
56229,249.0,216.0,139.0,140.0
56230,246.0,106.0,138.0,134.0
56231,231.0,82.0,134.0,131.0
56232,269.0,250.0,162.0,138.0
56233,225.0,191.0,133.0,121.0
56234,248.0,110.0,140.0,141.0
56235,259.0,100.0,128.0,138.0
56236,258.0,117.0,141.0,141.0
56237,240.0,81.0,128.0,132.0
56238,240.0,71.0,133.0,122.0
56239,256.0,93.0,141.0,148.0
56240,262.0,143.0,142.0,152.0
56241,235.0,145.0,127.0,141.0
56242,235.0,101.0,128.0,128.0
56243,254.0,150.0,148.0,147.0
56244,264.0,99.0,150.0,148.0
56245,251.0,80.0,150.0,129.0
56246,222.0,186.0,131.0,134.0
56247,229.0,196.0,124.0,121.0
56248,235.0,88.0,126.0,142.0
56249,247.0,95.0,136.0,139.0
56250,249.0,148.0,136.0,137.0
56251,274.0,129.0,154.0,138.0
56252,240.0,99.0,132.0,134.0
56253,280.0,111.0,177.0,153.0
56254,261.0,96.0,147.0,139.0
56255,214.0,79.0,130.0,127.0
56256,241.0,158.0,133.0,128.0
56257,255.0,136.0,132.0,155.0
56258,245.0,95.0,146.0,146.0
56259,255.0,99.0,155.0,133.0
56260,254.0,178.0,148.0,140.0
56261,253.0,89.0,145.0,135.0
56262,263.0,227.0,142.0,139.0
56263,271.0,118.0,145.0,166.0
56264,281.0,180.0,157.0,165.0
56265,234.0,209.0,130.0,133.0
56266,223.0,73.0,117.0,138.0
56267,274.0,132.0,167.0,151.0
56268,253.0,87.0,143.0,148.0
56269,254.0,162.0,139.0,147.0
56270,237.0,103.0,133.0,136.0
56271,245.0,214.0,135.0,126.0
56272,257.0,228.0,130.0,132.0
56273,249.0,74.0,142.0,141.0
56274,262.0,76.0,147.0,144.0
56275,243.0,205.0,151.0,145.0
56276,267.0,137.0,144.0,150.0
56277,262.0,169.0,145.0,150.0
56278,237.0,145.0,131.0,133.0
56279,277.0,139.0,159.0,162.0
56280,245.0,123.0,153.0,137.0
56281,240.0,98.0,139.0,145.0
56282,251.0,227.0,144.0,129.0
56283,252.0,238.0,137.0,138.0
56284,242.0,235.0,137.0,137.0
56285,232.0,198.0,132.0,124.0
56286,261.0,190.0,136.0,139.0
56287,250.0,108.0,135.0,141.0
56288,242.0,96.0,139.0,132.0
56289,247.0,103.0,138.0,136.0
56290,262.0,85.0,165.0,152.0
56291,253.0,114.0,139.0,148.0
56292,242.0,104.0,141.0,135.0
56293,238.0,94.0,122.0,141.0
56294,240.0,139.0,129.0,134.0
56295,245.0,205.0,129.0,132.0
56296,240.0,116.0,137.0,137.0
56297,259.0,229.0,148.0,137.0
56298,246.0,205.0,128.0,133.0
56299,240.0,199.0,146.0,131.0
56300,242.0,233.0,142.0,136.0
56301,269.0,235.0,151.0,152.0
56302,242.0,113.0,142.0,128.0
56303,273.0,106.0,158.0,156.0
56304,243.0,96.0,140.0,140.0
56305,220.0,69.0,133.0,115.0
56306,244.0,85.0,132.0,139.0
56307,248.0,213.0,146.0,121.0
56308,247.0,247.0,157.0,152.0
56309,261.0,102.0,147.0,146.0
56310,246.0,149.0,141.0,135.0
56311,273.0,111.0,148.0,150.0
56312,228.0,224.0,135.0,129.0
56313,256.0,237.0,152.0,144.0
56314,241.0,129.0,142.0,124.0
56315,272.0,96.0,159.0,149.0
56316,246.0,172.0,138.0,124.0
56317,255.0,107.0,146.0,145.0
56318,254.0,222.0,136.0,134.0
56319,236.0,204.0,129.0,133.0
56320,257.0,159.0,156.0,148.0
56321,249.0,170.0,129.0,144.0
56322,225.0,109.0,121.0,132.0
56323,252.0,150.0,157.0,134.0
56324,257.0,213.0,149.0,154.0
56325,264.0,120.0,152.0,145.0
56326,252.0,113.0,128.0,146.0
56327,257.0,133.0,141.0,132.0
56328,238.0,134.0,133.0,124.0
56329,248.0,98.0,146.0,142.0
56330,251.0,137.0,132.0,136.0
56331,269.0,240.0,157.0,149.0
56332,242.0,213.0,136.0,146.0
56333,257.0,103.0,144.0,149.0
56334,248.0,223.0,135.0,137.0
56335,211.0,90.0,119.0,120.0
56336,245.0,209.0,134.0,132.0
56337,253.0,84.0,153.0,154.0
56338,256.0,225.0,145.0,157.0
56339,246.0,207.0,132.0,133.0
56340,274.0,244.0,161.0,153.0
56341,255.0,214.0,161.0,134.0
56342,260.0,124.0,151.0,146.0
56343,248.0,94.0,136.0,135.0
56344,229.0,82.0,128.0,123.0
56345,245.0,200.0,136.0,129.0
56346,239.0,207.0,143.0,129.0
56347,233.0,83.0,120.0,120.0
56348,244.0,136.0,147.0,139.0
56349,246.0,205.0,142.0,140.0
56350,241.0,161.0,137.0,135.0
56351,244.0,218.0,150.0,158.0
56352,276.0,77.0,147.0,155.0
56353,250.0,216.0,153.0,142.0
56354,256.0,223.0,155.0,159.0
56355,256.0,90.0,151.0,145.0
56356,232.0,90.0,138.0,123.0
56357,254.0,114.0,138.0,143.0
56358,238.0,135.0,125.0,137.0
56359,238.0,147.0,132.0,133.0
56360,264.0,125.0,137.0,134.0
56361,252.0,102.0,151.0,135.0
56362,238.0,142.0,130.0,133.0
56363,229.0,77.0,117.0,130.0
56364,234.0,116.0,133.0,137.0
56365,254.0,100.0,138.0,150.0
56366,266.0,107.0,153.0,156.0
56367,242.0,120.0,131.0,114.0
56368,259.0,107.0,137.0,138.0
56369,259.0,110.0,155.0,135.0
56370,246.0,243.0,149.0,150.0
56371,255.0,111.0,149.0,135.0
56372,249.0,108.0,126.0,131.0
56373,257.0,89.0,154.0,143.0
56374,259.0,119.0,136.0,150.0
56375,269.0,264.0,164.0,149.0
56376,272.0,108.0,153.0,147.0
56377,260.0,120.0,147.0,151.0
56378,247.0,209.0,144.0,150.0
56379,245.0,200.0,145.0,142.0
56380,249.0,204.0,135.0,146.0
56381,272.0,234.0,139.0,155.0
56382,260.0,115.0,154.0,145.0
56383,257.0,254.0,149.0,145.0
56384,231.0,89.0,111.0,113.0
56385,232.0,98.0,132.0,136.0
56386,251.0,213.0,140.0,131.0
56387,235.0,127.0,125.0,144.0
56388,263.0,142.0,155.0,145.0
56389,241.0,109.0,134.0,135.0
56390,217.0,100.0,130.0,109.0
56391,269.0,104.0,150.0,159.0
56392,233.0,53.0,135.0,115.0
56393,270.0,85.0,164.0,152.0
56394,248.0,78.0,150.0,152.0
56395,255.0,166.0,152.0,141.0
56396,279.0,148.0,170.0,150.0
56397,262.0,242.0,138.0,140.0
56398,253.0,229.0,135.0,142.0
56399,242.0,216.0,133.0,140.0
56400,266.0,176.0,137.0,155.0
56401,250.0,147.0,138.0,136.0
56402,273.0,86.0,157.0,154.0
56403,268.0,104.0,137.0,163.0
56404,245.0,109.0,157.0,143.0
56405,242.0,131.0,140.0,130.0
56406,249.0,225.0,130.0,145.0
56407,241.0,116.0,136.0,144.0
56408,257.0,105.0,158.0,138.0
56409,237.0,114.0,142.0,135.0
56410,249.0,88.0,141.0,139.0
56411,262.0,115.0,147.0,135.0
56412,259.0,119.0,152.0,151.0
56413,236.0,214.0,129.0,131.0
56414,240.0,159.0,133.0,124.0
56415,268.0,111.0,157.0,165.0
56416,257.0,227.0,136.0,151.0
56417,270.0,233.0,155.0,147.0
56418,249.0,212.0,125.0,136.0
56419,240.0,97.0,140.0,139.0
56420,249.0,103.0,146.0,148.0
56421,250.0,108.0,131.0,136.0
56422,257.0,206.0,126.0,149.0
56423,292.0,177.0,180.0,158.0
56424,241.0,146.0,129.0,126.0
56425,250.0,127.0,140.0,171.0
56426,252.0,103.0,141.0,147.0
56427,247.0,166.0,133.0,132.0
56428,262.0,150.0,157.0,153.0
56429,250.0,110.0,146.0,136.0
56430,240.0,120.0,124.0,143.0
56431,244.0,121.0,131.0,134.0
56432,242.0,133.0,132.0,130.0
56433,228.0,148.0,130.0,140.0
56434,228.0,98.0,143.0,126.0
56435,247.0,202.0,128.0,131.0
56436,254.0,123.0,136.0,153.0
56437,232.0,101.0,128.0,129.0
56438,242.0,112.0,134.0,135.0
56439,262.0,95.0,144.0,151.0
56440,255.0,213.0,136.0,147.0
56441,232.0,155.0,132.0,119.0
56442,246.0,208.0,156.0,131.0
56443,253.0,123.0,138.0,137.0
56444,263.0,67.0,150.0,147.0
56445,254.0,110.0,124.0,142.0
56446,243.0,240.0,149.0,138.0
56447,267.0,116.0,169.0,141.0
56448,258.0,49.0,141.0,146.0
56449,258.0,234.0,143.0,139.0
56450,261.0,161.0,132.0,159.0
56451,225.0,101.0,124.0,137.0
56452,242.0,95.0,142.0,136.0
56453,265.0,111.0,169.0,141.0
56454,255.0,89.0,151.0,127.0
56455,248.0,225.0,137.0,135.0
56456,238.0,116.0,140.0,131.0
56457,250.0,221.0,135.0,138.0
56458,245.0,239.0,140.0,143.0
56459,247.0,206.0,132.0,132.0
56460,260.0,249.0,145.0,159.0
56461,242.0,151.0,128.0,125.0
56462,231.0,113.0,138.0,137.0
56463,255.0,97.0,148.0,131.0
56464,239.0,127.0,136.0,125.0
56465,268.0,90.0,162.0,159.0
56466,249.0,83.0,133.0,140.0
56467,246.0,65.0,155.0,147.0
56468,273.0,104.0,146.0,149.0
56469,251.0,143.0,141.0,148.0
56470,268.0,83.0,152.0,150.0
56471,250.0,89.0,133.0,145.0
56472,254.0,113.0,141.0,152.0
56473,231.0,223.0,134.0,127.0
56474,270.0,114.0,144.0,154.0
56475,266.0,86.0,144.0,146.0
56476,255.0,111.0,141.0,144.0
56477,257.0,127.0,155.0,149.0
56478,242.0,103.0,142.0,142.0
56479,265.0,177.0,145.0,135.0
56480,246.0,110.0,121.0,124.0
56481,250.0,89.0,143.0,133.0
56482,241.0,210.0,143.0,140.0
56483,236.0,118.0,132.0,126.0
56484,268.0,226.0,141.0,155.0
56485,266.0,217.0,160.0,151.0
56486,264.0,124.0,149.0,161.0
56487,250.0,119.0,146.0,144.0
56488,228.0,102.0,134.0,141.0
56489,246.0,108.0,126.0,131.0
56490,262.0,107.0,156.0,151.0
56491,245.0,115.0,136.0,134.0
56492,252.0,100.0,150.0,140.0
56493,230.0,138.0,134.0,132.0
56494,226.0,116.0,131.0,146.0
56495,225.0,63.0,122.0,125.0
56496,237.0,136.0,130.0,140.0
56497,267.0,149.0,153.0,156.0
56498,260.0,105.0,143.0,147.0
56499,260.0,97.0,137.0,151.0
56500,251.0,101.0,133.0,140.0
56501,241.0,224.0,136.0,155.0
56502,247.0,96.0,146.0,137.0
56503,256.0,93.0,145.0,150.0
56504,262.0,213.0,153.0,147.0
56505,244.0,222.0,141.0,131.0
56506,258.0,229.0,150.0,150.0
56507,254.0,80.0,142.0,136.0
56508,246.0,96.0,144.0,135.0
56509,249.0,149.0,146.0,139.0
56510,251.0,112.0,139.0,138.0
56511,271.0,214.0,151.0,142.0
56512,262.0,113.0,163.0,153.0
56513,235.0,160.0,134.0,129.0
56514,273.0,240.0,161.0,167.0
56515,253.0,220.0,155.0,155.0
56516,233.0,90.0,124.0,120.0
56517,244.0,93.0,134.0,146.0
56518,260.0,90.0,133.0,142.0
56519,231.0,185.0,145.0,112.0
56520,245.0,211.0,143.0,143.0
56521,268.0,109.0,147.0,158.0
56522,260.0,90.0,158.0,138.0
56523,223.0,216.0,119.0,131.0
56524,241.0,234.0,157.0,137.0
56525,233.0,115.0,132.0,128.0
56526,252.0,231.0,135.0,141.0
56527,231.0,137.0,139.0,130.0
56528,250.0,94.0,136.0,134.0
56529,284.0,165.0,165.0,176.0
56530,278.0,167.0,158.0,147.0
56531,235.0,83.0,136.0,139.0
56532,249.0,98.0,138.0,139.0
56533,280.0,235.0,151.0,151.0
56534,256.0,104.0,148.0,137.0
56535,253.0,213.0,127.0,154.0
56536,256.0,89.0,141.0,143.0
56537,251.0,102.0,138.0,123.0
56538,235.0,204.0,126.0,130.0
56539,234.0,125.0,133.0,144.0
56540,239.0,207.0,144.0,131.0
56541,253.0,121.0,144.0,149.0
56542,242.0,105.0,128.0,146.0
56543,249.0,235.0,143.0,134.0
56544,239.0,126.0,137.0,133.0
56545,253.0,226.0,138.0,139.0
56546,242.0,219.0,140.0,135.0
56547,259.0,90.0,149.0,149.0
56548,261.0,127.0,152.0,161.0
56549,246.0,161.0,136.0,137.0
56550,270.0,144.0,146.0,150.0
56551,243.0,221.0,136.0,145.0
56552,248.0,102.0,153.0,148.0
56553,251.0,206.0,141.0,145.0
56554,254.0,135.0,135.0,150.0
56555,262.0,90.0,140.0,147.0
56556,222.0,121.0,126.0,119.0
56557,233.0,95.0,113.0,121.0
56558,236.0,213.0,127.0,137.0
56559,256.0,106.0,142.0,147.0
56560,255.0,92.0,149.0,149.0
56561,243.0,118.0,124.0,144.0
56562,250.0,169.0,134.0,136.0
56563,260.0,186.0,138.0,148.0
56564,260.0,221.0,158.0,137.0
56565,250.0,72.0,137.0,146.0
56566,230.0,107.0,125.0,124.0
56567,261.0,104.0,145.0,141.0
56568,243.0,161.0,136.0,139.0
56569,247.0,96.0,144.0,124.0
56570,238.0,121.0,136.0,135.0
56571,256.0,120.0,157.0,144.0
56572,239.0,201.0,126.0,141.0
56573,246.0,222.0,136.0,141.0
56574,248.0,101.0,133.0,140.0
56575,238.0,120.0,125.0,129.0
56576,224.0,114.0,122.0,124.0
56577,265.0,107.0,141.0,138.0
56578,239.0,211.0,121.0,136.0
56579,266.0,108.0,155.0,161.0
56580,244.0,220.0,136.0,127.0
56581,250.0,122.0,142.0,161.0
56582,254.0,66.0,139.0,142.0
56583,260.0,247.0,147.0,136.0
56584,245.0,215.0,126.0,165.0
56585,255.0,102.0,143.0,131.0
56586,254.0,225.0,135.0,141.0
56587,269.0,129.0,140.0,142.0
56588,235.0,129.0,141.0,125.0
56589,258.0,231.0,148.0,154.0
56590,230.0,188.0,141.0,125.0
56591,269.0,102.0,154.0,148.0
56592,256.0,119.0,142.0,140.0
56593,279.0,101.0,154.0,163.0
56594,277.0,123.0,133.0,144.0
56595,243.0,118.0,140.0,145.0
56596,260.0,57.0,155.0,143.0
56597,259.0,211.0,143.0,141.0
56598,255.0,140.0,162.0,152.0
56599,225.0,183.0,123.0,129.0
56600,249.0,55.0,150.0,147.0
56601,249.0,98.0,157.0,152.0
56602,246.0,83.0,148.0,140.0
56603,239.0,82.0,136.0,132.0
56604,246.0,199.0,138.0,128.0
56605,272.0,236.0,151.0,151.0
56606,234.0,93.0,135.0,143.0
56607,256.0,144.0,151.0,147.0
56608,245.0,91.0,134.0,134.0
56609,252.0,86.0,143.0,152.0
56610,217.0,185.0,109.0,118.0
56611,275.0,158.0,165.0,173.0
56612,270.0,146.0,140.0,145.0
56613,256.0,249.0,142.0,145.0
56614,232.0,94.0,123.0,132.0
56615,248.0,126.0,136.0,128.0
56616,258.0,222.0,149.0,141.0
56617,251.0,108.0,142.0,129.0
56618,272.0,119.0,168.0,144.0
56619,261.0,220.0,140.0,143.0
56620,232.0,99.0,121.0,126.0
56621,247.0,82.0,142.0,154.0
56622,246.0,216.0,137.0,141.0
56623,259.0,194.0,145.0,151.0
56624,275.0,160.0,172.0,155.0
56625,266.0,179.0,138.0,152.0
56626,227.0,76.0,140.0,126.0
56627,233.0,148.0,121.0,124.0
56628,259.0,101.0,161.0,132.0
56629,236.0,140.0,128.0,145.0
56630,250.0,217.0,122.0,148.0
56631,237.0,121.0,122.0,132.0
56632,273.0,149.0,149.0,143.0
56633,231.0,136.0,118.0,137.0
56634,246.0,88.0,138.0,144.0
56635,277.0,246.0,148.0,153.0
56636,232.0,162.0,138.0,133.0
56637,245.0,122.0,139.0,137.0
56638,255.0,223.0,147.0,147.0
56639,256.0,136.0,138.0,150.0
56640,241.0,136.0,126.0,133.0
56641,259.0,141.0,143.0,144.0
56642,251.0,221.0,151.0,151.0
56643,243.0,130.0,137.0,147.0
56644,257.0,159.0,152.0,147.0
56645,231.0,104.0,134.0,142.0
56646,260.0,127.0,138.0,157.0
56647,250.0,206.0,140.0,133.0
56648,236.0,123.0,129.0,135.0
56649,223.0,116.0,137.0,121.0
56650,219.0,74.0,132.0,120.0
56651,262.0,86.0,156.0,140.0
56652,256.0,149.0,139.0,126.0
56653,218.0,182.0,113.0,126.0
56654,254.0,158.0,136.0,146.0
56655,256.0,193.0,140.0,140.0
56656,242.0,131.0,135.0,131.0
56657,246.0,89.0,146.0,151.0
56658,228.0,104.0,135.0,119.0
56659,268.0,101.0,154.0,146.0
56660,240.0,207.0,134.0,126.0
56661,251.0,134.0,147.0,146.0
56662,254.0,75.0,135.0,149.0
56663,272.0,243.0,149.0,157.0
56664,233.0,98.0,126.0,143.0
56665,263.0,94.0,142.0,150.0
56666,246.0,210.0,151.0,121.0
56667,248.0,90.0,147.0,139.0
56668,240.0,221.0,130.0,118.0
56669,241.0,118.0,130.0,134.0
56670,253.0,119.0,141.0,155.0
56671,252.0,104.0,133.0,135.0
56672,272.0,238.0,160.0,160.0
56673,228.0,80.0,129.0,132.0
56674,246.0,110.0,129.0,144.0
56675,260.0,88.0,142.0,150.0
56676,245.0,81.0,143.0,132.0
56677,240.0,67.0,130.0,141.0
56678,261.0,124.0,144.0,144.0
56679,253.0,132.0,155.0,143.0
56680,284.0,274.0,154.0,166.0
56681,257.0,114.0,161.0,147.0
56682,252.0,107.0,146.0,132.0
56683,246.0,148.0,121.0,130.0
56684,265.0,161.0,146.0,146.0
56685,267.0,243.0,139.0,122.0
56686,274.0,126.0,146.0,156.0
56687,260.0,116.0,140.0,133.0
56688,258.0,78.0,147.0,144.0
56689,237.0,212.0,133.0,144.0
56690,259.0,105.0,147.0,153.0
56691,241.0,130.0,139.0,134.0
56692,237.0,135.0,143.0,137.0
56693,268.0,103.0,159.0,153.0
56694,249.0,201.0,128.0,149.0
56695,248.0,120.0,133.0,141.0
56696,250.0,128.0,132.0,135.0
56697,281.0,109.0,140.0,157.0
56698,265.0,67.0,137.0,138.0
56699,239.0,121.0,130.0,131.0
56700,238.0,131.0,135.0,130.0
56701,249.0,240.0,162.0,156.0
56702,276.0,111.0,152.0,155.0
56703,245.0,113.0,138.0,146.0
56704,260.0,125.0,125.0,159.0
56705,227.0,77.0,127.0,115.0
56706,257.0,207.0,150.0,144.0
56707,227.0,116.0,122.0,135.0
56708,231.0,188.0,117.0,129.0
56709,231.0,111.0,124.0,139.0
56710,234.0,208.0,143.0,130.0
56711,253.0,118.0,136.0,132.0
56712,245.0,237.0,142.0,139.0
56713,240.0,90.0,127.0,123.0
56714,276.0,164.0,153.0,135.0
56715,249.0,195.0,125.0,149.0
56716,257.0,100.0,157.0,146.0
56717,248.0,119.0,136.0,139.0
56718,278.0,139.0,157.0,156.0
56719,239.0,93.0,137.0,125.0
56720,258.0,153.0,135.0,139.0
56721,254.0,220.0,135.0,144.0
56722,254.0,128.0,144.0,145.0
56723,259.0,108.0,149.0,159.0
56724,252.0,75.0,136.0,137.0
56725,252.0,202.0,121.0,147.0
56726,285.0,95.0,162.0,167.0
56727,235.0,96.0,134.0,136.0
56728,259.0,113.0,144.0,136.0
56729,244.0,106.0,146.0,136.0
56730,234.0,134.0,130.0,140.0
56731,264.0,106.0,139.0,150.0
56732,258.0,111.0,152.0,144.0
56733,262.0,84.0,152.0,134.0
56734,230.0,71.0,125.0,131.0
56735,262.0,117.0,137.0,145.0
56736,240.0,110.0,124.0,126.0
56737,269.0,82.0,160.0,165.0
56738,248.0,241.0,141.0,129.0
56739,271.0,244.0,150.0,153.0
56740,246.0,205.0,145.0,140.0
56741,285.0,281.0,167.0,167.0
56742,253.0,105.0,145.0,136.0
56743,243.0,233.0,143.0,132.0
56744,241.0,138.0,145.0,122.0
56745,243.0,235.0,136.0,140.0
56746,259.0,105.0,161.0,151.0
56747,260.0,132.0,157.0,159.0
56748,256.0,101.0,148.0,136.0
56749,243.0,56.0,133.0,129.0
56750,246.0,114.0,135.0,147.0
56751,244.0,112.0,129.0,142.0
56752,262.0,113.0,149.0,148.0
56753,251.0,91.0,145.0,143.0
56754,259.0,228.0,150.0,150.0
56755,279.0,125.0,163.0,157.0
56756,268.0,159.0,145.0,134.0
56757,225.0,81.0,129.0,136.0
56758,240.0,54.0,145.0,129.0
56759,242.0,101.0,146.0,140.0
56760,267.0,136.0,151.0,146.0
56761,254.0,221.0,144.0,153.0
56762,240.0,212.0,136.0,135.0
56763,239.0,232.0,141.0,135.0
56764,239.0,229.0,135.0,126.0
56765,260.0,156.0,136.0,151.0
56766,240.0,108.0,125.0,139.0
56767,234.0,128.0,118.0,140.0
56768,229.0,195.0,119.0,133.0
56769,270.0,130.0,160.0,150.0
56770,238.0,118.0,134.0,132.0
56771,275.0,164.0,133.0,148.0
56772,267.0,211.0,152.0,146.0
56773,251.0,75.0,132.0,160.0
56774,261.0,121.0,146.0,156.0
56775,261.0,89.0,151.0,147.0
56776,231.0,82.0,134.0,122.0
56777,271.0,244.0,162.0,171.0
56778,257.0,131.0,153.0,135.0
56779,248.0,110.0,132.0,131.0
56780,247.0,98.0,150.0,144.0
56781,237.0,117.0,127.0,128.0
56782,249.0,211.0,145.0,148.0
56783,255.0,240.0,141.0,153.0
56784,256.0,241.0,148.0,140.0
56785,248.0,110.0,152.0,137.0
56786,242.0,211.0,136.0,134.0
56787,238.0,192.0,135.0,153.0
56788,262.0,148.0,155.0,142.0
56789,261.0,111.0,140.0,146.0
56790,240.0,90.0,142.0,141.0
56791,241.0,77.0,116.0,149.0
56792,264.0,152.0,168.0,151.0
56793,261.0,117.0,146.0,161.0
56794,268.0,259.0,160.0,151.0
56795,251.0,95.0,151.0,153.0
56796,245.0,219.0,134.0,119.0
56797,253.0,164.0,151.0,142.0
56798,250.0,151.0,145.0,118.0
56799,268.0,91.0,158.0,137.0
56800,242.0,79.0,133.0,131.0
56801,235.0,135.0,137.0,135.0
56802,240.0,122.0,125.0,127.0
56803,208.0,92.0,112.0,114.0
56804,257.0,205.0,142.0,132.0
56805,253.0,222.0,137.0,150.0
56806,239.0,138.0,114.0,123.0
56807,234.0,113.0,135.0,132.0
56808,273.0,263.0,144.0,147.0
56809,242.0,201.0,128.0,142.0
56810,248.0,207.0,146.0,138.0
56811,258.0,214.0,163.0,146.0
56812,244.0,131.0,137.0,128.0
56813,280.0,145.0,165.0,162.0
56814,228.0,154.0,132.0,130.0
56815,265.0,230.0,146.0,167.0
56816,233.0,195.0,125.0,134.0
56817,257.0,102.0,153.0,151.0
56818,256.0,209.0,137.0,148.0
56819,245.0,86.0,149.0,138.0
56820,261.0,140.0,136.0,157.0
56821,234.0,215.0,139.0,137.0
56822,262.0,115.0,132.0,127.0
56823,231.0,143.0,121.0,135.0
56824,285.0,156.0,173.0,159.0
56825,254.0,83.0,157.0,131.0
56826,243.0,95.0,139.0,132.0
56827,248.0,124.0,150.0,143.0
56828,253.0,230.0,153.0,128.0
56829,271.0,135.0,142.0,143.0
56830,244.0,211.0,128.0,141.0
56831,223.0,79.0,126.0,140.0
56832,273.0,220.0,162.0,159.0
56833,230.0,116.0,133.0,136.0
56834,261.0,220.0,162.0,148.0
56835,263.0,105.0,145.0,142.0
56836,243.0,94.0,133.0,135.0
56837,240.0,75.0,124.0,145.0
56838,260.0,226.0,141.0,146.0
56839,253.0,211.0,149.0,146.0
56840,239.0,78.0,139.0,131.0
56841,237.0,214.0,128.0,124.0
56842,240.0,68.0,136.0,137.0
56843,251.0,100.0,149.0,129.0
56844,234.0,208.0,118.0,138.0
56845,235.0,209.0,126.0,131.0
56846,255.0,147.0,151.0,140.0
56847,279.0,150.0,175.0,148.0
56848,240.0,113.0,131.0,146.0
56849,235.0,109.0,126.0,138.0
56850,254.0,70.0,152.0,137.0
56851,253.0,223.0,157.0,143.0
56852,260.0,68.0,140.0,142.0
56853,259.0,89.0,137.0,149.0
56854,267.0,120.0,151.0,145.0
56855,240.0,131.0,127.0,130.0
56856,254.0,120.0,123.0,150.0
56857,232.0,77.0,132.0,117.0
56858,248.0,93.0,140.0,133.0
56859,251.0,175.0,144.0,144.0
56860,255.0,109.0,131.0,148.0
56861,261.0,111.0,144.0,144.0
56862,238.0,211.0,122.0,147.0
56863,235.0,235.0,137.0,134.0
56864,247.0,130.0,142.0,142.0
56865,239.0,211.0,124.0,132.0
56866,257.0,247.0,144.0,131.0
56867,259.0,153.0,151.0,137.0
56868,219.0,78.0,122.0,133.0
56869,251.0,97.0,123.0,133.0
56870,233.0,96.0,136.0,138.0
56871,229.0,196.0,130.0,127.0
56872,245.0,147.0,145.0,140.0
56873,243.0,123.0,131.0,153.0
56874,251.0,186.0,135.0,138.0
56875,210.0,189.0,107.0,115.0
56876,246.0,197.0,151.0,145.0
56877,223.0,150.0,119.0,118.0
56878,234.0,133.0,129.0,132.0
56879,244.0,203.0,131.0,130.0
56880,274.0,93.0,150.0,157.0
56881,234.0,207.0,135.0,115.0
56882,247.0,220.0,150.0,143.0
56883,246.0,118.0,133.0,130.0
56884,272.0,129.0,163.0,134.0
56885,238.0,210.0,141.0,136.0
56886,239.0,198.0,133.0,145.0
56887,245.0,157.0,139.0,134.0
56888,227.0,88.0,136.0,122.0
56889,222.0,156.0,128.0,132.0
56890,238.0,121.0,124.0,126.0
56891,237.0,37.0,135.0,131.0
56892,243.0,243.0,142.0,145.0
56893,265.0,234.0,155.0,144.0
56894,235.0,215.0,150.0,122.0
56895,251.0,71.0,150.0,158.0
56896,232.0,206.0,139.0,126.0
56897,237.0,99.0,132.0,142.0
56898,266.0,126.0,145.0,144.0
56899,234.0,199.0,116.0,130.0
56900,267.0,168.0,147.0,142.0
56901,249.0,108.0,141.0,140.0
56902,248.0,82.0,141.0,136.0
56903,245.0,80.0,122.0,117.0
56904,250.0,109.0,127.0,144.0
56905,256.0,221.0,143.0,148.0
56906,262.0,161.0,147.0,129.0
56907,252.0,217.0,144.0,149.0
56908,243.0,208.0,144.0,137.0
56909,227.0,191.0,125.0,117.0
56910,236.0,218.0,143.0,125.0
56911,246.0,83.0,141.0,133.0
56912,224.0,219.0,134.0,133.0
56913,262.0,235.0,147.0,152.0
56914,260.0,113.0,140.0,148.0
56915,255.0,133.0,153.0,131.0
56916,246.0,121.0,136.0,136.0
56917,251.0,211.0,155.0,136.0
56918,240.0,205.0,137.0,133.0
56919,235.0,204.0,133.0,132.0
56920,248.0,146.0,145.0,137.0
56921,251.0,101.0,148.0,146.0
56922,240.0,208.0,132.0,137.0
56923,249.0,142.0,130.0,135.0
56924,257.0,96.0,140.0,148.0
56925,259.0,175.0,147.0,165.0
56926,266.0,105.0,140.0,139.0
56927,268.0,91.0,155.0,135.0
56928,272.0,222.0,147.0,154.0
56929,243.0,170.0,139.0,130.0
56930,238.0,93.0,127.0,157.0
56931,253.0,123.0,153.0,134.0
56932,237.0,232.0,128.0,141.0
56933,251.0,199.0,149.0,145.0
56934,275.0,187.0,153.0,162.0
56935,265.0,109.0,138.0,157.0
56936,249.0,164.0,126.0,143.0
56937,280.0,278.0,162.0,174.0
56938,282.0,100.0,157.0,169.0
56939,261.0,138.0,134.0,139.0
56940,255.0,106.0,159.0,143.0
56941,255.0,113.0,138.0,148.0
56942,270.0,243.0,154.0,154.0
56943,221.0,96.0,131.0,130.0
56944,252.0,73.0,133.0,148.0
56945,246.0,203.0,143.0,139.0
56946,270.0,117.0,170.0,149.0
56947,277.0,171.0,154.0,161.0
56948,246.0,224.0,144.0,136.0
56949,239.0,72.0,133.0,121.0
56950,273.0,158.0,149.0,158.0
56951,254.0,99.0,134.0,151.0
56952,268.0,138.0,149.0,157.0
56953,272.0,224.0,152.0,172.0
56954,277.0,93.0,161.0,177.0
56955,249.0,101.0,141.0,147.0
56956,257.0,142.0,160.0,143.0
56957,249.0,143.0,132.0,136.0
56958,242.0,114.0,132.0,130.0
56959,255.0,167.0,131.0,141.0
56960,246.0,206.0,128.0,139.0
56961,254.0,89.0,143.0,136.0
56962,261.0,216.0,140.0,159.0
56963,251.0,80.0,136.0,138.0
56964,242.0,100.0,145.0,148.0
56965,247.0,111.0,136.0,134.0
56966,237.0,82.0,130.0,129.0
56967,250.0,191.0,138.0,136.0
56968,245.0,239.0,145.0,139.0
56969,256.0,224.0,141.0,156.0
56970,244.0,217.0,143.0,128.0
56971,269.0,113.0,148.0,145.0
56972,263.0,207.0,135.0,144.0
56973,253.0,116.0,142.0,138.0
56974,238.0,120.0,147.0,137.0
56975,251.0,106.0,131.0,152.0
56976,236.0,204.0,148.0,139.0
56977,249.0,118.0,139.0,138.0
56978,252.0,112.0,123.0,134.0
56979,241.0,241.0,151.0,137.0
56980,266.0,266.0,157.0,157.0
56981,260.0,244.0,136.0,146.0
56982,265.0,112.0,150.0,149.0
56983,255.0,255.0,145.0,128.0
56984,223.0,55.0,124.0,122.0
56985,279.0,245.0,155.0,146.0
56986,237.0,203.0,132.0,125.0
56987,235.0,104.0,129.0,137.0
56988,239.0,204.0,141.0,131.0
56989,244.0,198.0,129.0,136.0
56990,246.0,119.0,147.0,139.0
56991,253.0,119.0,133.0,139.0
56992,271.0,128.0,144.0,142.0
56993,253.0,92.0,148.0,126.0
56994,255.0,136.0,157.0,138.0
56995,245.0,80.0,145.0,122.0
56996,275.0,157.0,149.0,155.0
56997,239.0,123.0,137.0,124.0
56998,260.0,82.0,148.0,138.0
56999,260.0,249.0,144.0,155.0
57000,263.0,66.0,145.0,145.0
57001,260.0,87.0,163.0,135.0
57002,256.0,241.0,146.0,149.0
57003,237.0,213.0,147.0,141.0
57004,250.0,189.0,144.0,129.0
57005,261.0,107.0,150.0,146.0
57006,218.0,110.0,119.0,115.0
57007,284.0,140.0,140.0,159.0
57008,268.0,92.0,144.0,171.0
57009,255.0,142.0,139.0,139.0
57010,258.0,220.0,132.0,138.0
57011,246.0,225.0,141.0,142.0
57012,231.0,91.0,125.0,127.0
57013,249.0,213.0,137.0,138.0
57014,252.0,246.0,137.0,131.0
57015,256.0,103.0,143.0,160.0
57016,244.0,137.0,139.0,135.0
57017,231.0,158.0,127.0,143.0
57018,255.0,72.0,147.0,149.0
57019,258.0,118.0,152.0,148.0
57020,251.0,163.0,140.0,150.0
57021,250.0,123.0,139.0,135.0
57022,262.0,229.0,149.0,151.0
57023,246.0,241.0,139.0,147.0
57024,258.0,253.0,150.0,151.0
57025,268.0,216.0,163.0,139.0
57026,275.0,233.0,154.0,160.0
57027,250.0,218.0,152.0,139.0
57028,240.0,99.0,143.0,121.0
57029,270.0,233.0,143.0,144.0
57030,248.0,115.0,146.0,132.0
57031,255.0,98.0,157.0,142.0
57032,251.0,220.0,135.0,143.0
57033,232.0,81.0,139.0,125.0
57034,249.0,79.0,142.0,137.0
57035,228.0,200.0,132.0,124.0
57036,253.0,77.0,142.0,136.0
57037,228.0,130.0,121.0,121.0
57038,270.0,137.0,157.0,164.0
57039,271.0,224.0,159.0,161.0
57040,253.0,217.0,128.0,129.0
57041,233.0,198.0,129.0,116.0
57042,245.0,104.0,154.0,132.0
57043,239.0,59.0,133.0,154.0
57044,240.0,90.0,142.0,132.0
57045,259.0,126.0,144.0,136.0
57046,243.0,93.0,136.0,153.0
57047,254.0,130.0,138.0,144.0
57048,240.0,76.0,141.0,119.0
57049,250.0,135.0,139.0,134.0
57050,247.0,205.0,144.0,141.0
57051,257.0,76.0,145.0,146.0
57052,263.0,228.0,144.0,156.0
57053,244.0,151.0,135.0,149.0
57054,267.0,125.0,151.0,163.0
57055,255.0,246.0,147.0,133.0
57056,246.0,117.0,137.0,164.0
57057,238.0,98.0,137.0,138.0
57058,260.0,122.0,160.0,152.0
57059,261.0,225.0,141.0,142.0
57060,260.0,122.0,142.0,133.0
57061,243.0,176.0,147.0,127.0
57062,235.0,104.0,130.0,132.0
57063,237.0,169.0,126.0,143.0
57064,254.0,108.0,138.0,142.0
57065,279.0,275.0,154.0,149.0
57066,258.0,129.0,132.0,146.0
57067,273.0,135.0,171.0,154.0
57068,284.0,145.0,158.0,152.0
57069,242.0,203.0,133.0,128.0
57070,259.0,68.0,161.0,139.0
57071,260.0,128.0,127.0,157.0
57072,252.0,102.0,133.0,135.0
57073,257.0,142.0,149.0,145.0
57074,280.0,150.0,148.0,155.0
57075,233.0,217.0,124.0,133.0
57076,262.0,87.0,144.0,149.0
57077,248.0,94.0,141.0,146.0
57078,273.0,143.0,154.0,161.0
57079,245.0,194.0,126.0,138.0
57080,238.0,71.0,136.0,132.0
57081,246.0,115.0,140.0,150.0
57082,247.0,219.0,136.0,131.0
57083,256.0,112.0,147.0,147.0
57084,255.0,236.0,126.0,133.0
57085,255.0,236.0,140.0,130.0
57086,231.0,111.0,135.0,122.0
57087,248.0,208.0,127.0,146.0
57088,243.0,130.0,139.0,122.0
57089,245.0,101.0,134.0,138.0
57090,228.0,131.0,117.0,118.0
57091,261.0,97.0,134.0,142.0
57092,260.0,200.0,159.0,137.0
57093,241.0,237.0,131.0,130.0
57094,217.0,115.0,113.0,123.0
57095,242.0,194.0,136.0,140.0
57096,235.0,84.0,145.0,150.0
57097,244.0,139.0,137.0,139.0
57098,259.0,120.0,152.0,152.0
57099,254.0,213.0,145.0,150.0
57100,243.0,92.0,131.0,145.0
57101,241.0,119.0,124.0,137.0
57102,243.0,79.0,130.0,134.0
57103,240.0,231.0,136.0,145.0
57104,222.0,213.0,137.0,120.0
57105,237.0,176.0,142.0,130.0
57106,241.0,201.0,138.0,138.0
57107,267.0,45.0,153.0,143.0
57108,262.0,187.0,129.0,125.0
57109,272.0,106.0,152.0,161.0
57110,233.0,112.0,136.0,136.0
57111,238.0,127.0,147.0,133.0
57112,272.0,136.0,157.0,150.0
57113,250.0,65.0,144.0,141.0
57114,214.0,196.0,112.0,126.0
57115,260.0,142.0,148.0,154.0
57116,246.0,101.0,140.0,130.0
57117,274.0,143.0,147.0,147.0
57118,264.0,221.0,141.0,158.0
57119,253.0,71.0,149.0,133.0
57120,247.0,67.0,134.0,135.0
57121,233.0,200.0,129.0,130.0
57122,261.0,113.0,133.0,143.0
57123,246.0,70.0,138.0,134.0
57124,261.0,157.0,156.0,154.0
57125,239.0,227.0,149.0,136.0
57126,257.0,218.0,137.0,139.0
57127,251.0,217.0,147.0,127.0
57128,257.0,137.0,164.0,145.0
57129,258.0,136.0,132.0,165.0
57130,226.0,154.0,130.0,116.0
57131,229.0,194.0,127.0,116.0
57132,242.0,100.0,126.0,138.0
57133,267.0,263.0,154.0,146.0
57134,263.0,233.0,149.0,147.0
57135,240.0,119.0,146.0,141.0
57136,247.0,246.0,157.0,152.0
57137,260.0,259.0,161.0,155.0
57138,254.0,82.0,133.0,144.0
57139,274.0,143.0,151.0,163.0
57140,250.0,230.0,144.0,135.0
57141,246.0,218.0,135.0,130.0
57142,256.0,109.0,153.0,162.0
57143,237.0,198.0,138.0,138.0
57144,254.0,184.0,137.0,158.0
57145,260.0,119.0,150.0,147.0
57146,265.0,130.0,149.0,151.0
57147,247.0,97.0,137.0,149.0
57148,233.0,122.0,140.0,125.0
57149,248.0,84.0,150.0,136.0
57150,256.0,152.0,148.0,140.0
57151,249.0,78.0,142.0,144.0
57152,268.0,233.0,145.0,159.0
57153,257.0,218.0,151.0,145.0
57154,249.0,166.0,134.0,122.0
57155,263.0,105.0,137.0,155.0
57156,270.0,168.0,165.0,135.0
57157,269.0,190.0,146.0,160.0
57158,250.0,113.0,137.0,137.0
57159,231.0,111.0,127.0,130.0
57160,266.0,102.0,156.0,150.0
57161,242.0,75.0,137.0,160.0
57162,263.0,109.0,150.0,152.0
57163,254.0,137.0,144.0,146.0
57164,258.0,96.0,157.0,152.0
57165,262.0,157.0,132.0,150.0
57166,247.0,108.0,146.0,128.0
57167,237.0,206.0,125.0,152.0
57168,241.0,72.0,148.0,151.0
57169,254.0,103.0,139.0,137.0
57170,260.0,162.0,142.0,144.0
57171,244.0,106.0,145.0,140.0
57172,268.0,112.0,146.0,148.0
57173,248.0,95.0,128.0,127.0
57174,254.0,235.0,153.0,141.0
57175,250.0,94.0,143.0,147.0
57176,225.0,122.0,126.0,125.0
57177,248.0,90.0,135.0,142.0
57178,241.0,209.0,139.0,139.0
57179,237.0,222.0,132.0,127.0
57180,258.0,91.0,152.0,151.0
57181,264.0,110.0,141.0,138.0
57182,255.0,94.0,153.0,152.0
57183,245.0,109.0,143.0,139.0
57184,254.0,169.0,158.0,135.0
57185,253.0,120.0,148.0,146.0
57186,243.0,108.0,143.0,138.0
57187,238.0,70.0,128.0,138.0
57188,219.0,93.0,131.0,122.0
57189,266.0,224.0,154.0,150.0
57190,272.0,185.0,160.0,159.0
57191,256.0,114.0,137.0,153.0
57192,242.0,65.0,134.0,131.0
57193,258.0,140.0,143.0,143.0
57194,259.0,248.0,157.0,135.0
57195,233.0,232.0,123.0,135.0
57196,235.0,232.0,133.0,126.0
57197,269.0,109.0,142.0,138.0
57198,238.0,92.0,146.0,138.0
57199,260.0,126.0,131.0,141.0
57200,260.0,145.0,148.0,143.0
57201,242.0,119.0,146.0,141.0
57202,241.0,81.0,125.0,144.0
57203,269.0,226.0,143.0,163.0
57204,240.0,212.0,132.0,138.0
57205,244.0,113.0,146.0,129.0
57206,238.0,198.0,117.0,139.0
57207,245.0,222.0,125.0,140.0
57208,251.0,90.0,141.0,135.0
57209,235.0,110.0,127.0,121.0
57210,256.0,164.0,124.0,145.0
57211,254.0,106.0,132.0,160.0
57212,249.0,200.0,148.0,144.0
57213,239.0,112.0,142.0,132.0
57214,255.0,72.0,139.0,135.0
57215,261.0,114.0,143.0,135.0
57216,223.0,90.0,117.0,127.0
57217,250.0,102.0,139.0,135.0
57218,242.0,130.0,129.0,138.0
57219,231.0,123.0,132.0,129.0
57220,238.0,211.0,137.0,141.0
57221,256.0,125.0,158.0,136.0
57222,277.0,95.0,151.0,153.0
57223,252.0,220.0,133.0,141.0
57224,246.0,67.0,146.0,143.0
57225,255.0,54.0,143.0,148.0
57226,242.0,130.0,126.0,123.0
57227,243.0,97.0,139.0,140.0
57228,237.0,90.0,135.0,140.0
57229,248.0,210.0,153.0,151.0
57230,257.0,166.0,135.0,150.0
57231,260.0,94.0,139.0,148.0
57232,242.0,86.0,147.0,136.0
57233,235.0,206.0,125.0,135.0
57234,245.0,74.0,121.0,129.0
57235,252.0,158.0,124.0,140.0
57236,243.0,124.0,133.0,142.0
57237,265.0,238.0,143.0,143.0
57238,251.0,78.0,144.0,141.0
57239,241.0,120.0,125.0,138.0
57240,225.0,88.0,123.0,140.0
57241,265.0,242.0,156.0,135.0
57242,256.0,226.0,144.0,140.0
57243,259.0,101.0,142.0,161.0
57244,252.0,171.0,138.0,162.0
57245,256.0,227.0,142.0,157.0
57246,247.0,200.0,155.0,122.0
57247,246.0,132.0,150.0,141.0
57248,226.0,205.0,115.0,127.0
57249,233.0,149.0,128.0,128.0
57250,249.0,89.0,141.0,154.0
57251,239.0,135.0,131.0,125.0
57252,227.0,72.0,128.0,133.0
57253,251.0,141.0,158.0,139.0
57254,236.0,111.0,125.0,119.0
57255,243.0,114.0,129.0,136.0
57256,268.0,249.0,162.0,161.0
57257,235.0,115.0,134.0,136.0
57258,237.0,115.0,129.0,113.0
57259,246.0,188.0,134.0,135.0
57260,249.0,117.0,129.0,149.0
57261,268.0,215.0,149.0,147.0
57262,259.0,241.0,142.0,129.0
57263,243.0,202.0,140.0,149.0
57264,234.0,90.0,143.0,131.0
57265,265.0,155.0,149.0,168.0
57266,220.0,185.0,131.0,120.0
57267,260.0,88.0,142.0,142.0
57268,259.0,237.0,152.0,151.0
57269,256.0,104.0,158.0,156.0
57270,231.0,113.0,117.0,120.0
57271,234.0,63.0,123.0,135.0
57272,258.0,96.0,138.0,153.0
57273,233.0,189.0,135.0,141.0
57274,242.0,131.0,135.0,140.0
57275,249.0,152.0,130.0,163.0
57276,245.0,205.0,127.0,141.0
57277,285.0,266.0,162.0,168.0
57278,271.0,133.0,148.0,159.0
57279,231.0,104.0,135.0,122.0
57280,263.0,117.0,156.0,152.0
57281,258.0,225.0,155.0,140.0
57282,262.0,259.0,151.0,142.0
57283,226.0,226.0,133.0,122.0
57284,238.0,238.0,141.0,133.0
57285,277.0,91.0,157.0,142.0
57286,261.0,214.0,148.0,147.0
57287,227.0,82.0,126.0,124.0
57288,264.0,110.0,155.0,147.0
57289,268.0,191.0,144.0,153.0
57290,268.0,226.0,161.0,148.0
57291,253.0,117.0,132.0,149.0
57292,234.0,121.0,121.0,129.0
57293,240.0,208.0,132.0,124.0
57294,264.0,103.0,146.0,140.0
57295,240.0,155.0,130.0,126.0
57296,238.0,84.0,134.0,137.0
57297,245.0,104.0,127.0,135.0
57298,243.0,243.0,158.0,140.0
57299,235.0,101.0,133.0,138.0
57300,239.0,217.0,140.0,127.0
57301,261.0,72.0,146.0,147.0
57302,265.0,82.0,140.0,163.0
57303,251.0,109.0,138.0,132.0
57304,266.0,234.0,141.0,160.0
57305,252.0,162.0,133.0,140.0
57306,232.0,205.0,129.0,121.0
57307,232.0,209.0,137.0,122.0
57308,247.0,139.0,121.0,118.0
57309,254.0,172.0,136.0,140.0
57310,239.0,198.0,132.0,131.0
57311,247.0,102.0,151.0,134.0
57312,224.0,193.0,109.0,124.0
57313,244.0,87.0,132.0,139.0
57314,242.0,73.0,141.0,137.0
57315,252.0,116.0,135.0,146.0
57316,248.0,117.0,138.0,133.0
57317,265.0,91.0,155.0,158.0
57318,246.0,70.0,141.0,133.0
57319,257.0,96.0,153.0,144.0
57320,238.0,203.0,138.0,128.0
57321,248.0,95.0,147.0,144.0
57322,239.0,116.0,142.0,131.0
57323,266.0,155.0,144.0,143.0
57324,257.0,88.0,149.0,135.0
57325,250.0,124.0,137.0,146.0
57326,240.0,76.0,131.0,150.0
57327,220.0,181.0,125.0,132.0
57328,248.0,209.0,138.0,144.0
57329,232.0,81.0,131.0,141.0
57330,235.0,197.0,125.0,128.0
57331,237.0,127.0,127.0,143.0
57332,242.0,117.0,135.0,141.0
57333,237.0,106.0,121.0,134.0
57334,253.0,123.0,141.0,157.0
57335,234.0,91.0,131.0,130.0
57336,235.0,77.0,126.0,144.0
57337,232.0,136.0,127.0,135.0
57338,264.0,115.0,141.0,142.0
57339,251.0,214.0,132.0,131.0
57340,270.0,82.0,156.0,151.0
57341,241.0,201.0,144.0,130.0
57342,263.0,230.0,138.0,141.0
57343,268.0,229.0,158.0,155.0
57344,253.0,121.0,142.0,145.0
57345,239.0,75.0,119.0,140.0
57346,261.0,85.0,133.0,158.0
57347,266.0,93.0,147.0,148.0
57348,248.0,118.0,141.0,142.0
57349,263.0,112.0,141.0,157.0
57350,256.0,204.0,158.0,152.0
57351,245.0,174.0,139.0,118.0
57352,243.0,99.0,135.0,148.0
57353,247.0,122.0,137.0,135.0
57354,283.0,178.0,168.0,149.0
57355,249.0,181.0,133.0,146.0
57356,249.0,219.0,137.0,141.0
57357,260.0,242.0,141.0,137.0
57358,254.0,145.0,144.0,150.0
57359,239.0,207.0,131.0,140.0
57360,241.0,100.0,149.0,133.0
57361,242.0,100.0,124.0,149.0
57362,241.0,234.0,125.0,130.0
57363,261.0,111.0,155.0,153.0
57364,252.0,57.0,132.0,150.0
57365,228.0,142.0,133.0,127.0
57366,257.0,94.0,153.0,154.0
57367,252.0,73.0,155.0,128.0
57368,247.0,183.0,161.0,133.0
57369,247.0,213.0,147.0,139.0
57370,279.0,113.0,176.0,158.0
57371,273.0,107.0,159.0,149.0
57372,231.0,105.0,131.0,126.0
57373,229.0,145.0,132.0,134.0
57374,237.0,98.0,137.0,128.0
57375,243.0,157.0,149.0,135.0
57376,227.0,158.0,121.0,130.0
57377,269.0,91.0,160.0,151.0
57378,248.0,132.0,143.0,146.0
57379,258.0,247.0,154.0,155.0
57380,241.0,90.0,123.0,140.0
57381,246.0,219.0,132.0,140.0
57382,265.0,130.0,148.0,155.0
57383,270.0,97.0,141.0,164.0
57384,244.0,233.0,134.0,139.0
57385,245.0,115.0,142.0,133.0
57386,262.0,88.0,152.0,142.0
57387,256.0,218.0,137.0,143.0
57388,257.0,75.0,147.0,150.0
57389,284.0,88.0,151.0,150.0
57390,251.0,119.0,138.0,141.0
57391,246.0,113.0,138.0,154.0
57392,249.0,111.0,137.0,139.0
57393,268.0,227.0,159.0,154.0
57394,248.0,213.0,128.0,138.0
57395,236.0,91.0,144.0,127.0
57396,240.0,205.0,120.0,139.0
57397,268.0,102.0,168.0,151.0
57398,254.0,83.0,133.0,125.0
57399,220.0,106.0,119.0,114.0
57400,246.0,72.0,144.0,134.0
57401,219.0,180.0,124.0,118.0
57402,241.0,116.0,132.0,137.0
57403,245.0,107.0,134.0,152.0
57404,268.0,101.0,158.0,148.0
57405,278.0,121.0,168.0,168.0
57406,260.0,138.0,151.0,136.0
57407,271.0,224.0,154.0,153.0
57408,258.0,160.0,141.0,142.0
57409,250.0,207.0,134.0,139.0
57410,264.0,227.0,138.0,149.0
57411,249.0,87.0,138.0,151.0
57412,246.0,113.0,152.0,147.0
57413,239.0,112.0,137.0,133.0
57414,247.0,76.0,153.0,140.0
57415,276.0,189.0,138.0,144.0
57416,276.0,104.0,178.0,157.0
57417,242.0,212.0,131.0,146.0
57418,250.0,105.0,139.0,128.0
57419,244.0,122.0,137.0,129.0
57420,266.0,66.0,135.0,147.0
57421,261.0,83.0,148.0,156.0
57422,264.0,104.0,150.0,151.0
57423,250.0,109.0,126.0,144.0
57424,244.0,119.0,132.0,139.0
57425,247.0,93.0,153.0,134.0
57426,254.0,228.0,133.0,144.0
57427,236.0,102.0,121.0,126.0
57428,267.0,102.0,147.0,146.0
57429,269.0,161.0,154.0,142.0
57430,246.0,71.0,129.0,146.0
57431,244.0,208.0,135.0,124.0
57432,247.0,78.0,129.0,134.0
57433,246.0,219.0,134.0,113.0
57434,241.0,125.0,144.0,140.0
57435,250.0,117.0,140.0,141.0
57436,262.0,259.0,153.0,135.0
57437,234.0,81.0,154.0,139.0
57438,249.0,153.0,153.0,141.0
57439,255.0,104.0,149.0,152.0
57440,239.0,216.0,121.0,137.0
57441,231.0,97.0,122.0,129.0
57442,246.0,139.0,138.0,136.0
57443,237.0,109.0,127.0,139.0
57444,253.0,119.0,138.0,148.0
57445,229.0,193.0,128.0,136.0
57446,271.0,175.0,153.0,150.0
57447,223.0,57.0,135.0,127.0
57448,229.0,116.0,137.0,124.0
57449,264.0,254.0,148.0,155.0
57450,234.0,197.0,108.0,142.0
57451,246.0,135.0,138.0,139.0
57452,238.0,109.0,131.0,139.0
57453,257.0,104.0,131.0,152.0
57454,251.0,223.0,138.0,135.0
57455,242.0,223.0,142.0,142.0
57456,266.0,236.0,148.0,171.0
57457,252.0,166.0,138.0,140.0
57458,267.0,258.0,159.0,138.0
57459,253.0,247.0,149.0,153.0
57460,246.0,101.0,145.0,145.0
57461,247.0,214.0,132.0,132.0
57462,227.0,93.0,123.0,117.0
57463,246.0,124.0,150.0,131.0
57464,268.0,225.0,155.0,144.0
57465,268.0,107.0,146.0,147.0
57466,252.0,106.0,148.0,144.0
57467,243.0,96.0,138.0,119.0
57468,257.0,121.0,121.0,131.0
57469,246.0,215.0,140.0,146.0
57470,247.0,81.0,129.0,126.0
57471,247.0,208.0,131.0,126.0
57472,252.0,90.0,136.0,144.0
57473,239.0,124.0,136.0,130.0
57474,229.0,200.0,133.0,113.0
57475,237.0,202.0,130.0,118.0
57476,283.0,245.0,166.0,148.0
57477,255.0,215.0,146.0,153.0
57478,256.0,136.0,148.0,151.0
57479,238.0,122.0,123.0,140.0
57480,247.0,94.0,148.0,134.0
57481,236.0,133.0,154.0,137.0
57482,233.0,102.0,138.0,126.0
57483,244.0,86.0,145.0,142.0
57484,256.0,127.0,158.0,148.0
57485,252.0,142.0,132.0,149.0
57486,242.0,96.0,121.0,134.0
57487,257.0,215.0,145.0,156.0
57488,243.0,149.0,131.0,145.0
57489,265.0,120.0,147.0,152.0
57490,247.0,73.0,138.0,140.0
57491,254.0,115.0,126.0,131.0
57492,247.0,213.0,134.0,131.0
57493,243.0,62.0,136.0,142.0
57494,252.0,206.0,153.0,151.0
57495,234.0,107.0,128.0,118.0
57496,239.0,93.0,129.0,138.0
57497,253.0,141.0,147.0,143.0
57498,270.0,252.0,140.0,148.0
57499,246.0,132.0,123.0,146.0
57500,260.0,111.0,150.0,164.0
57501,252.0,225.0,135.0,155.0
57502,283.0,103.0,159.0,152.0
57503,283.0,127.0,152.0,159.0
57504,233.0,101.0,130.0,124.0
57505,250.0,141.0,139.0,141.0
57506,257.0,127.0,158.0,140.0
57507,258.0,122.0,133.0,130.0
57508,247.0,212.0,140.0,128.0
57509,238.0,203.0,127.0,138.0
57510,238.0,114.0,137.0,124.0
57511,234.0,130.0,131.0,122.0
57512,240.0,106.0,128.0,136.0
57513,237.0,201.0,142.0,127.0
57514,252.0,146.0,131.0,131.0
57515,253.0,161.0,149.0,136.0
57516,253.0,220.0,152.0,134.0
57517,228.0,108.0,139.0,128.0
57518,273.0,240.0,169.0,154.0
57519,262.0,229.0,157.0,162.0
57520,250.0,163.0,127.0,143.0
57521,236.0,100.0,141.0,142.0
57522,276.0,140.0,157.0,160.0
57523,255.0,95.0,124.0,147.0
57524,264.0,84.0,142.0,147.0
57525,265.0,174.0,151.0,152.0
57526,263.0,117.0,149.0,145.0
57527,275.0,148.0,167.0,162.0
57528,249.0,121.0,142.0,134.0
57529,245.0,72.0,137.0,151.0
57530,250.0,227.0,115.0,119.0
57531,241.0,117.0,130.0,138.0
57532,268.0,161.0,156.0,157.0
57533,235.0,159.0,117.0,136.0
57534,229.0,124.0,141.0,146.0
57535,243.0,70.0,146.0,134.0
57536,246.0,149.0,147.0,138.0
57537,265.0,110.0,138.0,145.0
57538,249.0,104.0,139.0,147.0
57539,248.0,115.0,143.0,132.0
57540,241.0,118.0,133.0,140.0
57541,246.0,211.0,125.0,134.0
57542,256.0,104.0,146.0,133.0
57543,271.0,78.0,155.0,152.0
57544,255.0,164.0,135.0,154.0
57545,249.0,108.0,146.0,145.0
57546,230.0,75.0,126.0,112.0
57547,223.0,104.0,129.0,137.0
57548,246.0,126.0,146.0,142.0
57549,267.0,140.0,174.0,154.0
57550,260.0,79.0,149.0,155.0
57551,273.0,131.0,155.0,153.0
57552,255.0,109.0,150.0,152.0
57553,254.0,200.0,145.0,139.0
57554,233.0,204.0,139.0,141.0
57555,261.0,244.0,161.0,144.0
57556,251.0,143.0,136.0,137.0
57557,231.0,182.0,136.0,136.0
57558,252.0,223.0,151.0,136.0
57559,270.0,142.0,130.0,149.0
57560,225.0,114.0,124.0,127.0
57561,246.0,194.0,134.0,131.0
57562,255.0,226.0,146.0,150.0
57563,255.0,146.0,140.0,144.0
57564,234.0,97.0,142.0,120.0
57565,241.0,73.0,145.0,131.0
57566,262.0,119.0,137.0,146.0
57567,261.0,225.0,142.0,131.0
57568,262.0,91.0,158.0,153.0
57569,252.0,218.0,141.0,149.0
57570,244.0,95.0,134.0,140.0
57571,242.0,218.0,116.0,138.0
57572,257.0,96.0,161.0,130.0
57573,250.0,69.0,151.0,129.0
57574,251.0,222.0,159.0,145.0
57575,256.0,252.0,156.0,141.0
57576,239.0,146.0,141.0,131.0
57577,251.0,221.0,143.0,147.0
57578,245.0,211.0,128.0,137.0
57579,243.0,237.0,132.0,140.0
57580,241.0,105.0,136.0,136.0
57581,236.0,150.0,121.0,140.0
57582,255.0,164.0,146.0,146.0
57583,255.0,149.0,116.0,149.0
57584,293.0,258.0,154.0,160.0
57585,257.0,95.0,135.0,151.0
57586,253.0,103.0,151.0,143.0
57587,241.0,207.0,149.0,121.0
57588,251.0,146.0,132.0,145.0
57589,241.0,65.0,140.0,120.0
57590,258.0,129.0,145.0,137.0
57591,276.0,246.0,161.0,149.0
57592,229.0,194.0,127.0,137.0
57593,254.0,248.0,153.0,137.0
57594,255.0,249.0,138.0,139.0
57595,262.0,233.0,141.0,146.0
57596,245.0,238.0,143.0,133.0
57597,262.0,228.0,137.0,148.0
57598,252.0,221.0,125.0,152.0
57599,245.0,137.0,156.0,137.0
57600,233.0,93.0,122.0,144.0
57601,261.0,154.0,165.0,161.0
57602,286.0,119.0,150.0,167.0
57603,269.0,224.0,143.0,141.0
57604,276.0,112.0,142.0,156.0
57605,258.0,115.0,146.0,134.0
57606,232.0,153.0,123.0,137.0
57607,246.0,81.0,141.0,135.0
57608,230.0,180.0,126.0,127.0
57609,267.0,236.0,158.0,151.0
57610,249.0,201.0,124.0,137.0
57611,239.0,209.0,135.0,129.0
57612,246.0,103.0,136.0,136.0
57613,239.0,167.0,132.0,134.0
57614,262.0,157.0,155.0,166.0
57615,228.0,77.0,130.0,134.0
57616,249.0,135.0,134.0,141.0
57617,243.0,105.0,139.0,135.0
57618,227.0,108.0,125.0,148.0
57619,267.0,193.0,151.0,175.0
57620,258.0,119.0,136.0,143.0
57621,249.0,82.0,137.0,134.0
57622,222.0,196.0,125.0,129.0
57623,240.0,111.0,116.0,133.0
57624,248.0,218.0,155.0,136.0
57625,227.0,131.0,128.0,126.0
57626,281.0,91.0,150.0,145.0
57627,226.0,66.0,130.0,125.0
57628,246.0,113.0,134.0,153.0
57629,280.0,121.0,172.0,152.0
57630,237.0,65.0,133.0,131.0
57631,257.0,122.0,153.0,134.0
57632,214.0,214.0,131.0,125.0
57633,249.0,130.0,128.0,139.0
57634,242.0,82.0,119.0,144.0
57635,258.0,140.0,160.0,160.0
57636,248.0,66.0,143.0,140.0
57637,262.0,219.0,150.0,148.0
57638,245.0,213.0,117.0,136.0
57639,255.0,109.0,127.0,155.0
57640,262.0,130.0,149.0,152.0
57641,258.0,135.0,148.0,153.0
57642,226.0,204.0,129.0,123.0
57643,266.0,89.0,150.0,151.0
57644,225.0,152.0,123.0,142.0
57645,246.0,92.0,143.0,143.0
57646,251.0,215.0,146.0,143.0
57647,251.0,144.0,129.0,136.0
57648,269.0,193.0,161.0,162.0
57649,241.0,73.0,135.0,141.0
57650,251.0,93.0,135.0,145.0
57651,261.0,108.0,134.0,166.0
57652,271.0,145.0,154.0,161.0
57653,258.0,122.0,139.0,144.0
57654,271.0,106.0,155.0,142.0
57655,245.0,67.0,135.0,138.0
57656,241.0,165.0,130.0,127.0
57657,258.0,106.0,134.0,148.0
57658,244.0,116.0,137.0,153.0
57659,230.0,76.0,120.0,132.0
57660,268.0,147.0,151.0,158.0
57661,255.0,249.0,129.0,145.0
57662,244.0,109.0,146.0,135.0
57663,246.0,143.0,143.0,131.0
57664,237.0,112.0,130.0,132.0
57665,252.0,125.0,144.0,151.0
57666,235.0,213.0,126.0,149.0
57667,254.0,211.0,154.0,134.0
57668,265.0,229.0,148.0,153.0
57669,255.0,99.0,137.0,148.0
57670,240.0,127.0,143.0,133.0
57671,259.0,219.0,155.0,139.0
57672,251.0,132.0,140.0,150.0
57673,243.0,109.0,127.0,144.0
57674,222.0,212.0,133.0,122.0
57675,244.0,114.0,150.0,138.0
57676,234.0,103.0,138.0,130.0
57677,243.0,147.0,121.0,134.0
57678,236.0,96.0,115.0,134.0
57679,260.0,174.0,150.0,156.0
57680,244.0,95.0,138.0,138.0
57681,284.0,247.0,161.0,164.0
57682,245.0,222.0,143.0,142.0
57683,242.0,125.0,141.0,127.0
57684,264.0,227.0,149.0,163.0
57685,216.0,68.0,129.0,120.0
57686,246.0,217.0,127.0,126.0
57687,267.0,101.0,157.0,146.0
57688,254.0,247.0,149.0,136.0
57689,241.0,91.0,129.0,138.0
57690,280.0,139.0,147.0,160.0
57691,274.0,200.0,169.0,152.0
57692,262.0,128.0,135.0,147.0
57693,238.0,76.0,123.0,133.0
57694,263.0,147.0,145.0,157.0
57695,236.0,127.0,124.0,135.0
57696,239.0,209.0,134.0,135.0
57697,258.0,85.0,158.0,158.0
57698,232.0,110.0,123.0,137.0
57699,237.0,135.0,133.0,126.0
57700,260.0,120.0,126.0,146.0
57701,275.0,129.0,148.0,158.0
57702,242.0,211.0,139.0,134.0
57703,254.0,119.0,139.0,155.0
57704,237.0,146.0,138.0,115.0
57705,231.0,200.0,134.0,135.0
57706,268.0,208.0,164.0,167.0
57707,248.0,90.0,137.0,135.0
57708,226.0,145.0,124.0,129.0
57709,261.0,158.0,155.0,141.0
57710,241.0,151.0,123.0,139.0
57711,278.0,245.0,135.0,166.0
57712,252.0,99.0,136.0,138.0
57713,245.0,79.0,148.0,152.0
57714,228.0,87.0,143.0,127.0
57715,259.0,93.0,132.0,163.0
57716,266.0,128.0,158.0,154.0
57717,257.0,139.0,142.0,132.0
57718,247.0,107.0,153.0,139.0
57719,253.0,152.0,136.0,144.0
57720,253.0,224.0,139.0,135.0
57721,246.0,93.0,141.0,140.0
57722,235.0,137.0,143.0,146.0
57723,251.0,181.0,131.0,132.0
57724,252.0,222.0,145.0,144.0
57725,270.0,118.0,163.0,146.0
57726,261.0,129.0,149.0,163.0
57727,231.0,194.0,124.0,137.0
57728,267.0,229.0,133.0,141.0
57729,252.0,74.0,146.0,134.0
57730,242.0,215.0,123.0,130.0
57731,276.0,105.0,141.0,155.0
57732,270.0,240.0,155.0,161.0
57733,258.0,135.0,138.0,131.0
57734,253.0,106.0,144.0,152.0
57735,245.0,132.0,140.0,151.0
57736,259.0,158.0,152.0,159.0
57737,255.0,128.0,137.0,137.0
57738,242.0,126.0,130.0,124.0
57739,273.0,224.0,160.0,145.0
57740,233.0,99.0,132.0,133.0
57741,219.0,177.0,127.0,132.0
57742,228.0,108.0,134.0,138.0
57743,257.0,125.0,151.0,142.0
57744,256.0,240.0,151.0,140.0
57745,247.0,129.0,125.0,141.0
57746,237.0,230.0,136.0,133.0
57747,280.0,108.0,143.0,140.0
57748,248.0,94.0,150.0,133.0
57749,224.0,193.0,124.0,127.0
57750,249.0,102.0,140.0,134.0
57751,255.0,106.0,138.0,135.0
57752,245.0,136.0,144.0,133.0
57753,262.0,85.0,143.0,144.0
57754,243.0,94.0,147.0,139.0
57755,232.0,92.0,130.0,141.0
57756,246.0,116.0,124.0,141.0
57757,266.0,143.0,157.0,159.0
57758,250.0,120.0,135.0,142.0
57759,243.0,122.0,139.0,120.0
57760,229.0,196.0,141.0,128.0
57761,239.0,204.0,135.0,118.0
57762,247.0,113.0,139.0,136.0
57763,248.0,225.0,129.0,134.0
57764,246.0,214.0,127.0,137.0
57765,264.0,128.0,146.0,148.0
57766,243.0,95.0,142.0,143.0
57767,236.0,235.0,134.0,132.0
57768,234.0,138.0,127.0,127.0
57769,238.0,132.0,135.0,123.0
57770,301.0,115.0,175.0,175.0
57771,238.0,88.0,146.0,132.0
57772,251.0,132.0,147.0,142.0
57773,261.0,218.0,146.0,144.0
57774,264.0,155.0,156.0,159.0
57775,242.0,80.0,148.0,139.0
57776,241.0,94.0,139.0,127.0
57777,245.0,67.0,144.0,146.0
57778,247.0,205.0,159.0,144.0
57779,251.0,133.0,139.0,139.0
57780,262.0,110.0,141.0,168.0
57781,262.0,98.0,157.0,135.0
57782,256.0,128.0,152.0,137.0
57783,269.0,78.0,160.0,145.0
57784,250.0,107.0,137.0,149.0
57785,275.0,199.0,144.0,154.0
57786,219.0,95.0,124.0,130.0
57787,256.0,226.0,146.0,142.0
57788,261.0,231.0,147.0,149.0
57789,239.0,235.0,132.0,139.0
57790,251.0,247.0,140.0,136.0
57791,233.0,117.0,137.0,121.0
57792,246.0,221.0,143.0,131.0
57793,254.0,112.0,147.0,140.0
57794,247.0,180.0,138.0,129.0
57795,254.0,209.0,147.0,129.0
57796,248.0,113.0,132.0,137.0
57797,268.0,59.0,159.0,147.0
57798,216.0,188.0,109.0,126.0
57799,266.0,238.0,151.0,150.0
57800,290.0,96.0,155.0,171.0
57801,261.0,106.0,146.0,153.0
57802,244.0,121.0,131.0,139.0
57803,257.0,217.0,140.0,150.0
57804,245.0,206.0,149.0,137.0
57805,251.0,109.0,146.0,133.0
57806,229.0,192.0,132.0,132.0
57807,232.0,113.0,121.0,160.0
57808,250.0,123.0,135.0,145.0
57809,251.0,240.0,133.0,151.0
57810,244.0,174.0,141.0,141.0
57811,258.0,127.0,138.0,151.0
57812,235.0,102.0,131.0,131.0
57813,268.0,216.0,159.0,166.0
57814,272.0,241.0,160.0,159.0
57815,244.0,103.0,130.0,138.0
57816,257.0,104.0,158.0,135.0
57817,254.0,225.0,152.0,142.0
57818,256.0,236.0,140.0,131.0
57819,244.0,118.0,129.0,127.0
57820,257.0,110.0,132.0,158.0
57821,255.0,174.0,149.0,141.0
57822,244.0,83.0,128.0,133.0
57823,253.0,119.0,137.0,125.0
57824,249.0,219.0,152.0,138.0
57825,242.0,217.0,124.0,141.0
57826,236.0,102.0,137.0,131.0
57827,251.0,197.0,143.0,153.0
57828,255.0,236.0,135.0,127.0
57829,227.0,63.0,125.0,128.0
57830,267.0,222.0,158.0,160.0
57831,235.0,95.0,123.0,137.0
57832,254.0,210.0,124.0,128.0
57833,249.0,171.0,146.0,138.0
57834,249.0,127.0,134.0,136.0
57835,244.0,209.0,133.0,151.0
57836,253.0,116.0,146.0,155.0
57837,249.0,119.0,131.0,140.0
57838,258.0,121.0,143.0,128.0
57839,268.0,132.0,151.0,137.0
57840,252.0,131.0,142.0,133.0
57841,266.0,156.0,136.0,152.0
57842,268.0,148.0,127.0,147.0
57843,246.0,108.0,134.0,137.0
57844,251.0,116.0,139.0,145.0
57845,250.0,135.0,138.0,137.0
57846,253.0,185.0,150.0,155.0
57847,226.0,92.0,122.0,136.0
57848,257.0,127.0,143.0,154.0
57849,250.0,224.0,128.0,135.0
57850,234.0,85.0,110.0,139.0
57851,239.0,238.0,143.0,142.0
57852,253.0,131.0,154.0,153.0
57853,232.0,89.0,135.0,137.0
57854,244.0,131.0,148.0,149.0
57855,254.0,123.0,140.0,141.0
57856,226.0,148.0,112.0,119.0
57857,236.0,105.0,130.0,135.0
57858,246.0,117.0,157.0,146.0
57859,252.0,108.0,149.0,129.0
57860,264.0,118.0,156.0,140.0
57861,263.0,146.0,155.0,144.0
57862,243.0,206.0,136.0,132.0
57863,273.0,152.0,153.0,142.0
57864,268.0,115.0,156.0,155.0
57865,248.0,142.0,143.0,137.0
57866,244.0,103.0,140.0,134.0
57867,236.0,101.0,122.0,131.0
57868,272.0,110.0,154.0,151.0
57869,263.0,258.0,139.0,147.0
57870,255.0,90.0,143.0,144.0
57871,246.0,233.0,153.0,137.0
57872,256.0,247.0,140.0,141.0
57873,229.0,111.0,142.0,134.0
57874,263.0,127.0,152.0,136.0
57875,262.0,91.0,146.0,158.0
57876,268.0,108.0,154.0,157.0
57877,230.0,134.0,133.0,129.0
57878,247.0,137.0,133.0,131.0
57879,265.0,254.0,147.0,149.0
57880,274.0,107.0,149.0,157.0
57881,242.0,100.0,144.0,132.0
57882,279.0,77.0,162.0,168.0
57883,276.0,139.0,149.0,153.0
57884,224.0,141.0,131.0,126.0
57885,237.0,200.0,144.0,127.0
57886,251.0,106.0,131.0,150.0
57887,250.0,145.0,147.0,135.0
57888,249.0,242.0,135.0,157.0
57889,244.0,237.0,140.0,139.0
57890,267.0,89.0,140.0,148.0
57891,253.0,85.0,139.0,136.0
57892,244.0,148.0,136.0,130.0
57893,222.0,109.0,123.0,127.0
57894,241.0,232.0,133.0,131.0
57895,253.0,150.0,137.0,137.0
57896,248.0,65.0,147.0,142.0
57897,225.0,192.0,127.0,129.0
57898,248.0,146.0,144.0,137.0
57899,232.0,207.0,122.0,125.0
57900,272.0,134.0,145.0,149.0
57901,246.0,212.0,145.0,137.0
57902,243.0,110.0,136.0,151.0
57903,250.0,105.0,148.0,141.0
57904,244.0,92.0,143.0,150.0
57905,228.0,96.0,130.0,126.0
57906,235.0,103.0,120.0,135.0
57907,219.0,101.0,123.0,124.0
57908,261.0,112.0,136.0,141.0
57909,251.0,222.0,126.0,143.0
57910,241.0,143.0,145.0,137.0
57911,235.0,135.0,126.0,125.0
57912,278.0,159.0,157.0,159.0
57913,253.0,103.0,139.0,144.0
57914,238.0,103.0,127.0,132.0
57915,256.0,149.0,144.0,131.0
57916,251.0,135.0,148.0,151.0
57917,228.0,109.0,115.0,139.0
57918,242.0,180.0,134.0,123.0
57919,233.0,85.0,129.0,120.0
57920,281.0,114.0,150.0,175.0
57921,256.0,98.0,139.0,160.0
57922,249.0,136.0,134.0,146.0
57923,251.0,218.0,144.0,134.0
57924,257.0,164.0,145.0,139.0
57925,261.0,126.0,144.0,150.0
57926,230.0,114.0,108.0,124.0
57927,276.0,98.0,154.0,152.0
57928,227.0,145.0,127.0,126.0
57929,234.0,131.0,124.0,123.0
57930,256.0,224.0,151.0,143.0
57931,248.0,107.0,126.0,144.0
57932,251.0,107.0,136.0,148.0
57933,248.0,202.0,142.0,135.0
57934,251.0,244.0,135.0,146.0
57935,240.0,98.0,134.0,128.0
57936,262.0,166.0,147.0,137.0
57937,250.0,78.0,132.0,146.0
57938,233.0,93.0,134.0,132.0
57939,245.0,101.0,132.0,133.0
57940,249.0,221.0,139.0,150.0
57941,242.0,121.0,135.0,131.0
57942,265.0,142.0,147.0,143.0
57943,251.0,80.0,134.0,157.0
57944,270.0,115.0,154.0,144.0
57945,259.0,230.0,141.0,142.0
57946,253.0,225.0,140.0,139.0
57947,210.0,87.0,124.0,124.0
57948,262.0,95.0,152.0,143.0
57949,267.0,150.0,140.0,152.0
57950,246.0,107.0,131.0,138.0
57951,227.0,83.0,122.0,136.0
57952,227.0,100.0,132.0,125.0
57953,259.0,130.0,143.0,133.0
57954,256.0,106.0,137.0,150.0
57955,265.0,87.0,152.0,155.0
57956,257.0,89.0,139.0,140.0
57957,261.0,90.0,137.0,140.0
57958,223.0,75.0,129.0,130.0
57959,277.0,127.0,167.0,164.0
57960,253.0,216.0,131.0,130.0
57961,265.0,148.0,153.0,138.0
57962,253.0,92.0,136.0,122.0
57963,248.0,151.0,133.0,142.0
57964,240.0,216.0,150.0,141.0
57965,246.0,231.0,123.0,140.0
57966,252.0,205.0,161.0,135.0
57967,235.0,88.0,140.0,120.0
57968,247.0,100.0,138.0,136.0
57969,270.0,114.0,151.0,147.0
57970,245.0,70.0,126.0,138.0
57971,244.0,88.0,152.0,122.0
57972,252.0,108.0,151.0,150.0
57973,257.0,248.0,152.0,145.0
57974,237.0,88.0,129.0,140.0
57975,258.0,229.0,133.0,147.0
57976,256.0,92.0,138.0,140.0
57977,260.0,102.0,142.0,142.0
57978,244.0,134.0,141.0,127.0
57979,244.0,77.0,131.0,140.0
57980,244.0,115.0,122.0,124.0
57981,211.0,184.0,116.0,126.0
57982,233.0,142.0,143.0,126.0
57983,249.0,79.0,149.0,136.0
57984,230.0,205.0,133.0,122.0
57985,245.0,227.0,139.0,146.0
57986,264.0,143.0,151.0,166.0
57987,237.0,203.0,145.0,135.0
57988,230.0,82.0,131.0,144.0
57989,267.0,198.0,157.0,152.0
57990,222.0,113.0,119.0,119.0
57991,240.0,120.0,121.0,136.0
57992,243.0,69.0,135.0,141.0
57993,270.0,106.0,149.0,144.0
57994,264.0,137.0,157.0,158.0
57995,234.0,202.0,130.0,132.0
57996,245.0,113.0,127.0,139.0
57997,257.0,214.0,143.0,146.0
57998,232.0,121.0,112.0,123.0
57999,244.0,215.0,132.0,133.0
58000,249.0,114.0,135.0,127.0
58001,267.0,109.0,143.0,153.0
58002,263.0,98.0,151.0,150.0
58003,281.0,241.0,158.0,160.0
58004,259.0,120.0,152.0,139.0
58005,240.0,95.0,132.0,134.0
58006,233.0,117.0,116.0,128.0
58007,257.0,149.0,147.0,128.0
58008,244.0,214.0,128.0,150.0
58009,251.0,96.0,150.0,134.0
58010,258.0,65.0,156.0,138.0
58011,242.0,146.0,143.0,126.0
58012,270.0,143.0,148.0,142.0
58013,233.0,123.0,138.0,132.0
58014,254.0,144.0,138.0,151.0
58015,238.0,133.0,142.0,141.0
58016,266.0,253.0,155.0,139.0
58017,231.0,97.0,130.0,145.0
58018,263.0,223.0,144.0,150.0
58019,263.0,256.0,134.0,162.0
58020,243.0,116.0,121.0,152.0
58021,240.0,98.0,131.0,143.0
58022,246.0,131.0,136.0,139.0
58023,244.0,110.0,137.0,135.0
58024,242.0,125.0,132.0,126.0
58025,236.0,105.0,133.0,123.0
58026,253.0,97.0,139.0,149.0
58027,238.0,79.0,133.0,130.0
58028,263.0,77.0,165.0,145.0
58029,230.0,121.0,136.0,129.0
58030,237.0,124.0,118.0,146.0
58031,270.0,226.0,153.0,131.0
58032,240.0,216.0,129.0,135.0
58033,262.0,239.0,160.0,144.0
58034,264.0,240.0,152.0,144.0
58035,261.0,225.0,141.0,148.0
58036,281.0,236.0,159.0,168.0
58037,264.0,111.0,162.0,147.0
58038,239.0,97.0,151.0,122.0
58039,261.0,81.0,142.0,158.0
58040,252.0,132.0,143.0,145.0
58041,265.0,167.0,156.0,144.0
58042,250.0,159.0,145.0,146.0
58043,241.0,105.0,121.0,125.0
58044,264.0,210.0,136.0,142.0
58045,257.0,237.0,145.0,153.0
58046,213.0,86.0,114.0,117.0
58047,259.0,129.0,134.0,135.0
58048,228.0,61.0,130.0,136.0
58049,263.0,108.0,157.0,163.0
58050,239.0,85.0,129.0,135.0
58051,275.0,149.0,146.0,153.0
58052,244.0,97.0,130.0,125.0
58053,226.0,94.0,127.0,117.0
58054,265.0,116.0,143.0,150.0
58055,233.0,101.0,140.0,121.0
58056,244.0,118.0,146.0,141.0
58057,263.0,114.0,132.0,152.0
58058,262.0,127.0,137.0,144.0
58059,249.0,209.0,144.0,137.0
58060,262.0,98.0,157.0,133.0
58061,256.0,219.0,137.0,142.0
58062,230.0,185.0,129.0,130.0
58063,278.0,227.0,171.0,156.0
58064,257.0,87.0,159.0,137.0
58065,228.0,92.0,124.0,115.0
58066,243.0,97.0,142.0,132.0
58067,261.0,219.0,164.0,139.0
58068,246.0,219.0,127.0,136.0
58069,250.0,162.0,130.0,137.0
58070,247.0,99.0,142.0,130.0
58071,255.0,230.0,140.0,164.0
58072,266.0,233.0,150.0,150.0
58073,258.0,107.0,158.0,135.0
58074,254.0,62.0,139.0,143.0
58075,272.0,163.0,145.0,153.0
58076,273.0,236.0,155.0,144.0
58077,246.0,135.0,135.0,144.0
58078,257.0,149.0,152.0,151.0
58079,231.0,155.0,138.0,137.0
58080,261.0,79.0,170.0,151.0
58081,276.0,141.0,161.0,161.0
58082,284.0,151.0,159.0,181.0
58083,234.0,104.0,138.0,128.0
58084,234.0,110.0,118.0,136.0
58085,237.0,94.0,147.0,128.0
58086,255.0,221.0,130.0,141.0
58087,236.0,89.0,126.0,129.0
58088,268.0,98.0,158.0,148.0
58089,251.0,122.0,139.0,132.0
58090,242.0,234.0,126.0,133.0
58091,240.0,87.0,145.0,135.0
58092,249.0,126.0,132.0,139.0
58093,253.0,219.0,121.0,154.0
58094,268.0,160.0,144.0,143.0
58095,250.0,91.0,148.0,132.0
58096,281.0,144.0,149.0,158.0
58097,220.0,98.0,117.0,122.0
58098,255.0,134.0,143.0,142.0
58099,254.0,109.0,144.0,148.0
58100,246.0,107.0,135.0,130.0
58101,247.0,154.0,127.0,133.0
58102,277.0,254.0,131.0,166.0
58103,255.0,98.0,128.0,140.0
58104,269.0,228.0,145.0,157.0
58105,276.0,235.0,165.0,140.0
58106,226.0,171.0,121.0,122.0
58107,243.0,133.0,141.0,132.0
58108,277.0,75.0,154.0,155.0
58109,252.0,68.0,141.0,143.0
58110,251.0,125.0,139.0,147.0
58111,248.0,217.0,144.0,130.0
58112,260.0,260.0,138.0,152.0
58113,236.0,201.0,133.0,125.0
58114,245.0,96.0,148.0,146.0
58115,241.0,204.0,133.0,148.0
58116,250.0,229.0,122.0,145.0
58117,243.0,207.0,128.0,140.0
58118,246.0,55.0,125.0,152.0
58119,263.0,93.0,154.0,140.0
58120,248.0,105.0,145.0,153.0
58121,250.0,147.0,140.0,137.0
58122,253.0,114.0,153.0,130.0
58123,275.0,115.0,171.0,167.0
58124,242.0,205.0,149.0,127.0
58125,249.0,97.0,143.0,139.0
58126,245.0,95.0,138.0,123.0
58127,254.0,225.0,139.0,144.0
58128,246.0,84.0,138.0,147.0
58129,244.0,198.0,154.0,139.0
58130,262.0,125.0,141.0,158.0
58131,223.0,160.0,124.0,130.0
58132,248.0,101.0,142.0,143.0
58133,273.0,247.0,154.0,154.0
58134,257.0,102.0,140.0,127.0
58135,240.0,98.0,151.0,141.0
58136,239.0,121.0,131.0,131.0
58137,231.0,101.0,131.0,129.0
58138,237.0,198.0,123.0,133.0
58139,267.0,230.0,150.0,167.0
58140,247.0,210.0,138.0,144.0
58141,203.0,63.0,117.0,103.0
58142,262.0,126.0,151.0,150.0
58143,269.0,103.0,160.0,143.0
58144,255.0,106.0,134.0,132.0
58145,260.0,80.0,141.0,142.0
58146,260.0,112.0,146.0,154.0
58147,230.0,125.0,126.0,131.0
58148,250.0,102.0,139.0,139.0
58149,254.0,176.0,145.0,151.0
58150,248.0,89.0,145.0,136.0
58151,272.0,131.0,142.0,162.0
58152,254.0,209.0,140.0,140.0
58153,269.0,198.0,166.0,170.0
58154,234.0,207.0,138.0,111.0
58155,263.0,216.0,152.0,146.0
58156,254.0,141.0,125.0,146.0
58157,234.0,63.0,146.0,125.0
58158,245.0,88.0,133.0,141.0
58159,246.0,213.0,128.0,129.0
58160,254.0,104.0,154.0,134.0
58161,255.0,245.0,150.0,128.0
58162,277.0,145.0,163.0,144.0
58163,259.0,226.0,128.0,126.0
58164,264.0,94.0,144.0,149.0
58165,263.0,66.0,152.0,154.0
58166,253.0,139.0,131.0,144.0
58167,232.0,114.0,109.0,120.0
58168,235.0,81.0,131.0,134.0
58169,240.0,135.0,124.0,139.0
58170,256.0,100.0,133.0,130.0
58171,246.0,95.0,135.0,130.0
58172,233.0,68.0,143.0,137.0
58173,239.0,93.0,121.0,133.0
58174,245.0,135.0,130.0,129.0
58175,264.0,234.0,153.0,150.0
58176,243.0,100.0,147.0,136.0
58177,268.0,116.0,149.0,151.0
58178,261.0,226.0,145.0,136.0
58179,227.0,191.0,113.0,123.0
58180,251.0,215.0,140.0,151.0
58181,249.0,91.0,158.0,150.0
58182,265.0,100.0,166.0,141.0
58183,246.0,232.0,151.0,144.0
58184,260.0,210.0,153.0,139.0
58185,269.0,160.0,159.0,137.0
58186,256.0,130.0,153.0,148.0
58187,266.0,115.0,159.0,151.0
58188,270.0,92.0,168.0,151.0
58189,269.0,160.0,145.0,152.0
58190,250.0,80.0,132.0,141.0
58191,239.0,99.0,129.0,140.0
58192,249.0,130.0,127.0,152.0
58193,252.0,102.0,134.0,157.0
58194,273.0,87.0,152.0,137.0
58195,238.0,82.0,141.0,131.0
58196,248.0,108.0,143.0,138.0
58197,243.0,100.0,128.0,137.0
58198,262.0,115.0,152.0,158.0
58199,255.0,116.0,139.0,138.0
58200,251.0,206.0,148.0,146.0
58201,245.0,211.0,142.0,141.0
58202,252.0,132.0,154.0,140.0
58203,243.0,88.0,139.0,136.0
58204,263.0,98.0,152.0,149.0
58205,253.0,122.0,135.0,155.0
58206,254.0,93.0,139.0,155.0
58207,268.0,100.0,153.0,154.0
58208,274.0,123.0,138.0,159.0
58209,260.0,144.0,150.0,142.0
58210,261.0,109.0,143.0,151.0
58211,240.0,203.0,150.0,134.0
58212,253.0,126.0,118.0,147.0
58213,244.0,141.0,141.0,139.0
58214,293.0,122.0,156.0,152.0
58215,232.0,197.0,126.0,132.0
58216,228.0,64.0,143.0,122.0
58217,247.0,141.0,129.0,138.0
58218,249.0,244.0,143.0,141.0
58219,273.0,231.0,137.0,144.0
58220,246.0,99.0,140.0,141.0
58221,266.0,102.0,147.0,140.0
58222,256.0,83.0,145.0,145.0
58223,260.0,121.0,133.0,145.0
58224,259.0,109.0,148.0,154.0
58225,256.0,121.0,141.0,143.0
58226,247.0,184.0,147.0,152.0
58227,238.0,85.0,141.0,145.0
58228,255.0,108.0,135.0,147.0
58229,244.0,125.0,137.0,145.0
58230,225.0,210.0,134.0,128.0
58231,243.0,132.0,133.0,144.0
58232,248.0,101.0,142.0,127.0
58233,246.0,88.0,155.0,134.0
58234,250.0,158.0,154.0,155.0
58235,233.0,95.0,143.0,129.0
58236,252.0,230.0,148.0,150.0
58237,249.0,128.0,141.0,139.0
58238,269.0,98.0,148.0,151.0
58239,243.0,107.0,137.0,148.0
58240,236.0,207.0,143.0,124.0
58241,236.0,128.0,129.0,135.0
58242,222.0,109.0,136.0,115.0
58243,250.0,212.0,132.0,124.0
58244,262.0,142.0,158.0,160.0
58245,255.0,133.0,150.0,150.0
58246,274.0,122.0,163.0,161.0
58247,257.0,202.0,137.0,137.0
58248,238.0,117.0,140.0,139.0
58249,244.0,103.0,146.0,158.0
58250,250.0,171.0,147.0,146.0
58251,247.0,162.0,137.0,131.0
58252,260.0,123.0,139.0,145.0
58253,252.0,127.0,145.0,145.0
58254,262.0,79.0,157.0,145.0
58255,248.0,138.0,149.0,131.0
58256,229.0,105.0,131.0,127.0
58257,247.0,206.0,129.0,129.0
58258,252.0,50.0,149.0,152.0
58259,226.0,200.0,131.0,135.0
58260,247.0,106.0,126.0,132.0
58261,262.0,217.0,141.0,151.0
58262,252.0,100.0,131.0,152.0
58263,232.0,106.0,122.0,129.0
58264,259.0,233.0,149.0,150.0
58265,250.0,112.0,123.0,137.0
58266,251.0,92.0,136.0,144.0
58267,267.0,128.0,136.0,137.0
58268,255.0,246.0,139.0,125.0
58269,279.0,242.0,147.0,159.0
58270,197.0,104.0,113.0,110.0
58271,250.0,121.0,137.0,136.0
58272,255.0,84.0,136.0,137.0
58273,248.0,143.0,131.0,143.0
58274,271.0,236.0,162.0,137.0
58275,251.0,224.0,145.0,156.0
58276,240.0,88.0,131.0,145.0
58277,252.0,217.0,125.0,140.0
58278,272.0,64.0,155.0,164.0
58279,212.0,93.0,113.0,126.0
58280,250.0,119.0,124.0,147.0
58281,262.0,226.0,148.0,157.0
58282,242.0,94.0,131.0,139.0
58283,231.0,203.0,122.0,126.0
58284,227.0,128.0,127.0,120.0
58285,237.0,205.0,118.0,133.0
58286,239.0,207.0,134.0,140.0
58287,253.0,211.0,132.0,123.0
58288,263.0,223.0,153.0,153.0
58289,248.0,222.0,140.0,135.0
58290,251.0,217.0,134.0,146.0
58291,230.0,196.0,124.0,129.0
58292,250.0,159.0,137.0,151.0
58293,262.0,98.0,132.0,144.0
58294,245.0,174.0,138.0,132.0
58295,251.0,140.0,138.0,151.0
58296,255.0,74.0,156.0,156.0
58297,256.0,67.0,126.0,148.0
58298,257.0,223.0,137.0,153.0
58299,244.0,119.0,135.0,133.0
58300,246.0,114.0,140.0,141.0
58301,262.0,219.0,151.0,151.0
58302,220.0,177.0,113.0,111.0
58303,269.0,117.0,155.0,147.0
58304,252.0,99.0,127.0,141.0
58305,250.0,87.0,150.0,145.0
58306,254.0,108.0,141.0,140.0
58307,242.0,220.0,135.0,131.0
58308,244.0,233.0,128.0,158.0
58309,265.0,61.0,166.0,137.0
58310,272.0,128.0,150.0,154.0
58311,243.0,108.0,137.0,119.0
58312,235.0,84.0,127.0,123.0
58313,229.0,221.0,120.0,133.0
58314,250.0,125.0,134.0,141.0
58315,251.0,128.0,155.0,162.0
58316,277.0,150.0,156.0,161.0
58317,246.0,74.0,143.0,137.0
58318,244.0,118.0,126.0,138.0
58319,247.0,216.0,144.0,157.0
58320,227.0,91.0,129.0,117.0
58321,205.0,87.0,115.0,109.0
58322,262.0,254.0,152.0,152.0
58323,236.0,129.0,120.0,136.0
58324,260.0,98.0,135.0,143.0
58325,246.0,56.0,134.0,141.0
58326,257.0,89.0,136.0,147.0
58327,228.0,105.0,121.0,123.0
58328,263.0,64.0,140.0,147.0
58329,271.0,166.0,136.0,145.0
58330,240.0,124.0,128.0,133.0
58331,264.0,221.0,140.0,149.0
58332,240.0,176.0,133.0,143.0
58333,270.0,142.0,158.0,147.0
58334,241.0,193.0,137.0,127.0
58335,257.0,86.0,156.0,140.0
58336,251.0,218.0,132.0,143.0
58337,239.0,99.0,139.0,129.0
58338,267.0,218.0,145.0,151.0
58339,252.0,211.0,126.0,125.0
58340,273.0,88.0,163.0,145.0
58341,277.0,138.0,163.0,155.0
58342,235.0,84.0,137.0,140.0
58343,260.0,111.0,151.0,154.0
58344,267.0,107.0,152.0,140.0
58345,250.0,84.0,153.0,137.0
58346,276.0,121.0,146.0,156.0
58347,256.0,99.0,168.0,136.0
58348,229.0,87.0,137.0,127.0
58349,226.0,185.0,135.0,133.0
58350,264.0,73.0,143.0,142.0
58351,247.0,227.0,133.0,148.0
58352,278.0,149.0,152.0,155.0
58353,259.0,129.0,141.0,129.0
58354,253.0,198.0,119.0,137.0
58355,277.0,236.0,144.0,159.0
58356,250.0,139.0,138.0,149.0
58357,232.0,104.0,135.0,133.0
58358,265.0,242.0,152.0,141.0
58359,239.0,98.0,136.0,136.0
58360,254.0,119.0,146.0,139.0
58361,249.0,92.0,142.0,146.0
58362,281.0,182.0,153.0,154.0
58363,229.0,65.0,125.0,142.0
58364,246.0,119.0,137.0,135.0
58365,252.0,103.0,151.0,142.0
58366,240.0,211.0,134.0,140.0
58367,255.0,227.0,133.0,137.0
58368,258.0,255.0,160.0,142.0
58369,279.0,246.0,157.0,158.0
58370,261.0,122.0,156.0,149.0
58371,267.0,130.0,155.0,161.0
58372,250.0,107.0,134.0,146.0
58373,258.0,123.0,138.0,146.0
58374,244.0,83.0,121.0,147.0
58375,256.0,142.0,133.0,146.0
58376,250.0,242.0,140.0,143.0
58377,255.0,228.0,137.0,138.0
58378,236.0,88.0,121.0,135.0
58379,244.0,195.0,132.0,136.0
58380,237.0,206.0,134.0,133.0
58381,246.0,150.0,139.0,129.0
58382,261.0,226.0,134.0,143.0
58383,249.0,111.0,128.0,148.0
58384,243.0,130.0,138.0,140.0
58385,261.0,226.0,153.0,139.0
58386,253.0,113.0,129.0,135.0
58387,260.0,111.0,144.0,146.0
58388,253.0,233.0,153.0,144.0
58389,248.0,97.0,137.0,144.0
58390,254.0,102.0,143.0,155.0
58391,252.0,152.0,146.0,154.0
58392,266.0,65.0,154.0,148.0
58393,239.0,236.0,143.0,130.0
58394,235.0,232.0,146.0,132.0
58395,262.0,235.0,151.0,156.0
58396,236.0,85.0,139.0,120.0
58397,240.0,106.0,125.0,141.0
58398,256.0,116.0,152.0,133.0
58399,238.0,70.0,121.0,130.0
58400,265.0,95.0,159.0,145.0
58401,275.0,268.0,150.0,159.0
58402,265.0,239.0,163.0,145.0
58403,248.0,121.0,145.0,129.0
58404,249.0,72.0,126.0,125.0
58405,232.0,93.0,128.0,124.0
58406,265.0,136.0,151.0,155.0
58407,251.0,102.0,150.0,139.0
58408,236.0,97.0,144.0,135.0
58409,259.0,127.0,155.0,159.0
58410,269.0,250.0,147.0,153.0
58411,256.0,133.0,148.0,144.0
58412,217.0,87.0,124.0,115.0
58413,250.0,120.0,154.0,152.0
58414,237.0,220.0,137.0,121.0
58415,244.0,98.0,121.0,120.0
58416,262.0,101.0,156.0,148.0
58417,246.0,72.0,143.0,148.0
58418,284.0,130.0,150.0,158.0
58419,242.0,95.0,139.0,133.0
58420,249.0,215.0,138.0,144.0
58421,277.0,137.0,163.0,162.0
58422,248.0,101.0,142.0,140.0
58423,260.0,228.0,156.0,159.0
58424,238.0,118.0,146.0,131.0
58425,249.0,150.0,146.0,131.0
58426,249.0,208.0,122.0,145.0
58427,272.0,220.0,164.0,149.0
58428,233.0,206.0,136.0,135.0
58429,258.0,120.0,148.0,155.0
58430,256.0,95.0,138.0,142.0
58431,249.0,131.0,137.0,129.0
58432,258.0,252.0,158.0,142.0
58433,246.0,110.0,130.0,143.0
58434,274.0,170.0,136.0,159.0
58435,260.0,224.0,157.0,137.0
58436,256.0,112.0,146.0,144.0
58437,239.0,133.0,147.0,136.0
58438,245.0,143.0,136.0,140.0
58439,266.0,102.0,140.0,149.0
58440,247.0,221.0,132.0,138.0
58441,246.0,210.0,143.0,140.0
58442,248.0,214.0,123.0,132.0
58443,250.0,174.0,145.0,139.0
58444,258.0,226.0,145.0,141.0
58445,262.0,153.0,162.0,133.0
58446,240.0,118.0,140.0,131.0
58447,238.0,146.0,119.0,130.0
58448,231.0,121.0,124.0,137.0
58449,260.0,132.0,142.0,144.0
58450,254.0,216.0,132.0,134.0
58451,242.0,84.0,130.0,128.0
58452,265.0,162.0,147.0,152.0
58453,254.0,81.0,150.0,138.0
58454,261.0,112.0,139.0,150.0
58455,230.0,198.0,132.0,116.0
58456,240.0,93.0,129.0,135.0
58457,236.0,66.0,142.0,128.0
58458,244.0,119.0,128.0,136.0
58459,237.0,109.0,144.0,138.0
58460,256.0,98.0,147.0,139.0
58461,262.0,145.0,141.0,151.0
58462,238.0,209.0,132.0,147.0
58463,273.0,116.0,146.0,154.0
58464,264.0,130.0,166.0,155.0
58465,241.0,213.0,134.0,135.0
58466,246.0,217.0,146.0,126.0
58467,256.0,221.0,154.0,154.0
58468,271.0,221.0,144.0,148.0
58469,242.0,115.0,145.0,143.0
58470,279.0,150.0,163.0,150.0
58471,243.0,184.0,121.0,139.0
58472,255.0,120.0,149.0,137.0
58473,266.0,76.0,142.0,153.0
58474,277.0,116.0,145.0,157.0
58475,256.0,119.0,146.0,136.0
58476,240.0,117.0,129.0,130.0
58477,260.0,122.0,140.0,134.0
58478,261.0,84.0,150.0,148.0
58479,250.0,87.0,143.0,150.0
58480,243.0,78.0,112.0,153.0
58481,243.0,230.0,141.0,134.0
58482,246.0,118.0,133.0,143.0
58483,263.0,186.0,137.0,149.0
58484,272.0,143.0,147.0,148.0
58485,253.0,125.0,141.0,143.0
58486,238.0,73.0,132.0,144.0
58487,260.0,228.0,142.0,156.0
58488,229.0,133.0,110.0,131.0
58489,247.0,81.0,143.0,147.0
58490,257.0,198.0,156.0,134.0
58491,230.0,193.0,127.0,129.0
58492,240.0,125.0,136.0,148.0
58493,273.0,159.0,152.0,154.0
58494,249.0,220.0,124.0,145.0
58495,244.0,207.0,151.0,141.0
58496,241.0,196.0,135.0,138.0
58497,253.0,184.0,135.0,146.0
58498,246.0,97.0,137.0,138.0
58499,259.0,142.0,145.0,148.0
58500,255.0,92.0,149.0,143.0
58501,277.0,109.0,155.0,169.0
58502,252.0,78.0,157.0,155.0
58503,247.0,225.0,149.0,128.0
58504,235.0,211.0,143.0,125.0
58505,234.0,114.0,138.0,147.0
58506,263.0,166.0,136.0,147.0
58507,254.0,84.0,141.0,148.0
58508,285.0,239.0,166.0,168.0
58509,252.0,230.0,141.0,136.0
58510,236.0,192.0,135.0,135.0
58511,240.0,215.0,137.0,127.0
58512,273.0,181.0,148.0,163.0
58513,248.0,124.0,163.0,146.0
58514,244.0,208.0,141.0,133.0
58515,225.0,94.0,132.0,125.0
58516,254.0,115.0,144.0,132.0
58517,232.0,122.0,133.0,134.0
58518,253.0,135.0,149.0,149.0
58519,251.0,215.0,153.0,143.0
58520,268.0,122.0,148.0,158.0
58521,245.0,208.0,145.0,137.0
58522,269.0,172.0,153.0,150.0
58523,260.0,92.0,159.0,147.0
58524,248.0,108.0,136.0,125.0
58525,247.0,239.0,142.0,132.0
58526,252.0,101.0,146.0,148.0
58527,268.0,115.0,145.0,141.0
58528,257.0,216.0,159.0,149.0
58529,261.0,130.0,154.0,157.0
58530,250.0,47.0,151.0,154.0
58531,241.0,194.0,134.0,131.0
58532,253.0,98.0,153.0,139.0
58533,253.0,104.0,154.0,154.0
58534,263.0,223.0,146.0,148.0
58535,251.0,118.0,145.0,139.0
58536,249.0,172.0,149.0,124.0
58537,263.0,79.0,152.0,144.0
58538,293.0,255.0,159.0,172.0
58539,266.0,213.0,143.0,158.0
58540,256.0,214.0,152.0,154.0
58541,262.0,220.0,162.0,142.0
58542,257.0,172.0,162.0,153.0
58543,267.0,203.0,147.0,168.0
58544,269.0,107.0,145.0,140.0
58545,219.0,193.0,130.0,125.0
58546,252.0,115.0,139.0,138.0
58547,237.0,81.0,144.0,122.0
58548,280.0,122.0,156.0,164.0
58549,266.0,164.0,151.0,138.0
58550,246.0,96.0,142.0,137.0
58551,241.0,209.0,130.0,128.0
58552,252.0,126.0,144.0,143.0
58553,262.0,260.0,151.0,148.0
58554,257.0,93.0,156.0,145.0
58555,240.0,95.0,121.0,137.0
58556,264.0,97.0,149.0,135.0
58557,271.0,177.0,147.0,156.0
58558,242.0,192.0,134.0,122.0
58559,277.0,124.0,160.0,155.0
58560,232.0,112.0,128.0,135.0
58561,266.0,120.0,150.0,146.0
58562,264.0,132.0,137.0,158.0
58563,245.0,197.0,135.0,132.0
58564,241.0,139.0,133.0,132.0
58565,288.0,283.0,157.0,158.0
58566,247.0,170.0,136.0,141.0
58567,250.0,85.0,133.0,136.0
58568,225.0,90.0,114.0,128.0
58569,249.0,164.0,148.0,133.0
58570,231.0,122.0,136.0,142.0
58571,257.0,113.0,159.0,137.0
58572,264.0,87.0,154.0,129.0
58573,287.0,163.0,157.0,172.0
58574,250.0,114.0,152.0,138.0
58575,278.0,245.0,163.0,152.0
58576,268.0,125.0,150.0,156.0
58577,267.0,183.0,130.0,136.0
58578,250.0,223.0,147.0,150.0
58579,257.0,248.0,140.0,152.0
58580,254.0,113.0,156.0,154.0
58581,243.0,129.0,127.0,142.0
58582,247.0,91.0,146.0,134.0
58583,264.0,132.0,136.0,151.0
58584,242.0,208.0,130.0,142.0
58585,257.0,223.0,143.0,154.0
58586,254.0,95.0,136.0,130.0
58587,265.0,76.0,139.0,142.0
58588,248.0,144.0,135.0,144.0
58589,256.0,97.0,142.0,144.0
58590,208.0,119.0,117.0,112.0
58591,249.0,202.0,142.0,143.0
58592,256.0,144.0,149.0,138.0
58593,267.0,227.0,160.0,156.0
58594,273.0,233.0,147.0,171.0
58595,272.0,259.0,153.0,150.0
58596,249.0,247.0,149.0,144.0
58597,252.0,90.0,145.0,144.0
58598,263.0,127.0,139.0,139.0
58599,246.0,111.0,135.0,139.0
58600,250.0,88.0,150.0,142.0
58601,247.0,132.0,138.0,128.0
58602,253.0,116.0,150.0,141.0
58603,265.0,88.0,137.0,148.0
58604,255.0,114.0,136.0,141.0
58605,251.0,154.0,147.0,148.0
58606,249.0,106.0,128.0,136.0
58607,231.0,80.0,136.0,126.0
58608,242.0,108.0,122.0,146.0
58609,249.0,85.0,138.0,131.0
58610,250.0,146.0,138.0,138.0
58611,250.0,118.0,140.0,151.0
58612,265.0,103.0,147.0,150.0
58613,257.0,91.0,136.0,139.0
58614,258.0,214.0,127.0,157.0
58615,248.0,114.0,138.0,138.0
58616,268.0,116.0,155.0,167.0
58617,242.0,98.0,147.0,139.0
58618,232.0,197.0,118.0,115.0
58619,227.0,200.0,128.0,127.0
58620,229.0,183.0,120.0,133.0
58621,250.0,144.0,129.0,142.0
58622,249.0,97.0,148.0,143.0
58623,270.0,143.0,144.0,160.0
58624,244.0,165.0,135.0,143.0
58625,256.0,215.0,143.0,132.0
58626,250.0,214.0,156.0,141.0
58627,262.0,91.0,149.0,160.0
58628,269.0,161.0,160.0,152.0
58629,262.0,222.0,160.0,160.0
58630,256.0,222.0,140.0,143.0
58631,251.0,123.0,121.0,142.0
58632,228.0,108.0,123.0,131.0
58633,241.0,93.0,130.0,126.0
58634,264.0,232.0,154.0,152.0
58635,252.0,94.0,136.0,135.0
58636,244.0,124.0,135.0,143.0
58637,255.0,110.0,136.0,147.0
58638,252.0,213.0,140.0,147.0
58639,232.0,116.0,118.0,134.0
58640,275.0,72.0,154.0,151.0
58641,243.0,96.0,138.0,126.0
58642,210.0,143.0,130.0,118.0
58643,230.0,99.0,133.0,145.0
58644,261.0,101.0,144.0,136.0
58645,246.0,219.0,138.0,139.0
58646,254.0,90.0,147.0,150.0
58647,258.0,144.0,147.0,148.0
58648,222.0,73.0,130.0,117.0
58649,268.0,242.0,141.0,154.0
58650,263.0,109.0,148.0,155.0
58651,220.0,115.0,126.0,136.0
58652,248.0,116.0,137.0,139.0
58653,256.0,116.0,152.0,141.0
58654,236.0,94.0,132.0,127.0
58655,247.0,106.0,140.0,121.0
58656,241.0,160.0,127.0,145.0
58657,238.0,209.0,115.0,136.0
58658,234.0,86.0,137.0,137.0
58659,267.0,139.0,150.0,143.0
58660,262.0,243.0,154.0,152.0
58661,237.0,89.0,131.0,132.0
58662,259.0,118.0,134.0,151.0
58663,255.0,103.0,130.0,133.0
58664,236.0,214.0,144.0,139.0
58665,252.0,154.0,156.0,134.0
58666,266.0,133.0,157.0,131.0
58667,243.0,92.0,142.0,130.0
58668,261.0,87.0,161.0,138.0
58669,249.0,147.0,132.0,138.0
58670,256.0,239.0,157.0,147.0
58671,230.0,79.0,132.0,135.0
58672,244.0,105.0,117.0,148.0
58673,236.0,107.0,138.0,134.0
58674,278.0,155.0,151.0,156.0
58675,223.0,187.0,119.0,132.0
58676,247.0,242.0,145.0,143.0
58677,258.0,208.0,144.0,140.0
58678,252.0,176.0,147.0,150.0
58679,254.0,152.0,130.0,148.0
58680,250.0,83.0,147.0,126.0
58681,251.0,112.0,147.0,140.0
58682,243.0,107.0,140.0,122.0
58683,254.0,101.0,127.0,134.0
58684,254.0,219.0,153.0,128.0
58685,248.0,143.0,137.0,139.0
58686,255.0,220.0,155.0,156.0
58687,256.0,157.0,144.0,159.0
58688,249.0,146.0,127.0,131.0
58689,239.0,87.0,143.0,129.0
58690,238.0,109.0,125.0,135.0
58691,257.0,238.0,167.0,146.0
58692,237.0,95.0,131.0,137.0
58693,229.0,116.0,144.0,116.0
58694,262.0,222.0,148.0,146.0
58695,254.0,125.0,134.0,141.0
58696,236.0,84.0,116.0,126.0
58697,234.0,73.0,137.0,135.0
58698,227.0,192.0,121.0,138.0
58699,267.0,147.0,144.0,155.0
58700,257.0,101.0,142.0,144.0
58701,259.0,249.0,154.0,156.0
58702,280.0,218.0,159.0,155.0
58703,253.0,83.0,148.0,128.0
58704,236.0,93.0,133.0,120.0
58705,267.0,157.0,148.0,145.0
58706,230.0,87.0,136.0,127.0
58707,278.0,128.0,150.0,158.0
58708,227.0,186.0,141.0,144.0
58709,266.0,150.0,151.0,150.0
58710,253.0,100.0,133.0,139.0
58711,241.0,120.0,141.0,148.0
58712,245.0,242.0,137.0,144.0
58713,265.0,105.0,153.0,132.0
58714,256.0,79.0,120.0,154.0
58715,244.0,239.0,134.0,143.0
58716,235.0,230.0,139.0,130.0
58717,240.0,192.0,128.0,143.0
58718,231.0,65.0,140.0,127.0
58719,242.0,115.0,129.0,125.0
58720,260.0,218.0,156.0,144.0
58721,266.0,222.0,153.0,134.0
58722,246.0,222.0,143.0,144.0
58723,272.0,245.0,147.0,141.0
58724,256.0,224.0,144.0,141.0
58725,266.0,123.0,138.0,158.0
58726,271.0,236.0,156.0,157.0
58727,270.0,116.0,171.0,155.0
58728,264.0,154.0,148.0,137.0
58729,262.0,101.0,164.0,164.0
58730,246.0,206.0,157.0,143.0
58731,279.0,139.0,148.0,156.0
58732,263.0,151.0,126.0,160.0
58733,244.0,104.0,137.0,126.0
58734,255.0,99.0,164.0,148.0
58735,254.0,113.0,139.0,154.0
58736,232.0,145.0,139.0,134.0
58737,257.0,147.0,130.0,134.0
58738,266.0,65.0,151.0,148.0
58739,264.0,263.0,146.0,134.0
58740,282.0,106.0,171.0,139.0
58741,257.0,130.0,148.0,142.0
58742,253.0,83.0,144.0,131.0
58743,260.0,117.0,146.0,133.0
58744,277.0,152.0,165.0,157.0
58745,254.0,90.0,129.0,141.0
58746,260.0,120.0,162.0,150.0
58747,255.0,224.0,139.0,143.0
58748,233.0,86.0,118.0,117.0
58749,261.0,122.0,152.0,145.0
58750,247.0,214.0,128.0,144.0
58751,251.0,173.0,133.0,137.0
58752,241.0,198.0,127.0,137.0
58753,243.0,118.0,122.0,134.0
58754,241.0,95.0,139.0,147.0
58755,225.0,210.0,124.0,130.0
58756,234.0,203.0,122.0,128.0
58757,247.0,124.0,130.0,147.0
58758,230.0,123.0,137.0,131.0
58759,250.0,134.0,143.0,151.0
58760,249.0,198.0,135.0,145.0
58761,247.0,200.0,148.0,136.0
58762,254.0,105.0,143.0,164.0
58763,243.0,92.0,129.0,134.0
58764,277.0,128.0,164.0,153.0
58765,281.0,117.0,161.0,174.0
58766,246.0,218.0,118.0,143.0
58767,249.0,134.0,136.0,134.0
58768,255.0,149.0,142.0,139.0
58769,252.0,150.0,123.0,141.0
58770,282.0,144.0,150.0,160.0
58771,249.0,205.0,131.0,157.0
58772,261.0,60.0,131.0,140.0
58773,255.0,116.0,136.0,152.0
58774,270.0,232.0,156.0,152.0
58775,235.0,180.0,131.0,135.0
58776,268.0,58.0,156.0,142.0
58777,240.0,201.0,130.0,131.0
58778,239.0,127.0,127.0,135.0
58779,232.0,213.0,143.0,122.0
58780,255.0,106.0,144.0,143.0
58781,235.0,79.0,137.0,115.0
58782,262.0,88.0,147.0,135.0
58783,255.0,130.0,136.0,139.0
58784,225.0,94.0,136.0,125.0
58785,267.0,101.0,151.0,137.0
58786,250.0,90.0,140.0,128.0
58787,216.0,180.0,125.0,127.0
58788,260.0,224.0,152.0,161.0
58789,269.0,109.0,151.0,149.0
58790,241.0,143.0,129.0,118.0
58791,265.0,208.0,156.0,140.0
58792,234.0,134.0,121.0,134.0
58793,256.0,162.0,156.0,146.0
58794,241.0,87.0,140.0,132.0
58795,265.0,139.0,140.0,139.0
58796,252.0,138.0,147.0,124.0
58797,234.0,93.0,131.0,131.0
58798,274.0,112.0,162.0,154.0
58799,238.0,127.0,132.0,147.0
58800,265.0,92.0,156.0,138.0
58801,259.0,76.0,143.0,161.0
58802,245.0,196.0,143.0,134.0
58803,249.0,116.0,130.0,131.0
58804,261.0,237.0,149.0,136.0
58805,259.0,217.0,142.0,141.0
58806,250.0,145.0,127.0,137.0
58807,257.0,115.0,146.0,148.0
58808,233.0,62.0,115.0,128.0
58809,242.0,91.0,144.0,147.0
58810,242.0,234.0,142.0,124.0
58811,265.0,101.0,148.0,157.0
58812,248.0,146.0,144.0,145.0
58813,235.0,115.0,121.0,144.0
58814,245.0,96.0,134.0,146.0
58815,246.0,195.0,133.0,139.0
58816,253.0,122.0,145.0,150.0
58817,223.0,98.0,136.0,134.0
58818,254.0,136.0,147.0,138.0
58819,253.0,90.0,136.0,146.0
58820,258.0,149.0,137.0,132.0
58821,256.0,152.0,157.0,129.0
58822,243.0,206.0,130.0,144.0
58823,233.0,91.0,134.0,139.0
58824,224.0,113.0,129.0,131.0
58825,245.0,125.0,134.0,125.0
58826,247.0,104.0,152.0,123.0
58827,226.0,100.0,138.0,143.0
58828,265.0,236.0,157.0,139.0
58829,233.0,206.0,133.0,119.0
58830,252.0,219.0,164.0,135.0
58831,271.0,108.0,144.0,143.0
58832,238.0,113.0,134.0,137.0
58833,224.0,94.0,117.0,117.0
58834,225.0,107.0,126.0,118.0
58835,257.0,73.0,142.0,143.0
58836,254.0,136.0,142.0,124.0
58837,244.0,117.0,121.0,138.0
58838,268.0,120.0,142.0,143.0
58839,246.0,217.0,138.0,137.0
58840,257.0,80.0,152.0,150.0
58841,237.0,82.0,141.0,120.0
58842,251.0,148.0,129.0,126.0
58843,257.0,91.0,139.0,130.0
58844,252.0,116.0,142.0,130.0
58845,259.0,78.0,140.0,158.0
58846,228.0,221.0,122.0,119.0
58847,247.0,105.0,137.0,140.0
58848,255.0,222.0,138.0,131.0
58849,252.0,62.0,138.0,139.0
58850,231.0,189.0,150.0,124.0
58851,250.0,238.0,138.0,129.0
58852,272.0,244.0,175.0,146.0
58853,257.0,91.0,138.0,146.0
58854,227.0,146.0,129.0,120.0
58855,236.0,230.0,137.0,133.0
58856,239.0,107.0,134.0,141.0
58857,261.0,230.0,141.0,142.0
58858,250.0,232.0,151.0,139.0
58859,219.0,107.0,137.0,113.0
58860,263.0,139.0,144.0,129.0
58861,255.0,104.0,146.0,141.0
58862,258.0,170.0,143.0,138.0
58863,260.0,99.0,145.0,143.0
58864,240.0,220.0,132.0,142.0
58865,241.0,107.0,124.0,133.0
58866,231.0,147.0,130.0,122.0
58867,273.0,104.0,142.0,153.0
58868,282.0,113.0,167.0,144.0
58869,224.0,128.0,129.0,119.0
58870,255.0,228.0,130.0,140.0
58871,264.0,117.0,164.0,155.0
58872,270.0,139.0,159.0,164.0
58873,255.0,93.0,159.0,134.0
58874,243.0,99.0,127.0,125.0
58875,260.0,131.0,143.0,156.0
58876,245.0,205.0,133.0,129.0
58877,247.0,77.0,139.0,135.0
58878,268.0,104.0,155.0,165.0
58879,230.0,77.0,128.0,122.0
58880,229.0,100.0,128.0,136.0
58881,250.0,120.0,125.0,146.0
58882,257.0,227.0,156.0,130.0
58883,248.0,213.0,129.0,146.0
58884,251.0,175.0,145.0,145.0
58885,270.0,110.0,152.0,148.0
58886,257.0,198.0,127.0,151.0
58887,253.0,194.0,136.0,143.0
58888,261.0,94.0,139.0,152.0
58889,239.0,82.0,138.0,137.0
58890,239.0,70.0,127.0,125.0
58891,243.0,100.0,134.0,136.0
58892,242.0,102.0,123.0,135.0
58893,262.0,254.0,141.0,152.0
58894,254.0,159.0,143.0,148.0
58895,236.0,121.0,129.0,137.0
58896,254.0,81.0,143.0,142.0
58897,217.0,101.0,118.0,129.0
58898,220.0,85.0,111.0,122.0
58899,237.0,190.0,128.0,141.0
58900,238.0,196.0,119.0,134.0
58901,257.0,164.0,159.0,155.0
58902,247.0,120.0,126.0,144.0
58903,265.0,120.0,147.0,148.0
58904,245.0,214.0,138.0,149.0
58905,275.0,243.0,148.0,150.0
58906,247.0,82.0,138.0,149.0
58907,243.0,115.0,137.0,147.0
58908,276.0,272.0,177.0,159.0
58909,270.0,156.0,145.0,153.0
58910,223.0,123.0,122.0,122.0
58911,237.0,103.0,136.0,131.0
58912,263.0,148.0,142.0,144.0
58913,263.0,135.0,165.0,137.0
58914,256.0,114.0,151.0,147.0
58915,227.0,200.0,130.0,132.0
58916,245.0,100.0,130.0,154.0
58917,285.0,243.0,175.0,167.0
58918,256.0,135.0,140.0,145.0
58919,259.0,143.0,153.0,146.0
58920,251.0,128.0,134.0,151.0
58921,268.0,148.0,155.0,152.0
58922,254.0,222.0,152.0,159.0
58923,273.0,105.0,147.0,151.0
58924,249.0,76.0,133.0,141.0
58925,247.0,122.0,132.0,114.0
58926,253.0,91.0,128.0,131.0
58927,244.0,107.0,142.0,131.0
58928,254.0,199.0,147.0,158.0
58929,262.0,78.0,153.0,158.0
58930,241.0,88.0,124.0,137.0
58931,262.0,45.0,164.0,149.0
58932,244.0,133.0,127.0,141.0
58933,253.0,118.0,140.0,141.0
58934,249.0,119.0,136.0,147.0
58935,251.0,207.0,136.0,144.0
58936,270.0,99.0,158.0,153.0
58937,231.0,206.0,119.0,143.0
58938,252.0,76.0,141.0,144.0
58939,283.0,182.0,145.0,154.0
58940,246.0,121.0,144.0,136.0
58941,267.0,92.0,147.0,160.0
58942,263.0,176.0,170.0,138.0
58943,274.0,81.0,154.0,155.0
58944,261.0,230.0,147.0,140.0
58945,263.0,142.0,141.0,147.0
58946,235.0,106.0,137.0,136.0
58947,273.0,83.0,165.0,169.0
58948,243.0,209.0,148.0,139.0
58949,265.0,167.0,146.0,146.0
58950,248.0,233.0,138.0,130.0
58951,243.0,110.0,137.0,140.0
58952,246.0,71.0,150.0,124.0
58953,265.0,145.0,163.0,154.0
58954,265.0,116.0,150.0,150.0
58955,250.0,116.0,132.0,149.0
58956,266.0,79.0,141.0,140.0
58957,250.0,232.0,137.0,142.0
58958,233.0,150.0,135.0,124.0
58959,270.0,150.0,158.0,168.0
58960,273.0,85.0,148.0,151.0
58961,266.0,220.0,155.0,150.0
58962,237.0,130.0,137.0,151.0
58963,234.0,200.0,130.0,134.0
58964,250.0,113.0,136.0,128.0
58965,260.0,120.0,139.0,171.0
58966,274.0,133.0,135.0,156.0
58967,237.0,113.0,126.0,126.0
58968,253.0,81.0,133.0,143.0
58969,275.0,120.0,169.0,159.0
58970,258.0,225.0,141.0,141.0
58971,254.0,127.0,139.0,147.0
58972,231.0,163.0,133.0,138.0
58973,250.0,132.0,133.0,133.0
58974,248.0,163.0,136.0,139.0
58975,251.0,228.0,148.0,145.0
58976,239.0,207.0,136.0,132.0
58977,225.0,95.0,128.0,140.0
58978,266.0,106.0,147.0,157.0
58979,263.0,92.0,141.0,151.0
58980,269.0,90.0,152.0,139.0
58981,229.0,105.0,113.0,136.0
58982,260.0,260.0,153.0,139.0
58983,251.0,140.0,146.0,139.0
58984,256.0,122.0,134.0,144.0
58985,253.0,59.0,129.0,141.0
58986,244.0,127.0,135.0,137.0
58987,255.0,234.0,138.0,134.0
58988,268.0,263.0,147.0,141.0
58989,237.0,99.0,125.0,137.0
58990,276.0,120.0,161.0,153.0
58991,250.0,126.0,145.0,140.0
58992,257.0,215.0,137.0,148.0
58993,265.0,117.0,157.0,152.0
58994,289.0,100.0,163.0,166.0
58995,261.0,136.0,162.0,144.0
58996,252.0,236.0,155.0,134.0
58997,228.0,105.0,131.0,121.0
58998,255.0,141.0,134.0,139.0
58999,254.0,108.0,139.0,141.0
59000,222.0,97.0,130.0,126.0
59001,238.0,104.0,126.0,136.0
59002,252.0,109.0,138.0,154.0
59003,269.0,257.0,168.0,158.0
59004,269.0,95.0,164.0,161.0
59005,245.0,87.0,121.0,142.0
59006,247.0,104.0,139.0,135.0
59007,240.0,116.0,134.0,144.0
59008,253.0,226.0,135.0,136.0
59009,272.0,266.0,156.0,164.0
59010,246.0,206.0,132.0,130.0
59011,243.0,64.0,139.0,128.0
59012,271.0,77.0,152.0,155.0
59013,254.0,247.0,140.0,149.0
59014,245.0,115.0,129.0,139.0
59015,243.0,111.0,142.0,131.0
59016,245.0,119.0,130.0,141.0
59017,248.0,124.0,129.0,147.0
59018,257.0,136.0,152.0,163.0
59019,259.0,175.0,152.0,137.0
59020,240.0,102.0,135.0,133.0
59021,239.0,89.0,135.0,141.0
59022,269.0,117.0,139.0,157.0
59023,245.0,154.0,150.0,142.0
59024,251.0,111.0,136.0,149.0
59025,241.0,68.0,134.0,140.0
59026,264.0,108.0,145.0,135.0
59027,226.0,88.0,134.0,135.0
59028,274.0,143.0,160.0,138.0
59029,252.0,94.0,160.0,145.0
59030,223.0,77.0,129.0,126.0
59031,245.0,146.0,135.0,136.0
59032,246.0,94.0,127.0,137.0
59033,260.0,120.0,142.0,146.0
59034,228.0,118.0,122.0,129.0
59035,252.0,121.0,144.0,129.0
59036,263.0,130.0,153.0,145.0
59037,249.0,67.0,138.0,137.0
59038,259.0,132.0,148.0,134.0
59039,283.0,122.0,176.0,151.0
59040,263.0,129.0,151.0,137.0
59041,242.0,111.0,139.0,132.0
59042,262.0,145.0,160.0,126.0
59043,258.0,52.0,136.0,148.0
59044,274.0,112.0,165.0,167.0
59045,246.0,81.0,136.0,142.0
59046,245.0,241.0,140.0,125.0
59047,274.0,95.0,144.0,160.0
59048,249.0,117.0,133.0,147.0
59049,276.0,140.0,162.0,147.0
59050,243.0,187.0,144.0,134.0
59051,241.0,92.0,142.0,131.0
59052,258.0,129.0,149.0,140.0
59053,265.0,123.0,150.0,154.0
59054,254.0,70.0,134.0,148.0
59055,247.0,205.0,142.0,143.0
59056,256.0,119.0,133.0,141.0
59057,232.0,214.0,134.0,132.0
59058,262.0,92.0,157.0,145.0
59059,244.0,94.0,140.0,132.0
59060,264.0,260.0,168.0,138.0
59061,276.0,130.0,155.0,158.0
59062,218.0,106.0,131.0,132.0
59063,263.0,225.0,152.0,149.0
59064,240.0,206.0,146.0,134.0
59065,252.0,111.0,154.0,151.0
59066,255.0,158.0,144.0,128.0
59067,235.0,192.0,121.0,130.0
59068,230.0,145.0,133.0,114.0
59069,270.0,227.0,141.0,164.0
59070,250.0,88.0,130.0,135.0
59071,255.0,244.0,143.0,150.0
59072,243.0,208.0,133.0,136.0
59073,244.0,129.0,127.0,134.0
59074,254.0,249.0,146.0,147.0
59075,239.0,233.0,140.0,123.0
59076,275.0,218.0,146.0,152.0
59077,263.0,236.0,155.0,155.0
59078,269.0,242.0,153.0,144.0
59079,263.0,94.0,133.0,138.0
59080,250.0,216.0,141.0,133.0
59081,244.0,224.0,133.0,144.0
59082,256.0,76.0,158.0,139.0
59083,227.0,114.0,133.0,131.0
59084,236.0,156.0,143.0,124.0
59085,252.0,145.0,129.0,132.0
59086,269.0,228.0,141.0,143.0
59087,257.0,136.0,142.0,144.0
59088,258.0,126.0,157.0,148.0
59089,241.0,211.0,125.0,140.0
59090,235.0,167.0,129.0,134.0
59091,256.0,83.0,150.0,140.0
59092,239.0,233.0,128.0,141.0
59093,244.0,131.0,140.0,139.0
59094,266.0,241.0,144.0,155.0
59095,221.0,221.0,133.0,131.0
59096,244.0,212.0,134.0,152.0
59097,227.0,133.0,118.0,135.0
59098,240.0,225.0,133.0,135.0
59099,234.0,225.0,133.0,138.0
59100,252.0,126.0,129.0,153.0
59101,243.0,115.0,148.0,133.0
59102,244.0,227.0,145.0,138.0
59103,253.0,243.0,147.0,139.0
59104,245.0,68.0,138.0,140.0
59105,246.0,110.0,128.0,139.0
59106,212.0,182.0,113.0,115.0
59107,255.0,214.0,143.0,145.0
59108,255.0,63.0,125.0,144.0
59109,237.0,85.0,126.0,127.0
59110,239.0,203.0,138.0,132.0
59111,245.0,101.0,134.0,122.0
59112,261.0,85.0,162.0,142.0
59113,227.0,115.0,120.0,117.0
59114,264.0,133.0,156.0,143.0
59115,275.0,82.0,161.0,160.0
59116,251.0,97.0,140.0,139.0
59117,268.0,116.0,145.0,154.0
59118,263.0,114.0,151.0,147.0
59119,235.0,120.0,128.0,149.0
59120,279.0,76.0,165.0,146.0
59121,254.0,161.0,144.0,128.0
59122,260.0,114.0,146.0,141.0
59123,239.0,144.0,139.0,120.0
59124,250.0,241.0,140.0,131.0
59125,276.0,112.0,157.0,161.0
59126,274.0,250.0,141.0,144.0
59127,215.0,96.0,119.0,119.0
59128,247.0,110.0,130.0,139.0
59129,221.0,94.0,123.0,134.0
59130,233.0,89.0,136.0,134.0
59131,261.0,222.0,153.0,148.0
59132,244.0,217.0,142.0,132.0
59133,251.0,75.0,159.0,139.0
59134,291.0,135.0,160.0,156.0
59135,243.0,73.0,141.0,145.0
59136,274.0,117.0,145.0,167.0
59137,290.0,109.0,163.0,155.0
59138,242.0,108.0,141.0,138.0
59139,250.0,100.0,144.0,129.0
59140,274.0,115.0,151.0,157.0
59141,251.0,230.0,141.0,141.0
59142,252.0,139.0,141.0,150.0
59143,259.0,230.0,149.0,153.0
59144,217.0,68.0,123.0,122.0
59145,252.0,227.0,128.0,147.0
59146,259.0,257.0,144.0,150.0
59147,238.0,94.0,140.0,129.0
59148,226.0,112.0,118.0,117.0
59149,250.0,216.0,151.0,138.0
59150,269.0,100.0,162.0,161.0
59151,255.0,116.0,136.0,152.0
59152,265.0,133.0,153.0,156.0
59153,264.0,119.0,158.0,146.0
59154,237.0,104.0,143.0,140.0
59155,269.0,91.0,138.0,142.0
59156,260.0,143.0,139.0,143.0
59157,236.0,112.0,137.0,145.0
59158,273.0,149.0,145.0,156.0
59159,262.0,86.0,146.0,157.0
59160,238.0,84.0,138.0,145.0
59161,277.0,240.0,148.0,150.0
59162,250.0,225.0,146.0,145.0
59163,235.0,129.0,136.0,114.0
59164,241.0,174.0,145.0,122.0
59165,258.0,77.0,160.0,148.0
59166,227.0,100.0,146.0,130.0
59167,232.0,81.0,135.0,137.0
59168,245.0,65.0,135.0,136.0
59169,258.0,250.0,138.0,144.0
59170,276.0,149.0,149.0,157.0
59171,294.0,130.0,169.0,176.0
59172,237.0,117.0,137.0,123.0
59173,259.0,140.0,132.0,149.0
59174,245.0,74.0,142.0,130.0
59175,271.0,108.0,142.0,141.0
59176,253.0,233.0,136.0,145.0
59177,239.0,134.0,145.0,143.0
59178,250.0,244.0,160.0,139.0
59179,266.0,114.0,144.0,163.0
59180,241.0,90.0,139.0,119.0
59181,239.0,71.0,128.0,121.0
59182,240.0,75.0,148.0,137.0
59183,247.0,60.0,133.0,147.0
59184,243.0,127.0,144.0,129.0
59185,235.0,162.0,121.0,122.0
59186,262.0,168.0,157.0,140.0
59187,247.0,54.0,141.0,146.0
59188,244.0,123.0,137.0,139.0
59189,231.0,104.0,125.0,140.0
59190,245.0,131.0,132.0,129.0
59191,290.0,81.0,177.0,168.0
59192,279.0,117.0,153.0,157.0
59193,246.0,213.0,139.0,132.0
59194,263.0,54.0,149.0,147.0
59195,254.0,119.0,133.0,165.0
59196,248.0,131.0,135.0,142.0
59197,262.0,223.0,152.0,150.0
59198,276.0,157.0,160.0,160.0
59199,248.0,239.0,139.0,132.0
59200,256.0,87.0,148.0,146.0
59201,249.0,113.0,144.0,143.0
59202,240.0,86.0,140.0,139.0
59203,261.0,257.0,153.0,150.0
59204,245.0,103.0,137.0,157.0
59205,235.0,101.0,130.0,128.0
59206,242.0,113.0,143.0,130.0
59207,250.0,109.0,135.0,133.0
59208,230.0,122.0,119.0,130.0
59209,262.0,226.0,140.0,155.0
59210,249.0,116.0,131.0,144.0
59211,262.0,122.0,150.0,138.0
59212,250.0,222.0,152.0,138.0
59213,258.0,231.0,151.0,151.0
59214,251.0,123.0,120.0,139.0
59215,254.0,124.0,137.0,145.0
59216,258.0,89.0,143.0,148.0
59217,260.0,165.0,157.0,150.0
59218,224.0,156.0,122.0,117.0
59219,232.0,48.0,131.0,127.0
59220,252.0,75.0,159.0,156.0
59221,249.0,214.0,148.0,126.0
59222,239.0,208.0,127.0,131.0
59223,253.0,209.0,132.0,140.0
59224,252.0,136.0,145.0,141.0
59225,238.0,152.0,124.0,150.0
59226,253.0,112.0,136.0,121.0
59227,264.0,139.0,142.0,140.0
59228,243.0,101.0,134.0,130.0
59229,270.0,129.0,154.0,156.0
59230,266.0,142.0,156.0,137.0
59231,260.0,95.0,158.0,141.0
59232,247.0,98.0,137.0,137.0
59233,247.0,118.0,141.0,134.0
59234,247.0,150.0,152.0,132.0
59235,235.0,90.0,134.0,124.0
59236,248.0,101.0,132.0,144.0
59237,220.0,159.0,106.0,116.0
59238,249.0,65.0,132.0,140.0
59239,229.0,100.0,126.0,128.0
59240,256.0,226.0,151.0,152.0
59241,254.0,102.0,146.0,148.0
59242,265.0,126.0,150.0,151.0
59243,258.0,79.0,139.0,150.0
59244,271.0,124.0,155.0,153.0
59245,251.0,123.0,159.0,129.0
59246,252.0,209.0,151.0,134.0
59247,257.0,110.0,146.0,143.0
59248,249.0,87.0,134.0,138.0
59249,245.0,77.0,130.0,146.0
59250,252.0,121.0,130.0,142.0
59251,262.0,258.0,148.0,160.0
59252,268.0,141.0,163.0,134.0
59253,238.0,89.0,136.0,134.0
59254,271.0,143.0,159.0,156.0
59255,236.0,107.0,125.0,132.0
59256,247.0,201.0,155.0,145.0
59257,242.0,86.0,143.0,139.0
59258,262.0,127.0,150.0,149.0
59259,237.0,136.0,126.0,139.0
59260,245.0,121.0,163.0,122.0
59261,213.0,113.0,131.0,118.0
59262,220.0,192.0,131.0,123.0
59263,240.0,97.0,140.0,133.0
59264,264.0,87.0,141.0,160.0
59265,250.0,242.0,155.0,133.0
59266,268.0,120.0,136.0,145.0
59267,279.0,122.0,156.0,155.0
59268,246.0,155.0,135.0,138.0
59269,263.0,225.0,137.0,141.0
59270,267.0,118.0,143.0,163.0
59271,256.0,134.0,137.0,147.0
59272,269.0,117.0,153.0,149.0
59273,262.0,223.0,139.0,132.0
59274,247.0,106.0,149.0,137.0
59275,270.0,124.0,150.0,147.0
59276,274.0,142.0,158.0,157.0
59277,262.0,118.0,143.0,158.0
59278,211.0,98.0,105.0,132.0
59279,259.0,247.0,152.0,154.0
59280,267.0,100.0,153.0,139.0
59281,257.0,122.0,133.0,152.0
59282,263.0,123.0,144.0,148.0
59283,227.0,123.0,131.0,121.0
59284,231.0,62.0,124.0,123.0
59285,256.0,94.0,140.0,125.0
59286,259.0,111.0,138.0,150.0
59287,253.0,94.0,134.0,141.0
59288,234.0,200.0,126.0,133.0
59289,244.0,206.0,143.0,145.0
59290,256.0,127.0,143.0,149.0
59291,233.0,223.0,133.0,124.0
59292,258.0,156.0,138.0,147.0
59293,282.0,244.0,156.0,161.0
59294,243.0,118.0,136.0,132.0
59295,243.0,220.0,133.0,136.0
59296,226.0,94.0,118.0,121.0
59297,255.0,109.0,126.0,140.0
59298,239.0,135.0,136.0,141.0
59299,255.0,255.0,156.0,149.0
59300,222.0,106.0,125.0,110.0
59301,266.0,101.0,149.0,149.0
59302,234.0,93.0,129.0,139.0
59303,238.0,109.0,138.0,125.0
59304,257.0,210.0,154.0,144.0
59305,221.0,115.0,140.0,126.0
59306,252.0,103.0,139.0,136.0
59307,238.0,90.0,137.0,136.0
59308,238.0,111.0,123.0,133.0
59309,236.0,220.0,122.0,129.0
59310,260.0,76.0,141.0,147.0
59311,258.0,130.0,135.0,152.0
59312,273.0,254.0,154.0,160.0
59313,235.0,107.0,130.0,117.0
59314,259.0,99.0,145.0,140.0
59315,239.0,135.0,140.0,129.0
59316,235.0,104.0,129.0,137.0
59317,263.0,219.0,158.0,143.0
59318,231.0,202.0,133.0,125.0
59319,261.0,232.0,145.0,145.0
59320,263.0,138.0,153.0,158.0
59321,257.0,103.0,141.0,147.0
59322,248.0,57.0,140.0,145.0
59323,265.0,138.0,145.0,157.0
59324,241.0,111.0,127.0,142.0
59325,227.0,102.0,132.0,123.0
59326,246.0,92.0,129.0,145.0
59327,231.0,147.0,142.0,141.0
59328,240.0,102.0,140.0,122.0
59329,241.0,69.0,137.0,145.0
59330,251.0,109.0,165.0,140.0
59331,241.0,237.0,126.0,135.0
59332,264.0,219.0,159.0,159.0
59333,240.0,78.0,121.0,141.0
59334,236.0,77.0,141.0,141.0
59335,255.0,94.0,141.0,135.0
59336,241.0,225.0,117.0,146.0
59337,244.0,61.0,118.0,144.0
59338,235.0,199.0,126.0,134.0
59339,256.0,145.0,149.0,143.0
59340,271.0,103.0,148.0,156.0
59341,208.0,116.0,118.0,114.0
59342,269.0,122.0,164.0,144.0
59343,247.0,240.0,145.0,131.0
59344,252.0,123.0,135.0,129.0
59345,259.0,227.0,153.0,139.0
59346,231.0,100.0,122.0,129.0
59347,251.0,92.0,139.0,144.0
59348,260.0,109.0,138.0,125.0
59349,283.0,250.0,158.0,165.0
59350,233.0,75.0,152.0,124.0
59351,232.0,101.0,132.0,119.0
59352,264.0,133.0,151.0,142.0
59353,251.0,101.0,141.0,143.0
59354,240.0,82.0,131.0,139.0
59355,252.0,120.0,142.0,136.0
59356,255.0,216.0,138.0,142.0
59357,230.0,181.0,134.0,136.0
59358,233.0,68.0,139.0,110.0
59359,255.0,222.0,149.0,150.0
59360,239.0,91.0,139.0,128.0
59361,266.0,53.0,156.0,163.0
59362,254.0,132.0,139.0,150.0
59363,246.0,135.0,127.0,145.0
59364,253.0,76.0,135.0,150.0
59365,257.0,55.0,147.0,142.0
59366,234.0,148.0,144.0,131.0
59367,252.0,64.0,136.0,131.0
59368,271.0,108.0,149.0,136.0
59369,262.0,120.0,161.0,152.0
59370,252.0,140.0,150.0,152.0
59371,276.0,238.0,157.0,162.0
59372,242.0,211.0,132.0,124.0
59373,244.0,91.0,140.0,132.0
59374,263.0,147.0,173.0,143.0
59375,248.0,110.0,146.0,143.0
59376,245.0,215.0,127.0,135.0
59377,249.0,207.0,139.0,136.0
59378,254.0,95.0,141.0,145.0
59379,255.0,105.0,143.0,152.0
59380,250.0,154.0,128.0,137.0
59381,275.0,156.0,149.0,164.0
59382,273.0,114.0,160.0,148.0
59383,239.0,190.0,119.0,123.0
59384,260.0,102.0,144.0,145.0
59385,247.0,102.0,144.0,150.0
59386,274.0,98.0,157.0,150.0
59387,279.0,129.0,148.0,154.0
59388,221.0,152.0,117.0,114.0
59389,260.0,71.0,152.0,134.0
59390,261.0,145.0,132.0,140.0
59391,265.0,63.0,144.0,149.0
59392,249.0,104.0,144.0,141.0
59393,230.0,87.0,134.0,134.0
59394,261.0,122.0,150.0,146.0
59395,250.0,166.0,135.0,146.0
59396,249.0,73.0,139.0,142.0
59397,254.0,140.0,129.0,145.0
59398,230.0,218.0,132.0,124.0
59399,239.0,209.0,133.0,148.0
59400,226.0,87.0,125.0,139.0
59401,250.0,220.0,135.0,140.0
59402,248.0,207.0,128.0,148.0
59403,226.0,96.0,128.0,118.0
59404,267.0,120.0,150.0,151.0
59405,248.0,119.0,134.0,136.0
59406,255.0,210.0,130.0,146.0
59407,234.0,103.0,131.0,132.0
59408,256.0,212.0,147.0,143.0
59409,255.0,116.0,140.0,136.0
59410,263.0,165.0,148.0,147.0
59411,251.0,121.0,150.0,140.0
59412,265.0,98.0,139.0,149.0
59413,246.0,206.0,148.0,125.0
59414,266.0,98.0,156.0,145.0
59415,243.0,97.0,141.0,133.0
59416,257.0,109.0,149.0,141.0
59417,265.0,265.0,161.0,148.0
59418,251.0,205.0,147.0,133.0
59419,254.0,152.0,149.0,127.0
59420,258.0,124.0,151.0,144.0
59421,246.0,244.0,135.0,139.0
59422,259.0,107.0,154.0,153.0
59423,224.0,97.0,126.0,130.0
59424,215.0,109.0,122.0,129.0
59425,260.0,125.0,144.0,154.0
59426,260.0,80.0,148.0,150.0
59427,245.0,220.0,131.0,141.0
59428,259.0,113.0,146.0,132.0
59429,256.0,95.0,147.0,118.0
59430,272.0,113.0,162.0,146.0
59431,234.0,101.0,128.0,132.0
59432,253.0,73.0,154.0,146.0
59433,262.0,126.0,150.0,147.0
59434,235.0,218.0,132.0,129.0
59435,270.0,109.0,144.0,142.0
59436,245.0,201.0,151.0,150.0
59437,253.0,121.0,137.0,144.0
59438,266.0,263.0,131.0,152.0
59439,240.0,73.0,146.0,133.0
59440,250.0,133.0,146.0,138.0
59441,242.0,124.0,151.0,133.0
59442,241.0,99.0,132.0,139.0
59443,236.0,205.0,130.0,119.0
59444,272.0,58.0,153.0,148.0
59445,249.0,123.0,150.0,140.0
59446,262.0,91.0,159.0,128.0
59447,256.0,102.0,145.0,139.0
59448,240.0,195.0,141.0,139.0
59449,249.0,137.0,133.0,135.0
59450,218.0,78.0,128.0,135.0
59451,237.0,68.0,148.0,130.0
59452,227.0,105.0,133.0,126.0
59453,261.0,240.0,157.0,143.0
59454,237.0,74.0,139.0,141.0
59455,255.0,56.0,137.0,146.0
59456,259.0,119.0,145.0,140.0
59457,248.0,87.0,116.0,140.0
59458,244.0,131.0,147.0,132.0
59459,259.0,111.0,128.0,141.0
59460,268.0,103.0,141.0,170.0
59461,256.0,202.0,138.0,143.0
59462,241.0,147.0,132.0,134.0
59463,246.0,105.0,138.0,148.0
59464,273.0,107.0,157.0,153.0
59465,260.0,86.0,141.0,142.0
59466,271.0,86.0,142.0,162.0
59467,265.0,252.0,150.0,144.0
59468,232.0,117.0,142.0,138.0
59469,239.0,129.0,140.0,134.0
59470,236.0,110.0,130.0,141.0
59471,240.0,126.0,125.0,128.0
59472,267.0,150.0,155.0,161.0
59473,231.0,228.0,124.0,123.0
59474,257.0,214.0,151.0,137.0
59475,269.0,90.0,142.0,156.0
59476,240.0,84.0,133.0,134.0
59477,265.0,261.0,157.0,152.0
59478,231.0,88.0,123.0,141.0
59479,250.0,173.0,150.0,152.0
59480,238.0,118.0,137.0,140.0
59481,265.0,124.0,140.0,166.0
59482,260.0,45.0,148.0,146.0
59483,250.0,224.0,136.0,143.0
59484,282.0,185.0,153.0,151.0
59485,228.0,71.0,131.0,123.0
59486,274.0,115.0,154.0,154.0
59487,261.0,129.0,144.0,153.0
59488,231.0,68.0,129.0,130.0
59489,266.0,237.0,148.0,162.0
59490,259.0,125.0,144.0,140.0
59491,252.0,120.0,140.0,147.0
59492,273.0,253.0,152.0,154.0
59493,243.0,119.0,140.0,138.0
59494,247.0,114.0,123.0,134.0
59495,266.0,233.0,149.0,151.0
59496,266.0,77.0,145.0,152.0
59497,229.0,123.0,145.0,118.0
59498,263.0,114.0,145.0,151.0
59499,273.0,157.0,161.0,141.0
59500,247.0,114.0,147.0,144.0
59501,264.0,109.0,156.0,154.0
59502,225.0,210.0,135.0,123.0
59503,257.0,228.0,147.0,137.0
59504,247.0,90.0,143.0,147.0
59505,258.0,84.0,142.0,151.0
59506,246.0,112.0,138.0,144.0
59507,237.0,122.0,135.0,140.0
59508,255.0,122.0,148.0,143.0
59509,240.0,152.0,144.0,134.0
59510,251.0,110.0,145.0,134.0
59511,242.0,92.0,143.0,125.0
59512,258.0,226.0,146.0,147.0
59513,258.0,116.0,140.0,137.0
59514,271.0,162.0,151.0,147.0
59515,269.0,128.0,156.0,140.0
59516,228.0,102.0,130.0,139.0
59517,256.0,161.0,144.0,144.0
59518,286.0,199.0,150.0,172.0
59519,280.0,270.0,163.0,153.0
59520,242.0,98.0,145.0,137.0
59521,255.0,68.0,146.0,135.0
59522,243.0,83.0,124.0,133.0
59523,257.0,217.0,163.0,136.0
59524,251.0,150.0,123.0,143.0
59525,273.0,107.0,136.0,163.0
59526,240.0,103.0,125.0,127.0
59527,254.0,92.0,149.0,147.0
59528,258.0,211.0,159.0,149.0
59529,228.0,138.0,131.0,128.0
59530,234.0,124.0,142.0,131.0
59531,263.0,83.0,127.0,142.0
59532,256.0,230.0,154.0,152.0
59533,244.0,238.0,132.0,136.0
59534,252.0,209.0,136.0,145.0
59535,280.0,134.0,171.0,169.0
59536,258.0,115.0,144.0,142.0
59537,245.0,235.0,145.0,139.0
59538,254.0,107.0,124.0,150.0
59539,256.0,255.0,150.0,146.0
59540,233.0,203.0,134.0,117.0
59541,232.0,202.0,127.0,127.0
59542,260.0,226.0,139.0,154.0
59543,264.0,97.0,154.0,158.0
59544,245.0,145.0,141.0,139.0
59545,235.0,128.0,135.0,132.0
59546,257.0,81.0,137.0,141.0
59547,247.0,175.0,139.0,141.0
59548,243.0,107.0,140.0,137.0
59549,256.0,118.0,150.0,141.0
59550,245.0,102.0,132.0,139.0
59551,260.0,132.0,150.0,141.0
59552,224.0,88.0,118.0,124.0
59553,268.0,150.0,159.0,155.0
59554,248.0,209.0,137.0,127.0
59555,246.0,222.0,124.0,146.0
59556,259.0,153.0,148.0,160.0
59557,230.0,195.0,130.0,136.0
59558,240.0,210.0,143.0,134.0
59559,226.0,80.0,120.0,116.0
59560,247.0,106.0,149.0,138.0
59561,243.0,212.0,139.0,131.0
59562,260.0,217.0,129.0,159.0
59563,228.0,101.0,136.0,126.0
59564,244.0,102.0,127.0,135.0
59565,242.0,242.0,138.0,134.0
59566,236.0,97.0,123.0,123.0
59567,257.0,105.0,148.0,135.0
59568,247.0,143.0,141.0,147.0
59569,234.0,114.0,130.0,140.0
59570,246.0,106.0,142.0,129.0
59571,250.0,182.0,142.0,150.0
59572,245.0,109.0,140.0,141.0
59573,264.0,116.0,145.0,146.0
59574,275.0,162.0,169.0,165.0
59575,246.0,93.0,146.0,153.0
59576,250.0,204.0,162.0,142.0
59577,243.0,235.0,140.0,130.0
59578,254.0,246.0,143.0,149.0
59579,239.0,81.0,151.0,131.0
59580,263.0,145.0,150.0,141.0
59581,259.0,154.0,141.0,149.0
59582,253.0,75.0,149.0,147.0
59583,256.0,119.0,147.0,139.0
59584,234.0,148.0,130.0,136.0
59585,272.0,123.0,155.0,152.0
59586,251.0,122.0,162.0,119.0
59587,270.0,127.0,142.0,151.0
59588,257.0,224.0,141.0,138.0
59589,248.0,144.0,145.0,138.0
59590,242.0,76.0,134.0,130.0
59591,244.0,198.0,136.0,147.0
59592,243.0,93.0,130.0,140.0
59593,260.0,112.0,152.0,146.0
59594,258.0,103.0,153.0,145.0
59595,229.0,193.0,139.0,127.0
59596,228.0,63.0,135.0,123.0
59597,236.0,129.0,148.0,129.0
59598,234.0,225.0,135.0,138.0
59599,264.0,99.0,153.0,155.0
59600,253.0,115.0,148.0,153.0
59601,237.0,118.0,134.0,133.0
59602,281.0,108.0,152.0,166.0
59603,234.0,98.0,136.0,132.0
59604,273.0,114.0,170.0,145.0
59605,245.0,231.0,128.0,144.0
59606,241.0,200.0,134.0,147.0
59607,241.0,134.0,141.0,131.0
59608,243.0,84.0,154.0,148.0
59609,226.0,74.0,121.0,136.0
59610,250.0,90.0,146.0,130.0
59611,264.0,147.0,137.0,154.0
59612,247.0,127.0,134.0,139.0
59613,249.0,218.0,133.0,140.0
59614,262.0,66.0,141.0,148.0
59615,239.0,43.0,147.0,135.0
59616,262.0,158.0,147.0,156.0
59617,257.0,229.0,134.0,141.0
59618,257.0,89.0,144.0,135.0
59619,258.0,106.0,144.0,131.0
59620,240.0,215.0,140.0,127.0
59621,259.0,127.0,138.0,149.0
59622,263.0,127.0,164.0,143.0
59623,238.0,203.0,130.0,132.0
59624,238.0,123.0,146.0,142.0
59625,245.0,55.0,143.0,133.0
59626,249.0,84.0,160.0,133.0
59627,207.0,187.0,106.0,123.0
59628,272.0,132.0,157.0,147.0
59629,273.0,239.0,153.0,149.0
59630,256.0,128.0,135.0,140.0
59631,259.0,123.0,147.0,131.0
59632,262.0,148.0,140.0,150.0
59633,254.0,75.0,136.0,136.0
59634,242.0,211.0,142.0,139.0
59635,265.0,183.0,161.0,134.0
59636,227.0,191.0,133.0,110.0
59637,264.0,93.0,157.0,137.0
59638,257.0,115.0,153.0,139.0
59639,254.0,123.0,142.0,126.0
59640,264.0,119.0,138.0,145.0
59641,245.0,223.0,145.0,142.0
59642,251.0,108.0,149.0,135.0
59643,250.0,154.0,137.0,149.0
59644,251.0,76.0,136.0,131.0
59645,236.0,217.0,141.0,136.0
59646,257.0,227.0,145.0,143.0
59647,260.0,108.0,146.0,140.0
59648,256.0,125.0,126.0,149.0
59649,230.0,136.0,136.0,138.0
59650,238.0,88.0,126.0,135.0
59651,243.0,108.0,131.0,138.0
59652,245.0,210.0,133.0,134.0
59653,270.0,147.0,136.0,155.0
59654,255.0,222.0,150.0,155.0
59655,239.0,79.0,129.0,135.0
59656,257.0,216.0,132.0,138.0
59657,255.0,118.0,129.0,134.0
59658,249.0,73.0,135.0,137.0
59659,262.0,238.0,157.0,141.0
59660,251.0,144.0,140.0,144.0
59661,230.0,116.0,130.0,131.0
59662,227.0,111.0,119.0,124.0
59663,262.0,119.0,136.0,138.0
59664,249.0,136.0,134.0,138.0
59665,245.0,116.0,134.0,145.0
59666,242.0,206.0,118.0,137.0
59667,232.0,85.0,124.0,127.0
59668,256.0,190.0,156.0,140.0
59669,232.0,91.0,126.0,122.0
59670,256.0,140.0,136.0,162.0
59671,239.0,159.0,129.0,127.0
59672,255.0,71.0,145.0,133.0
59673,238.0,85.0,139.0,138.0
59674,238.0,111.0,142.0,128.0
59675,243.0,120.0,129.0,135.0
59676,255.0,97.0,147.0,152.0
59677,219.0,89.0,133.0,123.0
59678,231.0,131.0,136.0,140.0
59679,253.0,233.0,138.0,157.0
59680,246.0,155.0,142.0,145.0
59681,215.0,106.0,109.0,129.0
59682,245.0,206.0,133.0,138.0
59683,239.0,124.0,129.0,132.0
59684,250.0,95.0,139.0,129.0
59685,263.0,246.0,162.0,142.0
59686,244.0,204.0,150.0,149.0
59687,263.0,84.0,135.0,166.0
59688,251.0,126.0,136.0,135.0
59689,236.0,234.0,143.0,134.0
59690,236.0,101.0,130.0,121.0
59691,243.0,124.0,140.0,148.0
59692,233.0,205.0,132.0,138.0
59693,258.0,174.0,137.0,149.0
59694,240.0,233.0,147.0,142.0
59695,241.0,124.0,132.0,143.0
59696,254.0,253.0,138.0,150.0
59697,279.0,247.0,159.0,151.0
59698,248.0,136.0,140.0,145.0
59699,253.0,98.0,130.0,152.0
59700,248.0,119.0,149.0,140.0
59701,276.0,236.0,155.0,167.0
59702,260.0,103.0,131.0,145.0
59703,258.0,126.0,156.0,159.0
59704,249.0,238.0,141.0,135.0
59705,250.0,91.0,140.0,132.0
59706,237.0,164.0,130.0,141.0
59707,242.0,131.0,146.0,142.0
59708,282.0,114.0,165.0,170.0
59709,266.0,227.0,142.0,156.0
59710,245.0,86.0,141.0,144.0
59711,233.0,124.0,131.0,136.0
59712,260.0,197.0,166.0,139.0
59713,238.0,108.0,135.0,136.0
59714,265.0,154.0,138.0,154.0
59715,264.0,139.0,141.0,134.0
59716,248.0,89.0,150.0,143.0
59717,264.0,212.0,154.0,161.0
59718,244.0,126.0,133.0,125.0
59719,264.0,177.0,155.0,137.0
59720,238.0,103.0,127.0,134.0
59721,271.0,244.0,161.0,152.0
59722,242.0,210.0,132.0,141.0
59723,237.0,106.0,126.0,138.0
59724,249.0,217.0,149.0,144.0
59725,272.0,104.0,147.0,166.0
59726,240.0,118.0,126.0,155.0
59727,251.0,198.0,129.0,141.0
59728,271.0,241.0,142.0,148.0
59729,251.0,102.0,146.0,127.0
59730,244.0,167.0,138.0,134.0
59731,245.0,81.0,149.0,150.0
59732,266.0,112.0,152.0,137.0
59733,265.0,125.0,140.0,145.0
59734,234.0,123.0,135.0,129.0
59735,245.0,243.0,153.0,134.0
59736,243.0,138.0,127.0,149.0
59737,267.0,119.0,159.0,163.0
59738,243.0,141.0,139.0,134.0
59739,251.0,86.0,130.0,140.0
59740,256.0,65.0,146.0,145.0
59741,231.0,217.0,132.0,135.0
59742,233.0,84.0,138.0,126.0
59743,231.0,227.0,128.0,127.0
59744,242.0,75.0,142.0,139.0
59745,264.0,135.0,158.0,139.0
59746,272.0,66.0,166.0,159.0
59747,244.0,83.0,131.0,154.0
59748,245.0,69.0,140.0,148.0
59749,262.0,179.0,136.0,131.0
59750,235.0,105.0,141.0,128.0
59751,243.0,90.0,129.0,138.0
59752,248.0,153.0,138.0,137.0
59753,263.0,91.0,151.0,133.0
59754,262.0,215.0,126.0,148.0
59755,280.0,104.0,151.0,158.0
59756,255.0,101.0,138.0,146.0
59757,243.0,216.0,130.0,121.0
59758,276.0,138.0,163.0,158.0
59759,232.0,71.0,130.0,142.0
59760,246.0,62.0,150.0,148.0
59761,254.0,120.0,165.0,141.0
59762,254.0,99.0,152.0,129.0
59763,231.0,137.0,118.0,131.0
59764,232.0,107.0,125.0,127.0
59765,262.0,134.0,139.0,155.0
59766,254.0,113.0,153.0,131.0
59767,238.0,95.0,140.0,139.0
59768,246.0,95.0,130.0,130.0
59769,258.0,229.0,143.0,146.0
59770,229.0,192.0,131.0,131.0
59771,266.0,123.0,142.0,149.0
59772,259.0,219.0,150.0,151.0
59773,238.0,209.0,148.0,146.0
59774,238.0,79.0,142.0,122.0
59775,255.0,82.0,147.0,144.0
59776,244.0,100.0,128.0,152.0
59777,253.0,130.0,128.0,144.0
59778,262.0,193.0,132.0,150.0
59779,243.0,113.0,132.0,146.0
59780,258.0,208.0,144.0,154.0
59781,259.0,233.0,136.0,145.0
59782,228.0,154.0,126.0,135.0
59783,284.0,117.0,146.0,155.0
59784,249.0,126.0,145.0,139.0
59785,243.0,103.0,141.0,130.0
59786,242.0,116.0,144.0,127.0
59787,235.0,229.0,141.0,130.0
59788,250.0,134.0,145.0,121.0
59789,254.0,83.0,141.0,139.0
59790,252.0,178.0,143.0,139.0
59791,264.0,110.0,137.0,156.0
59792,276.0,230.0,142.0,164.0
59793,255.0,165.0,147.0,140.0
59794,225.0,192.0,125.0,130.0
59795,230.0,171.0,129.0,121.0
59796,252.0,124.0,155.0,152.0
59797,272.0,73.0,137.0,158.0
59798,219.0,120.0,124.0,126.0
59799,231.0,91.0,132.0,137.0
59800,263.0,227.0,156.0,138.0
59801,236.0,103.0,132.0,141.0
59802,240.0,81.0,139.0,133.0
59803,220.0,99.0,112.0,117.0
59804,247.0,100.0,124.0,139.0
59805,264.0,235.0,146.0,142.0
59806,235.0,192.0,127.0,145.0
59807,257.0,143.0,129.0,143.0
59808,249.0,99.0,125.0,142.0
59809,238.0,212.0,131.0,137.0
59810,250.0,176.0,128.0,141.0
59811,242.0,83.0,139.0,128.0
59812,261.0,93.0,152.0,150.0
59813,228.0,103.0,124.0,122.0
59814,266.0,224.0,156.0,145.0
59815,284.0,133.0,146.0,173.0
59816,267.0,90.0,158.0,156.0
59817,277.0,111.0,139.0,147.0
59818,236.0,204.0,124.0,131.0
59819,254.0,63.0,137.0,148.0
59820,253.0,122.0,143.0,140.0
59821,231.0,160.0,134.0,127.0
59822,250.0,216.0,138.0,150.0
59823,253.0,69.0,150.0,134.0
59824,250.0,100.0,154.0,150.0
59825,249.0,148.0,143.0,137.0
59826,254.0,247.0,144.0,125.0
59827,248.0,118.0,140.0,141.0
59828,244.0,198.0,122.0,140.0
59829,261.0,94.0,136.0,135.0
59830,237.0,199.0,137.0,145.0
59831,243.0,153.0,137.0,143.0
59832,261.0,136.0,146.0,134.0
59833,241.0,94.0,133.0,131.0
59834,238.0,105.0,136.0,128.0
59835,244.0,203.0,148.0,141.0
59836,237.0,93.0,145.0,132.0
59837,271.0,101.0,156.0,152.0
59838,227.0,69.0,117.0,131.0
59839,254.0,96.0,149.0,148.0
59840,242.0,119.0,142.0,129.0
59841,269.0,93.0,153.0,156.0
59842,243.0,131.0,128.0,146.0
59843,235.0,170.0,134.0,145.0
59844,257.0,90.0,158.0,143.0
59845,247.0,231.0,128.0,134.0
59846,237.0,227.0,126.0,137.0
59847,258.0,229.0,141.0,139.0
59848,245.0,101.0,138.0,140.0
59849,262.0,193.0,133.0,164.0
59850,240.0,158.0,115.0,147.0
59851,241.0,125.0,136.0,140.0
59852,244.0,97.0,136.0,139.0
59853,247.0,158.0,133.0,134.0
59854,237.0,120.0,136.0,127.0
59855,229.0,97.0,117.0,115.0
59856,245.0,213.0,135.0,144.0
59857,244.0,212.0,133.0,132.0
59858,253.0,252.0,135.0,144.0
59859,243.0,131.0,134.0,143.0
59860,236.0,122.0,124.0,128.0
59861,230.0,111.0,147.0,125.0
59862,246.0,201.0,128.0,147.0
59863,263.0,106.0,142.0,144.0
59864,253.0,134.0,153.0,134.0
59865,259.0,140.0,139.0,146.0
59866,246.0,228.0,113.0,136.0
59867,261.0,239.0,134.0,147.0
59868,234.0,112.0,136.0,131.0
59869,243.0,88.0,146.0,128.0
59870,255.0,133.0,142.0,131.0
59871,223.0,82.0,115.0,130.0
59872,266.0,104.0,136.0,142.0
59873,255.0,83.0,143.0,149.0
59874,255.0,142.0,143.0,145.0
59875,240.0,75.0,139.0,146.0
59876,234.0,104.0,134.0,139.0
59877,243.0,127.0,133.0,140.0
59878,255.0,136.0,142.0,145.0
59879,240.0,91.0,142.0,132.0
59880,254.0,132.0,147.0,149.0
59881,255.0,173.0,141.0,147.0
59882,262.0,132.0,144.0,154.0
59883,271.0,85.0,154.0,140.0
59884,240.0,108.0,150.0,134.0
59885,250.0,169.0,133.0,131.0
59886,251.0,91.0,147.0,140.0
59887,228.0,116.0,129.0,128.0
59888,233.0,186.0,135.0,119.0
59889,258.0,227.0,134.0,156.0
59890,249.0,92.0,138.0,124.0
59891,264.0,240.0,140.0,156.0
59892,256.0,139.0,140.0,140.0
59893,243.0,88.0,121.0,144.0
59894,258.0,107.0,159.0,145.0
59895,250.0,79.0,139.0,141.0
59896,230.0,195.0,140.0,133.0
59897,246.0,96.0,139.0,137.0
59898,254.0,98.0,147.0,134.0
59899,280.0,103.0,159.0,171.0
59900,244.0,127.0,136.0,133.0
59901,235.0,191.0,124.0,133.0
59902,238.0,101.0,145.0,147.0
59903,256.0,101.0,164.0,137.0
59904,258.0,77.0,156.0,157.0
59905,251.0,250.0,153.0,154.0
59906,276.0,128.0,161.0,150.0
59907,252.0,51.0,138.0,136.0
59908,273.0,147.0,149.0,153.0
59909,268.0,81.0,144.0,153.0
59910,262.0,145.0,133.0,149.0
59911,260.0,119.0,134.0,132.0
59912,254.0,107.0,131.0,141.0
59913,255.0,222.0,136.0,142.0
59914,247.0,220.0,127.0,141.0
59915,247.0,215.0,141.0,144.0
59916,254.0,87.0,141.0,135.0
59917,257.0,223.0,132.0,142.0
59918,268.0,173.0,164.0,137.0
59919,258.0,65.0,132.0,134.0
59920,274.0,143.0,148.0,145.0
59921,265.0,176.0,151.0,157.0
59922,227.0,102.0,138.0,121.0
59923,252.0,79.0,133.0,148.0
59924,251.0,104.0,152.0,153.0
59925,248.0,159.0,146.0,146.0
59926,227.0,119.0,127.0,133.0
59927,268.0,171.0,156.0,145.0
59928,258.0,131.0,135.0,143.0
59929,261.0,225.0,140.0,151.0
59930,240.0,88.0,130.0,131.0
59931,271.0,109.0,151.0,148.0
59932,260.0,78.0,143.0,149.0
59933,256.0,237.0,152.0,142.0
59934,233.0,86.0,136.0,144.0
59935,240.0,104.0,146.0,118.0
59936,234.0,92.0,133.0,131.0
59937,258.0,115.0,145.0,142.0
59938,238.0,204.0,138.0,124.0
59939,272.0,84.0,137.0,151.0
59940,256.0,89.0,150.0,146.0
59941,230.0,202.0,125.0,125.0
59942,250.0,215.0,135.0,144.0
59943,254.0,168.0,152.0,137.0
59944,246.0,144.0,137.0,147.0
59945,262.0,228.0,158.0,146.0
59946,266.0,165.0,153.0,137.0
59947,278.0,104.0,160.0,148.0
59948,276.0,257.0,159.0,156.0
59949,234.0,108.0,131.0,141.0
59950,230.0,59.0,131.0,119.0
59951,238.0,79.0,130.0,144.0
59952,230.0,195.0,118.0,119.0
59953,258.0,152.0,141.0,153.0
59954,275.0,241.0,162.0,157.0
59955,272.0,232.0,156.0,150.0
59956,265.0,230.0,153.0,147.0
59957,262.0,246.0,159.0,153.0
59958,242.0,156.0,135.0,141.0
59959,264.0,90.0,147.0,143.0
59960,273.0,110.0,139.0,154.0
59961,253.0,125.0,138.0,151.0
59962,251.0,97.0,136.0,154.0
59963,263.0,124.0,145.0,146.0
59964,270.0,86.0,143.0,143.0
59965,255.0,105.0,134.0,134.0
59966,270.0,97.0,148.0,149.0
59967,268.0,88.0,160.0,145.0
59968,230.0,190.0,124.0,120.0
59969,261.0,227.0,145.0,153.0
59970,245.0,111.0,131.0,137.0
59971,234.0,213.0,141.0,133.0
59972,239.0,135.0,143.0,127.0
59973,254.0,161.0,140.0,141.0
59974,224.0,221.0,141.0,132.0
59975,225.0,98.0,125.0,119.0
59976,254.0,118.0,149.0,152.0
59977,272.0,123.0,142.0,150.0
59978,256.0,125.0,138.0,143.0
59979,278.0,178.0,158.0,161.0
59980,241.0,70.0,125.0,120.0
59981,247.0,210.0,138.0,148.0
59982,251.0,158.0,136.0,142.0
59983,253.0,215.0,146.0,154.0
59984,243.0,79.0,140.0,137.0
59985,274.0,227.0,158.0,153.0
59986,252.0,181.0,150.0,158.0
59987,258.0,226.0,142.0,146.0
59988,234.0,102.0,141.0,134.0
59989,257.0,155.0,139.0,136.0
59990,241.0,85.0,129.0,140.0
59991,263.0,115.0,141.0,145.0
59992,267.0,126.0,159.0,155.0
59993,271.0,154.0,146.0,165.0
59994,280.0,123.0,147.0,163.0
59995,255.0,225.0,146.0,143.0
59996,260.0,225.0,137.0,133.0
59997,251.0,141.0,138.0,139.0
59998,244.0,135.0,147.0,134.0
59999,230.0,120.0,126.0,119.0
60000,238.0,218.0,148.0,130.0
60001,257.0,102.0,158.0,140.0
60002,237.0,86.0,129.0,126.0
60003,253.0,181.0,142.0,154.0
60004,237.0,199.0,126.0,134.0
60005,270.0,106.0,163.0,152.0
60006,259.0,211.0,140.0,143.0
60007,236.0,126.0,129.0,129.0
60008,235.0,112.0,117.0,128.0
60009,258.0,75.0,160.0,143.0
60010,264.0,233.0,149.0,137.0
60011,256.0,82.0,143.0,146.0
60012,262.0,100.0,150.0,135.0
60013,241.0,103.0,140.0,131.0
60014,252.0,98.0,134.0,146.0
60015,256.0,119.0,134.0,149.0
60016,235.0,105.0,132.0,138.0
60017,218.0,109.0,129.0,114.0
60018,238.0,107.0,129.0,134.0
60019,236.0,95.0,124.0,139.0
60020,241.0,139.0,140.0,138.0
60021,253.0,83.0,151.0,135.0
60022,245.0,103.0,142.0,145.0
60023,243.0,97.0,143.0,125.0
60024,251.0,211.0,132.0,141.0
60025,248.0,102.0,145.0,137.0
60026,260.0,75.0,149.0,145.0
60027,253.0,207.0,133.0,143.0
60028,244.0,206.0,127.0,126.0
60029,251.0,212.0,142.0,138.0
60030,230.0,196.0,125.0,120.0
60031,246.0,117.0,154.0,153.0
60032,249.0,102.0,124.0,141.0
60033,250.0,132.0,135.0,136.0
60034,247.0,140.0,149.0,150.0
60035,256.0,85.0,157.0,144.0
60036,261.0,121.0,149.0,139.0
60037,266.0,134.0,139.0,142.0
60038,253.0,232.0,134.0,127.0
60039,245.0,222.0,142.0,129.0
60040,246.0,219.0,118.0,141.0
60041,236.0,209.0,135.0,130.0
60042,242.0,117.0,145.0,131.0
60043,260.0,118.0,140.0,148.0
60044,265.0,223.0,155.0,146.0
60045,253.0,181.0,136.0,133.0
60046,236.0,189.0,122.0,130.0
60047,246.0,193.0,130.0,144.0
60048,262.0,108.0,152.0,152.0
60049,250.0,206.0,126.0,147.0
60050,259.0,114.0,144.0,152.0
60051,231.0,200.0,129.0,131.0
60052,232.0,213.0,135.0,126.0
60053,250.0,107.0,136.0,147.0
60054,218.0,60.0,126.0,125.0
60055,250.0,119.0,132.0,145.0
60056,268.0,240.0,147.0,138.0
60057,254.0,86.0,138.0,151.0
60058,271.0,141.0,143.0,141.0
60059,254.0,129.0,157.0,146.0
60060,257.0,143.0,133.0,139.0
60061,262.0,100.0,156.0,142.0
60062,254.0,90.0,132.0,141.0
60063,286.0,196.0,159.0,165.0
60064,239.0,224.0,138.0,135.0
60065,233.0,117.0,137.0,136.0
60066,254.0,225.0,136.0,159.0
60067,257.0,228.0,156.0,151.0
60068,242.0,112.0,139.0,113.0
60069,237.0,158.0,133.0,132.0
60070,236.0,232.0,141.0,145.0
60071,225.0,162.0,131.0,110.0
60072,244.0,50.0,134.0,133.0
60073,245.0,238.0,132.0,128.0
60074,205.0,80.0,96.0,126.0
60075,245.0,79.0,136.0,134.0
60076,246.0,179.0,140.0,139.0
60077,266.0,136.0,142.0,154.0
60078,257.0,196.0,137.0,153.0
60079,253.0,217.0,136.0,152.0
60080,238.0,78.0,130.0,146.0
60081,223.0,94.0,122.0,119.0
60082,256.0,154.0,141.0,148.0
60083,227.0,37.0,129.0,135.0
60084,254.0,112.0,141.0,150.0
60085,251.0,111.0,158.0,144.0
60086,242.0,94.0,131.0,128.0
60087,252.0,110.0,156.0,142.0
60088,233.0,78.0,135.0,135.0
60089,251.0,103.0,139.0,147.0
60090,248.0,84.0,147.0,132.0
60091,239.0,210.0,137.0,127.0
60092,227.0,94.0,137.0,135.0
60093,217.0,120.0,115.0,120.0
60094,240.0,197.0,140.0,138.0
60095,256.0,158.0,153.0,143.0
60096,236.0,125.0,140.0,127.0
60097,252.0,93.0,138.0,145.0
60098,231.0,101.0,122.0,126.0
60099,251.0,115.0,118.0,143.0
60100,236.0,61.0,133.0,128.0
60101,260.0,114.0,138.0,135.0
60102,258.0,118.0,152.0,156.0
60103,243.0,118.0,123.0,139.0
60104,236.0,131.0,122.0,136.0
60105,248.0,141.0,132.0,142.0
60106,229.0,117.0,118.0,123.0
60107,225.0,96.0,130.0,125.0
60108,248.0,145.0,144.0,143.0
60109,233.0,69.0,123.0,134.0
60110,252.0,77.0,151.0,134.0
60111,276.0,184.0,152.0,175.0
60112,256.0,111.0,142.0,156.0
60113,235.0,140.0,133.0,118.0
60114,247.0,213.0,123.0,128.0
60115,255.0,120.0,136.0,129.0
60116,266.0,115.0,163.0,141.0
60117,267.0,243.0,148.0,144.0
60118,282.0,94.0,150.0,159.0
60119,256.0,227.0,133.0,146.0
60120,239.0,57.0,129.0,137.0
60121,246.0,81.0,136.0,148.0
60122,240.0,209.0,131.0,135.0
60123,260.0,123.0,131.0,153.0
60124,284.0,237.0,168.0,178.0
60125,259.0,119.0,146.0,150.0
60126,268.0,227.0,148.0,148.0
60127,230.0,73.0,122.0,128.0
60128,252.0,130.0,154.0,132.0
60129,256.0,156.0,142.0,135.0
60130,254.0,95.0,152.0,154.0
60131,240.0,131.0,127.0,128.0
60132,249.0,152.0,137.0,127.0
60133,233.0,105.0,127.0,134.0
60134,242.0,131.0,143.0,145.0
60135,265.0,242.0,157.0,131.0
60136,271.0,111.0,170.0,153.0
60137,258.0,102.0,151.0,147.0
60138,245.0,105.0,133.0,130.0
60139,243.0,129.0,139.0,136.0
60140,253.0,108.0,150.0,142.0
60141,256.0,138.0,136.0,130.0
60142,245.0,146.0,125.0,139.0
60143,245.0,220.0,136.0,123.0
60144,279.0,254.0,165.0,149.0
60145,256.0,149.0,135.0,144.0
60146,251.0,102.0,140.0,137.0
60147,228.0,107.0,129.0,120.0
60148,237.0,81.0,135.0,139.0
60149,240.0,240.0,144.0,149.0
60150,248.0,123.0,144.0,137.0
60151,255.0,159.0,139.0,145.0
60152,245.0,113.0,137.0,131.0
60153,254.0,129.0,137.0,145.0
60154,248.0,113.0,140.0,132.0
60155,240.0,139.0,124.0,136.0
60156,270.0,106.0,140.0,144.0
60157,227.0,102.0,126.0,147.0
60158,250.0,141.0,139.0,139.0
60159,266.0,265.0,181.0,159.0
60160,271.0,93.0,146.0,148.0
60161,249.0,216.0,149.0,138.0
60162,254.0,221.0,137.0,158.0
60163,231.0,198.0,120.0,130.0
60164,251.0,94.0,143.0,137.0
60165,251.0,111.0,124.0,125.0
60166,259.0,83.0,140.0,147.0
60167,249.0,131.0,139.0,148.0
60168,248.0,135.0,140.0,141.0
60169,262.0,212.0,146.0,150.0
60170,259.0,190.0,143.0,134.0
60171,256.0,213.0,156.0,139.0
60172,245.0,201.0,136.0,142.0
60173,264.0,105.0,156.0,144.0
60174,269.0,217.0,139.0,151.0
60175,265.0,106.0,142.0,155.0
60176,220.0,101.0,136.0,120.0
60177,246.0,117.0,127.0,144.0
60178,252.0,121.0,143.0,139.0
60179,251.0,83.0,146.0,138.0
60180,220.0,194.0,123.0,116.0
60181,249.0,223.0,138.0,135.0
60182,256.0,133.0,145.0,135.0
60183,239.0,206.0,136.0,123.0
60184,259.0,85.0,138.0,148.0
60185,285.0,252.0,140.0,156.0
60186,235.0,206.0,146.0,128.0
60187,227.0,101.0,119.0,138.0
60188,262.0,126.0,131.0,141.0
60189,237.0,119.0,116.0,135.0
60190,213.0,76.0,113.0,117.0
60191,231.0,100.0,134.0,132.0
60192,236.0,133.0,142.0,133.0
60193,260.0,234.0,155.0,145.0
60194,260.0,240.0,145.0,134.0
60195,243.0,98.0,128.0,119.0
60196,251.0,215.0,129.0,133.0
60197,225.0,203.0,135.0,126.0
60198,245.0,203.0,151.0,141.0
60199,242.0,99.0,154.0,143.0
60200,238.0,77.0,125.0,136.0
60201,245.0,109.0,145.0,145.0
60202,230.0,195.0,132.0,132.0
60203,236.0,198.0,131.0,147.0
60204,257.0,61.0,154.0,155.0
60205,245.0,75.0,126.0,137.0
60206,279.0,230.0,151.0,157.0
60207,243.0,210.0,148.0,133.0
60208,254.0,140.0,145.0,140.0
60209,246.0,113.0,136.0,139.0
60210,253.0,91.0,156.0,136.0
60211,253.0,80.0,144.0,144.0
60212,244.0,213.0,149.0,132.0
60213,224.0,140.0,123.0,116.0
60214,244.0,26.0,158.0,132.0
60215,263.0,97.0,145.0,156.0
60216,240.0,119.0,147.0,135.0
60217,265.0,93.0,148.0,142.0
60218,266.0,237.0,148.0,158.0
60219,243.0,210.0,128.0,133.0
60220,251.0,100.0,137.0,147.0
60221,260.0,246.0,134.0,148.0
60222,247.0,208.0,139.0,126.0
60223,268.0,83.0,151.0,156.0
60224,243.0,180.0,130.0,132.0
60225,262.0,97.0,154.0,146.0
60226,235.0,139.0,111.0,135.0
60227,251.0,90.0,147.0,146.0
60228,238.0,98.0,141.0,133.0
60229,256.0,95.0,153.0,152.0
60230,277.0,145.0,152.0,161.0
60231,245.0,112.0,148.0,136.0
60232,256.0,108.0,143.0,149.0
60233,237.0,88.0,126.0,122.0
60234,283.0,273.0,178.0,159.0
60235,265.0,144.0,146.0,160.0
60236,255.0,227.0,142.0,152.0
60237,244.0,135.0,135.0,134.0
60238,265.0,229.0,148.0,144.0
60239,276.0,107.0,151.0,146.0
60240,267.0,101.0,148.0,153.0
60241,267.0,131.0,155.0,169.0
60242,261.0,228.0,145.0,154.0
60243,245.0,159.0,144.0,130.0
60244,248.0,201.0,136.0,152.0
60245,255.0,122.0,135.0,140.0
60246,242.0,105.0,133.0,141.0
60247,242.0,240.0,129.0,124.0
60248,237.0,71.0,130.0,139.0
60249,259.0,103.0,145.0,151.0
60250,239.0,166.0,130.0,140.0
60251,251.0,225.0,137.0,129.0
60252,244.0,125.0,123.0,138.0
60253,260.0,226.0,145.0,149.0
60254,249.0,103.0,146.0,148.0
60255,215.0,114.0,129.0,126.0
60256,245.0,52.0,144.0,129.0
60257,250.0,185.0,132.0,141.0
60258,259.0,221.0,144.0,151.0
60259,245.0,97.0,118.0,126.0
60260,234.0,203.0,134.0,137.0
60261,253.0,125.0,148.0,150.0
60262,253.0,225.0,158.0,151.0
60263,250.0,109.0,135.0,142.0
60264,247.0,110.0,143.0,140.0
60265,268.0,261.0,151.0,154.0
60266,239.0,78.0,132.0,139.0
60267,266.0,142.0,149.0,153.0
60268,234.0,80.0,141.0,136.0
60269,247.0,227.0,146.0,145.0
60270,256.0,140.0,145.0,149.0
60271,253.0,138.0,131.0,126.0
60272,243.0,205.0,134.0,140.0
60273,267.0,228.0,147.0,141.0
60274,247.0,147.0,139.0,129.0
60275,232.0,194.0,131.0,118.0
60276,250.0,91.0,147.0,148.0
60277,248.0,106.0,141.0,133.0
60278,253.0,225.0,139.0,142.0
60279,255.0,224.0,139.0,146.0
60280,259.0,130.0,145.0,139.0
60281,261.0,251.0,153.0,146.0
60282,245.0,119.0,139.0,132.0
60283,264.0,144.0,167.0,165.0
60284,252.0,113.0,125.0,140.0
60285,227.0,110.0,128.0,131.0
60286,218.0,176.0,105.0,123.0
60287,253.0,70.0,132.0,134.0
60288,242.0,157.0,128.0,133.0
60289,250.0,244.0,134.0,142.0
60290,265.0,231.0,156.0,145.0
60291,265.0,85.0,144.0,137.0
60292,233.0,83.0,131.0,129.0
60293,249.0,76.0,144.0,119.0
60294,273.0,117.0,148.0,164.0
60295,265.0,163.0,153.0,143.0
60296,252.0,87.0,150.0,147.0
60297,252.0,184.0,143.0,130.0
60298,225.0,132.0,122.0,129.0
60299,271.0,226.0,165.0,149.0
60300,251.0,67.0,123.0,148.0
60301,242.0,145.0,155.0,135.0
60302,242.0,130.0,134.0,149.0
60303,239.0,120.0,129.0,135.0
60304,243.0,118.0,142.0,151.0
60305,254.0,118.0,147.0,139.0
60306,237.0,85.0,125.0,135.0
60307,251.0,61.0,141.0,135.0
60308,255.0,133.0,146.0,148.0
60309,260.0,173.0,148.0,136.0
60310,240.0,101.0,139.0,132.0
60311,249.0,111.0,139.0,125.0
60312,217.0,93.0,114.0,116.0
60313,267.0,133.0,141.0,139.0
60314,235.0,204.0,126.0,137.0
60315,259.0,221.0,162.0,146.0
60316,243.0,217.0,130.0,123.0
60317,260.0,108.0,148.0,148.0
60318,237.0,95.0,124.0,141.0
60319,255.0,211.0,143.0,157.0
60320,221.0,197.0,143.0,113.0
60321,245.0,61.0,135.0,133.0
60322,247.0,79.0,133.0,129.0
60323,244.0,100.0,117.0,129.0
60324,239.0,96.0,127.0,128.0
60325,227.0,121.0,124.0,127.0
60326,245.0,134.0,123.0,134.0
60327,252.0,103.0,128.0,140.0
60328,250.0,215.0,145.0,131.0
60329,262.0,117.0,148.0,141.0
60330,257.0,53.0,142.0,143.0
60331,286.0,115.0,150.0,167.0
60332,256.0,227.0,143.0,142.0
60333,245.0,212.0,145.0,159.0
60334,252.0,210.0,135.0,128.0
60335,247.0,123.0,137.0,139.0
60336,262.0,99.0,144.0,156.0
60337,225.0,102.0,121.0,129.0
60338,274.0,149.0,154.0,158.0
60339,250.0,87.0,144.0,119.0
60340,268.0,154.0,162.0,153.0
60341,252.0,105.0,135.0,146.0
60342,236.0,196.0,144.0,140.0
60343,240.0,140.0,126.0,122.0
60344,237.0,168.0,139.0,136.0
60345,233.0,84.0,120.0,130.0
60346,264.0,240.0,155.0,146.0
60347,263.0,228.0,136.0,160.0
60348,249.0,195.0,154.0,146.0
60349,251.0,174.0,123.0,155.0
60350,258.0,216.0,142.0,153.0
60351,282.0,251.0,157.0,174.0
60352,259.0,105.0,137.0,156.0
60353,277.0,193.0,160.0,154.0
60354,239.0,80.0,134.0,137.0
60355,238.0,109.0,139.0,119.0
60356,229.0,89.0,132.0,125.0
60357,239.0,142.0,139.0,132.0
60358,254.0,131.0,152.0,139.0
60359,245.0,116.0,128.0,155.0
60360,260.0,107.0,158.0,149.0
60361,250.0,217.0,146.0,142.0
60362,287.0,112.0,163.0,159.0
60363,235.0,102.0,141.0,137.0
60364,267.0,89.0,156.0,135.0
60365,260.0,116.0,143.0,155.0
60366,237.0,104.0,134.0,121.0
60367,262.0,119.0,151.0,153.0
60368,248.0,129.0,152.0,141.0
60369,251.0,109.0,137.0,136.0
60370,254.0,117.0,152.0,156.0
60371,248.0,95.0,146.0,134.0
60372,259.0,126.0,149.0,144.0
60373,273.0,238.0,169.0,156.0
60374,217.0,90.0,115.0,111.0
60375,262.0,256.0,143.0,143.0
60376,261.0,136.0,146.0,159.0
60377,267.0,145.0,143.0,156.0
60378,250.0,103.0,128.0,131.0
60379,241.0,159.0,131.0,144.0
60380,227.0,144.0,117.0,125.0
60381,266.0,113.0,143.0,167.0
60382,228.0,55.0,135.0,129.0
60383,272.0,118.0,157.0,154.0
60384,250.0,115.0,137.0,127.0
60385,252.0,154.0,151.0,137.0
60386,241.0,119.0,136.0,131.0
60387,231.0,188.0,133.0,140.0
60388,253.0,210.0,142.0,159.0
60389,248.0,211.0,114.0,123.0
60390,262.0,109.0,146.0,139.0
60391,227.0,108.0,141.0,118.0
60392,249.0,91.0,144.0,139.0
60393,251.0,213.0,152.0,142.0
60394,251.0,128.0,145.0,137.0
60395,237.0,140.0,137.0,132.0
60396,242.0,90.0,118.0,132.0
60397,249.0,220.0,132.0,146.0
60398,230.0,207.0,137.0,119.0
60399,271.0,224.0,141.0,155.0
60400,236.0,101.0,127.0,149.0
60401,274.0,258.0,152.0,161.0
60402,242.0,136.0,133.0,132.0
60403,263.0,260.0,158.0,144.0
60404,269.0,103.0,171.0,140.0
60405,287.0,281.0,148.0,173.0
60406,255.0,50.0,132.0,131.0
60407,231.0,217.0,120.0,130.0
60408,243.0,202.0,132.0,146.0
60409,249.0,117.0,138.0,143.0
60410,230.0,143.0,123.0,118.0
60411,249.0,81.0,131.0,132.0
60412,269.0,120.0,155.0,161.0
60413,251.0,109.0,141.0,144.0
60414,244.0,92.0,131.0,130.0
60415,238.0,97.0,132.0,136.0
60416,250.0,81.0,143.0,150.0
60417,244.0,90.0,127.0,144.0
60418,243.0,165.0,133.0,144.0
60419,236.0,219.0,143.0,108.0
60420,244.0,235.0,132.0,121.0
60421,251.0,105.0,144.0,144.0
60422,252.0,243.0,144.0,143.0
60423,243.0,142.0,118.0,145.0
60424,262.0,89.0,154.0,147.0
60425,238.0,47.0,147.0,135.0
60426,230.0,135.0,142.0,133.0
60427,259.0,58.0,154.0,129.0
60428,246.0,83.0,137.0,155.0
60429,219.0,212.0,124.0,127.0
60430,253.0,208.0,125.0,146.0
60431,259.0,176.0,152.0,143.0
60432,263.0,104.0,145.0,144.0
60433,268.0,92.0,149.0,162.0
60434,238.0,124.0,128.0,121.0
60435,259.0,65.0,138.0,134.0
60436,274.0,255.0,146.0,135.0
60437,248.0,127.0,132.0,146.0
60438,260.0,133.0,148.0,142.0
60439,257.0,133.0,141.0,142.0
60440,230.0,170.0,130.0,125.0
60441,238.0,115.0,130.0,137.0
60442,238.0,65.0,130.0,126.0
60443,236.0,119.0,135.0,125.0
60444,282.0,227.0,159.0,159.0
60445,248.0,87.0,136.0,135.0
60446,241.0,90.0,140.0,129.0
60447,262.0,121.0,133.0,146.0
60448,246.0,212.0,132.0,137.0
60449,239.0,131.0,140.0,138.0
60450,258.0,209.0,145.0,154.0
60451,251.0,94.0,151.0,137.0
60452,263.0,135.0,147.0,153.0
60453,239.0,129.0,132.0,142.0
60454,254.0,110.0,149.0,137.0
60455,240.0,141.0,143.0,146.0
60456,271.0,165.0,143.0,145.0
60457,255.0,92.0,151.0,146.0
60458,270.0,137.0,168.0,136.0
60459,250.0,96.0,138.0,144.0
60460,234.0,115.0,134.0,142.0
60461,271.0,113.0,149.0,158.0
60462,272.0,120.0,155.0,163.0
60463,260.0,230.0,139.0,151.0
60464,262.0,99.0,135.0,149.0
60465,254.0,93.0,139.0,148.0
60466,273.0,119.0,147.0,150.0
60467,227.0,199.0,141.0,130.0
60468,273.0,101.0,173.0,146.0
60469,236.0,206.0,138.0,145.0
60470,253.0,223.0,124.0,151.0
60471,239.0,227.0,141.0,141.0
60472,241.0,228.0,137.0,136.0
60473,265.0,252.0,147.0,157.0
60474,230.0,95.0,131.0,121.0
60475,266.0,99.0,142.0,151.0
60476,259.0,233.0,149.0,130.0
60477,267.0,239.0,149.0,148.0
60478,254.0,96.0,145.0,130.0
60479,286.0,126.0,159.0,159.0
60480,200.0,95.0,119.0,113.0
60481,241.0,85.0,138.0,139.0
60482,281.0,119.0,139.0,149.0
60483,245.0,123.0,150.0,131.0
60484,252.0,141.0,150.0,150.0
60485,234.0,83.0,135.0,125.0
60486,261.0,154.0,146.0,149.0
60487,268.0,138.0,158.0,150.0
60488,245.0,98.0,128.0,142.0
60489,237.0,124.0,143.0,148.0
60490,280.0,115.0,143.0,164.0
60491,241.0,206.0,138.0,136.0
60492,244.0,224.0,162.0,133.0
60493,253.0,222.0,137.0,146.0
60494,224.0,142.0,129.0,123.0
60495,248.0,222.0,135.0,143.0
60496,242.0,240.0,139.0,143.0
60497,266.0,250.0,145.0,153.0
60498,244.0,135.0,149.0,131.0
60499,248.0,201.0,143.0,135.0
60500,261.0,108.0,141.0,161.0
60501,256.0,183.0,152.0,157.0
60502,264.0,132.0,141.0,149.0
60503,258.0,178.0,148.0,142.0
60504,235.0,87.0,135.0,145.0
60505,250.0,137.0,147.0,139.0
60506,248.0,97.0,150.0,137.0
60507,247.0,205.0,131.0,152.0
60508,259.0,109.0,153.0,144.0
60509,248.0,140.0,148.0,136.0
60510,247.0,113.0,139.0,130.0
60511,257.0,172.0,155.0,146.0
60512,250.0,94.0,140.0,140.0
60513,260.0,93.0,162.0,161.0
60514,242.0,242.0,148.0,144.0
60515,271.0,162.0,156.0,147.0
60516,246.0,212.0,142.0,151.0
60517,271.0,216.0,155.0,160.0
60518,245.0,216.0,133.0,131.0
60519,258.0,231.0,151.0,142.0
60520,251.0,215.0,143.0,144.0
60521,267.0,102.0,141.0,155.0
60522,249.0,205.0,143.0,154.0
60523,275.0,230.0,167.0,147.0
60524,264.0,124.0,138.0,146.0
60525,259.0,147.0,135.0,151.0
60526,230.0,109.0,133.0,143.0
60527,222.0,198.0,115.0,131.0
60528,261.0,119.0,156.0,154.0
60529,261.0,256.0,157.0,140.0
60530,237.0,115.0,140.0,133.0
60531,234.0,214.0,140.0,123.0
60532,265.0,228.0,131.0,142.0
60533,239.0,67.0,153.0,133.0
60534,245.0,151.0,135.0,144.0
60535,253.0,218.0,146.0,141.0
60536,244.0,210.0,135.0,142.0
60537,269.0,257.0,161.0,156.0
60538,235.0,223.0,134.0,119.0
60539,250.0,203.0,132.0,131.0
60540,231.0,88.0,131.0,134.0
60541,232.0,130.0,142.0,128.0
60542,253.0,72.0,134.0,143.0
60543,262.0,159.0,141.0,137.0
60544,251.0,135.0,133.0,133.0
60545,252.0,80.0,158.0,144.0
60546,230.0,201.0,131.0,142.0
60547,274.0,109.0,162.0,148.0
60548,239.0,208.0,153.0,125.0
60549,247.0,209.0,133.0,151.0
60550,227.0,192.0,129.0,131.0
60551,244.0,128.0,127.0,139.0
60552,241.0,120.0,140.0,139.0
60553,270.0,144.0,146.0,163.0
60554,233.0,164.0,122.0,147.0
60555,230.0,107.0,127.0,137.0
60556,255.0,225.0,147.0,134.0
60557,257.0,144.0,123.0,146.0
60558,252.0,210.0,148.0,138.0
60559,253.0,84.0,131.0,137.0
60560,288.0,117.0,168.0,143.0
60561,267.0,88.0,146.0,137.0
60562,243.0,105.0,132.0,138.0
60563,267.0,230.0,140.0,142.0
60564,238.0,203.0,142.0,140.0
60565,235.0,81.0,122.0,139.0
60566,240.0,155.0,134.0,122.0
60567,220.0,101.0,133.0,125.0
60568,236.0,225.0,131.0,116.0
60569,249.0,95.0,166.0,134.0
60570,227.0,103.0,115.0,124.0
60571,237.0,86.0,135.0,135.0
60572,254.0,213.0,146.0,152.0
60573,257.0,223.0,143.0,142.0
60574,265.0,124.0,138.0,127.0
60575,222.0,97.0,124.0,123.0
60576,250.0,135.0,151.0,143.0
60577,254.0,152.0,141.0,151.0
60578,264.0,257.0,147.0,140.0
60579,268.0,89.0,150.0,154.0
60580,257.0,118.0,130.0,138.0
60581,265.0,132.0,141.0,148.0
60582,267.0,147.0,144.0,143.0
60583,272.0,166.0,138.0,144.0
60584,250.0,232.0,133.0,156.0
60585,262.0,125.0,147.0,148.0
60586,267.0,136.0,155.0,170.0
60587,256.0,103.0,146.0,158.0
60588,254.0,108.0,143.0,143.0
60589,245.0,121.0,125.0,136.0
60590,259.0,126.0,149.0,151.0
60591,246.0,99.0,136.0,128.0
60592,243.0,111.0,128.0,136.0
60593,260.0,117.0,131.0,142.0
60594,253.0,100.0,145.0,143.0
60595,255.0,218.0,153.0,152.0
60596,263.0,108.0,152.0,162.0
60597,235.0,97.0,143.0,119.0
60598,232.0,108.0,127.0,131.0
60599,266.0,93.0,165.0,134.0
60600,231.0,98.0,129.0,124.0
60601,214.0,91.0,126.0,121.0
60602,270.0,79.0,143.0,157.0
60603,247.0,118.0,148.0,138.0
60604,246.0,188.0,139.0,150.0
60605,285.0,123.0,153.0,167.0
60606,270.0,102.0,156.0,151.0
60607,260.0,114.0,140.0,157.0
60608,243.0,122.0,154.0,132.0
60609,265.0,139.0,152.0,146.0
60610,245.0,206.0,147.0,144.0
60611,266.0,217.0,158.0,158.0
60612,251.0,191.0,142.0,143.0
60613,248.0,217.0,124.0,126.0
60614,256.0,218.0,149.0,142.0
60615,264.0,212.0,157.0,144.0
60616,259.0,89.0,144.0,163.0
60617,283.0,162.0,143.0,147.0
60618,254.0,91.0,142.0,132.0
60619,254.0,98.0,126.0,141.0
60620,267.0,112.0,152.0,148.0
60621,257.0,127.0,153.0,141.0
60622,259.0,226.0,139.0,157.0
60623,234.0,98.0,130.0,126.0
60624,238.0,78.0,145.0,135.0
60625,264.0,123.0,150.0,143.0
60626,240.0,104.0,132.0,134.0
60627,223.0,124.0,132.0,126.0
60628,254.0,228.0,152.0,138.0
60629,259.0,123.0,130.0,133.0
60630,235.0,121.0,117.0,143.0
60631,260.0,144.0,151.0,155.0
60632,264.0,86.0,144.0,148.0
60633,261.0,91.0,151.0,133.0
60634,236.0,111.0,139.0,136.0
60635,240.0,130.0,146.0,139.0
60636,254.0,88.0,132.0,143.0
60637,247.0,149.0,142.0,147.0
60638,261.0,114.0,156.0,149.0
60639,275.0,133.0,142.0,152.0
60640,263.0,232.0,160.0,144.0
60641,277.0,168.0,150.0,165.0
60642,250.0,124.0,139.0,143.0
60643,236.0,151.0,129.0,122.0
60644,239.0,196.0,140.0,121.0
60645,257.0,107.0,136.0,157.0
60646,246.0,192.0,146.0,146.0
60647,265.0,149.0,148.0,152.0
60648,262.0,161.0,149.0,136.0
60649,270.0,230.0,146.0,155.0
60650,241.0,202.0,130.0,144.0
60651,274.0,114.0,163.0,167.0
60652,283.0,125.0,155.0,151.0
60653,255.0,119.0,135.0,124.0
60654,258.0,131.0,140.0,139.0
60655,245.0,141.0,119.0,155.0
60656,254.0,208.0,153.0,153.0
60657,251.0,102.0,141.0,149.0
60658,255.0,105.0,153.0,132.0
60659,271.0,255.0,162.0,145.0
60660,263.0,133.0,158.0,146.0
60661,226.0,90.0,122.0,122.0
60662,264.0,62.0,165.0,153.0
60663,239.0,209.0,132.0,133.0
60664,250.0,125.0,137.0,140.0
60665,237.0,77.0,147.0,133.0
60666,231.0,115.0,126.0,138.0
60667,248.0,133.0,131.0,148.0
60668,246.0,109.0,151.0,134.0
60669,247.0,123.0,146.0,143.0
60670,253.0,141.0,134.0,146.0
60671,281.0,138.0,167.0,160.0
60672,268.0,220.0,145.0,147.0
60673,247.0,235.0,138.0,136.0
60674,254.0,111.0,140.0,138.0
60675,241.0,122.0,126.0,138.0
60676,230.0,78.0,135.0,138.0
60677,259.0,128.0,129.0,161.0
60678,290.0,134.0,161.0,142.0
60679,250.0,119.0,141.0,150.0
60680,234.0,197.0,141.0,125.0
60681,248.0,211.0,150.0,133.0
60682,252.0,126.0,140.0,141.0
60683,252.0,108.0,150.0,150.0
60684,250.0,86.0,143.0,131.0
60685,249.0,115.0,125.0,130.0
60686,250.0,107.0,144.0,145.0
60687,258.0,133.0,148.0,146.0
60688,257.0,211.0,157.0,144.0
60689,253.0,201.0,134.0,134.0
60690,247.0,44.0,141.0,145.0
60691,248.0,130.0,140.0,145.0
60692,241.0,89.0,122.0,141.0
60693,256.0,102.0,131.0,156.0
60694,252.0,213.0,139.0,125.0
60695,257.0,100.0,137.0,150.0
60696,255.0,124.0,136.0,149.0
60697,237.0,195.0,144.0,130.0
60698,248.0,141.0,129.0,122.0
60699,267.0,156.0,158.0,144.0
60700,242.0,215.0,144.0,145.0
60701,249.0,133.0,142.0,139.0
60702,267.0,232.0,146.0,143.0
60703,249.0,83.0,146.0,144.0
60704,261.0,86.0,168.0,138.0
60705,234.0,197.0,121.0,135.0
60706,240.0,109.0,130.0,122.0
60707,260.0,154.0,144.0,149.0
60708,273.0,171.0,160.0,141.0
60709,251.0,205.0,134.0,136.0
60710,254.0,147.0,136.0,146.0
60711,251.0,120.0,164.0,141.0
60712,250.0,106.0,147.0,135.0
60713,249.0,93.0,157.0,129.0
60714,246.0,100.0,144.0,150.0
60715,252.0,224.0,156.0,147.0
60716,270.0,168.0,153.0,171.0
60717,252.0,93.0,125.0,138.0
60718,256.0,84.0,126.0,146.0
60719,285.0,285.0,176.0,166.0
60720,235.0,235.0,142.0,130.0
60721,229.0,125.0,122.0,122.0
60722,274.0,263.0,173.0,159.0
60723,244.0,93.0,129.0,132.0
60724,244.0,144.0,140.0,131.0
60725,226.0,212.0,128.0,115.0
60726,259.0,219.0,135.0,147.0
60727,251.0,86.0,147.0,135.0
60728,263.0,134.0,146.0,141.0
60729,278.0,130.0,150.0,141.0
60730,255.0,146.0,148.0,135.0
60731,256.0,102.0,156.0,138.0
60732,259.0,144.0,160.0,138.0
60733,248.0,67.0,148.0,144.0
60734,244.0,115.0,136.0,129.0
60735,237.0,83.0,143.0,129.0
60736,274.0,56.0,163.0,147.0
60737,243.0,121.0,135.0,133.0
60738,248.0,129.0,132.0,133.0
60739,266.0,124.0,140.0,162.0
60740,241.0,70.0,132.0,143.0
60741,245.0,153.0,137.0,139.0
60742,237.0,108.0,134.0,140.0
60743,251.0,85.0,133.0,158.0
60744,242.0,110.0,134.0,138.0
60745,242.0,202.0,129.0,150.0
60746,251.0,153.0,143.0,145.0
60747,239.0,135.0,141.0,132.0
60748,241.0,119.0,137.0,150.0
60749,233.0,95.0,129.0,149.0
60750,254.0,134.0,138.0,140.0
60751,255.0,253.0,148.0,147.0
60752,242.0,60.0,142.0,133.0
60753,250.0,64.0,139.0,136.0
60754,244.0,68.0,139.0,153.0
60755,238.0,113.0,136.0,128.0
60756,240.0,111.0,128.0,129.0
60757,281.0,115.0,170.0,156.0
60758,242.0,213.0,131.0,137.0
60759,221.0,103.0,129.0,122.0
60760,267.0,162.0,141.0,144.0
60761,238.0,124.0,133.0,131.0
60762,241.0,72.0,147.0,132.0
60763,221.0,81.0,137.0,130.0
60764,269.0,223.0,150.0,146.0
60765,262.0,223.0,163.0,134.0
60766,242.0,106.0,124.0,139.0
60767,263.0,127.0,132.0,163.0
60768,261.0,118.0,147.0,152.0
60769,262.0,159.0,158.0,152.0
60770,230.0,136.0,142.0,128.0
60771,267.0,157.0,144.0,153.0
60772,246.0,204.0,123.0,141.0
60773,234.0,202.0,134.0,137.0
60774,242.0,105.0,125.0,137.0
60775,224.0,201.0,123.0,111.0
60776,253.0,92.0,149.0,146.0
60777,248.0,121.0,138.0,135.0
60778,227.0,193.0,142.0,128.0
60779,226.0,103.0,117.0,123.0
60780,249.0,132.0,148.0,153.0
60781,246.0,112.0,133.0,135.0
60782,251.0,116.0,139.0,125.0
60783,237.0,237.0,138.0,134.0
60784,271.0,156.0,149.0,162.0
60785,257.0,139.0,148.0,151.0
60786,269.0,155.0,143.0,151.0
60787,244.0,71.0,134.0,138.0
60788,257.0,225.0,135.0,137.0
60789,260.0,87.0,149.0,145.0
60790,218.0,140.0,118.0,134.0
60791,260.0,107.0,147.0,142.0
60792,242.0,203.0,141.0,141.0
60793,239.0,126.0,129.0,136.0
60794,242.0,93.0,140.0,151.0
60795,245.0,221.0,135.0,131.0
60796,258.0,132.0,141.0,137.0
60797,266.0,95.0,154.0,141.0
60798,247.0,63.0,145.0,159.0
60799,276.0,174.0,151.0,152.0
60800,249.0,127.0,140.0,136.0
60801,235.0,83.0,151.0,127.0
60802,267.0,126.0,150.0,140.0
60803,234.0,208.0,136.0,135.0
60804,237.0,91.0,130.0,142.0
60805,251.0,150.0,130.0,136.0
60806,245.0,214.0,150.0,143.0
60807,231.0,99.0,131.0,132.0
60808,232.0,106.0,137.0,120.0
60809,259.0,257.0,135.0,148.0
60810,255.0,130.0,148.0,149.0
60811,255.0,164.0,142.0,148.0
60812,242.0,99.0,133.0,134.0
60813,226.0,80.0,130.0,125.0
60814,246.0,232.0,131.0,147.0
60815,239.0,213.0,140.0,118.0
60816,238.0,128.0,140.0,141.0
60817,258.0,143.0,143.0,142.0
60818,245.0,110.0,144.0,122.0
60819,229.0,95.0,135.0,115.0
60820,248.0,237.0,143.0,129.0
60821,261.0,89.0,140.0,152.0
60822,249.0,99.0,117.0,137.0
60823,275.0,151.0,165.0,149.0
60824,248.0,243.0,123.0,142.0
60825,252.0,86.0,141.0,135.0
60826,270.0,101.0,129.0,150.0
60827,246.0,236.0,142.0,144.0
60828,253.0,243.0,143.0,135.0
60829,274.0,245.0,166.0,151.0
60830,264.0,103.0,140.0,165.0
60831,245.0,196.0,139.0,146.0
60832,257.0,62.0,136.0,147.0
60833,263.0,232.0,148.0,154.0
60834,242.0,140.0,142.0,131.0
60835,254.0,133.0,141.0,146.0
60836,244.0,93.0,142.0,148.0
60837,232.0,123.0,137.0,142.0
60838,219.0,200.0,117.0,123.0
60839,251.0,203.0,144.0,137.0
60840,255.0,108.0,151.0,154.0
60841,228.0,95.0,123.0,123.0
60842,268.0,236.0,149.0,131.0
60843,246.0,108.0,144.0,130.0
60844,267.0,235.0,150.0,148.0
60845,226.0,86.0,122.0,125.0
60846,241.0,142.0,127.0,132.0
60847,251.0,133.0,136.0,130.0
60848,234.0,121.0,125.0,116.0
60849,238.0,209.0,134.0,127.0
60850,250.0,138.0,152.0,132.0
60851,258.0,212.0,141.0,150.0
60852,260.0,214.0,148.0,152.0
60853,256.0,117.0,167.0,121.0
60854,256.0,252.0,162.0,142.0
60855,246.0,106.0,139.0,138.0
60856,276.0,170.0,162.0,159.0
60857,238.0,96.0,127.0,137.0
60858,288.0,136.0,165.0,159.0
60859,237.0,217.0,145.0,129.0
60860,247.0,124.0,133.0,129.0
60861,239.0,120.0,123.0,132.0
60862,242.0,235.0,137.0,136.0
60863,272.0,146.0,158.0,152.0
60864,222.0,66.0,137.0,133.0
60865,258.0,106.0,138.0,156.0
60866,249.0,216.0,139.0,140.0
60867,265.0,76.0,144.0,158.0
60868,225.0,103.0,133.0,124.0
60869,256.0,161.0,138.0,130.0
60870,254.0,124.0,142.0,137.0
60871,270.0,114.0,158.0,136.0
60872,255.0,246.0,142.0,135.0
60873,269.0,85.0,157.0,148.0
60874,230.0,200.0,137.0,122.0
60875,254.0,155.0,155.0,147.0
60876,238.0,97.0,139.0,123.0
60877,256.0,82.0,146.0,136.0
60878,247.0,219.0,141.0,139.0
60879,235.0,202.0,145.0,127.0
60880,248.0,132.0,129.0,133.0
60881,242.0,81.0,146.0,119.0
60882,237.0,100.0,142.0,128.0
60883,242.0,107.0,138.0,136.0
60884,253.0,132.0,147.0,145.0
60885,250.0,62.0,156.0,147.0
60886,265.0,73.0,163.0,147.0
60887,251.0,93.0,151.0,138.0
60888,256.0,111.0,148.0,134.0
60889,218.0,131.0,129.0,127.0
60890,266.0,214.0,167.0,148.0
60891,232.0,88.0,144.0,138.0
60892,258.0,222.0,147.0,119.0
60893,263.0,126.0,143.0,132.0
60894,236.0,114.0,141.0,127.0
60895,243.0,128.0,130.0,126.0
60896,211.0,74.0,122.0,121.0
60897,256.0,149.0,135.0,142.0
60898,257.0,101.0,142.0,149.0
60899,249.0,204.0,134.0,144.0
60900,251.0,197.0,127.0,135.0
60901,242.0,99.0,143.0,137.0
60902,235.0,95.0,124.0,131.0
60903,259.0,53.0,159.0,134.0
60904,251.0,225.0,123.0,145.0
60905,268.0,108.0,154.0,143.0
60906,256.0,157.0,129.0,142.0
60907,249.0,107.0,130.0,132.0
60908,262.0,221.0,133.0,149.0
60909,269.0,233.0,142.0,160.0
60910,264.0,106.0,138.0,153.0
60911,245.0,107.0,134.0,134.0
60912,242.0,201.0,146.0,128.0
60913,236.0,205.0,132.0,136.0
60914,243.0,219.0,141.0,124.0
60915,278.0,136.0,157.0,167.0
60916,242.0,211.0,129.0,134.0
60917,265.0,234.0,147.0,156.0
60918,271.0,109.0,153.0,150.0
60919,235.0,153.0,130.0,129.0
60920,237.0,90.0,139.0,126.0
60921,254.0,140.0,134.0,142.0
60922,264.0,117.0,151.0,149.0
60923,269.0,231.0,139.0,147.0
60924,272.0,109.0,149.0,150.0
60925,212.0,177.0,121.0,110.0
60926,273.0,136.0,159.0,156.0
60927,256.0,93.0,135.0,145.0
60928,255.0,170.0,147.0,151.0
60929,257.0,153.0,126.0,142.0
60930,253.0,98.0,147.0,146.0
60931,250.0,137.0,127.0,142.0
60932,256.0,98.0,148.0,156.0
60933,261.0,131.0,162.0,167.0
60934,242.0,232.0,113.0,129.0
60935,253.0,243.0,153.0,146.0
60936,255.0,108.0,116.0,151.0
60937,237.0,136.0,142.0,139.0
60938,272.0,119.0,151.0,148.0
60939,265.0,93.0,158.0,146.0
60940,267.0,121.0,145.0,137.0
60941,229.0,205.0,129.0,133.0
60942,233.0,84.0,127.0,126.0
60943,256.0,223.0,145.0,157.0
60944,248.0,159.0,137.0,145.0
60945,269.0,96.0,144.0,152.0
60946,237.0,201.0,122.0,141.0
60947,264.0,147.0,157.0,137.0
60948,241.0,72.0,128.0,134.0
60949,238.0,92.0,128.0,134.0
60950,253.0,112.0,150.0,144.0
60951,269.0,193.0,152.0,141.0
60952,269.0,242.0,153.0,156.0
60953,252.0,120.0,129.0,144.0
60954,255.0,105.0,149.0,140.0
60955,222.0,94.0,141.0,116.0
60956,250.0,76.0,139.0,130.0
60957,257.0,115.0,150.0,133.0
60958,246.0,142.0,137.0,137.0
60959,240.0,103.0,160.0,149.0
60960,259.0,84.0,175.0,144.0
60961,254.0,89.0,157.0,124.0
60962,266.0,229.0,151.0,142.0
60963,221.0,90.0,128.0,117.0
60964,246.0,117.0,151.0,148.0
60965,244.0,120.0,138.0,125.0
60966,251.0,206.0,153.0,156.0
60967,239.0,127.0,116.0,129.0
60968,248.0,126.0,150.0,144.0
60969,247.0,109.0,131.0,149.0
60970,253.0,117.0,146.0,148.0
60971,229.0,99.0,123.0,129.0
60972,242.0,88.0,125.0,134.0
60973,226.0,206.0,138.0,121.0
60974,257.0,117.0,148.0,147.0
60975,261.0,83.0,135.0,144.0
60976,256.0,207.0,149.0,146.0
60977,276.0,82.0,151.0,146.0
60978,248.0,66.0,143.0,128.0
60979,239.0,232.0,115.0,129.0
60980,239.0,88.0,129.0,132.0
60981,244.0,204.0,133.0,126.0
60982,252.0,217.0,123.0,139.0
60983,271.0,232.0,166.0,154.0
60984,256.0,130.0,156.0,150.0
60985,250.0,113.0,133.0,157.0
60986,256.0,120.0,150.0,135.0
60987,244.0,102.0,136.0,139.0
60988,246.0,118.0,139.0,136.0
60989,248.0,138.0,129.0,140.0
60990,238.0,238.0,136.0,146.0
60991,251.0,106.0,135.0,131.0
60992,242.0,200.0,132.0,142.0
60993,254.0,254.0,147.0,138.0
60994,257.0,105.0,153.0,145.0
60995,252.0,219.0,150.0,137.0
60996,258.0,61.0,136.0,142.0
60997,239.0,99.0,139.0,131.0
60998,252.0,221.0,132.0,130.0
60999,240.0,122.0,140.0,131.0
61000,254.0,166.0,139.0,148.0
61001,282.0,246.0,162.0,150.0
61002,242.0,232.0,165.0,135.0
61003,244.0,211.0,131.0,138.0
61004,271.0,182.0,141.0,155.0
61005,249.0,155.0,130.0,136.0
61006,264.0,118.0,146.0,148.0
61007,247.0,205.0,138.0,135.0
61008,234.0,192.0,134.0,134.0
61009,244.0,197.0,138.0,120.0
61010,239.0,128.0,143.0,115.0
61011,254.0,220.0,145.0,133.0
61012,253.0,225.0,138.0,141.0
61013,235.0,115.0,133.0,134.0
61014,246.0,138.0,138.0,134.0
61015,228.0,138.0,127.0,128.0
61016,243.0,131.0,123.0,137.0
61017,287.0,121.0,154.0,161.0
61018,238.0,95.0,139.0,140.0
61019,260.0,91.0,131.0,155.0
61020,260.0,222.0,132.0,151.0
61021,244.0,206.0,135.0,135.0
61022,248.0,127.0,123.0,137.0
61023,246.0,144.0,150.0,138.0
61024,261.0,126.0,142.0,140.0
61025,244.0,130.0,140.0,139.0
61026,277.0,157.0,131.0,152.0
61027,275.0,112.0,163.0,153.0
61028,233.0,103.0,137.0,126.0
61029,258.0,225.0,158.0,150.0
61030,243.0,135.0,141.0,131.0
61031,256.0,84.0,155.0,163.0
61032,257.0,108.0,147.0,137.0
61033,262.0,224.0,135.0,135.0
61034,225.0,190.0,119.0,116.0
61035,245.0,212.0,147.0,144.0
61036,285.0,246.0,157.0,163.0
61037,270.0,237.0,161.0,139.0
61038,262.0,115.0,149.0,149.0
61039,263.0,127.0,152.0,149.0
61040,264.0,145.0,151.0,155.0
61041,225.0,81.0,114.0,107.0
61042,261.0,144.0,151.0,139.0
61043,251.0,128.0,122.0,148.0
61044,239.0,120.0,127.0,134.0
61045,239.0,213.0,145.0,147.0
61046,252.0,108.0,149.0,134.0
61047,256.0,144.0,138.0,143.0
61048,242.0,124.0,118.0,133.0
61049,233.0,121.0,129.0,130.0
61050,232.0,87.0,133.0,130.0
61051,272.0,136.0,150.0,159.0
61052,260.0,112.0,137.0,159.0
61053,245.0,134.0,147.0,143.0
61054,273.0,248.0,168.0,157.0
61055,240.0,98.0,119.0,137.0
61056,269.0,132.0,148.0,144.0
61057,244.0,82.0,128.0,136.0
61058,254.0,99.0,132.0,157.0
61059,246.0,117.0,136.0,141.0
61060,270.0,238.0,157.0,162.0
61061,256.0,102.0,138.0,151.0
61062,222.0,84.0,127.0,126.0
61063,233.0,200.0,134.0,120.0
61064,250.0,226.0,126.0,131.0
61065,259.0,86.0,149.0,136.0
61066,263.0,70.0,137.0,155.0
61067,256.0,69.0,133.0,141.0
61068,244.0,198.0,146.0,150.0
61069,266.0,230.0,147.0,159.0
61070,246.0,115.0,141.0,133.0
61071,243.0,82.0,142.0,134.0
61072,246.0,218.0,159.0,146.0
61073,257.0,81.0,130.0,146.0
61074,240.0,209.0,127.0,122.0
61075,262.0,77.0,158.0,147.0
61076,247.0,138.0,146.0,137.0
61077,247.0,147.0,141.0,128.0
61078,255.0,216.0,155.0,139.0
61079,258.0,98.0,143.0,130.0
61080,224.0,102.0,131.0,118.0
61081,244.0,106.0,145.0,136.0
61082,245.0,102.0,142.0,135.0
61083,274.0,162.0,156.0,149.0
61084,245.0,139.0,137.0,134.0
61085,253.0,112.0,138.0,141.0
61086,263.0,106.0,164.0,160.0
61087,243.0,231.0,151.0,143.0
61088,233.0,112.0,135.0,122.0
61089,237.0,213.0,128.0,135.0
61090,237.0,232.0,149.0,143.0
61091,262.0,113.0,149.0,152.0
61092,253.0,175.0,136.0,140.0
61093,265.0,128.0,154.0,158.0
61094,256.0,117.0,149.0,149.0
61095,257.0,216.0,139.0,134.0
61096,254.0,137.0,156.0,137.0
61097,231.0,82.0,128.0,123.0
61098,247.0,220.0,133.0,159.0
61099,217.0,192.0,124.0,128.0
61100,264.0,99.0,143.0,140.0
61101,244.0,98.0,143.0,151.0
61102,259.0,126.0,143.0,150.0
61103,242.0,91.0,127.0,124.0
61104,295.0,245.0,168.0,158.0
61105,256.0,124.0,139.0,154.0
61106,218.0,175.0,109.0,120.0
61107,266.0,144.0,144.0,138.0
61108,269.0,99.0,155.0,140.0
61109,251.0,117.0,132.0,138.0
61110,240.0,80.0,134.0,139.0
61111,232.0,207.0,132.0,124.0
61112,252.0,127.0,150.0,150.0
61113,247.0,210.0,141.0,128.0
61114,249.0,87.0,145.0,115.0
61115,249.0,97.0,136.0,132.0
61116,239.0,199.0,145.0,125.0
61117,261.0,210.0,147.0,148.0
61118,282.0,91.0,153.0,162.0
61119,278.0,148.0,127.0,147.0
61120,257.0,106.0,140.0,140.0
61121,240.0,149.0,136.0,136.0
61122,242.0,111.0,144.0,138.0
61123,260.0,73.0,145.0,142.0
61124,269.0,238.0,154.0,148.0
61125,232.0,61.0,122.0,129.0
61126,259.0,219.0,129.0,149.0
61127,260.0,100.0,131.0,162.0
61128,248.0,101.0,132.0,133.0
61129,254.0,87.0,127.0,138.0
61130,238.0,94.0,137.0,131.0
61131,249.0,118.0,137.0,144.0
61132,232.0,202.0,122.0,133.0
61133,247.0,80.0,139.0,149.0
61134,237.0,98.0,137.0,132.0
61135,246.0,129.0,131.0,135.0
61136,244.0,167.0,119.0,122.0
61137,256.0,95.0,134.0,127.0
61138,245.0,199.0,143.0,148.0
61139,248.0,104.0,140.0,151.0
61140,245.0,142.0,134.0,137.0
61141,254.0,103.0,143.0,144.0
61142,231.0,116.0,134.0,139.0
61143,255.0,112.0,154.0,152.0
61144,275.0,144.0,159.0,151.0
61145,247.0,79.0,144.0,144.0
61146,254.0,109.0,152.0,148.0
61147,251.0,217.0,133.0,140.0
61148,240.0,111.0,133.0,137.0
61149,258.0,221.0,145.0,142.0
61150,245.0,89.0,137.0,118.0
61151,243.0,117.0,124.0,144.0
61152,232.0,120.0,138.0,133.0
61153,251.0,106.0,131.0,143.0
61154,264.0,99.0,158.0,152.0
61155,274.0,230.0,157.0,139.0
61156,241.0,106.0,144.0,139.0
61157,259.0,149.0,152.0,131.0
61158,236.0,85.0,119.0,136.0
61159,260.0,124.0,142.0,142.0
61160,256.0,89.0,146.0,150.0
61161,255.0,94.0,149.0,148.0
61162,263.0,141.0,146.0,156.0
61163,254.0,92.0,141.0,141.0
61164,260.0,220.0,149.0,148.0
61165,236.0,234.0,139.0,132.0
61166,233.0,160.0,123.0,136.0
61167,237.0,97.0,116.0,131.0
61168,236.0,187.0,140.0,142.0
61169,254.0,231.0,161.0,142.0
61170,262.0,132.0,136.0,144.0
61171,261.0,229.0,144.0,149.0
61172,215.0,95.0,117.0,110.0
61173,260.0,158.0,135.0,138.0
61174,252.0,106.0,138.0,126.0
61175,280.0,234.0,145.0,148.0
61176,249.0,54.0,148.0,137.0
61177,252.0,132.0,148.0,146.0
61178,264.0,177.0,140.0,164.0
61179,228.0,197.0,117.0,140.0
61180,239.0,208.0,142.0,141.0
61181,275.0,137.0,156.0,159.0
61182,248.0,207.0,131.0,128.0
61183,261.0,253.0,156.0,150.0
61184,245.0,114.0,132.0,137.0
61185,270.0,259.0,165.0,148.0
61186,242.0,144.0,131.0,130.0
61187,234.0,56.0,126.0,138.0
61188,232.0,198.0,131.0,145.0
61189,235.0,201.0,130.0,135.0
61190,239.0,119.0,134.0,135.0
61191,227.0,65.0,125.0,130.0
61192,257.0,203.0,144.0,144.0
61193,251.0,49.0,142.0,145.0
61194,247.0,208.0,146.0,141.0
61195,253.0,127.0,151.0,135.0
61196,252.0,211.0,150.0,144.0
61197,239.0,225.0,141.0,137.0
61198,276.0,112.0,159.0,162.0
61199,254.0,210.0,146.0,152.0
61200,275.0,239.0,151.0,160.0
61201,271.0,135.0,145.0,159.0
61202,246.0,134.0,123.0,141.0
61203,252.0,147.0,125.0,147.0
61204,255.0,110.0,142.0,155.0
61205,231.0,189.0,128.0,124.0
61206,246.0,116.0,132.0,134.0
61207,266.0,125.0,137.0,152.0
61208,237.0,101.0,147.0,130.0
61209,265.0,130.0,144.0,154.0
61210,251.0,96.0,138.0,140.0
61211,227.0,181.0,123.0,135.0
61212,226.0,103.0,138.0,122.0
61213,251.0,178.0,148.0,153.0
61214,255.0,122.0,145.0,143.0
61215,259.0,237.0,152.0,128.0
61216,226.0,128.0,106.0,136.0
61217,266.0,70.0,142.0,164.0
61218,235.0,138.0,135.0,116.0
61219,248.0,68.0,131.0,135.0
61220,243.0,160.0,126.0,140.0
61221,254.0,214.0,143.0,139.0
61222,249.0,98.0,142.0,128.0
61223,244.0,89.0,147.0,135.0
61224,249.0,99.0,144.0,142.0
61225,253.0,120.0,142.0,146.0
61226,245.0,98.0,134.0,141.0
61227,241.0,241.0,143.0,145.0
61228,227.0,196.0,116.0,128.0
61229,255.0,227.0,143.0,135.0
61230,239.0,98.0,134.0,131.0
61231,254.0,254.0,150.0,150.0
61232,244.0,88.0,142.0,140.0
61233,278.0,269.0,158.0,153.0
61234,234.0,78.0,125.0,127.0
61235,250.0,127.0,148.0,137.0
61236,248.0,96.0,135.0,148.0
61237,242.0,213.0,129.0,123.0
61238,254.0,93.0,143.0,140.0
61239,255.0,108.0,154.0,151.0
61240,251.0,212.0,129.0,138.0
61241,228.0,130.0,123.0,123.0
61242,245.0,87.0,135.0,129.0
61243,261.0,111.0,166.0,147.0
61244,240.0,104.0,133.0,130.0
61245,247.0,74.0,152.0,131.0
61246,274.0,134.0,167.0,161.0
61247,247.0,125.0,134.0,145.0
61248,244.0,100.0,136.0,141.0
61249,218.0,205.0,122.0,115.0
61250,246.0,88.0,142.0,129.0
61251,265.0,152.0,147.0,152.0
61252,258.0,171.0,144.0,142.0
61253,261.0,139.0,148.0,151.0
61254,273.0,269.0,162.0,145.0
61255,238.0,108.0,132.0,127.0
61256,270.0,144.0,159.0,148.0
61257,234.0,183.0,142.0,120.0
61258,262.0,210.0,163.0,153.0
61259,251.0,116.0,151.0,142.0
61260,266.0,82.0,160.0,154.0
61261,254.0,155.0,157.0,144.0
61262,240.0,134.0,131.0,130.0
61263,244.0,111.0,134.0,135.0
61264,248.0,99.0,159.0,131.0
61265,234.0,110.0,131.0,124.0
61266,264.0,212.0,163.0,134.0
61267,268.0,78.0,146.0,165.0
61268,229.0,125.0,130.0,109.0
61269,281.0,125.0,156.0,150.0
61270,239.0,145.0,128.0,135.0
61271,223.0,111.0,118.0,124.0
61272,268.0,140.0,150.0,147.0
61273,245.0,66.0,129.0,144.0
61274,273.0,235.0,165.0,157.0
61275,250.0,242.0,138.0,137.0
61276,240.0,232.0,159.0,153.0
61277,262.0,214.0,154.0,159.0
61278,257.0,106.0,138.0,142.0
61279,257.0,132.0,145.0,131.0
61280,230.0,59.0,130.0,136.0
61281,256.0,109.0,152.0,143.0
61282,239.0,66.0,140.0,128.0
61283,249.0,107.0,130.0,151.0
61284,265.0,256.0,138.0,151.0
61285,257.0,131.0,137.0,139.0
61286,239.0,114.0,136.0,136.0
61287,255.0,104.0,154.0,144.0
61288,251.0,218.0,146.0,133.0
61289,266.0,261.0,144.0,164.0
61290,258.0,76.0,146.0,142.0
61291,248.0,211.0,135.0,136.0
61292,262.0,109.0,145.0,155.0
61293,213.0,94.0,107.0,121.0
61294,243.0,78.0,137.0,133.0
61295,249.0,122.0,143.0,132.0
61296,235.0,198.0,130.0,124.0
61297,250.0,72.0,149.0,136.0
61298,252.0,167.0,131.0,153.0
61299,251.0,148.0,138.0,145.0
61300,268.0,235.0,156.0,135.0
61301,231.0,117.0,132.0,137.0
61302,257.0,144.0,125.0,157.0
61303,250.0,85.0,130.0,131.0
61304,242.0,206.0,130.0,140.0
61305,268.0,230.0,135.0,155.0
61306,246.0,187.0,144.0,137.0
61307,236.0,97.0,143.0,135.0
61308,269.0,188.0,135.0,166.0
61309,256.0,117.0,131.0,145.0
61310,251.0,172.0,144.0,155.0
61311,246.0,127.0,136.0,146.0
61312,250.0,108.0,141.0,133.0
61313,268.0,114.0,160.0,147.0
61314,252.0,137.0,152.0,131.0
61315,266.0,88.0,147.0,158.0
61316,253.0,81.0,144.0,144.0
61317,233.0,92.0,145.0,126.0
61318,267.0,105.0,153.0,153.0
61319,249.0,120.0,133.0,136.0
61320,254.0,220.0,139.0,141.0
61321,260.0,110.0,134.0,135.0
61322,283.0,108.0,157.0,157.0
61323,263.0,220.0,158.0,151.0
61324,226.0,100.0,129.0,122.0
61325,256.0,151.0,135.0,149.0
61326,249.0,109.0,135.0,144.0
61327,228.0,104.0,130.0,139.0
61328,261.0,98.0,152.0,140.0
61329,272.0,117.0,150.0,144.0
61330,254.0,114.0,123.0,138.0
61331,262.0,141.0,144.0,141.0
61332,239.0,119.0,140.0,129.0
61333,270.0,152.0,151.0,162.0
61334,262.0,220.0,160.0,143.0
61335,294.0,140.0,146.0,171.0
61336,263.0,103.0,147.0,154.0
61337,232.0,93.0,127.0,131.0
61338,252.0,125.0,141.0,141.0
61339,264.0,255.0,153.0,164.0
61340,269.0,109.0,152.0,138.0
61341,234.0,118.0,131.0,130.0
61342,232.0,107.0,137.0,136.0
61343,247.0,130.0,133.0,133.0
61344,247.0,213.0,140.0,140.0
61345,263.0,154.0,146.0,145.0
61346,222.0,126.0,123.0,129.0
61347,266.0,96.0,148.0,153.0
61348,275.0,66.0,160.0,156.0
61349,240.0,122.0,140.0,129.0
61350,239.0,86.0,143.0,146.0
61351,247.0,183.0,143.0,149.0
61352,258.0,224.0,147.0,146.0
61353,239.0,120.0,146.0,125.0
61354,259.0,51.0,158.0,132.0
61355,236.0,154.0,130.0,150.0
61356,237.0,99.0,125.0,135.0
61357,259.0,107.0,159.0,141.0
61358,243.0,222.0,138.0,146.0
61359,233.0,154.0,124.0,137.0
61360,277.0,146.0,148.0,155.0
61361,245.0,143.0,127.0,135.0
61362,253.0,141.0,156.0,155.0
61363,255.0,213.0,145.0,139.0
61364,247.0,111.0,136.0,134.0
61365,230.0,93.0,128.0,127.0
61366,275.0,126.0,151.0,162.0
61367,243.0,80.0,130.0,144.0
61368,254.0,133.0,152.0,139.0
61369,264.0,197.0,143.0,143.0
61370,239.0,193.0,121.0,140.0
61371,256.0,210.0,142.0,136.0
61372,258.0,133.0,137.0,129.0
61373,242.0,111.0,134.0,133.0
61374,240.0,126.0,138.0,142.0
61375,236.0,133.0,134.0,131.0
61376,265.0,139.0,150.0,162.0
61377,222.0,105.0,117.0,144.0
61378,239.0,135.0,153.0,132.0
61379,239.0,118.0,138.0,127.0
61380,238.0,115.0,131.0,124.0
61381,268.0,233.0,141.0,172.0
61382,245.0,132.0,126.0,127.0
61383,252.0,99.0,140.0,137.0
61384,247.0,162.0,130.0,146.0
61385,257.0,159.0,139.0,147.0
61386,247.0,82.0,145.0,130.0
61387,252.0,177.0,151.0,139.0
61388,245.0,94.0,131.0,139.0
61389,248.0,110.0,135.0,146.0
61390,266.0,140.0,156.0,140.0
61391,257.0,83.0,158.0,155.0
61392,238.0,100.0,142.0,118.0
61393,253.0,114.0,153.0,131.0
61394,246.0,217.0,134.0,139.0
61395,249.0,106.0,143.0,142.0
61396,266.0,119.0,150.0,140.0
61397,284.0,246.0,168.0,162.0
61398,253.0,146.0,143.0,149.0
61399,284.0,244.0,163.0,167.0
61400,233.0,110.0,133.0,132.0
61401,237.0,203.0,133.0,129.0
61402,251.0,118.0,151.0,141.0
61403,255.0,139.0,136.0,151.0
61404,262.0,119.0,149.0,137.0
61405,258.0,62.0,139.0,150.0
61406,228.0,122.0,129.0,129.0
61407,241.0,104.0,129.0,124.0
61408,245.0,72.0,145.0,143.0
61409,255.0,122.0,153.0,144.0
61410,239.0,195.0,139.0,156.0
61411,247.0,84.0,151.0,138.0
61412,239.0,126.0,121.0,128.0
61413,249.0,125.0,155.0,151.0
61414,231.0,117.0,124.0,127.0
61415,248.0,115.0,134.0,145.0
61416,238.0,110.0,145.0,134.0
61417,259.0,253.0,158.0,134.0
61418,251.0,122.0,143.0,147.0
61419,255.0,98.0,131.0,137.0
61420,238.0,122.0,133.0,116.0
61421,254.0,102.0,130.0,149.0
61422,234.0,233.0,136.0,127.0
61423,260.0,124.0,134.0,144.0
61424,272.0,106.0,157.0,162.0
61425,242.0,202.0,118.0,135.0
61426,255.0,101.0,134.0,137.0
61427,282.0,110.0,160.0,171.0
61428,242.0,120.0,129.0,136.0
61429,270.0,235.0,154.0,156.0
61430,269.0,241.0,152.0,149.0
61431,256.0,228.0,141.0,151.0
61432,255.0,109.0,143.0,141.0
61433,246.0,92.0,156.0,136.0
61434,253.0,106.0,139.0,131.0
61435,267.0,135.0,149.0,153.0
61436,263.0,119.0,156.0,140.0
61437,270.0,169.0,164.0,139.0
61438,259.0,113.0,153.0,162.0
61439,256.0,96.0,142.0,146.0
61440,252.0,217.0,150.0,144.0
61441,232.0,232.0,122.0,133.0
61442,254.0,162.0,136.0,144.0
61443,218.0,191.0,121.0,119.0
61444,233.0,74.0,124.0,131.0
61445,261.0,168.0,149.0,154.0
61446,266.0,46.0,143.0,145.0
61447,239.0,94.0,133.0,131.0
61448,225.0,138.0,124.0,136.0
61449,242.0,119.0,142.0,155.0
61450,259.0,237.0,144.0,139.0
61451,240.0,232.0,124.0,128.0
61452,252.0,104.0,154.0,128.0
61453,257.0,230.0,159.0,144.0
61454,228.0,184.0,125.0,137.0
61455,258.0,118.0,145.0,149.0
61456,226.0,193.0,129.0,136.0
61457,239.0,142.0,123.0,128.0
61458,259.0,225.0,137.0,153.0
61459,256.0,113.0,145.0,148.0
61460,270.0,105.0,136.0,153.0
61461,232.0,82.0,144.0,135.0
61462,260.0,108.0,152.0,147.0
61463,245.0,78.0,152.0,155.0
61464,234.0,109.0,118.0,121.0
61465,224.0,92.0,119.0,118.0
61466,248.0,87.0,128.0,138.0
61467,246.0,226.0,135.0,134.0
61468,233.0,209.0,106.0,129.0
61469,270.0,231.0,157.0,152.0
61470,254.0,123.0,143.0,119.0
61471,238.0,123.0,136.0,125.0
61472,246.0,70.0,145.0,145.0
61473,242.0,238.0,145.0,137.0
61474,255.0,219.0,143.0,132.0
61475,239.0,124.0,140.0,131.0
61476,263.0,94.0,147.0,137.0
61477,236.0,117.0,140.0,145.0
61478,252.0,85.0,158.0,149.0
61479,253.0,116.0,136.0,149.0
61480,247.0,244.0,149.0,134.0
61481,251.0,248.0,143.0,153.0
61482,248.0,206.0,144.0,141.0
61483,255.0,115.0,153.0,151.0
61484,246.0,203.0,147.0,146.0
61485,256.0,125.0,155.0,146.0
61486,274.0,139.0,142.0,159.0
61487,238.0,208.0,134.0,133.0
61488,274.0,235.0,154.0,146.0
61489,233.0,99.0,132.0,142.0
61490,247.0,216.0,144.0,130.0
61491,249.0,204.0,138.0,141.0
61492,236.0,206.0,125.0,136.0
61493,248.0,102.0,130.0,144.0
61494,236.0,105.0,136.0,131.0
61495,251.0,109.0,160.0,146.0
61496,265.0,173.0,150.0,153.0
61497,235.0,110.0,140.0,125.0
61498,258.0,88.0,142.0,150.0
61499,250.0,105.0,133.0,133.0
61500,256.0,114.0,140.0,132.0
61501,240.0,88.0,122.0,133.0
61502,257.0,103.0,148.0,143.0
61503,258.0,81.0,154.0,139.0
61504,255.0,136.0,122.0,134.0
61505,238.0,200.0,144.0,129.0
61506,277.0,152.0,162.0,147.0
61507,215.0,101.0,108.0,124.0
61508,269.0,241.0,160.0,145.0
61509,245.0,216.0,145.0,137.0
61510,255.0,82.0,141.0,156.0
61511,262.0,88.0,155.0,149.0
61512,251.0,225.0,136.0,133.0
61513,243.0,89.0,134.0,127.0
61514,240.0,128.0,125.0,127.0
61515,231.0,62.0,115.0,139.0
61516,259.0,219.0,153.0,142.0
61517,251.0,68.0,138.0,142.0
61518,247.0,209.0,140.0,133.0
61519,240.0,185.0,126.0,128.0
61520,260.0,128.0,148.0,150.0
61521,241.0,71.0,142.0,142.0
61522,263.0,185.0,154.0,132.0
61523,233.0,107.0,134.0,134.0
61524,244.0,121.0,122.0,126.0
61525,243.0,72.0,125.0,138.0
61526,257.0,225.0,149.0,140.0
61527,250.0,208.0,136.0,131.0
61528,251.0,121.0,126.0,141.0
61529,273.0,240.0,153.0,157.0
61530,241.0,117.0,136.0,128.0
61531,257.0,150.0,158.0,151.0
61532,253.0,111.0,142.0,134.0
61533,268.0,158.0,159.0,142.0
61534,256.0,122.0,130.0,147.0
61535,238.0,194.0,123.0,124.0
61536,257.0,129.0,144.0,135.0
61537,282.0,245.0,156.0,154.0
61538,252.0,134.0,147.0,139.0
61539,263.0,241.0,144.0,146.0
61540,232.0,75.0,128.0,125.0
61541,239.0,149.0,144.0,129.0
61542,255.0,129.0,150.0,143.0
61543,265.0,169.0,141.0,155.0
61544,254.0,127.0,157.0,158.0
61545,224.0,104.0,121.0,123.0
61546,244.0,152.0,135.0,141.0
61547,260.0,132.0,148.0,151.0
61548,241.0,88.0,132.0,126.0
61549,272.0,247.0,161.0,155.0
61550,231.0,73.0,124.0,130.0
61551,247.0,225.0,128.0,137.0
61552,249.0,97.0,142.0,146.0
61553,272.0,114.0,152.0,161.0
61554,253.0,151.0,153.0,128.0
61555,247.0,66.0,130.0,135.0
61556,259.0,116.0,149.0,143.0
61557,244.0,102.0,137.0,143.0
61558,264.0,105.0,142.0,149.0
61559,235.0,170.0,130.0,137.0
61560,240.0,122.0,131.0,137.0
61561,244.0,92.0,138.0,131.0
61562,253.0,154.0,152.0,142.0
61563,230.0,108.0,122.0,130.0
61564,216.0,193.0,117.0,110.0
61565,250.0,167.0,135.0,135.0
61566,246.0,213.0,141.0,134.0
61567,250.0,226.0,123.0,143.0
61568,256.0,245.0,155.0,150.0
61569,267.0,86.0,141.0,150.0
61570,259.0,157.0,137.0,146.0
61571,248.0,143.0,133.0,137.0
61572,222.0,65.0,127.0,133.0
61573,256.0,152.0,135.0,142.0
61574,262.0,244.0,160.0,146.0
61575,248.0,118.0,142.0,133.0
61576,249.0,119.0,135.0,127.0
61577,256.0,108.0,146.0,147.0
61578,242.0,220.0,120.0,129.0
61579,249.0,106.0,133.0,144.0
61580,253.0,133.0,133.0,158.0
61581,249.0,124.0,146.0,143.0
61582,251.0,85.0,129.0,142.0
61583,249.0,109.0,140.0,141.0
61584,271.0,151.0,152.0,156.0
61585,251.0,74.0,141.0,141.0
61586,248.0,74.0,146.0,145.0
61587,244.0,210.0,134.0,144.0
61588,219.0,191.0,131.0,134.0
61589,251.0,94.0,125.0,141.0
61590,250.0,139.0,126.0,132.0
61591,231.0,110.0,142.0,129.0
61592,270.0,237.0,158.0,137.0
61593,251.0,101.0,146.0,143.0
61594,246.0,70.0,128.0,151.0
61595,228.0,108.0,133.0,125.0
61596,241.0,120.0,140.0,138.0
61597,265.0,131.0,141.0,147.0
61598,239.0,113.0,125.0,121.0
61599,269.0,147.0,137.0,148.0
61600,269.0,233.0,155.0,145.0
61601,246.0,76.0,146.0,127.0
61602,239.0,170.0,154.0,138.0
61603,260.0,93.0,141.0,138.0
61604,242.0,199.0,122.0,145.0
61605,241.0,102.0,141.0,117.0
61606,267.0,130.0,151.0,149.0
61607,251.0,132.0,145.0,150.0
61608,233.0,213.0,136.0,128.0
61609,244.0,92.0,133.0,136.0
61610,249.0,89.0,140.0,148.0
61611,267.0,115.0,154.0,135.0
61612,269.0,211.0,151.0,152.0
61613,243.0,62.0,138.0,128.0
61614,266.0,140.0,135.0,142.0
61615,264.0,216.0,141.0,156.0
61616,273.0,131.0,151.0,162.0
61617,233.0,198.0,122.0,128.0
61618,252.0,109.0,148.0,140.0
61619,251.0,219.0,145.0,146.0
61620,250.0,116.0,136.0,118.0
61621,271.0,125.0,141.0,157.0
61622,243.0,84.0,130.0,123.0
61623,236.0,106.0,135.0,129.0
61624,243.0,109.0,140.0,143.0
61625,252.0,204.0,131.0,147.0
61626,268.0,159.0,151.0,156.0
61627,236.0,134.0,141.0,121.0
61628,247.0,237.0,130.0,125.0
61629,266.0,118.0,154.0,151.0
61630,243.0,144.0,132.0,149.0
61631,267.0,114.0,159.0,159.0
61632,255.0,59.0,137.0,146.0
61633,239.0,123.0,129.0,139.0
61634,275.0,143.0,149.0,153.0
61635,255.0,138.0,144.0,153.0
61636,243.0,99.0,139.0,137.0
61637,237.0,197.0,119.0,136.0
61638,268.0,108.0,157.0,145.0
61639,243.0,211.0,141.0,140.0
61640,260.0,185.0,150.0,154.0
61641,268.0,110.0,144.0,149.0
61642,253.0,83.0,152.0,146.0
61643,234.0,91.0,124.0,124.0
61644,247.0,90.0,132.0,121.0
61645,264.0,131.0,141.0,159.0
61646,269.0,140.0,158.0,162.0
61647,241.0,84.0,127.0,104.0
61648,262.0,175.0,139.0,147.0
61649,253.0,95.0,136.0,127.0
61650,287.0,112.0,160.0,154.0
61651,242.0,205.0,142.0,140.0
61652,256.0,80.0,145.0,146.0
61653,268.0,237.0,150.0,154.0
61654,248.0,115.0,141.0,134.0
61655,257.0,117.0,148.0,154.0
61656,269.0,130.0,147.0,139.0
61657,247.0,205.0,133.0,134.0
61658,260.0,141.0,169.0,136.0
61659,255.0,109.0,139.0,140.0
61660,261.0,233.0,158.0,140.0
61661,239.0,97.0,136.0,144.0
61662,216.0,81.0,120.0,126.0
61663,249.0,99.0,132.0,134.0
61664,258.0,144.0,171.0,145.0
61665,252.0,229.0,147.0,133.0
61666,238.0,96.0,136.0,137.0
61667,270.0,111.0,144.0,153.0
61668,229.0,117.0,131.0,138.0
61669,248.0,102.0,137.0,133.0
61670,256.0,218.0,158.0,138.0
61671,239.0,96.0,127.0,135.0
61672,268.0,111.0,162.0,142.0
61673,238.0,94.0,143.0,139.0
61674,232.0,75.0,119.0,141.0
61675,230.0,199.0,120.0,134.0
61676,256.0,221.0,145.0,146.0
61677,223.0,114.0,103.0,126.0
61678,242.0,146.0,136.0,145.0
61679,255.0,104.0,147.0,153.0
61680,243.0,123.0,127.0,136.0
61681,240.0,201.0,131.0,132.0
61682,270.0,267.0,172.0,154.0
61683,256.0,116.0,142.0,142.0
61684,215.0,85.0,112.0,124.0
61685,252.0,227.0,127.0,142.0
61686,261.0,73.0,158.0,159.0
61687,277.0,212.0,162.0,154.0
61688,268.0,122.0,165.0,141.0
61689,261.0,90.0,146.0,134.0
61690,245.0,95.0,129.0,160.0
61691,256.0,225.0,143.0,166.0
61692,229.0,66.0,119.0,112.0
61693,241.0,119.0,121.0,136.0
61694,246.0,116.0,138.0,141.0
61695,225.0,101.0,139.0,133.0
61696,241.0,169.0,147.0,139.0
61697,257.0,128.0,152.0,147.0
61698,239.0,76.0,115.0,125.0
61699,247.0,135.0,137.0,147.0
61700,244.0,155.0,135.0,128.0
61701,257.0,214.0,155.0,142.0
61702,233.0,203.0,135.0,141.0
61703,246.0,228.0,137.0,146.0
61704,258.0,171.0,152.0,148.0
61705,245.0,222.0,141.0,137.0
61706,249.0,66.0,137.0,129.0
61707,235.0,98.0,142.0,116.0
61708,252.0,116.0,150.0,125.0
61709,232.0,114.0,134.0,133.0
61710,231.0,31.0,143.0,134.0
61711,222.0,89.0,131.0,133.0
61712,269.0,232.0,150.0,152.0
61713,265.0,117.0,142.0,136.0
61714,236.0,98.0,136.0,124.0
61715,235.0,103.0,127.0,129.0
61716,254.0,81.0,134.0,158.0
61717,251.0,123.0,147.0,137.0
61718,232.0,161.0,131.0,140.0
61719,252.0,229.0,159.0,141.0
61720,259.0,120.0,144.0,136.0
61721,233.0,144.0,140.0,129.0
61722,282.0,241.0,159.0,160.0
61723,232.0,143.0,137.0,122.0
61724,254.0,94.0,138.0,146.0
61725,244.0,206.0,143.0,142.0
61726,268.0,230.0,162.0,155.0
61727,261.0,232.0,152.0,134.0
61728,241.0,168.0,130.0,133.0
61729,243.0,128.0,144.0,132.0
61730,246.0,216.0,149.0,133.0
61731,269.0,78.0,161.0,153.0
61732,269.0,151.0,150.0,148.0
61733,255.0,227.0,153.0,144.0
61734,244.0,100.0,137.0,147.0
61735,255.0,238.0,130.0,154.0
61736,238.0,91.0,136.0,122.0
61737,280.0,276.0,153.0,167.0
61738,238.0,117.0,121.0,124.0
61739,230.0,91.0,128.0,130.0
61740,272.0,70.0,152.0,165.0
61741,252.0,81.0,138.0,155.0
61742,247.0,132.0,141.0,131.0
61743,244.0,43.0,146.0,124.0
61744,252.0,77.0,121.0,146.0
61745,251.0,116.0,156.0,132.0
61746,247.0,89.0,147.0,125.0
61747,230.0,213.0,128.0,124.0
61748,246.0,217.0,144.0,133.0
61749,252.0,91.0,155.0,145.0
61750,241.0,112.0,127.0,138.0
61751,247.0,161.0,140.0,133.0
61752,256.0,120.0,145.0,150.0
61753,243.0,131.0,127.0,139.0
61754,234.0,103.0,133.0,126.0
61755,262.0,109.0,154.0,173.0
61756,255.0,102.0,136.0,138.0
61757,247.0,108.0,153.0,128.0
61758,255.0,122.0,141.0,145.0
61759,236.0,205.0,125.0,128.0
61760,261.0,243.0,156.0,145.0
61761,249.0,138.0,138.0,138.0
61762,244.0,216.0,137.0,130.0
61763,285.0,125.0,154.0,168.0
61764,239.0,97.0,128.0,120.0
61765,253.0,107.0,145.0,141.0
61766,253.0,218.0,133.0,142.0
61767,248.0,214.0,134.0,139.0
61768,267.0,231.0,133.0,158.0
61769,244.0,110.0,126.0,129.0
61770,241.0,67.0,137.0,135.0
61771,255.0,179.0,133.0,146.0
61772,258.0,160.0,151.0,143.0
61773,236.0,103.0,136.0,134.0
61774,238.0,137.0,138.0,129.0
61775,241.0,83.0,150.0,133.0
61776,236.0,138.0,130.0,136.0
61777,283.0,86.0,154.0,150.0
61778,255.0,105.0,142.0,145.0
61779,249.0,110.0,135.0,151.0
61780,225.0,93.0,128.0,133.0
61781,233.0,133.0,126.0,130.0
61782,259.0,118.0,153.0,145.0
61783,264.0,223.0,163.0,161.0
61784,246.0,138.0,133.0,130.0
61785,243.0,78.0,129.0,144.0
61786,249.0,111.0,144.0,131.0
61787,250.0,158.0,149.0,145.0
61788,225.0,81.0,121.0,127.0
61789,272.0,123.0,159.0,151.0
61790,241.0,131.0,139.0,142.0
61791,229.0,87.0,121.0,136.0
61792,267.0,99.0,157.0,156.0
61793,247.0,205.0,136.0,145.0
61794,255.0,122.0,141.0,134.0
61795,245.0,81.0,115.0,121.0
61796,232.0,80.0,136.0,129.0
61797,252.0,88.0,158.0,141.0
61798,248.0,157.0,136.0,146.0
61799,247.0,133.0,156.0,140.0
61800,241.0,105.0,136.0,145.0
61801,228.0,187.0,132.0,133.0
61802,269.0,216.0,144.0,154.0
61803,241.0,211.0,128.0,134.0
61804,241.0,209.0,140.0,148.0
61805,240.0,216.0,132.0,135.0
61806,219.0,57.0,131.0,122.0
61807,244.0,94.0,126.0,147.0
61808,236.0,127.0,130.0,126.0
61809,257.0,98.0,135.0,153.0
61810,264.0,172.0,150.0,157.0
61811,243.0,124.0,138.0,127.0
61812,240.0,73.0,135.0,129.0
61813,245.0,123.0,149.0,142.0
61814,264.0,93.0,152.0,160.0
61815,263.0,141.0,143.0,143.0
61816,253.0,253.0,140.0,138.0
61817,241.0,202.0,142.0,126.0
61818,251.0,135.0,147.0,150.0
61819,248.0,85.0,137.0,135.0
61820,237.0,133.0,148.0,133.0
61821,271.0,222.0,151.0,155.0
61822,262.0,126.0,146.0,143.0
61823,262.0,253.0,137.0,158.0
61824,249.0,201.0,150.0,135.0
61825,234.0,111.0,135.0,133.0
61826,238.0,84.0,134.0,138.0
61827,247.0,97.0,131.0,135.0
61828,261.0,229.0,146.0,134.0
61829,227.0,195.0,122.0,135.0
61830,262.0,139.0,149.0,153.0
61831,255.0,113.0,152.0,133.0
61832,245.0,90.0,146.0,139.0
61833,268.0,158.0,149.0,146.0
61834,250.0,216.0,154.0,133.0
61835,244.0,225.0,122.0,136.0
61836,259.0,112.0,140.0,152.0
61837,234.0,124.0,127.0,137.0
61838,244.0,101.0,137.0,151.0
61839,243.0,61.0,143.0,139.0
61840,237.0,200.0,134.0,134.0
61841,275.0,139.0,157.0,151.0
61842,264.0,195.0,155.0,157.0
61843,279.0,112.0,148.0,156.0
61844,237.0,104.0,130.0,143.0
61845,261.0,78.0,156.0,174.0
61846,248.0,93.0,141.0,134.0
61847,231.0,192.0,120.0,128.0
61848,248.0,101.0,134.0,134.0
61849,243.0,169.0,145.0,138.0
61850,246.0,85.0,137.0,143.0
61851,256.0,60.0,156.0,140.0
61852,252.0,113.0,140.0,147.0
61853,249.0,211.0,137.0,146.0
61854,281.0,112.0,156.0,168.0
61855,240.0,141.0,130.0,141.0
61856,273.0,153.0,151.0,146.0
61857,231.0,104.0,139.0,137.0
61858,283.0,92.0,147.0,162.0
61859,233.0,164.0,130.0,136.0
61860,270.0,159.0,158.0,137.0
61861,243.0,105.0,124.0,135.0
61862,228.0,95.0,134.0,130.0
61863,263.0,152.0,155.0,154.0
61864,231.0,227.0,113.0,144.0
61865,261.0,107.0,140.0,152.0
61866,243.0,63.0,140.0,142.0
61867,236.0,131.0,112.0,128.0
61868,242.0,107.0,137.0,136.0
61869,242.0,157.0,136.0,128.0
61870,232.0,64.0,130.0,131.0
61871,230.0,66.0,124.0,120.0
61872,255.0,95.0,143.0,147.0
61873,244.0,94.0,139.0,134.0
61874,232.0,84.0,137.0,129.0
61875,248.0,113.0,134.0,157.0
61876,243.0,74.0,149.0,131.0
61877,248.0,118.0,137.0,130.0
61878,244.0,105.0,149.0,138.0
61879,258.0,95.0,137.0,148.0
61880,241.0,106.0,140.0,128.0
61881,267.0,104.0,147.0,148.0
61882,242.0,111.0,139.0,141.0
61883,252.0,227.0,146.0,145.0
61884,266.0,111.0,145.0,158.0
61885,253.0,111.0,143.0,137.0
61886,274.0,117.0,153.0,166.0
61887,235.0,103.0,140.0,128.0
61888,244.0,104.0,135.0,138.0
61889,248.0,221.0,140.0,140.0
61890,270.0,119.0,158.0,156.0
61891,223.0,104.0,123.0,122.0
61892,270.0,177.0,153.0,153.0
61893,267.0,219.0,139.0,157.0
61894,253.0,96.0,150.0,124.0
61895,244.0,221.0,148.0,141.0
61896,276.0,118.0,150.0,155.0
61897,255.0,98.0,156.0,150.0
61898,248.0,78.0,136.0,133.0
61899,253.0,119.0,143.0,134.0
61900,256.0,249.0,148.0,131.0
61901,240.0,103.0,134.0,139.0
61902,239.0,139.0,144.0,138.0
61903,268.0,240.0,164.0,152.0
61904,290.0,151.0,148.0,166.0
61905,246.0,70.0,141.0,160.0
61906,271.0,64.0,155.0,165.0
61907,246.0,209.0,133.0,150.0
61908,256.0,219.0,134.0,142.0
61909,266.0,124.0,146.0,173.0
61910,238.0,213.0,129.0,131.0
61911,256.0,97.0,142.0,139.0
61912,242.0,170.0,142.0,146.0
61913,227.0,197.0,141.0,127.0
61914,250.0,210.0,128.0,143.0
61915,251.0,168.0,150.0,149.0
61916,235.0,103.0,121.0,131.0
61917,252.0,116.0,147.0,154.0
61918,264.0,232.0,159.0,137.0
61919,266.0,227.0,157.0,138.0
61920,238.0,192.0,126.0,137.0
61921,255.0,226.0,147.0,150.0
61922,241.0,118.0,133.0,141.0
61923,247.0,126.0,149.0,140.0
61924,241.0,136.0,134.0,143.0
61925,250.0,240.0,161.0,130.0
61926,234.0,78.0,133.0,131.0
61927,254.0,61.0,124.0,138.0
61928,269.0,129.0,158.0,143.0
61929,249.0,246.0,134.0,155.0
61930,252.0,92.0,130.0,135.0
61931,276.0,237.0,145.0,148.0
61932,237.0,230.0,147.0,126.0
61933,243.0,240.0,130.0,143.0
61934,237.0,102.0,141.0,135.0
61935,236.0,133.0,131.0,136.0
61936,272.0,132.0,146.0,156.0
61937,251.0,154.0,141.0,143.0
61938,278.0,95.0,159.0,155.0
61939,245.0,118.0,130.0,131.0
61940,250.0,115.0,129.0,151.0
61941,246.0,204.0,133.0,113.0
61942,250.0,96.0,142.0,141.0
61943,245.0,118.0,144.0,140.0
61944,241.0,209.0,141.0,126.0
61945,262.0,107.0,136.0,144.0
61946,238.0,204.0,124.0,145.0
61947,245.0,212.0,135.0,139.0
61948,262.0,229.0,151.0,155.0
61949,262.0,136.0,149.0,135.0
61950,269.0,217.0,146.0,147.0
61951,268.0,188.0,172.0,158.0
61952,244.0,96.0,139.0,139.0
61953,252.0,129.0,129.0,137.0
61954,254.0,203.0,150.0,138.0
61955,256.0,122.0,147.0,133.0
61956,261.0,113.0,155.0,155.0
61957,236.0,117.0,133.0,134.0
61958,257.0,251.0,152.0,139.0
61959,224.0,213.0,122.0,128.0
61960,255.0,60.0,150.0,144.0
61961,287.0,256.0,164.0,163.0
61962,251.0,155.0,136.0,128.0
61963,226.0,134.0,123.0,126.0
61964,258.0,105.0,148.0,133.0
61965,229.0,207.0,137.0,129.0
61966,253.0,152.0,132.0,134.0
61967,241.0,108.0,126.0,137.0
61968,257.0,112.0,139.0,156.0
61969,251.0,156.0,133.0,143.0
61970,247.0,109.0,136.0,145.0
61971,263.0,126.0,145.0,146.0
61972,246.0,145.0,150.0,142.0
61973,252.0,230.0,138.0,141.0
61974,239.0,92.0,143.0,142.0
61975,259.0,140.0,154.0,153.0
61976,258.0,207.0,135.0,147.0
61977,254.0,150.0,145.0,139.0
61978,248.0,71.0,127.0,137.0
61979,259.0,101.0,140.0,128.0
61980,255.0,152.0,148.0,156.0
61981,255.0,99.0,160.0,131.0
61982,261.0,84.0,143.0,145.0
61983,262.0,146.0,141.0,161.0
61984,233.0,88.0,133.0,128.0
61985,227.0,79.0,132.0,132.0
61986,262.0,90.0,140.0,144.0
61987,241.0,97.0,150.0,134.0
61988,251.0,132.0,128.0,135.0
61989,252.0,113.0,140.0,155.0
61990,259.0,110.0,143.0,132.0
61991,267.0,263.0,153.0,146.0
61992,245.0,67.0,121.0,136.0
61993,256.0,124.0,145.0,146.0
61994,246.0,210.0,141.0,129.0
61995,243.0,233.0,146.0,137.0
61996,252.0,130.0,128.0,132.0
61997,244.0,118.0,138.0,139.0
61998,244.0,124.0,136.0,151.0
61999,256.0,204.0,156.0,141.0
62000,246.0,103.0,126.0,150.0
62001,269.0,124.0,148.0,135.0
62002,259.0,252.0,144.0,145.0
62003,245.0,98.0,140.0,149.0
62004,246.0,67.0,133.0,130.0
62005,270.0,244.0,169.0,139.0
62006,263.0,228.0,153.0,164.0
62007,243.0,124.0,142.0,144.0
62008,257.0,243.0,153.0,131.0
62009,248.0,226.0,144.0,132.0
62010,242.0,203.0,126.0,127.0
62011,249.0,209.0,141.0,148.0
62012,249.0,90.0,140.0,144.0
62013,250.0,100.0,159.0,137.0
62014,260.0,116.0,144.0,152.0
62015,270.0,226.0,159.0,143.0
62016,261.0,114.0,148.0,140.0
62017,264.0,119.0,140.0,159.0
62018,252.0,211.0,159.0,131.0
62019,268.0,117.0,133.0,152.0
62020,266.0,162.0,145.0,163.0
62021,250.0,86.0,123.0,136.0
62022,235.0,199.0,119.0,128.0
62023,236.0,227.0,144.0,126.0
62024,272.0,102.0,162.0,158.0
62025,264.0,88.0,159.0,143.0
62026,239.0,58.0,119.0,137.0
62027,252.0,150.0,146.0,138.0
62028,230.0,90.0,119.0,135.0
62029,257.0,101.0,139.0,161.0
62030,252.0,83.0,140.0,141.0
62031,242.0,110.0,136.0,129.0
62032,264.0,95.0,147.0,160.0
62033,265.0,84.0,129.0,151.0
62034,239.0,103.0,133.0,153.0
62035,260.0,167.0,135.0,146.0
62036,280.0,224.0,168.0,154.0
62037,251.0,104.0,146.0,137.0
62038,245.0,148.0,140.0,128.0
62039,252.0,114.0,144.0,141.0
62040,251.0,93.0,148.0,145.0
62041,231.0,93.0,135.0,126.0
62042,240.0,128.0,137.0,139.0
62043,262.0,123.0,158.0,154.0
62044,255.0,127.0,156.0,145.0
62045,247.0,111.0,141.0,147.0
62046,236.0,191.0,126.0,140.0
62047,240.0,158.0,141.0,142.0
62048,236.0,201.0,124.0,127.0
62049,276.0,107.0,166.0,154.0
62050,241.0,90.0,138.0,124.0
62051,250.0,218.0,143.0,142.0
62052,268.0,103.0,149.0,143.0
62053,247.0,114.0,134.0,125.0
62054,248.0,108.0,127.0,138.0
62055,242.0,137.0,150.0,124.0
62056,257.0,118.0,150.0,145.0
62057,242.0,93.0,125.0,135.0
62058,277.0,147.0,166.0,156.0
62059,246.0,51.0,138.0,151.0
62060,251.0,125.0,156.0,126.0
62061,236.0,233.0,148.0,146.0
62062,225.0,222.0,127.0,131.0
62063,258.0,254.0,158.0,150.0
62064,247.0,121.0,156.0,145.0
62065,258.0,254.0,149.0,157.0
62066,292.0,162.0,170.0,145.0
62067,274.0,148.0,159.0,159.0
62068,256.0,90.0,130.0,142.0
62069,258.0,98.0,147.0,135.0
62070,256.0,92.0,141.0,148.0
62071,246.0,83.0,138.0,145.0
62072,247.0,125.0,142.0,134.0
62073,242.0,158.0,127.0,126.0
62074,261.0,100.0,136.0,146.0
62075,226.0,88.0,117.0,124.0
62076,229.0,135.0,136.0,128.0
62077,261.0,144.0,154.0,150.0
62078,257.0,111.0,158.0,152.0
62079,262.0,98.0,143.0,145.0
62080,271.0,135.0,139.0,166.0
62081,264.0,264.0,145.0,143.0
62082,229.0,220.0,122.0,128.0
62083,245.0,94.0,129.0,135.0
62084,272.0,79.0,148.0,167.0
62085,258.0,88.0,138.0,139.0
62086,259.0,233.0,143.0,152.0
62087,245.0,199.0,152.0,140.0
62088,248.0,221.0,140.0,140.0
62089,242.0,119.0,142.0,143.0
62090,268.0,224.0,149.0,146.0
62091,248.0,88.0,131.0,142.0
62092,265.0,217.0,148.0,138.0
62093,238.0,123.0,135.0,126.0
62094,234.0,230.0,126.0,140.0
62095,257.0,148.0,152.0,135.0
62096,253.0,116.0,134.0,141.0
62097,266.0,100.0,151.0,138.0
62098,239.0,97.0,141.0,141.0
62099,265.0,117.0,149.0,148.0
62100,247.0,78.0,133.0,130.0
62101,235.0,186.0,132.0,143.0
62102,267.0,123.0,157.0,156.0
62103,243.0,93.0,135.0,121.0
62104,251.0,103.0,138.0,136.0
62105,232.0,121.0,130.0,127.0
62106,253.0,100.0,145.0,150.0
62107,245.0,204.0,148.0,143.0
62108,246.0,98.0,141.0,135.0
62109,267.0,265.0,164.0,168.0
62110,227.0,205.0,123.0,129.0
62111,244.0,59.0,145.0,148.0
62112,232.0,69.0,128.0,142.0
62113,257.0,88.0,143.0,149.0
62114,256.0,155.0,140.0,137.0
62115,247.0,152.0,140.0,134.0
62116,260.0,86.0,145.0,144.0
62117,249.0,111.0,143.0,139.0
62118,234.0,84.0,130.0,117.0
62119,235.0,218.0,133.0,130.0
62120,264.0,116.0,150.0,146.0
62121,265.0,131.0,151.0,137.0
62122,273.0,265.0,144.0,149.0
62123,241.0,115.0,121.0,134.0
62124,259.0,117.0,158.0,158.0
62125,243.0,134.0,146.0,149.0
62126,230.0,112.0,128.0,146.0
62127,274.0,76.0,162.0,153.0
62128,256.0,209.0,147.0,154.0
62129,265.0,123.0,159.0,153.0
62130,249.0,119.0,132.0,140.0
62131,252.0,97.0,156.0,138.0
62132,249.0,102.0,134.0,140.0
62133,257.0,224.0,147.0,161.0
62134,258.0,136.0,150.0,145.0
62135,233.0,109.0,133.0,133.0
62136,257.0,96.0,133.0,141.0
62137,245.0,96.0,148.0,141.0
62138,274.0,248.0,157.0,154.0
62139,269.0,115.0,144.0,151.0
62140,243.0,152.0,124.0,134.0
62141,255.0,104.0,137.0,149.0
62142,238.0,210.0,142.0,123.0
62143,252.0,224.0,146.0,142.0
62144,263.0,126.0,135.0,152.0
62145,267.0,118.0,145.0,147.0
62146,270.0,113.0,147.0,153.0
62147,235.0,102.0,123.0,114.0
62148,270.0,255.0,141.0,156.0
62149,261.0,138.0,141.0,137.0
62150,246.0,69.0,135.0,127.0
62151,262.0,103.0,160.0,153.0
62152,248.0,93.0,142.0,154.0
62153,253.0,96.0,126.0,138.0
62154,248.0,118.0,154.0,143.0
62155,232.0,62.0,135.0,132.0
62156,244.0,90.0,133.0,132.0
62157,235.0,156.0,134.0,118.0
62158,257.0,65.0,140.0,138.0
62159,239.0,102.0,133.0,137.0
62160,254.0,138.0,153.0,142.0
62161,258.0,118.0,138.0,143.0
62162,257.0,107.0,130.0,139.0
62163,235.0,111.0,136.0,120.0
62164,244.0,119.0,128.0,148.0
62165,272.0,134.0,167.0,161.0
62166,244.0,46.0,145.0,142.0
62167,249.0,130.0,137.0,142.0
62168,248.0,215.0,128.0,134.0
62169,257.0,171.0,129.0,151.0
62170,281.0,81.0,163.0,169.0
62171,246.0,203.0,127.0,151.0
62172,273.0,158.0,163.0,138.0
62173,229.0,68.0,136.0,140.0
62174,250.0,205.0,159.0,145.0
62175,245.0,138.0,136.0,130.0
62176,261.0,150.0,139.0,147.0
62177,260.0,96.0,141.0,150.0
62178,266.0,98.0,147.0,139.0
62179,230.0,188.0,132.0,145.0
62180,260.0,127.0,148.0,136.0
62181,238.0,203.0,133.0,126.0
62182,249.0,228.0,149.0,150.0
62183,256.0,103.0,144.0,139.0
62184,254.0,115.0,126.0,142.0
62185,273.0,112.0,149.0,172.0
62186,249.0,42.0,158.0,149.0
62187,264.0,228.0,135.0,153.0
62188,250.0,152.0,150.0,134.0
62189,278.0,92.0,153.0,159.0
62190,264.0,97.0,157.0,135.0
62191,242.0,111.0,136.0,126.0
62192,281.0,131.0,160.0,155.0
62193,251.0,114.0,142.0,142.0
62194,235.0,107.0,140.0,133.0
62195,250.0,217.0,125.0,138.0
62196,247.0,198.0,138.0,133.0
62197,243.0,195.0,135.0,146.0
62198,240.0,180.0,148.0,133.0
62199,263.0,221.0,148.0,138.0
62200,272.0,222.0,166.0,144.0
62201,236.0,195.0,142.0,131.0
62202,230.0,133.0,136.0,130.0
62203,258.0,106.0,143.0,137.0
62204,255.0,78.0,160.0,133.0
62205,244.0,201.0,139.0,151.0
62206,246.0,104.0,154.0,139.0
62207,257.0,117.0,137.0,137.0
62208,232.0,115.0,131.0,145.0
62209,242.0,102.0,143.0,139.0
62210,260.0,134.0,126.0,136.0
62211,271.0,99.0,144.0,151.0
62212,224.0,121.0,108.0,127.0
62213,273.0,164.0,164.0,148.0
62214,236.0,72.0,122.0,139.0
62215,254.0,100.0,134.0,141.0
62216,257.0,171.0,158.0,153.0
62217,210.0,82.0,122.0,126.0
62218,264.0,76.0,158.0,152.0
62219,252.0,144.0,148.0,139.0
62220,244.0,132.0,137.0,143.0
62221,243.0,129.0,146.0,128.0
62222,278.0,138.0,156.0,155.0
62223,270.0,99.0,153.0,145.0
62224,255.0,233.0,128.0,146.0
62225,252.0,126.0,154.0,145.0
62226,242.0,124.0,149.0,140.0
62227,246.0,210.0,150.0,144.0
62228,248.0,211.0,150.0,143.0
62229,265.0,122.0,158.0,150.0
62230,241.0,89.0,129.0,126.0
62231,259.0,146.0,149.0,133.0
62232,244.0,144.0,133.0,136.0
62233,256.0,116.0,142.0,140.0
62234,261.0,229.0,146.0,133.0
62235,254.0,133.0,144.0,151.0
62236,251.0,236.0,144.0,133.0
62237,227.0,90.0,130.0,119.0
62238,259.0,151.0,129.0,135.0
62239,248.0,121.0,123.0,133.0
62240,260.0,228.0,155.0,139.0
62241,220.0,188.0,127.0,123.0
62242,237.0,68.0,147.0,147.0
62243,219.0,143.0,125.0,118.0
62244,238.0,98.0,125.0,136.0
62245,265.0,230.0,143.0,128.0
62246,256.0,95.0,150.0,136.0
62247,226.0,126.0,137.0,132.0
62248,243.0,95.0,148.0,129.0
62249,278.0,156.0,144.0,143.0
62250,246.0,91.0,146.0,143.0
62251,240.0,212.0,136.0,136.0
62252,224.0,115.0,144.0,135.0
62253,255.0,219.0,159.0,154.0
62254,237.0,196.0,120.0,133.0
62255,215.0,149.0,129.0,131.0
62256,244.0,60.0,138.0,126.0
62257,273.0,104.0,158.0,151.0
62258,225.0,119.0,125.0,127.0
62259,248.0,105.0,143.0,140.0
62260,249.0,166.0,130.0,133.0
62261,250.0,25.0,129.0,144.0
62262,234.0,132.0,132.0,132.0
62263,255.0,204.0,157.0,136.0
62264,254.0,102.0,145.0,136.0
62265,267.0,143.0,147.0,152.0
62266,264.0,228.0,140.0,158.0
62267,267.0,241.0,143.0,159.0
62268,239.0,217.0,140.0,119.0
62269,238.0,95.0,146.0,135.0
62270,239.0,85.0,130.0,130.0
62271,240.0,111.0,138.0,131.0
62272,267.0,141.0,153.0,155.0
62273,260.0,228.0,137.0,150.0
62274,239.0,215.0,138.0,129.0
62275,241.0,204.0,136.0,139.0
62276,257.0,115.0,141.0,146.0
62277,277.0,104.0,145.0,156.0
62278,262.0,81.0,140.0,138.0
62279,273.0,191.0,154.0,162.0
62280,258.0,110.0,132.0,143.0
62281,250.0,98.0,125.0,148.0
62282,230.0,132.0,135.0,147.0
62283,234.0,123.0,132.0,129.0
62284,236.0,128.0,142.0,128.0
62285,271.0,103.0,138.0,144.0
62286,247.0,132.0,139.0,132.0
62287,255.0,102.0,131.0,143.0
62288,257.0,109.0,140.0,137.0
62289,254.0,108.0,151.0,132.0
62290,263.0,225.0,139.0,144.0
62291,244.0,151.0,137.0,128.0
62292,268.0,240.0,167.0,160.0
62293,248.0,166.0,139.0,147.0
62294,240.0,134.0,130.0,120.0
62295,252.0,239.0,134.0,148.0
62296,237.0,140.0,136.0,120.0
62297,268.0,202.0,150.0,162.0
62298,258.0,227.0,144.0,145.0
62299,228.0,112.0,129.0,138.0
62300,256.0,212.0,155.0,154.0
62301,251.0,159.0,133.0,170.0
62302,257.0,128.0,151.0,149.0
62303,258.0,93.0,137.0,137.0
62304,244.0,114.0,134.0,139.0
62305,243.0,210.0,144.0,128.0
62306,231.0,111.0,132.0,136.0
62307,261.0,125.0,144.0,136.0
62308,268.0,120.0,150.0,158.0
62309,242.0,82.0,120.0,137.0
62310,268.0,104.0,129.0,156.0
62311,244.0,73.0,130.0,129.0
62312,267.0,130.0,145.0,146.0
62313,235.0,97.0,126.0,131.0
62314,245.0,101.0,128.0,149.0
62315,259.0,108.0,138.0,164.0
62316,241.0,114.0,121.0,141.0
62317,267.0,125.0,167.0,156.0
62318,257.0,251.0,161.0,148.0
62319,259.0,106.0,146.0,151.0
62320,249.0,122.0,138.0,151.0
62321,237.0,132.0,138.0,137.0
62322,262.0,126.0,153.0,135.0
62323,250.0,227.0,145.0,144.0
62324,274.0,179.0,156.0,151.0
62325,239.0,129.0,137.0,143.0
62326,262.0,128.0,142.0,145.0
62327,241.0,241.0,139.0,130.0
62328,231.0,152.0,131.0,125.0
62329,264.0,251.0,163.0,157.0
62330,249.0,102.0,147.0,152.0
62331,226.0,105.0,122.0,118.0
62332,263.0,121.0,150.0,144.0
62333,272.0,129.0,141.0,135.0
62334,275.0,233.0,152.0,158.0
62335,225.0,192.0,125.0,111.0
62336,248.0,124.0,144.0,136.0
62337,221.0,90.0,133.0,132.0
62338,253.0,94.0,145.0,150.0
62339,255.0,228.0,146.0,144.0
62340,235.0,144.0,145.0,135.0
62341,247.0,70.0,140.0,138.0
62342,271.0,234.0,168.0,169.0
62343,256.0,224.0,148.0,146.0
62344,279.0,161.0,146.0,147.0
62345,225.0,94.0,138.0,123.0
62346,238.0,202.0,145.0,133.0
62347,240.0,119.0,131.0,132.0
62348,253.0,153.0,136.0,139.0
62349,244.0,215.0,145.0,145.0
62350,244.0,145.0,149.0,140.0
62351,241.0,205.0,130.0,145.0
62352,271.0,115.0,150.0,155.0
62353,258.0,224.0,142.0,136.0
62354,246.0,166.0,150.0,133.0
62355,250.0,120.0,147.0,136.0
62356,238.0,137.0,142.0,135.0
62357,249.0,202.0,143.0,149.0
62358,287.0,259.0,159.0,149.0
62359,264.0,133.0,145.0,141.0
62360,223.0,103.0,121.0,124.0
62361,230.0,188.0,140.0,123.0
62362,253.0,224.0,144.0,145.0
62363,230.0,133.0,120.0,127.0
62364,233.0,119.0,140.0,132.0
62365,227.0,98.0,123.0,127.0
62366,265.0,109.0,154.0,143.0
62367,242.0,134.0,140.0,125.0
62368,226.0,111.0,119.0,112.0
62369,271.0,97.0,150.0,151.0
62370,232.0,113.0,140.0,124.0
62371,257.0,98.0,152.0,144.0
62372,262.0,169.0,143.0,157.0
62373,256.0,165.0,151.0,147.0
62374,240.0,99.0,140.0,127.0
62375,252.0,117.0,132.0,141.0
62376,244.0,139.0,132.0,132.0
62377,242.0,207.0,137.0,122.0
62378,255.0,118.0,143.0,129.0
62379,240.0,88.0,134.0,133.0
62380,235.0,207.0,137.0,139.0
62381,266.0,80.0,146.0,147.0
62382,241.0,203.0,145.0,144.0
62383,265.0,136.0,138.0,157.0
62384,248.0,210.0,119.0,138.0
62385,253.0,135.0,139.0,129.0
62386,236.0,214.0,131.0,135.0
62387,222.0,199.0,119.0,134.0
62388,224.0,197.0,120.0,126.0
62389,272.0,165.0,145.0,157.0
62390,252.0,129.0,137.0,141.0
62391,252.0,82.0,141.0,161.0
62392,243.0,125.0,143.0,135.0
62393,258.0,189.0,150.0,141.0
62394,236.0,190.0,128.0,143.0
62395,249.0,101.0,141.0,153.0
62396,225.0,109.0,123.0,109.0
62397,247.0,98.0,142.0,130.0
62398,257.0,123.0,149.0,159.0
62399,243.0,117.0,149.0,127.0
62400,281.0,99.0,174.0,153.0
62401,246.0,207.0,136.0,153.0
62402,254.0,103.0,150.0,138.0
62403,254.0,104.0,151.0,145.0
62404,242.0,82.0,133.0,134.0
62405,251.0,115.0,142.0,135.0
62406,257.0,228.0,139.0,152.0
62407,251.0,73.0,133.0,153.0
62408,256.0,107.0,155.0,143.0
62409,232.0,228.0,142.0,115.0
62410,259.0,108.0,149.0,161.0
62411,234.0,136.0,145.0,122.0
62412,246.0,111.0,145.0,142.0
62413,269.0,147.0,142.0,152.0
62414,237.0,115.0,138.0,144.0
62415,237.0,84.0,129.0,132.0
62416,252.0,118.0,142.0,159.0
62417,256.0,235.0,139.0,135.0
62418,263.0,110.0,138.0,158.0
62419,268.0,121.0,147.0,151.0
62420,259.0,113.0,144.0,139.0
62421,248.0,91.0,137.0,139.0
62422,236.0,121.0,125.0,115.0
62423,244.0,95.0,133.0,140.0
62424,241.0,70.0,130.0,143.0
62425,243.0,73.0,132.0,135.0
62426,226.0,108.0,128.0,117.0
62427,257.0,125.0,148.0,144.0
62428,261.0,256.0,156.0,141.0
62429,236.0,151.0,136.0,134.0
62430,281.0,176.0,159.0,165.0
62431,241.0,200.0,143.0,127.0
62432,233.0,93.0,135.0,132.0
62433,251.0,226.0,125.0,138.0
62434,248.0,105.0,139.0,140.0
62435,233.0,136.0,129.0,129.0
62436,261.0,229.0,146.0,146.0
62437,243.0,141.0,137.0,138.0
62438,263.0,107.0,138.0,150.0
62439,237.0,111.0,129.0,126.0
62440,245.0,73.0,148.0,132.0
62441,251.0,107.0,148.0,137.0
62442,264.0,234.0,155.0,157.0
62443,267.0,139.0,146.0,144.0
62444,240.0,137.0,121.0,131.0
62445,250.0,218.0,136.0,142.0
62446,236.0,198.0,124.0,143.0
62447,246.0,114.0,141.0,144.0
62448,275.0,114.0,148.0,162.0
62449,255.0,122.0,145.0,150.0
62450,249.0,132.0,147.0,131.0
62451,255.0,98.0,138.0,149.0
62452,253.0,157.0,153.0,138.0
62453,256.0,114.0,148.0,142.0
62454,260.0,119.0,148.0,150.0
62455,246.0,95.0,141.0,152.0
62456,248.0,220.0,128.0,144.0
62457,267.0,228.0,135.0,164.0
62458,219.0,111.0,119.0,107.0
62459,284.0,238.0,162.0,162.0
62460,254.0,90.0,152.0,145.0
62461,241.0,213.0,125.0,122.0
62462,233.0,110.0,127.0,116.0
62463,254.0,218.0,149.0,148.0
62464,224.0,105.0,120.0,115.0
62465,236.0,106.0,126.0,128.0
62466,252.0,113.0,123.0,148.0
62467,241.0,101.0,145.0,139.0
62468,260.0,141.0,159.0,152.0
62469,280.0,159.0,139.0,136.0
62470,255.0,104.0,144.0,154.0
62471,239.0,82.0,140.0,122.0
62472,262.0,228.0,140.0,153.0
62473,251.0,220.0,144.0,134.0
62474,268.0,118.0,154.0,141.0
62475,230.0,85.0,121.0,140.0
62476,227.0,96.0,128.0,123.0
62477,261.0,229.0,161.0,158.0
62478,265.0,233.0,155.0,151.0
62479,256.0,220.0,145.0,135.0
62480,252.0,136.0,146.0,150.0
62481,241.0,235.0,140.0,138.0
62482,261.0,173.0,157.0,154.0
62483,237.0,233.0,136.0,130.0
62484,238.0,111.0,129.0,127.0
62485,238.0,137.0,135.0,142.0
62486,242.0,125.0,142.0,137.0
62487,261.0,210.0,156.0,140.0
62488,279.0,181.0,154.0,157.0
62489,240.0,99.0,142.0,126.0
62490,251.0,246.0,149.0,143.0
62491,245.0,92.0,151.0,139.0
62492,260.0,254.0,161.0,141.0
62493,226.0,75.0,114.0,117.0
62494,286.0,113.0,169.0,162.0
62495,222.0,79.0,120.0,120.0
62496,253.0,122.0,146.0,134.0
62497,205.0,181.0,110.0,113.0
62498,253.0,88.0,152.0,143.0
62499,239.0,236.0,117.0,133.0
62500,254.0,128.0,150.0,138.0
62501,259.0,114.0,148.0,134.0
62502,251.0,70.0,139.0,134.0
62503,244.0,202.0,136.0,140.0
62504,266.0,111.0,152.0,154.0
62505,253.0,127.0,144.0,124.0
62506,267.0,108.0,149.0,154.0
62507,236.0,122.0,118.0,127.0
62508,246.0,129.0,145.0,132.0
62509,247.0,185.0,131.0,151.0
62510,249.0,215.0,152.0,132.0
62511,247.0,213.0,155.0,133.0
62512,248.0,216.0,143.0,132.0
62513,248.0,110.0,132.0,133.0
62514,247.0,94.0,138.0,144.0
62515,254.0,99.0,138.0,134.0
62516,269.0,83.0,157.0,152.0
62517,234.0,209.0,133.0,138.0
62518,261.0,98.0,145.0,139.0
62519,257.0,90.0,138.0,145.0
62520,211.0,177.0,114.0,102.0
62521,260.0,83.0,152.0,148.0
62522,257.0,150.0,141.0,131.0
62523,234.0,58.0,113.0,151.0
62524,237.0,106.0,125.0,118.0
62525,260.0,93.0,155.0,159.0
62526,282.0,94.0,158.0,147.0
62527,251.0,73.0,152.0,148.0
62528,273.0,158.0,149.0,157.0
62529,253.0,123.0,132.0,130.0
62530,259.0,90.0,135.0,152.0
62531,253.0,223.0,138.0,146.0
62532,263.0,141.0,146.0,143.0
62533,236.0,70.0,130.0,136.0
62534,232.0,120.0,126.0,136.0
62535,250.0,111.0,144.0,136.0
62536,248.0,154.0,145.0,130.0
62537,269.0,135.0,144.0,148.0
62538,276.0,130.0,139.0,149.0
62539,264.0,104.0,147.0,143.0
62540,245.0,85.0,138.0,140.0
62541,254.0,135.0,139.0,149.0
62542,236.0,156.0,121.0,129.0
62543,250.0,113.0,145.0,146.0
62544,250.0,249.0,136.0,149.0
62545,204.0,74.0,110.0,125.0
62546,235.0,83.0,134.0,130.0
62547,259.0,159.0,160.0,157.0
62548,256.0,106.0,143.0,152.0
62549,262.0,109.0,152.0,153.0
62550,260.0,91.0,153.0,145.0
62551,237.0,111.0,135.0,130.0
62552,255.0,106.0,149.0,145.0
62553,251.0,109.0,146.0,133.0
62554,245.0,186.0,137.0,135.0
62555,262.0,108.0,173.0,139.0
62556,243.0,210.0,147.0,134.0
62557,249.0,117.0,132.0,149.0
62558,244.0,226.0,136.0,141.0
62559,254.0,212.0,156.0,135.0
62560,269.0,105.0,152.0,147.0
62561,253.0,91.0,140.0,136.0
62562,229.0,136.0,121.0,117.0
62563,232.0,71.0,131.0,134.0
62564,270.0,218.0,162.0,132.0
62565,279.0,226.0,169.0,165.0
62566,245.0,71.0,144.0,142.0
62567,256.0,159.0,137.0,134.0
62568,257.0,217.0,146.0,142.0
62569,255.0,102.0,135.0,149.0
62570,261.0,90.0,138.0,144.0
62571,271.0,134.0,151.0,151.0
62572,258.0,208.0,154.0,151.0
62573,258.0,93.0,148.0,146.0
62574,258.0,148.0,137.0,144.0
62575,250.0,129.0,139.0,150.0
62576,269.0,233.0,142.0,153.0
62577,247.0,120.0,134.0,144.0
62578,245.0,215.0,140.0,145.0
62579,228.0,108.0,128.0,135.0
62580,243.0,209.0,133.0,136.0
62581,243.0,140.0,125.0,132.0
62582,285.0,56.0,165.0,156.0
62583,265.0,105.0,159.0,145.0
62584,244.0,110.0,138.0,131.0
62585,263.0,172.0,154.0,151.0
62586,267.0,71.0,155.0,154.0
62587,266.0,119.0,151.0,152.0
62588,245.0,124.0,135.0,125.0
62589,230.0,102.0,123.0,138.0
62590,263.0,143.0,146.0,141.0
62591,246.0,131.0,147.0,132.0
62592,249.0,120.0,139.0,141.0
62593,241.0,200.0,125.0,137.0
62594,288.0,80.0,187.0,160.0
62595,254.0,116.0,153.0,122.0
62596,270.0,139.0,140.0,157.0
62597,240.0,118.0,140.0,131.0
62598,250.0,115.0,145.0,150.0
62599,257.0,111.0,139.0,143.0
62600,254.0,213.0,145.0,151.0
62601,244.0,90.0,138.0,136.0
62602,267.0,220.0,145.0,141.0
62603,249.0,150.0,139.0,135.0
62604,254.0,72.0,138.0,141.0
62605,276.0,95.0,168.0,155.0
62606,253.0,124.0,145.0,146.0
62607,238.0,81.0,134.0,142.0
62608,250.0,66.0,151.0,128.0
62609,236.0,146.0,129.0,118.0
62610,252.0,128.0,130.0,142.0
62611,260.0,211.0,137.0,144.0
62612,262.0,102.0,142.0,146.0
62613,218.0,98.0,118.0,127.0
62614,268.0,225.0,157.0,154.0
62615,251.0,215.0,138.0,153.0
62616,256.0,83.0,136.0,148.0
62617,240.0,95.0,132.0,134.0
62618,256.0,128.0,138.0,147.0
62619,266.0,106.0,153.0,153.0
62620,254.0,215.0,155.0,143.0
62621,244.0,99.0,129.0,135.0
62622,240.0,120.0,141.0,130.0
62623,237.0,94.0,140.0,130.0
62624,255.0,218.0,146.0,142.0
62625,282.0,93.0,163.0,179.0
62626,246.0,190.0,139.0,146.0
62627,222.0,96.0,132.0,118.0
62628,291.0,135.0,151.0,170.0
62629,246.0,206.0,143.0,141.0
62630,260.0,144.0,158.0,144.0
62631,252.0,116.0,150.0,153.0
62632,254.0,94.0,138.0,119.0
62633,240.0,89.0,130.0,134.0
62634,243.0,77.0,126.0,126.0
62635,255.0,100.0,142.0,151.0
62636,268.0,130.0,147.0,150.0
62637,257.0,112.0,129.0,152.0
62638,272.0,165.0,153.0,155.0
62639,253.0,249.0,146.0,151.0
62640,265.0,123.0,146.0,158.0
62641,261.0,93.0,155.0,146.0
62642,271.0,117.0,147.0,157.0
62643,250.0,237.0,138.0,150.0
62644,250.0,215.0,148.0,139.0
62645,255.0,92.0,145.0,138.0
62646,227.0,70.0,135.0,126.0
62647,229.0,127.0,125.0,127.0
62648,266.0,118.0,146.0,147.0
62649,267.0,103.0,159.0,137.0
62650,232.0,87.0,129.0,122.0
62651,259.0,143.0,154.0,150.0
62652,237.0,170.0,132.0,129.0
62653,252.0,107.0,131.0,149.0
62654,239.0,198.0,121.0,153.0
62655,226.0,100.0,128.0,130.0
62656,251.0,133.0,144.0,144.0
62657,251.0,131.0,147.0,136.0
62658,279.0,115.0,147.0,150.0
62659,249.0,210.0,130.0,133.0
62660,249.0,215.0,133.0,130.0
62661,257.0,219.0,141.0,144.0
62662,244.0,113.0,148.0,133.0
62663,255.0,220.0,144.0,125.0
62664,240.0,102.0,129.0,138.0
62665,268.0,237.0,148.0,148.0
62666,252.0,150.0,142.0,121.0
62667,254.0,124.0,140.0,137.0
62668,245.0,103.0,133.0,125.0
62669,275.0,241.0,155.0,180.0
62670,264.0,232.0,145.0,159.0
62671,243.0,132.0,132.0,142.0
62672,256.0,129.0,133.0,156.0
62673,239.0,66.0,140.0,139.0
62674,265.0,83.0,134.0,162.0
62675,249.0,126.0,144.0,142.0
62676,258.0,120.0,149.0,143.0
62677,270.0,149.0,146.0,146.0
62678,238.0,214.0,127.0,150.0
62679,273.0,101.0,164.0,169.0
62680,257.0,255.0,149.0,142.0
62681,269.0,151.0,152.0,140.0
62682,243.0,78.0,130.0,143.0
62683,243.0,92.0,144.0,139.0
62684,248.0,227.0,134.0,136.0
62685,256.0,156.0,133.0,136.0
62686,267.0,108.0,137.0,159.0
62687,223.0,148.0,136.0,130.0
62688,256.0,137.0,143.0,152.0
62689,247.0,131.0,126.0,142.0
62690,234.0,118.0,127.0,129.0
62691,263.0,116.0,140.0,145.0
62692,269.0,129.0,161.0,134.0
62693,255.0,211.0,129.0,140.0
62694,242.0,107.0,139.0,139.0
62695,254.0,217.0,160.0,153.0
62696,251.0,138.0,140.0,144.0
62697,282.0,187.0,161.0,158.0
62698,274.0,229.0,146.0,158.0
62699,259.0,155.0,148.0,141.0
62700,254.0,103.0,143.0,137.0
62701,268.0,105.0,150.0,139.0
62702,267.0,254.0,154.0,150.0
62703,248.0,172.0,126.0,144.0
62704,247.0,153.0,147.0,138.0
62705,219.0,123.0,123.0,125.0
62706,252.0,124.0,147.0,137.0
62707,253.0,100.0,129.0,125.0
62708,267.0,119.0,135.0,160.0
62709,235.0,229.0,125.0,120.0
62710,249.0,206.0,144.0,140.0
62711,253.0,210.0,152.0,138.0
62712,263.0,126.0,136.0,152.0
62713,237.0,94.0,135.0,143.0
62714,242.0,96.0,128.0,135.0
62715,267.0,147.0,144.0,151.0
62716,263.0,246.0,148.0,165.0
62717,234.0,121.0,131.0,138.0
62718,223.0,186.0,127.0,120.0
62719,267.0,69.0,161.0,144.0
62720,226.0,115.0,120.0,128.0
62721,230.0,113.0,138.0,120.0
62722,283.0,203.0,156.0,171.0
62723,230.0,75.0,124.0,139.0
62724,276.0,81.0,165.0,170.0
62725,254.0,146.0,144.0,140.0
62726,242.0,139.0,128.0,141.0
62727,229.0,74.0,129.0,132.0
62728,259.0,117.0,146.0,152.0
62729,253.0,113.0,134.0,156.0
62730,252.0,246.0,143.0,137.0
62731,240.0,87.0,130.0,132.0
62732,259.0,56.0,134.0,154.0
62733,256.0,108.0,138.0,159.0
62734,245.0,211.0,132.0,134.0
62735,250.0,224.0,132.0,146.0
62736,249.0,209.0,140.0,146.0
62737,263.0,113.0,133.0,144.0
62738,250.0,76.0,131.0,146.0
62739,246.0,109.0,125.0,134.0
62740,239.0,112.0,141.0,128.0
62741,214.0,79.0,103.0,135.0
62742,257.0,244.0,152.0,134.0
62743,294.0,112.0,162.0,159.0
62744,208.0,99.0,110.0,117.0
62745,283.0,186.0,151.0,151.0
62746,257.0,120.0,143.0,157.0
62747,248.0,142.0,137.0,145.0
62748,246.0,118.0,145.0,129.0
62749,236.0,106.0,115.0,133.0
62750,267.0,109.0,139.0,147.0
62751,247.0,220.0,130.0,131.0
62752,262.0,158.0,140.0,147.0
62753,259.0,147.0,157.0,146.0
62754,277.0,247.0,162.0,171.0
62755,267.0,232.0,135.0,155.0
62756,249.0,208.0,141.0,167.0
62757,259.0,113.0,148.0,151.0
62758,242.0,208.0,146.0,141.0
62759,259.0,157.0,156.0,133.0
62760,258.0,83.0,156.0,143.0
62761,257.0,256.0,146.0,133.0
62762,278.0,139.0,143.0,150.0
62763,250.0,218.0,136.0,139.0
62764,229.0,202.0,115.0,129.0
62765,269.0,225.0,160.0,139.0
62766,251.0,245.0,157.0,149.0
62767,229.0,73.0,128.0,129.0
62768,265.0,120.0,138.0,162.0
62769,253.0,115.0,137.0,136.0
62770,247.0,110.0,130.0,136.0
62771,273.0,117.0,150.0,154.0
62772,254.0,203.0,145.0,142.0
62773,247.0,117.0,132.0,140.0
62774,237.0,156.0,132.0,127.0
62775,262.0,130.0,144.0,160.0
62776,235.0,198.0,142.0,140.0
62777,237.0,89.0,134.0,130.0
62778,257.0,193.0,150.0,145.0
62779,270.0,208.0,143.0,150.0
62780,259.0,59.0,141.0,142.0
62781,234.0,116.0,125.0,126.0
62782,232.0,201.0,120.0,138.0
62783,260.0,239.0,152.0,163.0
62784,253.0,149.0,138.0,138.0
62785,269.0,228.0,147.0,150.0
62786,258.0,174.0,141.0,143.0
62787,246.0,78.0,141.0,136.0
62788,265.0,113.0,139.0,149.0
62789,254.0,129.0,142.0,145.0
62790,267.0,144.0,156.0,141.0
62791,258.0,115.0,142.0,154.0
62792,239.0,211.0,134.0,126.0
62793,249.0,226.0,143.0,126.0
62794,234.0,91.0,130.0,142.0
62795,242.0,235.0,137.0,158.0
62796,263.0,240.0,152.0,144.0
62797,248.0,99.0,144.0,144.0
62798,236.0,110.0,131.0,129.0
62799,254.0,213.0,142.0,137.0
62800,248.0,112.0,138.0,128.0
62801,254.0,110.0,139.0,138.0
62802,267.0,157.0,142.0,136.0
62803,249.0,103.0,132.0,149.0
62804,261.0,86.0,143.0,152.0
62805,267.0,221.0,154.0,144.0
62806,249.0,100.0,138.0,122.0
62807,258.0,195.0,137.0,139.0
62808,248.0,213.0,145.0,137.0
62809,259.0,114.0,151.0,145.0
62810,250.0,138.0,125.0,147.0
62811,250.0,225.0,132.0,154.0
62812,259.0,212.0,144.0,148.0
62813,247.0,200.0,147.0,138.0
62814,267.0,117.0,151.0,172.0
62815,250.0,83.0,151.0,148.0
62816,253.0,104.0,140.0,136.0
62817,251.0,139.0,135.0,135.0
62818,241.0,101.0,133.0,137.0
62819,257.0,222.0,158.0,147.0
62820,243.0,113.0,132.0,151.0
62821,266.0,133.0,157.0,152.0
62822,241.0,117.0,141.0,130.0
62823,256.0,225.0,148.0,144.0
62824,247.0,243.0,123.0,133.0
62825,250.0,106.0,135.0,143.0
62826,247.0,107.0,138.0,124.0
62827,271.0,116.0,143.0,150.0
62828,233.0,83.0,127.0,130.0
62829,256.0,141.0,143.0,151.0
62830,253.0,241.0,142.0,160.0
62831,259.0,119.0,159.0,137.0
62832,250.0,224.0,131.0,138.0
62833,245.0,226.0,151.0,142.0
62834,246.0,103.0,134.0,134.0
62835,249.0,93.0,146.0,147.0
62836,246.0,76.0,141.0,153.0
62837,262.0,158.0,154.0,139.0
62838,246.0,86.0,139.0,125.0
62839,240.0,212.0,141.0,143.0
62840,268.0,240.0,163.0,153.0
62841,266.0,258.0,157.0,142.0
62842,260.0,232.0,139.0,148.0
62843,252.0,139.0,148.0,130.0
62844,246.0,148.0,131.0,135.0
62845,262.0,118.0,134.0,140.0
62846,216.0,93.0,113.0,119.0
62847,250.0,219.0,153.0,144.0
62848,244.0,129.0,124.0,151.0
62849,244.0,206.0,155.0,136.0
62850,260.0,91.0,147.0,138.0
62851,234.0,113.0,133.0,128.0
62852,238.0,206.0,120.0,134.0
62853,241.0,114.0,144.0,138.0
62854,265.0,235.0,130.0,134.0
62855,262.0,236.0,148.0,136.0
62856,254.0,207.0,139.0,125.0
62857,243.0,113.0,120.0,140.0
62858,251.0,116.0,148.0,140.0
62859,260.0,102.0,147.0,149.0
62860,262.0,96.0,147.0,158.0
62861,252.0,122.0,138.0,149.0
62862,243.0,210.0,129.0,136.0
62863,255.0,108.0,130.0,149.0
62864,247.0,204.0,150.0,138.0
62865,269.0,78.0,150.0,140.0
62866,268.0,218.0,153.0,151.0
62867,255.0,106.0,132.0,140.0
62868,261.0,127.0,145.0,142.0
62869,267.0,179.0,132.0,140.0
62870,258.0,224.0,148.0,136.0
62871,243.0,200.0,130.0,136.0
62872,260.0,215.0,143.0,146.0
62873,254.0,151.0,155.0,147.0
62874,225.0,110.0,111.0,118.0
62875,216.0,107.0,118.0,128.0
62876,264.0,199.0,154.0,142.0
62877,226.0,219.0,138.0,132.0
62878,235.0,87.0,121.0,120.0
62879,282.0,243.0,165.0,155.0
62880,230.0,195.0,120.0,110.0
62881,254.0,112.0,146.0,141.0
62882,256.0,72.0,163.0,144.0
62883,239.0,112.0,136.0,140.0
62884,246.0,207.0,130.0,142.0
62885,238.0,207.0,144.0,121.0
62886,258.0,138.0,144.0,146.0
62887,246.0,99.0,143.0,138.0
62888,255.0,95.0,155.0,143.0
62889,245.0,102.0,148.0,133.0
62890,223.0,201.0,121.0,113.0
62891,258.0,92.0,142.0,138.0
62892,250.0,221.0,134.0,144.0
62893,259.0,131.0,139.0,153.0
62894,232.0,109.0,131.0,127.0
62895,236.0,117.0,132.0,126.0
62896,259.0,234.0,159.0,150.0
62897,226.0,72.0,134.0,121.0
62898,225.0,214.0,127.0,116.0
62899,231.0,197.0,125.0,131.0
62900,256.0,104.0,147.0,149.0
62901,246.0,121.0,138.0,132.0
62902,251.0,149.0,133.0,157.0
62903,242.0,132.0,126.0,141.0
62904,235.0,109.0,137.0,145.0
62905,247.0,96.0,143.0,123.0
62906,260.0,163.0,153.0,142.0
62907,239.0,136.0,133.0,124.0
62908,247.0,211.0,130.0,140.0
62909,213.0,101.0,114.0,102.0
62910,262.0,230.0,155.0,143.0
62911,239.0,202.0,129.0,132.0
62912,270.0,147.0,138.0,132.0
62913,253.0,132.0,142.0,138.0
62914,233.0,201.0,138.0,122.0
62915,232.0,105.0,129.0,113.0
62916,259.0,122.0,147.0,139.0
62917,271.0,145.0,139.0,146.0
62918,232.0,109.0,138.0,126.0
62919,248.0,106.0,137.0,134.0
62920,246.0,71.0,136.0,127.0
62921,268.0,66.0,158.0,150.0
62922,266.0,157.0,155.0,148.0
62923,247.0,94.0,139.0,125.0
62924,259.0,109.0,142.0,139.0
62925,264.0,247.0,146.0,150.0
62926,244.0,205.0,126.0,131.0
62927,230.0,226.0,119.0,130.0
62928,272.0,133.0,155.0,155.0
62929,240.0,143.0,119.0,134.0
62930,266.0,209.0,155.0,158.0
62931,249.0,125.0,144.0,152.0
62932,261.0,221.0,153.0,158.0
62933,247.0,191.0,131.0,143.0
62934,268.0,169.0,143.0,149.0
62935,235.0,117.0,127.0,137.0
62936,245.0,106.0,144.0,141.0
62937,257.0,157.0,143.0,154.0
62938,244.0,93.0,141.0,132.0
62939,229.0,85.0,119.0,111.0
62940,250.0,117.0,145.0,148.0
62941,256.0,132.0,141.0,147.0
62942,249.0,178.0,135.0,153.0
62943,280.0,171.0,155.0,158.0
62944,258.0,100.0,139.0,134.0
62945,252.0,118.0,137.0,156.0
62946,242.0,100.0,138.0,142.0
62947,247.0,157.0,145.0,140.0
62948,248.0,103.0,142.0,163.0
62949,259.0,123.0,131.0,155.0
62950,270.0,101.0,147.0,160.0
62951,247.0,124.0,135.0,136.0
62952,245.0,94.0,126.0,133.0
62953,252.0,137.0,140.0,150.0
62954,226.0,93.0,133.0,134.0
62955,241.0,113.0,137.0,128.0
62956,279.0,152.0,142.0,159.0
62957,238.0,146.0,131.0,142.0
62958,234.0,85.0,128.0,126.0
62959,259.0,78.0,140.0,153.0
62960,252.0,241.0,152.0,120.0
62961,248.0,205.0,149.0,140.0
62962,269.0,151.0,159.0,150.0
62963,234.0,195.0,137.0,127.0
62964,253.0,229.0,156.0,140.0
62965,248.0,129.0,149.0,139.0
62966,241.0,144.0,144.0,131.0
62967,247.0,111.0,135.0,153.0
62968,249.0,88.0,141.0,128.0
62969,266.0,240.0,152.0,149.0
62970,245.0,110.0,150.0,137.0
62971,261.0,118.0,148.0,145.0
62972,256.0,214.0,147.0,142.0
62973,258.0,132.0,137.0,142.0
62974,231.0,103.0,122.0,127.0
62975,245.0,245.0,132.0,146.0
62976,256.0,135.0,152.0,137.0
62977,223.0,56.0,119.0,129.0
62978,245.0,168.0,161.0,128.0
62979,246.0,162.0,130.0,133.0
62980,251.0,142.0,137.0,142.0
62981,257.0,130.0,146.0,137.0
62982,245.0,199.0,137.0,132.0
62983,265.0,92.0,168.0,149.0
62984,246.0,135.0,141.0,141.0
62985,271.0,269.0,157.0,164.0
62986,242.0,176.0,141.0,145.0
62987,224.0,114.0,128.0,124.0
62988,242.0,115.0,141.0,140.0
62989,246.0,124.0,122.0,128.0
62990,264.0,215.0,153.0,144.0
62991,265.0,156.0,134.0,157.0
62992,272.0,272.0,143.0,159.0
62993,229.0,208.0,127.0,121.0
62994,241.0,113.0,144.0,137.0
62995,256.0,94.0,159.0,138.0
62996,256.0,146.0,133.0,150.0
62997,262.0,191.0,119.0,144.0
62998,270.0,91.0,138.0,144.0
62999,242.0,179.0,141.0,132.0
63000,210.0,98.0,121.0,117.0
63001,271.0,163.0,148.0,141.0
63002,257.0,136.0,154.0,141.0
63003,250.0,245.0,129.0,132.0
63004,232.0,71.0,118.0,119.0
63005,245.0,203.0,136.0,147.0
63006,246.0,213.0,149.0,136.0
63007,240.0,169.0,130.0,128.0
63008,240.0,204.0,140.0,115.0
63009,233.0,119.0,137.0,123.0
63010,239.0,147.0,129.0,134.0
63011,272.0,130.0,162.0,138.0
63012,271.0,139.0,151.0,168.0
63013,232.0,202.0,134.0,145.0
63014,251.0,205.0,152.0,140.0
63015,257.0,144.0,155.0,130.0
63016,268.0,180.0,153.0,154.0
63017,282.0,249.0,155.0,158.0
63018,234.0,152.0,131.0,121.0
63019,249.0,128.0,132.0,138.0
63020,256.0,93.0,151.0,142.0
63021,273.0,165.0,164.0,153.0
63022,232.0,51.0,141.0,127.0
63023,262.0,112.0,151.0,155.0
63024,222.0,112.0,126.0,122.0
63025,241.0,215.0,132.0,149.0
63026,260.0,107.0,153.0,131.0
63027,230.0,108.0,133.0,134.0
63028,246.0,121.0,149.0,137.0
63029,259.0,122.0,146.0,150.0
63030,248.0,70.0,133.0,137.0
63031,255.0,42.0,142.0,144.0
63032,244.0,132.0,134.0,125.0
63033,259.0,227.0,151.0,150.0
63034,233.0,60.0,132.0,137.0
63035,253.0,99.0,131.0,163.0
63036,275.0,180.0,161.0,150.0
63037,273.0,241.0,147.0,160.0
63038,213.0,121.0,112.0,114.0
63039,222.0,67.0,122.0,116.0
63040,261.0,88.0,153.0,153.0
63041,239.0,209.0,140.0,134.0
63042,258.0,162.0,144.0,157.0
63043,231.0,231.0,133.0,132.0
63044,276.0,140.0,147.0,157.0
63045,254.0,159.0,132.0,140.0
63046,226.0,189.0,128.0,121.0
63047,260.0,82.0,155.0,142.0
63048,229.0,135.0,127.0,127.0
63049,250.0,84.0,127.0,133.0
63050,248.0,99.0,135.0,140.0
63051,251.0,90.0,132.0,144.0
63052,251.0,133.0,131.0,153.0
63053,262.0,91.0,147.0,156.0
63054,262.0,80.0,139.0,149.0
63055,247.0,207.0,136.0,145.0
63056,245.0,90.0,143.0,128.0
63057,236.0,117.0,122.0,134.0
63058,265.0,101.0,156.0,144.0
63059,251.0,101.0,122.0,143.0
63060,222.0,124.0,110.0,118.0
63061,269.0,111.0,157.0,151.0
63062,262.0,223.0,167.0,143.0
63063,251.0,214.0,144.0,130.0
63064,249.0,139.0,120.0,144.0
63065,229.0,105.0,135.0,121.0
63066,260.0,61.0,149.0,134.0
63067,250.0,197.0,139.0,155.0
63068,266.0,106.0,152.0,149.0
63069,274.0,136.0,153.0,161.0
63070,229.0,99.0,144.0,124.0
63071,252.0,130.0,125.0,144.0
63072,271.0,220.0,163.0,138.0
63073,262.0,92.0,138.0,142.0
63074,245.0,205.0,129.0,155.0
63075,261.0,130.0,157.0,136.0
63076,253.0,210.0,138.0,130.0
63077,261.0,251.0,162.0,146.0
63078,236.0,133.0,130.0,124.0
63079,287.0,179.0,155.0,172.0
63080,247.0,210.0,134.0,133.0
63081,251.0,134.0,139.0,127.0
63082,251.0,209.0,149.0,145.0
63083,247.0,245.0,143.0,150.0
63084,274.0,235.0,166.0,156.0
63085,246.0,123.0,138.0,137.0
63086,239.0,96.0,135.0,133.0
63087,220.0,187.0,139.0,116.0
63088,247.0,88.0,129.0,141.0
63089,233.0,55.0,120.0,131.0
63090,247.0,221.0,145.0,125.0
63091,268.0,92.0,164.0,160.0
63092,261.0,108.0,141.0,143.0
63093,256.0,226.0,145.0,150.0
63094,242.0,127.0,144.0,138.0
63095,226.0,197.0,139.0,115.0
63096,271.0,74.0,155.0,153.0
63097,249.0,194.0,120.0,134.0
63098,262.0,144.0,136.0,135.0
63099,253.0,94.0,141.0,146.0
63100,243.0,114.0,145.0,144.0
63101,270.0,142.0,150.0,142.0
63102,268.0,219.0,154.0,152.0
63103,239.0,208.0,132.0,140.0
63104,277.0,97.0,161.0,162.0
63105,230.0,112.0,122.0,121.0
63106,239.0,90.0,132.0,130.0
63107,273.0,104.0,160.0,139.0
63108,238.0,115.0,139.0,124.0
63109,234.0,107.0,131.0,130.0
63110,259.0,228.0,150.0,131.0
63111,257.0,149.0,152.0,145.0
63112,269.0,119.0,152.0,159.0
63113,237.0,95.0,134.0,119.0
63114,237.0,103.0,134.0,137.0
63115,237.0,128.0,133.0,116.0
63116,276.0,123.0,155.0,162.0
63117,239.0,129.0,128.0,127.0
63118,281.0,256.0,164.0,154.0
63119,244.0,100.0,147.0,141.0
63120,267.0,151.0,148.0,154.0
63121,238.0,101.0,126.0,131.0
63122,257.0,227.0,140.0,151.0
63123,252.0,84.0,138.0,142.0
63124,237.0,233.0,147.0,132.0
63125,266.0,187.0,144.0,148.0
63126,236.0,108.0,113.0,134.0
63127,246.0,150.0,143.0,145.0
63128,245.0,96.0,130.0,146.0
63129,274.0,236.0,157.0,147.0
63130,242.0,232.0,153.0,135.0
63131,252.0,138.0,146.0,147.0
63132,254.0,154.0,147.0,140.0
63133,250.0,119.0,130.0,142.0
63134,258.0,253.0,141.0,139.0
63135,255.0,223.0,145.0,137.0
63136,250.0,126.0,139.0,143.0
63137,254.0,71.0,135.0,127.0
63138,271.0,212.0,162.0,156.0
63139,267.0,125.0,152.0,152.0
63140,241.0,121.0,130.0,138.0
63141,235.0,94.0,124.0,141.0
63142,270.0,167.0,153.0,163.0
63143,271.0,175.0,154.0,163.0
63144,245.0,210.0,134.0,141.0
63145,253.0,57.0,153.0,141.0
63146,255.0,107.0,151.0,160.0
63147,262.0,172.0,151.0,145.0
63148,238.0,214.0,136.0,132.0
63149,251.0,133.0,128.0,126.0
63150,257.0,130.0,156.0,152.0
63151,260.0,210.0,135.0,155.0
63152,249.0,249.0,144.0,132.0
63153,245.0,121.0,131.0,125.0
63154,248.0,114.0,145.0,143.0
63155,265.0,174.0,149.0,148.0
63156,239.0,232.0,133.0,126.0
63157,258.0,71.0,141.0,140.0
63158,239.0,125.0,121.0,136.0
63159,218.0,206.0,102.0,113.0
63160,226.0,109.0,123.0,115.0
63161,245.0,209.0,135.0,140.0
63162,262.0,232.0,145.0,149.0
63163,256.0,104.0,138.0,138.0
63164,226.0,197.0,128.0,126.0
63165,238.0,101.0,129.0,136.0
63166,256.0,110.0,142.0,149.0
63167,236.0,111.0,121.0,134.0
63168,237.0,70.0,135.0,138.0
63169,252.0,162.0,150.0,150.0
63170,240.0,216.0,141.0,131.0
63171,242.0,212.0,134.0,139.0
63172,257.0,117.0,144.0,140.0
63173,264.0,138.0,151.0,148.0
63174,261.0,221.0,148.0,135.0
63175,247.0,164.0,129.0,148.0
63176,245.0,146.0,130.0,126.0
63177,271.0,109.0,134.0,145.0
63178,255.0,125.0,154.0,148.0
63179,267.0,228.0,129.0,154.0
63180,219.0,103.0,130.0,126.0
63181,262.0,174.0,140.0,150.0
63182,274.0,138.0,176.0,151.0
63183,232.0,99.0,128.0,142.0
63184,241.0,68.0,141.0,144.0
63185,250.0,209.0,143.0,147.0
63186,264.0,129.0,154.0,156.0
63187,240.0,65.0,133.0,128.0
63188,269.0,104.0,153.0,151.0
63189,249.0,71.0,135.0,146.0
63190,259.0,108.0,135.0,136.0
63191,265.0,142.0,140.0,147.0
63192,258.0,142.0,151.0,140.0
63193,273.0,43.0,167.0,155.0
63194,236.0,138.0,118.0,148.0
63195,246.0,138.0,148.0,144.0
63196,242.0,97.0,130.0,138.0
63197,247.0,246.0,148.0,134.0
63198,222.0,196.0,122.0,126.0
63199,265.0,108.0,152.0,148.0
63200,258.0,123.0,143.0,156.0
63201,239.0,70.0,114.0,132.0
63202,262.0,81.0,144.0,135.0
63203,253.0,135.0,154.0,135.0
63204,248.0,214.0,142.0,139.0
63205,254.0,122.0,146.0,149.0
63206,254.0,160.0,140.0,145.0
63207,262.0,161.0,138.0,151.0
63208,245.0,214.0,120.0,132.0
63209,247.0,121.0,144.0,144.0
63210,228.0,214.0,119.0,130.0
63211,242.0,116.0,130.0,125.0
63212,249.0,165.0,143.0,143.0
63213,256.0,116.0,120.0,145.0
63214,265.0,127.0,146.0,166.0
63215,240.0,75.0,128.0,133.0
63216,254.0,123.0,143.0,140.0
63217,257.0,138.0,138.0,140.0
63218,254.0,94.0,139.0,149.0
63219,272.0,158.0,147.0,164.0
63220,246.0,79.0,150.0,137.0
63221,241.0,55.0,140.0,133.0
63222,245.0,208.0,128.0,144.0
63223,267.0,116.0,155.0,141.0
63224,230.0,100.0,125.0,132.0
63225,242.0,214.0,143.0,136.0
63226,233.0,96.0,120.0,144.0
63227,250.0,114.0,143.0,153.0
63228,250.0,94.0,137.0,137.0
63229,265.0,161.0,164.0,149.0
63230,257.0,64.0,143.0,137.0
63231,256.0,110.0,144.0,156.0
63232,253.0,94.0,151.0,147.0
63233,254.0,208.0,146.0,147.0
63234,232.0,215.0,134.0,136.0
63235,265.0,87.0,151.0,155.0
63236,245.0,93.0,136.0,128.0
63237,247.0,117.0,139.0,126.0
63238,255.0,101.0,151.0,137.0
63239,257.0,69.0,136.0,145.0
63240,274.0,244.0,153.0,137.0
63241,237.0,74.0,118.0,126.0
63242,244.0,113.0,140.0,130.0
63243,246.0,146.0,103.0,140.0
63244,252.0,214.0,130.0,145.0
63245,265.0,155.0,156.0,134.0
63246,232.0,109.0,142.0,127.0
63247,245.0,220.0,130.0,144.0
63248,272.0,161.0,151.0,156.0
63249,250.0,137.0,147.0,143.0
63250,259.0,66.0,161.0,153.0
63251,248.0,142.0,146.0,161.0
63252,256.0,95.0,150.0,144.0
63253,232.0,96.0,134.0,129.0
63254,266.0,234.0,155.0,149.0
63255,265.0,228.0,142.0,145.0
63256,238.0,128.0,119.0,124.0
63257,228.0,94.0,133.0,113.0
63258,253.0,94.0,135.0,123.0
63259,277.0,132.0,163.0,174.0
63260,266.0,133.0,150.0,144.0
63261,251.0,89.0,124.0,147.0
63262,265.0,223.0,144.0,129.0
63263,225.0,211.0,126.0,127.0
63264,238.0,106.0,129.0,121.0
63265,229.0,184.0,115.0,135.0
63266,255.0,249.0,148.0,132.0
63267,259.0,108.0,154.0,149.0
63268,236.0,95.0,130.0,136.0
63269,252.0,76.0,118.0,141.0
63270,246.0,152.0,135.0,151.0
63271,242.0,197.0,140.0,150.0
63272,256.0,136.0,134.0,140.0
63273,270.0,133.0,133.0,153.0
63274,256.0,222.0,158.0,132.0
63275,264.0,223.0,154.0,136.0
63276,270.0,236.0,146.0,147.0
63277,254.0,106.0,141.0,147.0
63278,245.0,108.0,140.0,133.0
63279,266.0,101.0,154.0,142.0
63280,260.0,144.0,145.0,154.0
63281,272.0,234.0,149.0,165.0
63282,253.0,107.0,145.0,148.0
63283,209.0,193.0,119.0,130.0
63284,262.0,124.0,134.0,146.0
63285,231.0,192.0,117.0,135.0
63286,239.0,63.0,128.0,124.0
63287,268.0,241.0,153.0,143.0
63288,266.0,220.0,150.0,154.0
63289,233.0,120.0,142.0,139.0
63290,271.0,247.0,160.0,147.0
63291,266.0,82.0,154.0,153.0
63292,252.0,93.0,135.0,143.0
63293,258.0,141.0,152.0,133.0
63294,247.0,213.0,137.0,144.0
63295,255.0,109.0,146.0,152.0
63296,233.0,208.0,132.0,137.0
63297,263.0,131.0,145.0,154.0
63298,257.0,70.0,151.0,153.0
63299,233.0,156.0,124.0,139.0
63300,250.0,132.0,148.0,138.0
63301,229.0,129.0,133.0,132.0
63302,249.0,74.0,135.0,147.0
63303,256.0,61.0,153.0,161.0
63304,259.0,138.0,139.0,147.0
63305,243.0,59.0,153.0,129.0
63306,258.0,231.0,142.0,138.0
63307,274.0,146.0,157.0,156.0
63308,239.0,79.0,128.0,138.0
63309,243.0,147.0,145.0,140.0
63310,245.0,125.0,143.0,140.0
63311,244.0,203.0,132.0,143.0
63312,251.0,136.0,145.0,148.0
63313,249.0,92.0,133.0,144.0
63314,244.0,113.0,132.0,134.0
63315,257.0,229.0,155.0,140.0
63316,228.0,97.0,133.0,120.0
63317,255.0,72.0,133.0,143.0
63318,250.0,220.0,135.0,134.0
63319,254.0,151.0,144.0,129.0
63320,248.0,104.0,130.0,136.0
63321,247.0,213.0,132.0,135.0
63322,228.0,88.0,134.0,124.0
63323,250.0,121.0,149.0,148.0
63324,249.0,218.0,137.0,147.0
63325,237.0,86.0,141.0,124.0
63326,251.0,107.0,146.0,136.0
63327,252.0,127.0,132.0,127.0
63328,249.0,119.0,143.0,137.0
63329,245.0,123.0,134.0,141.0
63330,263.0,133.0,146.0,152.0
63331,263.0,227.0,143.0,154.0
63332,263.0,166.0,154.0,146.0
63333,267.0,224.0,152.0,171.0
63334,257.0,101.0,149.0,148.0
63335,262.0,107.0,154.0,153.0
63336,250.0,138.0,155.0,138.0
63337,248.0,142.0,146.0,137.0
63338,259.0,119.0,143.0,134.0
63339,250.0,129.0,133.0,144.0
63340,255.0,90.0,161.0,130.0
63341,220.0,210.0,128.0,121.0
63342,251.0,103.0,148.0,131.0
63343,248.0,129.0,153.0,130.0
63344,236.0,114.0,144.0,136.0
63345,254.0,126.0,139.0,148.0
63346,241.0,76.0,145.0,144.0
63347,241.0,225.0,141.0,134.0
63348,234.0,139.0,148.0,135.0
63349,253.0,84.0,137.0,146.0
63350,250.0,224.0,133.0,139.0
63351,232.0,200.0,140.0,115.0
63352,246.0,109.0,143.0,148.0
63353,253.0,211.0,147.0,141.0
63354,242.0,200.0,146.0,144.0
63355,260.0,176.0,138.0,139.0
63356,236.0,100.0,124.0,121.0
63357,237.0,109.0,135.0,140.0
63358,260.0,146.0,132.0,156.0
63359,269.0,121.0,160.0,145.0
63360,264.0,225.0,147.0,147.0
63361,266.0,107.0,162.0,151.0
63362,255.0,105.0,138.0,139.0
63363,262.0,188.0,155.0,155.0
63364,262.0,131.0,145.0,159.0
63365,251.0,246.0,131.0,134.0
63366,272.0,265.0,137.0,132.0
63367,248.0,210.0,127.0,133.0
63368,234.0,68.0,143.0,132.0
63369,240.0,88.0,135.0,146.0
63370,259.0,63.0,147.0,157.0
63371,264.0,123.0,156.0,156.0
63372,255.0,119.0,146.0,142.0
63373,237.0,100.0,144.0,131.0
63374,252.0,107.0,144.0,138.0
63375,245.0,204.0,140.0,152.0
63376,244.0,129.0,141.0,131.0
63377,244.0,127.0,142.0,123.0
63378,276.0,247.0,158.0,137.0
63379,255.0,228.0,140.0,137.0
63380,239.0,144.0,138.0,144.0
63381,261.0,142.0,153.0,146.0
63382,267.0,215.0,130.0,144.0
63383,268.0,116.0,154.0,164.0
63384,252.0,206.0,142.0,138.0
63385,263.0,263.0,152.0,125.0
63386,251.0,100.0,138.0,130.0
63387,255.0,67.0,139.0,126.0
63388,267.0,236.0,144.0,149.0
63389,275.0,133.0,140.0,144.0
63390,252.0,111.0,131.0,146.0
63391,246.0,77.0,131.0,140.0
63392,221.0,204.0,132.0,130.0
63393,254.0,99.0,142.0,137.0
63394,266.0,110.0,144.0,137.0
63395,257.0,88.0,147.0,135.0
63396,259.0,94.0,133.0,138.0
63397,293.0,160.0,168.0,169.0
63398,246.0,219.0,135.0,133.0
63399,251.0,225.0,127.0,140.0
63400,265.0,154.0,148.0,137.0
63401,240.0,130.0,119.0,149.0
63402,219.0,76.0,117.0,126.0
63403,250.0,108.0,138.0,140.0
63404,250.0,215.0,153.0,134.0
63405,250.0,105.0,155.0,149.0
63406,265.0,128.0,156.0,148.0
63407,241.0,202.0,138.0,134.0
63408,235.0,114.0,120.0,138.0
63409,232.0,116.0,128.0,138.0
63410,253.0,109.0,136.0,149.0
63411,240.0,122.0,138.0,135.0
63412,254.0,77.0,152.0,155.0
63413,254.0,100.0,151.0,141.0
63414,263.0,97.0,139.0,147.0
63415,262.0,111.0,136.0,148.0
63416,237.0,119.0,130.0,135.0
63417,244.0,83.0,138.0,131.0
63418,249.0,107.0,131.0,131.0
63419,246.0,75.0,139.0,140.0
63420,242.0,217.0,146.0,138.0
63421,240.0,215.0,143.0,127.0
63422,230.0,209.0,130.0,138.0
63423,236.0,102.0,113.0,135.0
63424,234.0,87.0,125.0,133.0
63425,252.0,86.0,133.0,147.0
63426,259.0,140.0,134.0,152.0
63427,246.0,110.0,148.0,141.0
63428,241.0,74.0,126.0,132.0
63429,247.0,105.0,119.0,143.0
63430,258.0,110.0,149.0,141.0
63431,248.0,88.0,141.0,145.0
63432,229.0,135.0,142.0,120.0
63433,259.0,105.0,136.0,148.0
63434,267.0,266.0,160.0,155.0
63435,244.0,111.0,143.0,134.0
63436,270.0,108.0,139.0,159.0
63437,259.0,88.0,146.0,150.0
63438,233.0,117.0,135.0,129.0
63439,269.0,121.0,135.0,137.0
63440,269.0,249.0,161.0,154.0
63441,249.0,213.0,158.0,124.0
63442,222.0,59.0,113.0,122.0
63443,272.0,114.0,140.0,143.0
63444,237.0,80.0,121.0,138.0
63445,269.0,97.0,154.0,167.0
63446,244.0,111.0,140.0,138.0
63447,240.0,121.0,130.0,131.0
63448,242.0,98.0,142.0,138.0
63449,242.0,80.0,111.0,135.0
63450,228.0,137.0,140.0,128.0
63451,285.0,95.0,149.0,165.0
63452,276.0,267.0,158.0,148.0
63453,265.0,248.0,144.0,150.0
63454,258.0,129.0,144.0,148.0
63455,248.0,100.0,162.0,146.0
63456,245.0,193.0,118.0,144.0
63457,221.0,91.0,118.0,122.0
63458,230.0,223.0,120.0,132.0
63459,278.0,155.0,150.0,162.0
63460,240.0,116.0,132.0,132.0
63461,262.0,226.0,155.0,145.0
63462,270.0,184.0,160.0,155.0
63463,268.0,113.0,146.0,148.0
63464,249.0,90.0,129.0,144.0
63465,252.0,167.0,140.0,138.0
63466,224.0,193.0,135.0,106.0
63467,271.0,132.0,161.0,136.0
63468,248.0,141.0,136.0,135.0
63469,252.0,116.0,146.0,136.0
63470,259.0,222.0,139.0,148.0
63471,259.0,130.0,148.0,144.0
63472,216.0,185.0,121.0,125.0
63473,252.0,101.0,131.0,154.0
63474,247.0,154.0,142.0,132.0
63475,231.0,106.0,120.0,129.0
63476,235.0,96.0,125.0,128.0
63477,256.0,135.0,153.0,140.0
63478,235.0,104.0,132.0,123.0
63479,255.0,212.0,148.0,151.0
63480,262.0,104.0,137.0,150.0
63481,227.0,141.0,133.0,119.0
63482,254.0,110.0,142.0,152.0
63483,217.0,100.0,121.0,117.0
63484,254.0,42.0,153.0,150.0
63485,239.0,117.0,132.0,135.0
63486,261.0,115.0,144.0,166.0
63487,239.0,102.0,128.0,134.0
63488,275.0,154.0,154.0,142.0
63489,259.0,259.0,131.0,154.0
63490,235.0,213.0,125.0,123.0
63491,263.0,260.0,169.0,140.0
63492,218.0,107.0,119.0,109.0
63493,265.0,118.0,171.0,145.0
63494,240.0,120.0,142.0,144.0
63495,267.0,142.0,153.0,154.0
63496,241.0,207.0,144.0,141.0
63497,237.0,135.0,142.0,134.0
63498,260.0,142.0,154.0,144.0
63499,271.0,148.0,147.0,158.0
63500,262.0,150.0,135.0,147.0
63501,261.0,118.0,145.0,142.0
63502,262.0,77.0,145.0,147.0
63503,257.0,94.0,130.0,145.0
63504,273.0,228.0,163.0,153.0
63505,253.0,99.0,143.0,157.0
63506,265.0,222.0,143.0,145.0
63507,232.0,107.0,117.0,111.0
63508,247.0,120.0,147.0,132.0
63509,243.0,67.0,150.0,119.0
63510,261.0,220.0,150.0,146.0
63511,272.0,250.0,165.0,158.0
63512,266.0,136.0,146.0,131.0
63513,253.0,210.0,150.0,152.0
63514,250.0,95.0,142.0,148.0
63515,276.0,75.0,139.0,148.0
63516,255.0,215.0,151.0,134.0
63517,265.0,124.0,147.0,159.0
63518,241.0,160.0,129.0,136.0
63519,241.0,118.0,136.0,135.0
63520,269.0,99.0,153.0,146.0
63521,234.0,209.0,139.0,129.0
63522,236.0,149.0,120.0,118.0
63523,243.0,100.0,143.0,143.0
63524,235.0,122.0,134.0,135.0
63525,244.0,71.0,125.0,136.0
63526,253.0,95.0,159.0,147.0
63527,258.0,86.0,150.0,153.0
63528,270.0,79.0,155.0,142.0
63529,258.0,228.0,142.0,144.0
63530,249.0,212.0,127.0,144.0
63531,260.0,223.0,151.0,144.0
63532,248.0,109.0,148.0,133.0
63533,255.0,92.0,154.0,135.0
63534,228.0,207.0,134.0,119.0
63535,249.0,103.0,131.0,139.0
63536,257.0,111.0,128.0,145.0
63537,247.0,59.0,132.0,142.0
63538,256.0,104.0,146.0,132.0
63539,243.0,88.0,143.0,151.0
63540,249.0,82.0,133.0,134.0
63541,204.0,96.0,119.0,124.0
63542,235.0,123.0,127.0,121.0
63543,240.0,209.0,128.0,120.0
63544,252.0,221.0,142.0,155.0
63545,275.0,226.0,160.0,146.0
63546,256.0,68.0,162.0,148.0
63547,256.0,80.0,121.0,148.0
63548,271.0,233.0,156.0,150.0
63549,250.0,143.0,139.0,134.0
63550,263.0,109.0,149.0,145.0
63551,235.0,215.0,125.0,124.0
63552,237.0,206.0,131.0,142.0
63553,252.0,79.0,140.0,143.0
63554,243.0,87.0,134.0,124.0
63555,253.0,87.0,149.0,132.0
63556,236.0,117.0,132.0,133.0
63557,253.0,112.0,150.0,139.0
63558,250.0,125.0,140.0,144.0
63559,260.0,166.0,151.0,147.0
63560,253.0,218.0,154.0,151.0
63561,229.0,90.0,133.0,128.0
63562,233.0,207.0,126.0,112.0
63563,271.0,146.0,164.0,151.0
63564,273.0,196.0,154.0,139.0
63565,246.0,69.0,128.0,131.0
63566,252.0,86.0,144.0,146.0
63567,241.0,137.0,140.0,123.0
63568,243.0,87.0,134.0,132.0
63569,240.0,239.0,132.0,147.0
63570,247.0,102.0,132.0,142.0
63571,246.0,138.0,128.0,150.0
63572,242.0,95.0,130.0,142.0
63573,238.0,127.0,137.0,131.0
63574,243.0,125.0,141.0,128.0
63575,226.0,215.0,128.0,123.0
63576,261.0,102.0,164.0,157.0
63577,247.0,70.0,151.0,133.0
63578,253.0,86.0,140.0,144.0
63579,241.0,151.0,132.0,132.0
63580,248.0,103.0,131.0,128.0
63581,252.0,172.0,135.0,141.0
63582,265.0,84.0,150.0,153.0
63583,252.0,206.0,132.0,135.0
63584,218.0,103.0,115.0,119.0
63585,251.0,123.0,150.0,141.0
63586,255.0,70.0,150.0,149.0
63587,272.0,154.0,150.0,153.0
63588,247.0,126.0,151.0,132.0
63589,259.0,106.0,153.0,126.0
63590,222.0,63.0,135.0,120.0
63591,227.0,65.0,124.0,131.0
63592,244.0,71.0,145.0,145.0
63593,284.0,115.0,167.0,166.0
63594,250.0,249.0,145.0,138.0
63595,237.0,102.0,142.0,149.0
63596,248.0,91.0,130.0,140.0
63597,259.0,96.0,148.0,144.0
63598,262.0,93.0,149.0,146.0
63599,262.0,117.0,147.0,157.0
63600,233.0,115.0,113.0,134.0
63601,265.0,65.0,157.0,152.0
63602,257.0,251.0,154.0,155.0
63603,276.0,233.0,155.0,150.0
63604,247.0,134.0,139.0,142.0
63605,260.0,117.0,151.0,136.0
63606,247.0,94.0,151.0,140.0
63607,259.0,112.0,129.0,137.0
63608,277.0,215.0,154.0,171.0
63609,246.0,146.0,146.0,127.0
63610,254.0,65.0,152.0,148.0
63611,252.0,211.0,129.0,143.0
63612,242.0,201.0,128.0,139.0
63613,225.0,78.0,121.0,119.0
63614,259.0,96.0,143.0,133.0
63615,248.0,101.0,137.0,122.0
63616,237.0,77.0,131.0,133.0
63617,262.0,90.0,149.0,139.0
63618,247.0,204.0,120.0,141.0
63619,244.0,81.0,123.0,140.0
63620,242.0,96.0,142.0,154.0
63621,240.0,122.0,127.0,137.0
63622,254.0,254.0,148.0,147.0
63623,251.0,210.0,141.0,153.0
63624,230.0,100.0,137.0,138.0
63625,226.0,109.0,128.0,127.0
63626,261.0,156.0,149.0,141.0
63627,261.0,142.0,160.0,154.0
63628,245.0,214.0,136.0,137.0
63629,241.0,207.0,139.0,142.0
63630,234.0,116.0,121.0,113.0
63631,254.0,94.0,130.0,146.0
63632,262.0,144.0,142.0,160.0
63633,253.0,99.0,162.0,151.0
63634,246.0,183.0,149.0,127.0
63635,259.0,126.0,137.0,148.0
63636,249.0,215.0,154.0,137.0
63637,278.0,132.0,148.0,154.0
63638,235.0,110.0,139.0,130.0
63639,258.0,127.0,156.0,150.0
63640,241.0,135.0,133.0,117.0
63641,245.0,214.0,137.0,136.0
63642,262.0,109.0,112.0,143.0
63643,259.0,122.0,149.0,137.0
63644,244.0,80.0,148.0,139.0
63645,259.0,224.0,135.0,143.0
63646,256.0,116.0,137.0,145.0
63647,241.0,112.0,135.0,130.0
63648,261.0,81.0,153.0,141.0
63649,241.0,133.0,149.0,138.0
63650,246.0,95.0,141.0,134.0
63651,258.0,108.0,131.0,153.0
63652,255.0,110.0,135.0,150.0
63653,242.0,207.0,144.0,128.0
63654,254.0,194.0,130.0,139.0
63655,255.0,214.0,145.0,140.0
63656,248.0,72.0,153.0,132.0
63657,240.0,98.0,138.0,138.0
63658,229.0,83.0,122.0,119.0
63659,241.0,111.0,113.0,122.0
63660,236.0,110.0,132.0,133.0
63661,238.0,136.0,134.0,131.0
63662,236.0,89.0,129.0,136.0
63663,263.0,129.0,134.0,153.0
63664,251.0,100.0,154.0,134.0
63665,240.0,129.0,130.0,139.0
63666,251.0,110.0,144.0,131.0
63667,257.0,110.0,135.0,138.0
63668,256.0,213.0,146.0,143.0
63669,258.0,215.0,145.0,145.0
63670,244.0,129.0,132.0,138.0
63671,254.0,158.0,149.0,145.0
63672,259.0,82.0,150.0,147.0
63673,251.0,126.0,134.0,148.0
63674,257.0,217.0,146.0,141.0
63675,238.0,86.0,143.0,129.0
63676,265.0,102.0,147.0,163.0
63677,276.0,115.0,134.0,161.0
63678,239.0,121.0,136.0,120.0
63679,258.0,234.0,134.0,138.0
63680,243.0,128.0,129.0,154.0
63681,247.0,213.0,130.0,145.0
63682,270.0,141.0,155.0,151.0
63683,262.0,181.0,161.0,135.0
63684,253.0,221.0,151.0,161.0
63685,257.0,223.0,144.0,148.0
63686,243.0,65.0,134.0,122.0
63687,271.0,97.0,153.0,143.0
63688,253.0,119.0,164.0,137.0
63689,250.0,141.0,131.0,143.0
63690,262.0,228.0,154.0,164.0
63691,252.0,223.0,144.0,140.0
63692,242.0,179.0,145.0,141.0
63693,266.0,111.0,144.0,154.0
63694,251.0,144.0,139.0,135.0
63695,261.0,134.0,145.0,154.0
63696,237.0,132.0,128.0,134.0
63697,271.0,129.0,157.0,146.0
63698,252.0,154.0,145.0,158.0
63699,233.0,196.0,126.0,134.0
63700,246.0,101.0,137.0,132.0
63701,266.0,108.0,152.0,142.0
63702,273.0,155.0,145.0,154.0
63703,250.0,109.0,126.0,126.0
63704,240.0,178.0,130.0,147.0
63705,273.0,116.0,175.0,151.0
63706,256.0,161.0,139.0,152.0
63707,250.0,222.0,145.0,138.0
63708,264.0,220.0,158.0,157.0
63709,262.0,101.0,147.0,151.0
63710,256.0,227.0,138.0,143.0
63711,231.0,202.0,124.0,119.0
63712,255.0,94.0,136.0,142.0
63713,245.0,200.0,136.0,143.0
63714,239.0,90.0,128.0,134.0
63715,248.0,108.0,141.0,140.0
63716,247.0,93.0,137.0,140.0
63717,232.0,128.0,141.0,121.0
63718,240.0,108.0,129.0,144.0
63719,253.0,122.0,143.0,145.0
63720,252.0,217.0,142.0,134.0
63721,251.0,129.0,118.0,149.0
63722,255.0,196.0,142.0,156.0
63723,231.0,185.0,134.0,121.0
63724,269.0,137.0,166.0,147.0
63725,233.0,124.0,134.0,125.0
63726,243.0,130.0,133.0,142.0
63727,254.0,112.0,138.0,152.0
63728,253.0,64.0,147.0,165.0
63729,246.0,60.0,139.0,149.0
63730,264.0,179.0,160.0,149.0
63731,248.0,139.0,135.0,147.0
63732,265.0,104.0,142.0,135.0
63733,256.0,79.0,137.0,130.0
63734,252.0,134.0,145.0,136.0
63735,278.0,90.0,158.0,162.0
63736,261.0,221.0,136.0,138.0
63737,240.0,100.0,134.0,137.0
63738,246.0,98.0,134.0,129.0
63739,234.0,125.0,129.0,130.0
63740,249.0,114.0,128.0,144.0
63741,273.0,106.0,157.0,160.0
63742,236.0,213.0,138.0,134.0
63743,250.0,204.0,136.0,148.0
63744,242.0,208.0,140.0,141.0
63745,258.0,223.0,143.0,152.0
63746,259.0,138.0,143.0,146.0
63747,251.0,122.0,127.0,145.0
63748,260.0,249.0,142.0,149.0
63749,235.0,97.0,123.0,126.0
63750,264.0,108.0,141.0,157.0
63751,267.0,104.0,156.0,142.0
63752,243.0,235.0,140.0,127.0
63753,247.0,80.0,136.0,145.0
63754,269.0,131.0,136.0,144.0
63755,267.0,233.0,141.0,134.0
63756,268.0,208.0,158.0,152.0
63757,244.0,117.0,151.0,132.0
63758,242.0,108.0,133.0,138.0
63759,250.0,100.0,129.0,151.0
63760,253.0,90.0,130.0,142.0
63761,240.0,112.0,130.0,136.0
63762,252.0,204.0,147.0,137.0
63763,256.0,96.0,145.0,138.0
63764,231.0,200.0,133.0,125.0
63765,226.0,116.0,128.0,110.0
63766,269.0,132.0,143.0,160.0
63767,256.0,88.0,135.0,144.0
63768,247.0,85.0,133.0,129.0
63769,247.0,243.0,140.0,139.0
63770,237.0,107.0,122.0,114.0
63771,227.0,194.0,139.0,120.0
63772,253.0,93.0,148.0,151.0
63773,234.0,87.0,139.0,124.0
63774,261.0,178.0,153.0,131.0
63775,216.0,111.0,115.0,129.0
63776,249.0,116.0,134.0,140.0
63777,228.0,148.0,129.0,122.0
63778,255.0,218.0,130.0,142.0
63779,257.0,225.0,147.0,135.0
63780,240.0,210.0,140.0,129.0
63781,252.0,157.0,136.0,146.0
63782,241.0,55.0,126.0,138.0
63783,253.0,216.0,139.0,141.0
63784,267.0,116.0,141.0,153.0
63785,255.0,90.0,145.0,144.0
63786,274.0,85.0,167.0,150.0
63787,257.0,153.0,146.0,150.0
63788,244.0,103.0,148.0,149.0
63789,263.0,157.0,142.0,159.0
63790,250.0,115.0,145.0,132.0
63791,240.0,129.0,130.0,128.0
63792,274.0,93.0,152.0,160.0
63793,256.0,101.0,126.0,141.0
63794,238.0,87.0,138.0,135.0
63795,267.0,232.0,140.0,166.0
63796,250.0,149.0,136.0,118.0
63797,250.0,105.0,134.0,138.0
63798,260.0,135.0,151.0,140.0
63799,233.0,94.0,124.0,131.0
63800,233.0,29.0,146.0,138.0
63801,247.0,101.0,133.0,139.0
63802,260.0,202.0,153.0,124.0
63803,269.0,92.0,157.0,143.0
63804,246.0,140.0,147.0,135.0
63805,242.0,156.0,134.0,138.0
63806,236.0,87.0,143.0,134.0
63807,246.0,85.0,134.0,137.0
63808,252.0,128.0,128.0,144.0
63809,237.0,65.0,128.0,128.0
63810,236.0,231.0,144.0,136.0
63811,236.0,85.0,138.0,131.0
63812,227.0,60.0,117.0,136.0
63813,266.0,124.0,130.0,143.0
63814,273.0,266.0,150.0,137.0
63815,241.0,170.0,140.0,133.0
63816,244.0,108.0,128.0,135.0
63817,242.0,111.0,133.0,132.0
63818,237.0,107.0,133.0,134.0
63819,253.0,72.0,161.0,162.0
63820,281.0,127.0,152.0,165.0
63821,257.0,210.0,136.0,142.0
63822,265.0,218.0,149.0,145.0
63823,259.0,213.0,136.0,142.0
63824,269.0,148.0,144.0,155.0
63825,245.0,214.0,138.0,140.0
63826,237.0,118.0,140.0,145.0
63827,258.0,220.0,133.0,147.0
63828,250.0,209.0,127.0,138.0
63829,256.0,128.0,154.0,145.0
63830,258.0,209.0,143.0,145.0
63831,257.0,91.0,135.0,134.0
63832,253.0,217.0,154.0,136.0
63833,254.0,207.0,144.0,142.0
63834,253.0,123.0,150.0,150.0
63835,260.0,116.0,144.0,146.0
63836,261.0,225.0,132.0,147.0
63837,263.0,62.0,141.0,148.0
63838,248.0,78.0,161.0,147.0
63839,272.0,77.0,154.0,156.0
63840,248.0,131.0,135.0,140.0
63841,229.0,127.0,136.0,126.0
63842,258.0,113.0,157.0,168.0
63843,250.0,62.0,134.0,152.0
63844,226.0,96.0,139.0,128.0
63845,239.0,127.0,125.0,138.0
63846,254.0,139.0,135.0,150.0
63847,253.0,91.0,159.0,158.0
63848,256.0,98.0,143.0,146.0
63849,231.0,199.0,143.0,120.0
63850,251.0,109.0,142.0,133.0
63851,251.0,103.0,143.0,134.0
63852,256.0,164.0,147.0,145.0
63853,250.0,125.0,140.0,131.0
63854,257.0,120.0,132.0,142.0
63855,247.0,100.0,123.0,143.0
63856,232.0,149.0,131.0,128.0
63857,247.0,105.0,153.0,137.0
63858,241.0,97.0,135.0,140.0
63859,224.0,193.0,119.0,134.0
63860,254.0,220.0,157.0,149.0
63861,241.0,207.0,139.0,131.0
63862,233.0,97.0,127.0,136.0
63863,254.0,216.0,151.0,134.0
63864,231.0,106.0,134.0,127.0
63865,245.0,226.0,132.0,142.0
63866,223.0,196.0,130.0,108.0
63867,252.0,125.0,157.0,142.0
63868,229.0,96.0,124.0,133.0
63869,221.0,142.0,136.0,129.0
63870,262.0,203.0,154.0,156.0
63871,272.0,229.0,144.0,145.0
63872,243.0,205.0,136.0,128.0
63873,239.0,82.0,139.0,126.0
63874,235.0,103.0,148.0,131.0
63875,266.0,150.0,142.0,155.0
63876,235.0,201.0,127.0,130.0
63877,226.0,80.0,146.0,132.0
63878,255.0,227.0,147.0,128.0
63879,260.0,105.0,151.0,143.0
63880,242.0,126.0,129.0,130.0
63881,231.0,79.0,125.0,136.0
63882,265.0,118.0,160.0,148.0
63883,273.0,239.0,169.0,157.0
63884,244.0,215.0,145.0,130.0
63885,252.0,223.0,134.0,139.0
63886,262.0,231.0,144.0,158.0
63887,231.0,84.0,124.0,130.0
63888,238.0,189.0,141.0,141.0
63889,231.0,194.0,131.0,134.0
63890,258.0,91.0,131.0,143.0
63891,227.0,97.0,109.0,135.0
63892,255.0,105.0,152.0,143.0
63893,229.0,78.0,116.0,117.0
63894,256.0,60.0,156.0,151.0
63895,254.0,142.0,137.0,151.0
63896,265.0,262.0,148.0,132.0
63897,279.0,247.0,158.0,155.0
63898,271.0,239.0,149.0,153.0
63899,281.0,101.0,150.0,146.0
63900,252.0,98.0,140.0,149.0
63901,236.0,208.0,136.0,130.0
63902,253.0,131.0,150.0,123.0
63903,268.0,96.0,149.0,154.0
63904,238.0,93.0,136.0,129.0
63905,234.0,114.0,122.0,140.0
63906,267.0,106.0,141.0,156.0
63907,238.0,197.0,142.0,127.0
63908,246.0,142.0,138.0,126.0
63909,271.0,131.0,158.0,160.0
63910,226.0,183.0,116.0,135.0
63911,259.0,216.0,154.0,147.0
63912,261.0,96.0,156.0,146.0
63913,276.0,163.0,163.0,146.0
63914,237.0,135.0,136.0,132.0
63915,251.0,69.0,139.0,140.0
63916,231.0,223.0,124.0,147.0
63917,264.0,225.0,144.0,155.0
63918,245.0,206.0,150.0,136.0
63919,264.0,146.0,131.0,160.0
63920,253.0,118.0,138.0,140.0
63921,257.0,91.0,154.0,145.0
63922,248.0,141.0,141.0,138.0
63923,267.0,133.0,145.0,156.0
63924,246.0,75.0,140.0,145.0
63925,255.0,113.0,145.0,131.0
63926,256.0,96.0,143.0,148.0
63927,272.0,135.0,166.0,149.0
63928,264.0,133.0,147.0,142.0
63929,238.0,142.0,133.0,148.0
63930,250.0,222.0,144.0,145.0
63931,268.0,118.0,145.0,143.0
63932,242.0,130.0,124.0,146.0
63933,234.0,203.0,132.0,132.0
63934,250.0,89.0,134.0,136.0
63935,253.0,97.0,142.0,129.0
63936,253.0,166.0,130.0,129.0
63937,229.0,109.0,132.0,121.0
63938,257.0,248.0,148.0,135.0
63939,254.0,132.0,128.0,145.0
63940,243.0,92.0,142.0,145.0
63941,244.0,155.0,137.0,118.0
63942,269.0,91.0,137.0,150.0
63943,236.0,166.0,133.0,126.0
63944,235.0,206.0,139.0,129.0
63945,252.0,219.0,133.0,151.0
63946,265.0,172.0,159.0,147.0
63947,236.0,93.0,125.0,117.0
63948,251.0,101.0,142.0,145.0
63949,251.0,223.0,140.0,128.0
63950,248.0,87.0,123.0,138.0
63951,245.0,102.0,144.0,132.0
63952,235.0,190.0,123.0,132.0
63953,232.0,92.0,130.0,128.0
63954,242.0,211.0,142.0,132.0
63955,248.0,94.0,142.0,139.0
63956,244.0,108.0,143.0,135.0
63957,235.0,138.0,127.0,130.0
63958,254.0,135.0,144.0,143.0
63959,255.0,113.0,141.0,160.0
63960,241.0,105.0,142.0,138.0
63961,255.0,109.0,136.0,147.0
63962,249.0,212.0,145.0,135.0
63963,277.0,96.0,155.0,172.0
63964,247.0,205.0,144.0,134.0
63965,260.0,126.0,155.0,147.0
63966,233.0,212.0,115.0,135.0
63967,252.0,92.0,144.0,145.0
63968,254.0,134.0,144.0,133.0
63969,255.0,139.0,145.0,142.0
63970,250.0,101.0,134.0,138.0
63971,232.0,108.0,138.0,133.0
63972,248.0,107.0,135.0,145.0
63973,248.0,102.0,162.0,137.0
63974,237.0,99.0,141.0,135.0
63975,261.0,137.0,143.0,148.0
63976,242.0,167.0,140.0,143.0
63977,255.0,142.0,142.0,144.0
63978,217.0,68.0,119.0,114.0
63979,263.0,240.0,145.0,152.0
63980,256.0,96.0,146.0,125.0
63981,277.0,149.0,158.0,149.0
63982,236.0,63.0,128.0,135.0
63983,235.0,98.0,139.0,134.0
63984,269.0,70.0,138.0,155.0
63985,243.0,231.0,134.0,127.0
63986,245.0,242.0,145.0,145.0
63987,230.0,166.0,122.0,124.0
63988,237.0,101.0,129.0,135.0
63989,245.0,138.0,131.0,130.0
63990,246.0,123.0,133.0,138.0
63991,244.0,203.0,147.0,142.0
63992,216.0,108.0,121.0,116.0
63993,246.0,125.0,147.0,127.0
63994,236.0,143.0,130.0,133.0
63995,251.0,138.0,134.0,135.0
63996,260.0,139.0,157.0,144.0
63997,273.0,216.0,161.0,165.0
63998,267.0,145.0,147.0,145.0
63999,262.0,81.0,149.0,149.0
64000,255.0,224.0,142.0,165.0
64001,235.0,93.0,129.0,135.0
64002,243.0,114.0,128.0,123.0
64003,269.0,131.0,152.0,155.0
64004,274.0,71.0,151.0,153.0
64005,240.0,109.0,134.0,129.0
64006,251.0,159.0,135.0,147.0
64007,197.0,136.0,107.0,101.0
64008,258.0,128.0,141.0,132.0
64009,251.0,132.0,129.0,121.0
64010,270.0,175.0,148.0,132.0
64011,236.0,121.0,121.0,122.0
64012,249.0,125.0,140.0,136.0
64013,268.0,137.0,149.0,147.0
64014,256.0,119.0,143.0,136.0
64015,267.0,137.0,147.0,145.0
64016,252.0,93.0,133.0,141.0
64017,271.0,233.0,154.0,148.0
64018,266.0,122.0,144.0,159.0
64019,243.0,81.0,137.0,143.0
64020,250.0,95.0,138.0,146.0
64021,241.0,77.0,136.0,132.0
64022,269.0,180.0,153.0,161.0
64023,263.0,109.0,136.0,153.0
64024,227.0,125.0,133.0,124.0
64025,255.0,107.0,151.0,139.0
64026,259.0,241.0,140.0,154.0
64027,265.0,119.0,149.0,135.0
64028,252.0,112.0,135.0,149.0
64029,272.0,167.0,149.0,159.0
64030,268.0,90.0,146.0,148.0
64031,242.0,121.0,139.0,135.0
64032,261.0,133.0,153.0,152.0
64033,251.0,224.0,145.0,141.0
64034,229.0,192.0,129.0,120.0
64035,246.0,94.0,153.0,133.0
64036,242.0,118.0,129.0,131.0
64037,248.0,150.0,129.0,143.0
64038,243.0,134.0,141.0,131.0
64039,256.0,139.0,143.0,139.0
64040,248.0,111.0,130.0,137.0
64041,266.0,120.0,157.0,144.0
64042,238.0,118.0,136.0,125.0
64043,264.0,247.0,146.0,146.0
64044,240.0,169.0,129.0,130.0
64045,267.0,156.0,148.0,162.0
64046,234.0,215.0,123.0,133.0
64047,257.0,179.0,148.0,141.0
64048,259.0,84.0,139.0,135.0
64049,250.0,120.0,142.0,143.0
64050,233.0,88.0,138.0,131.0
64051,236.0,127.0,134.0,140.0
64052,252.0,143.0,123.0,136.0
64053,257.0,167.0,143.0,152.0
64054,228.0,76.0,130.0,118.0
64055,253.0,221.0,155.0,140.0
64056,236.0,58.0,135.0,118.0
64057,244.0,73.0,135.0,136.0
64058,255.0,229.0,143.0,131.0
64059,239.0,78.0,111.0,134.0
64060,236.0,82.0,127.0,135.0
64061,239.0,81.0,126.0,141.0
64062,248.0,89.0,145.0,137.0
64063,277.0,128.0,154.0,139.0
64064,245.0,140.0,144.0,129.0
64065,256.0,121.0,133.0,129.0
64066,241.0,209.0,137.0,123.0
64067,246.0,103.0,147.0,126.0
64068,240.0,143.0,126.0,132.0
64069,238.0,104.0,127.0,148.0
64070,244.0,112.0,138.0,146.0
64071,284.0,118.0,162.0,165.0
64072,254.0,244.0,139.0,140.0
64073,237.0,80.0,139.0,142.0
64074,274.0,135.0,168.0,148.0
64075,257.0,217.0,139.0,147.0
64076,274.0,127.0,162.0,155.0
64077,251.0,131.0,133.0,136.0
64078,233.0,130.0,119.0,125.0
64079,235.0,194.0,137.0,135.0
64080,261.0,229.0,139.0,136.0
64081,243.0,101.0,136.0,143.0
64082,259.0,96.0,151.0,161.0
64083,239.0,56.0,133.0,132.0
64084,234.0,83.0,137.0,129.0
64085,263.0,65.0,134.0,153.0
64086,257.0,91.0,125.0,139.0
64087,250.0,111.0,139.0,125.0
64088,264.0,99.0,162.0,142.0
64089,242.0,71.0,146.0,136.0
64090,240.0,99.0,145.0,156.0
64091,229.0,110.0,144.0,129.0
64092,271.0,234.0,152.0,141.0
64093,252.0,135.0,130.0,136.0
64094,255.0,203.0,134.0,159.0
64095,258.0,142.0,134.0,135.0
64096,255.0,142.0,144.0,133.0
64097,240.0,107.0,138.0,143.0
64098,231.0,200.0,127.0,131.0
64099,226.0,108.0,118.0,124.0
64100,239.0,210.0,139.0,128.0
64101,235.0,209.0,126.0,123.0
64102,269.0,145.0,154.0,159.0
64103,265.0,167.0,152.0,148.0
64104,238.0,133.0,132.0,144.0
64105,240.0,99.0,124.0,135.0
64106,262.0,163.0,145.0,142.0
64107,233.0,85.0,134.0,119.0
64108,245.0,240.0,146.0,142.0
64109,266.0,120.0,137.0,143.0
64110,242.0,115.0,131.0,135.0
64111,241.0,90.0,143.0,136.0
64112,245.0,207.0,139.0,147.0
64113,215.0,89.0,107.0,121.0
64114,228.0,205.0,137.0,134.0
64115,252.0,102.0,136.0,148.0
64116,266.0,239.0,141.0,153.0
64117,243.0,211.0,149.0,137.0
64118,237.0,109.0,136.0,134.0
64119,238.0,218.0,142.0,141.0
64120,253.0,206.0,148.0,140.0
64121,239.0,200.0,147.0,137.0
64122,256.0,217.0,144.0,151.0
64123,239.0,121.0,129.0,137.0
64124,252.0,108.0,148.0,128.0
64125,243.0,95.0,144.0,138.0
64126,244.0,108.0,137.0,133.0
64127,235.0,203.0,125.0,130.0
64128,250.0,102.0,139.0,133.0
64129,261.0,104.0,150.0,148.0
64130,226.0,192.0,129.0,134.0
64131,237.0,91.0,127.0,140.0
64132,214.0,105.0,115.0,112.0
64133,238.0,101.0,135.0,131.0
64134,277.0,254.0,164.0,148.0
64135,280.0,112.0,158.0,151.0
64136,245.0,124.0,138.0,146.0
64137,235.0,199.0,132.0,139.0
64138,248.0,221.0,144.0,127.0
64139,241.0,87.0,142.0,132.0
64140,277.0,236.0,158.0,138.0
64141,241.0,125.0,135.0,134.0
64142,250.0,85.0,142.0,154.0
64143,253.0,116.0,143.0,144.0
64144,237.0,114.0,118.0,148.0
64145,240.0,198.0,128.0,144.0
64146,236.0,65.0,132.0,132.0
64147,244.0,79.0,147.0,125.0
64148,255.0,106.0,143.0,137.0
64149,273.0,133.0,154.0,152.0
64150,267.0,98.0,136.0,162.0
64151,248.0,112.0,131.0,143.0
64152,247.0,173.0,148.0,135.0
64153,237.0,83.0,144.0,130.0
64154,248.0,152.0,134.0,154.0
64155,231.0,89.0,126.0,121.0
64156,230.0,188.0,143.0,130.0
64157,252.0,234.0,128.0,142.0
64158,268.0,153.0,151.0,148.0
64159,236.0,196.0,133.0,130.0
64160,249.0,80.0,150.0,125.0
64161,233.0,113.0,126.0,133.0
64162,269.0,140.0,150.0,154.0
64163,247.0,217.0,131.0,129.0
64164,228.0,181.0,121.0,126.0
64165,238.0,157.0,134.0,135.0
64166,265.0,110.0,148.0,157.0
64167,248.0,107.0,131.0,147.0
64168,255.0,106.0,129.0,148.0
64169,247.0,241.0,122.0,133.0
64170,223.0,104.0,127.0,134.0
64171,218.0,94.0,125.0,132.0
64172,257.0,79.0,151.0,136.0
64173,249.0,94.0,149.0,136.0
64174,230.0,199.0,118.0,126.0
64175,249.0,105.0,150.0,142.0
64176,253.0,214.0,135.0,139.0
64177,239.0,208.0,145.0,129.0
64178,255.0,168.0,141.0,147.0
64179,246.0,126.0,147.0,141.0
64180,247.0,230.0,139.0,152.0
64181,250.0,169.0,137.0,134.0
64182,259.0,77.0,148.0,146.0
64183,273.0,129.0,159.0,158.0
64184,230.0,99.0,117.0,119.0
64185,253.0,61.0,137.0,151.0
64186,254.0,157.0,139.0,147.0
64187,260.0,141.0,146.0,135.0
64188,235.0,79.0,148.0,131.0
64189,240.0,104.0,145.0,137.0
64190,269.0,250.0,155.0,157.0
64191,287.0,108.0,152.0,172.0
64192,244.0,107.0,142.0,134.0
64193,223.0,64.0,119.0,137.0
64194,259.0,131.0,157.0,147.0
64195,220.0,84.0,117.0,124.0
64196,222.0,187.0,113.0,110.0
64197,246.0,109.0,141.0,131.0
64198,222.0,174.0,118.0,121.0
64199,247.0,118.0,146.0,142.0
64200,269.0,123.0,168.0,153.0
64201,261.0,125.0,146.0,139.0
64202,270.0,159.0,140.0,160.0
64203,245.0,79.0,135.0,129.0
64204,256.0,150.0,140.0,145.0
64205,247.0,70.0,134.0,158.0
64206,258.0,110.0,146.0,151.0
64207,268.0,120.0,145.0,155.0
64208,239.0,158.0,142.0,144.0
64209,229.0,142.0,130.0,128.0
64210,261.0,111.0,153.0,147.0
64211,274.0,106.0,147.0,152.0
64212,245.0,73.0,145.0,132.0
64213,266.0,137.0,158.0,156.0
64214,227.0,62.0,125.0,125.0
64215,245.0,214.0,129.0,133.0
64216,251.0,217.0,143.0,149.0
64217,240.0,106.0,143.0,133.0
64218,257.0,212.0,136.0,150.0
64219,250.0,108.0,157.0,148.0
64220,239.0,149.0,114.0,144.0
64221,281.0,157.0,150.0,148.0
64222,241.0,98.0,138.0,150.0
64223,262.0,126.0,145.0,150.0
64224,241.0,76.0,133.0,142.0
64225,258.0,218.0,147.0,129.0
64226,278.0,243.0,156.0,156.0
64227,232.0,127.0,144.0,132.0
64228,283.0,115.0,160.0,152.0
64229,240.0,96.0,142.0,128.0
64230,244.0,236.0,136.0,139.0
64231,245.0,218.0,146.0,139.0
64232,250.0,92.0,125.0,136.0
64233,242.0,105.0,140.0,136.0
64234,263.0,102.0,145.0,150.0
64235,264.0,172.0,147.0,146.0
64236,247.0,150.0,133.0,142.0
64237,252.0,135.0,143.0,135.0
64238,264.0,252.0,142.0,145.0
64239,235.0,200.0,128.0,142.0
64240,233.0,143.0,119.0,130.0
64241,253.0,232.0,148.0,147.0
64242,266.0,93.0,160.0,148.0
64243,269.0,235.0,154.0,140.0
64244,223.0,219.0,115.0,120.0
64245,259.0,250.0,157.0,141.0
64246,249.0,80.0,141.0,141.0
64247,223.0,107.0,113.0,124.0
64248,249.0,47.0,141.0,141.0
64249,260.0,226.0,137.0,148.0
64250,241.0,154.0,129.0,140.0
64251,245.0,213.0,138.0,141.0
64252,245.0,98.0,138.0,137.0
64253,239.0,95.0,140.0,128.0
64254,235.0,99.0,134.0,140.0
64255,260.0,103.0,136.0,133.0
64256,238.0,94.0,121.0,136.0
64257,242.0,203.0,137.0,130.0
64258,255.0,216.0,130.0,133.0
64259,260.0,231.0,132.0,153.0
64260,229.0,224.0,133.0,135.0
64261,245.0,237.0,157.0,144.0
64262,227.0,123.0,133.0,122.0
64263,255.0,219.0,142.0,142.0
64264,229.0,130.0,123.0,120.0
64265,248.0,95.0,147.0,140.0
64266,264.0,263.0,160.0,145.0
64267,270.0,115.0,143.0,156.0
64268,256.0,144.0,155.0,147.0
64269,273.0,133.0,145.0,160.0
64270,264.0,110.0,139.0,128.0
64271,249.0,172.0,133.0,125.0
64272,234.0,139.0,122.0,131.0
64273,250.0,209.0,131.0,137.0
64274,250.0,78.0,137.0,146.0
64275,240.0,117.0,140.0,116.0
64276,289.0,200.0,175.0,165.0
64277,224.0,105.0,116.0,128.0
64278,255.0,108.0,153.0,141.0
64279,241.0,128.0,128.0,125.0
64280,266.0,258.0,151.0,153.0
64281,222.0,106.0,139.0,131.0
64282,258.0,120.0,148.0,151.0
64283,259.0,91.0,150.0,148.0
64284,243.0,98.0,133.0,140.0
64285,258.0,152.0,138.0,145.0
64286,252.0,99.0,142.0,149.0
64287,232.0,56.0,134.0,126.0
64288,226.0,218.0,133.0,107.0
64289,246.0,215.0,147.0,141.0
64290,249.0,218.0,146.0,135.0
64291,259.0,81.0,147.0,142.0
64292,251.0,128.0,158.0,158.0
64293,265.0,97.0,160.0,152.0
64294,242.0,90.0,139.0,132.0
64295,222.0,178.0,111.0,124.0
64296,246.0,144.0,144.0,147.0
64297,249.0,119.0,147.0,144.0
64298,249.0,209.0,134.0,159.0
64299,249.0,125.0,148.0,145.0
64300,247.0,116.0,127.0,145.0
64301,249.0,242.0,148.0,145.0
64302,243.0,99.0,140.0,135.0
64303,253.0,127.0,142.0,137.0
64304,240.0,103.0,124.0,129.0
64305,255.0,163.0,142.0,149.0
64306,241.0,107.0,123.0,145.0
64307,249.0,79.0,143.0,147.0
64308,254.0,146.0,146.0,128.0
64309,277.0,112.0,171.0,143.0
64310,248.0,216.0,143.0,137.0
64311,268.0,227.0,144.0,150.0
64312,223.0,184.0,122.0,126.0
64313,252.0,210.0,150.0,126.0
64314,244.0,126.0,133.0,133.0
64315,251.0,218.0,166.0,145.0
64316,229.0,111.0,121.0,128.0
64317,249.0,108.0,126.0,131.0
64318,269.0,164.0,152.0,152.0
64319,214.0,80.0,125.0,120.0
64320,252.0,95.0,147.0,143.0
64321,241.0,95.0,126.0,131.0
64322,241.0,125.0,132.0,123.0
64323,234.0,92.0,142.0,134.0
64324,241.0,164.0,131.0,130.0
64325,235.0,180.0,129.0,130.0
64326,270.0,126.0,144.0,161.0
64327,232.0,104.0,135.0,139.0
64328,260.0,231.0,157.0,151.0
64329,230.0,131.0,135.0,136.0
64330,240.0,205.0,152.0,143.0
64331,253.0,213.0,138.0,133.0
64332,237.0,131.0,126.0,131.0
64333,265.0,124.0,156.0,126.0
64334,224.0,191.0,136.0,122.0
64335,247.0,96.0,134.0,129.0
64336,273.0,269.0,162.0,145.0
64337,264.0,251.0,128.0,148.0
64338,257.0,116.0,135.0,147.0
64339,241.0,146.0,132.0,136.0
64340,268.0,247.0,144.0,150.0
64341,250.0,133.0,143.0,147.0
64342,245.0,114.0,133.0,146.0
64343,234.0,132.0,142.0,133.0
64344,244.0,217.0,136.0,135.0
64345,253.0,109.0,131.0,128.0
64346,253.0,72.0,151.0,157.0
64347,254.0,147.0,148.0,141.0
64348,252.0,154.0,136.0,149.0
64349,240.0,237.0,136.0,135.0
64350,250.0,216.0,150.0,140.0
64351,235.0,209.0,138.0,139.0
64352,237.0,201.0,131.0,138.0
64353,254.0,207.0,123.0,162.0
64354,265.0,83.0,148.0,159.0
64355,255.0,86.0,142.0,147.0
64356,264.0,98.0,137.0,150.0
64357,238.0,180.0,138.0,132.0
64358,269.0,149.0,146.0,137.0
64359,249.0,98.0,134.0,152.0
64360,244.0,163.0,130.0,144.0
64361,251.0,120.0,133.0,138.0
64362,265.0,101.0,158.0,143.0
64363,262.0,105.0,156.0,162.0
64364,250.0,92.0,150.0,141.0
64365,255.0,219.0,137.0,132.0
64366,245.0,104.0,140.0,136.0
64367,248.0,90.0,148.0,120.0
64368,277.0,124.0,149.0,158.0
64369,221.0,190.0,125.0,128.0
64370,224.0,111.0,129.0,126.0
64371,255.0,61.0,149.0,146.0
64372,237.0,100.0,133.0,131.0
64373,230.0,79.0,134.0,116.0
64374,262.0,234.0,146.0,155.0
64375,273.0,174.0,146.0,158.0
64376,232.0,107.0,125.0,137.0
64377,244.0,114.0,163.0,131.0
64378,247.0,216.0,146.0,146.0
64379,250.0,177.0,147.0,144.0
64380,253.0,154.0,152.0,146.0
64381,242.0,140.0,134.0,137.0
64382,233.0,108.0,133.0,134.0
64383,254.0,106.0,156.0,153.0
64384,258.0,105.0,150.0,139.0
64385,224.0,123.0,132.0,132.0
64386,242.0,84.0,129.0,120.0
64387,229.0,116.0,126.0,127.0
64388,258.0,134.0,150.0,151.0
64389,267.0,130.0,149.0,147.0
64390,233.0,108.0,128.0,140.0
64391,237.0,105.0,125.0,130.0
64392,254.0,68.0,151.0,138.0
64393,264.0,119.0,141.0,144.0
64394,272.0,96.0,161.0,146.0
64395,236.0,107.0,148.0,123.0
64396,274.0,131.0,140.0,168.0
64397,230.0,116.0,126.0,137.0
64398,232.0,210.0,129.0,126.0
64399,232.0,45.0,128.0,131.0
64400,259.0,224.0,154.0,143.0
64401,246.0,125.0,150.0,164.0
64402,260.0,115.0,147.0,139.0
64403,228.0,99.0,124.0,125.0
64404,246.0,215.0,138.0,130.0
64405,251.0,220.0,123.0,139.0
64406,247.0,211.0,144.0,136.0
64407,246.0,119.0,144.0,135.0
64408,233.0,131.0,121.0,136.0
64409,286.0,92.0,163.0,169.0
64410,248.0,211.0,136.0,132.0
64411,265.0,116.0,156.0,148.0
64412,262.0,112.0,156.0,132.0
64413,257.0,179.0,144.0,152.0
64414,247.0,227.0,146.0,140.0
64415,233.0,213.0,129.0,144.0
64416,256.0,74.0,152.0,149.0
64417,245.0,133.0,142.0,145.0
64418,244.0,209.0,137.0,137.0
64419,230.0,193.0,119.0,130.0
64420,281.0,141.0,167.0,161.0
64421,249.0,86.0,133.0,149.0
64422,251.0,146.0,138.0,148.0
64423,249.0,119.0,136.0,145.0
64424,239.0,212.0,134.0,130.0
64425,236.0,100.0,138.0,127.0
64426,244.0,85.0,132.0,143.0
64427,252.0,223.0,158.0,155.0
64428,259.0,158.0,109.0,128.0
64429,257.0,256.0,159.0,144.0
64430,257.0,125.0,134.0,148.0
64431,236.0,204.0,131.0,146.0
64432,254.0,216.0,148.0,148.0
64433,250.0,105.0,142.0,138.0
64434,269.0,71.0,140.0,150.0
64435,257.0,118.0,126.0,144.0
64436,260.0,136.0,139.0,157.0
64437,274.0,142.0,144.0,147.0
64438,231.0,89.0,125.0,110.0
64439,236.0,113.0,132.0,138.0
64440,265.0,133.0,151.0,126.0
64441,266.0,162.0,141.0,159.0
64442,257.0,107.0,142.0,155.0
64443,259.0,112.0,151.0,135.0
64444,257.0,177.0,130.0,141.0
64445,255.0,243.0,143.0,152.0
64446,280.0,162.0,158.0,144.0
64447,268.0,103.0,152.0,159.0
64448,247.0,116.0,147.0,133.0
64449,226.0,193.0,115.0,127.0
64450,267.0,84.0,130.0,151.0
64451,268.0,125.0,162.0,145.0
64452,243.0,158.0,134.0,143.0
64453,265.0,71.0,147.0,147.0
64454,239.0,159.0,127.0,143.0
64455,257.0,243.0,155.0,152.0
64456,245.0,90.0,136.0,140.0
64457,268.0,238.0,166.0,145.0
64458,240.0,87.0,139.0,128.0
64459,247.0,98.0,144.0,139.0
64460,239.0,223.0,142.0,132.0
64461,242.0,99.0,133.0,132.0
64462,246.0,83.0,133.0,131.0
64463,228.0,207.0,135.0,130.0
64464,238.0,71.0,131.0,135.0
64465,252.0,109.0,137.0,146.0
64466,264.0,109.0,152.0,164.0
64467,270.0,228.0,161.0,149.0
64468,198.0,96.0,110.0,113.0
64469,258.0,93.0,134.0,144.0
64470,248.0,213.0,134.0,140.0
64471,256.0,94.0,130.0,148.0
64472,267.0,236.0,156.0,147.0
64473,244.0,212.0,141.0,133.0
64474,259.0,100.0,142.0,146.0
64475,253.0,222.0,147.0,130.0
64476,254.0,244.0,131.0,143.0
64477,252.0,146.0,132.0,157.0
64478,282.0,126.0,160.0,150.0
64479,245.0,209.0,136.0,139.0
64480,257.0,101.0,150.0,152.0
64481,231.0,196.0,130.0,127.0
64482,268.0,133.0,144.0,151.0
64483,257.0,87.0,131.0,143.0
64484,270.0,115.0,160.0,154.0
64485,262.0,102.0,145.0,132.0
64486,242.0,126.0,135.0,138.0
64487,249.0,61.0,148.0,139.0
64488,263.0,100.0,140.0,157.0
64489,272.0,151.0,149.0,161.0
64490,247.0,100.0,142.0,127.0
64491,249.0,240.0,147.0,143.0
64492,250.0,219.0,151.0,143.0
64493,233.0,99.0,138.0,127.0
64494,243.0,209.0,132.0,135.0
64495,241.0,231.0,132.0,134.0
64496,259.0,94.0,152.0,135.0
64497,241.0,122.0,126.0,138.0
64498,252.0,229.0,163.0,133.0
64499,249.0,121.0,118.0,143.0
64500,275.0,148.0,154.0,158.0
64501,233.0,147.0,126.0,145.0
64502,246.0,115.0,118.0,144.0
64503,271.0,135.0,160.0,147.0
64504,232.0,111.0,130.0,122.0
64505,278.0,145.0,167.0,146.0
64506,266.0,224.0,152.0,146.0
64507,253.0,124.0,128.0,134.0
64508,243.0,58.0,130.0,135.0
64509,237.0,92.0,145.0,129.0
64510,221.0,77.0,124.0,117.0
64511,266.0,219.0,132.0,164.0
64512,255.0,129.0,131.0,142.0
64513,249.0,160.0,144.0,155.0
64514,246.0,108.0,143.0,133.0
64515,239.0,212.0,129.0,142.0
64516,260.0,222.0,158.0,140.0
64517,253.0,110.0,154.0,138.0
64518,244.0,137.0,141.0,135.0
64519,241.0,212.0,124.0,142.0
64520,244.0,99.0,122.0,135.0
64521,272.0,173.0,138.0,159.0
64522,247.0,165.0,141.0,123.0
64523,242.0,104.0,132.0,138.0
64524,243.0,111.0,136.0,137.0
64525,260.0,109.0,146.0,149.0
64526,261.0,104.0,134.0,166.0
64527,247.0,156.0,146.0,157.0
64528,245.0,199.0,135.0,141.0
64529,256.0,133.0,133.0,140.0
64530,246.0,109.0,146.0,121.0
64531,251.0,101.0,138.0,136.0
64532,257.0,118.0,141.0,136.0
64533,261.0,169.0,142.0,151.0
64534,264.0,129.0,148.0,155.0
64535,246.0,214.0,135.0,145.0
64536,259.0,108.0,134.0,146.0
64537,249.0,126.0,157.0,146.0
64538,251.0,218.0,138.0,150.0
64539,240.0,117.0,143.0,138.0
64540,264.0,140.0,161.0,138.0
64541,246.0,88.0,141.0,125.0
64542,234.0,95.0,142.0,137.0
64543,217.0,95.0,110.0,131.0
64544,256.0,145.0,143.0,146.0
64545,251.0,119.0,144.0,131.0
64546,249.0,202.0,145.0,142.0
64547,267.0,76.0,146.0,156.0
64548,251.0,106.0,147.0,159.0
64549,222.0,114.0,128.0,134.0
64550,250.0,118.0,124.0,139.0
64551,251.0,127.0,146.0,146.0
64552,259.0,110.0,153.0,148.0
64553,252.0,167.0,150.0,154.0
64554,262.0,137.0,142.0,159.0
64555,239.0,230.0,133.0,143.0
64556,256.0,179.0,139.0,150.0
64557,259.0,140.0,145.0,147.0
64558,253.0,244.0,149.0,146.0
64559,242.0,81.0,131.0,141.0
64560,275.0,158.0,156.0,146.0
64561,230.0,116.0,127.0,146.0
64562,245.0,153.0,130.0,122.0
64563,247.0,201.0,165.0,130.0
64564,247.0,101.0,148.0,132.0
64565,244.0,168.0,141.0,133.0
64566,224.0,100.0,134.0,117.0
64567,227.0,104.0,130.0,125.0
64568,250.0,107.0,130.0,123.0
64569,243.0,176.0,127.0,114.0
64570,236.0,102.0,131.0,122.0
64571,259.0,94.0,137.0,144.0
64572,253.0,109.0,156.0,128.0
64573,246.0,191.0,152.0,137.0
64574,248.0,104.0,133.0,140.0
64575,235.0,71.0,129.0,131.0
64576,254.0,144.0,139.0,150.0
64577,272.0,225.0,150.0,159.0
64578,243.0,120.0,134.0,138.0
64579,268.0,70.0,146.0,158.0
64580,239.0,151.0,136.0,147.0
64581,291.0,255.0,175.0,186.0
64582,240.0,204.0,147.0,143.0
64583,231.0,227.0,134.0,132.0
64584,293.0,124.0,155.0,183.0
64585,263.0,146.0,141.0,153.0
64586,238.0,180.0,145.0,140.0
64587,235.0,109.0,138.0,128.0
64588,246.0,212.0,135.0,141.0
64589,244.0,213.0,126.0,119.0
64590,236.0,200.0,132.0,126.0
64591,241.0,80.0,145.0,131.0
64592,225.0,111.0,136.0,126.0
64593,237.0,106.0,135.0,124.0
64594,244.0,78.0,126.0,138.0
64595,227.0,179.0,131.0,134.0
64596,223.0,109.0,123.0,139.0
64597,251.0,104.0,142.0,152.0
64598,237.0,211.0,146.0,142.0
64599,279.0,171.0,162.0,159.0
64600,236.0,138.0,131.0,127.0
64601,240.0,105.0,125.0,145.0
64602,281.0,149.0,151.0,167.0
64603,261.0,121.0,151.0,147.0
64604,266.0,119.0,165.0,155.0
64605,231.0,68.0,130.0,137.0
64606,261.0,74.0,143.0,139.0
64607,266.0,229.0,140.0,155.0
64608,246.0,210.0,146.0,140.0
64609,257.0,96.0,145.0,141.0
64610,247.0,134.0,140.0,133.0
64611,229.0,92.0,122.0,121.0
64612,238.0,136.0,124.0,132.0
64613,239.0,205.0,137.0,122.0
64614,236.0,95.0,128.0,149.0
64615,269.0,236.0,161.0,158.0
64616,239.0,106.0,112.0,121.0
64617,257.0,112.0,154.0,133.0
64618,244.0,203.0,134.0,134.0
64619,262.0,143.0,158.0,150.0
64620,225.0,81.0,114.0,132.0
64621,238.0,135.0,127.0,121.0
64622,247.0,101.0,142.0,133.0
64623,261.0,143.0,141.0,150.0
64624,271.0,111.0,157.0,159.0
64625,260.0,100.0,144.0,149.0
64626,241.0,228.0,129.0,140.0
64627,231.0,139.0,130.0,119.0
64628,251.0,119.0,140.0,132.0
64629,255.0,107.0,149.0,137.0
64630,232.0,208.0,129.0,116.0
64631,227.0,117.0,127.0,123.0
64632,240.0,118.0,141.0,140.0
64633,226.0,187.0,117.0,115.0
64634,247.0,112.0,158.0,149.0
64635,264.0,113.0,162.0,150.0
64636,261.0,112.0,143.0,130.0
64637,265.0,120.0,135.0,143.0
64638,269.0,82.0,165.0,148.0
64639,267.0,133.0,151.0,151.0
64640,226.0,107.0,112.0,122.0
64641,236.0,75.0,145.0,129.0
64642,228.0,129.0,119.0,123.0
64643,266.0,127.0,153.0,140.0
64644,246.0,144.0,145.0,138.0
64645,269.0,142.0,144.0,163.0
64646,254.0,215.0,144.0,137.0
64647,253.0,111.0,133.0,147.0
64648,249.0,115.0,141.0,126.0
64649,242.0,114.0,138.0,142.0
64650,249.0,93.0,162.0,138.0
64651,263.0,88.0,139.0,141.0
64652,253.0,130.0,148.0,140.0
64653,239.0,124.0,136.0,129.0
64654,243.0,77.0,137.0,136.0
64655,232.0,219.0,133.0,128.0
64656,261.0,119.0,147.0,150.0
64657,244.0,138.0,121.0,126.0
64658,242.0,217.0,154.0,128.0
64659,255.0,109.0,153.0,150.0
64660,257.0,233.0,125.0,145.0
64661,267.0,115.0,142.0,138.0
64662,255.0,102.0,137.0,147.0
64663,251.0,100.0,135.0,146.0
64664,241.0,146.0,136.0,123.0
64665,251.0,101.0,130.0,143.0
64666,230.0,176.0,119.0,128.0
64667,264.0,126.0,158.0,145.0
64668,243.0,93.0,132.0,152.0
64669,256.0,233.0,132.0,159.0
64670,266.0,163.0,138.0,161.0
64671,244.0,124.0,132.0,152.0
64672,256.0,91.0,152.0,154.0
64673,287.0,132.0,152.0,167.0
64674,247.0,87.0,131.0,156.0
64675,253.0,134.0,157.0,146.0
64676,274.0,131.0,160.0,150.0
64677,263.0,125.0,139.0,146.0
64678,240.0,208.0,130.0,137.0
64679,267.0,165.0,152.0,152.0
64680,254.0,128.0,155.0,148.0
64681,253.0,100.0,124.0,151.0
64682,245.0,211.0,139.0,146.0
64683,251.0,118.0,145.0,135.0
64684,240.0,110.0,143.0,145.0
64685,269.0,122.0,153.0,152.0
64686,243.0,109.0,134.0,131.0
64687,244.0,117.0,134.0,122.0
64688,263.0,162.0,152.0,120.0
64689,265.0,228.0,147.0,145.0
64690,234.0,141.0,113.0,139.0
64691,236.0,232.0,117.0,133.0
64692,257.0,98.0,139.0,150.0
64693,245.0,97.0,125.0,135.0
64694,252.0,130.0,147.0,141.0
64695,247.0,86.0,137.0,143.0
64696,230.0,140.0,138.0,119.0
64697,252.0,111.0,133.0,144.0
64698,240.0,82.0,138.0,128.0
64699,253.0,248.0,146.0,137.0
64700,234.0,194.0,137.0,142.0
64701,266.0,75.0,144.0,144.0
64702,230.0,213.0,126.0,133.0
64703,270.0,245.0,144.0,148.0
64704,266.0,130.0,144.0,143.0
64705,256.0,89.0,155.0,132.0
64706,245.0,127.0,128.0,136.0
64707,267.0,128.0,148.0,160.0
64708,264.0,157.0,159.0,154.0
64709,248.0,123.0,131.0,124.0
64710,253.0,71.0,142.0,150.0
64711,246.0,219.0,147.0,135.0
64712,231.0,142.0,113.0,122.0
64713,247.0,103.0,133.0,135.0
64714,264.0,83.0,142.0,141.0
64715,273.0,149.0,167.0,158.0
64716,251.0,130.0,128.0,137.0
64717,258.0,124.0,136.0,141.0
64718,256.0,121.0,139.0,155.0
64719,241.0,151.0,137.0,137.0
64720,237.0,232.0,139.0,145.0
64721,258.0,101.0,138.0,139.0
64722,259.0,232.0,153.0,155.0
64723,227.0,105.0,134.0,133.0
64724,278.0,116.0,139.0,163.0
64725,248.0,55.0,132.0,132.0
64726,245.0,96.0,153.0,149.0
64727,267.0,154.0,146.0,134.0
64728,251.0,110.0,133.0,124.0
64729,261.0,231.0,127.0,144.0
64730,249.0,119.0,136.0,121.0
64731,245.0,121.0,152.0,142.0
64732,255.0,98.0,124.0,135.0
64733,261.0,133.0,135.0,148.0
64734,252.0,137.0,141.0,128.0
64735,247.0,104.0,130.0,141.0
64736,231.0,103.0,137.0,138.0
64737,248.0,149.0,140.0,135.0
64738,230.0,90.0,136.0,134.0
64739,257.0,187.0,150.0,141.0
64740,253.0,210.0,160.0,141.0
64741,253.0,210.0,148.0,148.0
64742,242.0,133.0,139.0,134.0
64743,237.0,124.0,145.0,123.0
64744,249.0,221.0,137.0,142.0
64745,250.0,117.0,135.0,158.0
64746,237.0,137.0,136.0,130.0
64747,266.0,208.0,155.0,162.0
64748,256.0,86.0,137.0,136.0
64749,245.0,103.0,142.0,121.0
64750,261.0,115.0,151.0,141.0
64751,236.0,75.0,127.0,133.0
64752,242.0,158.0,136.0,138.0
64753,246.0,202.0,137.0,135.0
64754,233.0,99.0,126.0,126.0
64755,224.0,112.0,119.0,124.0
64756,262.0,111.0,148.0,145.0
64757,266.0,98.0,143.0,163.0
64758,257.0,140.0,160.0,145.0
64759,260.0,95.0,141.0,151.0
64760,270.0,177.0,167.0,140.0
64761,283.0,238.0,162.0,142.0
64762,239.0,161.0,138.0,131.0
64763,263.0,134.0,161.0,147.0
64764,263.0,120.0,136.0,150.0
64765,253.0,98.0,150.0,126.0
64766,276.0,145.0,151.0,158.0
64767,247.0,201.0,146.0,138.0
64768,265.0,221.0,156.0,158.0
64769,256.0,151.0,140.0,151.0
64770,256.0,98.0,159.0,165.0
64771,248.0,83.0,141.0,122.0
64772,256.0,156.0,145.0,164.0
64773,272.0,231.0,155.0,162.0
64774,254.0,210.0,155.0,131.0
64775,274.0,124.0,163.0,152.0
64776,232.0,205.0,134.0,129.0
64777,250.0,91.0,148.0,137.0
64778,259.0,247.0,129.0,146.0
64779,256.0,130.0,150.0,144.0
64780,246.0,241.0,148.0,127.0
64781,281.0,267.0,150.0,150.0
64782,229.0,97.0,124.0,118.0
64783,271.0,151.0,140.0,162.0
64784,249.0,215.0,132.0,133.0
64785,255.0,139.0,146.0,148.0
64786,247.0,216.0,144.0,137.0
64787,247.0,119.0,138.0,140.0
64788,290.0,133.0,162.0,164.0
64789,253.0,86.0,149.0,148.0
64790,256.0,215.0,148.0,146.0
64791,256.0,84.0,156.0,137.0
64792,240.0,207.0,135.0,123.0
64793,247.0,72.0,153.0,120.0
64794,250.0,109.0,132.0,158.0
64795,235.0,123.0,137.0,132.0
64796,216.0,63.0,125.0,130.0
64797,265.0,139.0,135.0,150.0
64798,236.0,87.0,134.0,133.0
64799,240.0,222.0,133.0,127.0
64800,247.0,101.0,124.0,140.0
64801,239.0,133.0,142.0,136.0
64802,267.0,258.0,170.0,143.0
64803,234.0,89.0,149.0,142.0
64804,245.0,204.0,148.0,137.0
64805,270.0,101.0,149.0,147.0
64806,246.0,95.0,141.0,139.0
64807,228.0,97.0,132.0,123.0
64808,244.0,85.0,132.0,134.0
64809,242.0,183.0,137.0,117.0
64810,226.0,106.0,121.0,124.0
64811,261.0,93.0,143.0,156.0
64812,258.0,154.0,145.0,145.0
64813,237.0,223.0,134.0,133.0
64814,251.0,208.0,134.0,135.0
64815,253.0,113.0,127.0,146.0
64816,246.0,152.0,130.0,137.0
64817,234.0,91.0,133.0,131.0
64818,248.0,115.0,147.0,147.0
64819,268.0,137.0,153.0,144.0
64820,263.0,138.0,159.0,150.0
64821,224.0,77.0,121.0,132.0
64822,270.0,129.0,164.0,149.0
64823,256.0,136.0,145.0,145.0
64824,240.0,78.0,138.0,138.0
64825,235.0,112.0,131.0,134.0
64826,242.0,75.0,128.0,134.0
64827,246.0,119.0,140.0,136.0
64828,247.0,231.0,151.0,126.0
64829,240.0,200.0,143.0,123.0
64830,246.0,96.0,141.0,127.0
64831,221.0,197.0,126.0,131.0
64832,246.0,119.0,137.0,136.0
64833,218.0,92.0,128.0,132.0
64834,256.0,240.0,152.0,149.0
64835,253.0,216.0,145.0,133.0
64836,261.0,228.0,144.0,165.0
64837,225.0,89.0,117.0,128.0
64838,245.0,113.0,138.0,137.0
64839,246.0,112.0,133.0,132.0
64840,281.0,90.0,157.0,156.0
64841,249.0,98.0,139.0,120.0
64842,246.0,111.0,140.0,154.0
64843,240.0,210.0,130.0,137.0
64844,240.0,207.0,138.0,123.0
64845,251.0,220.0,133.0,155.0
64846,251.0,182.0,149.0,155.0
64847,250.0,244.0,141.0,154.0
64848,258.0,218.0,124.0,139.0
64849,244.0,106.0,128.0,152.0
64850,250.0,95.0,134.0,133.0
64851,245.0,206.0,145.0,133.0
64852,262.0,132.0,139.0,141.0
64853,266.0,119.0,162.0,137.0
64854,283.0,134.0,161.0,164.0
64855,257.0,224.0,155.0,156.0
64856,243.0,127.0,123.0,148.0
64857,247.0,83.0,135.0,139.0
64858,262.0,233.0,135.0,149.0
64859,254.0,123.0,144.0,140.0
64860,245.0,234.0,130.0,135.0
64861,247.0,166.0,125.0,135.0
64862,247.0,170.0,144.0,133.0
64863,242.0,121.0,148.0,128.0
64864,227.0,83.0,133.0,130.0
64865,246.0,243.0,171.0,131.0
64866,256.0,113.0,147.0,137.0
64867,258.0,100.0,141.0,149.0
64868,251.0,112.0,141.0,148.0
64869,271.0,83.0,153.0,151.0
64870,244.0,65.0,138.0,137.0
64871,235.0,78.0,132.0,136.0
64872,261.0,126.0,141.0,142.0
64873,259.0,85.0,151.0,151.0
64874,227.0,122.0,114.0,117.0
64875,263.0,91.0,148.0,161.0
64876,242.0,111.0,128.0,113.0
64877,221.0,106.0,107.0,119.0
64878,239.0,84.0,115.0,133.0
64879,264.0,215.0,136.0,138.0
64880,255.0,177.0,140.0,151.0
64881,252.0,102.0,144.0,131.0
64882,230.0,129.0,128.0,122.0
64883,259.0,224.0,145.0,140.0
64884,243.0,199.0,115.0,123.0
64885,252.0,148.0,135.0,147.0
64886,255.0,214.0,147.0,127.0
64887,251.0,88.0,138.0,134.0
64888,231.0,114.0,143.0,118.0
64889,247.0,143.0,139.0,152.0
64890,250.0,117.0,145.0,133.0
64891,243.0,110.0,134.0,130.0
64892,267.0,140.0,154.0,155.0
64893,265.0,65.0,144.0,140.0
64894,231.0,81.0,124.0,130.0
64895,214.0,93.0,127.0,125.0
64896,225.0,191.0,120.0,127.0
64897,286.0,247.0,159.0,155.0
64898,244.0,146.0,139.0,139.0
64899,270.0,264.0,155.0,148.0
64900,246.0,120.0,147.0,147.0
64901,257.0,55.0,145.0,142.0
64902,236.0,167.0,131.0,128.0
64903,258.0,216.0,145.0,154.0
64904,258.0,73.0,151.0,159.0
64905,242.0,92.0,140.0,132.0
64906,247.0,84.0,128.0,134.0
64907,229.0,110.0,118.0,125.0
64908,244.0,242.0,142.0,157.0
64909,228.0,113.0,133.0,129.0
64910,225.0,107.0,125.0,135.0
64911,264.0,106.0,150.0,161.0
64912,240.0,109.0,132.0,130.0
64913,265.0,116.0,162.0,155.0
64914,241.0,226.0,138.0,135.0
64915,240.0,91.0,136.0,124.0
64916,266.0,209.0,151.0,157.0
64917,263.0,234.0,137.0,152.0
64918,263.0,220.0,158.0,154.0
64919,276.0,96.0,139.0,159.0
64920,237.0,165.0,123.0,132.0
64921,229.0,137.0,119.0,133.0
64922,235.0,86.0,136.0,127.0
64923,249.0,122.0,145.0,142.0
64924,259.0,235.0,158.0,140.0
64925,250.0,110.0,143.0,137.0
64926,245.0,108.0,148.0,149.0
64927,251.0,241.0,136.0,141.0
64928,264.0,120.0,154.0,152.0
64929,279.0,120.0,155.0,149.0
64930,255.0,123.0,130.0,147.0
64931,248.0,207.0,150.0,146.0
64932,264.0,241.0,150.0,137.0
64933,218.0,80.0,120.0,119.0
64934,255.0,94.0,137.0,152.0
64935,234.0,202.0,131.0,133.0
64936,234.0,202.0,124.0,117.0
64937,232.0,99.0,132.0,130.0
64938,262.0,215.0,167.0,140.0
64939,262.0,144.0,160.0,140.0
64940,262.0,122.0,139.0,140.0
64941,239.0,137.0,139.0,144.0
64942,265.0,104.0,153.0,139.0
64943,251.0,81.0,147.0,144.0
64944,230.0,204.0,144.0,125.0
64945,250.0,113.0,145.0,139.0
64946,254.0,99.0,139.0,139.0
64947,272.0,154.0,143.0,151.0
64948,232.0,155.0,128.0,138.0
64949,266.0,48.0,139.0,144.0
64950,246.0,117.0,132.0,147.0
64951,239.0,61.0,133.0,127.0
64952,267.0,127.0,143.0,156.0
64953,246.0,108.0,143.0,125.0
64954,256.0,220.0,141.0,132.0
64955,261.0,207.0,146.0,143.0
64956,233.0,156.0,133.0,126.0
64957,238.0,109.0,137.0,140.0
64958,249.0,105.0,134.0,159.0
64959,250.0,108.0,139.0,142.0
64960,251.0,241.0,154.0,142.0
64961,244.0,206.0,149.0,136.0
64962,233.0,119.0,137.0,133.0
64963,258.0,79.0,136.0,144.0
64964,235.0,83.0,134.0,146.0
64965,255.0,102.0,147.0,134.0
64966,259.0,126.0,138.0,151.0
64967,234.0,209.0,131.0,128.0
64968,264.0,147.0,153.0,154.0
64969,232.0,142.0,124.0,150.0
64970,235.0,202.0,136.0,129.0
64971,254.0,87.0,136.0,140.0
64972,235.0,199.0,128.0,139.0
64973,258.0,153.0,141.0,143.0
64974,255.0,122.0,150.0,143.0
64975,260.0,119.0,148.0,146.0
64976,273.0,96.0,149.0,147.0
64977,235.0,208.0,116.0,139.0
64978,238.0,107.0,140.0,130.0
64979,257.0,159.0,143.0,147.0
64980,252.0,205.0,142.0,147.0
64981,255.0,213.0,147.0,130.0
64982,252.0,106.0,147.0,134.0
64983,267.0,120.0,142.0,153.0
64984,261.0,145.0,140.0,156.0
64985,250.0,104.0,134.0,139.0
64986,245.0,93.0,146.0,135.0
64987,228.0,130.0,118.0,128.0
64988,261.0,80.0,145.0,146.0
64989,260.0,123.0,144.0,154.0
64990,258.0,210.0,145.0,151.0
64991,253.0,163.0,144.0,143.0
64992,264.0,214.0,137.0,148.0
64993,247.0,143.0,135.0,147.0
64994,254.0,72.0,140.0,137.0
64995,226.0,106.0,135.0,123.0
64996,227.0,114.0,119.0,141.0
64997,271.0,126.0,136.0,158.0
64998,241.0,232.0,121.0,129.0
64999,244.0,156.0,137.0,149.0
65000,250.0,226.0,158.0,140.0
65001,234.0,178.0,132.0,130.0
65002,242.0,79.0,140.0,125.0
65003,242.0,198.0,145.0,136.0
65004,244.0,103.0,125.0,142.0
65005,241.0,222.0,124.0,128.0
65006,249.0,123.0,134.0,144.0
65007,255.0,200.0,151.0,140.0
65008,251.0,155.0,147.0,141.0
65009,236.0,122.0,128.0,124.0
65010,231.0,165.0,141.0,145.0
65011,257.0,229.0,156.0,159.0
65012,245.0,119.0,118.0,138.0
65013,253.0,68.0,154.0,133.0
65014,248.0,129.0,149.0,137.0
65015,241.0,100.0,132.0,134.0
65016,224.0,105.0,126.0,133.0
65017,224.0,107.0,121.0,117.0
65018,233.0,216.0,140.0,126.0
65019,254.0,221.0,134.0,140.0
65020,247.0,208.0,138.0,132.0
65021,239.0,117.0,132.0,124.0
65022,258.0,116.0,140.0,139.0
65023,251.0,228.0,155.0,133.0
65024,246.0,107.0,132.0,129.0
65025,262.0,96.0,143.0,156.0
65026,247.0,237.0,141.0,138.0
65027,232.0,208.0,126.0,136.0
65028,246.0,236.0,140.0,139.0
65029,274.0,119.0,139.0,169.0
65030,234.0,125.0,132.0,126.0
65031,246.0,134.0,130.0,142.0
65032,266.0,122.0,144.0,148.0
65033,258.0,84.0,135.0,144.0
65034,243.0,94.0,126.0,150.0
65035,244.0,135.0,129.0,156.0
65036,241.0,45.0,135.0,132.0
65037,231.0,126.0,123.0,136.0
65038,243.0,107.0,129.0,142.0
65039,273.0,186.0,156.0,158.0
65040,252.0,64.0,130.0,141.0
65041,237.0,83.0,147.0,128.0
65042,230.0,121.0,124.0,117.0
65043,260.0,113.0,133.0,151.0
65044,243.0,78.0,137.0,140.0
65045,250.0,126.0,142.0,140.0
65046,253.0,207.0,144.0,133.0
65047,240.0,86.0,128.0,140.0
65048,255.0,110.0,136.0,148.0
65049,256.0,210.0,153.0,148.0
65050,240.0,95.0,136.0,139.0
65051,270.0,102.0,145.0,157.0
65052,266.0,207.0,157.0,169.0
65053,251.0,83.0,143.0,138.0
65054,249.0,138.0,130.0,137.0
65055,244.0,86.0,126.0,140.0
65056,241.0,90.0,122.0,139.0
65057,262.0,211.0,150.0,164.0
65058,264.0,213.0,153.0,148.0
65059,258.0,91.0,135.0,162.0
65060,252.0,98.0,148.0,142.0
65061,270.0,146.0,146.0,144.0
65062,266.0,93.0,147.0,147.0
65063,257.0,49.0,148.0,143.0
65064,249.0,106.0,141.0,132.0
65065,251.0,188.0,129.0,147.0
65066,230.0,123.0,120.0,136.0
65067,246.0,89.0,151.0,145.0
65068,252.0,117.0,136.0,142.0
65069,242.0,55.0,116.0,143.0
65070,228.0,74.0,139.0,139.0
65071,232.0,206.0,124.0,128.0
65072,229.0,197.0,142.0,122.0
65073,234.0,72.0,132.0,129.0
65074,229.0,90.0,130.0,137.0
65075,254.0,83.0,138.0,133.0
65076,241.0,94.0,143.0,142.0
65077,244.0,86.0,137.0,133.0
65078,273.0,102.0,169.0,159.0
65079,250.0,126.0,125.0,132.0
65080,245.0,61.0,151.0,151.0
65081,245.0,208.0,140.0,134.0
65082,264.0,126.0,154.0,147.0
65083,251.0,85.0,136.0,141.0
65084,213.0,184.0,120.0,126.0
65085,273.0,118.0,156.0,156.0
65086,233.0,79.0,122.0,135.0
65087,264.0,77.0,171.0,142.0
65088,243.0,131.0,148.0,130.0
65089,243.0,216.0,133.0,128.0
65090,227.0,62.0,123.0,130.0
65091,241.0,93.0,138.0,136.0
65092,242.0,68.0,131.0,125.0
65093,266.0,113.0,147.0,149.0
65094,264.0,231.0,164.0,149.0
65095,243.0,219.0,138.0,133.0
65096,253.0,95.0,146.0,138.0
65097,229.0,132.0,121.0,122.0
65098,252.0,132.0,143.0,148.0
65099,262.0,102.0,149.0,144.0
65100,261.0,150.0,152.0,148.0
65101,256.0,207.0,155.0,154.0
65102,287.0,144.0,166.0,163.0
65103,259.0,95.0,132.0,158.0
65104,258.0,149.0,145.0,149.0
65105,242.0,106.0,133.0,130.0
65106,257.0,237.0,140.0,148.0
65107,253.0,77.0,154.0,148.0
65108,266.0,111.0,151.0,160.0
65109,242.0,203.0,119.0,145.0
65110,264.0,115.0,153.0,159.0
65111,261.0,131.0,125.0,161.0
65112,258.0,216.0,136.0,142.0
65113,245.0,112.0,144.0,132.0
65114,242.0,110.0,148.0,135.0
65115,270.0,211.0,143.0,153.0
65116,249.0,106.0,144.0,151.0
65117,232.0,99.0,132.0,125.0
65118,234.0,88.0,125.0,129.0
65119,236.0,91.0,136.0,134.0
65120,241.0,160.0,142.0,145.0
65121,242.0,113.0,154.0,135.0
65122,239.0,103.0,136.0,138.0
65123,269.0,101.0,145.0,144.0
65124,262.0,251.0,142.0,146.0
65125,232.0,126.0,136.0,137.0
65126,263.0,111.0,150.0,159.0
65127,247.0,213.0,150.0,135.0
65128,232.0,146.0,119.0,125.0
65129,265.0,149.0,150.0,149.0
65130,243.0,209.0,126.0,128.0
65131,254.0,116.0,137.0,134.0
65132,256.0,117.0,122.0,133.0
65133,248.0,162.0,151.0,139.0
65134,242.0,201.0,134.0,131.0
65135,249.0,122.0,134.0,136.0
65136,244.0,205.0,137.0,135.0
65137,271.0,115.0,151.0,162.0
65138,255.0,114.0,145.0,147.0
65139,210.0,169.0,119.0,122.0
65140,267.0,242.0,141.0,151.0
65141,257.0,168.0,145.0,143.0
65142,254.0,152.0,135.0,119.0
65143,245.0,125.0,145.0,139.0
65144,232.0,86.0,124.0,129.0
65145,255.0,77.0,139.0,147.0
65146,252.0,128.0,139.0,157.0
65147,252.0,157.0,149.0,133.0
65148,253.0,73.0,146.0,135.0
65149,245.0,207.0,136.0,157.0
65150,223.0,52.0,124.0,127.0
65151,225.0,182.0,128.0,126.0
65152,251.0,131.0,151.0,139.0
65153,252.0,109.0,133.0,145.0
65154,264.0,144.0,138.0,141.0
65155,238.0,93.0,146.0,137.0
65156,249.0,107.0,139.0,146.0
65157,270.0,112.0,155.0,132.0
65158,245.0,196.0,125.0,147.0
65159,247.0,219.0,122.0,147.0
65160,253.0,56.0,138.0,139.0
65161,234.0,111.0,142.0,139.0
65162,224.0,91.0,124.0,118.0
65163,251.0,250.0,147.0,143.0
65164,242.0,95.0,135.0,135.0
65165,256.0,65.0,144.0,132.0
65166,251.0,103.0,131.0,139.0
65167,257.0,116.0,149.0,138.0
65168,274.0,252.0,157.0,151.0
65169,248.0,113.0,142.0,129.0
65170,240.0,88.0,137.0,138.0
65171,247.0,129.0,125.0,151.0
65172,258.0,193.0,149.0,145.0
65173,252.0,197.0,131.0,143.0
65174,231.0,127.0,106.0,135.0
65175,239.0,235.0,157.0,129.0
65176,272.0,109.0,141.0,169.0
65177,237.0,108.0,147.0,139.0
65178,242.0,105.0,137.0,141.0
65179,261.0,237.0,140.0,141.0
65180,238.0,107.0,122.0,126.0
65181,230.0,133.0,126.0,138.0
65182,251.0,219.0,135.0,135.0
65183,262.0,210.0,147.0,142.0
65184,219.0,68.0,130.0,123.0
65185,269.0,227.0,141.0,148.0
65186,245.0,212.0,123.0,131.0
65187,233.0,191.0,137.0,124.0
65188,240.0,110.0,141.0,132.0
65189,268.0,236.0,134.0,153.0
65190,225.0,102.0,122.0,129.0
65191,254.0,246.0,136.0,136.0
65192,235.0,201.0,139.0,142.0
65193,240.0,142.0,139.0,147.0
65194,249.0,108.0,136.0,128.0
65195,244.0,65.0,152.0,143.0
65196,247.0,192.0,138.0,133.0
65197,243.0,115.0,133.0,126.0
65198,266.0,87.0,158.0,135.0
65199,242.0,78.0,139.0,130.0
65200,266.0,122.0,142.0,143.0
65201,244.0,77.0,150.0,127.0
65202,249.0,112.0,149.0,155.0
65203,236.0,200.0,132.0,134.0
65204,253.0,80.0,140.0,142.0
65205,252.0,141.0,143.0,136.0
65206,255.0,254.0,142.0,133.0
65207,242.0,90.0,140.0,131.0
65208,271.0,92.0,158.0,149.0
65209,274.0,94.0,151.0,144.0
65210,248.0,214.0,151.0,131.0
65211,225.0,84.0,118.0,132.0
65212,263.0,116.0,140.0,142.0
65213,246.0,246.0,156.0,150.0
65214,233.0,69.0,127.0,121.0
65215,262.0,103.0,154.0,142.0
65216,253.0,219.0,159.0,138.0
65217,259.0,113.0,132.0,133.0
65218,260.0,251.0,153.0,147.0
65219,235.0,205.0,142.0,138.0
65220,252.0,129.0,135.0,140.0
65221,236.0,104.0,143.0,142.0
65222,232.0,202.0,145.0,135.0
65223,265.0,126.0,154.0,150.0
65224,234.0,151.0,132.0,132.0
65225,254.0,120.0,150.0,147.0
65226,234.0,109.0,128.0,141.0
65227,229.0,206.0,131.0,134.0
65228,271.0,184.0,153.0,155.0
65229,272.0,119.0,159.0,161.0
65230,270.0,172.0,159.0,151.0
65231,246.0,102.0,151.0,128.0
65232,271.0,150.0,145.0,161.0
65233,243.0,118.0,140.0,146.0
65234,230.0,102.0,119.0,135.0
65235,256.0,101.0,134.0,146.0
65236,263.0,96.0,140.0,131.0
65237,245.0,109.0,143.0,133.0
65238,253.0,63.0,142.0,130.0
65239,223.0,66.0,128.0,132.0
65240,261.0,143.0,154.0,133.0
65241,239.0,88.0,120.0,138.0
65242,258.0,222.0,140.0,141.0
65243,259.0,140.0,149.0,150.0
65244,243.0,88.0,124.0,132.0
65245,257.0,111.0,137.0,137.0
65246,257.0,207.0,162.0,145.0
65247,267.0,217.0,150.0,154.0
65248,245.0,235.0,145.0,145.0
65249,254.0,81.0,140.0,147.0
65250,245.0,217.0,134.0,142.0
65251,242.0,45.0,123.0,131.0
65252,268.0,118.0,154.0,136.0
65253,230.0,198.0,134.0,128.0
65254,268.0,118.0,159.0,144.0
65255,269.0,151.0,155.0,161.0
65256,239.0,95.0,134.0,150.0
65257,263.0,157.0,140.0,150.0
65258,252.0,86.0,147.0,138.0
65259,248.0,117.0,137.0,147.0
65260,241.0,137.0,131.0,141.0
65261,236.0,112.0,139.0,132.0
65262,261.0,226.0,158.0,152.0
65263,251.0,245.0,152.0,151.0
65264,243.0,96.0,133.0,136.0
65265,229.0,204.0,139.0,133.0
65266,234.0,94.0,140.0,130.0
65267,254.0,117.0,149.0,143.0
65268,267.0,138.0,156.0,158.0
65269,262.0,122.0,152.0,153.0
65270,247.0,209.0,131.0,123.0
65271,264.0,212.0,148.0,153.0
65272,240.0,212.0,123.0,146.0
65273,233.0,145.0,134.0,136.0
65274,238.0,230.0,140.0,137.0
65275,265.0,80.0,156.0,150.0
65276,261.0,115.0,152.0,142.0
65277,243.0,92.0,143.0,136.0
65278,247.0,94.0,138.0,136.0
65279,251.0,128.0,149.0,146.0
65280,230.0,98.0,126.0,131.0
65281,250.0,101.0,139.0,143.0
65282,246.0,140.0,119.0,145.0
65283,241.0,108.0,142.0,130.0
65284,253.0,123.0,140.0,146.0
65285,258.0,85.0,138.0,140.0
65286,234.0,206.0,120.0,139.0
65287,275.0,121.0,165.0,152.0
65288,248.0,149.0,140.0,151.0
65289,232.0,122.0,124.0,127.0
65290,258.0,137.0,141.0,140.0
65291,244.0,110.0,140.0,135.0
65292,258.0,111.0,134.0,139.0
65293,257.0,225.0,144.0,139.0
65294,268.0,137.0,154.0,145.0
65295,284.0,247.0,153.0,156.0
65296,242.0,93.0,125.0,135.0
65297,252.0,119.0,136.0,144.0
65298,243.0,230.0,137.0,123.0
65299,258.0,65.0,155.0,153.0
65300,248.0,216.0,141.0,115.0
65301,257.0,227.0,139.0,142.0
65302,221.0,105.0,123.0,120.0
65303,249.0,95.0,149.0,134.0
65304,268.0,221.0,150.0,141.0
65305,246.0,201.0,126.0,144.0
65306,249.0,217.0,134.0,140.0
65307,240.0,157.0,119.0,135.0
65308,220.0,111.0,137.0,126.0
65309,253.0,220.0,140.0,156.0
65310,233.0,98.0,124.0,122.0
65311,253.0,115.0,136.0,138.0
65312,266.0,126.0,165.0,138.0
65313,246.0,215.0,133.0,139.0
65314,260.0,98.0,149.0,146.0
65315,261.0,227.0,154.0,150.0
65316,259.0,142.0,149.0,155.0
65317,249.0,135.0,136.0,152.0
65318,256.0,113.0,145.0,139.0
65319,249.0,172.0,143.0,140.0
65320,251.0,110.0,148.0,139.0
65321,238.0,164.0,149.0,130.0
65322,256.0,92.0,162.0,138.0
65323,242.0,102.0,130.0,131.0
65324,237.0,119.0,130.0,137.0
65325,231.0,103.0,126.0,137.0
65326,208.0,173.0,107.0,117.0
65327,245.0,69.0,148.0,144.0
65328,238.0,82.0,130.0,135.0
65329,245.0,183.0,147.0,129.0
65330,246.0,237.0,142.0,138.0
65331,260.0,187.0,156.0,149.0
65332,257.0,104.0,134.0,140.0
65333,234.0,136.0,140.0,120.0
65334,243.0,95.0,137.0,144.0
65335,247.0,205.0,142.0,141.0
65336,255.0,222.0,150.0,147.0
65337,244.0,210.0,121.0,119.0
65338,254.0,93.0,139.0,142.0
65339,235.0,118.0,136.0,133.0
65340,262.0,221.0,152.0,143.0
65341,240.0,112.0,151.0,143.0
65342,257.0,97.0,150.0,136.0
65343,262.0,50.0,140.0,153.0
65344,266.0,104.0,137.0,151.0
65345,259.0,105.0,136.0,153.0
65346,287.0,155.0,164.0,144.0
65347,240.0,97.0,141.0,147.0
65348,242.0,56.0,140.0,148.0
65349,248.0,56.0,135.0,129.0
65350,258.0,127.0,150.0,154.0
65351,251.0,140.0,151.0,145.0
65352,252.0,99.0,133.0,142.0
65353,242.0,47.0,132.0,131.0
65354,275.0,246.0,152.0,171.0
65355,253.0,112.0,149.0,140.0
65356,248.0,210.0,150.0,137.0
65357,228.0,87.0,130.0,123.0
65358,256.0,116.0,160.0,138.0
65359,260.0,139.0,151.0,128.0
65360,247.0,221.0,145.0,132.0
65361,244.0,97.0,134.0,143.0
65362,267.0,109.0,145.0,156.0
65363,256.0,197.0,145.0,138.0
65364,255.0,107.0,163.0,139.0
65365,252.0,134.0,155.0,148.0
65366,244.0,85.0,126.0,123.0
65367,261.0,232.0,139.0,146.0
65368,232.0,200.0,135.0,128.0
65369,259.0,212.0,153.0,144.0
65370,248.0,116.0,140.0,140.0
65371,248.0,96.0,124.0,138.0
65372,255.0,182.0,131.0,143.0
65373,262.0,127.0,145.0,138.0
65374,234.0,119.0,126.0,133.0
65375,256.0,115.0,161.0,140.0
65376,256.0,110.0,135.0,146.0
65377,253.0,224.0,159.0,147.0
65378,246.0,103.0,119.0,146.0
65379,256.0,96.0,144.0,132.0
65380,271.0,73.0,148.0,160.0
65381,271.0,109.0,154.0,147.0
65382,254.0,120.0,153.0,142.0
65383,249.0,150.0,143.0,152.0
65384,236.0,197.0,129.0,133.0
65385,245.0,209.0,134.0,132.0
65386,265.0,228.0,153.0,142.0
65387,268.0,126.0,163.0,139.0
65388,251.0,143.0,147.0,150.0
65389,250.0,101.0,146.0,134.0
65390,251.0,138.0,141.0,136.0
65391,255.0,217.0,149.0,156.0
65392,246.0,214.0,139.0,142.0
65393,265.0,90.0,153.0,165.0
65394,253.0,78.0,132.0,143.0
65395,270.0,241.0,161.0,163.0
65396,245.0,202.0,143.0,133.0
65397,257.0,217.0,157.0,159.0
65398,252.0,100.0,132.0,147.0
65399,266.0,98.0,158.0,144.0
65400,302.0,152.0,172.0,167.0
65401,250.0,78.0,142.0,142.0
65402,269.0,67.0,171.0,162.0
65403,257.0,103.0,142.0,139.0
65404,254.0,96.0,139.0,157.0
65405,275.0,149.0,153.0,153.0
65406,249.0,125.0,149.0,138.0
65407,265.0,107.0,156.0,148.0
65408,240.0,61.0,141.0,140.0
65409,244.0,90.0,131.0,117.0
65410,248.0,220.0,128.0,138.0
65411,236.0,129.0,135.0,132.0
65412,272.0,92.0,167.0,151.0
65413,261.0,103.0,164.0,138.0
65414,245.0,70.0,136.0,131.0
65415,237.0,104.0,129.0,123.0
65416,254.0,124.0,148.0,152.0
65417,262.0,121.0,157.0,132.0
65418,260.0,221.0,138.0,150.0
65419,279.0,81.0,158.0,160.0
65420,286.0,225.0,139.0,162.0
65421,255.0,250.0,162.0,150.0
65422,237.0,103.0,113.0,132.0
65423,218.0,68.0,118.0,125.0
65424,261.0,137.0,143.0,145.0
65425,255.0,115.0,153.0,141.0
65426,249.0,96.0,135.0,143.0
65427,227.0,121.0,130.0,132.0
65428,260.0,204.0,175.0,146.0
65429,240.0,103.0,132.0,130.0
65430,234.0,225.0,145.0,128.0
65431,236.0,209.0,121.0,117.0
65432,254.0,222.0,138.0,150.0
65433,243.0,62.0,138.0,136.0
65434,251.0,233.0,132.0,137.0
65435,241.0,76.0,151.0,143.0
65436,279.0,242.0,157.0,166.0
65437,260.0,105.0,146.0,151.0
65438,240.0,135.0,140.0,143.0
65439,249.0,130.0,125.0,151.0
65440,241.0,87.0,116.0,130.0
65441,238.0,127.0,141.0,127.0
65442,262.0,108.0,143.0,156.0
65443,264.0,215.0,152.0,131.0
65444,269.0,81.0,148.0,154.0
65445,263.0,228.0,155.0,137.0
65446,250.0,118.0,137.0,140.0
65447,244.0,109.0,137.0,132.0
65448,227.0,95.0,114.0,121.0
65449,230.0,105.0,132.0,132.0
65450,230.0,151.0,120.0,139.0
65451,253.0,125.0,126.0,135.0
65452,260.0,143.0,141.0,149.0
65453,249.0,115.0,139.0,137.0
65454,236.0,107.0,138.0,126.0
65455,249.0,76.0,132.0,138.0
65456,243.0,89.0,144.0,131.0
65457,243.0,137.0,147.0,147.0
65458,240.0,89.0,135.0,142.0
65459,252.0,112.0,147.0,146.0
65460,257.0,227.0,157.0,150.0
65461,250.0,76.0,157.0,154.0
65462,222.0,84.0,122.0,116.0
65463,263.0,138.0,132.0,142.0
65464,262.0,94.0,142.0,149.0
65465,243.0,202.0,152.0,148.0
65466,242.0,104.0,133.0,129.0
65467,233.0,109.0,124.0,123.0
65468,224.0,110.0,138.0,124.0
65469,257.0,105.0,158.0,145.0
65470,253.0,129.0,151.0,146.0
65471,250.0,91.0,135.0,147.0
65472,267.0,136.0,152.0,154.0
65473,260.0,98.0,148.0,148.0
65474,249.0,70.0,148.0,141.0
65475,246.0,43.0,134.0,135.0
65476,245.0,214.0,124.0,147.0
65477,250.0,214.0,138.0,149.0
65478,251.0,108.0,132.0,148.0
65479,225.0,131.0,114.0,125.0
65480,267.0,63.0,140.0,156.0
65481,253.0,219.0,142.0,133.0
65482,249.0,238.0,133.0,137.0
65483,253.0,111.0,145.0,142.0
65484,256.0,85.0,148.0,160.0
65485,256.0,100.0,153.0,138.0
65486,267.0,117.0,159.0,164.0
65487,255.0,97.0,156.0,141.0
65488,264.0,155.0,150.0,141.0
65489,231.0,110.0,136.0,139.0
65490,255.0,91.0,145.0,144.0
65491,244.0,85.0,140.0,144.0
65492,256.0,143.0,153.0,144.0
65493,237.0,92.0,126.0,137.0
65494,267.0,99.0,151.0,153.0
65495,264.0,230.0,155.0,154.0
65496,262.0,79.0,142.0,156.0
65497,237.0,93.0,134.0,137.0
65498,247.0,193.0,143.0,144.0
65499,265.0,228.0,151.0,155.0
65500,249.0,211.0,148.0,141.0
65501,248.0,145.0,151.0,139.0
65502,223.0,60.0,127.0,135.0
65503,285.0,141.0,162.0,155.0
65504,256.0,110.0,146.0,140.0
65505,251.0,229.0,131.0,149.0
65506,267.0,235.0,147.0,168.0
65507,253.0,113.0,149.0,142.0
65508,259.0,230.0,148.0,148.0
65509,272.0,158.0,154.0,143.0
65510,246.0,68.0,149.0,139.0
65511,250.0,187.0,137.0,155.0
65512,240.0,105.0,150.0,131.0
65513,257.0,252.0,159.0,150.0
65514,259.0,88.0,137.0,162.0
65515,251.0,119.0,151.0,130.0
65516,245.0,90.0,134.0,140.0
65517,256.0,93.0,142.0,139.0
65518,258.0,132.0,163.0,136.0
65519,250.0,64.0,134.0,147.0
65520,266.0,219.0,155.0,153.0
65521,253.0,242.0,153.0,155.0
65522,226.0,102.0,103.0,121.0
65523,245.0,157.0,145.0,133.0
65524,239.0,85.0,144.0,149.0
65525,268.0,220.0,170.0,160.0
65526,233.0,69.0,129.0,129.0
65527,267.0,131.0,148.0,137.0
65528,248.0,216.0,145.0,130.0
65529,266.0,148.0,137.0,147.0
65530,244.0,101.0,138.0,136.0
65531,231.0,222.0,128.0,132.0
65532,246.0,87.0,135.0,144.0
65533,247.0,129.0,137.0,144.0
65534,245.0,92.0,167.0,134.0
65535,242.0,87.0,139.0,146.0
65536,237.0,88.0,122.0,130.0
65537,241.0,239.0,136.0,136.0
65538,233.0,92.0,137.0,138.0
65539,273.0,124.0,143.0,160.0
65540,257.0,113.0,136.0,126.0
65541,259.0,139.0,135.0,138.0
65542,229.0,196.0,135.0,131.0
65543,235.0,99.0,115.0,125.0
65544,259.0,94.0,148.0,149.0
65545,266.0,109.0,159.0,160.0
65546,264.0,83.0,158.0,148.0
65547,259.0,49.0,137.0,159.0
65548,229.0,99.0,118.0,124.0
65549,219.0,200.0,138.0,112.0
65550,234.0,192.0,114.0,128.0
65551,255.0,102.0,143.0,158.0
65552,246.0,126.0,146.0,134.0
65553,250.0,249.0,152.0,143.0
65554,245.0,111.0,142.0,138.0
65555,250.0,204.0,146.0,148.0
65556,273.0,199.0,157.0,153.0
65557,243.0,220.0,155.0,148.0
65558,246.0,102.0,135.0,132.0
65559,267.0,168.0,145.0,160.0
65560,264.0,227.0,150.0,150.0
65561,286.0,112.0,160.0,152.0
65562,222.0,60.0,124.0,121.0
65563,260.0,87.0,153.0,129.0
65564,249.0,218.0,150.0,148.0
65565,228.0,111.0,121.0,123.0
65566,242.0,223.0,124.0,145.0
65567,263.0,96.0,150.0,139.0
65568,238.0,48.0,129.0,135.0
65569,260.0,220.0,159.0,148.0
65570,244.0,156.0,126.0,134.0
65571,253.0,141.0,154.0,129.0
65572,252.0,154.0,143.0,126.0
65573,244.0,137.0,136.0,130.0
65574,249.0,103.0,134.0,145.0
65575,255.0,68.0,158.0,149.0
65576,244.0,175.0,137.0,124.0
65577,267.0,250.0,137.0,147.0
65578,248.0,110.0,143.0,144.0
65579,254.0,131.0,147.0,148.0
65580,250.0,71.0,138.0,125.0
65581,239.0,98.0,125.0,137.0
65582,258.0,221.0,132.0,135.0
65583,223.0,147.0,117.0,136.0
65584,268.0,108.0,147.0,165.0
65585,243.0,212.0,131.0,147.0
65586,243.0,117.0,135.0,134.0
65587,256.0,126.0,138.0,137.0
65588,246.0,208.0,140.0,148.0
65589,260.0,93.0,158.0,144.0
65590,256.0,116.0,137.0,156.0
65591,245.0,159.0,137.0,144.0
65592,249.0,211.0,128.0,142.0
65593,256.0,104.0,132.0,145.0
65594,256.0,94.0,130.0,147.0
65595,216.0,113.0,125.0,109.0
65596,260.0,109.0,138.0,150.0
65597,237.0,189.0,149.0,143.0
65598,244.0,144.0,133.0,134.0
65599,239.0,122.0,133.0,138.0
65600,205.0,113.0,125.0,115.0
65601,233.0,123.0,122.0,139.0
65602,266.0,105.0,152.0,137.0
65603,250.0,110.0,130.0,148.0
65604,265.0,223.0,138.0,153.0
65605,259.0,146.0,155.0,145.0
65606,262.0,118.0,151.0,151.0
65607,236.0,103.0,139.0,145.0
65608,232.0,106.0,123.0,128.0
65609,270.0,195.0,144.0,153.0
65610,236.0,120.0,137.0,137.0
65611,249.0,120.0,133.0,149.0
65612,260.0,67.0,143.0,132.0
65613,235.0,140.0,140.0,123.0
65614,251.0,88.0,154.0,133.0
65615,266.0,201.0,157.0,155.0
65616,215.0,109.0,134.0,121.0
65617,245.0,103.0,141.0,141.0
65618,222.0,186.0,119.0,119.0
65619,255.0,210.0,138.0,155.0
65620,252.0,226.0,134.0,146.0
65621,248.0,102.0,124.0,138.0
65622,244.0,172.0,126.0,133.0
65623,257.0,181.0,136.0,152.0
65624,239.0,99.0,127.0,143.0
65625,248.0,241.0,133.0,143.0
65626,230.0,131.0,125.0,128.0
65627,244.0,153.0,143.0,154.0
65628,259.0,225.0,161.0,147.0
65629,247.0,94.0,135.0,146.0
65630,269.0,121.0,153.0,155.0
65631,266.0,150.0,158.0,154.0
65632,236.0,139.0,120.0,146.0
65633,283.0,250.0,174.0,165.0
65634,259.0,146.0,137.0,159.0
65635,264.0,225.0,131.0,157.0
65636,250.0,111.0,128.0,140.0
65637,242.0,81.0,131.0,133.0
65638,260.0,103.0,144.0,150.0
65639,266.0,113.0,153.0,142.0
65640,253.0,215.0,146.0,133.0
65641,272.0,76.0,167.0,141.0
65642,245.0,245.0,131.0,135.0
65643,263.0,263.0,142.0,154.0
65644,268.0,104.0,141.0,151.0
65645,240.0,204.0,140.0,140.0
65646,246.0,49.0,137.0,144.0
65647,235.0,205.0,131.0,135.0
65648,225.0,127.0,120.0,127.0
65649,235.0,91.0,140.0,127.0
65650,257.0,128.0,133.0,127.0
65651,262.0,79.0,141.0,157.0
65652,243.0,243.0,147.0,133.0
65653,250.0,237.0,133.0,133.0
65654,248.0,124.0,142.0,146.0
65655,250.0,112.0,128.0,141.0
65656,253.0,226.0,146.0,140.0
65657,241.0,221.0,115.0,144.0
65658,256.0,86.0,135.0,157.0
65659,231.0,111.0,132.0,137.0
65660,259.0,118.0,148.0,159.0
65661,245.0,83.0,145.0,156.0
65662,269.0,237.0,158.0,154.0
65663,236.0,197.0,123.0,135.0
65664,251.0,247.0,143.0,133.0
65665,237.0,106.0,134.0,131.0
65666,235.0,78.0,116.0,135.0
65667,261.0,123.0,174.0,155.0
65668,242.0,105.0,128.0,133.0
65669,254.0,141.0,156.0,147.0
65670,251.0,235.0,134.0,150.0
65671,255.0,138.0,131.0,140.0
65672,247.0,103.0,135.0,139.0
65673,246.0,83.0,140.0,141.0
65674,221.0,195.0,118.0,117.0
65675,254.0,221.0,144.0,151.0
65676,251.0,142.0,156.0,141.0
65677,254.0,215.0,150.0,148.0
65678,242.0,114.0,135.0,132.0
65679,264.0,143.0,151.0,154.0
65680,239.0,110.0,125.0,134.0
65681,249.0,84.0,157.0,143.0
65682,258.0,135.0,146.0,153.0
65683,241.0,91.0,144.0,140.0
65684,269.0,83.0,156.0,138.0
65685,257.0,63.0,149.0,150.0
65686,259.0,170.0,128.0,154.0
65687,246.0,113.0,130.0,135.0
65688,270.0,82.0,149.0,143.0
65689,254.0,126.0,139.0,145.0
65690,245.0,112.0,140.0,114.0
65691,253.0,226.0,151.0,142.0
65692,253.0,225.0,149.0,158.0
65693,227.0,101.0,131.0,118.0
65694,242.0,94.0,137.0,135.0
65695,268.0,79.0,153.0,161.0
65696,254.0,124.0,134.0,139.0
65697,248.0,145.0,131.0,143.0
65698,251.0,211.0,134.0,159.0
65699,256.0,188.0,149.0,134.0
65700,230.0,121.0,133.0,132.0
65701,250.0,144.0,140.0,138.0
65702,233.0,135.0,126.0,142.0
65703,256.0,218.0,140.0,142.0
65704,248.0,222.0,159.0,135.0
65705,272.0,235.0,159.0,154.0
65706,257.0,211.0,149.0,152.0
65707,260.0,92.0,127.0,141.0
65708,266.0,232.0,157.0,153.0
65709,268.0,99.0,146.0,139.0
65710,248.0,105.0,152.0,144.0
65711,224.0,111.0,129.0,116.0
65712,238.0,208.0,118.0,134.0
65713,243.0,149.0,134.0,126.0
65714,249.0,69.0,134.0,152.0
65715,257.0,117.0,145.0,137.0
65716,254.0,140.0,160.0,139.0
65717,248.0,144.0,142.0,127.0
65718,248.0,211.0,136.0,126.0
65719,248.0,222.0,137.0,130.0
65720,259.0,91.0,154.0,145.0
65721,240.0,131.0,140.0,127.0
65722,251.0,129.0,130.0,149.0
65723,256.0,114.0,149.0,161.0
65724,263.0,88.0,145.0,130.0
65725,235.0,114.0,128.0,140.0
65726,255.0,115.0,136.0,136.0
65727,264.0,141.0,145.0,159.0
65728,244.0,119.0,145.0,125.0
65729,247.0,145.0,126.0,142.0
65730,255.0,208.0,137.0,151.0
65731,252.0,238.0,141.0,142.0
65732,244.0,201.0,145.0,131.0
65733,248.0,125.0,132.0,147.0
65734,252.0,80.0,146.0,139.0
65735,225.0,221.0,117.0,128.0
65736,229.0,70.0,119.0,132.0
65737,274.0,135.0,147.0,157.0
65738,247.0,120.0,131.0,137.0
65739,262.0,119.0,145.0,146.0
65740,240.0,125.0,134.0,144.0
65741,251.0,152.0,143.0,141.0
65742,245.0,216.0,133.0,148.0
65743,235.0,219.0,131.0,125.0
65744,245.0,229.0,143.0,131.0
65745,249.0,119.0,147.0,131.0
65746,244.0,199.0,129.0,146.0
65747,241.0,106.0,144.0,130.0
65748,240.0,203.0,131.0,137.0
65749,245.0,201.0,137.0,145.0
65750,263.0,224.0,132.0,148.0
65751,261.0,86.0,147.0,143.0
65752,229.0,112.0,121.0,129.0
65753,240.0,209.0,126.0,137.0
65754,237.0,233.0,124.0,146.0
65755,253.0,91.0,142.0,147.0
65756,229.0,106.0,132.0,152.0
65757,259.0,100.0,141.0,155.0
65758,272.0,100.0,152.0,142.0
65759,248.0,80.0,147.0,133.0
65760,210.0,180.0,113.0,127.0
65761,242.0,137.0,135.0,142.0
65762,254.0,240.0,127.0,145.0
65763,252.0,85.0,144.0,143.0
65764,270.0,149.0,149.0,157.0
65765,251.0,123.0,140.0,144.0
65766,275.0,102.0,150.0,149.0
65767,249.0,247.0,136.0,139.0
65768,266.0,235.0,159.0,151.0
65769,237.0,93.0,129.0,128.0
65770,253.0,117.0,137.0,133.0
65771,227.0,190.0,122.0,121.0
65772,257.0,219.0,155.0,132.0
65773,256.0,95.0,151.0,144.0
65774,252.0,160.0,156.0,136.0
65775,234.0,97.0,128.0,129.0
65776,255.0,219.0,146.0,140.0
65777,236.0,87.0,133.0,133.0
65778,243.0,243.0,163.0,149.0
65779,261.0,117.0,139.0,153.0
65780,253.0,76.0,142.0,145.0
65781,258.0,167.0,141.0,165.0
65782,247.0,73.0,142.0,128.0
65783,268.0,103.0,161.0,153.0
65784,253.0,227.0,127.0,123.0
65785,247.0,150.0,138.0,120.0
65786,237.0,77.0,135.0,134.0
65787,251.0,137.0,144.0,137.0
65788,250.0,243.0,146.0,147.0
65789,273.0,183.0,168.0,173.0
65790,234.0,125.0,124.0,126.0
65791,252.0,213.0,154.0,140.0
65792,267.0,114.0,160.0,138.0
65793,259.0,124.0,138.0,143.0
65794,231.0,193.0,147.0,134.0
65795,269.0,148.0,167.0,154.0
65796,253.0,126.0,129.0,154.0
65797,264.0,95.0,159.0,154.0
65798,233.0,113.0,124.0,124.0
65799,258.0,132.0,154.0,155.0
65800,246.0,92.0,135.0,141.0
65801,252.0,88.0,142.0,134.0
65802,239.0,69.0,140.0,133.0
65803,283.0,82.0,154.0,160.0
65804,240.0,139.0,147.0,138.0
65805,234.0,85.0,144.0,134.0
65806,244.0,242.0,142.0,133.0
65807,248.0,246.0,121.0,140.0
65808,249.0,87.0,130.0,142.0
65809,262.0,144.0,149.0,151.0
65810,246.0,130.0,140.0,135.0
65811,246.0,130.0,130.0,146.0
65812,236.0,166.0,141.0,140.0
65813,270.0,132.0,141.0,146.0
65814,245.0,111.0,135.0,133.0
65815,241.0,156.0,113.0,135.0
65816,260.0,101.0,149.0,143.0
65817,234.0,96.0,142.0,132.0
65818,279.0,129.0,153.0,143.0
65819,257.0,90.0,160.0,134.0
65820,250.0,89.0,149.0,136.0
65821,271.0,112.0,138.0,155.0
65822,266.0,132.0,149.0,136.0
65823,242.0,211.0,147.0,141.0
65824,270.0,114.0,145.0,155.0
65825,256.0,116.0,146.0,136.0
65826,263.0,132.0,137.0,157.0
65827,234.0,120.0,131.0,140.0
65828,237.0,92.0,131.0,122.0
65829,254.0,87.0,160.0,147.0
65830,278.0,180.0,160.0,138.0
65831,248.0,105.0,144.0,126.0
65832,268.0,105.0,152.0,165.0
65833,244.0,93.0,129.0,134.0
65834,252.0,115.0,139.0,141.0
65835,257.0,95.0,162.0,139.0
65836,259.0,172.0,135.0,146.0
65837,244.0,124.0,141.0,132.0
65838,243.0,86.0,141.0,130.0
65839,279.0,115.0,154.0,156.0
65840,221.0,187.0,136.0,122.0
65841,274.0,226.0,154.0,171.0
65842,265.0,117.0,144.0,151.0
65843,232.0,176.0,130.0,139.0
65844,246.0,216.0,119.0,133.0
65845,251.0,122.0,127.0,144.0
65846,234.0,102.0,118.0,124.0
65847,240.0,138.0,132.0,141.0
65848,233.0,138.0,121.0,133.0
65849,255.0,138.0,136.0,142.0
65850,265.0,45.0,146.0,147.0
65851,227.0,74.0,129.0,123.0
65852,218.0,160.0,120.0,126.0
65853,263.0,78.0,147.0,175.0
65854,236.0,199.0,132.0,135.0
65855,268.0,96.0,146.0,149.0
65856,277.0,81.0,145.0,157.0
65857,233.0,177.0,126.0,137.0
65858,235.0,117.0,128.0,125.0
65859,260.0,85.0,131.0,146.0
65860,247.0,220.0,138.0,123.0
65861,267.0,134.0,143.0,152.0
65862,240.0,220.0,140.0,132.0
65863,238.0,88.0,130.0,140.0
65864,273.0,133.0,143.0,157.0
65865,255.0,84.0,150.0,148.0
65866,253.0,105.0,139.0,150.0
65867,253.0,47.0,144.0,137.0
65868,250.0,92.0,145.0,145.0
65869,241.0,144.0,134.0,129.0
65870,256.0,180.0,138.0,149.0
65871,233.0,127.0,132.0,133.0
65872,255.0,90.0,145.0,141.0
65873,254.0,90.0,155.0,126.0
65874,249.0,97.0,150.0,125.0
65875,258.0,147.0,151.0,153.0
65876,250.0,242.0,140.0,136.0
65877,245.0,228.0,120.0,144.0
65878,273.0,267.0,149.0,165.0
65879,258.0,258.0,161.0,163.0
65880,230.0,95.0,115.0,133.0
65881,261.0,127.0,141.0,138.0
65882,264.0,108.0,157.0,157.0
65883,244.0,216.0,129.0,144.0
65884,262.0,157.0,147.0,150.0
65885,245.0,101.0,140.0,150.0
65886,233.0,232.0,135.0,128.0
65887,257.0,132.0,162.0,159.0
65888,240.0,134.0,125.0,130.0
65889,237.0,198.0,134.0,139.0
65890,238.0,96.0,125.0,127.0
65891,231.0,78.0,136.0,121.0
65892,238.0,77.0,138.0,125.0
65893,261.0,86.0,155.0,155.0
65894,269.0,91.0,147.0,146.0
65895,243.0,122.0,138.0,130.0
65896,260.0,259.0,146.0,152.0
65897,243.0,137.0,120.0,157.0
65898,245.0,64.0,154.0,142.0
65899,247.0,95.0,146.0,141.0
65900,265.0,118.0,149.0,160.0
65901,242.0,25.0,138.0,130.0
65902,258.0,231.0,133.0,130.0
65903,263.0,159.0,138.0,138.0
65904,267.0,134.0,152.0,151.0
65905,237.0,149.0,133.0,134.0
65906,282.0,128.0,157.0,166.0
65907,245.0,102.0,139.0,157.0
65908,246.0,138.0,147.0,146.0
65909,255.0,126.0,147.0,156.0
65910,244.0,115.0,151.0,139.0
65911,259.0,84.0,160.0,152.0
65912,254.0,218.0,139.0,138.0
65913,247.0,136.0,137.0,131.0
65914,267.0,144.0,146.0,166.0
65915,242.0,93.0,152.0,139.0
65916,237.0,92.0,141.0,134.0
65917,267.0,143.0,154.0,162.0
65918,261.0,116.0,151.0,155.0
65919,256.0,107.0,155.0,145.0
65920,257.0,59.0,143.0,157.0
65921,253.0,118.0,153.0,141.0
65922,276.0,44.0,134.0,168.0
65923,229.0,111.0,121.0,133.0
65924,265.0,129.0,150.0,163.0
65925,232.0,133.0,121.0,135.0
65926,274.0,136.0,154.0,146.0
65927,254.0,74.0,142.0,151.0
65928,282.0,123.0,168.0,154.0
65929,246.0,216.0,141.0,131.0
65930,246.0,241.0,135.0,148.0
65931,254.0,209.0,135.0,142.0
65932,256.0,248.0,120.0,152.0
65933,266.0,237.0,149.0,157.0
65934,270.0,170.0,147.0,140.0
65935,280.0,97.0,167.0,149.0
65936,255.0,220.0,144.0,140.0
65937,236.0,82.0,133.0,121.0
65938,268.0,103.0,146.0,146.0
65939,247.0,217.0,132.0,152.0
65940,230.0,62.0,121.0,133.0
65941,262.0,144.0,147.0,143.0
65942,261.0,118.0,156.0,147.0
65943,233.0,95.0,119.0,123.0
65944,238.0,96.0,134.0,144.0
65945,240.0,210.0,131.0,130.0
65946,246.0,216.0,134.0,142.0
65947,255.0,248.0,145.0,147.0
65948,264.0,141.0,156.0,143.0
65949,240.0,158.0,127.0,136.0
65950,234.0,88.0,126.0,138.0
65951,248.0,222.0,128.0,143.0
65952,236.0,97.0,125.0,115.0
65953,267.0,108.0,149.0,160.0
65954,247.0,100.0,147.0,140.0
65955,259.0,123.0,147.0,142.0
65956,259.0,106.0,155.0,148.0
65957,252.0,213.0,144.0,133.0
65958,263.0,159.0,150.0,143.0
65959,238.0,227.0,137.0,142.0
65960,279.0,236.0,155.0,149.0
65961,244.0,103.0,141.0,140.0
65962,257.0,132.0,142.0,148.0
65963,222.0,99.0,115.0,118.0
65964,239.0,80.0,128.0,125.0
65965,250.0,207.0,138.0,132.0
65966,246.0,104.0,146.0,140.0
65967,255.0,138.0,161.0,153.0
65968,256.0,142.0,141.0,143.0
65969,232.0,134.0,130.0,136.0
65970,246.0,132.0,132.0,130.0
65971,269.0,233.0,160.0,142.0
65972,256.0,216.0,133.0,151.0
65973,274.0,128.0,158.0,154.0
65974,239.0,219.0,136.0,133.0
65975,281.0,120.0,159.0,161.0
65976,245.0,91.0,137.0,118.0
65977,268.0,96.0,141.0,156.0
65978,239.0,229.0,147.0,138.0
65979,258.0,104.0,149.0,132.0
65980,245.0,88.0,132.0,134.0
65981,263.0,116.0,155.0,149.0
65982,234.0,93.0,135.0,134.0
65983,239.0,110.0,111.0,125.0
65984,235.0,86.0,129.0,131.0
65985,253.0,78.0,137.0,146.0
65986,253.0,134.0,143.0,134.0
65987,235.0,77.0,134.0,124.0
65988,251.0,96.0,142.0,140.0
65989,257.0,98.0,141.0,140.0
65990,253.0,211.0,146.0,136.0
65991,251.0,119.0,139.0,131.0
65992,239.0,108.0,141.0,143.0
65993,260.0,135.0,158.0,154.0
65994,257.0,76.0,148.0,146.0
65995,250.0,133.0,141.0,150.0
65996,227.0,127.0,111.0,124.0
65997,220.0,89.0,127.0,116.0
65998,246.0,139.0,136.0,143.0
65999,253.0,121.0,137.0,140.0
66000,242.0,206.0,129.0,137.0
66001,260.0,106.0,150.0,146.0
66002,263.0,103.0,158.0,150.0
66003,241.0,115.0,121.0,126.0
66004,268.0,141.0,155.0,148.0
66005,213.0,94.0,115.0,121.0
66006,240.0,114.0,131.0,141.0
66007,265.0,147.0,148.0,152.0
66008,259.0,217.0,143.0,133.0
66009,248.0,143.0,121.0,126.0
66010,263.0,121.0,146.0,151.0
66011,253.0,146.0,139.0,151.0
66012,266.0,110.0,162.0,159.0
66013,258.0,152.0,140.0,164.0
66014,222.0,78.0,110.0,125.0
66015,244.0,212.0,137.0,134.0
66016,260.0,122.0,147.0,142.0
66017,243.0,128.0,133.0,134.0
66018,251.0,94.0,139.0,141.0
66019,263.0,258.0,151.0,142.0
66020,223.0,98.0,112.0,129.0
66021,237.0,93.0,116.0,131.0
66022,229.0,106.0,123.0,131.0
66023,232.0,199.0,127.0,141.0
66024,260.0,227.0,142.0,149.0
66025,266.0,246.0,150.0,150.0
66026,247.0,209.0,138.0,124.0
66027,254.0,115.0,148.0,143.0
66028,252.0,157.0,122.0,138.0
66029,259.0,141.0,153.0,155.0
66030,250.0,120.0,136.0,137.0
66031,222.0,128.0,116.0,122.0
66032,266.0,153.0,151.0,140.0
66033,242.0,103.0,126.0,121.0
66034,264.0,136.0,140.0,156.0
66035,251.0,110.0,131.0,148.0
66036,269.0,235.0,149.0,145.0
66037,256.0,199.0,145.0,136.0
66038,245.0,90.0,145.0,154.0
66039,264.0,160.0,155.0,143.0
66040,250.0,99.0,146.0,130.0
66041,241.0,93.0,136.0,125.0
66042,249.0,87.0,150.0,154.0
66043,273.0,78.0,155.0,157.0
66044,242.0,90.0,123.0,127.0
66045,252.0,143.0,155.0,145.0
66046,241.0,130.0,140.0,140.0
66047,229.0,72.0,140.0,126.0
66048,266.0,79.0,155.0,155.0
66049,260.0,169.0,138.0,138.0
66050,252.0,122.0,134.0,138.0
66051,249.0,126.0,144.0,135.0
66052,256.0,109.0,138.0,140.0
66053,238.0,101.0,137.0,134.0
66054,247.0,220.0,130.0,138.0
66055,267.0,177.0,154.0,152.0
66056,247.0,223.0,153.0,136.0
66057,250.0,121.0,142.0,133.0
66058,266.0,129.0,160.0,146.0
66059,255.0,100.0,132.0,154.0
66060,272.0,102.0,149.0,141.0
66061,239.0,113.0,137.0,131.0
66062,255.0,215.0,145.0,149.0
66063,272.0,123.0,145.0,160.0
66064,249.0,226.0,142.0,135.0
66065,254.0,203.0,133.0,148.0
66066,244.0,206.0,142.0,127.0
66067,245.0,124.0,149.0,132.0
66068,256.0,219.0,138.0,137.0
66069,239.0,201.0,138.0,129.0
66070,254.0,253.0,133.0,146.0
66071,250.0,139.0,144.0,130.0
66072,245.0,124.0,134.0,126.0
66073,270.0,206.0,154.0,147.0
66074,243.0,103.0,133.0,141.0
66075,263.0,239.0,150.0,140.0
66076,264.0,100.0,163.0,128.0
66077,253.0,118.0,149.0,136.0
66078,291.0,130.0,149.0,182.0
66079,264.0,96.0,144.0,138.0
66080,245.0,122.0,150.0,129.0
66081,268.0,123.0,137.0,157.0
66082,238.0,147.0,131.0,143.0
66083,237.0,229.0,144.0,130.0
66084,269.0,75.0,155.0,149.0
66085,242.0,114.0,136.0,139.0
66086,257.0,74.0,137.0,141.0
66087,274.0,241.0,167.0,163.0
66088,257.0,134.0,148.0,147.0
66089,235.0,65.0,149.0,128.0
66090,228.0,98.0,127.0,131.0
66091,247.0,213.0,148.0,151.0
66092,254.0,221.0,137.0,132.0
66093,234.0,209.0,145.0,115.0
66094,257.0,214.0,136.0,136.0
66095,258.0,65.0,141.0,135.0
66096,234.0,108.0,121.0,134.0
66097,261.0,230.0,145.0,142.0
66098,223.0,93.0,139.0,125.0
66099,273.0,161.0,136.0,167.0
66100,242.0,206.0,144.0,132.0
66101,246.0,219.0,138.0,131.0
66102,245.0,91.0,152.0,139.0
66103,240.0,204.0,122.0,123.0
66104,262.0,179.0,129.0,142.0
66105,269.0,95.0,148.0,157.0
66106,261.0,228.0,144.0,144.0
66107,256.0,99.0,151.0,151.0
66108,254.0,115.0,147.0,144.0
66109,247.0,90.0,148.0,132.0
66110,231.0,101.0,126.0,140.0
66111,226.0,188.0,121.0,119.0
66112,243.0,169.0,137.0,142.0
66113,245.0,117.0,153.0,151.0
66114,253.0,230.0,157.0,168.0
66115,251.0,128.0,146.0,128.0
66116,274.0,205.0,151.0,156.0
66117,247.0,80.0,136.0,140.0
66118,240.0,87.0,138.0,130.0
66119,257.0,229.0,144.0,130.0
66120,274.0,155.0,131.0,144.0
66121,276.0,94.0,162.0,156.0
66122,242.0,101.0,134.0,136.0
66123,226.0,154.0,120.0,132.0
66124,262.0,127.0,143.0,141.0
66125,222.0,79.0,122.0,133.0
66126,259.0,88.0,142.0,154.0
66127,253.0,131.0,147.0,142.0
66128,250.0,166.0,145.0,149.0
66129,247.0,118.0,139.0,142.0
66130,238.0,203.0,134.0,144.0
66131,248.0,109.0,122.0,142.0
66132,257.0,140.0,163.0,146.0
66133,251.0,226.0,146.0,137.0
66134,259.0,131.0,140.0,135.0
66135,250.0,129.0,148.0,137.0
66136,252.0,130.0,136.0,140.0
66137,236.0,55.0,133.0,138.0
66138,255.0,109.0,136.0,145.0
66139,256.0,72.0,134.0,153.0
66140,257.0,92.0,139.0,156.0
66141,230.0,134.0,127.0,122.0
66142,260.0,119.0,159.0,149.0
66143,254.0,113.0,162.0,144.0
66144,258.0,142.0,151.0,132.0
66145,263.0,82.0,151.0,157.0
66146,273.0,156.0,140.0,160.0
66147,267.0,172.0,160.0,164.0
66148,233.0,99.0,123.0,136.0
66149,265.0,144.0,149.0,143.0
66150,247.0,87.0,137.0,130.0
66151,239.0,171.0,129.0,132.0
66152,244.0,96.0,137.0,133.0
66153,258.0,101.0,138.0,137.0
66154,217.0,200.0,123.0,111.0
66155,244.0,109.0,146.0,124.0
66156,260.0,86.0,153.0,152.0
66157,267.0,148.0,148.0,143.0
66158,279.0,134.0,165.0,152.0
66159,255.0,109.0,132.0,143.0
66160,243.0,119.0,132.0,137.0
66161,239.0,119.0,134.0,132.0
66162,217.0,86.0,116.0,127.0
66163,254.0,158.0,146.0,151.0
66164,262.0,119.0,155.0,147.0
66165,242.0,127.0,132.0,136.0
66166,242.0,104.0,134.0,147.0
66167,257.0,82.0,145.0,134.0
66168,253.0,163.0,145.0,146.0
66169,265.0,220.0,151.0,147.0
66170,245.0,110.0,130.0,146.0
66171,243.0,135.0,134.0,128.0
66172,234.0,99.0,137.0,132.0
66173,247.0,102.0,142.0,135.0
66174,257.0,86.0,133.0,140.0
66175,244.0,105.0,136.0,140.0
66176,256.0,169.0,147.0,139.0
66177,260.0,143.0,152.0,145.0
66178,220.0,212.0,120.0,126.0
66179,261.0,233.0,149.0,151.0
66180,252.0,71.0,149.0,135.0
66181,265.0,227.0,155.0,153.0
66182,270.0,80.0,153.0,148.0
66183,248.0,118.0,143.0,129.0
66184,235.0,200.0,145.0,131.0
66185,261.0,247.0,155.0,161.0
66186,232.0,92.0,139.0,137.0
66187,245.0,225.0,123.0,130.0
66188,252.0,121.0,146.0,150.0
66189,266.0,236.0,148.0,150.0
66190,290.0,141.0,167.0,164.0
66191,253.0,77.0,146.0,138.0
66192,287.0,133.0,168.0,161.0
66193,256.0,105.0,144.0,144.0
66194,243.0,90.0,156.0,144.0
66195,258.0,205.0,141.0,168.0
66196,237.0,122.0,122.0,132.0
66197,264.0,103.0,132.0,151.0
66198,244.0,102.0,135.0,134.0
66199,244.0,91.0,131.0,134.0
66200,245.0,89.0,154.0,140.0
66201,263.0,108.0,162.0,140.0
66202,274.0,89.0,150.0,158.0
66203,263.0,131.0,138.0,148.0
66204,240.0,68.0,135.0,136.0
66205,238.0,134.0,129.0,130.0
66206,263.0,70.0,162.0,157.0
66207,259.0,90.0,160.0,145.0
66208,258.0,154.0,156.0,143.0
66209,258.0,50.0,158.0,154.0
66210,249.0,122.0,129.0,143.0
66211,264.0,194.0,142.0,136.0
66212,238.0,103.0,141.0,134.0
66213,241.0,138.0,142.0,146.0
66214,239.0,90.0,143.0,126.0
66215,217.0,92.0,132.0,113.0
66216,260.0,113.0,144.0,130.0
66217,243.0,80.0,135.0,138.0
66218,260.0,113.0,157.0,166.0
66219,246.0,210.0,148.0,123.0
66220,241.0,71.0,134.0,138.0
66221,229.0,58.0,130.0,125.0
66222,278.0,144.0,174.0,160.0
66223,252.0,220.0,136.0,144.0
66224,259.0,141.0,164.0,146.0
66225,260.0,69.0,148.0,132.0
66226,235.0,117.0,141.0,133.0
66227,253.0,94.0,124.0,135.0
66228,252.0,84.0,135.0,145.0
66229,248.0,144.0,132.0,135.0
66230,256.0,71.0,147.0,135.0
66231,259.0,237.0,141.0,140.0
66232,228.0,74.0,119.0,121.0
66233,269.0,137.0,162.0,155.0
66234,263.0,122.0,144.0,142.0
66235,269.0,123.0,155.0,124.0
66236,223.0,217.0,132.0,124.0
66237,263.0,98.0,145.0,158.0
66238,250.0,153.0,154.0,143.0
66239,244.0,94.0,145.0,138.0
66240,235.0,117.0,134.0,136.0
66241,283.0,167.0,170.0,154.0
66242,268.0,98.0,155.0,158.0
66243,245.0,58.0,147.0,144.0
66244,255.0,219.0,145.0,152.0
66245,251.0,222.0,136.0,141.0
66246,261.0,220.0,150.0,157.0
66247,245.0,186.0,143.0,147.0
66248,265.0,206.0,150.0,157.0
66249,262.0,128.0,171.0,150.0
66250,264.0,225.0,156.0,148.0
66251,244.0,152.0,137.0,133.0
66252,246.0,90.0,133.0,135.0
66253,238.0,96.0,126.0,128.0
66254,257.0,99.0,136.0,147.0
66255,268.0,113.0,143.0,165.0
66256,252.0,203.0,128.0,148.0
66257,253.0,233.0,138.0,131.0
66258,254.0,232.0,138.0,151.0
66259,234.0,81.0,133.0,125.0
66260,287.0,232.0,164.0,164.0
66261,240.0,122.0,142.0,130.0
66262,269.0,103.0,153.0,157.0
66263,248.0,229.0,146.0,126.0
66264,275.0,237.0,176.0,148.0
66265,260.0,116.0,152.0,139.0
66266,255.0,152.0,145.0,135.0
66267,247.0,142.0,156.0,132.0
66268,231.0,92.0,133.0,140.0
66269,251.0,69.0,138.0,135.0
66270,251.0,128.0,130.0,132.0
66271,261.0,139.0,141.0,137.0
66272,243.0,127.0,158.0,142.0
66273,244.0,62.0,136.0,120.0
66274,270.0,238.0,143.0,163.0
66275,254.0,223.0,140.0,126.0
66276,249.0,169.0,144.0,143.0
66277,257.0,225.0,145.0,131.0
66278,235.0,71.0,135.0,132.0
66279,237.0,230.0,138.0,147.0
66280,266.0,82.0,147.0,143.0
66281,239.0,104.0,146.0,122.0
66282,286.0,241.0,166.0,157.0
66283,260.0,104.0,138.0,151.0
66284,246.0,131.0,134.0,149.0
66285,272.0,117.0,146.0,146.0
66286,255.0,104.0,137.0,134.0
66287,241.0,104.0,149.0,133.0
66288,233.0,95.0,132.0,126.0
66289,249.0,168.0,138.0,152.0
66290,233.0,220.0,116.0,137.0
66291,259.0,227.0,151.0,146.0
66292,250.0,218.0,131.0,155.0
66293,282.0,260.0,151.0,160.0
66294,261.0,127.0,142.0,126.0
66295,251.0,116.0,127.0,135.0
66296,269.0,269.0,153.0,149.0
66297,257.0,218.0,145.0,147.0
66298,236.0,221.0,130.0,129.0
66299,265.0,171.0,150.0,147.0
66300,241.0,99.0,138.0,136.0
66301,254.0,111.0,135.0,121.0
66302,267.0,81.0,164.0,147.0
66303,284.0,107.0,144.0,159.0
66304,247.0,90.0,129.0,137.0
66305,236.0,98.0,131.0,123.0
66306,236.0,208.0,142.0,133.0
66307,257.0,105.0,141.0,153.0
66308,272.0,87.0,155.0,147.0
66309,262.0,232.0,146.0,171.0
66310,249.0,171.0,133.0,125.0
66311,254.0,116.0,151.0,153.0
66312,226.0,155.0,127.0,123.0
66313,260.0,100.0,147.0,142.0
66314,237.0,89.0,125.0,131.0
66315,254.0,244.0,134.0,131.0
66316,259.0,117.0,153.0,144.0
66317,243.0,150.0,147.0,146.0
66318,253.0,121.0,147.0,143.0
66319,257.0,159.0,135.0,155.0
66320,278.0,87.0,147.0,143.0
66321,262.0,72.0,154.0,156.0
66322,270.0,223.0,152.0,136.0
66323,247.0,222.0,135.0,136.0
66324,238.0,117.0,140.0,119.0
66325,234.0,75.0,117.0,138.0
66326,244.0,79.0,141.0,130.0
66327,256.0,184.0,152.0,136.0
66328,259.0,109.0,141.0,137.0
66329,234.0,129.0,114.0,133.0
66330,249.0,96.0,148.0,133.0
66331,246.0,218.0,139.0,152.0
66332,264.0,161.0,147.0,152.0
66333,282.0,133.0,162.0,159.0
66334,262.0,117.0,155.0,136.0
66335,267.0,220.0,147.0,153.0
66336,260.0,125.0,137.0,140.0
66337,245.0,99.0,143.0,142.0
66338,222.0,118.0,106.0,121.0
66339,243.0,135.0,157.0,142.0
66340,264.0,73.0,151.0,167.0
66341,270.0,138.0,159.0,128.0
66342,262.0,95.0,158.0,154.0
66343,261.0,119.0,138.0,149.0
66344,233.0,199.0,149.0,118.0
66345,248.0,78.0,140.0,155.0
66346,247.0,97.0,141.0,139.0
66347,261.0,218.0,154.0,157.0
66348,242.0,129.0,126.0,136.0
66349,254.0,221.0,146.0,155.0
66350,258.0,126.0,149.0,159.0
66351,244.0,110.0,138.0,122.0
66352,252.0,135.0,158.0,149.0
66353,256.0,88.0,159.0,137.0
66354,248.0,159.0,129.0,122.0
66355,228.0,63.0,127.0,126.0
66356,228.0,108.0,143.0,135.0
66357,267.0,133.0,149.0,153.0
66358,256.0,131.0,150.0,139.0
66359,245.0,102.0,120.0,145.0
66360,251.0,116.0,152.0,151.0
66361,257.0,115.0,145.0,152.0
66362,247.0,110.0,154.0,137.0
66363,240.0,238.0,138.0,117.0
66364,255.0,124.0,135.0,148.0
66365,250.0,76.0,134.0,129.0
66366,262.0,103.0,158.0,149.0
66367,254.0,112.0,149.0,145.0
66368,248.0,214.0,147.0,134.0
66369,251.0,107.0,141.0,133.0
66370,246.0,104.0,144.0,134.0
66371,284.0,162.0,177.0,174.0
66372,262.0,113.0,153.0,141.0
66373,239.0,157.0,131.0,125.0
66374,231.0,84.0,127.0,145.0
66375,263.0,90.0,139.0,150.0
66376,245.0,216.0,140.0,146.0
66377,231.0,116.0,130.0,146.0
66378,247.0,151.0,139.0,134.0
66379,255.0,99.0,149.0,140.0
66380,255.0,129.0,130.0,147.0
66381,235.0,224.0,133.0,150.0
66382,245.0,112.0,122.0,129.0
66383,242.0,102.0,144.0,117.0
66384,245.0,61.0,140.0,138.0
66385,270.0,119.0,152.0,158.0
66386,235.0,85.0,137.0,128.0
66387,237.0,107.0,135.0,138.0
66388,242.0,71.0,127.0,148.0
66389,233.0,172.0,143.0,128.0
66390,241.0,100.0,128.0,130.0
66391,260.0,91.0,149.0,140.0
66392,235.0,117.0,124.0,137.0
66393,236.0,116.0,138.0,139.0
66394,269.0,134.0,165.0,176.0
66395,254.0,80.0,135.0,143.0
66396,268.0,128.0,151.0,150.0
66397,253.0,202.0,141.0,141.0
66398,249.0,150.0,142.0,145.0
66399,255.0,98.0,155.0,135.0
66400,244.0,88.0,147.0,129.0
66401,258.0,55.0,153.0,143.0
66402,233.0,209.0,136.0,129.0
66403,244.0,104.0,148.0,140.0
66404,256.0,151.0,149.0,145.0
66405,226.0,88.0,122.0,140.0
66406,258.0,122.0,143.0,150.0
66407,233.0,195.0,135.0,123.0
66408,252.0,83.0,138.0,142.0
66409,246.0,229.0,143.0,148.0
66410,248.0,94.0,152.0,147.0
66411,248.0,94.0,138.0,141.0
66412,227.0,197.0,140.0,128.0
66413,254.0,220.0,151.0,151.0
66414,247.0,100.0,143.0,155.0
66415,235.0,199.0,141.0,119.0
66416,260.0,66.0,155.0,156.0
66417,232.0,66.0,131.0,144.0
66418,250.0,114.0,144.0,140.0
66419,242.0,111.0,129.0,138.0
66420,215.0,186.0,129.0,122.0
66421,270.0,117.0,161.0,150.0
66422,248.0,101.0,141.0,123.0
66423,249.0,223.0,145.0,139.0
66424,265.0,136.0,140.0,155.0
66425,247.0,143.0,140.0,148.0
66426,237.0,164.0,131.0,133.0
66427,251.0,93.0,140.0,129.0
66428,251.0,112.0,127.0,136.0
66429,266.0,91.0,136.0,153.0
66430,254.0,109.0,148.0,158.0
66431,250.0,111.0,125.0,144.0
66432,246.0,80.0,140.0,134.0
66433,228.0,132.0,130.0,132.0
66434,266.0,148.0,144.0,158.0
66435,245.0,83.0,138.0,133.0
66436,242.0,116.0,145.0,146.0
66437,244.0,208.0,132.0,140.0
66438,227.0,117.0,136.0,134.0
66439,233.0,126.0,107.0,132.0
66440,246.0,97.0,151.0,145.0
66441,245.0,209.0,132.0,146.0
66442,229.0,106.0,113.0,127.0
66443,252.0,210.0,161.0,144.0
66444,246.0,148.0,136.0,138.0
66445,264.0,158.0,159.0,151.0
66446,233.0,100.0,131.0,127.0
66447,232.0,102.0,121.0,119.0
66448,240.0,64.0,129.0,135.0
66449,244.0,113.0,150.0,139.0
66450,249.0,93.0,155.0,141.0
66451,251.0,122.0,130.0,142.0
66452,235.0,71.0,134.0,139.0
66453,244.0,95.0,135.0,149.0
66454,250.0,87.0,152.0,141.0
66455,244.0,129.0,139.0,136.0
66456,229.0,115.0,141.0,125.0
66457,232.0,102.0,117.0,128.0
66458,243.0,103.0,134.0,123.0
66459,250.0,221.0,157.0,143.0
66460,253.0,69.0,155.0,137.0
66461,241.0,139.0,145.0,137.0
66462,246.0,91.0,133.0,147.0
66463,234.0,195.0,127.0,124.0
66464,256.0,133.0,143.0,145.0
66465,219.0,71.0,116.0,130.0
66466,253.0,119.0,137.0,143.0
66467,244.0,202.0,142.0,127.0
66468,245.0,74.0,140.0,133.0
66469,247.0,120.0,140.0,144.0
66470,241.0,108.0,129.0,140.0
66471,266.0,224.0,150.0,128.0
66472,248.0,121.0,129.0,136.0
66473,243.0,95.0,145.0,142.0
66474,232.0,117.0,149.0,118.0
66475,262.0,101.0,158.0,159.0
66476,247.0,104.0,149.0,151.0
66477,265.0,125.0,145.0,159.0
66478,269.0,101.0,149.0,138.0
66479,261.0,220.0,141.0,150.0
66480,219.0,129.0,132.0,112.0
66481,257.0,83.0,135.0,146.0
66482,239.0,107.0,142.0,147.0
66483,244.0,110.0,125.0,146.0
66484,254.0,125.0,149.0,142.0
66485,232.0,94.0,123.0,127.0
66486,228.0,133.0,119.0,123.0
66487,238.0,116.0,138.0,129.0
66488,238.0,135.0,139.0,135.0
66489,250.0,217.0,147.0,134.0
66490,243.0,87.0,135.0,132.0
66491,236.0,212.0,123.0,119.0
66492,238.0,113.0,135.0,137.0
66493,235.0,89.0,124.0,134.0
66494,213.0,87.0,104.0,123.0
66495,260.0,221.0,137.0,136.0
66496,270.0,231.0,172.0,151.0
66497,275.0,108.0,142.0,142.0
66498,264.0,142.0,155.0,147.0
66499,263.0,65.0,149.0,169.0
66500,262.0,242.0,124.0,140.0
66501,268.0,186.0,153.0,139.0
66502,236.0,60.0,142.0,125.0
66503,275.0,246.0,148.0,156.0
66504,290.0,243.0,167.0,168.0
66505,257.0,226.0,150.0,140.0
66506,248.0,81.0,142.0,140.0
66507,278.0,243.0,148.0,154.0
66508,263.0,110.0,136.0,143.0
66509,253.0,126.0,152.0,143.0
66510,258.0,139.0,155.0,144.0
66511,221.0,116.0,125.0,122.0
66512,243.0,231.0,155.0,145.0
66513,263.0,229.0,152.0,155.0
66514,266.0,216.0,160.0,124.0
66515,259.0,100.0,155.0,156.0
66516,260.0,89.0,131.0,150.0
66517,263.0,168.0,146.0,149.0
66518,252.0,123.0,133.0,145.0
66519,239.0,227.0,125.0,122.0
66520,251.0,91.0,141.0,142.0
66521,226.0,73.0,116.0,133.0
66522,236.0,215.0,118.0,144.0
66523,275.0,73.0,159.0,144.0
66524,247.0,208.0,138.0,137.0
66525,253.0,107.0,159.0,149.0
66526,203.0,174.0,108.0,115.0
66527,256.0,129.0,130.0,131.0
66528,259.0,95.0,150.0,145.0
66529,230.0,192.0,136.0,135.0
66530,256.0,126.0,130.0,135.0
66531,259.0,86.0,140.0,142.0
66532,253.0,77.0,131.0,133.0
66533,255.0,159.0,146.0,143.0
66534,248.0,123.0,149.0,148.0
66535,242.0,211.0,124.0,137.0
66536,233.0,91.0,126.0,127.0
66537,244.0,117.0,145.0,139.0
66538,244.0,129.0,141.0,118.0
66539,259.0,126.0,159.0,141.0
66540,249.0,220.0,132.0,149.0
66541,240.0,196.0,150.0,144.0
66542,270.0,131.0,148.0,147.0
66543,239.0,134.0,135.0,141.0
66544,270.0,124.0,135.0,150.0
66545,260.0,146.0,127.0,149.0
66546,254.0,158.0,135.0,159.0
66547,220.0,63.0,124.0,122.0
66548,249.0,220.0,146.0,128.0
66549,244.0,99.0,132.0,149.0
66550,263.0,83.0,171.0,141.0
66551,251.0,161.0,135.0,146.0
66552,237.0,113.0,141.0,137.0
66553,265.0,145.0,151.0,158.0
66554,269.0,229.0,165.0,146.0
66555,234.0,136.0,143.0,124.0
66556,256.0,103.0,146.0,127.0
66557,262.0,230.0,138.0,151.0
66558,236.0,199.0,134.0,150.0
66559,245.0,128.0,140.0,141.0
66560,255.0,90.0,147.0,149.0
66561,266.0,160.0,148.0,143.0
66562,224.0,121.0,118.0,119.0
66563,263.0,224.0,150.0,146.0
66564,277.0,229.0,156.0,172.0
66565,238.0,100.0,138.0,125.0
66566,261.0,77.0,146.0,141.0
66567,225.0,103.0,119.0,124.0
66568,242.0,106.0,128.0,148.0
66569,254.0,123.0,148.0,135.0
66570,250.0,156.0,145.0,137.0
66571,272.0,119.0,156.0,157.0
66572,240.0,232.0,139.0,125.0
66573,239.0,121.0,130.0,144.0
66574,260.0,132.0,152.0,143.0
66575,235.0,89.0,136.0,154.0
66576,276.0,104.0,155.0,158.0
66577,246.0,72.0,147.0,146.0
66578,251.0,229.0,128.0,145.0
66579,236.0,93.0,143.0,147.0
66580,254.0,113.0,157.0,143.0
66581,218.0,94.0,109.0,113.0
66582,251.0,101.0,138.0,125.0
66583,262.0,95.0,146.0,147.0
66584,217.0,131.0,127.0,133.0
66585,269.0,83.0,159.0,140.0
66586,246.0,122.0,128.0,139.0
66587,249.0,108.0,139.0,142.0
66588,264.0,159.0,161.0,163.0
66589,253.0,75.0,149.0,129.0
66590,281.0,149.0,149.0,163.0
66591,261.0,232.0,141.0,143.0
66592,245.0,146.0,128.0,130.0
66593,249.0,104.0,127.0,129.0
66594,262.0,74.0,163.0,135.0
66595,246.0,137.0,134.0,137.0
66596,238.0,124.0,141.0,145.0
66597,241.0,116.0,120.0,147.0
66598,242.0,113.0,138.0,150.0
66599,243.0,209.0,137.0,135.0
66600,251.0,75.0,147.0,144.0
66601,262.0,143.0,153.0,143.0
66602,228.0,112.0,111.0,134.0
66603,252.0,97.0,146.0,149.0
66604,257.0,255.0,146.0,158.0
66605,251.0,95.0,127.0,157.0
66606,243.0,201.0,135.0,128.0
66607,264.0,80.0,140.0,139.0
66608,244.0,105.0,131.0,146.0
66609,223.0,115.0,123.0,133.0
66610,247.0,139.0,140.0,130.0
66611,251.0,88.0,133.0,145.0
66612,244.0,121.0,143.0,134.0
66613,249.0,170.0,149.0,128.0
66614,253.0,81.0,131.0,130.0
66615,252.0,116.0,139.0,141.0
66616,266.0,89.0,154.0,152.0
66617,240.0,210.0,149.0,141.0
66618,253.0,74.0,148.0,160.0
66619,246.0,51.0,143.0,135.0
66620,246.0,127.0,128.0,135.0
66621,243.0,92.0,141.0,136.0
66622,270.0,224.0,151.0,147.0
66623,243.0,241.0,133.0,142.0
66624,254.0,127.0,144.0,133.0
66625,257.0,108.0,163.0,158.0
66626,243.0,94.0,138.0,127.0
66627,253.0,135.0,149.0,143.0
66628,257.0,134.0,151.0,137.0
66629,245.0,86.0,149.0,136.0
66630,253.0,220.0,135.0,133.0
66631,272.0,127.0,149.0,153.0
66632,257.0,229.0,150.0,134.0
66633,251.0,199.0,131.0,134.0
66634,273.0,243.0,152.0,151.0
66635,256.0,171.0,143.0,152.0
66636,243.0,72.0,138.0,142.0
66637,234.0,200.0,132.0,131.0
66638,271.0,139.0,142.0,158.0
66639,245.0,127.0,150.0,141.0
66640,254.0,77.0,149.0,159.0
66641,269.0,114.0,151.0,159.0
66642,247.0,158.0,125.0,146.0
66643,236.0,202.0,115.0,134.0
66644,257.0,219.0,146.0,140.0
66645,230.0,70.0,133.0,127.0
66646,260.0,103.0,149.0,153.0
66647,252.0,143.0,152.0,127.0
66648,228.0,154.0,128.0,126.0
66649,243.0,92.0,126.0,126.0
66650,249.0,206.0,145.0,158.0
66651,249.0,124.0,141.0,144.0
66652,255.0,82.0,145.0,148.0
66653,234.0,108.0,144.0,126.0
66654,265.0,227.0,139.0,160.0
66655,249.0,214.0,125.0,142.0
66656,262.0,104.0,155.0,164.0
66657,248.0,152.0,150.0,130.0
66658,236.0,207.0,141.0,131.0
66659,256.0,206.0,141.0,155.0
66660,248.0,83.0,147.0,145.0
66661,266.0,70.0,148.0,160.0
66662,261.0,117.0,139.0,144.0
66663,250.0,131.0,135.0,154.0
66664,252.0,216.0,156.0,135.0
66665,249.0,170.0,135.0,146.0
66666,246.0,175.0,119.0,142.0
66667,257.0,163.0,136.0,151.0
66668,269.0,194.0,167.0,143.0
66669,242.0,129.0,136.0,144.0
66670,244.0,109.0,141.0,138.0
66671,252.0,204.0,134.0,128.0
66672,254.0,194.0,142.0,145.0
66673,241.0,207.0,126.0,119.0
66674,272.0,66.0,147.0,147.0
66675,244.0,117.0,140.0,136.0
66676,257.0,107.0,142.0,142.0
66677,242.0,97.0,135.0,139.0
66678,250.0,95.0,142.0,144.0
66679,231.0,107.0,149.0,128.0
66680,250.0,217.0,144.0,137.0
66681,253.0,132.0,140.0,151.0
66682,235.0,107.0,125.0,124.0
66683,265.0,117.0,135.0,154.0
66684,258.0,223.0,140.0,141.0
66685,229.0,116.0,136.0,131.0
66686,262.0,262.0,167.0,153.0
66687,247.0,238.0,147.0,138.0
66688,264.0,96.0,131.0,130.0
66689,234.0,98.0,124.0,128.0
66690,256.0,96.0,145.0,141.0
66691,253.0,115.0,140.0,130.0
66692,262.0,134.0,140.0,150.0
66693,243.0,120.0,129.0,135.0
66694,270.0,117.0,143.0,134.0
66695,270.0,193.0,140.0,145.0
66696,257.0,161.0,136.0,151.0
66697,257.0,86.0,133.0,137.0
66698,237.0,167.0,141.0,125.0
66699,260.0,104.0,140.0,151.0
66700,240.0,102.0,143.0,134.0
66701,246.0,160.0,137.0,141.0
66702,239.0,89.0,128.0,136.0
66703,246.0,101.0,140.0,141.0
66704,267.0,118.0,150.0,161.0
66705,251.0,97.0,140.0,144.0
66706,248.0,77.0,143.0,139.0
66707,247.0,48.0,135.0,142.0
66708,238.0,135.0,138.0,137.0
66709,259.0,111.0,142.0,140.0
66710,256.0,138.0,162.0,139.0
66711,249.0,98.0,132.0,127.0
66712,244.0,209.0,151.0,123.0
66713,254.0,109.0,145.0,136.0
66714,269.0,124.0,161.0,148.0
66715,265.0,126.0,147.0,150.0
66716,228.0,82.0,133.0,136.0
66717,258.0,156.0,141.0,144.0
66718,248.0,105.0,133.0,142.0
66719,244.0,83.0,142.0,141.0
66720,258.0,218.0,158.0,154.0
66721,240.0,202.0,135.0,138.0
66722,262.0,94.0,134.0,142.0
66723,244.0,109.0,136.0,149.0
66724,233.0,103.0,130.0,121.0
66725,231.0,120.0,122.0,116.0
66726,241.0,196.0,140.0,129.0
66727,251.0,111.0,146.0,139.0
66728,252.0,114.0,136.0,128.0
66729,245.0,114.0,146.0,141.0
66730,257.0,136.0,138.0,132.0
66731,254.0,109.0,152.0,134.0
66732,243.0,224.0,129.0,132.0
66733,250.0,135.0,139.0,141.0
66734,244.0,111.0,138.0,151.0
66735,272.0,78.0,161.0,137.0
66736,252.0,245.0,140.0,130.0
66737,234.0,85.0,124.0,126.0
66738,257.0,88.0,141.0,139.0
66739,256.0,216.0,132.0,143.0
66740,255.0,143.0,148.0,143.0
66741,240.0,28.0,136.0,138.0
66742,275.0,136.0,151.0,157.0
66743,252.0,152.0,132.0,123.0
66744,235.0,216.0,126.0,136.0
66745,263.0,223.0,156.0,142.0
66746,262.0,231.0,155.0,139.0
66747,244.0,88.0,125.0,149.0
66748,247.0,112.0,150.0,152.0
66749,262.0,68.0,147.0,147.0
66750,242.0,147.0,145.0,131.0
66751,249.0,96.0,149.0,146.0
66752,251.0,167.0,139.0,134.0
66753,251.0,212.0,140.0,128.0
66754,267.0,97.0,151.0,160.0
66755,288.0,141.0,161.0,144.0
66756,238.0,76.0,120.0,147.0
66757,247.0,72.0,149.0,136.0
66758,229.0,158.0,131.0,126.0
66759,270.0,133.0,166.0,152.0
66760,259.0,100.0,145.0,146.0
66761,241.0,207.0,135.0,130.0
66762,231.0,68.0,135.0,130.0
66763,249.0,208.0,147.0,149.0
66764,241.0,75.0,134.0,148.0
66765,253.0,127.0,148.0,152.0
66766,239.0,102.0,114.0,144.0
66767,280.0,133.0,153.0,156.0
66768,228.0,81.0,141.0,130.0
66769,246.0,200.0,138.0,142.0
66770,242.0,207.0,156.0,136.0
66771,240.0,134.0,131.0,122.0
66772,246.0,119.0,124.0,136.0
66773,250.0,158.0,149.0,147.0
66774,245.0,115.0,146.0,142.0
66775,254.0,97.0,149.0,134.0
66776,240.0,118.0,131.0,147.0
66777,260.0,231.0,145.0,142.0
66778,273.0,240.0,165.0,164.0
66779,262.0,102.0,150.0,154.0
66780,245.0,213.0,126.0,143.0
66781,223.0,100.0,143.0,135.0
66782,254.0,108.0,144.0,139.0
66783,270.0,104.0,153.0,147.0
66784,226.0,83.0,129.0,133.0
66785,257.0,101.0,145.0,140.0
66786,250.0,210.0,146.0,127.0
66787,241.0,102.0,135.0,131.0
66788,268.0,126.0,143.0,153.0
66789,256.0,103.0,136.0,142.0
66790,265.0,100.0,152.0,151.0
66791,246.0,217.0,134.0,132.0
66792,250.0,112.0,145.0,145.0
66793,236.0,135.0,146.0,122.0
66794,256.0,114.0,131.0,136.0
66795,238.0,124.0,138.0,141.0
66796,232.0,123.0,112.0,136.0
66797,263.0,139.0,150.0,146.0
66798,250.0,136.0,135.0,132.0
66799,271.0,110.0,151.0,154.0
66800,259.0,130.0,159.0,160.0
66801,244.0,101.0,140.0,134.0
66802,251.0,90.0,129.0,139.0
66803,235.0,202.0,122.0,130.0
66804,236.0,131.0,117.0,126.0
66805,257.0,174.0,143.0,152.0
66806,242.0,158.0,123.0,126.0
66807,260.0,220.0,147.0,136.0
66808,251.0,115.0,148.0,139.0
66809,237.0,211.0,129.0,131.0
66810,247.0,103.0,134.0,128.0
66811,242.0,204.0,136.0,129.0
66812,234.0,98.0,120.0,139.0
66813,269.0,260.0,168.0,160.0
66814,236.0,98.0,152.0,132.0
66815,268.0,222.0,147.0,144.0
66816,230.0,130.0,138.0,132.0
66817,257.0,207.0,141.0,129.0
66818,248.0,220.0,130.0,140.0
66819,243.0,113.0,142.0,125.0
66820,231.0,77.0,123.0,112.0
66821,245.0,145.0,125.0,148.0
66822,230.0,116.0,125.0,125.0
66823,259.0,108.0,154.0,144.0
66824,236.0,117.0,139.0,144.0
66825,258.0,101.0,126.0,147.0
66826,257.0,104.0,129.0,139.0
66827,282.0,119.0,144.0,151.0
66828,235.0,100.0,129.0,129.0
66829,271.0,151.0,165.0,145.0
66830,251.0,112.0,140.0,135.0
66831,247.0,120.0,130.0,143.0
66832,230.0,107.0,121.0,120.0
66833,246.0,221.0,133.0,139.0
66834,248.0,223.0,135.0,140.0
66835,250.0,119.0,130.0,138.0
66836,250.0,128.0,146.0,149.0
66837,242.0,80.0,136.0,134.0
66838,255.0,222.0,145.0,150.0
66839,238.0,96.0,136.0,131.0
66840,249.0,144.0,128.0,146.0
66841,221.0,86.0,125.0,126.0
66842,235.0,203.0,133.0,120.0
66843,259.0,259.0,156.0,150.0
66844,238.0,234.0,138.0,146.0
66845,258.0,139.0,144.0,145.0
66846,253.0,125.0,147.0,149.0
66847,245.0,97.0,132.0,149.0
66848,248.0,113.0,139.0,141.0
66849,242.0,237.0,129.0,140.0
66850,256.0,139.0,123.0,146.0
66851,250.0,209.0,140.0,156.0
66852,239.0,122.0,129.0,143.0
66853,264.0,230.0,152.0,149.0
66854,260.0,83.0,141.0,145.0
66855,245.0,108.0,136.0,152.0
66856,278.0,104.0,161.0,158.0
66857,241.0,98.0,137.0,132.0
66858,250.0,88.0,140.0,134.0
66859,256.0,112.0,151.0,148.0
66860,271.0,176.0,146.0,150.0
66861,275.0,157.0,159.0,146.0
66862,272.0,240.0,146.0,147.0
66863,271.0,157.0,147.0,143.0
66864,256.0,158.0,153.0,143.0
66865,268.0,97.0,150.0,142.0
66866,243.0,211.0,131.0,122.0
66867,255.0,217.0,163.0,144.0
66868,243.0,112.0,128.0,131.0
66869,239.0,91.0,131.0,112.0
66870,272.0,93.0,149.0,158.0
66871,256.0,109.0,146.0,137.0
66872,240.0,198.0,129.0,136.0
66873,251.0,111.0,144.0,129.0
66874,239.0,123.0,125.0,139.0
66875,250.0,116.0,138.0,143.0
66876,259.0,228.0,136.0,160.0
66877,229.0,118.0,123.0,129.0
66878,252.0,225.0,142.0,130.0
66879,236.0,99.0,144.0,125.0
66880,234.0,216.0,125.0,127.0
66881,255.0,223.0,149.0,142.0
66882,224.0,198.0,137.0,123.0
66883,227.0,104.0,148.0,133.0
66884,257.0,108.0,135.0,140.0
66885,243.0,217.0,148.0,134.0
66886,257.0,111.0,143.0,154.0
66887,249.0,100.0,138.0,146.0
66888,232.0,210.0,132.0,140.0
66889,272.0,123.0,153.0,144.0
66890,225.0,135.0,126.0,126.0
66891,276.0,268.0,160.0,152.0
66892,247.0,144.0,130.0,140.0
66893,242.0,89.0,130.0,138.0
66894,231.0,109.0,120.0,150.0
66895,248.0,153.0,136.0,151.0
66896,234.0,103.0,124.0,122.0
66897,249.0,118.0,137.0,130.0
66898,245.0,102.0,132.0,135.0
66899,227.0,109.0,137.0,118.0
66900,255.0,137.0,135.0,145.0
66901,249.0,211.0,145.0,146.0
66902,221.0,94.0,122.0,119.0
66903,235.0,66.0,123.0,135.0
66904,259.0,114.0,145.0,131.0
66905,252.0,149.0,142.0,137.0
66906,225.0,200.0,128.0,123.0
66907,241.0,201.0,139.0,136.0
66908,236.0,198.0,135.0,128.0
66909,244.0,135.0,138.0,142.0
66910,248.0,68.0,130.0,150.0
66911,258.0,124.0,139.0,154.0
66912,246.0,207.0,154.0,133.0
66913,270.0,147.0,161.0,161.0
66914,240.0,131.0,142.0,125.0
66915,256.0,219.0,143.0,134.0
66916,258.0,107.0,141.0,145.0
66917,249.0,229.0,139.0,139.0
66918,239.0,205.0,140.0,120.0
66919,229.0,114.0,123.0,128.0
66920,243.0,126.0,138.0,135.0
66921,238.0,120.0,133.0,131.0
66922,274.0,129.0,154.0,173.0
66923,263.0,116.0,137.0,151.0
66924,274.0,144.0,148.0,167.0
66925,249.0,213.0,155.0,138.0
66926,254.0,135.0,135.0,152.0
66927,256.0,127.0,142.0,153.0
66928,257.0,74.0,131.0,148.0
66929,242.0,207.0,141.0,137.0
66930,249.0,80.0,135.0,144.0
66931,240.0,128.0,144.0,134.0
66932,286.0,243.0,170.0,147.0
66933,235.0,82.0,147.0,131.0
66934,279.0,279.0,155.0,157.0
66935,262.0,262.0,146.0,152.0
66936,267.0,174.0,142.0,157.0
66937,246.0,232.0,154.0,136.0
66938,260.0,129.0,153.0,134.0
66939,225.0,98.0,114.0,122.0
66940,240.0,131.0,121.0,142.0
66941,258.0,246.0,149.0,147.0
66942,245.0,69.0,127.0,133.0
66943,264.0,192.0,144.0,158.0
66944,232.0,112.0,136.0,117.0
66945,257.0,125.0,136.0,132.0
66946,241.0,65.0,151.0,140.0
66947,260.0,99.0,135.0,161.0
66948,242.0,125.0,140.0,129.0
66949,241.0,104.0,130.0,137.0
66950,250.0,154.0,153.0,141.0
66951,273.0,115.0,142.0,149.0
66952,253.0,119.0,143.0,138.0
66953,224.0,109.0,126.0,133.0
66954,259.0,118.0,144.0,156.0
66955,221.0,181.0,108.0,120.0
66956,225.0,141.0,121.0,128.0
66957,262.0,50.0,147.0,155.0
66958,229.0,103.0,127.0,137.0
66959,256.0,165.0,148.0,152.0
66960,255.0,135.0,140.0,147.0
66961,228.0,197.0,134.0,116.0
66962,263.0,101.0,148.0,154.0
66963,241.0,93.0,128.0,114.0
66964,242.0,105.0,147.0,130.0
66965,257.0,141.0,147.0,152.0
66966,255.0,208.0,156.0,137.0
66967,261.0,91.0,148.0,140.0
66968,237.0,114.0,123.0,147.0
66969,254.0,119.0,146.0,143.0
66970,267.0,142.0,155.0,142.0
66971,254.0,103.0,145.0,146.0
66972,263.0,80.0,143.0,144.0
66973,254.0,144.0,136.0,152.0
66974,226.0,117.0,128.0,127.0
66975,225.0,47.0,115.0,130.0
66976,252.0,111.0,132.0,139.0
66977,251.0,121.0,149.0,156.0
66978,241.0,85.0,129.0,141.0
66979,253.0,94.0,149.0,130.0
66980,235.0,78.0,132.0,138.0
66981,265.0,137.0,147.0,154.0
66982,247.0,74.0,121.0,132.0
66983,248.0,241.0,133.0,139.0
66984,262.0,114.0,139.0,147.0
66985,294.0,125.0,167.0,174.0
66986,237.0,135.0,143.0,146.0
66987,247.0,120.0,147.0,139.0
66988,243.0,125.0,129.0,139.0
66989,261.0,97.0,147.0,153.0
66990,259.0,143.0,146.0,146.0
66991,277.0,97.0,149.0,154.0
66992,275.0,122.0,149.0,165.0
66993,250.0,215.0,140.0,139.0
66994,225.0,109.0,113.0,133.0
66995,264.0,215.0,143.0,148.0
66996,255.0,96.0,156.0,136.0
66997,237.0,195.0,135.0,134.0
66998,265.0,188.0,155.0,137.0
66999,226.0,89.0,129.0,120.0
67000,264.0,84.0,148.0,152.0
67001,269.0,72.0,150.0,147.0
67002,260.0,208.0,148.0,155.0
67003,238.0,104.0,143.0,127.0
67004,238.0,97.0,132.0,133.0
67005,244.0,210.0,124.0,141.0
67006,242.0,95.0,135.0,146.0
67007,264.0,135.0,144.0,152.0
67008,243.0,122.0,135.0,134.0
67009,247.0,247.0,132.0,141.0
67010,250.0,151.0,136.0,144.0
67011,267.0,90.0,151.0,146.0
67012,250.0,105.0,140.0,142.0
67013,255.0,94.0,140.0,139.0
67014,261.0,118.0,150.0,153.0
67015,234.0,155.0,121.0,117.0
67016,229.0,114.0,120.0,116.0
67017,232.0,95.0,138.0,126.0
67018,235.0,116.0,142.0,145.0
67019,275.0,127.0,155.0,144.0
67020,265.0,121.0,146.0,156.0
67021,246.0,112.0,146.0,156.0
67022,238.0,136.0,137.0,146.0
67023,250.0,240.0,148.0,141.0
67024,247.0,104.0,141.0,130.0
67025,232.0,188.0,132.0,135.0
67026,259.0,122.0,138.0,154.0
67027,234.0,94.0,124.0,109.0
67028,253.0,222.0,154.0,141.0
67029,252.0,213.0,143.0,146.0
67030,264.0,258.0,142.0,140.0
67031,253.0,102.0,146.0,145.0
67032,250.0,221.0,129.0,143.0
67033,241.0,93.0,124.0,141.0
67034,242.0,59.0,149.0,141.0
67035,240.0,78.0,126.0,134.0
67036,253.0,251.0,138.0,125.0
67037,251.0,75.0,126.0,147.0
67038,250.0,129.0,127.0,144.0
67039,241.0,94.0,143.0,134.0
67040,246.0,118.0,132.0,142.0
67041,271.0,148.0,153.0,148.0
67042,235.0,206.0,127.0,138.0
67043,238.0,122.0,133.0,123.0
67044,256.0,252.0,129.0,146.0
67045,260.0,156.0,157.0,157.0
67046,225.0,122.0,136.0,118.0
67047,264.0,254.0,161.0,155.0
67048,255.0,255.0,153.0,149.0
67049,241.0,150.0,134.0,139.0
67050,255.0,129.0,145.0,126.0
67051,249.0,163.0,133.0,146.0
67052,242.0,203.0,127.0,137.0
67053,274.0,245.0,154.0,161.0
67054,269.0,93.0,155.0,150.0
67055,253.0,155.0,137.0,153.0
67056,244.0,85.0,133.0,142.0
67057,260.0,146.0,142.0,170.0
67058,278.0,100.0,152.0,158.0
67059,269.0,159.0,153.0,159.0
67060,272.0,170.0,150.0,134.0
67061,246.0,215.0,141.0,138.0
67062,239.0,220.0,150.0,145.0
67063,277.0,178.0,139.0,157.0
67064,235.0,200.0,128.0,146.0
67065,227.0,183.0,133.0,126.0
67066,255.0,210.0,131.0,151.0
67067,261.0,233.0,154.0,151.0
67068,257.0,135.0,131.0,148.0
67069,235.0,100.0,120.0,142.0
67070,243.0,111.0,138.0,137.0
67071,265.0,197.0,162.0,157.0
67072,232.0,58.0,126.0,135.0
67073,259.0,110.0,139.0,143.0
67074,254.0,122.0,136.0,139.0
67075,236.0,124.0,132.0,130.0
67076,250.0,243.0,135.0,140.0
67077,227.0,188.0,131.0,145.0
67078,278.0,147.0,159.0,135.0
67079,256.0,130.0,154.0,142.0
67080,251.0,228.0,150.0,136.0
67081,262.0,236.0,143.0,164.0
67082,248.0,103.0,142.0,136.0
67083,262.0,218.0,163.0,160.0
67084,243.0,147.0,123.0,134.0
67085,274.0,120.0,162.0,151.0
67086,243.0,238.0,130.0,152.0
67087,270.0,124.0,157.0,150.0
67088,271.0,126.0,161.0,152.0
67089,269.0,116.0,159.0,136.0
67090,252.0,112.0,130.0,148.0
67091,271.0,123.0,148.0,162.0
67092,234.0,200.0,129.0,133.0
67093,229.0,115.0,129.0,121.0
67094,243.0,231.0,144.0,123.0
67095,250.0,142.0,142.0,132.0
67096,274.0,146.0,162.0,161.0
67097,224.0,87.0,130.0,115.0
67098,224.0,84.0,134.0,122.0
67099,229.0,79.0,128.0,131.0
67100,237.0,207.0,129.0,134.0
67101,258.0,216.0,155.0,148.0
67102,268.0,151.0,153.0,150.0
67103,252.0,134.0,152.0,143.0
67104,237.0,144.0,125.0,129.0
67105,264.0,164.0,144.0,149.0
67106,255.0,135.0,145.0,140.0
67107,270.0,109.0,129.0,145.0
67108,239.0,110.0,132.0,135.0
67109,267.0,191.0,142.0,145.0
67110,271.0,32.0,143.0,162.0
67111,276.0,245.0,164.0,158.0
67112,269.0,229.0,151.0,147.0
67113,249.0,120.0,141.0,133.0
67114,232.0,98.0,117.0,141.0
67115,239.0,49.0,138.0,134.0
67116,243.0,222.0,124.0,138.0
67117,237.0,203.0,140.0,114.0
67118,251.0,233.0,130.0,141.0
67119,226.0,95.0,136.0,138.0
67120,248.0,156.0,135.0,146.0
67121,238.0,106.0,128.0,122.0
67122,249.0,121.0,127.0,136.0
67123,257.0,120.0,147.0,154.0
67124,230.0,189.0,124.0,136.0
67125,244.0,105.0,134.0,141.0
67126,264.0,125.0,147.0,160.0
67127,244.0,118.0,139.0,131.0
67128,275.0,246.0,152.0,149.0
67129,269.0,122.0,145.0,150.0
67130,248.0,72.0,134.0,132.0
67131,262.0,118.0,164.0,151.0
67132,251.0,82.0,142.0,145.0
67133,238.0,213.0,126.0,134.0
67134,268.0,161.0,162.0,148.0
67135,240.0,77.0,127.0,144.0
67136,269.0,106.0,144.0,158.0
67137,238.0,115.0,125.0,128.0
67138,255.0,123.0,137.0,134.0
67139,243.0,208.0,126.0,137.0
67140,278.0,150.0,151.0,157.0
67141,241.0,64.0,138.0,130.0
67142,260.0,129.0,147.0,151.0
67143,262.0,70.0,137.0,154.0
67144,233.0,94.0,131.0,131.0
67145,240.0,74.0,129.0,140.0
67146,233.0,170.0,120.0,142.0
67147,234.0,97.0,126.0,127.0
67148,266.0,138.0,142.0,142.0
67149,250.0,105.0,138.0,129.0
67150,273.0,114.0,153.0,162.0
67151,247.0,217.0,144.0,142.0
67152,250.0,213.0,144.0,146.0
67153,241.0,118.0,136.0,129.0
67154,250.0,138.0,136.0,133.0
67155,242.0,206.0,136.0,146.0
67156,262.0,217.0,161.0,137.0
67157,255.0,91.0,135.0,149.0
67158,241.0,104.0,134.0,130.0
67159,250.0,122.0,135.0,135.0
67160,246.0,93.0,143.0,134.0
67161,227.0,78.0,117.0,121.0
67162,242.0,98.0,145.0,144.0
67163,261.0,138.0,145.0,148.0
67164,250.0,137.0,145.0,164.0
67165,259.0,232.0,146.0,140.0
67166,258.0,221.0,135.0,161.0
67167,238.0,127.0,130.0,123.0
67168,260.0,98.0,154.0,142.0
67169,262.0,153.0,141.0,143.0
67170,248.0,147.0,137.0,135.0
67171,294.0,263.0,171.0,176.0
67172,260.0,215.0,152.0,143.0
67173,248.0,131.0,133.0,138.0
67174,249.0,112.0,144.0,121.0
67175,247.0,243.0,139.0,130.0
67176,231.0,193.0,117.0,123.0
67177,242.0,133.0,132.0,144.0
67178,261.0,108.0,150.0,149.0
67179,250.0,150.0,142.0,144.0
67180,243.0,210.0,134.0,141.0
67181,227.0,89.0,135.0,111.0
67182,262.0,224.0,136.0,161.0
67183,250.0,239.0,133.0,135.0
67184,249.0,90.0,137.0,154.0
67185,270.0,143.0,152.0,159.0
67186,238.0,93.0,139.0,128.0
67187,269.0,136.0,163.0,126.0
67188,235.0,226.0,135.0,141.0
67189,238.0,59.0,147.0,132.0
67190,237.0,76.0,139.0,125.0
67191,237.0,108.0,134.0,135.0
67192,248.0,146.0,142.0,142.0
67193,232.0,192.0,133.0,122.0
67194,272.0,233.0,161.0,152.0
67195,237.0,205.0,140.0,142.0
67196,239.0,85.0,132.0,123.0
67197,253.0,240.0,130.0,134.0
67198,266.0,80.0,147.0,160.0
67199,239.0,76.0,129.0,133.0
67200,256.0,112.0,153.0,147.0
67201,253.0,109.0,143.0,149.0
67202,242.0,206.0,136.0,136.0
67203,232.0,202.0,119.0,123.0
67204,238.0,135.0,142.0,132.0
67205,238.0,79.0,139.0,146.0
67206,256.0,66.0,143.0,160.0
67207,256.0,113.0,139.0,160.0
67208,271.0,135.0,162.0,148.0
67209,242.0,151.0,130.0,122.0
67210,242.0,161.0,131.0,138.0
67211,241.0,102.0,136.0,143.0
67212,253.0,227.0,159.0,137.0
67213,240.0,215.0,141.0,132.0
67214,242.0,121.0,131.0,134.0
67215,247.0,121.0,140.0,133.0
67216,239.0,98.0,114.0,156.0
67217,242.0,104.0,126.0,143.0
67218,240.0,216.0,138.0,125.0
67219,251.0,217.0,146.0,149.0
67220,258.0,229.0,160.0,148.0
67221,268.0,109.0,130.0,162.0
67222,244.0,109.0,145.0,132.0
67223,259.0,230.0,145.0,138.0
67224,248.0,128.0,136.0,139.0
67225,258.0,110.0,140.0,136.0
67226,261.0,140.0,159.0,139.0
67227,215.0,90.0,130.0,118.0
67228,246.0,135.0,148.0,138.0
67229,262.0,146.0,154.0,139.0
67230,257.0,221.0,147.0,138.0
67231,252.0,134.0,148.0,146.0
67232,253.0,90.0,130.0,141.0
67233,243.0,124.0,144.0,125.0
67234,259.0,219.0,165.0,143.0
67235,261.0,133.0,136.0,142.0
67236,241.0,113.0,138.0,132.0
67237,239.0,239.0,132.0,124.0
67238,259.0,83.0,136.0,137.0
67239,235.0,114.0,126.0,133.0
67240,251.0,47.0,154.0,169.0
67241,255.0,126.0,153.0,134.0
67242,244.0,103.0,124.0,134.0
67243,246.0,105.0,140.0,143.0
67244,263.0,261.0,164.0,161.0
67245,246.0,83.0,141.0,130.0
67246,263.0,259.0,153.0,136.0
67247,247.0,115.0,134.0,142.0
67248,254.0,129.0,145.0,142.0
67249,270.0,135.0,151.0,167.0
67250,256.0,125.0,148.0,133.0
67251,250.0,98.0,126.0,128.0
67252,245.0,91.0,127.0,145.0
67253,250.0,89.0,131.0,145.0
67254,246.0,116.0,128.0,126.0
67255,243.0,145.0,127.0,147.0
67256,241.0,192.0,148.0,126.0
67257,249.0,223.0,145.0,126.0
67258,245.0,84.0,142.0,128.0
67259,253.0,130.0,150.0,126.0
67260,243.0,99.0,136.0,140.0
67261,261.0,83.0,136.0,147.0
67262,243.0,176.0,137.0,135.0
67263,263.0,108.0,161.0,139.0
67264,240.0,134.0,122.0,134.0
67265,265.0,108.0,147.0,139.0
67266,249.0,148.0,138.0,133.0
67267,271.0,178.0,164.0,161.0
67268,251.0,98.0,129.0,132.0
67269,246.0,93.0,143.0,143.0
67270,233.0,97.0,117.0,134.0
67271,245.0,239.0,132.0,156.0
67272,248.0,82.0,142.0,144.0
67273,248.0,121.0,141.0,131.0
67274,248.0,213.0,147.0,133.0
67275,267.0,120.0,157.0,150.0
67276,251.0,226.0,152.0,137.0
67277,273.0,235.0,164.0,159.0
67278,266.0,115.0,153.0,142.0
67279,230.0,212.0,132.0,135.0
67280,264.0,105.0,147.0,154.0
67281,240.0,163.0,131.0,127.0
67282,249.0,85.0,135.0,146.0
67283,257.0,203.0,133.0,141.0
67284,258.0,96.0,149.0,158.0
67285,263.0,243.0,133.0,157.0
67286,258.0,114.0,139.0,145.0
67287,237.0,194.0,134.0,129.0
67288,271.0,82.0,143.0,154.0
67289,239.0,137.0,127.0,123.0
67290,270.0,133.0,157.0,158.0
67291,259.0,161.0,138.0,130.0
67292,245.0,120.0,142.0,144.0
67293,252.0,220.0,142.0,139.0
67294,236.0,47.0,129.0,135.0
67295,237.0,206.0,129.0,137.0
67296,273.0,94.0,161.0,157.0
67297,244.0,119.0,143.0,136.0
67298,262.0,90.0,148.0,149.0
67299,269.0,117.0,159.0,160.0
67300,242.0,93.0,126.0,136.0
67301,248.0,92.0,128.0,143.0
67302,258.0,124.0,134.0,163.0
67303,217.0,33.0,126.0,125.0
67304,267.0,130.0,165.0,148.0
67305,223.0,88.0,128.0,116.0
67306,237.0,112.0,147.0,134.0
67307,237.0,200.0,122.0,140.0
67308,274.0,91.0,165.0,163.0
67309,258.0,92.0,134.0,137.0
67310,242.0,216.0,140.0,152.0
67311,258.0,139.0,145.0,133.0
67312,267.0,108.0,153.0,161.0
67313,248.0,120.0,138.0,135.0
67314,276.0,92.0,146.0,152.0
67315,258.0,218.0,136.0,145.0
67316,243.0,82.0,134.0,133.0
67317,242.0,94.0,135.0,121.0
67318,248.0,213.0,144.0,145.0
67319,250.0,92.0,130.0,133.0
67320,262.0,83.0,132.0,150.0
67321,260.0,126.0,154.0,148.0
67322,241.0,90.0,136.0,140.0
67323,229.0,123.0,123.0,139.0
67324,246.0,114.0,141.0,140.0
67325,249.0,242.0,132.0,137.0
67326,262.0,90.0,154.0,160.0
67327,244.0,86.0,133.0,141.0
67328,250.0,108.0,147.0,154.0
67329,256.0,105.0,142.0,132.0
67330,253.0,114.0,146.0,136.0
67331,268.0,113.0,129.0,149.0
67332,241.0,61.0,134.0,146.0
67333,251.0,107.0,144.0,153.0
67334,256.0,122.0,142.0,156.0
67335,242.0,125.0,146.0,123.0
67336,239.0,91.0,132.0,138.0
67337,258.0,214.0,116.0,139.0
67338,249.0,99.0,138.0,153.0
67339,256.0,86.0,142.0,165.0
67340,267.0,72.0,157.0,138.0
67341,242.0,120.0,134.0,141.0
67342,255.0,91.0,135.0,157.0
67343,256.0,162.0,170.0,145.0
67344,236.0,197.0,116.0,142.0
67345,250.0,97.0,129.0,137.0
67346,242.0,143.0,124.0,131.0
67347,274.0,252.0,146.0,161.0
67348,255.0,104.0,158.0,151.0
67349,240.0,87.0,140.0,130.0
67350,273.0,173.0,147.0,134.0
67351,246.0,110.0,130.0,144.0
67352,259.0,108.0,147.0,133.0
67353,259.0,166.0,147.0,149.0
67354,271.0,126.0,155.0,152.0
67355,267.0,127.0,150.0,158.0
67356,230.0,127.0,133.0,129.0
67357,241.0,224.0,124.0,143.0
67358,259.0,130.0,143.0,132.0
67359,261.0,206.0,136.0,153.0
67360,237.0,111.0,144.0,129.0
67361,258.0,134.0,140.0,148.0
67362,270.0,143.0,156.0,152.0
67363,250.0,221.0,143.0,152.0
67364,273.0,176.0,141.0,145.0
67365,263.0,112.0,150.0,152.0
67366,247.0,118.0,140.0,129.0
67367,274.0,123.0,159.0,138.0
67368,249.0,160.0,144.0,149.0
67369,256.0,122.0,150.0,126.0
67370,239.0,82.0,133.0,128.0
67371,254.0,130.0,141.0,150.0
67372,255.0,76.0,145.0,141.0
67373,257.0,143.0,158.0,159.0
67374,253.0,150.0,148.0,137.0
67375,243.0,204.0,141.0,145.0
67376,242.0,115.0,138.0,137.0
67377,248.0,68.0,141.0,140.0
67378,241.0,119.0,125.0,145.0
67379,220.0,86.0,125.0,119.0
67380,240.0,81.0,118.0,130.0
67381,242.0,114.0,134.0,138.0
67382,263.0,224.0,155.0,151.0
67383,240.0,90.0,124.0,133.0
67384,233.0,82.0,130.0,139.0
67385,241.0,113.0,126.0,137.0
67386,270.0,82.0,148.0,145.0
67387,238.0,92.0,149.0,139.0
67388,234.0,208.0,126.0,140.0
67389,248.0,207.0,148.0,143.0
67390,249.0,174.0,139.0,129.0
67391,246.0,209.0,145.0,122.0
67392,257.0,153.0,159.0,146.0
67393,225.0,200.0,122.0,129.0
67394,237.0,80.0,131.0,127.0
67395,241.0,198.0,117.0,138.0
67396,271.0,183.0,147.0,155.0
67397,244.0,111.0,145.0,131.0
67398,263.0,241.0,147.0,153.0
67399,232.0,205.0,129.0,127.0
67400,234.0,207.0,132.0,126.0
67401,272.0,158.0,157.0,147.0
67402,243.0,83.0,124.0,135.0
67403,263.0,114.0,149.0,160.0
67404,244.0,140.0,137.0,134.0
67405,253.0,222.0,138.0,133.0
67406,252.0,76.0,145.0,141.0
67407,260.0,107.0,163.0,153.0
67408,235.0,129.0,123.0,138.0
67409,239.0,214.0,142.0,133.0
67410,236.0,110.0,141.0,128.0
67411,262.0,84.0,135.0,144.0
67412,275.0,274.0,164.0,169.0
67413,238.0,73.0,142.0,136.0
67414,272.0,121.0,154.0,141.0
67415,259.0,146.0,140.0,120.0
67416,253.0,227.0,131.0,130.0
67417,251.0,145.0,146.0,142.0
67418,232.0,98.0,135.0,128.0
67419,247.0,128.0,139.0,143.0
67420,264.0,238.0,158.0,144.0
67421,242.0,64.0,142.0,147.0
67422,266.0,93.0,156.0,144.0
67423,227.0,124.0,135.0,127.0
67424,271.0,176.0,133.0,150.0
67425,251.0,99.0,157.0,153.0
67426,250.0,97.0,148.0,135.0
67427,238.0,90.0,131.0,134.0
67428,248.0,141.0,138.0,141.0
67429,256.0,120.0,154.0,138.0
67430,253.0,114.0,133.0,141.0
67431,271.0,125.0,151.0,143.0
67432,246.0,76.0,147.0,148.0
67433,236.0,121.0,134.0,138.0
67434,248.0,116.0,142.0,129.0
67435,242.0,215.0,148.0,146.0
67436,260.0,112.0,149.0,145.0
67437,267.0,132.0,167.0,145.0
67438,218.0,186.0,112.0,115.0
67439,264.0,125.0,152.0,144.0
67440,276.0,144.0,144.0,157.0
67441,238.0,91.0,131.0,134.0
67442,258.0,95.0,153.0,141.0
67443,274.0,158.0,162.0,150.0
67444,222.0,195.0,122.0,115.0
67445,246.0,127.0,130.0,140.0
67446,250.0,138.0,157.0,130.0
67447,249.0,95.0,141.0,121.0
67448,255.0,109.0,133.0,148.0
67449,262.0,138.0,136.0,135.0
67450,268.0,137.0,140.0,133.0
67451,253.0,243.0,140.0,146.0
67452,245.0,139.0,139.0,132.0
67453,246.0,90.0,144.0,128.0
67454,238.0,90.0,145.0,139.0
67455,233.0,112.0,117.0,118.0
67456,245.0,126.0,157.0,152.0
67457,277.0,157.0,175.0,167.0
67458,243.0,141.0,127.0,124.0
67459,249.0,97.0,153.0,141.0
67460,261.0,103.0,150.0,153.0
67461,249.0,106.0,139.0,148.0
67462,262.0,101.0,135.0,144.0
67463,245.0,85.0,138.0,127.0
67464,261.0,70.0,147.0,140.0
67465,230.0,89.0,139.0,130.0
67466,247.0,100.0,136.0,150.0
67467,254.0,200.0,141.0,133.0
67468,257.0,131.0,160.0,149.0
67469,237.0,199.0,146.0,134.0
67470,262.0,118.0,142.0,144.0
67471,244.0,209.0,128.0,116.0
67472,231.0,118.0,126.0,132.0
67473,263.0,68.0,144.0,133.0
67474,240.0,209.0,135.0,133.0
67475,233.0,104.0,114.0,127.0
67476,270.0,231.0,153.0,156.0
67477,231.0,180.0,130.0,124.0
67478,252.0,201.0,135.0,153.0
67479,258.0,158.0,128.0,141.0
67480,250.0,147.0,144.0,148.0
67481,264.0,108.0,149.0,149.0
67482,240.0,163.0,137.0,142.0
67483,246.0,81.0,142.0,141.0
67484,255.0,144.0,150.0,137.0
67485,253.0,80.0,140.0,150.0
67486,235.0,103.0,127.0,127.0
67487,261.0,96.0,149.0,145.0
67488,252.0,93.0,143.0,143.0
67489,255.0,229.0,145.0,143.0
67490,242.0,124.0,131.0,153.0
67491,258.0,84.0,141.0,136.0
67492,242.0,69.0,138.0,132.0
67493,252.0,139.0,149.0,142.0
67494,264.0,239.0,137.0,159.0
67495,237.0,59.0,125.0,121.0
67496,255.0,252.0,137.0,156.0
67497,245.0,79.0,132.0,144.0
67498,248.0,118.0,143.0,133.0
67499,255.0,114.0,140.0,146.0
67500,248.0,131.0,158.0,142.0
67501,234.0,115.0,125.0,130.0
67502,249.0,86.0,136.0,143.0
67503,257.0,173.0,157.0,144.0
67504,235.0,127.0,133.0,129.0
67505,247.0,201.0,137.0,128.0
67506,254.0,109.0,141.0,150.0
67507,266.0,140.0,137.0,144.0
67508,238.0,87.0,136.0,149.0
67509,277.0,155.0,161.0,152.0
67510,236.0,143.0,137.0,136.0
67511,273.0,134.0,163.0,170.0
67512,241.0,77.0,133.0,132.0
67513,263.0,173.0,157.0,142.0
67514,253.0,249.0,147.0,145.0
67515,250.0,97.0,134.0,152.0
67516,229.0,93.0,118.0,124.0
67517,245.0,122.0,125.0,128.0
67518,259.0,122.0,151.0,146.0
67519,257.0,77.0,143.0,146.0
67520,254.0,220.0,137.0,145.0
67521,256.0,143.0,143.0,146.0
67522,245.0,106.0,141.0,138.0
67523,261.0,114.0,147.0,144.0
67524,239.0,110.0,147.0,126.0
67525,250.0,90.0,138.0,151.0
67526,246.0,51.0,149.0,138.0
67527,242.0,193.0,133.0,136.0
67528,255.0,58.0,141.0,133.0
67529,247.0,131.0,153.0,138.0
67530,249.0,152.0,157.0,144.0
67531,233.0,209.0,137.0,124.0
67532,264.0,236.0,149.0,139.0
67533,242.0,126.0,130.0,151.0
67534,245.0,233.0,122.0,137.0
67535,261.0,90.0,137.0,142.0
67536,219.0,211.0,126.0,124.0
67537,255.0,104.0,143.0,140.0
67538,252.0,129.0,132.0,148.0
67539,237.0,143.0,128.0,127.0
67540,257.0,152.0,144.0,142.0
67541,220.0,95.0,134.0,117.0
67542,235.0,202.0,131.0,133.0
67543,266.0,136.0,152.0,137.0
67544,242.0,154.0,143.0,152.0
67545,251.0,118.0,145.0,151.0
67546,261.0,116.0,153.0,143.0
67547,247.0,119.0,140.0,139.0
67548,250.0,97.0,140.0,142.0
67549,241.0,126.0,133.0,132.0
67550,270.0,107.0,146.0,164.0
67551,240.0,133.0,133.0,133.0
67552,254.0,128.0,130.0,137.0
67553,269.0,94.0,146.0,150.0
67554,219.0,133.0,115.0,120.0
67555,239.0,96.0,124.0,138.0
67556,231.0,90.0,150.0,127.0
67557,245.0,132.0,131.0,137.0
67558,242.0,93.0,136.0,140.0
67559,280.0,165.0,147.0,144.0
67560,256.0,125.0,145.0,144.0
67561,245.0,198.0,136.0,136.0
67562,239.0,130.0,130.0,141.0
67563,236.0,80.0,135.0,133.0
67564,246.0,66.0,142.0,134.0
67565,253.0,93.0,131.0,140.0
67566,243.0,106.0,136.0,136.0
67567,240.0,103.0,121.0,136.0
67568,254.0,254.0,160.0,149.0
67569,245.0,83.0,152.0,135.0
67570,246.0,194.0,154.0,156.0
67571,240.0,198.0,132.0,136.0
67572,267.0,105.0,161.0,153.0
67573,249.0,218.0,127.0,139.0
67574,238.0,119.0,141.0,135.0
67575,262.0,199.0,165.0,160.0
67576,248.0,207.0,129.0,129.0
67577,244.0,130.0,133.0,129.0
67578,240.0,163.0,126.0,129.0
67579,239.0,149.0,139.0,137.0
67580,238.0,199.0,144.0,142.0
67581,261.0,224.0,146.0,159.0
67582,254.0,216.0,148.0,135.0
67583,276.0,109.0,137.0,160.0
67584,249.0,88.0,135.0,132.0
67585,261.0,144.0,130.0,141.0
67586,237.0,111.0,139.0,126.0
67587,243.0,110.0,146.0,137.0
67588,253.0,123.0,139.0,136.0
67589,256.0,88.0,146.0,152.0
67590,240.0,106.0,132.0,134.0
67591,267.0,166.0,157.0,146.0
67592,275.0,100.0,160.0,161.0
67593,257.0,217.0,148.0,157.0
67594,250.0,141.0,131.0,134.0
67595,249.0,60.0,142.0,131.0
67596,228.0,74.0,124.0,123.0
67597,255.0,226.0,133.0,139.0
67598,272.0,141.0,155.0,145.0
67599,250.0,214.0,139.0,148.0
67600,241.0,153.0,125.0,136.0
67601,260.0,116.0,143.0,137.0
67602,238.0,118.0,128.0,137.0
67603,236.0,213.0,139.0,135.0
67604,231.0,49.0,120.0,136.0
67605,257.0,139.0,149.0,153.0
67606,283.0,107.0,147.0,153.0
67607,242.0,134.0,123.0,141.0
67608,222.0,41.0,115.0,117.0
67609,228.0,187.0,145.0,139.0
67610,253.0,135.0,139.0,140.0
67611,259.0,117.0,129.0,143.0
67612,240.0,204.0,135.0,149.0
67613,269.0,67.0,154.0,154.0
67614,243.0,119.0,128.0,131.0
67615,251.0,95.0,154.0,132.0
67616,249.0,100.0,143.0,136.0
67617,228.0,130.0,106.0,131.0
67618,261.0,93.0,154.0,156.0
67619,230.0,147.0,133.0,131.0
67620,250.0,242.0,136.0,131.0
67621,251.0,161.0,147.0,147.0
67622,257.0,95.0,145.0,139.0
67623,257.0,224.0,141.0,152.0
67624,267.0,263.0,155.0,154.0
67625,234.0,211.0,143.0,136.0
67626,268.0,117.0,165.0,146.0
67627,268.0,119.0,153.0,143.0
67628,233.0,188.0,141.0,134.0
67629,263.0,125.0,157.0,149.0
67630,232.0,79.0,152.0,140.0
67631,269.0,117.0,155.0,157.0
67632,233.0,113.0,121.0,134.0
67633,239.0,151.0,135.0,140.0
67634,260.0,216.0,148.0,143.0
67635,247.0,224.0,139.0,147.0
67636,266.0,144.0,133.0,158.0
67637,234.0,97.0,126.0,137.0
67638,245.0,115.0,144.0,144.0
67639,264.0,122.0,158.0,154.0
67640,236.0,90.0,138.0,128.0
67641,254.0,142.0,141.0,141.0
67642,244.0,207.0,144.0,136.0
67643,251.0,103.0,145.0,132.0
67644,244.0,218.0,131.0,124.0
67645,264.0,98.0,168.0,151.0
67646,237.0,93.0,124.0,134.0
67647,272.0,164.0,139.0,144.0
67648,252.0,115.0,138.0,129.0
67649,241.0,126.0,135.0,132.0
67650,240.0,206.0,125.0,136.0
67651,246.0,77.0,118.0,129.0
67652,248.0,84.0,133.0,143.0
67653,229.0,149.0,116.0,134.0
67654,251.0,107.0,127.0,130.0
67655,260.0,248.0,162.0,140.0
67656,220.0,109.0,124.0,123.0
67657,228.0,193.0,126.0,116.0
67658,242.0,201.0,136.0,132.0
67659,259.0,218.0,144.0,141.0
67660,245.0,91.0,151.0,133.0
67661,286.0,246.0,155.0,161.0
67662,249.0,170.0,139.0,151.0
67663,247.0,214.0,130.0,147.0
67664,272.0,237.0,142.0,144.0
67665,261.0,222.0,144.0,145.0
67666,233.0,143.0,137.0,152.0
67667,253.0,105.0,154.0,166.0
67668,255.0,217.0,130.0,156.0
67669,266.0,78.0,150.0,144.0
67670,237.0,118.0,130.0,138.0
67671,247.0,119.0,138.0,132.0
67672,230.0,116.0,128.0,131.0
67673,265.0,143.0,136.0,154.0
67674,247.0,119.0,155.0,138.0
67675,235.0,101.0,123.0,120.0
67676,250.0,72.0,130.0,138.0
67677,238.0,116.0,122.0,138.0
67678,252.0,104.0,131.0,142.0
67679,227.0,88.0,126.0,118.0
67680,228.0,110.0,130.0,112.0
67681,244.0,62.0,138.0,129.0
67682,264.0,117.0,163.0,144.0
67683,261.0,115.0,136.0,134.0
67684,245.0,118.0,145.0,136.0
67685,241.0,116.0,123.0,126.0
67686,260.0,118.0,144.0,141.0
67687,252.0,91.0,145.0,137.0
67688,242.0,106.0,144.0,143.0
67689,275.0,142.0,171.0,150.0
67690,260.0,172.0,142.0,139.0
67691,251.0,99.0,152.0,145.0
67692,227.0,91.0,116.0,137.0
67693,230.0,108.0,139.0,123.0
67694,262.0,145.0,137.0,151.0
67695,249.0,217.0,136.0,155.0
67696,252.0,131.0,158.0,142.0
67697,252.0,114.0,150.0,134.0
67698,254.0,219.0,154.0,137.0
67699,237.0,118.0,144.0,143.0
67700,236.0,137.0,116.0,138.0
67701,276.0,243.0,157.0,147.0
67702,228.0,78.0,99.0,120.0
67703,253.0,97.0,142.0,149.0
67704,272.0,117.0,146.0,169.0
67705,235.0,89.0,135.0,133.0
67706,265.0,166.0,159.0,159.0
67707,267.0,97.0,143.0,160.0
67708,244.0,119.0,138.0,133.0
67709,221.0,83.0,136.0,115.0
67710,264.0,159.0,160.0,143.0
67711,246.0,203.0,136.0,146.0
67712,252.0,130.0,146.0,134.0
67713,237.0,105.0,134.0,128.0
67714,246.0,221.0,133.0,133.0
67715,249.0,118.0,142.0,142.0
67716,279.0,157.0,165.0,164.0
67717,263.0,224.0,153.0,154.0
67718,253.0,141.0,135.0,136.0
67719,247.0,215.0,134.0,135.0
67720,251.0,200.0,134.0,144.0
67721,263.0,124.0,149.0,148.0
67722,283.0,121.0,151.0,156.0
67723,237.0,211.0,126.0,141.0
67724,255.0,241.0,138.0,149.0
67725,232.0,118.0,130.0,144.0
67726,244.0,213.0,121.0,137.0
67727,253.0,153.0,150.0,135.0
67728,247.0,133.0,141.0,136.0
67729,247.0,219.0,128.0,140.0
67730,243.0,85.0,126.0,134.0
67731,260.0,221.0,144.0,140.0
67732,249.0,76.0,138.0,150.0
67733,254.0,134.0,141.0,146.0
67734,242.0,115.0,137.0,139.0
67735,255.0,84.0,145.0,154.0
67736,229.0,153.0,126.0,129.0
67737,250.0,157.0,151.0,132.0
67738,241.0,204.0,128.0,146.0
67739,258.0,225.0,147.0,143.0
67740,213.0,98.0,131.0,125.0
67741,270.0,164.0,133.0,149.0
67742,239.0,95.0,127.0,135.0
67743,239.0,184.0,134.0,148.0
67744,240.0,93.0,135.0,143.0
67745,239.0,95.0,131.0,134.0
67746,248.0,214.0,136.0,141.0
67747,278.0,119.0,161.0,152.0
67748,226.0,83.0,134.0,132.0
67749,228.0,68.0,129.0,127.0
67750,266.0,99.0,143.0,153.0
67751,248.0,143.0,137.0,136.0
67752,257.0,224.0,136.0,137.0
67753,233.0,111.0,136.0,127.0
67754,250.0,237.0,140.0,139.0
67755,255.0,106.0,144.0,126.0
67756,254.0,107.0,148.0,144.0
67757,218.0,128.0,117.0,125.0
67758,250.0,99.0,128.0,143.0
67759,256.0,131.0,153.0,141.0
67760,231.0,149.0,105.0,124.0
67761,268.0,146.0,142.0,160.0
67762,243.0,99.0,160.0,130.0
67763,249.0,205.0,144.0,139.0
67764,221.0,79.0,121.0,121.0
67765,258.0,109.0,145.0,134.0
67766,266.0,168.0,149.0,141.0
67767,256.0,131.0,147.0,141.0
67768,239.0,158.0,133.0,124.0
67769,249.0,150.0,148.0,136.0
67770,258.0,95.0,135.0,138.0
67771,240.0,75.0,134.0,137.0
67772,262.0,57.0,165.0,147.0
67773,249.0,157.0,135.0,131.0
67774,269.0,139.0,145.0,145.0
67775,250.0,220.0,135.0,136.0
67776,220.0,99.0,126.0,124.0
67777,267.0,138.0,149.0,142.0
67778,266.0,230.0,154.0,147.0
67779,245.0,63.0,158.0,138.0
67780,211.0,150.0,122.0,108.0
67781,253.0,127.0,136.0,146.0
67782,239.0,85.0,134.0,127.0
67783,252.0,98.0,146.0,149.0
67784,239.0,86.0,125.0,144.0
67785,256.0,248.0,146.0,137.0
67786,262.0,89.0,139.0,149.0
67787,239.0,204.0,126.0,139.0
67788,243.0,121.0,126.0,136.0
67789,250.0,155.0,143.0,141.0
67790,260.0,79.0,149.0,139.0
67791,245.0,126.0,139.0,146.0
67792,274.0,136.0,152.0,169.0
67793,265.0,142.0,151.0,159.0
67794,248.0,104.0,135.0,146.0
67795,254.0,217.0,148.0,140.0
67796,252.0,116.0,141.0,133.0
67797,261.0,97.0,138.0,150.0
67798,237.0,81.0,122.0,138.0
67799,259.0,220.0,142.0,137.0
67800,228.0,203.0,124.0,126.0
67801,261.0,92.0,158.0,138.0
67802,257.0,43.0,147.0,149.0
67803,227.0,84.0,124.0,137.0
67804,253.0,218.0,140.0,151.0
67805,262.0,227.0,151.0,156.0
67806,262.0,106.0,135.0,130.0
67807,236.0,114.0,145.0,127.0
67808,264.0,128.0,149.0,161.0
67809,248.0,148.0,151.0,144.0
67810,247.0,135.0,132.0,149.0
67811,247.0,205.0,162.0,129.0
67812,226.0,216.0,122.0,121.0
67813,291.0,281.0,172.0,161.0
67814,253.0,226.0,147.0,131.0
67815,236.0,213.0,137.0,140.0
67816,251.0,93.0,150.0,146.0
67817,237.0,76.0,130.0,141.0
67818,240.0,89.0,132.0,135.0
67819,260.0,113.0,145.0,150.0
67820,258.0,143.0,135.0,142.0
67821,236.0,159.0,129.0,142.0
67822,247.0,216.0,125.0,139.0
67823,263.0,156.0,152.0,148.0
67824,240.0,108.0,136.0,135.0
67825,258.0,103.0,149.0,149.0
67826,231.0,105.0,130.0,134.0
67827,256.0,127.0,148.0,154.0
67828,255.0,130.0,158.0,133.0
67829,261.0,223.0,154.0,141.0
67830,255.0,84.0,139.0,137.0
67831,228.0,106.0,132.0,127.0
67832,241.0,101.0,140.0,155.0
67833,271.0,145.0,132.0,146.0
67834,239.0,84.0,143.0,143.0
67835,262.0,111.0,146.0,147.0
67836,250.0,113.0,135.0,142.0
67837,244.0,91.0,140.0,125.0
67838,243.0,96.0,144.0,134.0
67839,236.0,179.0,134.0,150.0
67840,258.0,123.0,135.0,154.0
67841,252.0,82.0,145.0,131.0
67842,245.0,72.0,134.0,144.0
67843,270.0,133.0,154.0,151.0
67844,238.0,213.0,130.0,123.0
67845,246.0,87.0,136.0,125.0
67846,224.0,140.0,108.0,119.0
67847,272.0,75.0,150.0,152.0
67848,252.0,96.0,137.0,139.0
67849,236.0,136.0,137.0,125.0
67850,255.0,127.0,144.0,161.0
67851,227.0,139.0,115.0,128.0
67852,253.0,106.0,140.0,139.0
67853,232.0,90.0,132.0,130.0
67854,273.0,270.0,153.0,150.0
67855,266.0,263.0,154.0,162.0
67856,252.0,140.0,128.0,150.0
67857,252.0,221.0,139.0,151.0
67858,245.0,193.0,146.0,128.0
67859,251.0,102.0,135.0,137.0
67860,248.0,94.0,130.0,149.0
67861,255.0,101.0,135.0,137.0
67862,245.0,67.0,133.0,144.0
67863,240.0,117.0,131.0,138.0
67864,241.0,91.0,136.0,142.0
67865,223.0,104.0,119.0,111.0
67866,246.0,205.0,138.0,139.0
67867,251.0,88.0,158.0,142.0
67868,252.0,135.0,134.0,153.0
67869,248.0,104.0,127.0,142.0
67870,244.0,215.0,131.0,144.0
67871,265.0,112.0,144.0,156.0
67872,240.0,93.0,128.0,137.0
67873,257.0,96.0,136.0,152.0
67874,273.0,168.0,155.0,148.0
67875,243.0,120.0,132.0,136.0
67876,245.0,86.0,137.0,140.0
67877,241.0,114.0,126.0,140.0
67878,247.0,94.0,135.0,131.0
67879,247.0,98.0,147.0,133.0
67880,252.0,114.0,137.0,132.0
67881,248.0,199.0,143.0,127.0
67882,242.0,118.0,129.0,137.0
67883,260.0,193.0,145.0,140.0
67884,241.0,195.0,127.0,149.0
67885,236.0,124.0,141.0,133.0
67886,242.0,224.0,133.0,128.0
67887,233.0,82.0,126.0,123.0
67888,248.0,236.0,140.0,141.0
67889,247.0,125.0,147.0,138.0
67890,246.0,65.0,134.0,137.0
67891,259.0,227.0,142.0,159.0
67892,249.0,217.0,140.0,133.0
67893,264.0,78.0,145.0,165.0
67894,242.0,122.0,140.0,147.0
67895,243.0,136.0,141.0,149.0
67896,252.0,129.0,132.0,131.0
67897,226.0,167.0,131.0,139.0
67898,238.0,84.0,127.0,123.0
67899,264.0,130.0,142.0,151.0
67900,249.0,110.0,137.0,141.0
67901,269.0,107.0,141.0,163.0
67902,246.0,89.0,144.0,133.0
67903,249.0,74.0,145.0,139.0
67904,257.0,226.0,143.0,160.0
67905,259.0,62.0,153.0,156.0
67906,242.0,119.0,124.0,123.0
67907,255.0,169.0,149.0,136.0
67908,249.0,231.0,140.0,132.0
67909,245.0,90.0,134.0,128.0
67910,276.0,164.0,144.0,149.0
67911,264.0,264.0,156.0,159.0
67912,236.0,190.0,146.0,137.0
67913,230.0,108.0,136.0,130.0
67914,231.0,160.0,135.0,123.0
67915,249.0,124.0,146.0,143.0
67916,269.0,169.0,148.0,153.0
67917,263.0,131.0,158.0,164.0
67918,260.0,145.0,142.0,139.0
67919,241.0,137.0,131.0,122.0
67920,247.0,77.0,140.0,146.0
67921,251.0,228.0,137.0,140.0
67922,285.0,257.0,160.0,161.0
67923,236.0,78.0,141.0,130.0
67924,239.0,110.0,144.0,134.0
67925,269.0,117.0,170.0,147.0
67926,236.0,89.0,126.0,137.0
67927,252.0,104.0,158.0,136.0
67928,242.0,93.0,137.0,142.0
67929,275.0,177.0,143.0,156.0
67930,255.0,96.0,143.0,135.0
67931,233.0,151.0,126.0,133.0
67932,228.0,97.0,122.0,118.0
67933,265.0,234.0,158.0,153.0
67934,226.0,157.0,122.0,130.0
67935,258.0,119.0,149.0,131.0
67936,231.0,111.0,127.0,130.0
67937,240.0,235.0,143.0,132.0
67938,225.0,197.0,119.0,135.0
67939,267.0,109.0,151.0,162.0
67940,269.0,95.0,148.0,157.0
67941,244.0,209.0,133.0,133.0
67942,257.0,144.0,150.0,152.0
67943,257.0,252.0,148.0,141.0
67944,245.0,219.0,147.0,141.0
67945,242.0,102.0,135.0,126.0
67946,253.0,123.0,134.0,141.0
67947,211.0,181.0,116.0,111.0
67948,226.0,219.0,127.0,132.0
67949,258.0,119.0,153.0,142.0
67950,241.0,106.0,146.0,135.0
67951,262.0,112.0,147.0,155.0
67952,224.0,203.0,122.0,124.0
67953,231.0,126.0,118.0,125.0
67954,257.0,235.0,149.0,155.0
67955,250.0,87.0,121.0,143.0
67956,263.0,239.0,162.0,155.0
67957,272.0,229.0,154.0,152.0
67958,275.0,137.0,150.0,157.0
67959,264.0,151.0,157.0,157.0
67960,241.0,213.0,140.0,143.0
67961,243.0,236.0,152.0,143.0
67962,261.0,101.0,149.0,164.0
67963,268.0,109.0,151.0,136.0
67964,249.0,66.0,134.0,148.0
67965,277.0,137.0,154.0,154.0
67966,242.0,147.0,141.0,141.0
67967,286.0,144.0,151.0,171.0
67968,243.0,119.0,123.0,142.0
67969,235.0,69.0,127.0,134.0
67970,288.0,137.0,163.0,171.0
67971,234.0,106.0,140.0,140.0
67972,238.0,209.0,135.0,144.0
67973,275.0,112.0,138.0,147.0
67974,273.0,196.0,159.0,159.0
67975,255.0,87.0,149.0,148.0
67976,252.0,214.0,127.0,147.0
67977,243.0,159.0,127.0,138.0
67978,246.0,239.0,135.0,140.0
67979,247.0,114.0,136.0,131.0
67980,261.0,131.0,155.0,151.0
67981,237.0,131.0,142.0,130.0
67982,249.0,215.0,139.0,138.0
67983,237.0,105.0,130.0,137.0
67984,268.0,115.0,144.0,150.0
67985,250.0,176.0,127.0,136.0
67986,259.0,125.0,160.0,145.0
67987,242.0,123.0,136.0,150.0
67988,240.0,95.0,132.0,123.0
67989,259.0,231.0,144.0,124.0
67990,232.0,94.0,133.0,134.0
67991,262.0,128.0,160.0,136.0
67992,257.0,114.0,150.0,154.0
67993,258.0,99.0,135.0,150.0
67994,247.0,125.0,138.0,139.0
67995,247.0,231.0,145.0,137.0
67996,212.0,180.0,110.0,122.0
67997,244.0,157.0,127.0,132.0
67998,256.0,222.0,147.0,155.0
67999,280.0,122.0,133.0,158.0
68000,255.0,120.0,156.0,126.0
68001,230.0,174.0,135.0,128.0
68002,260.0,237.0,166.0,143.0
68003,248.0,225.0,145.0,150.0
68004,251.0,115.0,145.0,135.0
68005,228.0,69.0,125.0,139.0
68006,234.0,104.0,118.0,124.0
68007,248.0,94.0,138.0,138.0
68008,233.0,121.0,143.0,142.0
68009,225.0,77.0,128.0,117.0
68010,246.0,116.0,143.0,140.0
68011,241.0,200.0,131.0,129.0
68012,255.0,180.0,121.0,152.0
68013,236.0,93.0,128.0,119.0
68014,241.0,128.0,129.0,134.0
68015,272.0,98.0,148.0,143.0
68016,245.0,147.0,131.0,140.0
68017,240.0,150.0,120.0,130.0
68018,247.0,55.0,141.0,134.0
68019,269.0,170.0,150.0,146.0
68020,268.0,234.0,145.0,150.0
68021,224.0,101.0,135.0,131.0
68022,236.0,83.0,134.0,138.0
68023,255.0,126.0,141.0,145.0
68024,236.0,161.0,117.0,136.0
68025,256.0,76.0,159.0,151.0
68026,248.0,148.0,139.0,130.0
68027,239.0,169.0,159.0,128.0
68028,246.0,136.0,150.0,137.0
68029,275.0,273.0,161.0,152.0
68030,225.0,113.0,135.0,126.0
68031,266.0,222.0,133.0,154.0
68032,254.0,84.0,130.0,143.0
68033,233.0,128.0,131.0,131.0
68034,277.0,124.0,160.0,155.0
68035,247.0,117.0,139.0,147.0
68036,251.0,100.0,146.0,134.0
68037,247.0,94.0,143.0,138.0
68038,256.0,152.0,144.0,146.0
68039,240.0,216.0,134.0,133.0
68040,259.0,110.0,135.0,145.0
68041,258.0,220.0,144.0,157.0
68042,283.0,113.0,169.0,166.0
68043,236.0,109.0,115.0,133.0
68044,237.0,89.0,141.0,150.0
68045,253.0,105.0,136.0,135.0
68046,249.0,78.0,141.0,133.0
68047,257.0,181.0,133.0,156.0
68048,250.0,120.0,145.0,154.0
68049,224.0,52.0,129.0,125.0
68050,237.0,142.0,136.0,135.0
68051,250.0,62.0,142.0,140.0
68052,260.0,125.0,140.0,145.0
68053,240.0,209.0,137.0,152.0
68054,233.0,196.0,144.0,119.0
68055,253.0,118.0,140.0,133.0
68056,237.0,124.0,137.0,137.0
68057,242.0,111.0,120.0,148.0
68058,249.0,82.0,139.0,146.0
68059,256.0,82.0,134.0,149.0
68060,236.0,108.0,133.0,142.0
68061,236.0,161.0,139.0,141.0
68062,251.0,69.0,157.0,141.0
68063,227.0,78.0,124.0,109.0
68064,259.0,120.0,134.0,142.0
68065,251.0,217.0,137.0,150.0
68066,239.0,71.0,136.0,137.0
68067,242.0,151.0,147.0,136.0
68068,250.0,211.0,146.0,160.0
68069,249.0,139.0,137.0,156.0
68070,285.0,132.0,156.0,172.0
68071,236.0,76.0,125.0,125.0
68072,270.0,133.0,149.0,159.0
68073,229.0,84.0,122.0,129.0
68074,254.0,155.0,142.0,146.0
68075,254.0,91.0,141.0,153.0
68076,238.0,106.0,149.0,119.0
68077,243.0,218.0,124.0,140.0
68078,260.0,97.0,145.0,141.0
68079,260.0,105.0,133.0,148.0
68080,247.0,215.0,136.0,146.0
68081,265.0,111.0,143.0,149.0
68082,244.0,116.0,135.0,142.0
68083,235.0,64.0,143.0,126.0
68084,243.0,96.0,134.0,140.0
68085,250.0,86.0,140.0,144.0
68086,268.0,111.0,141.0,140.0
68087,250.0,244.0,146.0,153.0
68088,252.0,123.0,139.0,150.0
68089,245.0,146.0,140.0,147.0
68090,245.0,217.0,129.0,132.0
68091,240.0,66.0,130.0,149.0
68092,234.0,230.0,129.0,123.0
68093,237.0,119.0,123.0,137.0
68094,257.0,230.0,139.0,142.0
68095,237.0,107.0,119.0,128.0
68096,256.0,228.0,125.0,139.0
68097,232.0,105.0,134.0,139.0
68098,241.0,137.0,128.0,142.0
68099,249.0,117.0,146.0,150.0
68100,238.0,138.0,121.0,125.0
68101,237.0,232.0,136.0,144.0
68102,243.0,54.0,142.0,123.0
68103,253.0,212.0,154.0,132.0
68104,255.0,146.0,145.0,144.0
68105,233.0,102.0,140.0,130.0
68106,243.0,85.0,137.0,128.0
68107,247.0,88.0,142.0,137.0
68108,238.0,129.0,138.0,154.0
68109,228.0,127.0,135.0,123.0
68110,251.0,159.0,130.0,138.0
68111,276.0,119.0,164.0,152.0
68112,266.0,145.0,141.0,157.0
68113,249.0,79.0,138.0,143.0
68114,249.0,149.0,128.0,136.0
68115,257.0,115.0,142.0,135.0
68116,271.0,113.0,152.0,146.0
68117,265.0,113.0,148.0,152.0
68118,249.0,140.0,136.0,125.0
68119,259.0,86.0,131.0,146.0
68120,256.0,216.0,144.0,145.0
68121,252.0,200.0,140.0,147.0
68122,244.0,196.0,124.0,142.0
68123,248.0,104.0,151.0,143.0
68124,218.0,80.0,127.0,136.0
68125,247.0,109.0,146.0,146.0
68126,263.0,109.0,139.0,146.0
68127,255.0,78.0,156.0,144.0
68128,252.0,209.0,128.0,153.0
68129,266.0,158.0,158.0,142.0
68130,260.0,141.0,159.0,138.0
68131,246.0,100.0,136.0,145.0
68132,245.0,101.0,127.0,138.0
68133,262.0,115.0,148.0,143.0
68134,278.0,119.0,150.0,149.0
68135,262.0,81.0,129.0,147.0
68136,247.0,143.0,132.0,140.0
68137,254.0,178.0,157.0,139.0
68138,238.0,113.0,129.0,132.0
68139,262.0,101.0,130.0,145.0
68140,248.0,101.0,137.0,130.0
68141,235.0,95.0,125.0,131.0
68142,269.0,121.0,141.0,147.0
68143,259.0,81.0,133.0,150.0
68144,245.0,69.0,132.0,156.0
68145,251.0,65.0,139.0,136.0
68146,269.0,82.0,152.0,147.0
68147,273.0,180.0,150.0,155.0
68148,253.0,82.0,156.0,156.0
68149,232.0,98.0,138.0,131.0
68150,268.0,98.0,156.0,155.0
68151,213.0,128.0,131.0,109.0
68152,240.0,148.0,124.0,142.0
68153,250.0,104.0,139.0,136.0
68154,259.0,253.0,139.0,152.0
68155,261.0,114.0,153.0,147.0
68156,242.0,208.0,131.0,145.0
68157,250.0,46.0,129.0,127.0
68158,250.0,114.0,137.0,138.0
68159,238.0,131.0,141.0,130.0
68160,245.0,142.0,146.0,148.0
68161,228.0,103.0,136.0,133.0
68162,248.0,59.0,125.0,141.0
68163,234.0,76.0,124.0,132.0
68164,245.0,133.0,131.0,132.0
68165,257.0,224.0,145.0,139.0
68166,257.0,163.0,159.0,129.0
68167,230.0,195.0,107.0,122.0
68168,237.0,101.0,125.0,137.0
68169,253.0,215.0,153.0,156.0
68170,266.0,228.0,145.0,150.0
68171,243.0,70.0,130.0,129.0
68172,259.0,95.0,139.0,123.0
68173,244.0,90.0,143.0,133.0
68174,212.0,92.0,121.0,120.0
68175,237.0,113.0,148.0,136.0
68176,225.0,130.0,121.0,125.0
68177,252.0,131.0,138.0,143.0
68178,263.0,85.0,149.0,146.0
68179,269.0,104.0,153.0,154.0
68180,246.0,143.0,150.0,136.0
68181,270.0,125.0,150.0,159.0
68182,252.0,103.0,140.0,142.0
68183,253.0,157.0,141.0,146.0
68184,239.0,118.0,134.0,132.0
68185,257.0,107.0,143.0,146.0
68186,265.0,104.0,176.0,147.0
68187,208.0,102.0,105.0,119.0
68188,221.0,68.0,126.0,129.0
68189,252.0,81.0,145.0,130.0
68190,262.0,138.0,161.0,150.0
68191,246.0,121.0,143.0,142.0
68192,237.0,119.0,147.0,134.0
68193,264.0,159.0,153.0,161.0
68194,250.0,107.0,139.0,139.0
68195,244.0,97.0,137.0,145.0
68196,256.0,214.0,139.0,136.0
68197,246.0,144.0,132.0,132.0
68198,237.0,104.0,135.0,141.0
68199,262.0,75.0,147.0,132.0
68200,260.0,128.0,150.0,153.0
68201,249.0,204.0,135.0,142.0
68202,270.0,239.0,166.0,146.0
68203,255.0,129.0,136.0,130.0
68204,239.0,129.0,122.0,128.0
68205,266.0,104.0,147.0,142.0
68206,229.0,73.0,134.0,123.0
68207,240.0,122.0,136.0,114.0
68208,266.0,74.0,132.0,139.0
68209,274.0,108.0,147.0,150.0
68210,240.0,110.0,136.0,146.0
68211,254.0,103.0,151.0,142.0
68212,272.0,120.0,161.0,153.0
68213,257.0,222.0,147.0,144.0
68214,256.0,221.0,134.0,149.0
68215,232.0,78.0,133.0,137.0
68216,257.0,58.0,153.0,157.0
68217,247.0,82.0,127.0,145.0
68218,246.0,197.0,153.0,142.0
68219,248.0,177.0,135.0,152.0
68220,254.0,175.0,127.0,136.0
68221,241.0,230.0,135.0,140.0
68222,278.0,99.0,159.0,162.0
68223,252.0,117.0,150.0,131.0
68224,256.0,99.0,147.0,148.0
68225,243.0,157.0,133.0,127.0
68226,243.0,118.0,126.0,153.0
68227,260.0,130.0,131.0,153.0
68228,250.0,121.0,142.0,139.0
68229,248.0,219.0,122.0,155.0
68230,268.0,100.0,143.0,137.0
68231,225.0,86.0,123.0,119.0
68232,236.0,142.0,138.0,143.0
68233,268.0,128.0,161.0,145.0
68234,278.0,145.0,154.0,160.0
68235,259.0,140.0,152.0,137.0
68236,249.0,99.0,139.0,156.0
68237,246.0,118.0,148.0,148.0
68238,243.0,139.0,144.0,136.0
68239,238.0,95.0,139.0,128.0
68240,260.0,220.0,147.0,140.0
68241,254.0,137.0,142.0,152.0
68242,241.0,139.0,134.0,131.0
68243,283.0,139.0,157.0,164.0
68244,241.0,94.0,136.0,136.0
68245,240.0,109.0,122.0,133.0
68246,240.0,104.0,127.0,139.0
68247,264.0,125.0,157.0,153.0
68248,242.0,79.0,145.0,134.0
68249,256.0,135.0,151.0,136.0
68250,256.0,86.0,154.0,149.0
68251,251.0,176.0,145.0,135.0
68252,247.0,203.0,143.0,138.0
68253,245.0,132.0,129.0,146.0
68254,254.0,208.0,140.0,129.0
68255,225.0,121.0,140.0,114.0
68256,249.0,126.0,129.0,143.0
68257,245.0,196.0,139.0,124.0
68258,237.0,93.0,139.0,127.0
68259,270.0,173.0,148.0,150.0
68260,269.0,129.0,148.0,156.0
68261,254.0,126.0,136.0,137.0
68262,260.0,125.0,141.0,153.0
68263,230.0,122.0,135.0,108.0
68264,252.0,120.0,138.0,146.0
68265,282.0,173.0,158.0,148.0
68266,266.0,207.0,175.0,155.0
68267,236.0,99.0,150.0,132.0
68268,246.0,61.0,135.0,136.0
68269,231.0,77.0,131.0,136.0
68270,260.0,112.0,145.0,155.0
68271,256.0,119.0,138.0,155.0
68272,237.0,132.0,118.0,130.0
68273,243.0,120.0,134.0,136.0
68274,259.0,114.0,156.0,153.0
68275,238.0,103.0,146.0,140.0
68276,242.0,209.0,139.0,142.0
68277,231.0,139.0,125.0,125.0
68278,251.0,86.0,122.0,141.0
68279,282.0,160.0,166.0,149.0
68280,227.0,132.0,134.0,129.0
68281,239.0,92.0,126.0,136.0
68282,251.0,141.0,146.0,142.0
68283,232.0,185.0,138.0,140.0
68284,260.0,160.0,153.0,144.0
68285,267.0,138.0,136.0,151.0
68286,260.0,107.0,144.0,155.0
68287,245.0,135.0,140.0,139.0
68288,224.0,90.0,119.0,135.0
68289,262.0,65.0,139.0,151.0
68290,256.0,216.0,141.0,163.0
68291,235.0,234.0,131.0,145.0
68292,301.0,268.0,158.0,170.0
68293,235.0,202.0,125.0,128.0
68294,232.0,232.0,134.0,137.0
68295,248.0,217.0,145.0,153.0
68296,240.0,89.0,123.0,131.0
68297,240.0,117.0,137.0,131.0
68298,236.0,108.0,141.0,138.0
68299,258.0,142.0,144.0,133.0
68300,246.0,165.0,140.0,124.0
68301,245.0,70.0,130.0,148.0
68302,269.0,125.0,137.0,154.0
68303,255.0,183.0,149.0,138.0
68304,256.0,108.0,142.0,148.0
68305,246.0,124.0,146.0,134.0
68306,243.0,68.0,140.0,129.0
68307,247.0,205.0,125.0,137.0
68308,244.0,136.0,134.0,141.0
68309,253.0,110.0,149.0,137.0
68310,246.0,199.0,114.0,153.0
68311,250.0,133.0,152.0,137.0
68312,262.0,108.0,149.0,142.0
68313,242.0,116.0,134.0,128.0
68314,252.0,101.0,145.0,148.0
68315,240.0,105.0,140.0,139.0
68316,243.0,119.0,137.0,146.0
68317,255.0,121.0,143.0,152.0
68318,273.0,249.0,157.0,153.0
68319,237.0,206.0,135.0,134.0
68320,240.0,104.0,148.0,136.0
68321,258.0,151.0,128.0,148.0
68322,243.0,186.0,130.0,144.0
68323,249.0,113.0,135.0,147.0
68324,226.0,189.0,124.0,130.0
68325,258.0,130.0,150.0,148.0
68326,264.0,122.0,125.0,147.0
68327,227.0,200.0,126.0,134.0
68328,249.0,124.0,132.0,137.0
68329,248.0,100.0,141.0,141.0
68330,256.0,170.0,128.0,143.0
68331,265.0,174.0,144.0,151.0
68332,251.0,244.0,153.0,137.0
68333,232.0,90.0,124.0,132.0
68334,241.0,218.0,143.0,144.0
68335,249.0,85.0,131.0,148.0
68336,260.0,171.0,141.0,140.0
68337,277.0,160.0,153.0,161.0
68338,232.0,95.0,129.0,130.0
68339,259.0,59.0,143.0,141.0
68340,214.0,84.0,106.0,130.0
68341,268.0,263.0,146.0,153.0
68342,251.0,122.0,131.0,143.0
68343,240.0,237.0,125.0,142.0
68344,269.0,266.0,144.0,164.0
68345,241.0,193.0,140.0,129.0
68346,262.0,226.0,141.0,153.0
68347,247.0,112.0,138.0,152.0
68348,266.0,233.0,145.0,140.0
68349,252.0,218.0,135.0,142.0
68350,262.0,118.0,158.0,151.0
68351,244.0,141.0,132.0,139.0
68352,254.0,125.0,145.0,142.0
68353,251.0,84.0,145.0,146.0
68354,249.0,98.0,125.0,145.0
68355,231.0,117.0,133.0,132.0
68356,245.0,212.0,135.0,133.0
68357,247.0,216.0,137.0,122.0
68358,281.0,116.0,160.0,164.0
68359,255.0,105.0,147.0,138.0
68360,265.0,187.0,161.0,148.0
68361,261.0,108.0,146.0,163.0
68362,254.0,169.0,159.0,155.0
68363,250.0,136.0,133.0,129.0
68364,275.0,171.0,172.0,154.0
68365,266.0,243.0,143.0,165.0
68366,262.0,111.0,170.0,148.0
68367,271.0,86.0,154.0,149.0
68368,254.0,156.0,141.0,141.0
68369,266.0,172.0,135.0,145.0
68370,265.0,127.0,141.0,139.0
68371,245.0,244.0,142.0,146.0
68372,259.0,92.0,133.0,147.0
68373,234.0,210.0,132.0,126.0
68374,254.0,249.0,148.0,153.0
68375,265.0,84.0,146.0,154.0
68376,261.0,92.0,140.0,153.0
68377,261.0,237.0,140.0,138.0
68378,243.0,196.0,126.0,146.0
68379,254.0,209.0,141.0,142.0
68380,252.0,70.0,134.0,134.0
68381,243.0,123.0,134.0,141.0
68382,269.0,228.0,144.0,150.0
68383,252.0,85.0,148.0,132.0
68384,253.0,213.0,145.0,145.0
68385,250.0,224.0,141.0,147.0
68386,230.0,111.0,118.0,115.0
68387,244.0,170.0,142.0,138.0
68388,266.0,233.0,149.0,138.0
68389,257.0,125.0,143.0,146.0
68390,242.0,144.0,135.0,142.0
68391,254.0,122.0,149.0,144.0
68392,243.0,106.0,141.0,120.0
68393,247.0,144.0,127.0,130.0
68394,271.0,138.0,144.0,150.0
68395,254.0,217.0,147.0,148.0
68396,265.0,157.0,130.0,148.0
68397,250.0,105.0,140.0,130.0
68398,246.0,108.0,147.0,139.0
68399,281.0,101.0,156.0,164.0
68400,256.0,88.0,156.0,151.0
68401,238.0,93.0,130.0,122.0
68402,268.0,89.0,154.0,161.0
68403,264.0,153.0,162.0,150.0
68404,239.0,100.0,147.0,142.0
68405,239.0,128.0,132.0,136.0
68406,239.0,206.0,146.0,140.0
68407,227.0,118.0,113.0,121.0
68408,270.0,101.0,151.0,156.0
68409,259.0,218.0,141.0,168.0
68410,257.0,130.0,148.0,146.0
68411,269.0,225.0,147.0,146.0
68412,257.0,109.0,150.0,136.0
68413,250.0,107.0,135.0,152.0
68414,264.0,176.0,151.0,148.0
68415,227.0,112.0,135.0,127.0
68416,239.0,199.0,153.0,137.0
68417,255.0,213.0,147.0,142.0
68418,251.0,212.0,136.0,133.0
68419,247.0,98.0,146.0,146.0
68420,240.0,93.0,142.0,140.0
68421,241.0,118.0,136.0,131.0
68422,259.0,85.0,161.0,157.0
68423,284.0,102.0,172.0,164.0
68424,254.0,79.0,149.0,151.0
68425,244.0,203.0,136.0,140.0
68426,265.0,149.0,156.0,151.0
68427,266.0,169.0,137.0,149.0
68428,256.0,91.0,148.0,147.0
68429,244.0,204.0,134.0,141.0
68430,246.0,90.0,135.0,123.0
68431,243.0,220.0,141.0,127.0
68432,256.0,224.0,145.0,134.0
68433,263.0,89.0,163.0,144.0
68434,244.0,131.0,140.0,134.0
68435,244.0,88.0,147.0,133.0
68436,253.0,105.0,131.0,148.0
68437,255.0,78.0,135.0,132.0
68438,228.0,124.0,138.0,140.0
68439,249.0,116.0,149.0,134.0
68440,254.0,107.0,121.0,151.0
68441,251.0,105.0,138.0,140.0
68442,258.0,60.0,132.0,131.0
68443,265.0,111.0,150.0,151.0
68444,289.0,119.0,166.0,160.0
68445,245.0,214.0,128.0,138.0
68446,244.0,131.0,146.0,133.0
68447,246.0,217.0,134.0,149.0
68448,243.0,206.0,135.0,134.0
68449,284.0,145.0,138.0,153.0
68450,258.0,88.0,145.0,138.0
68451,261.0,109.0,151.0,167.0
68452,289.0,135.0,154.0,158.0
68453,252.0,130.0,141.0,131.0
68454,247.0,129.0,142.0,149.0
68455,261.0,104.0,147.0,149.0
68456,290.0,109.0,163.0,164.0
68457,255.0,230.0,136.0,134.0
68458,254.0,145.0,145.0,137.0
68459,250.0,123.0,148.0,130.0
68460,252.0,93.0,126.0,156.0
68461,250.0,98.0,154.0,145.0
68462,260.0,99.0,139.0,136.0
68463,236.0,110.0,144.0,138.0
68464,253.0,120.0,149.0,129.0
68465,259.0,124.0,141.0,155.0
68466,217.0,108.0,119.0,135.0
68467,261.0,84.0,156.0,149.0
68468,244.0,103.0,131.0,132.0
68469,232.0,206.0,113.0,127.0
68470,236.0,75.0,135.0,135.0
68471,253.0,78.0,140.0,155.0
68472,239.0,81.0,145.0,129.0
68473,261.0,192.0,154.0,161.0
68474,252.0,81.0,140.0,143.0
68475,244.0,92.0,142.0,126.0
68476,254.0,56.0,156.0,139.0
68477,249.0,137.0,124.0,139.0
68478,234.0,207.0,142.0,146.0
68479,244.0,240.0,145.0,168.0
68480,241.0,91.0,125.0,128.0
68481,234.0,196.0,125.0,128.0
68482,232.0,92.0,130.0,120.0
68483,244.0,103.0,142.0,149.0
68484,231.0,111.0,125.0,125.0
68485,275.0,88.0,149.0,156.0
68486,249.0,125.0,138.0,119.0
68487,235.0,108.0,117.0,117.0
68488,245.0,203.0,124.0,152.0
68489,233.0,165.0,129.0,141.0
68490,235.0,91.0,124.0,138.0
68491,243.0,80.0,146.0,142.0
68492,257.0,119.0,135.0,155.0
68493,224.0,80.0,129.0,120.0
68494,244.0,155.0,147.0,137.0
68495,248.0,95.0,134.0,133.0
68496,247.0,110.0,140.0,148.0
68497,267.0,227.0,164.0,149.0
68498,222.0,90.0,130.0,126.0
68499,261.0,147.0,140.0,151.0
68500,274.0,168.0,155.0,154.0
68501,242.0,91.0,140.0,138.0
68502,257.0,154.0,137.0,136.0
68503,263.0,156.0,152.0,148.0
68504,237.0,81.0,134.0,129.0
68505,254.0,225.0,132.0,137.0
68506,222.0,115.0,105.0,131.0
68507,270.0,238.0,153.0,143.0
68508,269.0,109.0,167.0,149.0
68509,260.0,97.0,145.0,143.0
68510,258.0,125.0,158.0,140.0
68511,242.0,110.0,142.0,137.0
68512,248.0,69.0,151.0,135.0
68513,261.0,225.0,149.0,142.0
68514,230.0,201.0,137.0,127.0
68515,222.0,198.0,137.0,136.0
68516,251.0,152.0,154.0,139.0
68517,268.0,96.0,149.0,167.0
68518,247.0,51.0,120.0,151.0
68519,265.0,87.0,144.0,149.0
68520,254.0,62.0,142.0,151.0
68521,242.0,125.0,134.0,130.0
68522,235.0,204.0,122.0,135.0
68523,264.0,130.0,162.0,158.0
68524,255.0,231.0,142.0,148.0
68525,244.0,234.0,139.0,160.0
68526,252.0,147.0,143.0,141.0
68527,247.0,107.0,131.0,153.0
68528,250.0,114.0,144.0,130.0
68529,258.0,110.0,163.0,157.0
68530,242.0,98.0,128.0,137.0
68531,274.0,137.0,170.0,159.0
68532,236.0,201.0,127.0,138.0
68533,269.0,141.0,137.0,141.0
68534,269.0,55.0,153.0,141.0
68535,256.0,217.0,145.0,141.0
68536,231.0,214.0,127.0,123.0
68537,267.0,241.0,143.0,139.0
68538,231.0,82.0,136.0,123.0
68539,263.0,140.0,139.0,146.0
68540,260.0,105.0,136.0,144.0
68541,250.0,102.0,146.0,138.0
68542,267.0,144.0,150.0,138.0
68543,241.0,109.0,127.0,138.0
68544,252.0,92.0,148.0,134.0
68545,221.0,73.0,109.0,125.0
68546,257.0,100.0,142.0,136.0
68547,239.0,58.0,136.0,137.0
68548,254.0,217.0,137.0,144.0
68549,262.0,132.0,169.0,155.0
68550,283.0,283.0,174.0,158.0
68551,237.0,189.0,151.0,115.0
68552,249.0,84.0,146.0,153.0
68553,239.0,111.0,130.0,130.0
68554,255.0,110.0,148.0,143.0
68555,267.0,109.0,147.0,152.0
68556,253.0,252.0,140.0,155.0
68557,245.0,244.0,131.0,142.0
68558,253.0,137.0,141.0,143.0
68559,254.0,99.0,140.0,145.0
68560,265.0,258.0,150.0,148.0
68561,227.0,83.0,130.0,129.0
68562,254.0,89.0,141.0,138.0
68563,254.0,135.0,163.0,150.0
68564,244.0,215.0,137.0,134.0
68565,257.0,92.0,136.0,149.0
68566,263.0,138.0,124.0,140.0
68567,238.0,96.0,121.0,135.0
68568,251.0,110.0,134.0,123.0
68569,234.0,115.0,132.0,142.0
68570,227.0,190.0,127.0,144.0
68571,254.0,206.0,146.0,147.0
68572,235.0,212.0,136.0,122.0
68573,254.0,87.0,140.0,162.0
68574,232.0,196.0,128.0,123.0
68575,247.0,213.0,147.0,133.0
68576,265.0,138.0,153.0,159.0
68577,272.0,215.0,147.0,159.0
68578,255.0,166.0,146.0,136.0
68579,275.0,127.0,157.0,137.0
68580,260.0,120.0,165.0,136.0
68581,253.0,220.0,124.0,146.0
68582,241.0,86.0,133.0,148.0
68583,254.0,98.0,135.0,138.0
68584,262.0,95.0,140.0,146.0
68585,240.0,217.0,151.0,136.0
68586,260.0,170.0,142.0,141.0
68587,261.0,94.0,142.0,140.0
68588,239.0,202.0,146.0,134.0
68589,233.0,163.0,131.0,131.0
68590,237.0,203.0,143.0,133.0
68591,230.0,70.0,112.0,127.0
68592,259.0,73.0,144.0,153.0
68593,253.0,140.0,147.0,140.0
68594,244.0,201.0,130.0,144.0
68595,227.0,139.0,118.0,133.0
68596,261.0,224.0,152.0,142.0
68597,256.0,227.0,142.0,152.0
68598,258.0,251.0,127.0,138.0
68599,239.0,195.0,134.0,135.0
68600,260.0,126.0,151.0,153.0
68601,246.0,222.0,144.0,150.0
68602,250.0,196.0,157.0,135.0
68603,232.0,104.0,127.0,134.0
68604,218.0,88.0,112.0,125.0
68605,229.0,137.0,118.0,122.0
68606,242.0,164.0,143.0,134.0
68607,232.0,191.0,141.0,128.0
68608,251.0,123.0,142.0,145.0
68609,226.0,89.0,130.0,121.0
68610,250.0,119.0,139.0,135.0
68611,259.0,162.0,143.0,153.0
68612,240.0,196.0,126.0,126.0
68613,248.0,74.0,149.0,147.0
68614,256.0,87.0,145.0,152.0
68615,232.0,232.0,125.0,140.0
68616,239.0,233.0,146.0,125.0
68617,261.0,220.0,131.0,159.0
68618,251.0,149.0,140.0,134.0
68619,238.0,76.0,131.0,140.0
68620,249.0,140.0,144.0,146.0
68621,256.0,151.0,133.0,138.0
68622,249.0,116.0,149.0,153.0
68623,258.0,79.0,142.0,129.0
68624,257.0,118.0,146.0,147.0
68625,260.0,114.0,158.0,143.0
68626,242.0,201.0,123.0,133.0
68627,256.0,172.0,137.0,139.0
68628,253.0,98.0,134.0,139.0
68629,252.0,144.0,142.0,137.0
68630,273.0,105.0,142.0,164.0
68631,255.0,145.0,147.0,133.0
68632,259.0,157.0,133.0,146.0
68633,273.0,238.0,149.0,147.0
68634,245.0,105.0,146.0,128.0
68635,263.0,237.0,162.0,159.0
68636,237.0,70.0,110.0,145.0
68637,285.0,126.0,162.0,155.0
68638,262.0,148.0,158.0,147.0
68639,247.0,101.0,141.0,141.0
68640,264.0,163.0,153.0,157.0
68641,269.0,118.0,150.0,143.0
68642,267.0,120.0,148.0,149.0
68643,233.0,106.0,126.0,126.0
68644,226.0,193.0,146.0,125.0
68645,249.0,153.0,138.0,135.0
68646,249.0,79.0,137.0,139.0
68647,247.0,170.0,144.0,131.0
68648,247.0,94.0,131.0,135.0
68649,256.0,206.0,148.0,141.0
68650,232.0,211.0,126.0,143.0
68651,272.0,251.0,161.0,145.0
68652,248.0,99.0,151.0,126.0
68653,261.0,121.0,140.0,152.0
68654,289.0,189.0,147.0,163.0
68655,242.0,113.0,131.0,144.0
68656,235.0,69.0,126.0,139.0
68657,259.0,148.0,164.0,156.0
68658,243.0,154.0,128.0,143.0
68659,236.0,86.0,134.0,142.0
68660,254.0,146.0,143.0,146.0
68661,242.0,106.0,139.0,142.0
68662,243.0,73.0,140.0,137.0
68663,261.0,64.0,147.0,159.0
68664,259.0,232.0,140.0,136.0
68665,258.0,139.0,147.0,143.0
68666,245.0,139.0,129.0,148.0
68667,252.0,100.0,145.0,152.0
68668,241.0,203.0,136.0,115.0
68669,263.0,225.0,144.0,145.0
68670,259.0,181.0,147.0,147.0
68671,294.0,177.0,153.0,163.0
68672,255.0,144.0,142.0,148.0
68673,267.0,215.0,148.0,165.0
68674,263.0,82.0,157.0,161.0
68675,260.0,121.0,140.0,147.0
68676,237.0,142.0,151.0,141.0
68677,241.0,97.0,132.0,137.0
68678,231.0,89.0,137.0,116.0
68679,267.0,116.0,156.0,141.0
68680,242.0,237.0,132.0,143.0
68681,253.0,248.0,137.0,152.0
68682,225.0,85.0,125.0,143.0
68683,249.0,219.0,152.0,128.0
68684,260.0,225.0,147.0,149.0
68685,222.0,80.0,114.0,120.0
68686,263.0,112.0,147.0,141.0
68687,240.0,219.0,131.0,134.0
68688,267.0,145.0,163.0,148.0
68689,245.0,114.0,145.0,145.0
68690,261.0,95.0,138.0,134.0
68691,239.0,110.0,139.0,146.0
68692,225.0,155.0,115.0,113.0
68693,252.0,204.0,139.0,140.0
68694,260.0,130.0,165.0,139.0
68695,246.0,104.0,134.0,137.0
68696,265.0,141.0,161.0,145.0
68697,246.0,104.0,136.0,127.0
68698,247.0,210.0,157.0,136.0
68699,255.0,99.0,147.0,146.0
68700,258.0,220.0,141.0,148.0
68701,248.0,159.0,129.0,132.0
68702,228.0,193.0,128.0,121.0
68703,223.0,113.0,122.0,127.0
68704,258.0,83.0,139.0,151.0
68705,238.0,210.0,124.0,129.0
68706,256.0,127.0,134.0,142.0
68707,219.0,60.0,136.0,140.0
68708,234.0,211.0,123.0,126.0
68709,246.0,106.0,134.0,129.0
68710,271.0,192.0,148.0,151.0
68711,251.0,210.0,150.0,132.0
68712,247.0,140.0,160.0,130.0
68713,247.0,111.0,126.0,128.0
68714,237.0,76.0,143.0,131.0
68715,266.0,116.0,160.0,150.0
68716,244.0,87.0,118.0,134.0
68717,246.0,212.0,144.0,140.0
68718,254.0,141.0,143.0,124.0
68719,240.0,96.0,133.0,141.0
68720,244.0,134.0,143.0,153.0
68721,238.0,98.0,117.0,142.0
68722,226.0,119.0,134.0,129.0
68723,255.0,109.0,124.0,161.0
68724,265.0,245.0,148.0,147.0
68725,260.0,88.0,153.0,137.0
68726,249.0,208.0,140.0,139.0
68727,265.0,257.0,148.0,154.0
68728,247.0,133.0,132.0,130.0
68729,232.0,94.0,125.0,125.0
68730,260.0,126.0,134.0,162.0
68731,248.0,104.0,152.0,133.0
68732,260.0,116.0,143.0,132.0
68733,243.0,149.0,138.0,142.0
68734,222.0,71.0,126.0,142.0
68735,259.0,64.0,152.0,151.0
68736,227.0,104.0,135.0,131.0
68737,236.0,190.0,128.0,136.0
68738,269.0,143.0,149.0,169.0
68739,258.0,218.0,159.0,131.0
68740,252.0,231.0,134.0,139.0
68741,252.0,224.0,150.0,146.0
68742,255.0,119.0,154.0,155.0
68743,243.0,111.0,143.0,137.0
68744,283.0,137.0,160.0,187.0
68745,226.0,187.0,118.0,116.0
68746,225.0,154.0,142.0,128.0
68747,250.0,150.0,143.0,141.0
68748,254.0,103.0,133.0,146.0
68749,246.0,74.0,138.0,129.0
68750,252.0,99.0,149.0,131.0
68751,243.0,210.0,141.0,141.0
68752,236.0,135.0,138.0,121.0
68753,250.0,112.0,142.0,152.0
68754,239.0,206.0,126.0,128.0
68755,246.0,124.0,122.0,126.0
68756,274.0,121.0,148.0,162.0
68757,254.0,104.0,145.0,140.0
68758,265.0,117.0,155.0,152.0
68759,269.0,266.0,154.0,158.0
68760,266.0,121.0,148.0,171.0
68761,263.0,118.0,138.0,146.0
68762,269.0,144.0,140.0,147.0
68763,276.0,239.0,168.0,145.0
68764,219.0,68.0,134.0,122.0
68765,245.0,121.0,127.0,131.0
68766,253.0,76.0,125.0,132.0
68767,252.0,130.0,156.0,149.0
68768,252.0,171.0,119.0,149.0
68769,266.0,264.0,150.0,151.0
68770,242.0,90.0,127.0,151.0
68771,237.0,129.0,125.0,134.0
68772,256.0,184.0,131.0,158.0
68773,257.0,221.0,148.0,146.0
68774,268.0,123.0,158.0,150.0
68775,243.0,209.0,136.0,132.0
68776,242.0,206.0,126.0,134.0
68777,241.0,133.0,132.0,128.0
68778,229.0,89.0,124.0,114.0
68779,235.0,116.0,136.0,133.0
68780,276.0,105.0,162.0,176.0
68781,227.0,108.0,131.0,111.0
68782,291.0,127.0,161.0,161.0
68783,266.0,266.0,155.0,155.0
68784,244.0,122.0,151.0,135.0
68785,256.0,201.0,141.0,148.0
68786,244.0,140.0,140.0,131.0
68787,258.0,83.0,133.0,136.0
68788,224.0,189.0,117.0,135.0
68789,241.0,92.0,123.0,132.0
68790,249.0,108.0,130.0,139.0
68791,253.0,240.0,129.0,143.0
68792,250.0,104.0,134.0,143.0
68793,265.0,138.0,151.0,142.0
68794,240.0,97.0,127.0,131.0
68795,268.0,135.0,146.0,144.0
68796,256.0,142.0,142.0,145.0
68797,258.0,187.0,139.0,143.0
68798,245.0,152.0,145.0,138.0
68799,251.0,108.0,140.0,128.0
68800,225.0,90.0,119.0,128.0
68801,239.0,100.0,115.0,133.0
68802,273.0,153.0,162.0,160.0
68803,251.0,94.0,139.0,138.0
68804,241.0,140.0,141.0,136.0
68805,237.0,131.0,135.0,130.0
68806,255.0,131.0,135.0,149.0
68807,263.0,125.0,143.0,143.0
68808,249.0,75.0,132.0,144.0
68809,261.0,117.0,149.0,142.0
68810,248.0,90.0,121.0,120.0
68811,249.0,125.0,132.0,134.0
68812,282.0,115.0,152.0,162.0
68813,241.0,117.0,125.0,142.0
68814,251.0,90.0,133.0,139.0
68815,230.0,99.0,145.0,135.0
68816,243.0,141.0,135.0,143.0
68817,256.0,144.0,135.0,141.0
68818,264.0,144.0,151.0,154.0
68819,257.0,115.0,141.0,145.0
68820,230.0,112.0,119.0,133.0
68821,242.0,242.0,133.0,133.0
68822,267.0,82.0,143.0,153.0
68823,230.0,157.0,120.0,122.0
68824,253.0,224.0,153.0,155.0
68825,268.0,66.0,137.0,157.0
68826,266.0,228.0,151.0,134.0
68827,255.0,165.0,149.0,144.0
68828,261.0,135.0,146.0,151.0
68829,270.0,118.0,152.0,143.0
68830,224.0,72.0,125.0,120.0
68831,251.0,104.0,152.0,147.0
68832,238.0,123.0,140.0,128.0
68833,248.0,126.0,147.0,136.0
68834,241.0,70.0,125.0,135.0
68835,251.0,211.0,146.0,150.0
68836,251.0,105.0,142.0,138.0
68837,252.0,120.0,147.0,130.0
68838,246.0,146.0,140.0,134.0
68839,266.0,101.0,153.0,157.0
68840,278.0,143.0,173.0,153.0
68841,268.0,77.0,126.0,157.0
68842,255.0,98.0,136.0,147.0
68843,252.0,75.0,141.0,137.0
68844,264.0,121.0,149.0,144.0
68845,243.0,200.0,135.0,142.0
68846,275.0,270.0,160.0,152.0
68847,267.0,135.0,143.0,142.0
68848,262.0,230.0,158.0,144.0
68849,247.0,215.0,144.0,129.0
68850,249.0,146.0,141.0,139.0
68851,242.0,115.0,142.0,138.0
68852,268.0,123.0,148.0,153.0
68853,245.0,215.0,141.0,141.0
68854,247.0,96.0,132.0,137.0
68855,258.0,218.0,161.0,133.0
68856,248.0,208.0,137.0,144.0
68857,231.0,192.0,143.0,128.0
68858,246.0,140.0,132.0,138.0
68859,258.0,71.0,134.0,133.0
68860,264.0,173.0,153.0,149.0
68861,262.0,177.0,146.0,138.0
68862,257.0,70.0,152.0,139.0
68863,247.0,208.0,144.0,137.0
68864,247.0,114.0,133.0,133.0
68865,230.0,70.0,132.0,127.0
68866,259.0,226.0,147.0,138.0
68867,242.0,124.0,129.0,129.0
68868,254.0,111.0,168.0,136.0
68869,251.0,76.0,135.0,150.0
68870,247.0,132.0,148.0,134.0
68871,271.0,128.0,151.0,151.0
68872,263.0,123.0,142.0,154.0
68873,244.0,143.0,134.0,147.0
68874,242.0,205.0,134.0,142.0
68875,251.0,230.0,129.0,149.0
68876,256.0,132.0,145.0,146.0
68877,251.0,119.0,144.0,132.0
68878,267.0,153.0,139.0,141.0
68879,268.0,149.0,144.0,154.0
68880,252.0,252.0,147.0,143.0
68881,269.0,123.0,125.0,160.0
68882,255.0,137.0,155.0,127.0
68883,255.0,223.0,135.0,148.0
68884,262.0,118.0,140.0,149.0
68885,247.0,85.0,136.0,133.0
68886,249.0,216.0,155.0,134.0
68887,250.0,215.0,141.0,141.0
68888,245.0,120.0,149.0,146.0
68889,255.0,121.0,137.0,134.0
68890,255.0,83.0,139.0,149.0
68891,234.0,76.0,129.0,133.0
68892,254.0,176.0,148.0,132.0
68893,273.0,121.0,155.0,149.0
68894,249.0,87.0,139.0,143.0
68895,244.0,210.0,137.0,128.0
68896,255.0,101.0,156.0,151.0
68897,245.0,127.0,151.0,128.0
68898,247.0,105.0,138.0,142.0
68899,274.0,193.0,167.0,164.0
68900,248.0,162.0,153.0,150.0
68901,246.0,145.0,140.0,132.0
68902,261.0,127.0,146.0,143.0
68903,253.0,107.0,130.0,131.0
68904,258.0,159.0,144.0,139.0
68905,249.0,162.0,149.0,140.0
68906,227.0,131.0,119.0,110.0
68907,240.0,207.0,136.0,124.0
68908,254.0,224.0,143.0,148.0
68909,260.0,163.0,151.0,155.0
68910,248.0,107.0,136.0,138.0
68911,233.0,204.0,126.0,130.0
68912,248.0,116.0,144.0,146.0
68913,252.0,114.0,140.0,151.0
68914,256.0,122.0,133.0,137.0
68915,267.0,221.0,151.0,143.0
68916,231.0,85.0,143.0,111.0
68917,224.0,120.0,131.0,123.0
68918,261.0,138.0,141.0,153.0
68919,248.0,162.0,138.0,126.0
68920,276.0,106.0,145.0,158.0
68921,250.0,84.0,138.0,137.0
68922,256.0,117.0,145.0,154.0
68923,254.0,93.0,147.0,135.0
68924,267.0,112.0,149.0,166.0
68925,257.0,151.0,139.0,137.0
68926,261.0,120.0,148.0,146.0
68927,238.0,128.0,130.0,126.0
68928,242.0,155.0,141.0,133.0
68929,228.0,80.0,121.0,124.0
68930,257.0,116.0,146.0,145.0
68931,244.0,210.0,127.0,136.0
68932,246.0,120.0,138.0,129.0
68933,242.0,205.0,127.0,144.0
68934,246.0,123.0,141.0,139.0
68935,255.0,115.0,137.0,156.0
68936,255.0,130.0,141.0,141.0
68937,237.0,200.0,131.0,135.0
68938,264.0,85.0,157.0,148.0
68939,253.0,124.0,157.0,133.0
68940,252.0,108.0,131.0,143.0
68941,236.0,228.0,154.0,136.0
68942,247.0,91.0,139.0,139.0
68943,267.0,94.0,138.0,138.0
68944,250.0,107.0,118.0,137.0
68945,264.0,119.0,151.0,144.0
68946,251.0,99.0,152.0,142.0
68947,252.0,144.0,133.0,151.0
68948,245.0,87.0,137.0,139.0
68949,246.0,111.0,132.0,134.0
68950,269.0,118.0,147.0,150.0
68951,247.0,202.0,136.0,143.0
68952,228.0,126.0,130.0,113.0
68953,246.0,99.0,146.0,141.0
68954,233.0,117.0,132.0,128.0
68955,243.0,59.0,135.0,142.0
68956,244.0,104.0,129.0,145.0
68957,256.0,106.0,136.0,142.0
68958,239.0,81.0,117.0,131.0
68959,244.0,111.0,148.0,146.0
68960,243.0,77.0,132.0,125.0
68961,263.0,81.0,149.0,148.0
68962,242.0,80.0,142.0,128.0
68963,254.0,77.0,143.0,150.0
68964,280.0,154.0,167.0,155.0
68965,264.0,230.0,150.0,129.0
68966,226.0,113.0,123.0,128.0
68967,255.0,116.0,139.0,135.0
68968,240.0,108.0,136.0,129.0
68969,242.0,89.0,144.0,137.0
68970,242.0,117.0,138.0,139.0
68971,249.0,117.0,141.0,147.0
68972,272.0,268.0,144.0,149.0
68973,248.0,95.0,125.0,141.0
68974,250.0,149.0,140.0,119.0
68975,241.0,128.0,131.0,123.0
68976,254.0,80.0,156.0,147.0
68977,250.0,117.0,136.0,137.0
68978,254.0,52.0,138.0,140.0
68979,243.0,67.0,144.0,139.0
68980,257.0,163.0,147.0,146.0
68981,263.0,91.0,149.0,158.0
68982,260.0,82.0,158.0,147.0
68983,235.0,119.0,135.0,144.0
68984,254.0,161.0,143.0,146.0
68985,237.0,105.0,123.0,130.0
68986,245.0,115.0,149.0,137.0
68987,225.0,200.0,141.0,135.0
68988,258.0,69.0,147.0,163.0
68989,254.0,95.0,139.0,151.0
68990,272.0,103.0,146.0,149.0
68991,249.0,214.0,136.0,134.0
68992,250.0,214.0,149.0,135.0
68993,249.0,97.0,136.0,139.0
68994,259.0,222.0,160.0,155.0
68995,265.0,230.0,163.0,136.0
68996,254.0,131.0,152.0,159.0
68997,257.0,98.0,143.0,136.0
68998,257.0,97.0,155.0,130.0
68999,227.0,83.0,146.0,113.0
69000,253.0,216.0,135.0,138.0
69001,245.0,75.0,129.0,142.0
69002,263.0,108.0,155.0,157.0
69003,245.0,98.0,123.0,145.0
69004,225.0,193.0,126.0,136.0
69005,281.0,267.0,145.0,155.0
69006,248.0,134.0,134.0,134.0
69007,238.0,90.0,130.0,127.0
69008,245.0,103.0,144.0,136.0
69009,242.0,122.0,135.0,140.0
69010,236.0,124.0,132.0,130.0
69011,270.0,136.0,146.0,148.0
69012,231.0,103.0,126.0,124.0
69013,255.0,126.0,140.0,138.0
69014,261.0,117.0,139.0,142.0
69015,268.0,100.0,162.0,144.0
69016,261.0,120.0,147.0,148.0
69017,250.0,79.0,126.0,133.0
69018,267.0,230.0,166.0,153.0
69019,240.0,203.0,126.0,145.0
69020,241.0,103.0,129.0,142.0
69021,225.0,112.0,111.0,117.0
69022,272.0,122.0,140.0,152.0
69023,253.0,107.0,138.0,147.0
69024,245.0,222.0,136.0,133.0
69025,237.0,199.0,135.0,139.0
69026,258.0,97.0,136.0,151.0
69027,273.0,226.0,175.0,158.0
69028,232.0,107.0,138.0,128.0
69029,234.0,210.0,139.0,117.0
69030,247.0,148.0,137.0,136.0
69031,237.0,89.0,127.0,134.0
69032,267.0,176.0,136.0,158.0
69033,260.0,131.0,144.0,157.0
69034,267.0,97.0,157.0,153.0
69035,276.0,114.0,155.0,147.0
69036,223.0,135.0,122.0,131.0
69037,249.0,137.0,149.0,133.0
69038,242.0,113.0,128.0,144.0
69039,262.0,114.0,156.0,142.0
69040,286.0,115.0,142.0,168.0
69041,248.0,91.0,144.0,147.0
69042,279.0,263.0,155.0,179.0
69043,268.0,237.0,148.0,148.0
69044,249.0,200.0,134.0,146.0
69045,249.0,67.0,134.0,138.0
69046,227.0,179.0,121.0,126.0
69047,235.0,98.0,134.0,119.0
69048,237.0,112.0,134.0,126.0
69049,245.0,132.0,129.0,131.0
69050,222.0,96.0,113.0,127.0
69051,254.0,105.0,131.0,139.0
69052,244.0,95.0,135.0,143.0
69053,261.0,139.0,146.0,140.0
69054,266.0,120.0,154.0,145.0
69055,265.0,153.0,143.0,143.0
69056,263.0,110.0,145.0,159.0
69057,244.0,236.0,153.0,121.0
69058,245.0,124.0,141.0,144.0
69059,226.0,87.0,127.0,132.0
69060,239.0,88.0,145.0,125.0
69061,236.0,93.0,134.0,118.0
69062,236.0,110.0,135.0,130.0
69063,256.0,38.0,137.0,144.0
69064,260.0,185.0,148.0,133.0
69065,251.0,143.0,123.0,142.0
69066,255.0,116.0,146.0,125.0
69067,247.0,68.0,125.0,146.0
69068,255.0,155.0,136.0,160.0
69069,236.0,98.0,124.0,121.0
69070,225.0,82.0,115.0,123.0
69071,230.0,95.0,129.0,138.0
69072,237.0,172.0,136.0,142.0
69073,253.0,143.0,135.0,147.0
69074,250.0,143.0,141.0,135.0
69075,251.0,207.0,141.0,147.0
69076,228.0,87.0,140.0,124.0
69077,257.0,190.0,152.0,153.0
69078,224.0,71.0,105.0,127.0
69079,242.0,201.0,124.0,130.0
69080,246.0,50.0,138.0,138.0
69081,250.0,109.0,149.0,145.0
69082,273.0,129.0,149.0,146.0
69083,274.0,88.0,152.0,161.0
69084,251.0,209.0,138.0,135.0
69085,231.0,204.0,114.0,144.0
69086,218.0,94.0,107.0,129.0
69087,254.0,207.0,147.0,144.0
69088,260.0,117.0,169.0,150.0
69089,267.0,240.0,143.0,148.0
69090,238.0,100.0,134.0,122.0
69091,262.0,89.0,146.0,139.0
69092,256.0,242.0,140.0,149.0
69093,223.0,129.0,133.0,101.0
69094,235.0,87.0,131.0,130.0
69095,252.0,121.0,133.0,160.0
69096,237.0,134.0,117.0,145.0
69097,234.0,61.0,146.0,128.0
69098,227.0,93.0,129.0,132.0
69099,237.0,237.0,139.0,124.0
69100,262.0,225.0,146.0,143.0
69101,255.0,125.0,148.0,138.0
69102,250.0,227.0,137.0,141.0
69103,246.0,146.0,162.0,145.0
69104,252.0,117.0,153.0,134.0
69105,257.0,108.0,136.0,152.0
69106,229.0,159.0,117.0,143.0
69107,261.0,126.0,137.0,141.0
69108,253.0,109.0,149.0,136.0
69109,239.0,210.0,144.0,132.0
69110,239.0,56.0,130.0,137.0
69111,246.0,214.0,136.0,141.0
69112,253.0,128.0,142.0,142.0
69113,250.0,102.0,141.0,138.0
69114,262.0,118.0,138.0,157.0
69115,253.0,218.0,144.0,152.0
69116,281.0,123.0,159.0,163.0
69117,266.0,89.0,151.0,147.0
69118,257.0,227.0,154.0,152.0
69119,256.0,224.0,149.0,148.0
69120,229.0,85.0,121.0,137.0
69121,247.0,113.0,138.0,146.0
69122,234.0,189.0,129.0,145.0
69123,258.0,102.0,147.0,142.0
69124,255.0,112.0,146.0,138.0
69125,258.0,117.0,134.0,162.0
69126,239.0,205.0,152.0,134.0
69127,260.0,218.0,148.0,159.0
69128,236.0,83.0,142.0,117.0
69129,241.0,213.0,132.0,120.0
69130,260.0,86.0,144.0,161.0
69131,248.0,137.0,140.0,143.0
69132,251.0,110.0,143.0,144.0
69133,265.0,256.0,157.0,140.0
69134,234.0,202.0,128.0,120.0
69135,263.0,172.0,154.0,161.0
69136,225.0,186.0,119.0,132.0
69137,253.0,96.0,140.0,157.0
69138,261.0,214.0,151.0,150.0
69139,256.0,254.0,151.0,144.0
69140,246.0,113.0,119.0,144.0
69141,244.0,78.0,145.0,159.0
69142,251.0,109.0,139.0,129.0
69143,246.0,99.0,148.0,127.0
69144,263.0,172.0,142.0,163.0
69145,223.0,183.0,126.0,123.0
69146,252.0,139.0,142.0,151.0
69147,264.0,114.0,151.0,150.0
69148,244.0,141.0,145.0,134.0
69149,245.0,142.0,128.0,137.0
69150,258.0,144.0,136.0,158.0
69151,266.0,94.0,137.0,145.0
69152,220.0,99.0,126.0,124.0
69153,259.0,109.0,151.0,160.0
69154,226.0,83.0,127.0,123.0
69155,233.0,215.0,135.0,121.0
69156,246.0,92.0,134.0,130.0
69157,266.0,229.0,140.0,178.0
69158,228.0,123.0,139.0,136.0
69159,240.0,121.0,133.0,132.0
69160,240.0,68.0,146.0,138.0
69161,280.0,240.0,152.0,151.0
69162,249.0,87.0,147.0,137.0
69163,247.0,169.0,142.0,139.0
69164,262.0,132.0,140.0,147.0
69165,240.0,195.0,147.0,140.0
69166,262.0,229.0,143.0,154.0
69167,246.0,141.0,143.0,163.0
69168,241.0,94.0,128.0,144.0
69169,246.0,198.0,148.0,155.0
69170,248.0,89.0,147.0,144.0
69171,239.0,99.0,128.0,128.0
69172,237.0,105.0,135.0,141.0
69173,259.0,133.0,145.0,141.0
69174,256.0,193.0,135.0,149.0
69175,262.0,184.0,139.0,141.0
69176,241.0,90.0,134.0,142.0
69177,231.0,105.0,114.0,134.0
69178,258.0,59.0,149.0,138.0
69179,249.0,102.0,129.0,151.0
69180,268.0,100.0,161.0,137.0
69181,243.0,241.0,134.0,134.0
69182,259.0,255.0,139.0,143.0
69183,246.0,120.0,137.0,142.0
69184,212.0,99.0,129.0,113.0
69185,222.0,121.0,127.0,120.0
69186,275.0,134.0,158.0,155.0
69187,249.0,82.0,133.0,136.0
69188,253.0,138.0,135.0,137.0
69189,263.0,129.0,157.0,156.0
69190,239.0,117.0,139.0,148.0
69191,266.0,100.0,159.0,149.0
69192,254.0,125.0,164.0,138.0
69193,234.0,199.0,134.0,130.0
69194,253.0,133.0,151.0,142.0
69195,241.0,120.0,131.0,137.0
69196,279.0,209.0,165.0,132.0
69197,264.0,109.0,142.0,131.0
69198,266.0,114.0,133.0,143.0
69199,270.0,129.0,145.0,156.0
69200,260.0,109.0,132.0,129.0
69201,238.0,116.0,147.0,126.0
69202,279.0,148.0,148.0,158.0
69203,250.0,95.0,144.0,143.0
69204,244.0,102.0,134.0,142.0
69205,275.0,239.0,155.0,157.0
69206,217.0,83.0,114.0,130.0
69207,241.0,99.0,114.0,139.0
69208,241.0,144.0,148.0,133.0
69209,232.0,84.0,118.0,135.0
69210,240.0,206.0,126.0,130.0
69211,268.0,76.0,151.0,158.0
69212,233.0,93.0,141.0,133.0
69213,254.0,131.0,121.0,156.0
69214,236.0,114.0,133.0,140.0
69215,251.0,98.0,161.0,147.0
69216,260.0,229.0,142.0,147.0
69217,250.0,218.0,137.0,150.0
69218,236.0,138.0,129.0,144.0
69219,277.0,113.0,147.0,159.0
69220,237.0,81.0,144.0,130.0
69221,242.0,96.0,128.0,132.0
69222,252.0,65.0,121.0,141.0
69223,252.0,218.0,163.0,135.0
69224,255.0,111.0,138.0,137.0
69225,266.0,144.0,141.0,158.0
69226,266.0,108.0,149.0,167.0
69227,241.0,78.0,145.0,129.0
69228,242.0,173.0,140.0,135.0
69229,252.0,97.0,150.0,161.0
69230,262.0,135.0,167.0,149.0
69231,257.0,83.0,135.0,130.0
69232,238.0,55.0,132.0,127.0
69233,235.0,122.0,121.0,123.0
69234,252.0,153.0,132.0,151.0
69235,244.0,117.0,138.0,144.0
69236,255.0,220.0,140.0,151.0
69237,231.0,98.0,122.0,131.0
69238,236.0,115.0,146.0,146.0
69239,251.0,202.0,149.0,130.0
69240,285.0,105.0,157.0,161.0
69241,246.0,157.0,128.0,139.0
69242,242.0,107.0,139.0,129.0
69243,257.0,51.0,155.0,142.0
69244,249.0,202.0,152.0,132.0
69245,280.0,248.0,168.0,148.0
69246,243.0,212.0,126.0,136.0
69247,251.0,220.0,144.0,144.0
69248,234.0,76.0,137.0,124.0
69249,245.0,104.0,122.0,136.0
69250,237.0,97.0,138.0,135.0
69251,230.0,70.0,119.0,128.0
69252,247.0,128.0,133.0,136.0
69253,253.0,126.0,144.0,148.0
69254,246.0,81.0,138.0,129.0
69255,270.0,140.0,150.0,159.0
69256,235.0,102.0,142.0,130.0
69257,256.0,243.0,121.0,143.0
69258,254.0,112.0,151.0,145.0
69259,235.0,116.0,134.0,145.0
69260,236.0,84.0,137.0,139.0
69261,259.0,228.0,145.0,149.0
69262,251.0,53.0,141.0,164.0
69263,250.0,242.0,150.0,140.0
69264,265.0,257.0,150.0,163.0
69265,260.0,116.0,149.0,150.0
69266,254.0,75.0,141.0,147.0
69267,246.0,141.0,139.0,141.0
69268,257.0,113.0,156.0,143.0
69269,238.0,95.0,140.0,140.0
69270,253.0,107.0,127.0,148.0
69271,249.0,152.0,134.0,131.0
69272,248.0,223.0,143.0,142.0
69273,273.0,73.0,139.0,149.0
69274,270.0,131.0,154.0,154.0
69275,241.0,94.0,123.0,150.0
69276,232.0,111.0,130.0,121.0
69277,249.0,97.0,130.0,138.0
69278,255.0,132.0,134.0,143.0
69279,259.0,143.0,147.0,146.0
69280,250.0,60.0,150.0,136.0
69281,241.0,87.0,132.0,138.0
69282,223.0,102.0,126.0,129.0
69283,229.0,99.0,126.0,142.0
69284,253.0,241.0,137.0,135.0
69285,260.0,144.0,134.0,149.0
69286,239.0,212.0,141.0,128.0
69287,269.0,178.0,167.0,152.0
69288,258.0,240.0,144.0,146.0
69289,273.0,132.0,149.0,159.0
69290,243.0,71.0,144.0,131.0
69291,240.0,235.0,135.0,138.0
69292,259.0,96.0,143.0,161.0
69293,250.0,89.0,131.0,145.0
69294,265.0,250.0,156.0,141.0
69295,263.0,91.0,139.0,145.0
69296,241.0,101.0,146.0,139.0
69297,249.0,106.0,146.0,134.0
69298,256.0,248.0,148.0,147.0
69299,274.0,260.0,161.0,145.0
69300,268.0,113.0,152.0,159.0
69301,247.0,132.0,128.0,148.0
69302,241.0,111.0,140.0,128.0
69303,247.0,147.0,137.0,122.0
69304,249.0,91.0,135.0,142.0
69305,248.0,194.0,149.0,136.0
69306,257.0,186.0,144.0,144.0
69307,243.0,74.0,147.0,135.0
69308,252.0,66.0,142.0,140.0
69309,214.0,183.0,107.0,122.0
69310,253.0,108.0,132.0,138.0
69311,252.0,105.0,140.0,144.0
69312,255.0,92.0,150.0,137.0
69313,242.0,138.0,139.0,128.0
69314,247.0,99.0,140.0,135.0
69315,265.0,94.0,150.0,152.0
69316,230.0,95.0,120.0,131.0
69317,265.0,137.0,153.0,152.0
69318,264.0,111.0,143.0,145.0
69319,255.0,81.0,144.0,147.0
69320,245.0,220.0,143.0,146.0
69321,241.0,129.0,129.0,148.0
69322,246.0,77.0,145.0,137.0
69323,275.0,85.0,170.0,154.0
69324,241.0,87.0,133.0,147.0
69325,250.0,94.0,148.0,141.0
69326,256.0,102.0,138.0,147.0
69327,261.0,227.0,139.0,143.0
69328,220.0,99.0,128.0,128.0
69329,268.0,109.0,148.0,146.0
69330,246.0,220.0,137.0,131.0
69331,243.0,140.0,123.0,131.0
69332,246.0,109.0,129.0,145.0
69333,247.0,161.0,142.0,135.0
69334,225.0,188.0,128.0,135.0
69335,246.0,107.0,144.0,130.0
69336,248.0,149.0,126.0,135.0
69337,252.0,214.0,145.0,135.0
69338,251.0,217.0,147.0,132.0
69339,273.0,171.0,153.0,147.0
69340,244.0,200.0,139.0,128.0
69341,262.0,226.0,158.0,144.0
69342,263.0,225.0,145.0,156.0
69343,246.0,122.0,134.0,141.0
69344,237.0,225.0,141.0,130.0
69345,251.0,212.0,138.0,151.0
69346,268.0,95.0,155.0,149.0
69347,259.0,232.0,133.0,157.0
69348,249.0,73.0,140.0,147.0
69349,247.0,206.0,138.0,142.0
69350,278.0,189.0,155.0,165.0
69351,249.0,211.0,130.0,136.0
69352,256.0,128.0,152.0,149.0
69353,281.0,95.0,144.0,164.0
69354,250.0,240.0,154.0,131.0
69355,247.0,122.0,136.0,134.0
69356,258.0,146.0,141.0,142.0
69357,242.0,210.0,136.0,124.0
69358,263.0,97.0,135.0,151.0
69359,229.0,102.0,121.0,133.0
69360,264.0,126.0,153.0,144.0
69361,234.0,167.0,129.0,112.0
69362,252.0,125.0,146.0,137.0
69363,219.0,190.0,123.0,110.0
69364,261.0,226.0,140.0,150.0
69365,244.0,109.0,129.0,134.0
69366,286.0,127.0,138.0,158.0
69367,228.0,57.0,134.0,133.0
69368,253.0,115.0,137.0,120.0
69369,238.0,56.0,130.0,139.0
69370,251.0,97.0,118.0,149.0
69371,248.0,123.0,143.0,128.0
69372,240.0,207.0,141.0,149.0
69373,254.0,221.0,121.0,150.0
69374,255.0,207.0,132.0,147.0
69375,242.0,116.0,128.0,125.0
69376,270.0,117.0,147.0,145.0
69377,284.0,92.0,160.0,167.0
69378,241.0,114.0,136.0,138.0
69379,253.0,88.0,141.0,139.0
69380,252.0,217.0,153.0,139.0
69381,266.0,231.0,139.0,141.0
69382,247.0,100.0,153.0,139.0
69383,248.0,162.0,153.0,154.0
69384,245.0,135.0,128.0,132.0
69385,252.0,94.0,134.0,139.0
69386,262.0,108.0,134.0,147.0
69387,259.0,112.0,136.0,138.0
69388,254.0,79.0,146.0,139.0
69389,259.0,219.0,155.0,146.0
69390,241.0,66.0,146.0,129.0
69391,235.0,208.0,133.0,134.0
69392,256.0,140.0,144.0,136.0
69393,265.0,232.0,135.0,137.0
69394,268.0,129.0,146.0,148.0
69395,261.0,112.0,144.0,148.0
69396,245.0,106.0,135.0,124.0
69397,249.0,240.0,157.0,136.0
69398,275.0,130.0,153.0,145.0
69399,238.0,111.0,128.0,129.0
69400,267.0,99.0,150.0,145.0
69401,239.0,75.0,141.0,140.0
69402,250.0,208.0,147.0,147.0
69403,251.0,95.0,137.0,142.0
69404,248.0,217.0,140.0,153.0
69405,254.0,96.0,138.0,153.0
69406,259.0,84.0,143.0,143.0
69407,272.0,102.0,161.0,162.0
69408,267.0,93.0,155.0,151.0
69409,249.0,122.0,136.0,137.0
69410,271.0,163.0,162.0,160.0
69411,243.0,104.0,120.0,132.0
69412,259.0,159.0,124.0,141.0
69413,261.0,112.0,149.0,140.0
69414,242.0,110.0,127.0,137.0
69415,270.0,69.0,164.0,150.0
69416,256.0,158.0,150.0,150.0
69417,251.0,134.0,140.0,135.0
69418,249.0,207.0,145.0,136.0
69419,266.0,120.0,156.0,150.0
69420,257.0,103.0,129.0,138.0
69421,226.0,95.0,122.0,144.0
69422,252.0,63.0,138.0,139.0
69423,254.0,132.0,147.0,140.0
69424,248.0,100.0,143.0,132.0
69425,250.0,84.0,135.0,130.0
69426,244.0,200.0,147.0,139.0
69427,231.0,133.0,128.0,128.0
69428,263.0,104.0,151.0,147.0
69429,275.0,234.0,144.0,167.0
69430,247.0,113.0,132.0,144.0
69431,251.0,159.0,129.0,138.0
69432,252.0,107.0,146.0,137.0
69433,294.0,142.0,162.0,156.0
69434,258.0,218.0,158.0,149.0
69435,249.0,83.0,143.0,127.0
69436,237.0,79.0,128.0,131.0
69437,250.0,217.0,136.0,155.0
69438,235.0,115.0,127.0,126.0
69439,227.0,90.0,123.0,129.0
69440,237.0,113.0,136.0,134.0
69441,241.0,100.0,146.0,137.0
69442,255.0,173.0,128.0,143.0
69443,290.0,133.0,162.0,177.0
69444,283.0,154.0,176.0,155.0
69445,244.0,84.0,148.0,148.0
69446,273.0,163.0,159.0,138.0
69447,231.0,90.0,118.0,127.0
69448,254.0,108.0,148.0,144.0
69449,270.0,102.0,149.0,159.0
69450,229.0,196.0,133.0,112.0
69451,231.0,224.0,119.0,118.0
69452,271.0,222.0,147.0,167.0
69453,249.0,121.0,143.0,153.0
69454,252.0,125.0,153.0,138.0
69455,233.0,63.0,135.0,128.0
69456,235.0,205.0,146.0,121.0
69457,241.0,94.0,120.0,123.0
69458,235.0,138.0,133.0,125.0
69459,272.0,84.0,150.0,165.0
69460,248.0,72.0,143.0,134.0
69461,233.0,119.0,139.0,132.0
69462,264.0,127.0,152.0,143.0
69463,262.0,224.0,146.0,146.0
69464,224.0,196.0,127.0,114.0
69465,239.0,73.0,137.0,139.0
69466,225.0,133.0,122.0,130.0
69467,261.0,140.0,134.0,153.0
69468,253.0,217.0,131.0,138.0
69469,252.0,223.0,136.0,142.0
69470,234.0,96.0,133.0,133.0
69471,253.0,224.0,137.0,148.0
69472,237.0,132.0,138.0,133.0
69473,258.0,123.0,152.0,144.0
69474,243.0,126.0,144.0,135.0
69475,241.0,214.0,152.0,148.0
69476,236.0,205.0,126.0,143.0
69477,227.0,139.0,122.0,145.0
69478,252.0,75.0,148.0,138.0
69479,266.0,108.0,151.0,148.0
69480,246.0,116.0,136.0,152.0
69481,261.0,107.0,143.0,152.0
69482,258.0,128.0,152.0,137.0
69483,266.0,232.0,135.0,135.0
69484,244.0,132.0,144.0,142.0
69485,233.0,70.0,125.0,126.0
69486,231.0,59.0,134.0,129.0
69487,273.0,166.0,162.0,147.0
69488,258.0,218.0,144.0,146.0
69489,255.0,139.0,150.0,157.0
69490,259.0,219.0,155.0,146.0
69491,274.0,87.0,150.0,150.0
69492,238.0,129.0,146.0,136.0
69493,255.0,229.0,139.0,144.0
69494,279.0,241.0,158.0,159.0
69495,248.0,99.0,142.0,127.0
69496,260.0,75.0,152.0,139.0
69497,230.0,129.0,127.0,134.0
69498,259.0,96.0,129.0,148.0
69499,251.0,165.0,139.0,153.0
69500,250.0,103.0,133.0,139.0
69501,222.0,210.0,130.0,133.0
69502,238.0,139.0,123.0,125.0
69503,268.0,148.0,138.0,146.0
69504,254.0,99.0,132.0,133.0
69505,252.0,140.0,139.0,137.0
69506,268.0,150.0,149.0,147.0
69507,255.0,114.0,127.0,156.0
69508,238.0,194.0,137.0,146.0
69509,236.0,122.0,127.0,129.0
69510,246.0,99.0,146.0,143.0
69511,265.0,110.0,154.0,168.0
69512,260.0,122.0,146.0,131.0
69513,254.0,106.0,153.0,127.0
69514,241.0,131.0,133.0,130.0
69515,248.0,95.0,126.0,146.0
69516,268.0,242.0,153.0,154.0
69517,252.0,242.0,158.0,122.0
69518,245.0,136.0,129.0,130.0
69519,271.0,82.0,143.0,137.0
69520,266.0,87.0,168.0,173.0
69521,261.0,147.0,151.0,138.0
69522,250.0,111.0,139.0,139.0
69523,252.0,219.0,136.0,144.0
69524,234.0,89.0,125.0,137.0
69525,264.0,225.0,144.0,151.0
69526,265.0,92.0,152.0,134.0
69527,258.0,87.0,158.0,136.0
69528,240.0,123.0,133.0,134.0
69529,279.0,256.0,172.0,154.0
69530,235.0,109.0,136.0,137.0
69531,245.0,94.0,133.0,152.0
69532,253.0,206.0,114.0,144.0
69533,221.0,55.0,118.0,117.0
69534,251.0,64.0,145.0,141.0
69535,255.0,134.0,171.0,136.0
69536,262.0,253.0,145.0,139.0
69537,275.0,92.0,148.0,152.0
69538,248.0,112.0,147.0,133.0
69539,252.0,104.0,138.0,135.0
69540,244.0,142.0,129.0,137.0
69541,251.0,115.0,144.0,130.0
69542,223.0,121.0,133.0,120.0
69543,236.0,76.0,126.0,131.0
69544,251.0,107.0,129.0,133.0
69545,259.0,125.0,131.0,141.0
69546,253.0,117.0,130.0,132.0
69547,238.0,189.0,132.0,127.0
69548,249.0,117.0,140.0,139.0
69549,279.0,85.0,168.0,163.0
69550,256.0,150.0,145.0,130.0
69551,260.0,122.0,147.0,147.0
69552,259.0,225.0,146.0,134.0
69553,263.0,102.0,141.0,162.0
69554,253.0,90.0,145.0,148.0
69555,244.0,122.0,141.0,140.0
69556,261.0,224.0,137.0,156.0
69557,247.0,60.0,129.0,135.0
69558,261.0,115.0,143.0,156.0
69559,244.0,145.0,147.0,136.0
69560,266.0,199.0,141.0,144.0
69561,224.0,121.0,132.0,134.0
69562,234.0,111.0,120.0,128.0
69563,242.0,110.0,125.0,124.0
69564,261.0,237.0,158.0,138.0
69565,255.0,217.0,136.0,146.0
69566,264.0,127.0,142.0,146.0
69567,254.0,146.0,128.0,142.0
69568,264.0,229.0,142.0,156.0
69569,261.0,179.0,126.0,149.0
69570,236.0,96.0,129.0,147.0
69571,277.0,155.0,153.0,147.0
69572,270.0,132.0,158.0,152.0
69573,252.0,252.0,142.0,148.0
69574,249.0,134.0,141.0,129.0
69575,247.0,99.0,137.0,148.0
69576,250.0,138.0,142.0,134.0
69577,264.0,122.0,130.0,156.0
69578,248.0,100.0,135.0,149.0
69579,272.0,111.0,158.0,141.0
69580,250.0,212.0,151.0,138.0
69581,253.0,130.0,138.0,150.0
69582,263.0,107.0,149.0,150.0
69583,249.0,116.0,143.0,144.0
69584,214.0,182.0,118.0,111.0
69585,260.0,136.0,149.0,135.0
69586,255.0,141.0,141.0,137.0
69587,258.0,147.0,140.0,149.0
69588,257.0,92.0,123.0,147.0
69589,256.0,116.0,150.0,150.0
69590,256.0,116.0,136.0,144.0
69591,255.0,138.0,138.0,151.0
69592,267.0,124.0,152.0,126.0
69593,246.0,90.0,147.0,157.0
69594,243.0,70.0,137.0,134.0
69595,246.0,77.0,136.0,144.0
69596,277.0,85.0,150.0,149.0
69597,244.0,120.0,127.0,134.0
69598,269.0,269.0,153.0,162.0
69599,253.0,129.0,135.0,157.0
69600,265.0,110.0,143.0,146.0
69601,255.0,126.0,156.0,144.0
69602,272.0,104.0,166.0,166.0
69603,235.0,196.0,129.0,125.0
69604,245.0,219.0,158.0,133.0
69605,241.0,134.0,125.0,132.0
69606,256.0,220.0,149.0,145.0
69607,241.0,81.0,141.0,142.0
69608,252.0,73.0,119.0,140.0
69609,244.0,98.0,132.0,129.0
69610,236.0,122.0,134.0,135.0
69611,262.0,113.0,164.0,134.0
69612,225.0,102.0,144.0,112.0
69613,255.0,124.0,147.0,139.0
69614,245.0,108.0,145.0,150.0
69615,270.0,129.0,137.0,158.0
69616,234.0,234.0,127.0,129.0
69617,252.0,79.0,142.0,146.0
69618,253.0,102.0,119.0,157.0
69619,236.0,62.0,129.0,140.0
69620,246.0,141.0,149.0,111.0
69621,238.0,195.0,136.0,134.0
69622,259.0,218.0,148.0,138.0
69623,270.0,118.0,164.0,170.0
69624,239.0,150.0,131.0,134.0
69625,243.0,144.0,113.0,134.0
69626,257.0,117.0,133.0,144.0
69627,231.0,192.0,116.0,129.0
69628,249.0,128.0,132.0,146.0
69629,258.0,100.0,150.0,163.0
69630,261.0,117.0,157.0,142.0
69631,233.0,205.0,144.0,125.0
69632,240.0,124.0,128.0,130.0
69633,280.0,121.0,157.0,159.0
69634,245.0,96.0,142.0,139.0
69635,256.0,158.0,143.0,140.0
69636,242.0,214.0,144.0,133.0
69637,240.0,236.0,149.0,128.0
69638,260.0,100.0,140.0,139.0
69639,249.0,242.0,144.0,146.0
69640,271.0,142.0,155.0,140.0
69641,268.0,134.0,142.0,178.0
69642,233.0,95.0,139.0,123.0
69643,262.0,85.0,141.0,132.0
69644,244.0,96.0,143.0,151.0
69645,260.0,115.0,131.0,134.0
69646,269.0,144.0,156.0,127.0
69647,243.0,75.0,136.0,146.0
69648,246.0,154.0,144.0,129.0
69649,254.0,118.0,152.0,149.0
69650,260.0,133.0,143.0,139.0
69651,250.0,97.0,137.0,154.0
69652,235.0,64.0,128.0,126.0
69653,237.0,107.0,127.0,118.0
69654,246.0,217.0,136.0,138.0
69655,254.0,96.0,142.0,153.0
69656,277.0,240.0,150.0,159.0
69657,240.0,207.0,128.0,143.0
69658,248.0,216.0,149.0,134.0
69659,261.0,123.0,156.0,128.0
69660,255.0,97.0,142.0,151.0
69661,266.0,137.0,151.0,150.0
69662,249.0,108.0,135.0,131.0
69663,265.0,104.0,154.0,163.0
69664,238.0,103.0,134.0,135.0
69665,236.0,75.0,132.0,147.0
69666,249.0,141.0,144.0,140.0
69667,237.0,96.0,120.0,128.0
69668,256.0,231.0,154.0,142.0
69669,243.0,94.0,143.0,133.0
69670,275.0,160.0,150.0,141.0
69671,247.0,232.0,136.0,132.0
69672,286.0,146.0,159.0,160.0
69673,230.0,223.0,153.0,120.0
69674,257.0,65.0,158.0,143.0
69675,231.0,112.0,132.0,147.0
69676,234.0,120.0,140.0,149.0
69677,222.0,43.0,137.0,117.0
69678,222.0,83.0,124.0,124.0
69679,251.0,104.0,135.0,154.0
69680,250.0,244.0,143.0,148.0
69681,238.0,166.0,133.0,137.0
69682,216.0,111.0,135.0,122.0
69683,255.0,213.0,153.0,142.0
69684,243.0,149.0,143.0,134.0
69685,234.0,53.0,141.0,137.0
69686,254.0,98.0,132.0,151.0
69687,246.0,91.0,145.0,148.0
69688,243.0,103.0,128.0,141.0
69689,262.0,107.0,147.0,153.0
69690,279.0,100.0,152.0,165.0
69691,234.0,201.0,138.0,132.0
69692,245.0,89.0,146.0,132.0
69693,282.0,130.0,162.0,168.0
69694,261.0,116.0,137.0,135.0
69695,237.0,228.0,135.0,139.0
69696,230.0,99.0,125.0,136.0
69697,232.0,88.0,118.0,141.0
69698,230.0,126.0,121.0,130.0
69699,248.0,122.0,144.0,143.0
69700,264.0,120.0,134.0,156.0
69701,264.0,123.0,152.0,151.0
69702,249.0,223.0,138.0,138.0
69703,263.0,61.0,136.0,149.0
69704,267.0,152.0,150.0,141.0
69705,266.0,223.0,154.0,142.0
69706,261.0,218.0,150.0,150.0
69707,254.0,206.0,156.0,131.0
69708,244.0,128.0,140.0,138.0
69709,219.0,194.0,113.0,116.0
69710,262.0,138.0,142.0,148.0
69711,254.0,238.0,145.0,147.0
69712,258.0,105.0,147.0,148.0
69713,242.0,209.0,130.0,127.0
69714,259.0,119.0,139.0,157.0
69715,263.0,151.0,140.0,137.0
69716,239.0,164.0,122.0,132.0
69717,236.0,204.0,125.0,145.0
69718,241.0,89.0,140.0,141.0
69719,251.0,121.0,142.0,142.0
69720,236.0,134.0,132.0,138.0
69721,246.0,75.0,136.0,137.0
69722,248.0,105.0,130.0,146.0
69723,257.0,70.0,158.0,137.0
69724,258.0,253.0,155.0,139.0
69725,258.0,107.0,126.0,158.0
69726,245.0,87.0,143.0,140.0
69727,266.0,68.0,151.0,167.0
69728,235.0,201.0,120.0,146.0
69729,220.0,103.0,121.0,132.0
69730,231.0,186.0,134.0,133.0
69731,234.0,129.0,139.0,131.0
69732,258.0,126.0,155.0,146.0
69733,242.0,98.0,146.0,132.0
69734,265.0,112.0,144.0,129.0
69735,283.0,133.0,170.0,162.0
69736,243.0,74.0,139.0,125.0
69737,272.0,90.0,146.0,155.0
69738,248.0,91.0,142.0,142.0
69739,256.0,146.0,143.0,138.0
69740,254.0,245.0,147.0,151.0
69741,252.0,118.0,143.0,130.0
69742,234.0,113.0,134.0,142.0
69743,274.0,47.0,153.0,154.0
69744,237.0,233.0,126.0,139.0
69745,224.0,137.0,124.0,135.0
69746,255.0,136.0,151.0,150.0
69747,286.0,247.0,170.0,151.0
69748,267.0,95.0,162.0,142.0
69749,253.0,97.0,150.0,136.0
69750,264.0,139.0,139.0,149.0
69751,254.0,121.0,137.0,141.0
69752,233.0,200.0,132.0,132.0
69753,262.0,255.0,155.0,133.0
69754,245.0,238.0,146.0,156.0
69755,244.0,79.0,128.0,140.0
69756,245.0,214.0,157.0,140.0
69757,239.0,213.0,129.0,130.0
69758,244.0,128.0,137.0,147.0
69759,263.0,111.0,156.0,143.0
69760,245.0,109.0,132.0,124.0
69761,235.0,110.0,120.0,139.0
69762,259.0,150.0,142.0,142.0
69763,256.0,70.0,140.0,151.0
69764,248.0,168.0,145.0,147.0
69765,238.0,234.0,127.0,140.0
69766,254.0,83.0,140.0,136.0
69767,234.0,195.0,128.0,129.0
69768,245.0,61.0,136.0,133.0
69769,246.0,129.0,133.0,150.0
69770,258.0,104.0,145.0,144.0
69771,266.0,81.0,152.0,153.0
69772,254.0,219.0,145.0,131.0
69773,244.0,131.0,130.0,138.0
69774,237.0,112.0,123.0,145.0
69775,245.0,174.0,157.0,144.0
69776,251.0,115.0,133.0,140.0
69777,255.0,147.0,127.0,152.0
69778,260.0,129.0,146.0,148.0
69779,289.0,243.0,168.0,149.0
69780,267.0,114.0,164.0,143.0
69781,258.0,233.0,139.0,136.0
69782,264.0,258.0,160.0,142.0
69783,277.0,126.0,144.0,156.0
69784,220.0,137.0,109.0,113.0
69785,252.0,99.0,150.0,116.0
69786,237.0,133.0,126.0,120.0
69787,226.0,82.0,125.0,128.0
69788,236.0,72.0,132.0,125.0
69789,232.0,208.0,134.0,133.0
69790,247.0,133.0,122.0,145.0
69791,248.0,92.0,133.0,141.0
69792,252.0,117.0,141.0,148.0
69793,257.0,127.0,140.0,135.0
69794,246.0,178.0,141.0,137.0
69795,241.0,215.0,149.0,131.0
69796,253.0,250.0,134.0,152.0
69797,255.0,168.0,154.0,137.0
69798,243.0,87.0,128.0,144.0
69799,242.0,81.0,130.0,145.0
69800,237.0,110.0,142.0,117.0
69801,248.0,80.0,141.0,148.0
69802,250.0,216.0,128.0,142.0
69803,246.0,205.0,133.0,140.0
69804,256.0,223.0,144.0,132.0
69805,248.0,119.0,131.0,142.0
69806,252.0,208.0,147.0,148.0
69807,225.0,134.0,134.0,123.0
69808,252.0,131.0,131.0,148.0
69809,245.0,108.0,146.0,151.0
69810,271.0,86.0,140.0,156.0
69811,240.0,108.0,116.0,144.0
69812,239.0,78.0,128.0,140.0
69813,268.0,106.0,159.0,148.0
69814,230.0,119.0,136.0,122.0
69815,241.0,111.0,123.0,126.0
69816,235.0,97.0,135.0,123.0
69817,250.0,141.0,150.0,138.0
69818,231.0,219.0,143.0,134.0
69819,252.0,61.0,140.0,142.0
69820,252.0,206.0,136.0,144.0
69821,275.0,152.0,163.0,159.0
69822,268.0,82.0,158.0,146.0
69823,241.0,93.0,143.0,139.0
69824,268.0,255.0,144.0,151.0
69825,265.0,128.0,134.0,151.0
69826,240.0,95.0,149.0,125.0
69827,266.0,67.0,148.0,158.0
69828,263.0,189.0,146.0,165.0
69829,251.0,244.0,153.0,144.0
69830,276.0,141.0,159.0,166.0
69831,250.0,118.0,135.0,144.0
69832,234.0,130.0,126.0,134.0
69833,221.0,96.0,124.0,130.0
69834,220.0,92.0,125.0,126.0
69835,245.0,240.0,138.0,136.0
69836,267.0,86.0,152.0,147.0
69837,236.0,160.0,126.0,125.0
69838,248.0,123.0,147.0,126.0
69839,249.0,75.0,128.0,141.0
69840,237.0,101.0,142.0,134.0
69841,259.0,153.0,138.0,144.0
69842,274.0,78.0,152.0,160.0
69843,234.0,87.0,132.0,137.0
69844,260.0,85.0,144.0,152.0
69845,221.0,98.0,119.0,124.0
69846,252.0,73.0,144.0,143.0
69847,241.0,141.0,128.0,135.0
69848,244.0,100.0,150.0,141.0
69849,249.0,242.0,144.0,153.0
69850,278.0,140.0,169.0,149.0
69851,251.0,86.0,139.0,133.0
69852,255.0,107.0,156.0,134.0
69853,240.0,233.0,146.0,129.0
69854,253.0,130.0,147.0,154.0
69855,261.0,163.0,152.0,137.0
69856,253.0,96.0,154.0,135.0
69857,238.0,97.0,133.0,132.0
69858,260.0,225.0,159.0,136.0
69859,237.0,127.0,139.0,141.0
69860,279.0,142.0,153.0,150.0
69861,237.0,81.0,138.0,146.0
69862,265.0,115.0,133.0,151.0
69863,243.0,94.0,128.0,146.0
69864,240.0,84.0,132.0,138.0
69865,248.0,93.0,136.0,142.0
69866,255.0,214.0,149.0,142.0
69867,253.0,94.0,137.0,140.0
69868,260.0,224.0,158.0,147.0
69869,252.0,216.0,129.0,145.0
69870,247.0,205.0,137.0,147.0
69871,252.0,123.0,136.0,131.0
69872,265.0,89.0,151.0,137.0
69873,252.0,163.0,145.0,136.0
69874,268.0,124.0,167.0,153.0
69875,233.0,86.0,141.0,120.0
69876,258.0,107.0,129.0,153.0
69877,257.0,226.0,132.0,147.0
69878,252.0,112.0,134.0,137.0
69879,273.0,231.0,135.0,155.0
69880,277.0,105.0,149.0,166.0
69881,264.0,111.0,143.0,153.0
69882,261.0,152.0,142.0,141.0
69883,236.0,233.0,135.0,122.0
69884,280.0,255.0,146.0,160.0
69885,220.0,113.0,126.0,120.0
69886,243.0,106.0,131.0,133.0
69887,236.0,111.0,137.0,144.0
69888,247.0,142.0,143.0,133.0
69889,230.0,127.0,112.0,148.0
69890,230.0,123.0,135.0,130.0
69891,244.0,213.0,143.0,136.0
69892,268.0,91.0,160.0,145.0
69893,255.0,107.0,143.0,141.0
69894,263.0,130.0,165.0,154.0
69895,246.0,132.0,139.0,130.0
69896,251.0,160.0,142.0,149.0
69897,272.0,234.0,148.0,148.0
69898,264.0,136.0,130.0,135.0
69899,260.0,71.0,152.0,141.0
69900,269.0,136.0,163.0,166.0
69901,249.0,220.0,149.0,151.0
69902,252.0,109.0,151.0,140.0
69903,238.0,83.0,136.0,133.0
69904,273.0,161.0,155.0,131.0
69905,278.0,159.0,143.0,159.0
69906,247.0,202.0,135.0,141.0
69907,273.0,163.0,143.0,144.0
69908,266.0,120.0,151.0,146.0
69909,245.0,173.0,124.0,135.0
69910,251.0,108.0,158.0,134.0
69911,253.0,216.0,138.0,139.0
69912,244.0,122.0,135.0,148.0
69913,231.0,94.0,122.0,125.0
69914,254.0,172.0,135.0,147.0
69915,252.0,145.0,145.0,124.0
69916,271.0,101.0,143.0,155.0
69917,243.0,154.0,127.0,144.0
69918,234.0,208.0,130.0,127.0
69919,248.0,100.0,129.0,146.0
69920,234.0,143.0,133.0,139.0
69921,242.0,167.0,153.0,125.0
69922,249.0,244.0,130.0,148.0
69923,265.0,152.0,159.0,149.0
69924,258.0,93.0,135.0,149.0
69925,237.0,110.0,128.0,140.0
69926,263.0,243.0,153.0,137.0
69927,273.0,107.0,145.0,165.0
69928,262.0,93.0,143.0,146.0
69929,255.0,165.0,128.0,145.0
69930,241.0,239.0,151.0,143.0
69931,274.0,123.0,158.0,157.0
69932,260.0,227.0,132.0,144.0
69933,240.0,136.0,142.0,144.0
69934,240.0,73.0,127.0,132.0
69935,259.0,104.0,139.0,154.0
69936,247.0,122.0,138.0,141.0
69937,248.0,73.0,139.0,137.0
69938,240.0,138.0,141.0,126.0
69939,241.0,82.0,129.0,121.0
69940,256.0,162.0,141.0,142.0
69941,255.0,227.0,136.0,129.0
69942,242.0,157.0,126.0,138.0
69943,251.0,94.0,156.0,144.0
69944,271.0,233.0,171.0,152.0
69945,244.0,95.0,130.0,136.0
69946,263.0,109.0,130.0,147.0
69947,265.0,228.0,142.0,142.0
69948,247.0,124.0,137.0,150.0
69949,235.0,62.0,133.0,135.0
69950,262.0,230.0,143.0,152.0
69951,268.0,142.0,155.0,145.0
69952,235.0,88.0,126.0,117.0
69953,265.0,111.0,134.0,154.0
69954,265.0,242.0,148.0,157.0
69955,230.0,137.0,133.0,125.0
69956,267.0,223.0,154.0,127.0
69957,267.0,239.0,146.0,152.0
69958,224.0,94.0,127.0,119.0
69959,244.0,167.0,151.0,144.0
69960,241.0,86.0,148.0,144.0
69961,242.0,203.0,130.0,134.0
69962,258.0,161.0,147.0,134.0
69963,238.0,86.0,138.0,133.0
69964,268.0,237.0,154.0,146.0
69965,235.0,110.0,121.0,145.0
69966,237.0,96.0,134.0,142.0
69967,252.0,170.0,130.0,136.0
69968,246.0,83.0,139.0,141.0
69969,266.0,124.0,145.0,155.0
69970,224.0,112.0,129.0,119.0
69971,227.0,109.0,131.0,127.0
69972,231.0,202.0,129.0,123.0
69973,255.0,119.0,139.0,128.0
69974,232.0,102.0,141.0,136.0
69975,260.0,111.0,136.0,140.0
69976,255.0,96.0,140.0,154.0
69977,226.0,97.0,144.0,135.0
69978,281.0,139.0,167.0,159.0
69979,234.0,85.0,114.0,124.0
69980,229.0,192.0,118.0,128.0
69981,280.0,158.0,163.0,155.0
69982,229.0,131.0,123.0,126.0
69983,248.0,85.0,140.0,130.0
69984,250.0,204.0,136.0,152.0
69985,264.0,152.0,160.0,161.0
69986,247.0,99.0,130.0,141.0
69987,258.0,110.0,148.0,129.0
69988,264.0,128.0,149.0,136.0
69989,243.0,136.0,145.0,130.0
69990,251.0,89.0,136.0,128.0
69991,249.0,133.0,136.0,147.0
69992,243.0,200.0,125.0,139.0
69993,235.0,71.0,127.0,127.0
69994,236.0,68.0,148.0,126.0
69995,261.0,107.0,153.0,129.0
69996,242.0,114.0,130.0,127.0
69997,250.0,225.0,136.0,139.0
69998,247.0,209.0,146.0,126.0
69999,264.0,140.0,148.0,154.0
70000,234.0,226.0,133.0,128.0
70001,256.0,214.0,140.0,147.0
70002,245.0,100.0,138.0,134.0
70003,261.0,219.0,150.0,154.0
70004,262.0,216.0,150.0,141.0
70005,273.0,238.0,149.0,165.0
70006,265.0,230.0,145.0,156.0
70007,231.0,95.0,119.0,142.0
70008,248.0,232.0,129.0,131.0
70009,243.0,122.0,148.0,121.0
70010,252.0,217.0,144.0,148.0
70011,231.0,98.0,144.0,131.0
70012,266.0,129.0,138.0,154.0
70013,262.0,231.0,160.0,146.0
70014,252.0,75.0,143.0,150.0
70015,225.0,199.0,124.0,122.0
70016,250.0,233.0,155.0,145.0
70017,268.0,140.0,143.0,153.0
70018,280.0,241.0,165.0,172.0
70019,272.0,261.0,141.0,166.0
70020,245.0,125.0,128.0,134.0
70021,235.0,75.0,129.0,134.0
70022,250.0,73.0,144.0,150.0
70023,228.0,103.0,131.0,132.0
70024,274.0,168.0,155.0,153.0
70025,251.0,112.0,142.0,140.0
70026,243.0,110.0,140.0,139.0
70027,252.0,116.0,135.0,136.0
70028,250.0,61.0,146.0,144.0
70029,251.0,136.0,159.0,154.0
70030,249.0,212.0,124.0,147.0
70031,258.0,227.0,151.0,147.0
70032,245.0,84.0,129.0,138.0
70033,263.0,117.0,146.0,148.0
70034,222.0,164.0,118.0,128.0
70035,245.0,77.0,126.0,143.0
70036,263.0,74.0,155.0,157.0
70037,240.0,201.0,135.0,143.0
70038,250.0,211.0,135.0,135.0
70039,270.0,148.0,159.0,160.0
70040,247.0,149.0,126.0,144.0
70041,247.0,165.0,138.0,131.0
70042,244.0,92.0,130.0,134.0
70043,223.0,95.0,125.0,123.0
70044,257.0,250.0,148.0,137.0
70045,227.0,205.0,130.0,136.0
70046,248.0,119.0,139.0,147.0
70047,256.0,81.0,138.0,137.0
70048,261.0,254.0,142.0,166.0
70049,260.0,102.0,139.0,145.0
70050,285.0,230.0,160.0,160.0
70051,244.0,212.0,130.0,139.0
70052,250.0,92.0,140.0,125.0
70053,267.0,242.0,160.0,167.0
70054,238.0,105.0,136.0,137.0
70055,256.0,177.0,150.0,141.0
70056,255.0,105.0,168.0,137.0
70057,282.0,276.0,167.0,152.0
70058,231.0,83.0,134.0,130.0
70059,239.0,117.0,126.0,140.0
70060,248.0,89.0,138.0,136.0
70061,250.0,204.0,154.0,137.0
70062,237.0,98.0,140.0,133.0
70063,255.0,123.0,117.0,140.0
70064,258.0,97.0,148.0,126.0
70065,247.0,104.0,140.0,128.0
70066,265.0,194.0,152.0,151.0
70067,239.0,77.0,144.0,120.0
70068,269.0,127.0,150.0,156.0
70069,239.0,195.0,141.0,135.0
70070,250.0,78.0,133.0,133.0
70071,247.0,153.0,139.0,139.0
70072,258.0,226.0,152.0,154.0
70073,257.0,130.0,130.0,142.0
70074,265.0,225.0,147.0,143.0
70075,263.0,89.0,154.0,150.0
70076,246.0,201.0,137.0,138.0
70077,255.0,120.0,142.0,132.0
70078,243.0,115.0,143.0,134.0
70079,261.0,125.0,144.0,144.0
70080,240.0,199.0,126.0,117.0
70081,252.0,211.0,144.0,141.0
70082,251.0,79.0,153.0,141.0
70083,237.0,72.0,148.0,132.0
70084,259.0,222.0,151.0,139.0
70085,264.0,138.0,141.0,154.0
70086,229.0,106.0,132.0,146.0
70087,242.0,99.0,130.0,138.0
70088,237.0,112.0,133.0,132.0
70089,231.0,147.0,126.0,126.0
70090,264.0,75.0,152.0,158.0
70091,248.0,188.0,135.0,130.0
70092,267.0,213.0,153.0,144.0
70093,263.0,134.0,143.0,137.0
70094,231.0,161.0,130.0,128.0
70095,235.0,196.0,140.0,150.0
70096,247.0,222.0,149.0,149.0
70097,234.0,83.0,130.0,139.0
70098,232.0,109.0,138.0,122.0
70099,267.0,104.0,152.0,141.0
70100,260.0,109.0,138.0,133.0
70101,239.0,162.0,138.0,134.0
70102,247.0,71.0,133.0,140.0
70103,236.0,112.0,141.0,128.0
70104,246.0,117.0,134.0,140.0
70105,256.0,227.0,131.0,141.0
70106,231.0,89.0,140.0,140.0
70107,237.0,86.0,141.0,144.0
70108,249.0,116.0,135.0,138.0
70109,280.0,118.0,144.0,151.0
70110,287.0,136.0,154.0,160.0
70111,240.0,134.0,142.0,137.0
70112,225.0,190.0,139.0,132.0
70113,233.0,89.0,130.0,136.0
70114,270.0,111.0,160.0,144.0
70115,246.0,107.0,146.0,136.0
70116,248.0,80.0,141.0,145.0
70117,236.0,208.0,139.0,132.0
70118,222.0,99.0,131.0,142.0
70119,254.0,231.0,133.0,151.0
70120,257.0,127.0,136.0,147.0
70121,239.0,114.0,123.0,131.0
70122,241.0,125.0,118.0,139.0
70123,253.0,145.0,140.0,145.0
70124,253.0,116.0,138.0,139.0
70125,271.0,58.0,149.0,157.0
70126,273.0,189.0,147.0,151.0
70127,258.0,84.0,154.0,143.0
70128,247.0,91.0,163.0,138.0
70129,240.0,192.0,133.0,139.0
70130,254.0,206.0,126.0,147.0
70131,233.0,71.0,118.0,124.0
70132,253.0,108.0,129.0,145.0
70133,253.0,105.0,145.0,132.0
70134,262.0,262.0,163.0,154.0
70135,267.0,252.0,162.0,149.0
70136,230.0,174.0,128.0,144.0
70137,234.0,64.0,131.0,140.0
70138,244.0,218.0,131.0,140.0
70139,233.0,89.0,130.0,130.0
70140,250.0,119.0,136.0,138.0
70141,233.0,63.0,127.0,137.0
70142,262.0,33.0,161.0,164.0
70143,250.0,129.0,142.0,140.0
70144,270.0,106.0,162.0,143.0
70145,255.0,179.0,144.0,131.0
70146,259.0,225.0,151.0,135.0
70147,252.0,58.0,137.0,130.0
70148,256.0,121.0,149.0,133.0
70149,231.0,84.0,139.0,121.0
70150,248.0,224.0,142.0,140.0
70151,266.0,155.0,159.0,145.0
70152,226.0,123.0,121.0,130.0
70153,241.0,87.0,141.0,126.0
70154,234.0,119.0,124.0,125.0
70155,260.0,113.0,154.0,128.0
70156,263.0,220.0,165.0,161.0
70157,244.0,203.0,119.0,131.0
70158,236.0,80.0,137.0,127.0
70159,245.0,133.0,136.0,131.0
70160,262.0,144.0,145.0,148.0
70161,242.0,75.0,142.0,136.0
70162,262.0,144.0,143.0,155.0
70163,257.0,87.0,139.0,145.0
70164,274.0,246.0,159.0,141.0
70165,252.0,212.0,148.0,149.0
70166,229.0,94.0,130.0,135.0
70167,255.0,214.0,145.0,160.0
70168,250.0,141.0,118.0,127.0
70169,257.0,115.0,135.0,158.0
70170,238.0,129.0,135.0,147.0
70171,262.0,213.0,147.0,151.0
70172,282.0,91.0,155.0,161.0
70173,236.0,204.0,120.0,130.0
70174,251.0,123.0,147.0,145.0
70175,228.0,83.0,122.0,120.0
70176,260.0,223.0,145.0,138.0
70177,244.0,216.0,124.0,137.0
70178,251.0,223.0,125.0,139.0
70179,261.0,142.0,155.0,134.0
70180,239.0,99.0,142.0,140.0
70181,259.0,136.0,154.0,142.0
70182,277.0,246.0,151.0,151.0
70183,246.0,215.0,143.0,130.0
70184,259.0,111.0,142.0,140.0
70185,253.0,225.0,152.0,149.0
70186,252.0,108.0,148.0,143.0
70187,243.0,137.0,145.0,151.0
70188,251.0,105.0,156.0,140.0
70189,235.0,127.0,136.0,129.0
70190,251.0,220.0,136.0,129.0
70191,233.0,122.0,125.0,124.0
70192,253.0,244.0,137.0,137.0
70193,260.0,131.0,150.0,152.0
70194,248.0,224.0,131.0,135.0
70195,255.0,212.0,148.0,145.0
70196,234.0,77.0,125.0,139.0
70197,247.0,136.0,151.0,135.0
70198,219.0,135.0,122.0,127.0
70199,250.0,97.0,132.0,126.0
70200,267.0,79.0,152.0,147.0
70201,256.0,249.0,153.0,153.0
70202,249.0,97.0,144.0,140.0
70203,267.0,244.0,171.0,155.0
70204,269.0,238.0,164.0,153.0
70205,237.0,63.0,126.0,141.0
70206,256.0,131.0,147.0,135.0
70207,248.0,116.0,128.0,128.0
70208,268.0,152.0,147.0,143.0
70209,267.0,143.0,131.0,164.0
70210,253.0,101.0,134.0,145.0
70211,236.0,120.0,127.0,136.0
70212,258.0,83.0,142.0,139.0
70213,239.0,183.0,137.0,144.0
70214,257.0,111.0,137.0,148.0
70215,258.0,86.0,162.0,129.0
70216,234.0,153.0,149.0,127.0
70217,256.0,119.0,144.0,140.0
70218,241.0,93.0,136.0,137.0
70219,245.0,111.0,128.0,142.0
70220,249.0,102.0,140.0,138.0
70221,259.0,105.0,137.0,139.0
70222,238.0,126.0,139.0,129.0
70223,256.0,212.0,154.0,141.0
70224,243.0,125.0,140.0,141.0
70225,254.0,58.0,134.0,138.0
70226,242.0,213.0,135.0,127.0
70227,261.0,232.0,142.0,145.0
70228,274.0,83.0,153.0,158.0
70229,237.0,89.0,115.0,119.0
70230,254.0,57.0,156.0,149.0
70231,256.0,112.0,142.0,147.0
70232,267.0,234.0,145.0,148.0
70233,242.0,202.0,134.0,125.0
70234,226.0,194.0,115.0,126.0
70235,264.0,224.0,164.0,135.0
70236,268.0,229.0,147.0,143.0
70237,252.0,233.0,137.0,141.0
70238,257.0,82.0,142.0,150.0
70239,237.0,201.0,124.0,151.0
70240,235.0,210.0,139.0,136.0
70241,231.0,207.0,139.0,140.0
70242,241.0,106.0,146.0,134.0
70243,256.0,116.0,147.0,138.0
70244,241.0,232.0,134.0,132.0
70245,247.0,216.0,140.0,152.0
70246,266.0,114.0,146.0,151.0
70247,241.0,100.0,120.0,137.0
70248,267.0,79.0,137.0,156.0
70249,239.0,103.0,125.0,137.0
70250,254.0,85.0,145.0,139.0
70251,237.0,99.0,124.0,130.0
70252,251.0,123.0,131.0,137.0
70253,241.0,84.0,132.0,125.0
70254,235.0,203.0,135.0,138.0
70255,254.0,91.0,126.0,139.0
70256,258.0,220.0,140.0,152.0
70257,242.0,194.0,140.0,151.0
70258,265.0,130.0,150.0,145.0
70259,261.0,217.0,148.0,144.0
70260,257.0,233.0,160.0,139.0
70261,253.0,85.0,167.0,148.0
70262,260.0,102.0,127.0,151.0
70263,238.0,106.0,142.0,131.0
70264,219.0,80.0,118.0,127.0
70265,256.0,108.0,122.0,158.0
70266,252.0,106.0,136.0,135.0
70267,258.0,217.0,130.0,142.0
70268,277.0,275.0,167.0,154.0
70269,233.0,114.0,130.0,144.0
70270,257.0,76.0,147.0,151.0
70271,262.0,222.0,144.0,141.0
70272,227.0,96.0,130.0,134.0
70273,263.0,222.0,160.0,148.0
70274,274.0,137.0,144.0,167.0
70275,242.0,212.0,127.0,132.0
70276,230.0,94.0,130.0,138.0
70277,242.0,74.0,144.0,152.0
70278,239.0,95.0,130.0,146.0
70279,235.0,74.0,152.0,142.0
70280,277.0,237.0,158.0,155.0
70281,247.0,110.0,145.0,150.0
70282,243.0,111.0,130.0,161.0
70283,260.0,251.0,152.0,146.0
70284,245.0,108.0,135.0,123.0
70285,270.0,231.0,149.0,144.0
70286,252.0,132.0,138.0,141.0
70287,256.0,100.0,136.0,151.0
70288,238.0,102.0,137.0,131.0
70289,251.0,88.0,126.0,139.0
70290,258.0,225.0,159.0,158.0
70291,225.0,104.0,119.0,120.0
70292,244.0,115.0,135.0,142.0
70293,235.0,148.0,139.0,136.0
70294,245.0,185.0,141.0,135.0
70295,264.0,132.0,155.0,137.0
70296,246.0,245.0,133.0,142.0
70297,293.0,126.0,157.0,157.0
70298,255.0,112.0,147.0,134.0
70299,260.0,139.0,137.0,153.0
70300,244.0,94.0,129.0,130.0
70301,216.0,84.0,127.0,117.0
70302,255.0,101.0,154.0,147.0
70303,264.0,100.0,162.0,146.0
70304,259.0,108.0,146.0,150.0
70305,251.0,209.0,147.0,136.0
70306,264.0,100.0,155.0,150.0
70307,244.0,69.0,144.0,156.0
70308,265.0,197.0,167.0,148.0
70309,241.0,98.0,130.0,126.0
70310,241.0,76.0,127.0,148.0
70311,248.0,120.0,130.0,124.0
70312,251.0,126.0,131.0,140.0
70313,234.0,96.0,130.0,131.0
70314,259.0,211.0,125.0,151.0
70315,264.0,111.0,161.0,147.0
70316,254.0,243.0,148.0,143.0
70317,226.0,185.0,131.0,134.0
70318,252.0,179.0,137.0,141.0
70319,260.0,220.0,148.0,138.0
70320,237.0,125.0,143.0,133.0
70321,273.0,109.0,147.0,150.0
70322,231.0,207.0,132.0,123.0
70323,260.0,236.0,131.0,142.0
70324,255.0,98.0,151.0,147.0
70325,233.0,79.0,125.0,139.0
70326,268.0,167.0,153.0,158.0
70327,248.0,63.0,137.0,127.0
70328,258.0,233.0,137.0,145.0
70329,256.0,121.0,139.0,136.0
70330,262.0,146.0,144.0,151.0
70331,247.0,104.0,138.0,150.0
70332,247.0,246.0,148.0,144.0
70333,257.0,105.0,144.0,133.0
70334,253.0,143.0,141.0,145.0
70335,235.0,74.0,126.0,138.0
70336,264.0,155.0,159.0,138.0
70337,239.0,199.0,131.0,148.0
70338,239.0,214.0,137.0,132.0
70339,232.0,157.0,130.0,133.0
70340,258.0,63.0,138.0,142.0
70341,247.0,114.0,140.0,147.0
70342,278.0,110.0,159.0,157.0
70343,247.0,221.0,145.0,142.0
70344,243.0,243.0,145.0,137.0
70345,257.0,136.0,153.0,143.0
70346,251.0,111.0,138.0,151.0
70347,258.0,121.0,156.0,142.0
70348,277.0,235.0,160.0,159.0
70349,233.0,98.0,116.0,119.0
70350,226.0,83.0,131.0,132.0
70351,250.0,211.0,142.0,131.0
70352,249.0,83.0,149.0,131.0
70353,260.0,216.0,144.0,145.0
70354,254.0,228.0,150.0,145.0
70355,240.0,84.0,117.0,133.0
70356,259.0,133.0,157.0,138.0
70357,241.0,122.0,118.0,139.0
70358,247.0,98.0,142.0,140.0
70359,249.0,82.0,143.0,134.0
70360,253.0,120.0,124.0,146.0
70361,259.0,122.0,152.0,137.0
70362,235.0,92.0,142.0,131.0
70363,252.0,225.0,139.0,152.0
70364,243.0,88.0,126.0,132.0
70365,239.0,91.0,147.0,134.0
70366,237.0,214.0,118.0,126.0
70367,251.0,92.0,134.0,139.0
70368,261.0,110.0,154.0,134.0
70369,232.0,120.0,128.0,135.0
70370,268.0,156.0,150.0,148.0
70371,252.0,125.0,139.0,143.0
70372,258.0,186.0,151.0,144.0
70373,256.0,84.0,147.0,155.0
70374,276.0,233.0,160.0,158.0
70375,234.0,145.0,140.0,127.0
70376,271.0,162.0,155.0,152.0
70377,230.0,106.0,130.0,129.0
70378,276.0,155.0,153.0,152.0
70379,234.0,193.0,117.0,134.0
70380,228.0,184.0,133.0,139.0
70381,257.0,154.0,134.0,160.0
70382,257.0,74.0,134.0,144.0
70383,242.0,207.0,140.0,157.0
70384,261.0,234.0,142.0,146.0
70385,262.0,237.0,150.0,148.0
70386,240.0,81.0,135.0,141.0
70387,223.0,109.0,129.0,139.0
70388,251.0,214.0,142.0,141.0
70389,233.0,82.0,131.0,131.0
70390,252.0,118.0,157.0,148.0
70391,264.0,110.0,146.0,151.0
70392,271.0,247.0,174.0,164.0
70393,262.0,134.0,139.0,149.0
70394,238.0,103.0,123.0,129.0
70395,233.0,141.0,114.0,135.0
70396,237.0,213.0,144.0,137.0
70397,255.0,134.0,154.0,132.0
70398,269.0,143.0,135.0,157.0
70399,245.0,212.0,136.0,125.0
70400,240.0,108.0,136.0,138.0
70401,248.0,117.0,134.0,132.0
70402,241.0,234.0,131.0,143.0
70403,263.0,107.0,144.0,142.0
70404,275.0,120.0,146.0,143.0
70405,246.0,78.0,142.0,140.0
70406,230.0,94.0,140.0,125.0
70407,271.0,259.0,156.0,158.0
70408,252.0,250.0,148.0,146.0
70409,264.0,71.0,156.0,135.0
70410,262.0,77.0,143.0,138.0
70411,264.0,229.0,146.0,152.0
70412,243.0,67.0,129.0,151.0
70413,244.0,206.0,141.0,132.0
70414,271.0,266.0,149.0,158.0
70415,233.0,122.0,129.0,113.0
70416,243.0,70.0,131.0,136.0
70417,236.0,101.0,135.0,125.0
70418,243.0,217.0,140.0,134.0
70419,243.0,96.0,147.0,143.0
70420,242.0,164.0,137.0,140.0
70421,245.0,157.0,142.0,145.0
70422,220.0,129.0,132.0,133.0
70423,259.0,222.0,121.0,142.0
70424,214.0,124.0,141.0,131.0
70425,236.0,90.0,144.0,117.0
70426,257.0,219.0,156.0,131.0
70427,229.0,109.0,129.0,128.0
70428,293.0,244.0,165.0,172.0
70429,248.0,108.0,144.0,124.0
70430,228.0,115.0,133.0,123.0
70431,275.0,261.0,160.0,151.0
70432,250.0,121.0,131.0,140.0
70433,242.0,86.0,139.0,136.0
70434,266.0,99.0,143.0,149.0
70435,253.0,243.0,156.0,144.0
70436,263.0,147.0,146.0,145.0
70437,253.0,212.0,144.0,138.0
70438,260.0,181.0,137.0,143.0
70439,232.0,120.0,134.0,123.0
70440,231.0,107.0,134.0,127.0
70441,257.0,229.0,129.0,157.0
70442,260.0,224.0,145.0,132.0
70443,258.0,96.0,132.0,152.0
70444,300.0,131.0,159.0,173.0
70445,232.0,109.0,135.0,126.0
70446,254.0,111.0,141.0,142.0
70447,250.0,105.0,126.0,124.0
70448,241.0,117.0,133.0,137.0
70449,258.0,111.0,148.0,139.0
70450,245.0,102.0,134.0,151.0
70451,242.0,98.0,136.0,135.0
70452,257.0,208.0,140.0,149.0
70453,246.0,115.0,131.0,138.0
70454,247.0,87.0,143.0,125.0
70455,271.0,219.0,149.0,152.0
70456,236.0,82.0,120.0,130.0
70457,253.0,125.0,151.0,137.0
70458,249.0,91.0,163.0,139.0
70459,269.0,241.0,158.0,146.0
70460,252.0,126.0,150.0,149.0
70461,256.0,216.0,134.0,153.0
70462,250.0,203.0,146.0,157.0
70463,260.0,202.0,131.0,149.0
70464,237.0,140.0,129.0,124.0
70465,235.0,233.0,136.0,127.0
70466,248.0,128.0,134.0,121.0
70467,238.0,110.0,115.0,138.0
70468,256.0,84.0,151.0,130.0
70469,248.0,219.0,128.0,140.0
70470,225.0,70.0,121.0,146.0
70471,234.0,179.0,149.0,130.0
70472,238.0,206.0,122.0,128.0
70473,259.0,87.0,152.0,142.0
70474,230.0,131.0,126.0,130.0
70475,232.0,90.0,126.0,128.0
70476,254.0,89.0,135.0,137.0
70477,253.0,93.0,141.0,139.0
70478,272.0,142.0,141.0,153.0
70479,228.0,90.0,125.0,137.0
70480,255.0,131.0,120.0,142.0
70481,275.0,117.0,145.0,166.0
70482,253.0,81.0,132.0,150.0
70483,271.0,255.0,147.0,164.0
70484,240.0,102.0,125.0,130.0
70485,250.0,142.0,145.0,146.0
70486,245.0,128.0,133.0,133.0
70487,247.0,212.0,141.0,148.0
70488,232.0,94.0,123.0,118.0
70489,230.0,195.0,136.0,137.0
70490,258.0,142.0,147.0,147.0
70491,256.0,95.0,151.0,141.0
70492,240.0,115.0,130.0,131.0
70493,269.0,224.0,155.0,154.0
70494,259.0,130.0,150.0,136.0
70495,256.0,96.0,147.0,148.0
70496,279.0,114.0,146.0,160.0
70497,236.0,107.0,128.0,126.0
70498,242.0,89.0,118.0,118.0
70499,248.0,93.0,134.0,124.0
70500,253.0,107.0,140.0,137.0
70501,233.0,187.0,132.0,128.0
70502,279.0,127.0,155.0,153.0
70503,223.0,111.0,116.0,130.0
70504,243.0,92.0,129.0,137.0
70505,245.0,146.0,135.0,135.0
70506,262.0,250.0,145.0,155.0
70507,259.0,138.0,139.0,146.0
70508,284.0,171.0,159.0,147.0
70509,263.0,123.0,150.0,154.0
70510,249.0,123.0,142.0,133.0
70511,258.0,130.0,131.0,148.0
70512,277.0,234.0,174.0,156.0
70513,261.0,169.0,155.0,158.0
70514,243.0,55.0,138.0,148.0
70515,252.0,109.0,133.0,128.0
70516,245.0,214.0,151.0,133.0
70517,274.0,134.0,146.0,158.0
70518,242.0,242.0,134.0,131.0
70519,272.0,154.0,155.0,163.0
70520,273.0,112.0,146.0,155.0
70521,243.0,115.0,120.0,134.0
70522,250.0,87.0,148.0,137.0
70523,248.0,244.0,143.0,144.0
70524,249.0,135.0,142.0,143.0
70525,258.0,199.0,151.0,153.0
70526,236.0,134.0,143.0,123.0
70527,245.0,105.0,141.0,134.0
70528,235.0,131.0,128.0,123.0
70529,251.0,93.0,126.0,145.0
70530,267.0,228.0,145.0,154.0
70531,254.0,223.0,144.0,152.0
70532,252.0,118.0,140.0,148.0
70533,238.0,68.0,148.0,124.0
70534,217.0,80.0,130.0,123.0
70535,260.0,221.0,148.0,151.0
70536,251.0,98.0,138.0,130.0
70537,260.0,222.0,152.0,155.0
70538,261.0,70.0,165.0,143.0
70539,256.0,223.0,141.0,117.0
70540,254.0,126.0,155.0,131.0
70541,241.0,75.0,150.0,134.0
70542,239.0,205.0,137.0,119.0
70543,259.0,137.0,148.0,144.0
70544,210.0,187.0,122.0,115.0
70545,249.0,121.0,141.0,130.0
70546,248.0,237.0,152.0,139.0
70547,259.0,123.0,153.0,134.0
70548,242.0,114.0,137.0,135.0
70549,239.0,89.0,139.0,142.0
70550,263.0,98.0,161.0,151.0
70551,238.0,110.0,122.0,149.0
70552,270.0,101.0,147.0,141.0
70553,242.0,125.0,127.0,138.0
70554,241.0,106.0,131.0,134.0
70555,254.0,121.0,156.0,145.0
70556,242.0,216.0,130.0,140.0
70557,254.0,212.0,156.0,137.0
70558,244.0,96.0,146.0,145.0
70559,256.0,146.0,146.0,129.0
70560,266.0,86.0,135.0,134.0
70561,235.0,39.0,130.0,131.0
70562,249.0,97.0,140.0,139.0
70563,209.0,116.0,113.0,111.0
70564,228.0,83.0,119.0,130.0
70565,271.0,160.0,154.0,146.0
70566,250.0,155.0,141.0,142.0
70567,251.0,97.0,146.0,158.0
70568,228.0,88.0,120.0,118.0
70569,265.0,91.0,149.0,141.0
70570,260.0,260.0,166.0,156.0
70571,260.0,123.0,160.0,145.0
70572,254.0,207.0,141.0,140.0
70573,277.0,114.0,164.0,158.0
70574,253.0,84.0,141.0,129.0
70575,270.0,156.0,153.0,144.0
70576,249.0,127.0,147.0,123.0
70577,252.0,83.0,122.0,134.0
70578,250.0,129.0,136.0,142.0
70579,268.0,89.0,146.0,152.0
70580,267.0,120.0,152.0,140.0
70581,261.0,91.0,144.0,151.0
70582,267.0,109.0,158.0,152.0
70583,274.0,233.0,142.0,159.0
70584,241.0,210.0,134.0,125.0
70585,220.0,100.0,123.0,136.0
70586,236.0,94.0,127.0,117.0
70587,240.0,177.0,142.0,136.0
70588,235.0,189.0,136.0,117.0
70589,243.0,221.0,135.0,134.0
70590,265.0,148.0,146.0,138.0
70591,266.0,99.0,143.0,141.0
70592,220.0,112.0,111.0,122.0
70593,230.0,105.0,139.0,124.0
70594,279.0,113.0,150.0,156.0
70595,240.0,96.0,123.0,140.0
70596,264.0,98.0,133.0,155.0
70597,244.0,103.0,144.0,145.0
70598,242.0,66.0,135.0,135.0
70599,263.0,104.0,156.0,159.0
70600,266.0,124.0,149.0,145.0
70601,258.0,211.0,156.0,143.0
70602,257.0,127.0,131.0,148.0
70603,256.0,141.0,139.0,141.0
70604,227.0,100.0,141.0,114.0
70605,243.0,234.0,145.0,137.0
70606,261.0,154.0,145.0,135.0
70607,254.0,100.0,150.0,151.0
70608,262.0,94.0,139.0,146.0
70609,238.0,86.0,124.0,127.0
70610,228.0,92.0,114.0,124.0
70611,227.0,115.0,130.0,126.0
70612,253.0,130.0,143.0,138.0
70613,230.0,127.0,131.0,132.0
70614,243.0,93.0,137.0,158.0
70615,232.0,167.0,132.0,117.0
70616,234.0,119.0,138.0,135.0
70617,268.0,116.0,155.0,155.0
70618,260.0,105.0,143.0,144.0
70619,230.0,229.0,138.0,129.0
70620,252.0,203.0,159.0,150.0
70621,262.0,115.0,145.0,143.0
70622,242.0,91.0,137.0,141.0
70623,269.0,118.0,151.0,163.0
70624,279.0,220.0,152.0,166.0
70625,256.0,136.0,140.0,149.0
70626,264.0,118.0,136.0,146.0
70627,233.0,150.0,126.0,121.0
70628,249.0,89.0,144.0,136.0
70629,250.0,220.0,134.0,132.0
70630,241.0,109.0,124.0,133.0
70631,241.0,204.0,125.0,147.0
70632,253.0,89.0,150.0,140.0
70633,231.0,201.0,128.0,135.0
70634,239.0,209.0,128.0,134.0
70635,233.0,90.0,122.0,138.0
70636,239.0,146.0,122.0,130.0
70637,237.0,138.0,139.0,118.0
70638,255.0,90.0,136.0,149.0
70639,255.0,240.0,148.0,146.0
70640,243.0,119.0,126.0,135.0
70641,269.0,159.0,156.0,154.0
70642,244.0,140.0,132.0,139.0
70643,233.0,213.0,128.0,135.0
70644,252.0,137.0,138.0,140.0
70645,244.0,103.0,132.0,135.0
70646,241.0,112.0,143.0,140.0
70647,244.0,123.0,137.0,144.0
70648,247.0,64.0,141.0,136.0
70649,269.0,63.0,143.0,135.0
70650,267.0,229.0,153.0,144.0
70651,255.0,135.0,145.0,143.0
70652,242.0,92.0,126.0,131.0
70653,224.0,156.0,126.0,129.0
70654,224.0,115.0,128.0,117.0
70655,229.0,114.0,133.0,147.0
70656,231.0,104.0,126.0,126.0
70657,232.0,200.0,128.0,128.0
70658,258.0,211.0,147.0,145.0
70659,272.0,179.0,155.0,164.0
70660,229.0,106.0,102.0,123.0
70661,250.0,101.0,151.0,136.0
70662,250.0,89.0,137.0,140.0
70663,252.0,216.0,129.0,129.0
70664,217.0,203.0,116.0,114.0
70665,268.0,128.0,140.0,149.0
70666,229.0,93.0,126.0,126.0
70667,251.0,108.0,148.0,121.0
70668,241.0,101.0,140.0,149.0
70669,284.0,160.0,157.0,161.0
70670,262.0,140.0,148.0,139.0
70671,246.0,234.0,145.0,118.0
70672,231.0,72.0,117.0,124.0
70673,276.0,150.0,161.0,153.0
70674,252.0,122.0,143.0,136.0
70675,258.0,140.0,137.0,141.0
70676,244.0,95.0,137.0,136.0
70677,260.0,161.0,153.0,142.0
70678,270.0,239.0,157.0,156.0
70679,254.0,133.0,153.0,141.0
70680,243.0,163.0,138.0,140.0
70681,246.0,103.0,131.0,132.0
70682,258.0,218.0,147.0,145.0
70683,227.0,122.0,127.0,130.0
70684,224.0,134.0,116.0,121.0
70685,255.0,118.0,132.0,138.0
70686,247.0,167.0,137.0,144.0
70687,281.0,165.0,160.0,162.0
70688,245.0,91.0,140.0,142.0
70689,259.0,87.0,139.0,148.0
70690,258.0,103.0,138.0,120.0
70691,246.0,91.0,138.0,143.0
70692,270.0,74.0,148.0,143.0
70693,261.0,126.0,154.0,155.0
70694,255.0,75.0,139.0,130.0
70695,251.0,215.0,126.0,126.0
70696,237.0,217.0,123.0,125.0
70697,236.0,203.0,118.0,130.0
70698,214.0,124.0,120.0,126.0
70699,256.0,139.0,142.0,135.0
70700,232.0,129.0,131.0,126.0
70701,239.0,84.0,131.0,134.0
70702,260.0,213.0,149.0,153.0
70703,264.0,264.0,137.0,159.0
70704,258.0,97.0,152.0,155.0
70705,266.0,180.0,155.0,150.0
70706,224.0,185.0,148.0,127.0
70707,261.0,110.0,144.0,151.0
70708,242.0,104.0,124.0,135.0
70709,259.0,127.0,151.0,140.0
70710,239.0,202.0,147.0,131.0
70711,247.0,74.0,141.0,148.0
70712,249.0,219.0,153.0,145.0
70713,260.0,132.0,138.0,145.0
70714,249.0,214.0,147.0,141.0
70715,246.0,113.0,142.0,134.0
70716,236.0,76.0,130.0,126.0
70717,253.0,218.0,153.0,154.0
70718,238.0,206.0,118.0,139.0
70719,255.0,122.0,141.0,145.0
70720,257.0,142.0,146.0,143.0
70721,235.0,231.0,129.0,134.0
70722,237.0,203.0,129.0,140.0
70723,241.0,96.0,142.0,127.0
70724,257.0,96.0,150.0,140.0
70725,250.0,115.0,139.0,138.0
70726,249.0,107.0,144.0,145.0
70727,272.0,102.0,156.0,157.0
70728,257.0,77.0,140.0,141.0
70729,247.0,123.0,128.0,133.0
70730,242.0,211.0,151.0,132.0
70731,232.0,70.0,133.0,128.0
70732,260.0,85.0,160.0,157.0
70733,260.0,105.0,131.0,160.0
70734,269.0,68.0,148.0,147.0
70735,270.0,173.0,159.0,151.0
70736,260.0,78.0,134.0,146.0
70737,232.0,228.0,128.0,140.0
70738,242.0,88.0,142.0,141.0
70739,246.0,132.0,145.0,132.0
70740,254.0,90.0,136.0,152.0
70741,232.0,84.0,133.0,117.0
70742,246.0,113.0,136.0,136.0
70743,256.0,78.0,152.0,138.0
70744,257.0,118.0,142.0,150.0
70745,242.0,73.0,149.0,130.0
70746,239.0,68.0,141.0,133.0
70747,259.0,136.0,126.0,148.0
70748,256.0,92.0,155.0,135.0
70749,247.0,138.0,131.0,135.0
70750,241.0,105.0,137.0,139.0
70751,251.0,91.0,133.0,146.0
70752,240.0,227.0,149.0,134.0
70753,257.0,225.0,156.0,148.0
70754,278.0,124.0,158.0,155.0
70755,274.0,92.0,163.0,168.0
70756,248.0,90.0,124.0,137.0
70757,251.0,81.0,138.0,154.0
70758,254.0,212.0,146.0,151.0
70759,244.0,66.0,140.0,156.0
70760,238.0,92.0,133.0,122.0
70761,265.0,121.0,141.0,150.0
70762,260.0,94.0,155.0,135.0
70763,249.0,75.0,145.0,130.0
70764,238.0,208.0,127.0,140.0
70765,231.0,208.0,143.0,129.0
70766,249.0,89.0,135.0,134.0
70767,254.0,228.0,142.0,133.0
70768,238.0,202.0,148.0,132.0
70769,244.0,124.0,135.0,134.0
70770,224.0,123.0,104.0,118.0
70771,260.0,100.0,159.0,146.0
70772,244.0,69.0,132.0,144.0
70773,238.0,107.0,137.0,142.0
70774,246.0,233.0,130.0,132.0
70775,218.0,186.0,134.0,117.0
70776,255.0,100.0,149.0,150.0
70777,260.0,114.0,159.0,147.0
70778,238.0,116.0,134.0,144.0
70779,267.0,136.0,136.0,142.0
70780,244.0,121.0,144.0,127.0
70781,240.0,119.0,125.0,136.0
70782,267.0,104.0,150.0,149.0
70783,262.0,110.0,142.0,153.0
70784,242.0,82.0,126.0,142.0
70785,238.0,122.0,125.0,120.0
70786,250.0,145.0,141.0,153.0
70787,255.0,160.0,133.0,161.0
70788,255.0,152.0,142.0,144.0
70789,252.0,92.0,143.0,144.0
70790,248.0,128.0,143.0,141.0
70791,221.0,193.0,118.0,127.0
70792,265.0,264.0,152.0,161.0
70793,252.0,102.0,142.0,150.0
70794,240.0,92.0,133.0,132.0
70795,258.0,104.0,145.0,151.0
70796,239.0,91.0,133.0,142.0
70797,227.0,130.0,122.0,137.0
70798,239.0,157.0,130.0,139.0
70799,236.0,53.0,138.0,143.0
70800,248.0,94.0,136.0,142.0
70801,265.0,234.0,145.0,150.0
70802,260.0,218.0,152.0,145.0
70803,240.0,114.0,122.0,138.0
70804,250.0,133.0,127.0,125.0
70805,253.0,107.0,137.0,137.0
70806,262.0,97.0,148.0,142.0
70807,246.0,129.0,121.0,122.0
70808,274.0,223.0,157.0,159.0
70809,260.0,102.0,154.0,149.0
70810,255.0,219.0,141.0,154.0
70811,244.0,219.0,132.0,130.0
70812,247.0,133.0,139.0,147.0
70813,230.0,108.0,131.0,128.0
70814,271.0,236.0,149.0,156.0
70815,265.0,108.0,149.0,145.0
70816,222.0,202.0,133.0,124.0
70817,247.0,90.0,140.0,140.0
70818,256.0,68.0,141.0,136.0
70819,246.0,242.0,145.0,145.0
70820,258.0,254.0,124.0,159.0
70821,257.0,164.0,141.0,153.0
70822,277.0,133.0,161.0,157.0
70823,244.0,155.0,140.0,147.0
70824,257.0,86.0,137.0,138.0
70825,249.0,87.0,150.0,146.0
70826,247.0,91.0,136.0,149.0
70827,266.0,134.0,154.0,157.0
70828,218.0,95.0,115.0,124.0
70829,241.0,60.0,128.0,133.0
70830,258.0,226.0,144.0,137.0
70831,257.0,155.0,146.0,140.0
70832,260.0,144.0,135.0,141.0
70833,249.0,83.0,143.0,149.0
70834,253.0,100.0,148.0,144.0
70835,233.0,82.0,141.0,136.0
70836,248.0,208.0,131.0,146.0
70837,240.0,139.0,134.0,139.0
70838,240.0,129.0,142.0,126.0
70839,243.0,208.0,140.0,139.0
70840,244.0,76.0,133.0,146.0
70841,262.0,174.0,138.0,146.0
70842,260.0,162.0,141.0,152.0
70843,234.0,117.0,121.0,134.0
70844,246.0,119.0,147.0,138.0
70845,254.0,89.0,134.0,157.0
70846,232.0,120.0,128.0,124.0
70847,241.0,215.0,131.0,142.0
70848,262.0,74.0,145.0,138.0
70849,231.0,94.0,137.0,133.0
70850,268.0,138.0,150.0,155.0
70851,258.0,127.0,140.0,143.0
70852,237.0,101.0,126.0,120.0
70853,249.0,114.0,133.0,146.0
70854,256.0,71.0,153.0,139.0
70855,228.0,128.0,126.0,131.0
70856,252.0,209.0,135.0,143.0
70857,268.0,110.0,153.0,146.0
70858,228.0,96.0,124.0,131.0
70859,268.0,241.0,150.0,169.0
70860,253.0,95.0,148.0,159.0
70861,236.0,127.0,133.0,138.0
70862,269.0,90.0,158.0,141.0
70863,236.0,108.0,144.0,139.0
70864,237.0,196.0,135.0,144.0
70865,257.0,229.0,155.0,149.0
70866,224.0,199.0,133.0,133.0
70867,242.0,97.0,154.0,136.0
70868,259.0,119.0,143.0,152.0
70869,242.0,241.0,139.0,130.0
70870,245.0,215.0,146.0,139.0
70871,258.0,215.0,151.0,152.0
70872,253.0,97.0,133.0,143.0
70873,275.0,102.0,149.0,141.0
70874,243.0,204.0,152.0,136.0
70875,235.0,218.0,138.0,123.0
70876,255.0,100.0,143.0,139.0
70877,250.0,113.0,135.0,138.0
70878,237.0,127.0,143.0,133.0
70879,251.0,218.0,131.0,132.0
70880,252.0,219.0,141.0,130.0
70881,240.0,76.0,128.0,120.0
70882,256.0,223.0,147.0,129.0
70883,248.0,124.0,135.0,152.0
70884,248.0,90.0,138.0,144.0
70885,269.0,87.0,144.0,143.0
70886,239.0,116.0,135.0,133.0
70887,256.0,133.0,135.0,147.0
70888,225.0,123.0,126.0,123.0
70889,240.0,134.0,128.0,136.0
70890,260.0,249.0,150.0,149.0
70891,246.0,83.0,134.0,133.0
70892,219.0,128.0,120.0,126.0
70893,249.0,143.0,161.0,136.0
70894,237.0,103.0,138.0,140.0
70895,246.0,93.0,135.0,130.0
70896,256.0,227.0,151.0,151.0
70897,240.0,111.0,136.0,132.0
70898,264.0,136.0,156.0,147.0
70899,264.0,139.0,161.0,158.0
70900,242.0,126.0,139.0,127.0
70901,253.0,146.0,124.0,134.0
70902,237.0,231.0,137.0,135.0
70903,234.0,203.0,116.0,124.0
70904,252.0,83.0,134.0,145.0
70905,266.0,258.0,160.0,152.0
70906,256.0,96.0,137.0,154.0
70907,268.0,230.0,135.0,151.0
70908,238.0,200.0,137.0,138.0
70909,268.0,161.0,156.0,156.0
70910,236.0,216.0,128.0,133.0
70911,248.0,112.0,150.0,151.0
70912,247.0,164.0,139.0,133.0
70913,237.0,135.0,135.0,143.0
70914,258.0,135.0,149.0,148.0
70915,265.0,92.0,136.0,167.0
70916,260.0,220.0,149.0,148.0
70917,260.0,77.0,147.0,159.0
70918,267.0,218.0,139.0,161.0
70919,251.0,174.0,141.0,143.0
70920,282.0,158.0,187.0,161.0
70921,227.0,116.0,129.0,126.0
70922,265.0,105.0,156.0,132.0
70923,242.0,82.0,146.0,142.0
70924,257.0,110.0,150.0,144.0
70925,252.0,202.0,138.0,132.0
70926,257.0,110.0,147.0,144.0
70927,230.0,227.0,144.0,130.0
70928,246.0,218.0,149.0,142.0
70929,255.0,142.0,143.0,162.0
70930,233.0,116.0,107.0,129.0
70931,236.0,83.0,149.0,136.0
70932,243.0,77.0,140.0,136.0
70933,239.0,105.0,129.0,126.0
70934,242.0,101.0,127.0,134.0
70935,251.0,108.0,142.0,140.0
70936,267.0,103.0,148.0,153.0
70937,270.0,183.0,152.0,137.0
70938,248.0,127.0,136.0,136.0
70939,230.0,168.0,111.0,130.0
70940,237.0,142.0,123.0,121.0
70941,254.0,248.0,128.0,140.0
70942,250.0,108.0,143.0,135.0
70943,276.0,109.0,148.0,137.0
70944,268.0,92.0,144.0,151.0
70945,252.0,213.0,151.0,143.0
70946,261.0,105.0,135.0,156.0
70947,252.0,152.0,126.0,127.0
70948,250.0,222.0,151.0,151.0
70949,236.0,196.0,114.0,129.0
70950,255.0,154.0,152.0,149.0
70951,257.0,136.0,152.0,153.0
70952,266.0,144.0,152.0,144.0
70953,247.0,163.0,143.0,147.0
70954,222.0,103.0,125.0,111.0
70955,253.0,123.0,140.0,121.0
70956,234.0,89.0,122.0,125.0
70957,236.0,200.0,136.0,148.0
70958,254.0,84.0,144.0,144.0
70959,242.0,119.0,129.0,132.0
70960,257.0,88.0,147.0,138.0
70961,238.0,68.0,138.0,129.0
70962,248.0,211.0,145.0,153.0
70963,270.0,131.0,158.0,135.0
70964,252.0,193.0,132.0,132.0
70965,247.0,140.0,126.0,151.0
70966,246.0,93.0,139.0,148.0
70967,241.0,173.0,124.0,129.0
70968,241.0,99.0,128.0,142.0
70969,262.0,98.0,151.0,146.0
70970,254.0,141.0,157.0,140.0
70971,240.0,71.0,123.0,144.0
70972,248.0,140.0,140.0,139.0
70973,271.0,135.0,156.0,146.0
70974,270.0,103.0,163.0,167.0
70975,256.0,151.0,142.0,142.0
70976,244.0,106.0,122.0,134.0
70977,250.0,151.0,133.0,149.0
70978,238.0,106.0,131.0,134.0
70979,243.0,120.0,133.0,130.0
70980,245.0,107.0,147.0,140.0
70981,235.0,84.0,130.0,132.0
70982,254.0,53.0,136.0,148.0
70983,239.0,120.0,139.0,131.0
70984,245.0,212.0,149.0,134.0
70985,255.0,216.0,147.0,143.0
70986,250.0,210.0,139.0,144.0
70987,242.0,135.0,144.0,131.0
70988,226.0,79.0,129.0,119.0
70989,275.0,162.0,138.0,144.0
70990,234.0,107.0,139.0,125.0
70991,247.0,156.0,151.0,142.0
70992,240.0,169.0,135.0,120.0
70993,237.0,234.0,144.0,136.0
70994,236.0,120.0,137.0,133.0
70995,248.0,110.0,122.0,143.0
70996,223.0,99.0,131.0,138.0
70997,242.0,128.0,138.0,130.0
70998,252.0,206.0,152.0,137.0
70999,249.0,217.0,138.0,133.0
71000,251.0,114.0,150.0,149.0
71001,273.0,120.0,154.0,160.0
71002,240.0,75.0,120.0,137.0
71003,250.0,95.0,143.0,142.0
71004,255.0,136.0,152.0,144.0
71005,255.0,135.0,143.0,148.0
71006,244.0,154.0,136.0,158.0
71007,260.0,167.0,141.0,147.0
71008,258.0,241.0,148.0,163.0
71009,265.0,112.0,150.0,150.0
71010,254.0,125.0,146.0,145.0
71011,255.0,101.0,139.0,130.0
71012,245.0,96.0,140.0,135.0
71013,236.0,75.0,119.0,143.0
71014,227.0,111.0,131.0,132.0
71015,253.0,128.0,145.0,141.0
71016,249.0,41.0,145.0,134.0
71017,262.0,224.0,151.0,156.0
71018,253.0,110.0,151.0,133.0
71019,249.0,92.0,156.0,132.0
71020,266.0,236.0,152.0,165.0
71021,245.0,215.0,127.0,140.0
71022,259.0,214.0,145.0,143.0
71023,237.0,113.0,146.0,127.0
71024,260.0,229.0,148.0,136.0
71025,259.0,164.0,150.0,145.0
71026,249.0,104.0,135.0,149.0
71027,238.0,122.0,130.0,143.0
71028,239.0,105.0,133.0,141.0
71029,272.0,231.0,147.0,154.0
71030,255.0,88.0,144.0,147.0
71031,246.0,75.0,139.0,149.0
71032,245.0,59.0,135.0,129.0
71033,246.0,99.0,149.0,129.0
71034,236.0,116.0,142.0,134.0
71035,228.0,83.0,122.0,128.0
71036,233.0,102.0,114.0,130.0
71037,281.0,279.0,155.0,168.0
71038,278.0,147.0,169.0,150.0
71039,266.0,153.0,150.0,157.0
71040,233.0,152.0,118.0,129.0
71041,257.0,108.0,140.0,144.0
71042,250.0,97.0,136.0,142.0
71043,256.0,84.0,137.0,133.0
71044,241.0,86.0,132.0,144.0
71045,264.0,107.0,145.0,141.0
71046,251.0,99.0,139.0,147.0
71047,243.0,84.0,128.0,144.0
71048,246.0,124.0,133.0,134.0
71049,266.0,217.0,164.0,149.0
71050,261.0,140.0,152.0,146.0
71051,274.0,177.0,163.0,146.0
71052,230.0,103.0,121.0,127.0
71053,245.0,86.0,137.0,144.0
71054,253.0,99.0,153.0,132.0
71055,271.0,126.0,146.0,154.0
71056,284.0,151.0,165.0,168.0
71057,245.0,111.0,135.0,139.0
71058,255.0,98.0,145.0,150.0
71059,262.0,123.0,135.0,149.0
71060,262.0,157.0,140.0,143.0
71061,242.0,150.0,143.0,127.0
71062,273.0,146.0,157.0,156.0
71063,277.0,271.0,156.0,172.0
71064,238.0,118.0,134.0,139.0
71065,250.0,101.0,135.0,131.0
71066,253.0,211.0,136.0,150.0
71067,241.0,84.0,134.0,139.0
71068,256.0,128.0,144.0,141.0
71069,257.0,70.0,140.0,146.0
71070,229.0,86.0,144.0,134.0
71071,255.0,90.0,127.0,135.0
71072,234.0,231.0,135.0,129.0
71073,232.0,229.0,135.0,130.0
71074,264.0,107.0,157.0,139.0
71075,239.0,83.0,127.0,129.0
71076,245.0,245.0,145.0,132.0
71077,237.0,126.0,137.0,141.0
71078,272.0,111.0,153.0,152.0
71079,261.0,152.0,146.0,149.0
71080,239.0,190.0,138.0,141.0
71081,252.0,75.0,143.0,161.0
71082,233.0,117.0,133.0,131.0
71083,279.0,103.0,166.0,159.0
71084,228.0,85.0,130.0,144.0
71085,256.0,221.0,145.0,144.0
71086,240.0,108.0,119.0,142.0
71087,242.0,136.0,127.0,146.0
71088,248.0,235.0,147.0,144.0
71089,249.0,105.0,131.0,149.0
71090,273.0,129.0,155.0,161.0
71091,261.0,107.0,149.0,142.0
71092,262.0,116.0,152.0,153.0
71093,221.0,102.0,114.0,127.0
71094,228.0,98.0,127.0,125.0
71095,244.0,103.0,123.0,129.0
71096,245.0,208.0,140.0,135.0
71097,273.0,102.0,159.0,160.0
71098,273.0,144.0,157.0,146.0
71099,251.0,113.0,132.0,143.0
71100,250.0,105.0,134.0,150.0
71101,255.0,119.0,139.0,147.0
71102,252.0,200.0,143.0,135.0
71103,267.0,118.0,148.0,143.0
71104,226.0,118.0,143.0,120.0
71105,248.0,200.0,136.0,144.0
71106,256.0,249.0,138.0,142.0
71107,256.0,68.0,144.0,153.0
71108,263.0,235.0,153.0,146.0
71109,292.0,121.0,168.0,165.0
71110,241.0,207.0,136.0,147.0
71111,228.0,87.0,116.0,124.0
71112,246.0,124.0,134.0,129.0
71113,255.0,249.0,133.0,131.0
71114,264.0,90.0,164.0,156.0
71115,230.0,106.0,130.0,136.0
71116,251.0,222.0,133.0,151.0
71117,262.0,115.0,142.0,149.0
71118,243.0,102.0,141.0,138.0
71119,248.0,135.0,130.0,136.0
71120,265.0,129.0,159.0,164.0
71121,267.0,120.0,161.0,151.0
71122,235.0,117.0,127.0,130.0
71123,243.0,112.0,142.0,131.0
71124,281.0,103.0,156.0,160.0
71125,237.0,112.0,138.0,132.0
71126,248.0,139.0,141.0,143.0
71127,247.0,134.0,142.0,139.0
71128,271.0,140.0,140.0,132.0
71129,261.0,124.0,159.0,151.0
71130,266.0,113.0,143.0,151.0
71131,235.0,94.0,131.0,130.0
71132,262.0,217.0,154.0,150.0
71133,229.0,101.0,128.0,147.0
71134,247.0,129.0,146.0,138.0
71135,243.0,112.0,131.0,133.0
71136,252.0,210.0,143.0,145.0
71137,251.0,106.0,136.0,166.0
71138,269.0,141.0,148.0,157.0
71139,250.0,75.0,135.0,144.0
71140,234.0,84.0,147.0,120.0
71141,244.0,134.0,124.0,140.0
71142,261.0,107.0,156.0,132.0
71143,228.0,98.0,145.0,125.0
71144,260.0,209.0,148.0,150.0
71145,254.0,107.0,158.0,138.0
71146,249.0,106.0,133.0,142.0
71147,239.0,108.0,139.0,116.0
71148,255.0,125.0,141.0,136.0
71149,263.0,75.0,151.0,147.0
71150,246.0,114.0,127.0,143.0
71151,275.0,119.0,145.0,152.0
71152,228.0,189.0,139.0,130.0
71153,241.0,117.0,142.0,135.0
71154,255.0,84.0,140.0,143.0
71155,267.0,229.0,148.0,170.0
71156,242.0,92.0,147.0,144.0
71157,243.0,205.0,142.0,137.0
71158,230.0,116.0,130.0,127.0
71159,244.0,104.0,154.0,148.0
71160,264.0,106.0,142.0,145.0
71161,240.0,85.0,135.0,142.0
71162,254.0,81.0,149.0,148.0
71163,224.0,66.0,125.0,126.0
71164,278.0,125.0,147.0,161.0
71165,261.0,87.0,144.0,131.0
71166,257.0,224.0,133.0,147.0
71167,231.0,88.0,121.0,143.0
71168,226.0,125.0,120.0,119.0
71169,236.0,114.0,137.0,139.0
71170,264.0,104.0,155.0,151.0
71171,264.0,120.0,140.0,143.0
71172,262.0,209.0,146.0,160.0
71173,256.0,109.0,148.0,153.0
71174,261.0,98.0,140.0,147.0
71175,251.0,221.0,147.0,135.0
71176,237.0,105.0,124.0,136.0
71177,243.0,142.0,142.0,116.0
71178,264.0,96.0,140.0,156.0
71179,265.0,231.0,158.0,153.0
71180,254.0,118.0,146.0,139.0
71181,242.0,204.0,133.0,139.0
71182,250.0,99.0,137.0,142.0
71183,234.0,207.0,130.0,136.0
71184,240.0,238.0,126.0,125.0
71185,247.0,131.0,143.0,152.0
71186,250.0,73.0,137.0,150.0
71187,257.0,133.0,149.0,146.0
71188,283.0,247.0,158.0,170.0
71189,238.0,192.0,119.0,119.0
71190,232.0,139.0,140.0,126.0
71191,248.0,240.0,127.0,136.0
71192,242.0,234.0,126.0,126.0
71193,225.0,78.0,136.0,126.0
71194,273.0,188.0,138.0,154.0
71195,245.0,84.0,131.0,126.0
71196,234.0,98.0,145.0,136.0
71197,253.0,89.0,147.0,150.0
71198,254.0,95.0,146.0,142.0
71199,241.0,132.0,118.0,122.0
71200,269.0,135.0,143.0,156.0
71201,234.0,196.0,133.0,107.0
71202,218.0,196.0,115.0,124.0
71203,245.0,90.0,135.0,136.0
71204,222.0,95.0,115.0,105.0
71205,229.0,133.0,138.0,140.0
71206,241.0,114.0,136.0,136.0
71207,254.0,107.0,148.0,136.0
71208,256.0,100.0,137.0,151.0
71209,228.0,118.0,144.0,138.0
71210,237.0,111.0,132.0,130.0
71211,249.0,132.0,140.0,142.0
71212,266.0,235.0,164.0,129.0
71213,258.0,144.0,150.0,139.0
71214,279.0,227.0,160.0,151.0
71215,244.0,99.0,136.0,138.0
71216,254.0,155.0,121.0,154.0
71217,232.0,113.0,135.0,128.0
71218,267.0,51.0,152.0,150.0
71219,260.0,109.0,146.0,151.0
71220,251.0,198.0,136.0,145.0
71221,230.0,177.0,132.0,135.0
71222,261.0,148.0,160.0,147.0
71223,265.0,76.0,155.0,147.0
71224,253.0,153.0,137.0,152.0
71225,276.0,97.0,153.0,161.0
71226,257.0,110.0,132.0,154.0
71227,243.0,131.0,140.0,138.0
71228,258.0,101.0,145.0,148.0
71229,261.0,93.0,152.0,143.0
71230,262.0,104.0,150.0,136.0
71231,255.0,124.0,161.0,131.0
71232,244.0,70.0,121.0,143.0
71233,262.0,125.0,153.0,139.0
71234,236.0,204.0,125.0,138.0
71235,247.0,212.0,142.0,141.0
71236,261.0,111.0,142.0,154.0
71237,258.0,253.0,147.0,153.0
71238,259.0,135.0,142.0,142.0
71239,233.0,86.0,122.0,130.0
71240,273.0,109.0,150.0,148.0
71241,256.0,151.0,141.0,151.0
71242,246.0,238.0,146.0,151.0
71243,225.0,101.0,125.0,117.0
71244,245.0,221.0,156.0,146.0
71245,261.0,97.0,139.0,144.0
71246,260.0,176.0,164.0,151.0
71247,235.0,82.0,130.0,136.0
71248,266.0,116.0,134.0,159.0
71249,280.0,153.0,155.0,157.0
71250,244.0,220.0,136.0,139.0
71251,245.0,138.0,141.0,129.0
71252,235.0,205.0,128.0,148.0
71253,254.0,50.0,138.0,153.0
71254,271.0,177.0,153.0,152.0
71255,239.0,189.0,125.0,128.0
71256,227.0,193.0,114.0,142.0
71257,242.0,205.0,132.0,133.0
71258,241.0,96.0,146.0,140.0
71259,257.0,108.0,141.0,151.0
71260,276.0,147.0,151.0,158.0
71261,243.0,128.0,126.0,138.0
71262,272.0,234.0,142.0,141.0
71263,248.0,225.0,133.0,144.0
71264,251.0,103.0,125.0,141.0
71265,234.0,135.0,127.0,128.0
71266,247.0,238.0,138.0,148.0
71267,255.0,79.0,142.0,141.0
71268,220.0,77.0,129.0,120.0
71269,257.0,122.0,136.0,146.0
71270,263.0,225.0,156.0,152.0
71271,241.0,145.0,137.0,144.0
71272,247.0,63.0,145.0,130.0
71273,248.0,215.0,140.0,147.0
71274,253.0,149.0,137.0,133.0
71275,258.0,98.0,134.0,148.0
71276,241.0,109.0,146.0,135.0
71277,242.0,97.0,134.0,141.0
71278,274.0,246.0,157.0,135.0
71279,225.0,128.0,112.0,132.0
71280,267.0,120.0,142.0,145.0
71281,243.0,123.0,117.0,140.0
71282,251.0,122.0,177.0,145.0
71283,269.0,106.0,149.0,161.0
71284,240.0,196.0,135.0,131.0
71285,241.0,188.0,144.0,132.0
71286,234.0,193.0,126.0,133.0
71287,232.0,121.0,127.0,133.0
71288,253.0,109.0,126.0,128.0
71289,245.0,98.0,133.0,146.0
71290,249.0,112.0,124.0,144.0
71291,241.0,112.0,133.0,132.0
71292,260.0,188.0,141.0,130.0
71293,258.0,105.0,145.0,145.0
71294,226.0,111.0,134.0,131.0
71295,257.0,99.0,137.0,135.0
71296,235.0,72.0,122.0,127.0
71297,251.0,111.0,144.0,136.0
71298,262.0,105.0,136.0,150.0
71299,254.0,254.0,148.0,147.0
71300,217.0,177.0,121.0,124.0
71301,248.0,224.0,128.0,146.0
71302,250.0,100.0,146.0,136.0
71303,251.0,102.0,136.0,148.0
71304,259.0,87.0,140.0,158.0
71305,264.0,96.0,156.0,155.0
71306,252.0,104.0,134.0,128.0
71307,256.0,116.0,128.0,136.0
71308,260.0,225.0,149.0,141.0
71309,242.0,229.0,139.0,130.0
71310,251.0,106.0,140.0,124.0
71311,254.0,174.0,129.0,137.0
71312,253.0,108.0,142.0,135.0
71313,253.0,96.0,139.0,130.0
71314,252.0,133.0,149.0,143.0
71315,256.0,114.0,136.0,141.0
71316,267.0,155.0,147.0,156.0
71317,266.0,146.0,163.0,150.0
71318,245.0,86.0,142.0,136.0
71319,246.0,61.0,130.0,137.0
71320,244.0,69.0,133.0,142.0
71321,223.0,53.0,129.0,137.0
71322,243.0,127.0,143.0,125.0
71323,272.0,246.0,146.0,149.0
71324,259.0,233.0,135.0,143.0
71325,246.0,96.0,130.0,133.0
71326,245.0,90.0,136.0,127.0
71327,264.0,164.0,150.0,142.0
71328,228.0,156.0,142.0,129.0
71329,272.0,134.0,150.0,169.0
71330,262.0,129.0,138.0,142.0
71331,229.0,226.0,137.0,147.0
71332,246.0,141.0,137.0,155.0
71333,247.0,145.0,124.0,154.0
71334,272.0,231.0,163.0,148.0
71335,262.0,130.0,147.0,154.0
71336,272.0,119.0,147.0,141.0
71337,237.0,157.0,139.0,155.0
71338,261.0,137.0,153.0,135.0
71339,243.0,118.0,145.0,145.0
71340,252.0,104.0,130.0,149.0
71341,280.0,128.0,161.0,157.0
71342,249.0,77.0,151.0,137.0
71343,257.0,129.0,148.0,141.0
71344,253.0,238.0,129.0,141.0
71345,258.0,185.0,132.0,132.0
71346,265.0,147.0,154.0,141.0
71347,229.0,212.0,117.0,137.0
71348,238.0,88.0,132.0,115.0
71349,265.0,111.0,143.0,146.0
71350,282.0,113.0,147.0,154.0
71351,241.0,78.0,139.0,142.0
71352,264.0,210.0,154.0,146.0
71353,263.0,78.0,149.0,151.0
71354,241.0,206.0,135.0,145.0
71355,268.0,109.0,143.0,145.0
71356,256.0,104.0,142.0,147.0
71357,236.0,208.0,140.0,133.0
71358,271.0,120.0,140.0,142.0
71359,244.0,221.0,143.0,148.0
71360,232.0,200.0,119.0,121.0
71361,264.0,47.0,148.0,141.0
71362,242.0,201.0,137.0,125.0
71363,269.0,131.0,144.0,140.0
71364,243.0,93.0,141.0,125.0
71365,266.0,113.0,163.0,149.0
71366,225.0,199.0,132.0,138.0
71367,242.0,228.0,151.0,137.0
71368,269.0,143.0,153.0,167.0
71369,248.0,104.0,143.0,145.0
71370,265.0,136.0,141.0,156.0
71371,267.0,132.0,144.0,147.0
71372,262.0,92.0,151.0,141.0
71373,242.0,81.0,125.0,149.0
71374,253.0,150.0,140.0,137.0
71375,250.0,104.0,130.0,129.0
71376,233.0,228.0,139.0,143.0
71377,270.0,265.0,156.0,153.0
71378,259.0,157.0,143.0,148.0
71379,237.0,212.0,130.0,131.0
71380,242.0,102.0,138.0,139.0
71381,243.0,219.0,141.0,135.0
71382,259.0,88.0,138.0,147.0
71383,239.0,121.0,123.0,138.0
71384,260.0,90.0,159.0,150.0
71385,257.0,111.0,149.0,156.0
71386,231.0,142.0,136.0,126.0
71387,250.0,88.0,148.0,143.0
71388,245.0,215.0,136.0,145.0
71389,254.0,158.0,125.0,143.0
71390,209.0,84.0,114.0,120.0
71391,246.0,161.0,148.0,135.0
71392,231.0,200.0,135.0,116.0
71393,242.0,91.0,138.0,147.0
71394,249.0,87.0,148.0,130.0
71395,236.0,122.0,131.0,126.0
71396,272.0,158.0,165.0,157.0
71397,232.0,193.0,137.0,126.0
71398,226.0,124.0,129.0,135.0
71399,250.0,97.0,133.0,130.0
71400,246.0,117.0,141.0,136.0
71401,247.0,222.0,140.0,155.0
71402,235.0,127.0,127.0,138.0
71403,258.0,153.0,142.0,151.0
71404,255.0,215.0,145.0,143.0
71405,241.0,99.0,128.0,140.0
71406,254.0,158.0,154.0,139.0
71407,238.0,151.0,131.0,149.0
71408,265.0,245.0,142.0,146.0
71409,293.0,249.0,160.0,164.0
71410,263.0,130.0,150.0,140.0
71411,267.0,91.0,146.0,137.0
71412,216.0,104.0,129.0,127.0
71413,268.0,127.0,153.0,142.0
71414,250.0,99.0,151.0,136.0
71415,275.0,150.0,132.0,158.0
71416,238.0,209.0,140.0,118.0
71417,270.0,106.0,150.0,147.0
71418,249.0,105.0,133.0,156.0
71419,255.0,215.0,149.0,144.0
71420,256.0,175.0,133.0,142.0
71421,258.0,48.0,155.0,155.0
71422,261.0,125.0,145.0,153.0
71423,253.0,79.0,148.0,152.0
71424,271.0,103.0,168.0,151.0
71425,246.0,87.0,141.0,138.0
71426,279.0,138.0,160.0,146.0
71427,245.0,222.0,142.0,131.0
71428,264.0,224.0,139.0,143.0
71429,216.0,102.0,133.0,114.0
71430,247.0,235.0,132.0,136.0
71431,246.0,73.0,139.0,132.0
71432,257.0,127.0,145.0,150.0
71433,236.0,113.0,135.0,136.0
71434,274.0,250.0,156.0,158.0
71435,232.0,224.0,126.0,140.0
71436,259.0,120.0,145.0,154.0
71437,257.0,100.0,148.0,138.0
71438,257.0,108.0,149.0,145.0
71439,249.0,112.0,132.0,141.0
71440,247.0,98.0,123.0,133.0
71441,261.0,209.0,137.0,144.0
71442,225.0,132.0,138.0,116.0
71443,242.0,77.0,133.0,127.0
71444,258.0,250.0,149.0,136.0
71445,273.0,97.0,155.0,163.0
71446,246.0,237.0,139.0,145.0
71447,225.0,77.0,132.0,126.0
71448,266.0,129.0,152.0,157.0
71449,243.0,115.0,140.0,138.0
71450,260.0,163.0,148.0,152.0
71451,257.0,139.0,159.0,136.0
71452,232.0,86.0,110.0,134.0
71453,241.0,148.0,130.0,133.0
71454,241.0,208.0,134.0,139.0
71455,254.0,125.0,163.0,155.0
71456,270.0,99.0,147.0,146.0
71457,257.0,109.0,134.0,142.0
71458,232.0,88.0,120.0,130.0
71459,249.0,225.0,137.0,148.0
71460,250.0,119.0,148.0,146.0
71461,244.0,162.0,142.0,137.0
71462,252.0,80.0,131.0,144.0
71463,241.0,143.0,134.0,141.0
71464,254.0,206.0,136.0,138.0
71465,236.0,116.0,134.0,140.0
71466,259.0,93.0,148.0,155.0
71467,272.0,225.0,158.0,144.0
71468,257.0,221.0,130.0,151.0
71469,242.0,103.0,139.0,134.0
71470,244.0,200.0,131.0,143.0
71471,244.0,99.0,145.0,140.0
71472,263.0,96.0,153.0,147.0
71473,266.0,238.0,145.0,142.0
71474,256.0,83.0,143.0,137.0
71475,256.0,117.0,139.0,138.0
71476,228.0,98.0,134.0,120.0
71477,236.0,197.0,123.0,129.0
71478,248.0,65.0,137.0,138.0
71479,274.0,107.0,147.0,150.0
71480,239.0,128.0,135.0,138.0
71481,253.0,79.0,144.0,157.0
71482,240.0,122.0,146.0,131.0
71483,260.0,102.0,128.0,154.0
71484,268.0,231.0,159.0,139.0
71485,261.0,52.0,153.0,145.0
71486,258.0,105.0,134.0,149.0
71487,252.0,89.0,136.0,127.0
71488,238.0,128.0,127.0,147.0
71489,232.0,111.0,129.0,125.0
71490,257.0,147.0,148.0,140.0
71491,254.0,97.0,148.0,138.0
71492,277.0,85.0,166.0,166.0
71493,251.0,116.0,132.0,143.0
71494,259.0,105.0,139.0,149.0
71495,238.0,145.0,131.0,129.0
71496,232.0,114.0,133.0,120.0
71497,276.0,165.0,149.0,148.0
71498,233.0,129.0,123.0,150.0
71499,238.0,196.0,132.0,144.0
71500,252.0,90.0,141.0,129.0
71501,254.0,98.0,146.0,145.0
71502,256.0,112.0,134.0,143.0
71503,247.0,94.0,152.0,139.0
71504,247.0,66.0,130.0,131.0
71505,253.0,105.0,137.0,144.0
71506,240.0,77.0,125.0,134.0
71507,269.0,103.0,152.0,136.0
71508,229.0,137.0,123.0,121.0
71509,235.0,105.0,133.0,138.0
71510,253.0,92.0,134.0,138.0
71511,243.0,119.0,134.0,147.0
71512,268.0,127.0,141.0,163.0
71513,280.0,109.0,166.0,166.0
71514,238.0,213.0,126.0,139.0
71515,230.0,87.0,135.0,126.0
71516,238.0,94.0,128.0,138.0
71517,257.0,140.0,147.0,159.0
71518,246.0,97.0,133.0,122.0
71519,258.0,100.0,146.0,153.0
71520,262.0,92.0,133.0,164.0
71521,243.0,113.0,141.0,140.0
71522,258.0,235.0,157.0,123.0
71523,261.0,122.0,134.0,131.0
71524,222.0,107.0,123.0,120.0
71525,238.0,89.0,142.0,124.0
71526,253.0,118.0,147.0,142.0
71527,243.0,205.0,139.0,127.0
71528,254.0,122.0,146.0,141.0
71529,247.0,113.0,143.0,141.0
71530,261.0,116.0,142.0,159.0
71531,255.0,148.0,136.0,132.0
71532,280.0,86.0,158.0,153.0
71533,242.0,130.0,133.0,142.0
71534,225.0,125.0,127.0,119.0
71535,259.0,55.0,123.0,145.0
71536,247.0,132.0,144.0,122.0
71537,251.0,109.0,135.0,145.0
71538,235.0,126.0,138.0,141.0
71539,240.0,134.0,129.0,129.0
71540,243.0,101.0,147.0,143.0
71541,268.0,70.0,147.0,158.0
71542,247.0,105.0,123.0,135.0
71543,256.0,82.0,141.0,138.0
71544,255.0,128.0,140.0,147.0
71545,269.0,149.0,147.0,141.0
71546,251.0,128.0,143.0,148.0
71547,277.0,113.0,158.0,154.0
71548,254.0,92.0,139.0,147.0
71549,233.0,61.0,122.0,140.0
71550,240.0,147.0,118.0,155.0
71551,273.0,263.0,151.0,155.0
71552,217.0,104.0,114.0,121.0
71553,251.0,114.0,144.0,150.0
71554,233.0,103.0,138.0,121.0
71555,252.0,153.0,138.0,144.0
71556,246.0,129.0,146.0,134.0
71557,251.0,76.0,135.0,138.0
71558,233.0,91.0,128.0,142.0
71559,246.0,87.0,135.0,126.0
71560,243.0,199.0,135.0,136.0
71561,244.0,145.0,136.0,142.0
71562,261.0,220.0,132.0,154.0
71563,257.0,70.0,143.0,152.0
71564,246.0,214.0,130.0,142.0
71565,259.0,121.0,142.0,143.0
71566,234.0,140.0,122.0,125.0
71567,250.0,131.0,135.0,139.0
71568,264.0,243.0,151.0,155.0
71569,235.0,105.0,126.0,129.0
71570,226.0,113.0,116.0,131.0
71571,268.0,123.0,152.0,142.0
71572,255.0,149.0,157.0,138.0
71573,249.0,140.0,133.0,133.0
71574,274.0,147.0,174.0,162.0
71575,252.0,201.0,134.0,135.0
71576,259.0,153.0,148.0,150.0
71577,249.0,101.0,139.0,152.0
71578,249.0,233.0,136.0,133.0
71579,229.0,76.0,130.0,129.0
71580,251.0,207.0,144.0,138.0
71581,255.0,222.0,133.0,134.0
71582,252.0,98.0,152.0,135.0
71583,254.0,98.0,147.0,156.0
71584,245.0,111.0,135.0,137.0
71585,272.0,106.0,161.0,158.0
71586,264.0,124.0,134.0,143.0
71587,264.0,160.0,152.0,155.0
71588,249.0,249.0,159.0,158.0
71589,235.0,87.0,129.0,133.0
71590,259.0,173.0,144.0,140.0
71591,269.0,154.0,150.0,141.0
71592,257.0,175.0,151.0,168.0
71593,271.0,137.0,152.0,154.0
71594,243.0,156.0,130.0,137.0
71595,244.0,90.0,121.0,158.0
71596,243.0,103.0,144.0,145.0
71597,246.0,75.0,128.0,137.0
71598,265.0,136.0,157.0,162.0
71599,244.0,61.0,155.0,146.0
71600,245.0,96.0,127.0,147.0
71601,246.0,114.0,136.0,133.0
71602,248.0,152.0,133.0,141.0
71603,252.0,118.0,139.0,157.0
71604,280.0,68.0,150.0,156.0
71605,243.0,147.0,140.0,144.0
71606,226.0,110.0,116.0,124.0
71607,280.0,130.0,155.0,156.0
71608,247.0,208.0,134.0,132.0
71609,232.0,128.0,136.0,142.0
71610,237.0,93.0,135.0,145.0
71611,271.0,100.0,170.0,155.0
71612,282.0,121.0,175.0,178.0
71613,255.0,86.0,152.0,135.0
71614,241.0,132.0,129.0,125.0
71615,268.0,141.0,157.0,153.0
71616,237.0,199.0,126.0,123.0
71617,258.0,110.0,149.0,153.0
71618,267.0,109.0,147.0,158.0
71619,226.0,86.0,132.0,127.0
71620,244.0,215.0,125.0,132.0
71621,256.0,120.0,131.0,154.0
71622,255.0,136.0,135.0,131.0
71623,261.0,143.0,157.0,145.0
71624,259.0,228.0,138.0,161.0
71625,251.0,141.0,148.0,137.0
71626,262.0,115.0,145.0,154.0
71627,246.0,126.0,128.0,124.0
71628,247.0,119.0,140.0,139.0
71629,264.0,66.0,134.0,161.0
71630,242.0,140.0,121.0,127.0
71631,256.0,251.0,134.0,148.0
71632,243.0,108.0,133.0,150.0
71633,263.0,227.0,142.0,154.0
71634,230.0,197.0,128.0,129.0
71635,239.0,226.0,126.0,136.0
71636,236.0,223.0,136.0,132.0
71637,240.0,210.0,149.0,133.0
71638,236.0,75.0,121.0,145.0
71639,245.0,204.0,137.0,141.0
71640,234.0,121.0,134.0,124.0
71641,264.0,87.0,137.0,154.0
71642,251.0,58.0,144.0,143.0
71643,235.0,192.0,129.0,132.0
71644,232.0,191.0,133.0,122.0
71645,249.0,134.0,137.0,140.0
71646,236.0,216.0,147.0,127.0
71647,270.0,115.0,151.0,165.0
71648,247.0,101.0,146.0,147.0
71649,255.0,148.0,138.0,145.0
71650,252.0,211.0,142.0,142.0
71651,263.0,110.0,152.0,156.0
71652,256.0,208.0,148.0,125.0
71653,265.0,114.0,148.0,148.0
71654,253.0,110.0,145.0,143.0
71655,253.0,129.0,149.0,140.0
71656,247.0,89.0,133.0,144.0
71657,265.0,88.0,164.0,151.0
71658,265.0,220.0,150.0,148.0
71659,239.0,79.0,139.0,141.0
71660,258.0,103.0,145.0,154.0
71661,251.0,128.0,150.0,139.0
71662,265.0,212.0,146.0,162.0
71663,247.0,108.0,142.0,142.0
71664,247.0,108.0,138.0,153.0
71665,261.0,229.0,155.0,142.0
71666,246.0,97.0,134.0,151.0
71667,263.0,222.0,143.0,139.0
71668,248.0,239.0,143.0,144.0
71669,254.0,215.0,136.0,137.0
71670,253.0,156.0,142.0,146.0
71671,242.0,211.0,139.0,128.0
71672,265.0,94.0,157.0,141.0
71673,245.0,143.0,145.0,147.0
71674,252.0,93.0,127.0,148.0
71675,257.0,99.0,144.0,141.0
71676,236.0,129.0,122.0,134.0
71677,215.0,102.0,126.0,110.0
71678,264.0,113.0,152.0,147.0
71679,223.0,78.0,126.0,117.0
71680,256.0,151.0,139.0,139.0
71681,269.0,159.0,148.0,147.0
71682,230.0,87.0,119.0,132.0
71683,274.0,81.0,153.0,137.0
71684,262.0,114.0,157.0,136.0
71685,271.0,126.0,162.0,153.0
71686,279.0,160.0,146.0,159.0
71687,263.0,221.0,151.0,147.0
71688,240.0,199.0,135.0,127.0
71689,254.0,93.0,158.0,140.0
71690,261.0,127.0,146.0,160.0
71691,250.0,95.0,140.0,136.0
71692,257.0,207.0,160.0,147.0
71693,248.0,121.0,151.0,138.0
71694,237.0,236.0,154.0,117.0
71695,252.0,220.0,141.0,150.0
71696,264.0,177.0,173.0,152.0
71697,270.0,127.0,151.0,163.0
71698,278.0,220.0,159.0,157.0
71699,255.0,249.0,151.0,163.0
71700,265.0,186.0,162.0,136.0
71701,263.0,233.0,147.0,152.0
71702,218.0,85.0,120.0,122.0
71703,241.0,113.0,118.0,133.0
71704,234.0,198.0,134.0,133.0
71705,254.0,218.0,157.0,133.0
71706,258.0,93.0,139.0,142.0
71707,248.0,124.0,136.0,135.0
71708,256.0,116.0,150.0,154.0
71709,241.0,202.0,138.0,143.0
71710,257.0,84.0,156.0,150.0
71711,271.0,76.0,160.0,143.0
71712,231.0,114.0,129.0,142.0
71713,255.0,134.0,145.0,151.0
71714,272.0,132.0,151.0,162.0
71715,242.0,212.0,137.0,138.0
71716,259.0,101.0,151.0,157.0
71717,257.0,74.0,141.0,142.0
71718,245.0,130.0,146.0,142.0
71719,254.0,223.0,123.0,150.0
71720,237.0,206.0,143.0,130.0
71721,243.0,87.0,141.0,141.0
71722,238.0,86.0,147.0,126.0
71723,262.0,71.0,147.0,139.0
71724,255.0,148.0,139.0,133.0
71725,234.0,195.0,122.0,134.0
71726,250.0,81.0,141.0,123.0
71727,249.0,94.0,141.0,144.0
71728,244.0,129.0,142.0,119.0
71729,241.0,206.0,152.0,131.0
71730,266.0,211.0,156.0,147.0
71731,249.0,112.0,132.0,135.0
71732,242.0,109.0,134.0,160.0
71733,255.0,125.0,144.0,145.0
71734,257.0,213.0,149.0,155.0
71735,273.0,162.0,147.0,139.0
71736,231.0,97.0,125.0,128.0
71737,272.0,140.0,141.0,159.0
71738,259.0,112.0,146.0,158.0
71739,249.0,222.0,140.0,138.0
71740,249.0,135.0,132.0,140.0
71741,255.0,115.0,138.0,141.0
71742,253.0,107.0,148.0,150.0
71743,239.0,239.0,158.0,135.0
71744,260.0,132.0,141.0,165.0
71745,248.0,116.0,132.0,142.0
71746,241.0,121.0,142.0,126.0
71747,238.0,203.0,114.0,134.0
71748,251.0,246.0,139.0,145.0
71749,250.0,97.0,143.0,137.0
71750,266.0,124.0,151.0,142.0
71751,248.0,84.0,138.0,143.0
71752,245.0,202.0,139.0,135.0
71753,232.0,118.0,139.0,130.0
71754,242.0,158.0,136.0,150.0
71755,260.0,127.0,143.0,152.0
71756,267.0,119.0,161.0,160.0
71757,257.0,122.0,156.0,133.0
71758,257.0,162.0,141.0,142.0
71759,244.0,101.0,119.0,138.0
71760,255.0,112.0,139.0,137.0
71761,265.0,75.0,159.0,159.0
71762,253.0,108.0,138.0,134.0
71763,248.0,178.0,135.0,140.0
71764,271.0,153.0,149.0,151.0
71765,256.0,233.0,147.0,147.0
71766,234.0,179.0,141.0,118.0
71767,255.0,232.0,152.0,149.0
71768,236.0,127.0,138.0,128.0
71769,270.0,136.0,154.0,156.0
71770,240.0,203.0,139.0,135.0
71771,252.0,135.0,151.0,141.0
71772,259.0,105.0,135.0,152.0
71773,247.0,217.0,130.0,147.0
71774,257.0,225.0,146.0,137.0
71775,271.0,162.0,150.0,130.0
71776,281.0,102.0,150.0,149.0
71777,244.0,126.0,145.0,144.0
71778,250.0,213.0,144.0,148.0
71779,264.0,203.0,154.0,144.0
71780,232.0,108.0,131.0,137.0
71781,250.0,94.0,129.0,140.0
71782,242.0,136.0,116.0,129.0
71783,235.0,90.0,125.0,137.0
71784,247.0,89.0,129.0,146.0
71785,252.0,82.0,146.0,142.0
71786,247.0,88.0,140.0,137.0
71787,242.0,214.0,140.0,124.0
71788,251.0,105.0,140.0,137.0
71789,276.0,237.0,160.0,135.0
71790,234.0,77.0,130.0,127.0
71791,249.0,198.0,150.0,136.0
71792,281.0,113.0,170.0,142.0
71793,250.0,89.0,132.0,141.0
71794,251.0,234.0,153.0,125.0
71795,251.0,234.0,153.0,142.0
71796,231.0,69.0,118.0,133.0
71797,264.0,107.0,146.0,163.0
71798,255.0,102.0,141.0,131.0
71799,257.0,129.0,147.0,143.0
71800,236.0,202.0,125.0,137.0
71801,254.0,194.0,144.0,139.0
71802,265.0,120.0,142.0,159.0
71803,237.0,101.0,149.0,127.0
71804,265.0,131.0,150.0,149.0
71805,229.0,201.0,132.0,139.0
71806,239.0,76.0,149.0,133.0
71807,245.0,215.0,143.0,134.0
71808,259.0,126.0,137.0,144.0
71809,236.0,101.0,138.0,151.0
71810,252.0,130.0,145.0,137.0
71811,251.0,81.0,147.0,134.0
71812,225.0,154.0,137.0,151.0
71813,274.0,124.0,158.0,148.0
71814,244.0,91.0,129.0,124.0
71815,251.0,131.0,135.0,136.0
71816,254.0,131.0,139.0,131.0
71817,228.0,126.0,128.0,137.0
71818,265.0,247.0,149.0,153.0
71819,259.0,115.0,148.0,151.0
71820,242.0,99.0,127.0,140.0
71821,276.0,236.0,151.0,147.0
71822,248.0,138.0,133.0,149.0
71823,268.0,185.0,117.0,147.0
71824,228.0,74.0,131.0,127.0
71825,249.0,216.0,142.0,131.0
71826,241.0,111.0,135.0,141.0
71827,252.0,100.0,155.0,135.0
71828,255.0,86.0,142.0,141.0
71829,254.0,226.0,151.0,147.0
71830,242.0,103.0,130.0,132.0
71831,258.0,238.0,134.0,133.0
71832,230.0,92.0,133.0,133.0
71833,257.0,120.0,131.0,146.0
71834,262.0,132.0,139.0,160.0
71835,260.0,95.0,140.0,149.0
71836,233.0,208.0,130.0,120.0
71837,227.0,202.0,111.0,130.0
71838,252.0,109.0,147.0,137.0
71839,242.0,97.0,137.0,118.0
71840,263.0,109.0,150.0,158.0
71841,280.0,165.0,148.0,152.0
71842,266.0,241.0,149.0,162.0
71843,261.0,153.0,137.0,137.0
71844,252.0,238.0,152.0,138.0
71845,273.0,233.0,157.0,147.0
71846,278.0,251.0,142.0,168.0
71847,239.0,126.0,128.0,136.0
71848,254.0,223.0,158.0,134.0
71849,253.0,143.0,146.0,138.0
71850,260.0,92.0,148.0,160.0
71851,246.0,136.0,133.0,135.0
71852,253.0,207.0,148.0,141.0
71853,265.0,150.0,141.0,153.0
71854,245.0,122.0,143.0,140.0
71855,278.0,97.0,159.0,149.0
71856,245.0,116.0,135.0,128.0
71857,260.0,114.0,144.0,148.0
71858,238.0,200.0,128.0,137.0
71859,278.0,141.0,171.0,141.0
71860,251.0,108.0,132.0,130.0
71861,262.0,120.0,156.0,146.0
71862,262.0,218.0,147.0,142.0
71863,270.0,137.0,152.0,148.0
71864,242.0,209.0,141.0,128.0
71865,260.0,233.0,149.0,154.0
71866,261.0,101.0,146.0,142.0
71867,283.0,89.0,164.0,161.0
71868,253.0,132.0,145.0,135.0
71869,224.0,203.0,127.0,137.0
71870,231.0,132.0,127.0,127.0
71871,222.0,121.0,130.0,114.0
71872,225.0,119.0,129.0,130.0
71873,244.0,123.0,132.0,144.0
71874,229.0,80.0,141.0,130.0
71875,247.0,109.0,133.0,151.0
71876,244.0,212.0,147.0,140.0
71877,270.0,112.0,137.0,141.0
71878,241.0,142.0,148.0,135.0
71879,244.0,220.0,145.0,130.0
71880,255.0,121.0,141.0,138.0
71881,220.0,101.0,116.0,118.0
71882,261.0,108.0,144.0,144.0
71883,243.0,133.0,120.0,130.0
71884,235.0,233.0,140.0,130.0
71885,243.0,109.0,114.0,146.0
71886,257.0,58.0,133.0,138.0
71887,258.0,121.0,131.0,133.0
71888,245.0,81.0,144.0,138.0
71889,238.0,127.0,136.0,135.0
71890,232.0,168.0,123.0,116.0
71891,231.0,100.0,141.0,134.0
71892,245.0,119.0,124.0,153.0
71893,240.0,127.0,136.0,130.0
71894,231.0,72.0,129.0,135.0
71895,246.0,124.0,146.0,145.0
71896,243.0,94.0,153.0,134.0
71897,255.0,125.0,125.0,154.0
71898,272.0,118.0,147.0,147.0
71899,262.0,259.0,153.0,138.0
71900,260.0,82.0,146.0,142.0
71901,255.0,121.0,142.0,140.0
71902,237.0,136.0,131.0,138.0
71903,244.0,126.0,132.0,127.0
71904,266.0,107.0,166.0,144.0
71905,232.0,82.0,146.0,133.0
71906,237.0,104.0,136.0,144.0
71907,250.0,130.0,143.0,146.0
71908,256.0,242.0,136.0,153.0
71909,251.0,137.0,129.0,135.0
71910,249.0,209.0,145.0,118.0
71911,271.0,84.0,145.0,147.0
71912,253.0,131.0,131.0,145.0
71913,246.0,98.0,143.0,141.0
71914,270.0,142.0,147.0,154.0
71915,246.0,85.0,150.0,120.0
71916,237.0,81.0,124.0,131.0
71917,245.0,69.0,134.0,156.0
71918,269.0,116.0,149.0,134.0
71919,241.0,148.0,137.0,147.0
71920,263.0,151.0,152.0,139.0
71921,224.0,128.0,124.0,109.0
71922,255.0,107.0,156.0,147.0
71923,242.0,149.0,121.0,123.0
71924,276.0,106.0,150.0,157.0
71925,267.0,228.0,146.0,158.0
71926,263.0,149.0,141.0,156.0
71927,213.0,195.0,119.0,112.0
71928,251.0,247.0,139.0,155.0
71929,242.0,241.0,143.0,124.0
71930,254.0,118.0,147.0,141.0
71931,246.0,205.0,146.0,149.0
71932,258.0,182.0,143.0,129.0
71933,248.0,110.0,146.0,143.0
71934,266.0,207.0,161.0,156.0
71935,253.0,123.0,142.0,131.0
71936,258.0,258.0,167.0,150.0
71937,224.0,196.0,126.0,133.0
71938,265.0,236.0,149.0,164.0
71939,243.0,122.0,135.0,138.0
71940,248.0,209.0,130.0,147.0
71941,273.0,136.0,163.0,149.0
71942,233.0,80.0,138.0,130.0
71943,223.0,109.0,129.0,115.0
71944,238.0,238.0,133.0,137.0
71945,258.0,95.0,135.0,149.0
71946,243.0,140.0,150.0,128.0
71947,260.0,140.0,144.0,131.0
71948,263.0,83.0,158.0,152.0
71949,250.0,230.0,152.0,140.0
71950,267.0,110.0,146.0,152.0
71951,268.0,266.0,152.0,147.0
71952,244.0,109.0,136.0,148.0
71953,229.0,84.0,129.0,125.0
71954,254.0,112.0,143.0,150.0
71955,255.0,91.0,147.0,142.0
71956,234.0,124.0,143.0,152.0
71957,247.0,155.0,133.0,149.0
71958,238.0,219.0,138.0,135.0
71959,248.0,122.0,146.0,139.0
71960,237.0,84.0,143.0,128.0
71961,236.0,101.0,132.0,126.0
71962,238.0,167.0,139.0,146.0
71963,256.0,119.0,130.0,129.0
71964,273.0,127.0,154.0,159.0
71965,238.0,213.0,135.0,149.0
71966,220.0,121.0,133.0,132.0
71967,262.0,133.0,152.0,151.0
71968,244.0,208.0,136.0,140.0
71969,240.0,232.0,145.0,132.0
71970,241.0,160.0,132.0,143.0
71971,252.0,216.0,142.0,125.0
71972,246.0,245.0,150.0,135.0
71973,246.0,245.0,132.0,146.0
71974,256.0,103.0,116.0,145.0
71975,236.0,210.0,146.0,137.0
71976,250.0,212.0,142.0,135.0
71977,255.0,213.0,130.0,135.0
71978,278.0,226.0,165.0,154.0
71979,256.0,112.0,144.0,152.0
71980,258.0,84.0,161.0,143.0
71981,254.0,64.0,132.0,126.0
71982,250.0,127.0,159.0,134.0
71983,250.0,184.0,126.0,139.0
71984,254.0,110.0,135.0,129.0
71985,257.0,248.0,138.0,132.0
71986,248.0,94.0,137.0,142.0
71987,263.0,122.0,140.0,153.0
71988,261.0,252.0,152.0,155.0
71989,221.0,72.0,123.0,111.0
71990,255.0,71.0,141.0,140.0
71991,263.0,111.0,155.0,142.0
71992,238.0,88.0,138.0,128.0
71993,225.0,87.0,128.0,119.0
71994,249.0,207.0,128.0,137.0
71995,247.0,81.0,161.0,147.0
71996,248.0,113.0,132.0,142.0
71997,247.0,128.0,142.0,143.0
71998,251.0,100.0,149.0,132.0
71999,262.0,224.0,156.0,137.0
72000,212.0,116.0,131.0,127.0
72001,259.0,81.0,141.0,150.0
72002,228.0,97.0,127.0,126.0
72003,229.0,137.0,133.0,133.0
72004,258.0,83.0,155.0,141.0
72005,244.0,121.0,144.0,136.0
72006,246.0,75.0,149.0,148.0
72007,227.0,92.0,105.0,130.0
72008,240.0,201.0,145.0,140.0
72009,276.0,114.0,146.0,170.0
72010,258.0,117.0,143.0,145.0
72011,246.0,81.0,126.0,130.0
72012,272.0,71.0,163.0,141.0
72013,236.0,180.0,131.0,129.0
72014,255.0,105.0,140.0,162.0
72015,274.0,109.0,155.0,160.0
72016,249.0,89.0,143.0,156.0
72017,258.0,206.0,137.0,138.0
72018,242.0,121.0,127.0,138.0
72019,254.0,135.0,160.0,149.0
72020,247.0,60.0,134.0,130.0
72021,266.0,135.0,150.0,151.0
72022,250.0,99.0,128.0,133.0
72023,269.0,200.0,145.0,143.0
72024,263.0,230.0,145.0,151.0
72025,239.0,165.0,139.0,130.0
72026,254.0,151.0,144.0,147.0
72027,262.0,229.0,141.0,143.0
72028,251.0,130.0,145.0,138.0
72029,277.0,189.0,150.0,150.0
72030,289.0,263.0,159.0,145.0
72031,249.0,78.0,147.0,145.0
72032,238.0,201.0,133.0,136.0
72033,230.0,206.0,125.0,130.0
72034,221.0,54.0,131.0,143.0
72035,259.0,120.0,135.0,142.0
72036,261.0,253.0,156.0,141.0
72037,265.0,118.0,152.0,166.0
72038,252.0,218.0,132.0,154.0
72039,236.0,123.0,135.0,129.0
72040,248.0,72.0,145.0,157.0
72041,242.0,119.0,136.0,134.0
72042,257.0,146.0,141.0,145.0
72043,232.0,115.0,132.0,119.0
72044,235.0,211.0,142.0,146.0
72045,235.0,205.0,116.0,142.0
72046,254.0,221.0,143.0,151.0
72047,249.0,105.0,131.0,140.0
72048,220.0,78.0,112.0,128.0
72049,253.0,97.0,142.0,133.0
72050,247.0,162.0,146.0,129.0
72051,267.0,245.0,145.0,138.0
72052,252.0,236.0,135.0,133.0
72053,249.0,106.0,141.0,157.0
72054,239.0,114.0,138.0,129.0
72055,230.0,71.0,141.0,131.0
72056,235.0,72.0,135.0,139.0
72057,254.0,202.0,152.0,152.0
72058,234.0,58.0,122.0,134.0
72059,261.0,121.0,168.0,145.0
72060,280.0,234.0,141.0,155.0
72061,250.0,81.0,150.0,128.0
72062,271.0,145.0,144.0,139.0
72063,241.0,100.0,139.0,132.0
72064,285.0,254.0,169.0,162.0
72065,214.0,66.0,116.0,108.0
72066,240.0,111.0,127.0,139.0
72067,236.0,108.0,135.0,123.0
72068,237.0,150.0,133.0,135.0
72069,255.0,113.0,144.0,141.0
72070,272.0,123.0,152.0,151.0
72071,237.0,127.0,136.0,128.0
72072,246.0,91.0,142.0,144.0
72073,233.0,96.0,133.0,124.0
72074,253.0,157.0,134.0,156.0
72075,255.0,122.0,153.0,133.0
72076,260.0,135.0,142.0,149.0
72077,277.0,139.0,153.0,156.0
72078,269.0,121.0,144.0,155.0
72079,274.0,112.0,151.0,157.0
72080,236.0,208.0,130.0,137.0
72081,234.0,119.0,134.0,120.0
72082,256.0,145.0,164.0,140.0
72083,257.0,113.0,146.0,144.0
72084,259.0,156.0,143.0,139.0
72085,241.0,106.0,132.0,125.0
72086,237.0,125.0,142.0,137.0
72087,224.0,128.0,122.0,122.0
72088,229.0,92.0,132.0,135.0
72089,260.0,90.0,136.0,146.0
72090,257.0,101.0,130.0,154.0
72091,258.0,97.0,148.0,139.0
72092,231.0,73.0,142.0,137.0
72093,248.0,79.0,138.0,133.0
72094,241.0,111.0,133.0,124.0
72095,262.0,234.0,149.0,156.0
72096,278.0,155.0,177.0,153.0
72097,254.0,127.0,137.0,130.0
72098,269.0,95.0,152.0,152.0
72099,261.0,87.0,143.0,144.0
72100,264.0,132.0,146.0,154.0
72101,268.0,110.0,164.0,142.0
72102,236.0,86.0,130.0,128.0
72103,270.0,181.0,159.0,142.0
72104,238.0,134.0,130.0,134.0
72105,264.0,229.0,148.0,155.0
72106,253.0,56.0,130.0,117.0
72107,256.0,138.0,129.0,145.0
72108,272.0,110.0,166.0,157.0
72109,262.0,113.0,166.0,145.0
72110,260.0,225.0,154.0,147.0
72111,253.0,223.0,153.0,144.0
72112,235.0,101.0,129.0,148.0
72113,233.0,91.0,124.0,137.0
72114,247.0,206.0,137.0,145.0
72115,253.0,223.0,150.0,136.0
72116,240.0,117.0,126.0,154.0
72117,256.0,77.0,141.0,135.0
72118,226.0,82.0,118.0,117.0
72119,261.0,98.0,141.0,142.0
72120,250.0,215.0,143.0,131.0
72121,250.0,250.0,137.0,161.0
72122,256.0,102.0,141.0,158.0
72123,262.0,118.0,146.0,142.0
72124,241.0,96.0,124.0,134.0
72125,227.0,127.0,119.0,135.0
72126,233.0,86.0,133.0,122.0
72127,271.0,149.0,152.0,150.0
72128,257.0,164.0,149.0,140.0
72129,255.0,110.0,133.0,148.0
72130,230.0,198.0,140.0,147.0
72131,247.0,247.0,142.0,142.0
72132,265.0,216.0,141.0,146.0
72133,243.0,157.0,128.0,144.0
72134,242.0,81.0,135.0,130.0
72135,260.0,130.0,136.0,138.0
72136,253.0,222.0,136.0,138.0
72137,258.0,175.0,134.0,144.0
72138,248.0,208.0,131.0,136.0
72139,237.0,112.0,123.0,144.0
72140,236.0,61.0,133.0,128.0
72141,237.0,125.0,131.0,143.0
72142,244.0,201.0,143.0,128.0
72143,240.0,98.0,140.0,126.0
72144,261.0,120.0,139.0,145.0
72145,258.0,116.0,136.0,144.0
72146,263.0,103.0,166.0,138.0
72147,265.0,137.0,143.0,155.0
72148,237.0,97.0,132.0,136.0
72149,229.0,91.0,124.0,136.0
72150,249.0,100.0,139.0,143.0
72151,241.0,206.0,126.0,129.0
72152,257.0,137.0,156.0,152.0
72153,260.0,229.0,131.0,143.0
72154,257.0,90.0,138.0,145.0
72155,238.0,63.0,149.0,137.0
72156,225.0,202.0,119.0,118.0
72157,269.0,257.0,172.0,149.0
72158,235.0,138.0,132.0,132.0
72159,272.0,244.0,153.0,166.0
72160,247.0,223.0,137.0,124.0
72161,245.0,94.0,133.0,139.0
72162,235.0,125.0,153.0,133.0
72163,280.0,240.0,156.0,160.0
72164,248.0,103.0,136.0,148.0
72165,239.0,99.0,141.0,139.0
72166,263.0,113.0,137.0,155.0
72167,235.0,90.0,122.0,131.0
72168,264.0,120.0,154.0,165.0
72169,250.0,120.0,147.0,141.0
72170,238.0,199.0,136.0,132.0
72171,262.0,145.0,149.0,137.0
72172,265.0,260.0,147.0,145.0
72173,253.0,144.0,148.0,141.0
72174,227.0,115.0,128.0,117.0
72175,235.0,137.0,136.0,129.0
72176,273.0,133.0,134.0,163.0
72177,269.0,95.0,151.0,149.0
72178,225.0,105.0,130.0,130.0
72179,250.0,68.0,134.0,145.0
72180,282.0,108.0,167.0,168.0
72181,250.0,136.0,130.0,148.0
72182,278.0,124.0,153.0,151.0
72183,247.0,153.0,141.0,125.0
72184,221.0,85.0,134.0,122.0
72185,264.0,79.0,147.0,152.0
72186,265.0,129.0,141.0,152.0
72187,237.0,207.0,124.0,137.0
72188,268.0,125.0,145.0,144.0
72189,256.0,128.0,129.0,156.0
72190,237.0,120.0,126.0,127.0
72191,250.0,212.0,131.0,145.0
72192,263.0,143.0,149.0,154.0
72193,262.0,92.0,146.0,135.0
72194,243.0,32.0,137.0,130.0
72195,244.0,116.0,138.0,145.0
72196,242.0,89.0,147.0,130.0
72197,252.0,118.0,146.0,145.0
72198,265.0,140.0,144.0,147.0
72199,249.0,122.0,148.0,130.0
72200,241.0,145.0,135.0,146.0
72201,251.0,128.0,130.0,153.0
72202,239.0,98.0,134.0,135.0
72203,229.0,76.0,131.0,127.0
72204,244.0,220.0,135.0,150.0
72205,229.0,204.0,138.0,123.0
72206,246.0,220.0,133.0,145.0
72207,250.0,146.0,136.0,129.0
72208,271.0,227.0,155.0,161.0
72209,247.0,72.0,131.0,137.0
72210,264.0,133.0,148.0,154.0
72211,231.0,112.0,127.0,118.0
72212,250.0,87.0,148.0,139.0
72213,239.0,150.0,136.0,129.0
72214,252.0,131.0,142.0,151.0
72215,249.0,57.0,132.0,150.0
72216,222.0,90.0,130.0,137.0
72217,258.0,150.0,152.0,159.0
72218,255.0,65.0,161.0,136.0
72219,257.0,69.0,135.0,148.0
72220,249.0,98.0,142.0,141.0
72221,258.0,62.0,144.0,150.0
72222,244.0,87.0,139.0,147.0
72223,257.0,93.0,145.0,130.0
72224,246.0,116.0,142.0,139.0
72225,258.0,218.0,133.0,136.0
72226,263.0,119.0,158.0,162.0
72227,251.0,129.0,145.0,137.0
72228,242.0,211.0,150.0,137.0
72229,259.0,126.0,165.0,156.0
72230,239.0,73.0,131.0,142.0
72231,261.0,225.0,155.0,134.0
72232,243.0,103.0,138.0,136.0
72233,236.0,125.0,135.0,136.0
72234,250.0,128.0,140.0,148.0
72235,250.0,121.0,150.0,142.0
72236,251.0,134.0,136.0,150.0
72237,254.0,94.0,135.0,146.0
72238,247.0,99.0,130.0,137.0
72239,273.0,120.0,155.0,151.0
72240,240.0,95.0,130.0,151.0
72241,246.0,147.0,146.0,150.0
72242,246.0,142.0,128.0,143.0
72243,227.0,107.0,133.0,127.0
72244,257.0,121.0,141.0,142.0
72245,244.0,206.0,136.0,135.0
72246,237.0,173.0,134.0,129.0
72247,236.0,101.0,122.0,121.0
72248,232.0,117.0,120.0,129.0
72249,254.0,93.0,140.0,143.0
72250,240.0,215.0,145.0,139.0
72251,238.0,88.0,157.0,120.0
72252,261.0,224.0,142.0,143.0
72253,247.0,107.0,140.0,141.0
72254,251.0,85.0,129.0,130.0
72255,248.0,140.0,138.0,152.0
72256,233.0,116.0,128.0,131.0
72257,257.0,234.0,138.0,136.0
72258,278.0,242.0,145.0,152.0
72259,237.0,146.0,136.0,137.0
72260,249.0,211.0,145.0,140.0
72261,226.0,91.0,131.0,136.0
72262,250.0,116.0,123.0,125.0
72263,234.0,93.0,140.0,140.0
72264,231.0,111.0,134.0,120.0
72265,261.0,229.0,153.0,141.0
72266,242.0,200.0,139.0,145.0
72267,259.0,176.0,148.0,148.0
72268,254.0,212.0,152.0,146.0
72269,273.0,129.0,160.0,171.0
72270,246.0,131.0,124.0,124.0
72271,266.0,162.0,163.0,144.0
72272,240.0,61.0,130.0,136.0
72273,240.0,199.0,123.0,143.0
72274,254.0,94.0,149.0,135.0
72275,267.0,232.0,142.0,138.0
72276,272.0,117.0,155.0,160.0
72277,281.0,140.0,166.0,150.0
72278,238.0,127.0,133.0,141.0
72279,232.0,123.0,131.0,133.0
72280,249.0,126.0,134.0,143.0
72281,252.0,87.0,145.0,151.0
72282,251.0,199.0,128.0,155.0
72283,244.0,116.0,150.0,153.0
72284,255.0,219.0,137.0,139.0
72285,254.0,106.0,151.0,142.0
72286,245.0,227.0,151.0,141.0
72287,279.0,233.0,149.0,155.0
72288,255.0,252.0,154.0,133.0
72289,250.0,220.0,127.0,153.0
72290,246.0,42.0,137.0,131.0
72291,240.0,203.0,130.0,135.0
72292,263.0,112.0,146.0,152.0
72293,263.0,92.0,137.0,158.0
72294,253.0,99.0,142.0,143.0
72295,219.0,100.0,128.0,116.0
72296,256.0,132.0,153.0,139.0
72297,254.0,158.0,136.0,157.0
72298,256.0,95.0,154.0,164.0
72299,248.0,221.0,150.0,147.0
72300,258.0,233.0,157.0,128.0
72301,255.0,118.0,150.0,141.0
72302,244.0,156.0,138.0,124.0
72303,241.0,112.0,135.0,140.0
72304,239.0,153.0,122.0,136.0
72305,267.0,164.0,140.0,172.0
72306,260.0,211.0,154.0,143.0
72307,249.0,95.0,143.0,151.0
72308,236.0,82.0,141.0,141.0
72309,271.0,126.0,151.0,131.0
72310,276.0,117.0,147.0,164.0
72311,252.0,130.0,152.0,143.0
72312,243.0,109.0,133.0,135.0
72313,241.0,118.0,135.0,132.0
72314,252.0,97.0,142.0,138.0
72315,261.0,118.0,144.0,142.0
72316,253.0,127.0,146.0,137.0
72317,257.0,214.0,146.0,125.0
72318,227.0,118.0,128.0,124.0
72319,264.0,240.0,143.0,152.0
72320,254.0,148.0,148.0,138.0
72321,264.0,117.0,157.0,151.0
72322,256.0,109.0,145.0,154.0
72323,252.0,226.0,133.0,159.0
72324,243.0,210.0,124.0,128.0
72325,259.0,193.0,154.0,151.0
72326,256.0,139.0,135.0,135.0
72327,242.0,204.0,131.0,130.0
72328,237.0,104.0,137.0,118.0
72329,238.0,148.0,143.0,135.0
72330,234.0,78.0,132.0,127.0
72331,245.0,118.0,135.0,132.0
72332,235.0,112.0,139.0,135.0
72333,274.0,229.0,150.0,157.0
72334,269.0,224.0,158.0,152.0
72335,248.0,123.0,138.0,151.0
72336,252.0,73.0,155.0,148.0
72337,250.0,92.0,134.0,138.0
72338,255.0,146.0,135.0,140.0
72339,249.0,110.0,150.0,146.0
72340,245.0,127.0,133.0,145.0
72341,256.0,247.0,148.0,153.0
72342,260.0,102.0,159.0,153.0
72343,254.0,113.0,143.0,145.0
72344,248.0,97.0,128.0,129.0
72345,260.0,91.0,129.0,143.0
72346,233.0,62.0,123.0,145.0
72347,256.0,214.0,131.0,139.0
72348,262.0,85.0,146.0,150.0
72349,261.0,221.0,152.0,142.0
72350,263.0,227.0,142.0,146.0
72351,257.0,115.0,136.0,152.0
72352,257.0,130.0,154.0,128.0
72353,221.0,131.0,120.0,124.0
72354,239.0,115.0,123.0,120.0
72355,246.0,104.0,129.0,141.0
72356,281.0,244.0,148.0,165.0
72357,263.0,132.0,157.0,146.0
72358,240.0,97.0,136.0,133.0
72359,258.0,110.0,152.0,147.0
72360,233.0,110.0,136.0,125.0
72361,277.0,240.0,164.0,143.0
72362,259.0,152.0,152.0,141.0
72363,244.0,103.0,130.0,134.0
72364,242.0,99.0,119.0,144.0
72365,262.0,111.0,157.0,148.0
72366,244.0,206.0,138.0,136.0
72367,256.0,181.0,144.0,153.0
72368,250.0,123.0,146.0,139.0
72369,246.0,215.0,131.0,144.0
72370,245.0,140.0,134.0,129.0
72371,257.0,124.0,139.0,148.0
72372,250.0,96.0,143.0,146.0
72373,237.0,77.0,122.0,132.0
72374,266.0,96.0,144.0,142.0
72375,250.0,238.0,133.0,147.0
72376,242.0,228.0,132.0,134.0
72377,272.0,230.0,163.0,156.0
72378,258.0,101.0,145.0,156.0
72379,245.0,231.0,146.0,146.0
72380,252.0,131.0,153.0,156.0
72381,268.0,221.0,153.0,135.0
72382,231.0,115.0,120.0,134.0
72383,239.0,128.0,126.0,125.0
72384,255.0,136.0,130.0,142.0
72385,228.0,111.0,128.0,140.0
72386,241.0,98.0,136.0,131.0
72387,277.0,74.0,143.0,168.0
72388,256.0,91.0,151.0,156.0
72389,238.0,104.0,130.0,139.0
72390,235.0,48.0,133.0,132.0
72391,231.0,78.0,139.0,138.0
72392,232.0,223.0,133.0,145.0
72393,241.0,105.0,141.0,132.0
72394,231.0,224.0,121.0,126.0
72395,246.0,151.0,130.0,128.0
72396,264.0,232.0,149.0,157.0
72397,232.0,123.0,145.0,127.0
72398,265.0,116.0,140.0,141.0
72399,260.0,93.0,152.0,141.0
72400,252.0,90.0,130.0,141.0
72401,258.0,115.0,164.0,142.0
72402,257.0,248.0,149.0,147.0
72403,261.0,250.0,147.0,142.0
72404,245.0,131.0,125.0,133.0
72405,248.0,81.0,136.0,147.0
72406,257.0,110.0,145.0,137.0
72407,255.0,90.0,147.0,150.0
72408,237.0,221.0,127.0,127.0
72409,254.0,139.0,152.0,152.0
72410,242.0,219.0,128.0,143.0
72411,248.0,127.0,141.0,140.0
72412,246.0,86.0,136.0,138.0
72413,271.0,98.0,152.0,154.0
72414,237.0,124.0,131.0,142.0
72415,249.0,100.0,156.0,138.0
72416,241.0,90.0,138.0,126.0
72417,246.0,107.0,148.0,138.0
72418,236.0,112.0,126.0,127.0
72419,254.0,113.0,135.0,139.0
72420,274.0,134.0,143.0,146.0
72421,261.0,80.0,150.0,133.0
72422,257.0,118.0,144.0,140.0
72423,232.0,150.0,123.0,138.0
72424,261.0,79.0,161.0,145.0
72425,252.0,91.0,147.0,136.0
72426,242.0,106.0,141.0,141.0
72427,249.0,61.0,129.0,152.0
72428,227.0,71.0,128.0,122.0
72429,259.0,124.0,159.0,150.0
72430,263.0,79.0,143.0,149.0
72431,268.0,122.0,159.0,151.0
72432,240.0,106.0,136.0,133.0
72433,243.0,107.0,127.0,128.0
72434,233.0,200.0,135.0,138.0
72435,236.0,234.0,147.0,126.0
72436,241.0,208.0,128.0,132.0
72437,245.0,149.0,130.0,134.0
72438,238.0,87.0,131.0,135.0
72439,231.0,116.0,117.0,108.0
72440,234.0,116.0,132.0,141.0
72441,255.0,112.0,153.0,127.0
72442,243.0,96.0,158.0,134.0
72443,269.0,128.0,165.0,162.0
72444,253.0,79.0,163.0,135.0
72445,251.0,123.0,130.0,129.0
72446,253.0,107.0,137.0,127.0
72447,241.0,102.0,142.0,145.0
72448,264.0,219.0,140.0,154.0
72449,246.0,154.0,134.0,140.0
72450,258.0,100.0,158.0,146.0
72451,249.0,132.0,129.0,140.0
72452,248.0,233.0,145.0,135.0
72453,259.0,159.0,139.0,147.0
72454,223.0,76.0,128.0,127.0
72455,248.0,213.0,147.0,137.0
72456,256.0,201.0,142.0,135.0
72457,250.0,90.0,153.0,140.0
72458,254.0,71.0,133.0,150.0
72459,243.0,225.0,143.0,147.0
72460,257.0,85.0,151.0,151.0
72461,259.0,203.0,159.0,155.0
72462,250.0,97.0,125.0,131.0
72463,230.0,118.0,121.0,139.0
72464,273.0,99.0,153.0,160.0
72465,245.0,153.0,126.0,141.0
72466,252.0,103.0,153.0,144.0
72467,277.0,63.0,145.0,150.0
72468,250.0,105.0,132.0,139.0
72469,250.0,84.0,139.0,139.0
72470,287.0,126.0,171.0,161.0
72471,257.0,158.0,152.0,151.0
72472,241.0,185.0,128.0,137.0
72473,272.0,162.0,160.0,170.0
72474,252.0,141.0,142.0,144.0
72475,263.0,90.0,148.0,146.0
72476,247.0,119.0,138.0,134.0
72477,259.0,228.0,135.0,150.0
72478,253.0,104.0,149.0,137.0
72479,235.0,84.0,129.0,138.0
72480,262.0,131.0,142.0,150.0
72481,231.0,72.0,125.0,131.0
72482,265.0,229.0,140.0,147.0
72483,256.0,128.0,138.0,152.0
72484,274.0,235.0,148.0,146.0
72485,263.0,140.0,147.0,150.0
72486,251.0,109.0,130.0,133.0
72487,258.0,104.0,144.0,138.0
72488,251.0,136.0,145.0,140.0
72489,247.0,92.0,139.0,136.0
72490,277.0,133.0,147.0,159.0
72491,257.0,76.0,150.0,139.0
72492,243.0,106.0,129.0,138.0
72493,250.0,104.0,143.0,141.0
72494,256.0,97.0,142.0,154.0
72495,248.0,89.0,147.0,132.0
72496,262.0,111.0,128.0,141.0
72497,251.0,90.0,150.0,144.0
72498,252.0,120.0,137.0,128.0
72499,222.0,215.0,128.0,133.0
72500,256.0,95.0,143.0,156.0
72501,252.0,139.0,149.0,145.0
72502,236.0,202.0,135.0,140.0
72503,237.0,229.0,125.0,128.0
72504,249.0,135.0,125.0,144.0
72505,244.0,100.0,143.0,140.0
72506,237.0,169.0,114.0,125.0
72507,245.0,67.0,146.0,142.0
72508,251.0,103.0,134.0,141.0
72509,231.0,93.0,138.0,132.0
72510,263.0,117.0,133.0,143.0
72511,240.0,140.0,138.0,138.0
72512,244.0,115.0,134.0,137.0
72513,268.0,107.0,150.0,142.0
72514,274.0,81.0,156.0,154.0
72515,251.0,66.0,149.0,148.0
72516,243.0,91.0,125.0,146.0
72517,256.0,141.0,141.0,136.0
72518,274.0,62.0,157.0,156.0
72519,256.0,225.0,147.0,159.0
72520,234.0,234.0,122.0,135.0
72521,283.0,185.0,153.0,179.0
72522,256.0,113.0,151.0,149.0
72523,257.0,77.0,137.0,153.0
72524,251.0,110.0,148.0,152.0
72525,249.0,127.0,135.0,153.0
72526,263.0,183.0,163.0,159.0
72527,268.0,98.0,154.0,157.0
72528,261.0,103.0,147.0,135.0
72529,230.0,206.0,122.0,127.0
72530,266.0,140.0,163.0,140.0
72531,237.0,114.0,145.0,119.0
72532,236.0,144.0,128.0,134.0
72533,248.0,230.0,147.0,144.0
72534,236.0,84.0,131.0,134.0
72535,259.0,131.0,151.0,151.0
72536,255.0,103.0,140.0,147.0
72537,233.0,119.0,131.0,126.0
72538,242.0,231.0,157.0,149.0
72539,249.0,101.0,138.0,136.0
72540,244.0,150.0,141.0,133.0
72541,253.0,120.0,145.0,122.0
72542,229.0,225.0,128.0,130.0
72543,251.0,139.0,129.0,147.0
72544,234.0,123.0,133.0,116.0
72545,236.0,69.0,139.0,142.0
72546,223.0,99.0,122.0,117.0
72547,259.0,80.0,146.0,143.0
72548,263.0,132.0,142.0,148.0
72549,257.0,225.0,153.0,142.0
72550,232.0,148.0,146.0,143.0
72551,266.0,213.0,152.0,146.0
72552,257.0,123.0,147.0,142.0
72553,237.0,206.0,131.0,126.0
72554,238.0,198.0,126.0,132.0
72555,277.0,147.0,149.0,138.0
72556,259.0,90.0,148.0,129.0
72557,241.0,207.0,141.0,135.0
72558,254.0,105.0,140.0,146.0
72559,260.0,157.0,143.0,165.0
72560,262.0,136.0,151.0,137.0
72561,252.0,151.0,132.0,151.0
72562,240.0,122.0,146.0,133.0
72563,259.0,105.0,156.0,149.0
72564,252.0,58.0,144.0,135.0
72565,241.0,177.0,141.0,136.0
72566,256.0,137.0,146.0,146.0
72567,238.0,224.0,125.0,141.0
72568,237.0,117.0,139.0,138.0
72569,237.0,95.0,131.0,137.0
72570,241.0,114.0,135.0,139.0
72571,256.0,132.0,140.0,142.0
72572,241.0,61.0,144.0,126.0
72573,231.0,86.0,116.0,139.0
72574,241.0,202.0,128.0,131.0
72575,255.0,139.0,159.0,155.0
72576,250.0,143.0,131.0,147.0
72577,241.0,78.0,126.0,136.0
72578,287.0,144.0,146.0,155.0
72579,255.0,101.0,133.0,144.0
72580,258.0,131.0,143.0,148.0
72581,256.0,111.0,133.0,147.0
72582,257.0,96.0,139.0,154.0
72583,255.0,117.0,147.0,140.0
72584,255.0,72.0,137.0,128.0
72585,257.0,141.0,142.0,135.0
72586,243.0,218.0,132.0,136.0
72587,241.0,230.0,138.0,143.0
72588,258.0,226.0,157.0,147.0
72589,246.0,214.0,156.0,140.0
72590,268.0,112.0,130.0,143.0
72591,232.0,134.0,132.0,123.0
72592,264.0,225.0,154.0,132.0
72593,274.0,149.0,152.0,150.0
72594,255.0,147.0,153.0,142.0
72595,296.0,146.0,164.0,155.0
72596,248.0,88.0,152.0,141.0
72597,247.0,101.0,147.0,136.0
72598,247.0,122.0,128.0,134.0
72599,234.0,207.0,135.0,130.0
72600,234.0,200.0,134.0,131.0
72601,231.0,107.0,123.0,122.0
72602,266.0,239.0,159.0,158.0
72603,245.0,222.0,144.0,140.0
72604,266.0,95.0,144.0,140.0
72605,223.0,186.0,139.0,128.0
72606,255.0,92.0,132.0,129.0
72607,265.0,225.0,151.0,149.0
72608,243.0,101.0,137.0,130.0
72609,265.0,112.0,150.0,141.0
72610,236.0,201.0,130.0,129.0
72611,251.0,158.0,144.0,141.0
72612,261.0,211.0,166.0,146.0
72613,260.0,94.0,146.0,137.0
72614,290.0,98.0,168.0,175.0
72615,239.0,127.0,141.0,140.0
72616,256.0,248.0,137.0,142.0
72617,249.0,114.0,132.0,148.0
72618,256.0,109.0,158.0,154.0
72619,248.0,216.0,149.0,136.0
72620,236.0,82.0,143.0,134.0
72621,263.0,222.0,149.0,143.0
72622,250.0,227.0,133.0,139.0
72623,256.0,120.0,148.0,146.0
72624,246.0,226.0,148.0,141.0
72625,246.0,127.0,148.0,127.0
72626,255.0,44.0,132.0,151.0
72627,261.0,119.0,141.0,137.0
72628,247.0,119.0,151.0,149.0
72629,259.0,137.0,152.0,141.0
72630,281.0,226.0,144.0,164.0
72631,255.0,217.0,131.0,139.0
72632,265.0,138.0,141.0,149.0
72633,252.0,85.0,121.0,149.0
72634,254.0,140.0,143.0,136.0
72635,262.0,82.0,156.0,159.0
72636,268.0,111.0,164.0,151.0
72637,242.0,113.0,117.0,130.0
72638,233.0,87.0,132.0,115.0
72639,255.0,79.0,149.0,138.0
72640,254.0,115.0,145.0,141.0
72641,252.0,99.0,142.0,148.0
72642,254.0,96.0,129.0,146.0
72643,234.0,115.0,135.0,119.0
72644,263.0,147.0,146.0,147.0
72645,252.0,130.0,145.0,143.0
72646,253.0,119.0,128.0,147.0
72647,246.0,131.0,147.0,127.0
72648,241.0,162.0,149.0,136.0
72649,258.0,120.0,156.0,141.0
72650,236.0,235.0,140.0,141.0
72651,271.0,132.0,148.0,149.0
72652,243.0,81.0,145.0,142.0
72653,247.0,66.0,150.0,131.0
72654,238.0,120.0,139.0,149.0
72655,263.0,81.0,154.0,129.0
72656,245.0,202.0,146.0,145.0
72657,259.0,241.0,131.0,154.0
72658,263.0,93.0,154.0,143.0
72659,241.0,103.0,136.0,133.0
72660,259.0,86.0,140.0,156.0
72661,263.0,145.0,145.0,131.0
72662,248.0,93.0,146.0,129.0
72663,220.0,177.0,124.0,127.0
72664,239.0,93.0,137.0,146.0
72665,245.0,69.0,146.0,124.0
72666,232.0,116.0,125.0,139.0
72667,244.0,130.0,150.0,144.0
72668,238.0,122.0,120.0,131.0
72669,251.0,131.0,136.0,143.0
72670,240.0,159.0,131.0,129.0
72671,265.0,178.0,153.0,144.0
72672,225.0,84.0,125.0,121.0
72673,269.0,79.0,136.0,150.0
72674,245.0,179.0,138.0,134.0
72675,249.0,124.0,145.0,141.0
72676,236.0,148.0,149.0,135.0
72677,265.0,83.0,146.0,141.0
72678,236.0,192.0,130.0,142.0
72679,244.0,113.0,142.0,127.0
72680,261.0,227.0,152.0,148.0
72681,243.0,136.0,130.0,141.0
72682,276.0,243.0,146.0,166.0
72683,268.0,103.0,136.0,144.0
72684,264.0,229.0,140.0,150.0
72685,258.0,231.0,146.0,142.0
72686,251.0,115.0,131.0,156.0
72687,252.0,213.0,152.0,143.0
72688,225.0,109.0,124.0,122.0
72689,253.0,230.0,137.0,137.0
72690,244.0,90.0,132.0,130.0
72691,261.0,130.0,151.0,146.0
72692,250.0,114.0,146.0,141.0
72693,239.0,122.0,135.0,123.0
72694,274.0,83.0,146.0,135.0
72695,273.0,271.0,144.0,145.0
72696,262.0,109.0,131.0,153.0
72697,269.0,135.0,152.0,153.0
72698,263.0,249.0,137.0,156.0
72699,248.0,115.0,144.0,129.0
72700,247.0,151.0,133.0,146.0
72701,264.0,65.0,143.0,157.0
72702,241.0,211.0,125.0,120.0
72703,276.0,141.0,141.0,169.0
72704,249.0,128.0,129.0,138.0
72705,242.0,98.0,128.0,145.0
72706,260.0,226.0,145.0,146.0
72707,278.0,130.0,164.0,164.0
72708,226.0,101.0,136.0,127.0
72709,253.0,105.0,145.0,145.0
72710,260.0,141.0,139.0,147.0
72711,260.0,227.0,140.0,150.0
72712,244.0,99.0,134.0,156.0
72713,262.0,229.0,137.0,142.0
72714,240.0,99.0,140.0,127.0
72715,244.0,99.0,145.0,134.0
72716,245.0,209.0,127.0,140.0
72717,269.0,152.0,147.0,151.0
72718,259.0,114.0,143.0,140.0
72719,253.0,115.0,141.0,143.0
72720,248.0,128.0,125.0,150.0
72721,253.0,101.0,143.0,151.0
72722,254.0,213.0,147.0,144.0
72723,261.0,232.0,142.0,139.0
72724,259.0,74.0,139.0,140.0
72725,266.0,99.0,154.0,145.0
72726,245.0,165.0,131.0,139.0
72727,236.0,99.0,118.0,134.0
72728,258.0,125.0,148.0,131.0
72729,244.0,143.0,138.0,133.0
72730,282.0,114.0,162.0,159.0
72731,259.0,91.0,154.0,160.0
72732,242.0,94.0,128.0,136.0
72733,246.0,133.0,148.0,145.0
72734,253.0,94.0,142.0,139.0
72735,244.0,88.0,154.0,149.0
72736,247.0,120.0,120.0,133.0
72737,243.0,124.0,130.0,143.0
72738,266.0,145.0,171.0,147.0
72739,242.0,204.0,139.0,142.0
72740,229.0,71.0,133.0,128.0
72741,232.0,132.0,135.0,130.0
72742,260.0,122.0,146.0,139.0
72743,225.0,125.0,143.0,125.0
72744,227.0,186.0,132.0,118.0
72745,243.0,83.0,143.0,152.0
72746,234.0,99.0,152.0,132.0
72747,256.0,172.0,135.0,136.0
72748,252.0,139.0,134.0,138.0
72749,262.0,90.0,148.0,150.0
72750,265.0,237.0,165.0,157.0
72751,241.0,117.0,130.0,128.0
72752,253.0,79.0,139.0,145.0
72753,233.0,231.0,147.0,137.0
72754,261.0,152.0,129.0,151.0
72755,260.0,119.0,141.0,135.0
72756,254.0,223.0,129.0,137.0
72757,236.0,199.0,130.0,137.0
72758,253.0,66.0,137.0,130.0
72759,245.0,186.0,120.0,143.0
72760,255.0,138.0,144.0,152.0
72761,237.0,100.0,135.0,126.0
72762,231.0,129.0,136.0,121.0
72763,261.0,88.0,160.0,140.0
72764,249.0,136.0,123.0,134.0
72765,258.0,115.0,153.0,141.0
72766,257.0,122.0,141.0,145.0
72767,234.0,121.0,146.0,144.0
72768,248.0,167.0,135.0,131.0
72769,248.0,68.0,133.0,126.0
72770,246.0,226.0,154.0,141.0
72771,266.0,223.0,150.0,152.0
72772,270.0,79.0,153.0,157.0
72773,253.0,173.0,159.0,146.0
72774,253.0,83.0,145.0,147.0
72775,248.0,83.0,138.0,127.0
72776,237.0,203.0,120.0,140.0
72777,233.0,202.0,131.0,126.0
72778,254.0,108.0,147.0,139.0
72779,262.0,168.0,135.0,142.0
72780,236.0,89.0,143.0,127.0
72781,255.0,147.0,136.0,145.0
72782,233.0,214.0,125.0,144.0
72783,253.0,234.0,140.0,130.0
72784,258.0,122.0,138.0,152.0
72785,233.0,106.0,133.0,138.0
72786,276.0,82.0,148.0,155.0
72787,264.0,227.0,141.0,152.0
72788,241.0,79.0,128.0,146.0
72789,241.0,130.0,140.0,130.0
72790,235.0,190.0,131.0,123.0
72791,270.0,231.0,142.0,150.0
72792,254.0,93.0,141.0,149.0
72793,229.0,84.0,127.0,118.0
72794,259.0,132.0,155.0,154.0
72795,239.0,89.0,119.0,140.0
72796,260.0,79.0,130.0,155.0
72797,238.0,116.0,133.0,141.0
72798,247.0,224.0,127.0,150.0
72799,240.0,207.0,149.0,124.0
72800,256.0,216.0,146.0,142.0
72801,251.0,151.0,133.0,151.0
72802,244.0,86.0,135.0,137.0
72803,233.0,148.0,123.0,113.0
72804,252.0,93.0,147.0,140.0
72805,260.0,224.0,136.0,150.0
72806,246.0,114.0,133.0,143.0
72807,233.0,192.0,131.0,146.0
72808,265.0,216.0,141.0,140.0
72809,268.0,176.0,147.0,142.0
72810,263.0,172.0,150.0,156.0
72811,258.0,181.0,140.0,139.0
72812,258.0,101.0,150.0,134.0
72813,253.0,113.0,149.0,139.0
72814,252.0,110.0,123.0,152.0
72815,237.0,135.0,133.0,135.0
72816,245.0,223.0,140.0,137.0
72817,228.0,148.0,126.0,125.0
72818,274.0,229.0,152.0,165.0
72819,248.0,218.0,146.0,131.0
72820,252.0,108.0,140.0,145.0
72821,256.0,224.0,142.0,140.0
72822,282.0,113.0,161.0,148.0
72823,260.0,218.0,150.0,142.0
72824,267.0,122.0,152.0,157.0
72825,231.0,103.0,106.0,126.0
72826,233.0,219.0,124.0,135.0
72827,258.0,198.0,135.0,161.0
72828,275.0,125.0,167.0,158.0
72829,257.0,218.0,151.0,146.0
72830,241.0,114.0,144.0,140.0
72831,248.0,165.0,151.0,153.0
72832,254.0,111.0,129.0,149.0
72833,251.0,85.0,123.0,133.0
72834,244.0,196.0,143.0,154.0
72835,259.0,219.0,152.0,143.0
72836,247.0,74.0,134.0,141.0
72837,251.0,118.0,171.0,141.0
72838,266.0,134.0,154.0,146.0
72839,221.0,121.0,123.0,130.0
72840,262.0,108.0,149.0,163.0
72841,242.0,110.0,113.0,153.0
72842,251.0,118.0,143.0,143.0
72843,232.0,97.0,135.0,134.0
72844,251.0,242.0,157.0,159.0
72845,272.0,148.0,143.0,149.0
72846,251.0,96.0,135.0,147.0
72847,247.0,138.0,153.0,126.0
72848,246.0,137.0,167.0,139.0
72849,227.0,202.0,129.0,135.0
72850,259.0,92.0,153.0,151.0
72851,247.0,136.0,148.0,132.0
72852,248.0,158.0,146.0,133.0
72853,266.0,244.0,164.0,146.0
72854,265.0,238.0,145.0,154.0
72855,258.0,123.0,141.0,141.0
72856,253.0,103.0,158.0,131.0
72857,253.0,123.0,145.0,135.0
72858,251.0,241.0,135.0,139.0
72859,245.0,151.0,156.0,128.0
72860,250.0,132.0,147.0,146.0
72861,276.0,234.0,149.0,153.0
72862,228.0,114.0,111.0,128.0
72863,237.0,139.0,132.0,135.0
72864,274.0,164.0,142.0,162.0
72865,249.0,110.0,139.0,138.0
72866,247.0,132.0,141.0,153.0
72867,262.0,98.0,146.0,156.0
72868,236.0,207.0,117.0,143.0
72869,232.0,110.0,132.0,120.0
72870,255.0,58.0,173.0,146.0
72871,231.0,142.0,133.0,135.0
72872,259.0,92.0,137.0,148.0
72873,244.0,216.0,132.0,144.0
72874,283.0,237.0,162.0,159.0
72875,257.0,123.0,152.0,145.0
72876,222.0,129.0,130.0,127.0
72877,252.0,104.0,149.0,134.0
72878,258.0,136.0,145.0,141.0
72879,223.0,140.0,132.0,133.0
72880,235.0,98.0,147.0,142.0
72881,246.0,141.0,145.0,132.0
72882,266.0,137.0,155.0,151.0
72883,282.0,142.0,158.0,156.0
72884,245.0,106.0,128.0,143.0
72885,249.0,197.0,147.0,141.0
72886,281.0,131.0,157.0,154.0
72887,263.0,104.0,146.0,136.0
72888,267.0,129.0,142.0,157.0
72889,261.0,233.0,143.0,159.0
72890,229.0,120.0,118.0,126.0
72891,238.0,166.0,128.0,123.0
72892,241.0,191.0,124.0,141.0
72893,260.0,133.0,124.0,157.0
72894,251.0,121.0,141.0,137.0
72895,257.0,144.0,134.0,165.0
72896,266.0,90.0,155.0,144.0
72897,258.0,115.0,146.0,149.0
72898,245.0,108.0,128.0,142.0
72899,263.0,171.0,141.0,131.0
72900,232.0,126.0,125.0,137.0
72901,238.0,101.0,118.0,128.0
72902,255.0,131.0,141.0,135.0
72903,271.0,236.0,154.0,146.0
72904,227.0,227.0,127.0,127.0
72905,239.0,109.0,147.0,145.0
72906,268.0,262.0,161.0,148.0
72907,243.0,71.0,144.0,137.0
72908,235.0,118.0,137.0,127.0
72909,252.0,88.0,133.0,139.0
72910,232.0,110.0,125.0,132.0
72911,228.0,74.0,132.0,122.0
72912,244.0,124.0,153.0,125.0
72913,267.0,120.0,165.0,156.0
72914,245.0,103.0,133.0,134.0
72915,240.0,151.0,135.0,125.0
72916,248.0,137.0,138.0,150.0
72917,256.0,219.0,142.0,146.0
72918,257.0,225.0,149.0,159.0
72919,257.0,219.0,147.0,152.0
72920,224.0,115.0,128.0,127.0
72921,264.0,126.0,163.0,149.0
72922,266.0,103.0,158.0,152.0
72923,230.0,99.0,136.0,122.0
72924,241.0,114.0,121.0,117.0
72925,255.0,98.0,141.0,140.0
72926,247.0,110.0,126.0,137.0
72927,256.0,100.0,140.0,152.0
72928,271.0,92.0,155.0,163.0
72929,239.0,118.0,129.0,131.0
72930,240.0,231.0,145.0,134.0
72931,248.0,125.0,133.0,133.0
72932,260.0,82.0,155.0,144.0
72933,236.0,112.0,127.0,115.0
72934,239.0,181.0,131.0,145.0
72935,266.0,103.0,146.0,166.0
72936,241.0,77.0,126.0,132.0
72937,269.0,240.0,145.0,157.0
72938,262.0,165.0,148.0,151.0
72939,249.0,138.0,138.0,141.0
72940,251.0,118.0,164.0,144.0
72941,231.0,145.0,138.0,124.0
72942,265.0,118.0,140.0,133.0
72943,250.0,82.0,146.0,140.0
72944,228.0,112.0,122.0,114.0
72945,221.0,200.0,130.0,131.0
72946,245.0,73.0,134.0,133.0
72947,278.0,80.0,165.0,161.0
72948,246.0,93.0,136.0,131.0
72949,237.0,71.0,129.0,128.0
72950,247.0,107.0,131.0,133.0
72951,244.0,130.0,136.0,130.0
72952,261.0,77.0,154.0,157.0
72953,264.0,123.0,158.0,140.0
72954,234.0,104.0,134.0,129.0
72955,267.0,157.0,150.0,150.0
72956,263.0,249.0,148.0,126.0
72957,253.0,140.0,134.0,144.0
72958,251.0,111.0,117.0,142.0
72959,268.0,234.0,149.0,173.0
72960,254.0,220.0,140.0,150.0
72961,262.0,110.0,149.0,157.0
72962,256.0,102.0,146.0,143.0
72963,241.0,208.0,141.0,138.0
72964,268.0,267.0,154.0,145.0
72965,248.0,96.0,126.0,140.0
72966,245.0,108.0,147.0,109.0
72967,242.0,103.0,128.0,131.0
72968,241.0,226.0,130.0,138.0
72969,239.0,91.0,129.0,119.0
72970,255.0,229.0,148.0,129.0
72971,226.0,61.0,121.0,131.0
72972,250.0,69.0,123.0,141.0
72973,247.0,124.0,144.0,139.0
72974,261.0,117.0,154.0,142.0
72975,236.0,206.0,132.0,128.0
72976,243.0,186.0,139.0,132.0
72977,253.0,162.0,118.0,136.0
72978,239.0,86.0,122.0,128.0
72979,252.0,220.0,145.0,139.0
72980,254.0,192.0,143.0,141.0
72981,242.0,86.0,136.0,141.0
72982,245.0,104.0,130.0,142.0
72983,240.0,113.0,124.0,133.0
72984,279.0,103.0,150.0,153.0
72985,245.0,56.0,135.0,137.0
72986,249.0,206.0,136.0,134.0
72987,260.0,147.0,153.0,141.0
72988,235.0,202.0,132.0,141.0
72989,239.0,208.0,137.0,147.0
72990,227.0,84.0,127.0,123.0
72991,251.0,97.0,135.0,150.0
72992,249.0,68.0,149.0,149.0
72993,226.0,95.0,131.0,119.0
72994,229.0,79.0,117.0,120.0
72995,268.0,72.0,167.0,143.0
72996,246.0,100.0,132.0,145.0
72997,255.0,98.0,139.0,143.0
72998,253.0,126.0,144.0,144.0
72999,273.0,122.0,152.0,158.0
73000,256.0,127.0,127.0,149.0
73001,269.0,113.0,146.0,148.0
73002,240.0,233.0,143.0,136.0
73003,253.0,219.0,141.0,156.0
73004,245.0,228.0,133.0,139.0
73005,243.0,127.0,140.0,138.0
73006,259.0,77.0,137.0,137.0
73007,257.0,161.0,145.0,132.0
73008,244.0,95.0,133.0,138.0
73009,245.0,81.0,159.0,141.0
73010,255.0,123.0,138.0,148.0
73011,250.0,160.0,137.0,151.0
73012,255.0,93.0,141.0,133.0
73013,232.0,97.0,127.0,124.0
73014,242.0,144.0,145.0,138.0
73015,246.0,111.0,141.0,142.0
73016,247.0,86.0,133.0,143.0
73017,280.0,275.0,153.0,151.0
73018,238.0,84.0,131.0,134.0
73019,251.0,219.0,149.0,143.0
73020,255.0,221.0,137.0,137.0
73021,270.0,242.0,143.0,163.0
73022,226.0,148.0,120.0,113.0
73023,263.0,139.0,155.0,144.0
73024,242.0,125.0,130.0,139.0
73025,259.0,95.0,147.0,150.0
73026,273.0,115.0,150.0,150.0
73027,238.0,102.0,133.0,130.0
73028,273.0,134.0,153.0,147.0
73029,249.0,138.0,129.0,129.0
73030,246.0,74.0,138.0,131.0
73031,260.0,225.0,165.0,143.0
73032,262.0,227.0,143.0,163.0
73033,273.0,74.0,152.0,142.0
73034,233.0,194.0,130.0,131.0
73035,267.0,182.0,131.0,154.0
73036,270.0,258.0,147.0,149.0
73037,235.0,87.0,134.0,135.0
73038,286.0,243.0,158.0,171.0
73039,244.0,209.0,137.0,146.0
73040,251.0,85.0,134.0,128.0
73041,281.0,103.0,175.0,144.0
73042,255.0,166.0,128.0,142.0
73043,238.0,169.0,126.0,135.0
73044,261.0,94.0,151.0,165.0
73045,234.0,99.0,131.0,135.0
73046,246.0,206.0,139.0,136.0
73047,245.0,209.0,154.0,143.0
73048,265.0,146.0,144.0,141.0
73049,291.0,114.0,173.0,160.0
73050,253.0,112.0,127.0,152.0
73051,247.0,121.0,138.0,141.0
73052,251.0,109.0,156.0,143.0
73053,246.0,118.0,136.0,129.0
73054,259.0,111.0,139.0,143.0
73055,265.0,119.0,162.0,139.0
73056,240.0,130.0,126.0,130.0
73057,253.0,209.0,125.0,135.0
73058,224.0,199.0,123.0,128.0
73059,256.0,228.0,150.0,139.0
73060,238.0,79.0,151.0,105.0
73061,269.0,100.0,158.0,144.0
73062,240.0,98.0,130.0,122.0
73063,251.0,158.0,148.0,140.0
73064,243.0,120.0,130.0,135.0
73065,234.0,140.0,137.0,145.0
73066,247.0,110.0,137.0,123.0
73067,234.0,156.0,118.0,123.0
73068,275.0,95.0,157.0,163.0
73069,248.0,207.0,132.0,132.0
73070,237.0,103.0,117.0,129.0
73071,257.0,125.0,127.0,149.0
73072,263.0,149.0,142.0,148.0
73073,236.0,212.0,143.0,135.0
73074,260.0,139.0,147.0,151.0
73075,277.0,125.0,158.0,153.0
73076,253.0,122.0,138.0,153.0
73077,269.0,117.0,146.0,154.0
73078,226.0,84.0,127.0,131.0
73079,236.0,84.0,134.0,134.0
73080,238.0,85.0,121.0,141.0
73081,247.0,213.0,141.0,125.0
73082,246.0,240.0,157.0,152.0
73083,212.0,107.0,112.0,124.0
73084,237.0,182.0,124.0,129.0
73085,255.0,221.0,151.0,159.0
73086,254.0,224.0,141.0,130.0
73087,240.0,75.0,125.0,131.0
73088,215.0,72.0,112.0,123.0
73089,255.0,234.0,152.0,142.0
73090,227.0,196.0,126.0,123.0
73091,244.0,111.0,135.0,126.0
73092,257.0,138.0,138.0,146.0
73093,239.0,121.0,132.0,136.0
73094,261.0,100.0,151.0,159.0
73095,257.0,124.0,148.0,146.0
73096,238.0,149.0,132.0,144.0
73097,274.0,106.0,146.0,147.0
73098,270.0,251.0,154.0,147.0
73099,241.0,204.0,142.0,124.0
73100,261.0,222.0,149.0,152.0
73101,248.0,32.0,147.0,148.0
73102,256.0,229.0,140.0,152.0
73103,232.0,55.0,136.0,138.0
73104,237.0,200.0,127.0,143.0
73105,243.0,106.0,137.0,137.0
73106,268.0,134.0,144.0,153.0
73107,255.0,125.0,154.0,144.0
73108,246.0,112.0,152.0,135.0
73109,253.0,99.0,149.0,137.0
73110,263.0,230.0,150.0,165.0
73111,264.0,138.0,147.0,147.0
73112,251.0,206.0,145.0,132.0
73113,255.0,122.0,151.0,132.0
73114,253.0,142.0,133.0,137.0
73115,219.0,71.0,129.0,128.0
73116,238.0,129.0,144.0,131.0
73117,250.0,132.0,136.0,150.0
73118,240.0,112.0,127.0,140.0
73119,236.0,105.0,141.0,129.0
73120,240.0,150.0,145.0,134.0
73121,272.0,260.0,172.0,147.0
73122,264.0,95.0,155.0,138.0
73123,242.0,118.0,134.0,132.0
73124,256.0,225.0,145.0,127.0
73125,266.0,131.0,142.0,143.0
73126,247.0,240.0,126.0,127.0
73127,253.0,105.0,139.0,140.0
73128,270.0,102.0,144.0,144.0
73129,249.0,60.0,145.0,135.0
73130,227.0,191.0,138.0,129.0
73131,244.0,104.0,132.0,140.0
73132,248.0,104.0,132.0,135.0
73133,271.0,141.0,161.0,156.0
73134,281.0,219.0,145.0,156.0
73135,275.0,122.0,158.0,154.0
73136,253.0,87.0,150.0,160.0
73137,231.0,115.0,115.0,124.0
73138,229.0,104.0,138.0,126.0
73139,273.0,111.0,143.0,160.0
73140,244.0,113.0,151.0,148.0
73141,250.0,213.0,147.0,132.0
73142,247.0,208.0,132.0,161.0
73143,238.0,83.0,136.0,134.0
73144,256.0,87.0,144.0,139.0
73145,252.0,103.0,146.0,132.0
73146,267.0,169.0,144.0,148.0
73147,263.0,131.0,123.0,154.0
73148,242.0,110.0,133.0,124.0
73149,255.0,155.0,148.0,137.0
73150,250.0,112.0,143.0,143.0
73151,243.0,113.0,128.0,138.0
73152,228.0,114.0,122.0,125.0
73153,255.0,108.0,149.0,149.0
73154,243.0,138.0,137.0,143.0
73155,255.0,225.0,145.0,136.0
73156,232.0,124.0,115.0,132.0
73157,242.0,199.0,130.0,135.0
73158,250.0,101.0,138.0,130.0
73159,259.0,88.0,149.0,146.0
73160,260.0,168.0,144.0,157.0
73161,256.0,125.0,141.0,146.0
73162,249.0,210.0,136.0,148.0
73163,243.0,107.0,136.0,140.0
73164,244.0,138.0,127.0,149.0
73165,248.0,108.0,130.0,148.0
73166,255.0,121.0,158.0,149.0
73167,248.0,78.0,138.0,134.0
73168,276.0,93.0,165.0,162.0
73169,263.0,259.0,146.0,133.0
73170,231.0,103.0,135.0,128.0
73171,258.0,139.0,160.0,148.0
73172,238.0,109.0,134.0,135.0
73173,251.0,121.0,132.0,139.0
73174,268.0,123.0,129.0,148.0
73175,254.0,100.0,140.0,147.0
73176,261.0,140.0,149.0,147.0
73177,266.0,225.0,158.0,142.0
73178,264.0,231.0,153.0,145.0
73179,230.0,59.0,112.0,120.0
73180,243.0,226.0,122.0,132.0
73181,256.0,110.0,158.0,136.0
73182,235.0,114.0,140.0,125.0
73183,251.0,109.0,144.0,140.0
73184,257.0,228.0,143.0,142.0
73185,247.0,108.0,146.0,140.0
73186,242.0,208.0,134.0,124.0
73187,243.0,203.0,133.0,148.0
73188,267.0,99.0,158.0,160.0
73189,264.0,147.0,154.0,156.0
73190,263.0,86.0,155.0,147.0
73191,256.0,105.0,141.0,148.0
73192,240.0,74.0,132.0,130.0
73193,266.0,105.0,161.0,155.0
73194,274.0,130.0,166.0,167.0
73195,276.0,140.0,154.0,147.0
73196,268.0,114.0,153.0,152.0
73197,261.0,231.0,139.0,152.0
73198,232.0,116.0,138.0,117.0
73199,259.0,126.0,137.0,144.0
73200,264.0,157.0,147.0,163.0
73201,264.0,230.0,160.0,150.0
73202,250.0,83.0,148.0,144.0
73203,234.0,120.0,147.0,126.0
73204,251.0,57.0,134.0,147.0
73205,253.0,90.0,136.0,139.0
73206,245.0,131.0,133.0,142.0
73207,248.0,89.0,134.0,152.0
73208,257.0,214.0,134.0,138.0
73209,258.0,215.0,146.0,153.0
73210,257.0,240.0,144.0,137.0
73211,271.0,243.0,153.0,146.0
73212,256.0,111.0,137.0,146.0
73213,229.0,196.0,125.0,118.0
73214,234.0,132.0,142.0,140.0
73215,257.0,124.0,136.0,152.0
73216,267.0,129.0,142.0,150.0
73217,257.0,214.0,153.0,137.0
73218,238.0,90.0,125.0,122.0
73219,247.0,76.0,136.0,138.0
73220,222.0,162.0,117.0,129.0
73221,246.0,221.0,136.0,126.0
73222,243.0,163.0,128.0,149.0
73223,240.0,88.0,152.0,133.0
73224,256.0,105.0,145.0,144.0
73225,241.0,100.0,131.0,142.0
73226,232.0,110.0,118.0,144.0
73227,257.0,125.0,134.0,141.0
73228,252.0,222.0,148.0,136.0
73229,238.0,229.0,130.0,133.0
73230,243.0,92.0,134.0,143.0
73231,249.0,77.0,150.0,147.0
73232,265.0,124.0,157.0,134.0
73233,247.0,98.0,142.0,133.0
73234,239.0,211.0,135.0,135.0
73235,244.0,115.0,131.0,136.0
73236,246.0,129.0,121.0,138.0
73237,241.0,98.0,129.0,150.0
73238,232.0,116.0,132.0,123.0
73239,245.0,110.0,139.0,150.0
73240,245.0,98.0,133.0,121.0
73241,268.0,115.0,161.0,154.0
73242,278.0,233.0,148.0,168.0
73243,247.0,106.0,135.0,141.0
73244,256.0,228.0,145.0,136.0
73245,254.0,227.0,137.0,144.0
73246,238.0,209.0,132.0,140.0
73247,262.0,93.0,154.0,146.0
73248,247.0,113.0,151.0,134.0
73249,275.0,167.0,150.0,148.0
73250,244.0,101.0,137.0,150.0
73251,251.0,72.0,146.0,132.0
73252,263.0,125.0,129.0,135.0
73253,238.0,64.0,124.0,137.0
73254,247.0,130.0,130.0,139.0
73255,273.0,154.0,150.0,162.0
73256,274.0,123.0,164.0,152.0
73257,262.0,225.0,151.0,155.0
73258,254.0,216.0,129.0,157.0
73259,254.0,99.0,152.0,142.0
73260,251.0,216.0,152.0,138.0
73261,264.0,102.0,156.0,153.0
73262,270.0,153.0,140.0,145.0
73263,269.0,99.0,147.0,152.0
73264,254.0,90.0,132.0,147.0
73265,259.0,142.0,143.0,134.0
73266,251.0,125.0,138.0,152.0
73267,265.0,154.0,151.0,140.0
73268,247.0,65.0,148.0,133.0
73269,273.0,112.0,151.0,153.0
73270,234.0,56.0,137.0,126.0
73271,255.0,122.0,122.0,148.0
73272,240.0,125.0,150.0,135.0
73273,252.0,218.0,139.0,145.0
73274,243.0,112.0,126.0,132.0
73275,259.0,107.0,137.0,144.0
73276,264.0,108.0,157.0,151.0
73277,237.0,109.0,128.0,135.0
73278,251.0,91.0,126.0,133.0
73279,254.0,103.0,143.0,147.0
73280,249.0,156.0,136.0,150.0
73281,279.0,145.0,147.0,177.0
73282,268.0,113.0,152.0,133.0
73283,222.0,88.0,117.0,126.0
73284,255.0,227.0,134.0,144.0
73285,257.0,136.0,147.0,135.0
73286,251.0,96.0,140.0,159.0
73287,223.0,80.0,137.0,131.0
73288,241.0,109.0,130.0,126.0
73289,262.0,98.0,149.0,143.0
73290,244.0,98.0,135.0,148.0
73291,255.0,146.0,150.0,134.0
73292,255.0,102.0,149.0,160.0
73293,236.0,216.0,126.0,124.0
73294,245.0,100.0,132.0,136.0
73295,254.0,222.0,151.0,142.0
73296,271.0,88.0,162.0,150.0
73297,239.0,111.0,127.0,133.0
73298,232.0,193.0,114.0,119.0
73299,255.0,215.0,146.0,147.0
73300,231.0,192.0,137.0,130.0
73301,225.0,109.0,128.0,116.0
73302,244.0,132.0,145.0,129.0
73303,222.0,95.0,127.0,132.0
73304,245.0,89.0,130.0,142.0
73305,255.0,152.0,135.0,145.0
73306,263.0,114.0,154.0,150.0
73307,263.0,84.0,137.0,153.0
73308,245.0,140.0,137.0,136.0
73309,254.0,218.0,148.0,144.0
73310,267.0,100.0,159.0,152.0
73311,240.0,234.0,136.0,148.0
73312,276.0,140.0,156.0,168.0
73313,224.0,189.0,118.0,120.0
73314,258.0,255.0,153.0,160.0
73315,249.0,155.0,143.0,138.0
73316,268.0,135.0,142.0,158.0
73317,238.0,77.0,129.0,129.0
73318,265.0,211.0,151.0,147.0
73319,263.0,116.0,155.0,149.0
73320,271.0,236.0,164.0,157.0
73321,260.0,45.0,146.0,142.0
73322,242.0,85.0,144.0,128.0
73323,254.0,121.0,140.0,137.0
73324,228.0,94.0,110.0,124.0
73325,254.0,148.0,133.0,144.0
73326,252.0,123.0,133.0,149.0
73327,260.0,98.0,145.0,141.0
73328,245.0,117.0,128.0,139.0
73329,265.0,162.0,158.0,156.0
73330,272.0,263.0,162.0,155.0
73331,264.0,255.0,161.0,160.0
73332,252.0,225.0,147.0,142.0
73333,240.0,91.0,125.0,122.0
73334,246.0,97.0,137.0,133.0
73335,243.0,101.0,131.0,143.0
73336,253.0,163.0,129.0,148.0
73337,237.0,226.0,131.0,133.0
73338,243.0,216.0,132.0,145.0
73339,239.0,234.0,136.0,118.0
73340,250.0,207.0,138.0,143.0
73341,242.0,98.0,125.0,140.0
73342,254.0,120.0,136.0,137.0
73343,262.0,250.0,146.0,145.0
73344,242.0,230.0,133.0,149.0
73345,229.0,107.0,125.0,134.0
73346,266.0,99.0,164.0,153.0
73347,245.0,79.0,144.0,139.0
73348,266.0,137.0,140.0,150.0
73349,242.0,71.0,133.0,138.0
73350,242.0,234.0,144.0,137.0
73351,260.0,68.0,150.0,165.0
73352,245.0,130.0,136.0,140.0
73353,257.0,121.0,152.0,141.0
73354,262.0,165.0,153.0,135.0
73355,240.0,129.0,142.0,137.0
73356,262.0,98.0,141.0,145.0
73357,251.0,112.0,130.0,146.0
73358,249.0,126.0,145.0,139.0
73359,266.0,140.0,156.0,155.0
73360,221.0,85.0,113.0,116.0
73361,273.0,242.0,137.0,146.0
73362,243.0,144.0,140.0,145.0
73363,283.0,126.0,162.0,166.0
73364,244.0,244.0,145.0,148.0
73365,238.0,204.0,136.0,144.0
73366,254.0,81.0,138.0,168.0
73367,256.0,142.0,140.0,146.0
73368,258.0,127.0,140.0,136.0
73369,242.0,116.0,149.0,133.0
73370,240.0,110.0,138.0,145.0
73371,250.0,77.0,145.0,149.0
73372,241.0,132.0,136.0,136.0
73373,260.0,255.0,149.0,173.0
73374,242.0,237.0,142.0,133.0
73375,231.0,165.0,133.0,125.0
73376,253.0,86.0,134.0,138.0
73377,218.0,189.0,118.0,121.0
73378,244.0,100.0,131.0,128.0
73379,259.0,236.0,140.0,149.0
73380,244.0,165.0,132.0,136.0
73381,241.0,94.0,139.0,142.0
73382,247.0,100.0,128.0,143.0
73383,249.0,73.0,152.0,140.0
73384,255.0,94.0,145.0,146.0
73385,238.0,110.0,145.0,145.0
73386,247.0,221.0,146.0,130.0
73387,278.0,223.0,140.0,155.0
73388,260.0,102.0,134.0,155.0
73389,242.0,192.0,129.0,150.0
73390,246.0,97.0,140.0,151.0
73391,252.0,80.0,138.0,133.0
73392,251.0,101.0,139.0,131.0
73393,227.0,93.0,127.0,120.0
73394,244.0,103.0,162.0,123.0
73395,245.0,72.0,137.0,130.0
73396,243.0,133.0,129.0,147.0
73397,247.0,101.0,145.0,140.0
73398,254.0,68.0,133.0,126.0
73399,242.0,115.0,129.0,129.0
73400,271.0,142.0,153.0,156.0
73401,238.0,66.0,133.0,140.0
73402,249.0,128.0,143.0,135.0
73403,267.0,106.0,146.0,161.0
73404,245.0,137.0,135.0,125.0
73405,251.0,218.0,145.0,132.0
73406,267.0,234.0,159.0,142.0
73407,256.0,224.0,142.0,137.0
73408,245.0,140.0,137.0,132.0
73409,245.0,79.0,131.0,140.0
73410,243.0,225.0,143.0,139.0
73411,250.0,123.0,126.0,141.0
73412,260.0,85.0,152.0,144.0
73413,274.0,259.0,171.0,148.0
73414,262.0,228.0,135.0,146.0
73415,225.0,130.0,119.0,123.0
73416,253.0,99.0,149.0,144.0
73417,255.0,235.0,131.0,164.0
73418,261.0,126.0,144.0,146.0
73419,254.0,132.0,128.0,133.0
73420,257.0,218.0,143.0,140.0
73421,229.0,93.0,137.0,116.0
73422,244.0,178.0,131.0,140.0
73423,230.0,191.0,125.0,134.0
73424,249.0,73.0,143.0,147.0
73425,241.0,86.0,149.0,131.0
73426,243.0,121.0,130.0,128.0
73427,278.0,96.0,154.0,157.0
73428,256.0,107.0,146.0,146.0
73429,245.0,89.0,142.0,138.0
73430,249.0,219.0,150.0,142.0
73431,252.0,215.0,141.0,151.0
73432,246.0,121.0,129.0,133.0
73433,250.0,118.0,143.0,143.0
73434,226.0,136.0,123.0,125.0
73435,242.0,204.0,147.0,131.0
73436,243.0,140.0,134.0,117.0
73437,256.0,232.0,143.0,134.0
73438,264.0,75.0,151.0,129.0
73439,252.0,214.0,135.0,123.0
73440,250.0,145.0,154.0,134.0
73441,231.0,85.0,133.0,134.0
73442,252.0,211.0,138.0,140.0
73443,238.0,69.0,140.0,149.0
73444,221.0,66.0,120.0,128.0
73445,274.0,247.0,162.0,156.0
73446,256.0,91.0,148.0,135.0
73447,230.0,203.0,151.0,127.0
73448,258.0,82.0,139.0,150.0
73449,260.0,120.0,143.0,143.0
73450,254.0,211.0,138.0,131.0
73451,247.0,115.0,131.0,138.0
73452,267.0,101.0,133.0,138.0
73453,240.0,60.0,149.0,142.0
73454,251.0,154.0,131.0,135.0
73455,246.0,195.0,120.0,144.0
73456,269.0,113.0,164.0,154.0
73457,239.0,83.0,140.0,118.0
73458,240.0,119.0,127.0,132.0
73459,224.0,122.0,123.0,127.0
73460,250.0,102.0,152.0,132.0
73461,271.0,163.0,162.0,160.0
73462,243.0,214.0,137.0,134.0
73463,267.0,234.0,155.0,153.0
73464,259.0,226.0,151.0,140.0
73465,240.0,107.0,125.0,130.0
73466,252.0,179.0,130.0,139.0
73467,242.0,164.0,135.0,126.0
73468,258.0,211.0,138.0,144.0
73469,246.0,182.0,134.0,143.0
73470,239.0,201.0,136.0,135.0
73471,258.0,139.0,149.0,142.0
73472,218.0,195.0,131.0,124.0
73473,248.0,136.0,147.0,133.0
73474,252.0,181.0,145.0,143.0
73475,234.0,193.0,133.0,136.0
73476,262.0,224.0,151.0,164.0
73477,251.0,133.0,144.0,133.0
73478,255.0,102.0,148.0,136.0
73479,263.0,219.0,136.0,141.0
73480,239.0,132.0,122.0,132.0
73481,267.0,169.0,167.0,161.0
73482,249.0,130.0,143.0,148.0
73483,266.0,221.0,151.0,141.0
73484,280.0,141.0,149.0,142.0
73485,245.0,220.0,140.0,125.0
73486,258.0,220.0,141.0,145.0
73487,292.0,171.0,161.0,173.0
73488,229.0,106.0,133.0,136.0
73489,239.0,213.0,131.0,145.0
73490,243.0,213.0,148.0,129.0
73491,248.0,227.0,134.0,138.0
73492,248.0,156.0,124.0,141.0
73493,261.0,224.0,147.0,144.0
73494,247.0,107.0,133.0,145.0
73495,250.0,217.0,125.0,137.0
73496,259.0,111.0,147.0,147.0
73497,246.0,212.0,131.0,138.0
73498,262.0,97.0,146.0,149.0
73499,268.0,230.0,154.0,156.0
73500,237.0,105.0,126.0,148.0
73501,253.0,85.0,145.0,151.0
73502,265.0,265.0,165.0,144.0
73503,259.0,124.0,149.0,142.0
73504,259.0,150.0,154.0,141.0
73505,273.0,105.0,138.0,149.0
73506,218.0,91.0,124.0,115.0
73507,243.0,110.0,133.0,143.0
73508,255.0,216.0,147.0,130.0
73509,257.0,77.0,152.0,133.0
73510,260.0,248.0,147.0,142.0
73511,247.0,96.0,132.0,129.0
73512,274.0,110.0,155.0,161.0
73513,231.0,97.0,126.0,131.0
73514,242.0,140.0,146.0,143.0
73515,247.0,90.0,136.0,130.0
73516,255.0,106.0,132.0,148.0
73517,246.0,100.0,140.0,144.0
73518,231.0,91.0,126.0,141.0
73519,244.0,121.0,138.0,142.0
73520,243.0,80.0,135.0,137.0
73521,240.0,115.0,145.0,131.0
73522,221.0,109.0,127.0,133.0
73523,252.0,112.0,138.0,147.0
73524,259.0,208.0,142.0,149.0
73525,270.0,148.0,144.0,140.0
73526,261.0,225.0,149.0,149.0
73527,231.0,106.0,133.0,135.0
73528,258.0,74.0,139.0,144.0
73529,240.0,119.0,133.0,138.0
73530,239.0,131.0,134.0,137.0
73531,254.0,112.0,137.0,145.0
73532,248.0,133.0,143.0,137.0
73533,278.0,251.0,159.0,152.0
73534,262.0,153.0,152.0,144.0
73535,261.0,106.0,140.0,150.0
73536,267.0,90.0,166.0,159.0
73537,261.0,104.0,141.0,142.0
73538,251.0,119.0,161.0,143.0
73539,232.0,72.0,122.0,126.0
73540,232.0,198.0,135.0,125.0
73541,249.0,126.0,156.0,154.0
73542,243.0,125.0,125.0,136.0
73543,265.0,229.0,149.0,144.0
73544,241.0,83.0,127.0,147.0
73545,242.0,91.0,148.0,128.0
73546,279.0,233.0,158.0,135.0
73547,231.0,116.0,139.0,135.0
73548,249.0,88.0,137.0,126.0
73549,245.0,91.0,128.0,135.0
73550,248.0,107.0,151.0,141.0
73551,253.0,146.0,138.0,155.0
73552,253.0,103.0,135.0,149.0
73553,247.0,62.0,139.0,137.0
73554,237.0,107.0,120.0,125.0
73555,235.0,126.0,148.0,133.0
73556,245.0,113.0,131.0,135.0
73557,252.0,131.0,129.0,145.0
73558,256.0,89.0,134.0,151.0
73559,247.0,109.0,137.0,137.0
73560,265.0,110.0,161.0,143.0
73561,233.0,91.0,141.0,133.0
73562,258.0,123.0,143.0,149.0
73563,257.0,143.0,153.0,151.0
73564,266.0,99.0,142.0,155.0
73565,235.0,227.0,139.0,132.0
73566,263.0,140.0,164.0,150.0
73567,264.0,146.0,152.0,155.0
73568,250.0,215.0,128.0,145.0
73569,259.0,221.0,138.0,135.0
73570,249.0,107.0,131.0,138.0
73571,258.0,154.0,134.0,133.0
73572,258.0,81.0,157.0,139.0
73573,239.0,94.0,139.0,130.0
73574,226.0,115.0,134.0,121.0
73575,257.0,68.0,138.0,148.0
73576,279.0,163.0,165.0,157.0
73577,262.0,251.0,155.0,145.0
73578,262.0,118.0,159.0,150.0
73579,262.0,135.0,147.0,144.0
73580,248.0,120.0,143.0,142.0
73581,270.0,87.0,161.0,152.0
73582,231.0,77.0,127.0,126.0
73583,247.0,138.0,133.0,130.0
73584,240.0,83.0,152.0,124.0
73585,270.0,89.0,135.0,143.0
73586,249.0,223.0,161.0,139.0
73587,251.0,120.0,151.0,137.0
73588,250.0,132.0,147.0,155.0
73589,261.0,176.0,136.0,144.0
73590,261.0,157.0,130.0,156.0
73591,242.0,125.0,121.0,152.0
73592,251.0,166.0,146.0,133.0
73593,260.0,217.0,142.0,151.0
73594,255.0,92.0,155.0,143.0
73595,286.0,155.0,169.0,145.0
73596,236.0,155.0,119.0,137.0
73597,248.0,219.0,132.0,154.0
73598,254.0,164.0,146.0,149.0
73599,226.0,96.0,137.0,131.0
73600,236.0,233.0,143.0,140.0
73601,245.0,207.0,138.0,144.0
73602,251.0,122.0,139.0,138.0
73603,273.0,157.0,156.0,164.0
73604,248.0,86.0,122.0,146.0
73605,251.0,85.0,129.0,141.0
73606,265.0,265.0,144.0,165.0
73607,259.0,259.0,152.0,162.0
73608,250.0,111.0,147.0,127.0
73609,272.0,232.0,145.0,151.0
73610,267.0,146.0,143.0,150.0
73611,260.0,109.0,138.0,144.0
73612,233.0,70.0,142.0,120.0
73613,218.0,54.0,109.0,116.0
73614,255.0,79.0,136.0,143.0
73615,276.0,154.0,145.0,153.0
73616,259.0,253.0,144.0,146.0
73617,231.0,88.0,136.0,143.0
73618,260.0,233.0,150.0,150.0
73619,249.0,246.0,147.0,136.0
73620,250.0,66.0,148.0,133.0
73621,223.0,102.0,119.0,113.0
73622,265.0,70.0,136.0,150.0
73623,256.0,109.0,124.0,152.0
73624,241.0,153.0,118.0,139.0
73625,264.0,172.0,150.0,137.0
73626,263.0,99.0,160.0,154.0
73627,253.0,130.0,135.0,139.0
73628,264.0,232.0,136.0,164.0
73629,238.0,79.0,135.0,139.0
73630,248.0,157.0,142.0,132.0
73631,248.0,114.0,144.0,137.0
73632,227.0,89.0,124.0,125.0
73633,258.0,105.0,137.0,137.0
73634,246.0,128.0,137.0,140.0
73635,269.0,107.0,166.0,141.0
73636,248.0,101.0,135.0,129.0
73637,240.0,117.0,134.0,128.0
73638,264.0,235.0,137.0,158.0
73639,260.0,169.0,143.0,144.0
73640,247.0,113.0,132.0,143.0
73641,257.0,152.0,140.0,132.0
73642,257.0,100.0,146.0,146.0
73643,257.0,130.0,131.0,149.0
73644,237.0,78.0,130.0,131.0
73645,271.0,92.0,158.0,162.0
73646,242.0,144.0,121.0,136.0
73647,243.0,143.0,122.0,144.0
73648,233.0,197.0,129.0,123.0
73649,269.0,174.0,161.0,153.0
73650,264.0,91.0,144.0,142.0
73651,271.0,260.0,159.0,155.0
73652,246.0,92.0,138.0,137.0
73653,232.0,205.0,125.0,117.0
73654,239.0,112.0,136.0,136.0
73655,257.0,226.0,143.0,134.0
73656,253.0,140.0,156.0,143.0
73657,247.0,84.0,127.0,152.0
73658,250.0,179.0,137.0,138.0
73659,262.0,236.0,138.0,142.0
73660,280.0,104.0,159.0,160.0
73661,235.0,198.0,120.0,125.0
73662,243.0,149.0,131.0,132.0
73663,253.0,107.0,130.0,150.0
73664,254.0,217.0,151.0,149.0
73665,253.0,179.0,144.0,133.0
73666,242.0,87.0,138.0,126.0
73667,238.0,81.0,141.0,132.0
73668,249.0,120.0,140.0,158.0
73669,240.0,78.0,113.0,157.0
73670,251.0,76.0,157.0,129.0
73671,224.0,76.0,117.0,121.0
73672,240.0,79.0,132.0,142.0
73673,273.0,87.0,145.0,149.0
73674,247.0,61.0,134.0,132.0
73675,268.0,88.0,153.0,144.0
73676,216.0,179.0,132.0,123.0
73677,240.0,235.0,158.0,147.0
73678,257.0,129.0,155.0,154.0
73679,267.0,127.0,158.0,149.0
73680,266.0,140.0,142.0,137.0
73681,256.0,127.0,142.0,158.0
73682,248.0,212.0,136.0,130.0
73683,243.0,129.0,125.0,144.0
73684,262.0,115.0,136.0,146.0
73685,237.0,127.0,119.0,132.0
73686,241.0,77.0,135.0,131.0
73687,254.0,117.0,152.0,140.0
73688,242.0,77.0,121.0,116.0
73689,253.0,120.0,138.0,136.0
73690,250.0,114.0,136.0,134.0
73691,243.0,151.0,132.0,145.0
73692,241.0,102.0,141.0,140.0
73693,274.0,109.0,162.0,157.0
73694,254.0,124.0,136.0,145.0
73695,247.0,234.0,127.0,133.0
73696,237.0,115.0,139.0,138.0
73697,262.0,151.0,145.0,139.0
73698,237.0,187.0,125.0,122.0
73699,247.0,87.0,146.0,135.0
73700,283.0,161.0,155.0,150.0
73701,256.0,83.0,146.0,143.0
73702,270.0,162.0,143.0,153.0
73703,263.0,137.0,136.0,145.0
73704,271.0,101.0,153.0,155.0
73705,259.0,109.0,131.0,139.0
73706,246.0,235.0,141.0,137.0
73707,265.0,93.0,134.0,139.0
73708,256.0,141.0,153.0,145.0
73709,248.0,218.0,124.0,148.0
73710,250.0,219.0,137.0,142.0
73711,252.0,138.0,132.0,148.0
73712,268.0,123.0,144.0,139.0
73713,237.0,146.0,125.0,123.0
73714,254.0,143.0,138.0,139.0
73715,225.0,126.0,129.0,122.0
73716,250.0,104.0,138.0,136.0
73717,251.0,219.0,146.0,140.0
73718,255.0,223.0,137.0,151.0
73719,274.0,249.0,154.0,159.0
73720,244.0,90.0,140.0,130.0
73721,235.0,100.0,143.0,139.0
73722,250.0,144.0,145.0,139.0
73723,249.0,97.0,147.0,145.0
73724,247.0,219.0,138.0,141.0
73725,240.0,147.0,122.0,130.0
73726,259.0,120.0,147.0,149.0
73727,265.0,107.0,147.0,172.0
73728,216.0,81.0,103.0,120.0
73729,236.0,89.0,132.0,143.0
73730,262.0,169.0,147.0,143.0
73731,242.0,98.0,129.0,122.0
73732,227.0,203.0,122.0,122.0
73733,233.0,96.0,138.0,131.0
73734,244.0,109.0,142.0,149.0
73735,256.0,101.0,151.0,142.0
73736,288.0,239.0,159.0,160.0
73737,255.0,88.0,162.0,147.0
73738,226.0,70.0,131.0,120.0
73739,289.0,174.0,156.0,161.0
73740,253.0,118.0,149.0,139.0
73741,260.0,106.0,149.0,135.0
73742,249.0,121.0,141.0,140.0
73743,249.0,120.0,141.0,134.0
73744,274.0,173.0,154.0,152.0
73745,249.0,102.0,136.0,139.0
73746,231.0,79.0,114.0,131.0
73747,269.0,114.0,157.0,157.0
73748,249.0,93.0,144.0,145.0
73749,278.0,244.0,151.0,165.0
73750,244.0,95.0,148.0,140.0
73751,270.0,230.0,147.0,146.0
73752,242.0,81.0,132.0,126.0
73753,241.0,212.0,129.0,130.0
73754,239.0,140.0,127.0,149.0
73755,245.0,119.0,137.0,129.0
73756,254.0,106.0,138.0,141.0
73757,254.0,122.0,148.0,144.0
73758,258.0,130.0,150.0,139.0
73759,226.0,99.0,118.0,138.0
73760,278.0,172.0,151.0,165.0
73761,244.0,62.0,134.0,127.0
73762,274.0,119.0,152.0,161.0
73763,269.0,234.0,161.0,149.0
73764,274.0,234.0,167.0,143.0
73765,267.0,142.0,158.0,150.0
73766,269.0,94.0,151.0,154.0
73767,266.0,242.0,150.0,152.0
73768,247.0,100.0,149.0,130.0
73769,241.0,51.0,155.0,141.0
73770,271.0,148.0,161.0,160.0
73771,250.0,79.0,131.0,130.0
73772,240.0,207.0,149.0,138.0
73773,250.0,105.0,139.0,139.0
73774,276.0,112.0,156.0,165.0
73775,226.0,200.0,132.0,120.0
73776,251.0,113.0,141.0,137.0
73777,264.0,183.0,151.0,161.0
73778,281.0,130.0,176.0,157.0
73779,264.0,137.0,140.0,152.0
73780,245.0,141.0,123.0,139.0
73781,233.0,192.0,120.0,143.0
73782,251.0,98.0,141.0,138.0
73783,240.0,212.0,137.0,143.0
73784,254.0,119.0,142.0,127.0
73785,253.0,158.0,138.0,147.0
73786,257.0,226.0,135.0,137.0
73787,235.0,97.0,133.0,142.0
73788,264.0,65.0,139.0,144.0
73789,260.0,224.0,154.0,132.0
73790,276.0,276.0,167.0,143.0
73791,269.0,107.0,147.0,159.0
73792,249.0,120.0,117.0,143.0
73793,233.0,210.0,122.0,142.0
73794,236.0,50.0,131.0,146.0
73795,242.0,47.0,134.0,126.0
73796,255.0,115.0,146.0,155.0
73797,249.0,91.0,140.0,157.0
73798,253.0,114.0,141.0,137.0
73799,258.0,101.0,143.0,137.0
73800,260.0,175.0,145.0,155.0
73801,243.0,85.0,150.0,135.0
73802,242.0,93.0,134.0,131.0
73803,264.0,101.0,152.0,155.0
73804,246.0,116.0,141.0,142.0
73805,244.0,122.0,141.0,149.0
73806,242.0,80.0,140.0,139.0
73807,253.0,81.0,131.0,141.0
73808,273.0,143.0,137.0,138.0
73809,258.0,109.0,148.0,141.0
73810,252.0,75.0,154.0,147.0
73811,272.0,65.0,143.0,155.0
73812,261.0,118.0,157.0,153.0
73813,263.0,126.0,141.0,160.0
73814,270.0,128.0,151.0,137.0
73815,272.0,166.0,157.0,145.0
73816,250.0,77.0,149.0,151.0
73817,261.0,121.0,148.0,141.0
73818,216.0,103.0,126.0,121.0
73819,247.0,134.0,138.0,145.0
73820,263.0,219.0,140.0,145.0
73821,251.0,89.0,142.0,123.0
73822,236.0,86.0,124.0,123.0
73823,259.0,121.0,138.0,145.0
73824,260.0,246.0,144.0,153.0
73825,249.0,114.0,124.0,137.0
73826,255.0,114.0,135.0,132.0
73827,256.0,85.0,139.0,142.0
73828,235.0,114.0,143.0,147.0
73829,243.0,193.0,137.0,133.0
73830,258.0,110.0,131.0,139.0
73831,255.0,80.0,140.0,147.0
73832,238.0,91.0,139.0,140.0
73833,248.0,82.0,134.0,145.0
73834,239.0,146.0,138.0,125.0
73835,251.0,124.0,137.0,153.0
73836,254.0,209.0,153.0,154.0
73837,241.0,178.0,136.0,132.0
73838,251.0,135.0,137.0,152.0
73839,255.0,141.0,137.0,140.0
73840,248.0,95.0,144.0,162.0
73841,249.0,122.0,136.0,123.0
73842,278.0,243.0,156.0,148.0
73843,228.0,112.0,126.0,120.0
73844,254.0,102.0,135.0,136.0
73845,240.0,134.0,129.0,133.0
73846,237.0,115.0,128.0,141.0
73847,273.0,158.0,150.0,156.0
73848,226.0,114.0,128.0,118.0
73849,265.0,232.0,156.0,161.0
73850,265.0,118.0,160.0,154.0
73851,263.0,93.0,145.0,169.0
73852,265.0,107.0,137.0,154.0
73853,236.0,220.0,133.0,126.0
73854,276.0,121.0,176.0,169.0
73855,259.0,92.0,139.0,140.0
73856,251.0,211.0,130.0,152.0
73857,244.0,100.0,143.0,136.0
73858,238.0,98.0,142.0,140.0
73859,251.0,71.0,141.0,145.0
73860,237.0,233.0,137.0,128.0
73861,248.0,125.0,143.0,126.0
73862,254.0,216.0,147.0,161.0
73863,263.0,125.0,137.0,152.0
73864,219.0,108.0,137.0,129.0
73865,239.0,71.0,130.0,137.0
73866,258.0,218.0,160.0,142.0
73867,254.0,160.0,141.0,148.0
73868,233.0,86.0,131.0,134.0
73869,255.0,143.0,144.0,143.0
73870,264.0,227.0,148.0,150.0
73871,275.0,134.0,156.0,164.0
73872,254.0,173.0,154.0,144.0
73873,247.0,87.0,131.0,137.0
73874,268.0,144.0,137.0,156.0
73875,254.0,253.0,145.0,162.0
73876,263.0,76.0,149.0,159.0
73877,247.0,222.0,142.0,133.0
73878,239.0,95.0,130.0,138.0
73879,231.0,59.0,120.0,141.0
73880,251.0,142.0,135.0,149.0
73881,264.0,135.0,138.0,143.0
73882,255.0,75.0,152.0,152.0
73883,239.0,188.0,142.0,149.0
73884,254.0,106.0,128.0,139.0
73885,239.0,116.0,136.0,125.0
73886,245.0,216.0,140.0,128.0
73887,254.0,110.0,145.0,127.0
73888,260.0,129.0,135.0,151.0
73889,239.0,212.0,144.0,133.0
73890,268.0,141.0,163.0,151.0
73891,259.0,259.0,132.0,139.0
73892,261.0,132.0,147.0,122.0
73893,250.0,226.0,145.0,147.0
73894,265.0,120.0,147.0,146.0
73895,249.0,106.0,152.0,132.0
73896,263.0,259.0,156.0,136.0
73897,232.0,64.0,133.0,131.0
73898,254.0,87.0,149.0,129.0
73899,260.0,205.0,149.0,142.0
73900,247.0,116.0,134.0,138.0
73901,229.0,199.0,132.0,127.0
73902,241.0,99.0,126.0,135.0
73903,258.0,163.0,145.0,141.0
73904,219.0,200.0,125.0,116.0
73905,251.0,128.0,144.0,116.0
73906,259.0,87.0,144.0,159.0
73907,239.0,109.0,142.0,132.0
73908,265.0,140.0,142.0,140.0
73909,257.0,66.0,137.0,149.0
73910,267.0,253.0,154.0,140.0
73911,249.0,236.0,159.0,150.0
73912,279.0,247.0,141.0,159.0
73913,251.0,221.0,159.0,137.0
73914,243.0,210.0,128.0,124.0
73915,247.0,155.0,134.0,134.0
73916,265.0,133.0,146.0,160.0
73917,256.0,94.0,149.0,141.0
73918,270.0,245.0,144.0,158.0
73919,237.0,76.0,131.0,130.0
73920,237.0,207.0,137.0,129.0
73921,252.0,80.0,150.0,137.0
73922,230.0,94.0,122.0,135.0
73923,239.0,84.0,147.0,140.0
73924,268.0,148.0,139.0,165.0
73925,237.0,149.0,144.0,125.0
73926,247.0,115.0,137.0,137.0
73927,243.0,61.0,144.0,120.0
73928,233.0,105.0,133.0,146.0
73929,256.0,79.0,128.0,147.0
73930,242.0,118.0,132.0,137.0
73931,255.0,232.0,142.0,141.0
73932,259.0,221.0,143.0,135.0
73933,248.0,114.0,148.0,137.0
73934,261.0,113.0,129.0,154.0
73935,243.0,137.0,140.0,137.0
73936,242.0,111.0,166.0,127.0
73937,255.0,118.0,143.0,141.0
73938,231.0,219.0,123.0,117.0
73939,271.0,111.0,151.0,158.0
73940,240.0,239.0,150.0,129.0
73941,269.0,221.0,148.0,165.0
73942,245.0,76.0,159.0,125.0
73943,240.0,89.0,134.0,126.0
73944,234.0,113.0,135.0,144.0
73945,246.0,103.0,133.0,125.0
73946,250.0,85.0,156.0,137.0
73947,250.0,117.0,153.0,139.0
73948,283.0,132.0,158.0,158.0
73949,250.0,105.0,150.0,141.0
73950,239.0,133.0,119.0,144.0
73951,258.0,89.0,141.0,135.0
73952,244.0,91.0,138.0,144.0
73953,255.0,245.0,139.0,143.0
73954,257.0,217.0,143.0,139.0
73955,225.0,187.0,116.0,124.0
73956,280.0,60.0,168.0,150.0
73957,250.0,234.0,149.0,133.0
73958,230.0,201.0,136.0,137.0
73959,263.0,155.0,151.0,149.0
73960,249.0,73.0,146.0,126.0
73961,240.0,219.0,140.0,134.0
73962,247.0,133.0,144.0,146.0
73963,252.0,210.0,136.0,144.0
73964,240.0,148.0,129.0,128.0
73965,249.0,76.0,151.0,139.0
73966,250.0,212.0,140.0,144.0
73967,238.0,53.0,129.0,134.0
73968,236.0,95.0,141.0,146.0
73969,255.0,97.0,133.0,158.0
73970,277.0,158.0,144.0,156.0
73971,235.0,136.0,124.0,132.0
73972,250.0,121.0,140.0,138.0
73973,225.0,215.0,129.0,128.0
73974,218.0,79.0,126.0,122.0
73975,245.0,157.0,134.0,135.0
73976,241.0,172.0,129.0,139.0
73977,239.0,238.0,142.0,134.0
73978,251.0,250.0,132.0,145.0
73979,277.0,252.0,162.0,146.0
73980,242.0,83.0,146.0,145.0
73981,217.0,84.0,133.0,133.0
73982,242.0,75.0,135.0,124.0
73983,247.0,211.0,141.0,151.0
73984,245.0,87.0,144.0,124.0
73985,238.0,237.0,160.0,134.0
73986,260.0,129.0,153.0,135.0
73987,228.0,90.0,117.0,129.0
73988,231.0,106.0,143.0,116.0
73989,235.0,94.0,141.0,134.0
73990,250.0,175.0,130.0,159.0
73991,248.0,139.0,138.0,140.0
73992,246.0,97.0,141.0,127.0
73993,244.0,110.0,152.0,145.0
73994,240.0,125.0,134.0,132.0
73995,251.0,145.0,130.0,135.0
73996,258.0,112.0,147.0,141.0
73997,250.0,165.0,144.0,149.0
73998,240.0,163.0,142.0,145.0
73999,254.0,205.0,153.0,128.0
74000,235.0,101.0,124.0,132.0
74001,266.0,241.0,150.0,140.0
74002,240.0,212.0,133.0,140.0
74003,235.0,130.0,129.0,120.0
74004,267.0,132.0,156.0,135.0
74005,255.0,201.0,160.0,135.0
74006,239.0,94.0,151.0,142.0
74007,257.0,124.0,141.0,149.0
74008,251.0,103.0,139.0,132.0
74009,217.0,210.0,128.0,107.0
74010,239.0,100.0,137.0,122.0
74011,241.0,85.0,140.0,147.0
74012,259.0,227.0,161.0,152.0
74013,215.0,186.0,121.0,111.0
74014,252.0,101.0,149.0,143.0
74015,242.0,83.0,141.0,132.0
74016,233.0,90.0,125.0,136.0
74017,241.0,108.0,143.0,123.0
74018,249.0,91.0,145.0,138.0
74019,275.0,237.0,148.0,145.0
74020,243.0,128.0,143.0,137.0
74021,261.0,108.0,165.0,150.0
74022,250.0,120.0,135.0,147.0
74023,237.0,80.0,133.0,131.0
74024,249.0,128.0,119.0,138.0
74025,248.0,121.0,129.0,134.0
74026,255.0,125.0,139.0,147.0
74027,267.0,260.0,151.0,152.0
74028,249.0,117.0,140.0,125.0
74029,239.0,72.0,132.0,117.0
74030,250.0,104.0,137.0,160.0
74031,249.0,140.0,150.0,150.0
74032,254.0,92.0,153.0,135.0
74033,218.0,188.0,123.0,125.0
74034,264.0,85.0,162.0,151.0
74035,243.0,208.0,144.0,132.0
74036,244.0,78.0,137.0,139.0
74037,242.0,211.0,119.0,134.0
74038,268.0,111.0,155.0,137.0
74039,259.0,107.0,154.0,152.0
74040,266.0,207.0,152.0,149.0
74041,260.0,104.0,133.0,150.0
74042,242.0,151.0,134.0,141.0
74043,262.0,234.0,147.0,142.0
74044,241.0,106.0,137.0,130.0
74045,237.0,198.0,143.0,133.0
74046,241.0,106.0,133.0,140.0
74047,253.0,219.0,129.0,149.0
74048,267.0,208.0,142.0,145.0
74049,237.0,199.0,129.0,134.0
74050,248.0,216.0,159.0,142.0
74051,247.0,77.0,144.0,133.0
74052,223.0,57.0,128.0,122.0
74053,242.0,90.0,133.0,125.0
74054,253.0,117.0,137.0,136.0
74055,242.0,208.0,146.0,128.0
74056,254.0,107.0,132.0,140.0
74057,238.0,104.0,147.0,139.0
74058,229.0,129.0,121.0,124.0
74059,254.0,157.0,145.0,158.0
74060,215.0,115.0,113.0,127.0
74061,248.0,117.0,124.0,140.0
74062,253.0,134.0,137.0,144.0
74063,249.0,143.0,141.0,141.0
74064,254.0,134.0,145.0,145.0
74065,248.0,95.0,137.0,163.0
74066,258.0,154.0,160.0,142.0
74067,238.0,97.0,131.0,133.0
74068,275.0,129.0,173.0,154.0
74069,247.0,220.0,134.0,144.0
74070,228.0,201.0,122.0,112.0
74071,266.0,128.0,153.0,155.0
74072,238.0,194.0,124.0,136.0
74073,226.0,146.0,125.0,111.0
74074,259.0,229.0,132.0,124.0
74075,240.0,91.0,137.0,135.0
74076,274.0,110.0,153.0,158.0
74077,241.0,62.0,124.0,130.0
74078,251.0,244.0,146.0,141.0
74079,245.0,136.0,135.0,134.0
74080,257.0,91.0,150.0,147.0
74081,233.0,233.0,150.0,137.0
74082,252.0,134.0,151.0,153.0
74083,256.0,109.0,140.0,154.0
74084,250.0,222.0,138.0,145.0
74085,254.0,101.0,158.0,149.0
74086,263.0,239.0,139.0,160.0
74087,224.0,74.0,130.0,125.0
74088,258.0,114.0,140.0,139.0
74089,259.0,232.0,143.0,148.0
74090,260.0,143.0,154.0,128.0
74091,247.0,75.0,141.0,145.0
74092,244.0,222.0,140.0,132.0
74093,276.0,146.0,147.0,156.0
74094,247.0,93.0,129.0,145.0
74095,275.0,152.0,147.0,151.0
74096,244.0,127.0,129.0,153.0
74097,251.0,213.0,137.0,133.0
74098,243.0,140.0,144.0,145.0
74099,262.0,223.0,158.0,163.0
74100,268.0,114.0,148.0,148.0
74101,257.0,102.0,148.0,145.0
74102,254.0,147.0,137.0,154.0
74103,257.0,84.0,135.0,157.0
74104,234.0,107.0,124.0,134.0
74105,257.0,116.0,142.0,141.0
74106,255.0,207.0,135.0,129.0
74107,254.0,143.0,150.0,140.0
74108,253.0,121.0,145.0,138.0
74109,264.0,218.0,154.0,150.0
74110,257.0,91.0,140.0,137.0
74111,255.0,131.0,132.0,131.0
74112,245.0,112.0,147.0,144.0
74113,248.0,118.0,127.0,138.0
74114,253.0,113.0,135.0,134.0
74115,264.0,100.0,153.0,153.0
74116,253.0,77.0,141.0,158.0
74117,256.0,92.0,141.0,137.0
74118,239.0,104.0,130.0,126.0
74119,264.0,107.0,151.0,151.0
74120,259.0,121.0,160.0,134.0
74121,234.0,103.0,142.0,137.0
74122,257.0,124.0,142.0,151.0
74123,256.0,216.0,152.0,139.0
74124,257.0,109.0,155.0,136.0
74125,248.0,87.0,128.0,149.0
74126,265.0,215.0,146.0,162.0
74127,212.0,160.0,104.0,111.0
74128,261.0,152.0,153.0,156.0
74129,259.0,88.0,154.0,141.0
74130,264.0,227.0,155.0,138.0
74131,239.0,197.0,131.0,137.0
74132,286.0,250.0,174.0,176.0
74133,246.0,218.0,152.0,140.0
74134,228.0,113.0,128.0,133.0
74135,264.0,227.0,132.0,143.0
74136,248.0,93.0,151.0,138.0
74137,266.0,234.0,154.0,162.0
74138,244.0,115.0,128.0,123.0
74139,263.0,132.0,140.0,152.0
74140,253.0,111.0,140.0,145.0
74141,237.0,213.0,136.0,128.0
74142,240.0,216.0,136.0,137.0
74143,261.0,103.0,143.0,146.0
74144,249.0,203.0,129.0,151.0
74145,250.0,94.0,152.0,125.0
74146,221.0,92.0,124.0,129.0
74147,280.0,96.0,149.0,164.0
74148,252.0,247.0,151.0,146.0
74149,262.0,228.0,151.0,146.0
74150,240.0,112.0,137.0,125.0
74151,261.0,125.0,151.0,151.0
74152,292.0,147.0,170.0,173.0
74153,254.0,100.0,146.0,146.0
74154,246.0,100.0,143.0,131.0
74155,249.0,112.0,143.0,125.0
74156,251.0,106.0,129.0,143.0
74157,267.0,238.0,139.0,147.0
74158,258.0,111.0,142.0,138.0
74159,269.0,218.0,155.0,153.0
74160,243.0,106.0,140.0,144.0
74161,282.0,114.0,163.0,164.0
74162,235.0,199.0,132.0,143.0
74163,269.0,123.0,142.0,145.0
74164,250.0,215.0,135.0,147.0
74165,237.0,82.0,127.0,144.0
74166,251.0,155.0,138.0,140.0
74167,245.0,92.0,141.0,143.0
74168,264.0,79.0,155.0,151.0
74169,249.0,126.0,139.0,162.0
74170,254.0,86.0,146.0,142.0
74171,252.0,117.0,148.0,132.0
74172,258.0,124.0,153.0,145.0
74173,244.0,118.0,125.0,140.0
74174,249.0,127.0,146.0,124.0
74175,239.0,164.0,129.0,134.0
74176,259.0,124.0,146.0,144.0
74177,241.0,105.0,135.0,137.0
74178,259.0,171.0,129.0,143.0
74179,268.0,94.0,155.0,152.0
74180,281.0,162.0,148.0,168.0
74181,257.0,85.0,150.0,150.0
74182,251.0,210.0,133.0,131.0
74183,261.0,165.0,145.0,153.0
74184,255.0,107.0,138.0,152.0
74185,223.0,202.0,120.0,120.0
74186,244.0,136.0,136.0,146.0
74187,249.0,69.0,148.0,130.0
74188,262.0,87.0,147.0,147.0
74189,243.0,239.0,144.0,135.0
74190,253.0,128.0,130.0,147.0
74191,259.0,114.0,132.0,140.0
74192,254.0,111.0,146.0,133.0
74193,260.0,228.0,158.0,157.0
74194,254.0,215.0,140.0,142.0
74195,249.0,210.0,131.0,133.0
74196,270.0,114.0,173.0,164.0
74197,272.0,92.0,155.0,139.0
74198,238.0,198.0,118.0,127.0
74199,238.0,129.0,132.0,133.0
74200,243.0,107.0,139.0,143.0
74201,254.0,118.0,151.0,138.0
74202,230.0,82.0,142.0,131.0
74203,258.0,125.0,140.0,147.0
74204,257.0,82.0,151.0,144.0
74205,266.0,242.0,144.0,137.0
74206,246.0,126.0,142.0,122.0
74207,237.0,109.0,117.0,132.0
74208,248.0,95.0,144.0,133.0
74209,243.0,90.0,136.0,123.0
74210,232.0,121.0,136.0,120.0
74211,252.0,122.0,141.0,130.0
74212,292.0,83.0,156.0,153.0
74213,256.0,163.0,143.0,149.0
74214,241.0,112.0,125.0,125.0
74215,247.0,152.0,139.0,135.0
74216,232.0,121.0,127.0,132.0
74217,237.0,128.0,142.0,147.0
74218,262.0,146.0,150.0,144.0
74219,261.0,82.0,131.0,157.0
74220,264.0,102.0,161.0,151.0
74221,253.0,159.0,145.0,143.0
74222,266.0,114.0,149.0,163.0
74223,211.0,104.0,118.0,136.0
74224,237.0,90.0,135.0,132.0
74225,235.0,58.0,125.0,146.0
74226,264.0,145.0,157.0,148.0
74227,250.0,249.0,140.0,143.0
74228,250.0,230.0,142.0,140.0
74229,242.0,209.0,149.0,126.0
74230,234.0,64.0,133.0,144.0
74231,234.0,201.0,132.0,134.0
74232,245.0,245.0,139.0,152.0
74233,227.0,199.0,150.0,135.0
74234,241.0,133.0,132.0,136.0
74235,239.0,145.0,155.0,135.0
74236,257.0,66.0,145.0,135.0
74237,257.0,112.0,140.0,140.0
74238,266.0,142.0,149.0,147.0
74239,256.0,239.0,144.0,133.0
74240,259.0,136.0,128.0,150.0
74241,238.0,83.0,145.0,130.0
74242,237.0,81.0,119.0,135.0
74243,239.0,95.0,128.0,130.0
74244,259.0,151.0,147.0,133.0
74245,238.0,201.0,142.0,147.0
74246,254.0,86.0,149.0,153.0
74247,276.0,155.0,155.0,146.0
74248,240.0,114.0,130.0,128.0
74249,252.0,131.0,139.0,149.0
74250,248.0,131.0,137.0,139.0
74251,261.0,80.0,142.0,155.0
74252,271.0,152.0,158.0,151.0
74253,289.0,136.0,150.0,149.0
74254,251.0,157.0,140.0,148.0
74255,266.0,205.0,162.0,152.0
74256,249.0,119.0,137.0,119.0
74257,241.0,201.0,133.0,125.0
74258,230.0,190.0,121.0,120.0
74259,262.0,99.0,135.0,132.0
74260,248.0,127.0,152.0,149.0
74261,243.0,125.0,143.0,138.0
74262,250.0,137.0,125.0,137.0
74263,271.0,104.0,152.0,159.0
74264,243.0,137.0,145.0,143.0
74265,260.0,124.0,140.0,155.0
74266,240.0,218.0,136.0,134.0
74267,241.0,97.0,135.0,153.0
74268,264.0,262.0,160.0,170.0
74269,242.0,193.0,120.0,153.0
74270,253.0,200.0,141.0,142.0
74271,285.0,115.0,170.0,171.0
74272,252.0,135.0,136.0,147.0
74273,248.0,218.0,149.0,134.0
74274,238.0,94.0,125.0,130.0
74275,246.0,121.0,128.0,128.0
74276,264.0,109.0,145.0,149.0
74277,245.0,89.0,125.0,136.0
74278,238.0,82.0,119.0,148.0
74279,251.0,103.0,122.0,148.0
74280,222.0,96.0,132.0,127.0
74281,260.0,140.0,146.0,142.0
74282,258.0,113.0,146.0,155.0
74283,256.0,74.0,139.0,161.0
74284,266.0,121.0,151.0,150.0
74285,256.0,251.0,128.0,143.0
74286,244.0,212.0,140.0,140.0
74287,252.0,205.0,146.0,146.0
74288,230.0,82.0,126.0,131.0
74289,230.0,197.0,139.0,126.0
74290,253.0,238.0,148.0,143.0
74291,243.0,98.0,127.0,115.0
74292,253.0,99.0,146.0,146.0
74293,245.0,110.0,131.0,131.0
74294,243.0,86.0,143.0,126.0
74295,257.0,106.0,138.0,158.0
74296,251.0,144.0,139.0,152.0
74297,262.0,137.0,147.0,148.0
74298,260.0,95.0,156.0,160.0
74299,230.0,114.0,144.0,121.0
74300,259.0,99.0,138.0,157.0
74301,262.0,102.0,149.0,140.0
74302,266.0,129.0,144.0,153.0
74303,268.0,64.0,148.0,158.0
74304,269.0,119.0,150.0,157.0
74305,227.0,194.0,132.0,138.0
74306,232.0,90.0,122.0,136.0
74307,248.0,119.0,140.0,134.0
74308,239.0,179.0,137.0,133.0
74309,245.0,102.0,128.0,123.0
74310,269.0,239.0,154.0,147.0
74311,251.0,115.0,127.0,124.0
74312,253.0,117.0,149.0,144.0
74313,241.0,236.0,142.0,142.0
74314,245.0,142.0,131.0,127.0
74315,244.0,61.0,128.0,131.0
74316,241.0,115.0,127.0,144.0
74317,236.0,107.0,138.0,129.0
74318,240.0,110.0,132.0,132.0
74319,223.0,192.0,118.0,124.0
74320,245.0,111.0,132.0,145.0
74321,249.0,84.0,137.0,144.0
74322,247.0,99.0,138.0,139.0
74323,247.0,80.0,138.0,137.0
74324,247.0,106.0,143.0,130.0
74325,279.0,145.0,145.0,157.0
74326,232.0,72.0,129.0,121.0
74327,249.0,72.0,138.0,128.0
74328,262.0,113.0,141.0,148.0
74329,246.0,209.0,130.0,125.0
74330,262.0,252.0,140.0,137.0
74331,256.0,211.0,133.0,167.0
74332,291.0,153.0,164.0,156.0
74333,219.0,204.0,111.0,125.0
74334,228.0,119.0,118.0,120.0
74335,254.0,208.0,139.0,159.0
74336,248.0,103.0,130.0,150.0
74337,264.0,231.0,158.0,154.0
74338,236.0,91.0,129.0,123.0
74339,247.0,143.0,130.0,124.0
74340,265.0,244.0,141.0,139.0
74341,248.0,240.0,129.0,144.0
74342,245.0,214.0,137.0,139.0
74343,240.0,138.0,142.0,143.0
74344,246.0,110.0,144.0,134.0
74345,262.0,187.0,145.0,151.0
74346,278.0,123.0,152.0,154.0
74347,221.0,102.0,109.0,108.0
74348,260.0,104.0,150.0,137.0
74349,226.0,92.0,123.0,124.0
74350,261.0,112.0,155.0,140.0
74351,244.0,82.0,132.0,144.0
74352,260.0,141.0,161.0,133.0
74353,229.0,193.0,128.0,131.0
74354,271.0,236.0,153.0,157.0
74355,263.0,128.0,151.0,151.0
74356,252.0,85.0,143.0,156.0
74357,253.0,200.0,129.0,141.0
74358,254.0,120.0,144.0,140.0
74359,272.0,129.0,157.0,150.0
74360,252.0,134.0,129.0,151.0
74361,264.0,203.0,148.0,134.0
74362,239.0,100.0,130.0,144.0
74363,273.0,166.0,161.0,159.0
74364,266.0,131.0,145.0,148.0
74365,245.0,236.0,137.0,132.0
74366,271.0,265.0,154.0,147.0
74367,280.0,114.0,158.0,156.0
74368,236.0,130.0,129.0,141.0
74369,268.0,232.0,157.0,159.0
74370,242.0,105.0,131.0,120.0
74371,238.0,114.0,123.0,145.0
74372,232.0,99.0,147.0,109.0
74373,249.0,162.0,139.0,138.0
74374,242.0,125.0,132.0,134.0
74375,247.0,112.0,138.0,139.0
74376,220.0,78.0,119.0,116.0
74377,249.0,121.0,141.0,144.0
74378,226.0,99.0,123.0,135.0
74379,261.0,113.0,147.0,141.0
74380,245.0,142.0,130.0,134.0
74381,239.0,70.0,137.0,137.0
74382,247.0,128.0,128.0,141.0
74383,225.0,95.0,130.0,125.0
74384,261.0,145.0,144.0,147.0
74385,235.0,68.0,127.0,129.0
74386,245.0,110.0,148.0,129.0
74387,231.0,143.0,114.0,116.0
74388,257.0,251.0,146.0,148.0
74389,254.0,220.0,141.0,148.0
74390,254.0,145.0,139.0,153.0
74391,252.0,127.0,138.0,143.0
74392,233.0,130.0,131.0,144.0
74393,273.0,38.0,157.0,151.0
74394,242.0,103.0,134.0,147.0
74395,229.0,120.0,120.0,127.0
74396,264.0,108.0,142.0,153.0
74397,250.0,72.0,147.0,135.0
74398,255.0,223.0,136.0,147.0
74399,251.0,131.0,127.0,150.0
74400,266.0,113.0,150.0,133.0
74401,250.0,98.0,134.0,140.0
74402,260.0,252.0,150.0,150.0
74403,275.0,214.0,125.0,155.0
74404,268.0,141.0,153.0,154.0
74405,235.0,181.0,130.0,147.0
74406,237.0,70.0,136.0,145.0
74407,245.0,99.0,137.0,150.0
74408,243.0,223.0,136.0,137.0
74409,252.0,207.0,152.0,159.0
74410,249.0,110.0,146.0,128.0
74411,247.0,95.0,152.0,133.0
74412,251.0,100.0,142.0,127.0
74413,257.0,201.0,144.0,148.0
74414,244.0,108.0,128.0,127.0
74415,243.0,119.0,122.0,134.0
74416,235.0,195.0,133.0,128.0
74417,261.0,253.0,159.0,136.0
74418,246.0,106.0,134.0,152.0
74419,247.0,103.0,139.0,137.0
74420,262.0,242.0,149.0,156.0
74421,271.0,69.0,155.0,156.0
74422,246.0,91.0,139.0,145.0
74423,243.0,125.0,140.0,136.0
74424,256.0,85.0,153.0,153.0
74425,250.0,223.0,127.0,148.0
74426,259.0,95.0,136.0,138.0
74427,259.0,217.0,143.0,152.0
74428,260.0,71.0,164.0,155.0
74429,270.0,241.0,160.0,167.0
74430,235.0,221.0,131.0,130.0
74431,245.0,98.0,151.0,129.0
74432,247.0,82.0,130.0,135.0
74433,242.0,92.0,144.0,135.0
74434,248.0,114.0,144.0,151.0
74435,245.0,202.0,122.0,136.0
74436,258.0,139.0,150.0,137.0
74437,264.0,131.0,142.0,160.0
74438,250.0,163.0,139.0,134.0
74439,254.0,138.0,140.0,132.0
74440,273.0,121.0,162.0,159.0
74441,244.0,97.0,144.0,129.0
74442,242.0,58.0,136.0,132.0
74443,278.0,106.0,155.0,156.0
74444,258.0,154.0,150.0,143.0
74445,278.0,110.0,169.0,169.0
74446,263.0,236.0,156.0,139.0
74447,236.0,141.0,131.0,109.0
74448,256.0,221.0,140.0,140.0
74449,252.0,126.0,155.0,130.0
74450,240.0,106.0,135.0,136.0
74451,236.0,46.0,125.0,138.0
74452,229.0,182.0,138.0,118.0
74453,238.0,111.0,124.0,130.0
74454,293.0,131.0,170.0,169.0
74455,252.0,116.0,134.0,159.0
74456,259.0,81.0,139.0,127.0
74457,245.0,98.0,139.0,141.0
74458,256.0,113.0,139.0,141.0
74459,248.0,102.0,135.0,141.0
74460,283.0,247.0,157.0,156.0
74461,240.0,124.0,121.0,138.0
74462,259.0,126.0,146.0,141.0
74463,241.0,237.0,148.0,119.0
74464,240.0,75.0,145.0,122.0
74465,248.0,102.0,139.0,144.0
74466,241.0,118.0,141.0,136.0
74467,239.0,204.0,143.0,137.0
74468,257.0,142.0,157.0,153.0
74469,237.0,201.0,121.0,137.0
74470,252.0,203.0,138.0,152.0
74471,247.0,219.0,145.0,144.0
74472,266.0,74.0,155.0,147.0
74473,265.0,222.0,146.0,129.0
74474,234.0,90.0,131.0,127.0
74475,240.0,129.0,122.0,134.0
74476,255.0,86.0,138.0,129.0
74477,259.0,154.0,156.0,148.0
74478,246.0,213.0,137.0,143.0
74479,235.0,202.0,133.0,128.0
74480,251.0,123.0,140.0,158.0
74481,248.0,146.0,145.0,136.0
74482,250.0,231.0,149.0,133.0
74483,241.0,86.0,147.0,119.0
74484,231.0,131.0,133.0,136.0
74485,260.0,123.0,148.0,146.0
74486,255.0,139.0,139.0,138.0
74487,227.0,117.0,134.0,127.0
74488,288.0,69.0,169.0,158.0
74489,278.0,142.0,145.0,151.0
74490,263.0,227.0,141.0,152.0
74491,258.0,131.0,146.0,151.0
74492,254.0,214.0,132.0,138.0
74493,240.0,94.0,134.0,130.0
74494,275.0,136.0,166.0,156.0
74495,234.0,118.0,144.0,115.0
74496,264.0,113.0,150.0,155.0
74497,259.0,105.0,150.0,140.0
74498,262.0,134.0,128.0,155.0
74499,259.0,127.0,143.0,143.0
74500,251.0,110.0,128.0,136.0
74501,262.0,146.0,136.0,159.0
74502,281.0,237.0,160.0,146.0
74503,272.0,159.0,147.0,158.0
74504,242.0,235.0,145.0,144.0
74505,261.0,118.0,156.0,151.0
74506,258.0,116.0,149.0,156.0
74507,247.0,185.0,129.0,138.0
74508,250.0,108.0,152.0,134.0
74509,256.0,132.0,147.0,144.0
74510,225.0,70.0,121.0,114.0
74511,250.0,89.0,154.0,144.0
74512,261.0,224.0,141.0,149.0
74513,248.0,137.0,139.0,134.0
74514,255.0,219.0,151.0,134.0
74515,268.0,232.0,146.0,150.0
74516,239.0,206.0,112.0,125.0
74517,273.0,241.0,147.0,151.0
74518,232.0,117.0,136.0,151.0
74519,243.0,95.0,141.0,144.0
74520,246.0,118.0,130.0,147.0
74521,227.0,105.0,129.0,131.0
74522,223.0,115.0,127.0,119.0
74523,260.0,175.0,135.0,156.0
74524,228.0,107.0,128.0,143.0
74525,262.0,225.0,134.0,151.0
74526,244.0,115.0,128.0,120.0
74527,237.0,112.0,121.0,133.0
74528,241.0,209.0,143.0,141.0
74529,244.0,75.0,142.0,133.0
74530,253.0,141.0,125.0,134.0
74531,252.0,88.0,142.0,145.0
74532,242.0,130.0,135.0,145.0
74533,247.0,217.0,142.0,125.0
74534,260.0,112.0,138.0,145.0
74535,222.0,93.0,131.0,124.0
74536,258.0,147.0,151.0,141.0
74537,249.0,207.0,153.0,132.0
74538,257.0,246.0,144.0,137.0
74539,232.0,137.0,129.0,129.0
74540,254.0,226.0,155.0,153.0
74541,250.0,120.0,152.0,131.0
74542,238.0,208.0,129.0,133.0
74543,251.0,158.0,139.0,138.0
74544,243.0,234.0,128.0,127.0
74545,252.0,38.0,156.0,151.0
74546,250.0,84.0,149.0,145.0
74547,234.0,113.0,125.0,154.0
74548,245.0,116.0,136.0,139.0
74549,268.0,124.0,145.0,159.0
74550,248.0,88.0,140.0,151.0
74551,239.0,93.0,138.0,136.0
74552,241.0,112.0,134.0,135.0
74553,239.0,111.0,125.0,132.0
74554,249.0,107.0,129.0,123.0
74555,235.0,117.0,115.0,127.0
74556,255.0,133.0,147.0,149.0
74557,242.0,111.0,136.0,128.0
74558,202.0,96.0,118.0,111.0
74559,233.0,226.0,124.0,138.0
74560,275.0,146.0,152.0,157.0
74561,269.0,90.0,139.0,161.0
74562,255.0,220.0,145.0,138.0
74563,266.0,233.0,150.0,151.0
74564,260.0,116.0,136.0,154.0
74565,233.0,175.0,130.0,131.0
74566,246.0,109.0,139.0,127.0
74567,257.0,229.0,142.0,146.0
74568,235.0,65.0,121.0,131.0
74569,253.0,112.0,139.0,145.0
74570,253.0,66.0,161.0,137.0
74571,244.0,108.0,128.0,137.0
74572,237.0,94.0,132.0,133.0
74573,252.0,133.0,154.0,136.0
74574,261.0,102.0,169.0,131.0
74575,244.0,215.0,140.0,143.0
74576,245.0,141.0,145.0,131.0
74577,234.0,114.0,133.0,127.0
74578,238.0,108.0,132.0,136.0
74579,246.0,153.0,137.0,139.0
74580,260.0,120.0,146.0,125.0
74581,249.0,168.0,136.0,133.0
74582,227.0,98.0,118.0,134.0
74583,245.0,211.0,142.0,140.0
74584,246.0,104.0,121.0,132.0
74585,230.0,90.0,128.0,136.0
74586,283.0,175.0,149.0,162.0
74587,235.0,159.0,139.0,134.0
74588,231.0,198.0,130.0,122.0
74589,228.0,103.0,125.0,131.0
74590,265.0,111.0,156.0,148.0
74591,243.0,121.0,132.0,139.0
74592,260.0,117.0,140.0,145.0
74593,258.0,132.0,129.0,152.0
74594,244.0,101.0,128.0,127.0
74595,258.0,201.0,147.0,160.0
74596,270.0,131.0,139.0,166.0
74597,243.0,91.0,134.0,119.0
74598,254.0,111.0,152.0,140.0
74599,254.0,102.0,134.0,133.0
74600,247.0,106.0,133.0,137.0
74601,254.0,177.0,144.0,132.0
74602,224.0,93.0,118.0,126.0
74603,232.0,109.0,146.0,128.0
74604,242.0,121.0,141.0,130.0
74605,251.0,203.0,137.0,143.0
74606,249.0,119.0,137.0,149.0
74607,249.0,107.0,127.0,131.0
74608,256.0,224.0,147.0,144.0
74609,242.0,236.0,142.0,130.0
74610,260.0,73.0,141.0,137.0
74611,236.0,129.0,141.0,139.0
74612,249.0,154.0,142.0,149.0
74613,245.0,202.0,133.0,132.0
74614,245.0,100.0,131.0,139.0
74615,228.0,122.0,123.0,127.0
74616,272.0,100.0,162.0,160.0
74617,231.0,104.0,137.0,127.0
74618,276.0,250.0,167.0,145.0
74619,217.0,137.0,122.0,125.0
74620,249.0,101.0,143.0,132.0
74621,246.0,126.0,137.0,134.0
74622,243.0,107.0,151.0,142.0
74623,238.0,89.0,117.0,144.0
74624,256.0,227.0,143.0,137.0
74625,264.0,116.0,150.0,141.0
74626,263.0,224.0,155.0,145.0
74627,254.0,223.0,147.0,134.0
74628,260.0,121.0,157.0,158.0
74629,251.0,89.0,146.0,151.0
74630,245.0,158.0,132.0,139.0
74631,266.0,140.0,153.0,156.0
74632,236.0,73.0,132.0,119.0
74633,250.0,139.0,141.0,145.0
74634,249.0,107.0,136.0,128.0
74635,264.0,71.0,144.0,147.0
74636,255.0,121.0,145.0,138.0
74637,261.0,135.0,142.0,134.0
74638,249.0,107.0,149.0,158.0
74639,266.0,102.0,157.0,159.0
74640,256.0,213.0,137.0,151.0
74641,245.0,88.0,129.0,142.0
74642,225.0,93.0,126.0,119.0
74643,249.0,107.0,131.0,139.0
74644,220.0,133.0,130.0,130.0
74645,258.0,120.0,149.0,141.0
74646,246.0,117.0,146.0,140.0
74647,269.0,121.0,159.0,154.0
74648,227.0,92.0,136.0,131.0
74649,265.0,224.0,144.0,158.0
74650,241.0,142.0,133.0,133.0
74651,277.0,244.0,148.0,168.0
74652,239.0,99.0,126.0,132.0
74653,238.0,63.0,138.0,148.0
74654,258.0,130.0,147.0,149.0
74655,231.0,61.0,131.0,133.0
74656,256.0,119.0,141.0,147.0
74657,241.0,87.0,137.0,126.0
74658,250.0,89.0,128.0,131.0
74659,244.0,125.0,131.0,105.0
74660,241.0,75.0,122.0,132.0
74661,254.0,209.0,144.0,151.0
74662,252.0,124.0,147.0,135.0
74663,233.0,84.0,120.0,125.0
74664,244.0,125.0,141.0,140.0
74665,253.0,133.0,158.0,155.0
74666,276.0,264.0,176.0,159.0
74667,246.0,94.0,134.0,148.0
74668,234.0,191.0,128.0,152.0
74669,257.0,122.0,149.0,149.0
74670,235.0,116.0,138.0,139.0
74671,257.0,121.0,141.0,145.0
74672,265.0,225.0,146.0,141.0
74673,248.0,119.0,123.0,157.0
74674,264.0,216.0,154.0,144.0
74675,267.0,70.0,144.0,142.0
74676,235.0,113.0,132.0,129.0
74677,270.0,239.0,153.0,165.0
74678,242.0,208.0,139.0,145.0
74679,247.0,213.0,132.0,137.0
74680,237.0,90.0,132.0,138.0
74681,254.0,218.0,161.0,130.0
74682,250.0,110.0,140.0,150.0
74683,259.0,103.0,141.0,160.0
74684,260.0,96.0,140.0,142.0
74685,230.0,111.0,140.0,115.0
74686,243.0,102.0,138.0,152.0
74687,249.0,109.0,155.0,135.0
74688,238.0,65.0,122.0,117.0
74689,250.0,111.0,148.0,148.0
74690,249.0,169.0,139.0,145.0
74691,256.0,113.0,161.0,132.0
74692,250.0,120.0,127.0,146.0
74693,251.0,111.0,153.0,146.0
74694,236.0,76.0,136.0,128.0
74695,275.0,144.0,158.0,150.0
74696,276.0,138.0,152.0,161.0
74697,265.0,114.0,141.0,162.0
74698,251.0,209.0,144.0,136.0
74699,256.0,93.0,131.0,141.0
74700,239.0,172.0,139.0,132.0
74701,241.0,198.0,127.0,139.0
74702,241.0,82.0,128.0,132.0
74703,267.0,184.0,147.0,137.0
74704,264.0,92.0,142.0,152.0
74705,234.0,208.0,132.0,141.0
74706,248.0,118.0,147.0,158.0
74707,234.0,91.0,136.0,135.0
74708,265.0,88.0,153.0,149.0
74709,244.0,235.0,122.0,125.0
74710,271.0,121.0,150.0,158.0
74711,244.0,87.0,141.0,131.0
74712,254.0,121.0,124.0,132.0
74713,251.0,126.0,139.0,158.0
74714,247.0,97.0,149.0,144.0
74715,266.0,239.0,162.0,143.0
74716,276.0,156.0,161.0,166.0
74717,252.0,131.0,144.0,135.0
74718,257.0,102.0,145.0,135.0
74719,246.0,152.0,130.0,132.0
74720,258.0,56.0,142.0,150.0
74721,259.0,211.0,140.0,153.0
74722,270.0,179.0,152.0,167.0
74723,243.0,232.0,134.0,132.0
74724,256.0,173.0,155.0,145.0
74725,242.0,160.0,137.0,130.0
74726,257.0,90.0,145.0,146.0
74727,263.0,125.0,145.0,160.0
74728,258.0,125.0,149.0,140.0
74729,228.0,114.0,126.0,121.0
74730,261.0,95.0,148.0,143.0
74731,240.0,97.0,145.0,126.0
74732,249.0,135.0,160.0,139.0
74733,227.0,186.0,122.0,125.0
74734,239.0,208.0,148.0,125.0
74735,252.0,124.0,143.0,145.0
74736,282.0,241.0,170.0,160.0
74737,247.0,206.0,137.0,126.0
74738,236.0,204.0,125.0,129.0
74739,256.0,99.0,152.0,143.0
74740,248.0,159.0,142.0,148.0
74741,230.0,115.0,135.0,129.0
74742,214.0,182.0,128.0,115.0
74743,242.0,104.0,135.0,132.0
74744,266.0,230.0,153.0,157.0
74745,266.0,231.0,137.0,157.0
74746,248.0,106.0,131.0,131.0
74747,262.0,155.0,134.0,137.0
74748,248.0,104.0,158.0,126.0
74749,255.0,85.0,135.0,129.0
74750,248.0,80.0,139.0,143.0
74751,252.0,125.0,132.0,145.0
74752,244.0,91.0,139.0,138.0
74753,250.0,135.0,139.0,156.0
74754,264.0,233.0,158.0,154.0
74755,250.0,219.0,134.0,132.0
74756,269.0,151.0,169.0,158.0
74757,255.0,145.0,149.0,148.0
74758,240.0,111.0,138.0,131.0
74759,252.0,124.0,139.0,137.0
74760,265.0,106.0,130.0,150.0
74761,252.0,97.0,143.0,140.0
74762,256.0,213.0,136.0,150.0
74763,243.0,158.0,134.0,144.0
74764,257.0,105.0,152.0,149.0
74765,226.0,85.0,123.0,138.0
74766,257.0,149.0,144.0,150.0
74767,275.0,242.0,137.0,161.0
74768,269.0,128.0,146.0,148.0
74769,246.0,210.0,148.0,128.0
74770,230.0,199.0,115.0,122.0
74771,257.0,113.0,143.0,148.0
74772,249.0,105.0,162.0,140.0
74773,249.0,134.0,144.0,152.0
74774,244.0,207.0,144.0,132.0
74775,259.0,252.0,156.0,141.0
74776,236.0,224.0,145.0,127.0
74777,260.0,99.0,134.0,140.0
74778,265.0,105.0,172.0,159.0
74779,258.0,62.0,149.0,138.0
74780,233.0,212.0,149.0,129.0
74781,235.0,111.0,142.0,123.0
74782,210.0,84.0,130.0,121.0
74783,236.0,97.0,127.0,125.0
74784,264.0,255.0,151.0,158.0
74785,242.0,106.0,148.0,136.0
74786,234.0,102.0,129.0,128.0
74787,260.0,120.0,142.0,158.0
74788,237.0,97.0,133.0,137.0
74789,271.0,90.0,159.0,152.0
74790,252.0,113.0,125.0,148.0
74791,244.0,122.0,126.0,153.0
74792,222.0,134.0,135.0,124.0
74793,232.0,81.0,127.0,131.0
74794,254.0,95.0,152.0,151.0
74795,254.0,80.0,146.0,132.0
74796,254.0,216.0,149.0,155.0
74797,244.0,83.0,139.0,129.0
74798,255.0,209.0,161.0,144.0
74799,231.0,95.0,137.0,127.0
74800,221.0,89.0,133.0,119.0
74801,257.0,110.0,145.0,164.0
74802,261.0,116.0,154.0,137.0
74803,247.0,150.0,136.0,145.0
74804,240.0,111.0,131.0,137.0
74805,233.0,138.0,122.0,125.0
74806,245.0,195.0,137.0,135.0
74807,249.0,142.0,138.0,154.0
74808,261.0,223.0,163.0,141.0
74809,249.0,104.0,143.0,140.0
74810,234.0,202.0,113.0,141.0
74811,244.0,106.0,134.0,134.0
74812,243.0,181.0,134.0,136.0
74813,260.0,157.0,141.0,142.0
74814,243.0,75.0,134.0,124.0
74815,246.0,119.0,125.0,135.0
74816,263.0,101.0,149.0,138.0
74817,248.0,129.0,133.0,126.0
74818,244.0,124.0,140.0,125.0
74819,246.0,142.0,131.0,134.0
74820,240.0,230.0,134.0,139.0
74821,277.0,102.0,149.0,155.0
74822,270.0,110.0,142.0,159.0
74823,268.0,93.0,157.0,157.0
74824,261.0,90.0,138.0,143.0
74825,260.0,216.0,141.0,148.0
74826,254.0,228.0,140.0,143.0
74827,231.0,113.0,123.0,122.0
74828,263.0,125.0,148.0,146.0
74829,258.0,143.0,148.0,142.0
74830,258.0,72.0,153.0,140.0
74831,240.0,129.0,128.0,139.0
74832,256.0,224.0,149.0,164.0
74833,253.0,105.0,161.0,144.0
74834,236.0,129.0,145.0,136.0
74835,278.0,114.0,165.0,164.0
74836,233.0,114.0,141.0,124.0
74837,244.0,161.0,140.0,138.0
74838,254.0,141.0,130.0,133.0
74839,274.0,126.0,149.0,155.0
74840,241.0,137.0,149.0,141.0
74841,255.0,104.0,151.0,146.0
74842,256.0,100.0,155.0,137.0
74843,262.0,123.0,153.0,138.0
74844,245.0,218.0,152.0,141.0
74845,238.0,98.0,139.0,117.0
74846,277.0,121.0,150.0,150.0
74847,251.0,86.0,136.0,134.0
74848,249.0,216.0,131.0,129.0
74849,259.0,148.0,135.0,136.0
74850,244.0,168.0,140.0,125.0
74851,257.0,224.0,138.0,154.0
74852,251.0,132.0,135.0,136.0
74853,251.0,92.0,143.0,145.0
74854,266.0,116.0,149.0,151.0
74855,237.0,77.0,119.0,126.0
74856,236.0,76.0,125.0,130.0
74857,233.0,73.0,138.0,132.0
74858,247.0,177.0,141.0,140.0
74859,242.0,158.0,120.0,142.0
74860,238.0,133.0,116.0,118.0
74861,252.0,106.0,134.0,158.0
74862,248.0,221.0,135.0,132.0
74863,251.0,83.0,141.0,149.0
74864,235.0,121.0,132.0,141.0
74865,263.0,73.0,156.0,155.0
74866,247.0,109.0,132.0,145.0
74867,260.0,138.0,141.0,148.0
74868,252.0,110.0,144.0,134.0
74869,251.0,221.0,143.0,146.0
74870,269.0,116.0,152.0,144.0
74871,266.0,63.0,141.0,143.0
74872,259.0,218.0,147.0,156.0
74873,223.0,196.0,136.0,130.0
74874,247.0,100.0,131.0,140.0
74875,262.0,251.0,155.0,147.0
74876,234.0,68.0,146.0,142.0
74877,263.0,140.0,142.0,158.0
74878,235.0,218.0,141.0,135.0
74879,244.0,79.0,141.0,159.0
74880,254.0,249.0,141.0,135.0
74881,239.0,191.0,143.0,126.0
74882,263.0,147.0,147.0,138.0
74883,249.0,97.0,126.0,137.0
74884,253.0,179.0,134.0,146.0
74885,231.0,97.0,128.0,128.0
74886,245.0,132.0,148.0,118.0
74887,242.0,97.0,149.0,129.0
74888,252.0,158.0,147.0,138.0
74889,264.0,234.0,137.0,138.0
74890,272.0,141.0,154.0,156.0
74891,265.0,173.0,158.0,147.0
74892,278.0,134.0,163.0,157.0
74893,270.0,239.0,160.0,148.0
74894,228.0,123.0,120.0,132.0
74895,261.0,68.0,153.0,126.0
74896,247.0,104.0,155.0,145.0
74897,273.0,129.0,157.0,148.0
74898,249.0,216.0,140.0,131.0
74899,236.0,215.0,128.0,132.0
74900,249.0,90.0,151.0,140.0
74901,279.0,234.0,154.0,161.0
74902,277.0,104.0,156.0,152.0
74903,239.0,108.0,129.0,132.0
74904,246.0,79.0,131.0,144.0
74905,266.0,114.0,155.0,141.0
74906,251.0,158.0,137.0,128.0
74907,242.0,198.0,142.0,133.0
74908,259.0,122.0,151.0,151.0
74909,243.0,102.0,146.0,132.0
74910,238.0,125.0,128.0,131.0
74911,259.0,126.0,156.0,143.0
74912,235.0,83.0,130.0,118.0
74913,221.0,63.0,126.0,121.0
74914,249.0,103.0,134.0,123.0
74915,255.0,89.0,149.0,140.0
74916,246.0,125.0,142.0,128.0
74917,238.0,207.0,150.0,135.0
74918,261.0,230.0,140.0,130.0
74919,233.0,140.0,120.0,147.0
74920,235.0,125.0,139.0,125.0
74921,212.0,97.0,121.0,114.0
74922,258.0,147.0,147.0,148.0
74923,240.0,134.0,136.0,137.0
74924,251.0,96.0,146.0,143.0
74925,278.0,120.0,155.0,157.0
74926,269.0,101.0,151.0,145.0
74927,276.0,76.0,165.0,157.0
74928,249.0,200.0,144.0,141.0
74929,257.0,97.0,141.0,163.0
74930,238.0,148.0,138.0,141.0
74931,258.0,135.0,158.0,134.0
74932,250.0,92.0,136.0,132.0
74933,249.0,117.0,149.0,133.0
74934,246.0,100.0,131.0,148.0
74935,246.0,96.0,138.0,140.0
74936,239.0,126.0,125.0,134.0
74937,244.0,90.0,141.0,144.0
74938,262.0,129.0,141.0,145.0
74939,253.0,141.0,132.0,145.0
74940,240.0,106.0,124.0,123.0
74941,279.0,194.0,161.0,159.0
74942,250.0,210.0,150.0,136.0
74943,239.0,204.0,128.0,131.0
74944,236.0,103.0,131.0,135.0
74945,247.0,206.0,146.0,144.0
74946,234.0,188.0,129.0,139.0
74947,247.0,222.0,163.0,133.0
74948,255.0,219.0,155.0,153.0
74949,238.0,202.0,132.0,152.0
74950,236.0,101.0,129.0,131.0
74951,276.0,150.0,146.0,149.0
74952,244.0,68.0,142.0,138.0
74953,244.0,110.0,134.0,139.0
74954,238.0,71.0,130.0,126.0
74955,268.0,94.0,149.0,162.0
74956,258.0,83.0,151.0,140.0
74957,221.0,84.0,128.0,128.0
74958,267.0,159.0,137.0,148.0
74959,267.0,234.0,164.0,142.0
74960,235.0,108.0,130.0,127.0
74961,251.0,122.0,140.0,140.0
74962,251.0,55.0,152.0,139.0
74963,254.0,138.0,134.0,142.0
74964,245.0,84.0,121.0,139.0
74965,248.0,119.0,154.0,132.0
74966,257.0,233.0,153.0,142.0
74967,243.0,74.0,145.0,142.0
74968,258.0,92.0,147.0,146.0
74969,254.0,104.0,146.0,136.0
74970,252.0,224.0,153.0,145.0
74971,257.0,84.0,138.0,156.0
74972,248.0,92.0,151.0,151.0
74973,270.0,122.0,168.0,133.0
74974,263.0,133.0,160.0,146.0
74975,266.0,137.0,149.0,152.0
74976,252.0,131.0,149.0,138.0
74977,231.0,105.0,124.0,132.0
74978,266.0,121.0,152.0,146.0
74979,272.0,119.0,150.0,154.0
74980,245.0,218.0,140.0,149.0
74981,242.0,94.0,133.0,146.0
74982,234.0,116.0,135.0,141.0
74983,252.0,112.0,134.0,129.0
74984,225.0,150.0,109.0,112.0
74985,233.0,181.0,132.0,132.0
74986,270.0,124.0,140.0,157.0
74987,253.0,102.0,159.0,140.0
74988,251.0,118.0,143.0,141.0
74989,232.0,200.0,124.0,135.0
74990,252.0,227.0,137.0,139.0
74991,265.0,222.0,145.0,151.0
74992,263.0,108.0,137.0,157.0
74993,252.0,101.0,135.0,141.0
74994,258.0,135.0,145.0,151.0
74995,213.0,78.0,121.0,129.0
74996,265.0,106.0,164.0,140.0
74997,261.0,220.0,153.0,152.0
74998,242.0,100.0,125.0,130.0
74999,259.0,117.0,144.0,139.0
75000,269.0,230.0,131.0,165.0
75001,236.0,134.0,133.0,138.0
75002,256.0,113.0,134.0,161.0
75003,271.0,228.0,169.0,162.0
75004,237.0,112.0,117.0,112.0
75005,258.0,73.0,153.0,153.0
75006,250.0,108.0,145.0,133.0
75007,248.0,125.0,134.0,128.0
75008,247.0,113.0,134.0,140.0
75009,255.0,105.0,138.0,143.0
75010,250.0,204.0,148.0,132.0
75011,273.0,237.0,151.0,140.0
75012,236.0,82.0,134.0,134.0
75013,256.0,222.0,148.0,139.0
75014,226.0,66.0,127.0,119.0
75015,243.0,198.0,128.0,131.0
75016,243.0,217.0,147.0,148.0
75017,234.0,148.0,141.0,133.0
75018,256.0,96.0,127.0,146.0
75019,232.0,114.0,134.0,129.0
75020,267.0,147.0,136.0,135.0
75021,236.0,209.0,142.0,139.0
75022,243.0,206.0,140.0,154.0
75023,251.0,147.0,133.0,133.0
75024,269.0,156.0,161.0,144.0
75025,253.0,139.0,156.0,154.0
75026,254.0,211.0,145.0,159.0
75027,249.0,91.0,141.0,147.0
75028,227.0,141.0,129.0,124.0
75029,260.0,129.0,146.0,137.0
75030,226.0,59.0,132.0,118.0
75031,252.0,88.0,152.0,150.0
75032,256.0,138.0,138.0,150.0
75033,223.0,112.0,111.0,134.0
75034,245.0,148.0,146.0,136.0
75035,229.0,83.0,126.0,130.0
75036,238.0,104.0,141.0,118.0
75037,240.0,215.0,134.0,138.0
75038,252.0,219.0,140.0,140.0
75039,259.0,105.0,137.0,142.0
75040,269.0,230.0,157.0,150.0
75041,247.0,106.0,132.0,148.0
75042,254.0,116.0,140.0,140.0
75043,268.0,102.0,165.0,139.0
75044,279.0,259.0,155.0,164.0
75045,258.0,256.0,145.0,152.0
75046,252.0,229.0,151.0,148.0
75047,267.0,132.0,158.0,158.0
75048,259.0,89.0,151.0,130.0
75049,245.0,128.0,134.0,124.0
75050,259.0,111.0,143.0,148.0
75051,249.0,112.0,148.0,146.0
75052,258.0,165.0,160.0,142.0
75053,255.0,120.0,145.0,147.0
75054,247.0,87.0,138.0,144.0
75055,262.0,117.0,151.0,146.0
75056,264.0,120.0,147.0,120.0
75057,216.0,102.0,126.0,128.0
75058,257.0,219.0,148.0,147.0
75059,256.0,247.0,144.0,153.0
75060,253.0,90.0,133.0,151.0
75061,229.0,116.0,140.0,121.0
75062,248.0,100.0,128.0,141.0
75063,228.0,167.0,129.0,123.0
75064,264.0,109.0,155.0,162.0
75065,271.0,124.0,163.0,147.0
75066,284.0,99.0,160.0,161.0
75067,251.0,226.0,133.0,135.0
75068,244.0,90.0,131.0,144.0
75069,271.0,148.0,156.0,169.0
75070,250.0,90.0,151.0,154.0
75071,256.0,144.0,141.0,142.0
75072,232.0,100.0,129.0,133.0
75073,277.0,103.0,151.0,160.0
75074,240.0,114.0,133.0,127.0
75075,266.0,91.0,147.0,140.0
75076,218.0,112.0,124.0,127.0
75077,280.0,252.0,162.0,154.0
75078,263.0,225.0,158.0,143.0
75079,233.0,73.0,132.0,128.0
75080,250.0,80.0,146.0,143.0
75081,234.0,106.0,129.0,131.0
75082,263.0,132.0,150.0,152.0
75083,238.0,123.0,141.0,136.0
75084,246.0,126.0,126.0,122.0
75085,242.0,155.0,142.0,141.0
75086,237.0,198.0,119.0,136.0
75087,240.0,211.0,134.0,132.0
75088,243.0,135.0,131.0,132.0
75089,262.0,124.0,148.0,154.0
75090,256.0,91.0,152.0,150.0
75091,260.0,155.0,132.0,158.0
75092,246.0,75.0,140.0,141.0
75093,224.0,102.0,124.0,132.0
75094,246.0,88.0,132.0,132.0
75095,247.0,111.0,148.0,136.0
75096,262.0,228.0,156.0,160.0
75097,250.0,220.0,151.0,129.0
75098,240.0,117.0,140.0,136.0
75099,262.0,217.0,145.0,137.0
75100,243.0,116.0,127.0,138.0
75101,244.0,82.0,134.0,142.0
75102,244.0,126.0,140.0,134.0
75103,271.0,166.0,137.0,152.0
75104,260.0,117.0,146.0,155.0
75105,237.0,82.0,134.0,152.0
75106,259.0,119.0,143.0,142.0
75107,257.0,219.0,148.0,144.0
75108,248.0,100.0,138.0,127.0
75109,252.0,102.0,133.0,150.0
75110,265.0,241.0,145.0,164.0
75111,251.0,227.0,146.0,153.0
75112,271.0,136.0,163.0,151.0
75113,265.0,150.0,142.0,156.0
75114,235.0,141.0,134.0,142.0
75115,239.0,141.0,148.0,139.0
75116,267.0,129.0,141.0,151.0
75117,242.0,111.0,126.0,149.0
75118,246.0,102.0,137.0,130.0
75119,245.0,140.0,117.0,152.0
75120,244.0,93.0,128.0,150.0
75121,247.0,127.0,152.0,123.0
75122,264.0,114.0,130.0,144.0
75123,246.0,115.0,133.0,154.0
75124,264.0,99.0,153.0,145.0
75125,246.0,144.0,140.0,139.0
75126,278.0,188.0,165.0,144.0
75127,255.0,221.0,145.0,145.0
75128,229.0,83.0,124.0,123.0
75129,273.0,151.0,154.0,161.0
75130,239.0,116.0,145.0,129.0
75131,241.0,168.0,131.0,143.0
75132,256.0,212.0,142.0,142.0
75133,270.0,162.0,144.0,159.0
75134,257.0,211.0,145.0,151.0
75135,273.0,132.0,144.0,148.0
75136,262.0,106.0,139.0,148.0
75137,258.0,220.0,152.0,144.0
75138,242.0,96.0,139.0,156.0
75139,247.0,117.0,137.0,161.0
75140,248.0,96.0,124.0,143.0
75141,256.0,188.0,136.0,138.0
75142,229.0,141.0,124.0,124.0
75143,243.0,145.0,142.0,149.0
75144,267.0,97.0,147.0,137.0
75145,241.0,98.0,131.0,129.0
75146,246.0,111.0,135.0,144.0
75147,253.0,88.0,121.0,136.0
75148,253.0,217.0,158.0,128.0
75149,235.0,128.0,135.0,136.0
75150,256.0,238.0,131.0,129.0
75151,300.0,265.0,166.0,169.0
75152,233.0,122.0,123.0,130.0
75153,252.0,82.0,133.0,158.0
75154,244.0,131.0,138.0,137.0
75155,226.0,85.0,121.0,123.0
75156,256.0,92.0,136.0,147.0
75157,261.0,130.0,129.0,140.0
75158,242.0,153.0,132.0,128.0
75159,237.0,111.0,150.0,152.0
75160,261.0,106.0,162.0,137.0
75161,240.0,118.0,134.0,142.0
75162,268.0,142.0,164.0,163.0
75163,252.0,110.0,128.0,132.0
75164,242.0,98.0,130.0,143.0
75165,261.0,162.0,157.0,153.0
75166,274.0,190.0,156.0,151.0
75167,235.0,115.0,135.0,137.0
75168,258.0,113.0,140.0,143.0
75169,255.0,178.0,157.0,154.0
75170,279.0,164.0,174.0,152.0
75171,232.0,128.0,124.0,132.0
75172,238.0,119.0,126.0,124.0
75173,263.0,226.0,153.0,166.0
75174,246.0,96.0,135.0,135.0
75175,249.0,109.0,140.0,136.0
75176,255.0,135.0,120.0,120.0
75177,240.0,107.0,131.0,137.0
75178,254.0,222.0,138.0,149.0
75179,255.0,74.0,138.0,153.0
75180,260.0,94.0,152.0,150.0
75181,243.0,93.0,139.0,147.0
75182,259.0,109.0,144.0,144.0
75183,265.0,127.0,151.0,154.0
75184,244.0,206.0,137.0,149.0
75185,247.0,118.0,125.0,139.0
75186,252.0,96.0,137.0,137.0
75187,249.0,146.0,127.0,147.0
75188,272.0,118.0,172.0,153.0
75189,231.0,198.0,141.0,124.0
75190,260.0,94.0,144.0,146.0
75191,251.0,99.0,137.0,142.0
75192,252.0,128.0,137.0,135.0
75193,234.0,129.0,121.0,133.0
75194,264.0,230.0,150.0,143.0
75195,237.0,206.0,128.0,139.0
75196,245.0,151.0,149.0,141.0
75197,250.0,136.0,126.0,147.0
75198,248.0,154.0,131.0,154.0
75199,247.0,149.0,146.0,140.0
75200,283.0,243.0,171.0,161.0
75201,258.0,154.0,127.0,140.0
75202,245.0,230.0,122.0,130.0
75203,270.0,117.0,136.0,146.0
75204,245.0,115.0,145.0,144.0
75205,236.0,144.0,138.0,132.0
75206,235.0,205.0,132.0,135.0
75207,259.0,135.0,144.0,145.0
75208,260.0,85.0,141.0,151.0
75209,240.0,120.0,125.0,127.0
75210,240.0,111.0,135.0,128.0
75211,272.0,241.0,154.0,168.0
75212,271.0,240.0,162.0,159.0
75213,254.0,229.0,134.0,140.0
75214,263.0,223.0,136.0,150.0
75215,246.0,73.0,140.0,137.0
75216,258.0,113.0,147.0,136.0
75217,260.0,222.0,150.0,139.0
75218,239.0,99.0,141.0,136.0
75219,255.0,210.0,133.0,148.0
75220,263.0,231.0,150.0,150.0
75221,256.0,218.0,130.0,140.0
75222,237.0,95.0,138.0,119.0
75223,253.0,217.0,147.0,154.0
75224,246.0,222.0,136.0,113.0
75225,260.0,56.0,152.0,127.0
75226,259.0,231.0,143.0,137.0
75227,244.0,127.0,140.0,134.0
75228,266.0,137.0,154.0,154.0
75229,234.0,93.0,117.0,153.0
75230,278.0,133.0,159.0,142.0
75231,247.0,137.0,140.0,144.0
75232,264.0,238.0,159.0,140.0
75233,233.0,62.0,133.0,129.0
75234,238.0,110.0,127.0,129.0
75235,222.0,142.0,124.0,117.0
75236,245.0,116.0,143.0,135.0
75237,268.0,101.0,147.0,158.0
75238,249.0,212.0,154.0,124.0
75239,252.0,151.0,144.0,145.0
75240,261.0,135.0,148.0,138.0
75241,252.0,154.0,144.0,141.0
75242,243.0,99.0,123.0,136.0
75243,246.0,105.0,139.0,128.0
75244,238.0,105.0,141.0,135.0
75245,251.0,106.0,139.0,144.0
75246,244.0,195.0,143.0,131.0
75247,255.0,112.0,149.0,143.0
75248,249.0,109.0,142.0,148.0
75249,239.0,96.0,135.0,143.0
75250,242.0,101.0,117.0,135.0
75251,268.0,107.0,161.0,148.0
75252,245.0,214.0,141.0,137.0
75253,270.0,239.0,145.0,136.0
75254,233.0,232.0,125.0,128.0
75255,245.0,97.0,123.0,138.0
75256,234.0,96.0,123.0,126.0
75257,236.0,96.0,127.0,139.0
75258,238.0,107.0,137.0,136.0
75259,262.0,134.0,149.0,153.0
75260,251.0,98.0,132.0,145.0
75261,228.0,110.0,121.0,127.0
75262,282.0,127.0,176.0,169.0
75263,250.0,105.0,140.0,161.0
75264,253.0,91.0,145.0,143.0
75265,250.0,81.0,144.0,136.0
75266,265.0,107.0,151.0,165.0
75267,235.0,54.0,141.0,125.0
75268,228.0,87.0,117.0,125.0
75269,264.0,91.0,162.0,151.0
75270,250.0,150.0,138.0,140.0
75271,259.0,229.0,149.0,156.0
75272,250.0,208.0,155.0,142.0
75273,240.0,98.0,148.0,117.0
75274,243.0,146.0,147.0,134.0
75275,248.0,102.0,122.0,135.0
75276,243.0,109.0,140.0,123.0
75277,246.0,214.0,122.0,138.0
75278,249.0,105.0,137.0,143.0
75279,254.0,103.0,144.0,130.0
75280,257.0,73.0,138.0,142.0
75281,265.0,133.0,140.0,156.0
75282,234.0,88.0,127.0,127.0
75283,235.0,108.0,120.0,125.0
75284,246.0,111.0,132.0,145.0
75285,235.0,199.0,114.0,129.0
75286,246.0,54.0,137.0,143.0
75287,280.0,105.0,158.0,173.0
75288,236.0,215.0,136.0,135.0
75289,257.0,110.0,133.0,143.0
75290,256.0,97.0,142.0,130.0
75291,231.0,207.0,126.0,115.0
75292,265.0,111.0,141.0,144.0
75293,205.0,205.0,131.0,114.0
75294,234.0,196.0,118.0,128.0
75295,225.0,125.0,123.0,142.0
75296,272.0,272.0,154.0,170.0
75297,249.0,233.0,141.0,139.0
75298,246.0,108.0,144.0,134.0
75299,257.0,102.0,136.0,139.0
75300,246.0,131.0,150.0,135.0
75301,251.0,251.0,143.0,147.0
75302,272.0,231.0,161.0,148.0
75303,239.0,215.0,141.0,127.0
75304,246.0,214.0,140.0,140.0
75305,254.0,182.0,147.0,140.0
75306,258.0,137.0,153.0,147.0
75307,236.0,160.0,139.0,150.0
75308,281.0,272.0,156.0,160.0
75309,249.0,122.0,145.0,132.0
75310,267.0,115.0,139.0,156.0
75311,269.0,116.0,160.0,132.0
75312,252.0,128.0,137.0,128.0
75313,244.0,204.0,143.0,135.0
75314,252.0,120.0,149.0,126.0
75315,269.0,121.0,170.0,155.0
75316,247.0,96.0,137.0,145.0
75317,259.0,141.0,141.0,144.0
75318,259.0,133.0,153.0,149.0
75319,249.0,197.0,138.0,146.0
75320,237.0,128.0,135.0,136.0
75321,256.0,113.0,139.0,130.0
75322,243.0,239.0,141.0,133.0
75323,249.0,132.0,139.0,142.0
75324,251.0,100.0,137.0,140.0
75325,256.0,165.0,155.0,135.0
75326,266.0,110.0,147.0,150.0
75327,254.0,101.0,147.0,132.0
75328,229.0,135.0,131.0,125.0
75329,247.0,95.0,134.0,124.0
75330,255.0,108.0,156.0,150.0
75331,259.0,113.0,160.0,139.0
75332,256.0,129.0,142.0,142.0
75333,238.0,204.0,122.0,130.0
75334,251.0,228.0,139.0,125.0
75335,256.0,130.0,143.0,130.0
75336,243.0,129.0,154.0,138.0
75337,252.0,109.0,142.0,146.0
75338,277.0,241.0,158.0,162.0
75339,222.0,198.0,137.0,134.0
75340,221.0,92.0,135.0,134.0
75341,259.0,155.0,146.0,139.0
75342,255.0,101.0,141.0,136.0
75343,242.0,109.0,134.0,132.0
75344,254.0,212.0,143.0,157.0
75345,233.0,202.0,126.0,135.0
75346,227.0,200.0,119.0,132.0
75347,243.0,208.0,136.0,143.0
75348,232.0,90.0,121.0,134.0
75349,238.0,76.0,141.0,129.0
75350,223.0,66.0,130.0,130.0
75351,264.0,144.0,148.0,159.0
75352,275.0,88.0,137.0,177.0
75353,241.0,107.0,127.0,128.0
75354,251.0,130.0,151.0,146.0
75355,221.0,192.0,113.0,126.0
75356,237.0,103.0,131.0,140.0
75357,262.0,102.0,145.0,155.0
75358,231.0,116.0,134.0,124.0
75359,216.0,139.0,124.0,125.0
75360,272.0,160.0,139.0,161.0
75361,264.0,150.0,161.0,160.0
75362,239.0,108.0,139.0,133.0
75363,249.0,218.0,153.0,133.0
75364,267.0,113.0,143.0,154.0
75365,228.0,114.0,127.0,133.0
75366,251.0,82.0,153.0,142.0
75367,243.0,111.0,135.0,142.0
75368,259.0,141.0,144.0,148.0
75369,246.0,78.0,151.0,135.0
75370,265.0,119.0,156.0,154.0
75371,235.0,152.0,126.0,125.0
75372,245.0,88.0,142.0,130.0
75373,264.0,129.0,157.0,158.0
75374,243.0,114.0,131.0,145.0
75375,231.0,94.0,113.0,137.0
75376,252.0,173.0,143.0,162.0
75377,236.0,69.0,125.0,131.0
75378,255.0,92.0,137.0,147.0
75379,258.0,105.0,151.0,144.0
75380,259.0,242.0,156.0,146.0
75381,240.0,140.0,128.0,124.0
75382,244.0,149.0,137.0,132.0
75383,251.0,154.0,144.0,138.0
75384,257.0,90.0,125.0,144.0
75385,278.0,144.0,163.0,158.0
75386,281.0,117.0,157.0,164.0
75387,236.0,157.0,131.0,125.0
75388,267.0,156.0,148.0,157.0
75389,269.0,236.0,153.0,150.0
75390,230.0,91.0,123.0,109.0
75391,253.0,114.0,130.0,132.0
75392,238.0,108.0,137.0,144.0
75393,244.0,79.0,135.0,135.0
75394,229.0,106.0,132.0,146.0
75395,256.0,103.0,156.0,142.0
75396,236.0,159.0,132.0,140.0
75397,268.0,91.0,164.0,162.0
75398,255.0,101.0,146.0,146.0
75399,253.0,105.0,141.0,141.0
75400,240.0,138.0,130.0,145.0
75401,266.0,146.0,155.0,149.0
75402,260.0,66.0,135.0,140.0
75403,235.0,104.0,130.0,134.0
75404,239.0,206.0,131.0,131.0
75405,253.0,113.0,141.0,143.0
75406,257.0,213.0,140.0,149.0
75407,247.0,121.0,147.0,149.0
75408,250.0,242.0,142.0,136.0
75409,260.0,71.0,146.0,150.0
75410,265.0,209.0,154.0,140.0
75411,246.0,94.0,146.0,140.0
75412,265.0,88.0,141.0,140.0
75413,254.0,109.0,142.0,150.0
75414,251.0,112.0,139.0,143.0
75415,242.0,202.0,126.0,127.0
75416,248.0,74.0,154.0,128.0
75417,278.0,132.0,146.0,154.0
75418,227.0,83.0,131.0,130.0
75419,224.0,153.0,133.0,118.0
75420,251.0,129.0,127.0,141.0
75421,247.0,81.0,133.0,140.0
75422,237.0,105.0,139.0,134.0
75423,232.0,162.0,129.0,120.0
75424,263.0,126.0,167.0,139.0
75425,249.0,210.0,131.0,142.0
75426,246.0,103.0,146.0,132.0
75427,258.0,101.0,134.0,150.0
75428,235.0,198.0,138.0,139.0
75429,246.0,51.0,134.0,142.0
75430,253.0,135.0,142.0,135.0
75431,246.0,85.0,142.0,129.0
75432,223.0,107.0,119.0,128.0
75433,254.0,249.0,153.0,148.0
75434,250.0,95.0,158.0,147.0
75435,276.0,276.0,163.0,139.0
75436,264.0,238.0,157.0,159.0
75437,259.0,225.0,142.0,148.0
75438,269.0,133.0,151.0,146.0
75439,262.0,111.0,135.0,160.0
75440,226.0,93.0,118.0,128.0
75441,249.0,115.0,141.0,141.0
75442,210.0,69.0,128.0,118.0
75443,237.0,198.0,130.0,135.0
75444,277.0,90.0,151.0,163.0
75445,239.0,98.0,125.0,134.0
75446,262.0,166.0,147.0,128.0
75447,236.0,98.0,135.0,133.0
75448,246.0,89.0,131.0,140.0
75449,258.0,94.0,143.0,152.0
75450,258.0,97.0,142.0,156.0
75451,267.0,168.0,145.0,147.0
75452,242.0,210.0,136.0,147.0
75453,252.0,90.0,127.0,144.0
75454,265.0,94.0,147.0,133.0
75455,235.0,141.0,116.0,131.0
75456,236.0,114.0,130.0,144.0
75457,251.0,220.0,140.0,140.0
75458,244.0,135.0,143.0,147.0
75459,232.0,88.0,125.0,124.0
75460,254.0,113.0,147.0,150.0
75461,266.0,119.0,150.0,156.0
75462,218.0,90.0,129.0,128.0
75463,272.0,147.0,151.0,157.0
75464,239.0,129.0,133.0,140.0
75465,236.0,127.0,145.0,130.0
75466,243.0,85.0,135.0,140.0
75467,224.0,166.0,124.0,122.0
75468,233.0,96.0,123.0,112.0
75469,240.0,91.0,124.0,141.0
75470,253.0,111.0,145.0,141.0
75471,239.0,112.0,134.0,137.0
75472,227.0,108.0,120.0,144.0
75473,241.0,177.0,136.0,124.0
75474,240.0,74.0,129.0,142.0
75475,234.0,110.0,133.0,140.0
75476,230.0,82.0,137.0,131.0
75477,250.0,135.0,151.0,150.0
75478,263.0,57.0,154.0,152.0
75479,239.0,148.0,124.0,134.0
75480,244.0,110.0,134.0,150.0
75481,265.0,159.0,150.0,155.0
75482,264.0,112.0,144.0,152.0
75483,239.0,116.0,156.0,123.0
75484,229.0,126.0,126.0,126.0
75485,238.0,86.0,144.0,136.0
75486,278.0,125.0,154.0,168.0
75487,229.0,103.0,123.0,133.0
75488,230.0,81.0,112.0,137.0
75489,256.0,119.0,163.0,134.0
75490,246.0,106.0,146.0,140.0
75491,244.0,156.0,123.0,126.0
75492,255.0,79.0,148.0,141.0
75493,252.0,163.0,149.0,133.0
75494,254.0,140.0,145.0,143.0
75495,249.0,116.0,141.0,145.0
75496,248.0,215.0,135.0,133.0
75497,272.0,119.0,146.0,149.0
75498,236.0,134.0,133.0,128.0
75499,246.0,101.0,141.0,139.0
75500,278.0,92.0,175.0,160.0
75501,219.0,187.0,124.0,121.0
75502,232.0,157.0,134.0,140.0
75503,237.0,107.0,147.0,132.0
75504,252.0,84.0,162.0,148.0
75505,264.0,184.0,135.0,136.0
75506,250.0,222.0,129.0,142.0
75507,243.0,119.0,129.0,141.0
75508,250.0,110.0,130.0,134.0
75509,248.0,112.0,133.0,135.0
75510,249.0,87.0,144.0,140.0
75511,244.0,135.0,153.0,134.0
75512,266.0,125.0,141.0,154.0
75513,258.0,97.0,155.0,163.0
75514,249.0,113.0,149.0,129.0
75515,272.0,225.0,155.0,147.0
75516,234.0,130.0,125.0,133.0
75517,232.0,206.0,120.0,148.0
75518,247.0,106.0,141.0,145.0
75519,260.0,124.0,145.0,131.0
75520,239.0,211.0,124.0,120.0
75521,241.0,116.0,134.0,136.0
75522,277.0,119.0,170.0,164.0
75523,232.0,200.0,126.0,137.0
75524,252.0,216.0,154.0,144.0
75525,285.0,100.0,159.0,169.0
75526,257.0,113.0,146.0,139.0
75527,227.0,222.0,120.0,121.0
75528,225.0,112.0,131.0,125.0
75529,229.0,82.0,125.0,128.0
75530,219.0,75.0,132.0,119.0
75531,262.0,169.0,134.0,157.0
75532,255.0,94.0,142.0,151.0
75533,288.0,183.0,164.0,174.0
75534,274.0,96.0,165.0,146.0
75535,246.0,51.0,136.0,144.0
75536,260.0,245.0,144.0,163.0
75537,231.0,195.0,128.0,131.0
75538,241.0,102.0,142.0,136.0
75539,244.0,122.0,143.0,146.0
75540,236.0,94.0,121.0,126.0
75541,234.0,88.0,149.0,142.0
75542,265.0,231.0,156.0,146.0
75543,247.0,212.0,125.0,151.0
75544,254.0,133.0,138.0,136.0
75545,256.0,101.0,152.0,135.0
75546,257.0,228.0,146.0,166.0
75547,252.0,218.0,146.0,138.0
75548,237.0,185.0,130.0,138.0
75549,260.0,82.0,164.0,167.0
75550,243.0,96.0,147.0,132.0
75551,240.0,109.0,139.0,125.0
75552,246.0,107.0,153.0,144.0
75553,243.0,209.0,150.0,131.0
75554,248.0,108.0,137.0,142.0
75555,272.0,95.0,156.0,154.0
75556,260.0,126.0,152.0,157.0
75557,250.0,207.0,140.0,124.0
75558,245.0,172.0,129.0,141.0
75559,267.0,87.0,128.0,148.0
75560,252.0,91.0,144.0,150.0
75561,254.0,117.0,148.0,146.0
75562,263.0,226.0,142.0,148.0
75563,242.0,137.0,152.0,126.0
75564,264.0,227.0,143.0,148.0
75565,254.0,97.0,134.0,145.0
75566,250.0,99.0,148.0,135.0
75567,225.0,88.0,121.0,140.0
75568,269.0,204.0,148.0,161.0
75569,257.0,210.0,145.0,141.0
75570,237.0,124.0,124.0,123.0
75571,236.0,110.0,116.0,128.0
75572,281.0,132.0,157.0,157.0
75573,248.0,221.0,129.0,139.0
75574,256.0,81.0,136.0,152.0
75575,245.0,113.0,141.0,125.0
75576,247.0,217.0,141.0,132.0
75577,262.0,105.0,148.0,147.0
75578,254.0,118.0,147.0,133.0
75579,234.0,94.0,124.0,132.0
75580,242.0,128.0,122.0,144.0
75581,254.0,215.0,142.0,139.0
75582,269.0,76.0,148.0,151.0
75583,240.0,209.0,134.0,122.0
75584,243.0,100.0,139.0,119.0
75585,263.0,83.0,150.0,145.0
75586,233.0,212.0,143.0,132.0
75587,234.0,89.0,123.0,134.0
75588,230.0,96.0,129.0,124.0
75589,232.0,212.0,131.0,132.0
75590,256.0,111.0,149.0,133.0
75591,264.0,132.0,139.0,144.0
75592,260.0,122.0,142.0,145.0
75593,250.0,142.0,129.0,152.0
75594,259.0,234.0,143.0,151.0
75595,232.0,198.0,120.0,133.0
75596,235.0,93.0,141.0,127.0
75597,278.0,240.0,152.0,147.0
75598,280.0,239.0,161.0,159.0
75599,254.0,112.0,141.0,150.0
75600,255.0,138.0,140.0,129.0
75601,269.0,112.0,151.0,139.0
75602,247.0,98.0,142.0,130.0
75603,247.0,110.0,132.0,135.0
75604,241.0,120.0,132.0,129.0
75605,229.0,138.0,130.0,130.0
75606,232.0,133.0,136.0,120.0
75607,252.0,172.0,144.0,123.0
75608,254.0,98.0,144.0,141.0
75609,215.0,68.0,128.0,116.0
75610,224.0,115.0,137.0,127.0
75611,226.0,202.0,127.0,138.0
75612,251.0,113.0,140.0,127.0
75613,262.0,123.0,149.0,147.0
75614,262.0,122.0,139.0,146.0
75615,256.0,147.0,137.0,143.0
75616,248.0,101.0,134.0,127.0
75617,230.0,104.0,125.0,130.0
75618,241.0,111.0,141.0,137.0
75619,228.0,190.0,110.0,127.0
75620,266.0,146.0,156.0,146.0
75621,234.0,129.0,125.0,124.0
75622,275.0,104.0,158.0,162.0
75623,246.0,132.0,140.0,143.0
75624,236.0,112.0,127.0,121.0
75625,263.0,237.0,153.0,149.0
75626,269.0,115.0,157.0,155.0
75627,227.0,107.0,118.0,131.0
75628,236.0,137.0,142.0,132.0
75629,246.0,57.0,135.0,137.0
75630,283.0,135.0,155.0,156.0
75631,261.0,231.0,164.0,158.0
75632,250.0,221.0,134.0,140.0
75633,253.0,127.0,149.0,125.0
75634,252.0,136.0,137.0,147.0
75635,242.0,211.0,138.0,132.0
75636,256.0,91.0,132.0,150.0
75637,266.0,131.0,142.0,148.0
75638,256.0,227.0,141.0,134.0
75639,255.0,82.0,136.0,156.0
75640,240.0,209.0,129.0,134.0
75641,239.0,119.0,129.0,141.0
75642,263.0,185.0,157.0,141.0
75643,254.0,125.0,146.0,138.0
75644,234.0,83.0,128.0,145.0
75645,270.0,165.0,160.0,162.0
75646,229.0,102.0,130.0,139.0
75647,244.0,149.0,125.0,140.0
75648,254.0,131.0,133.0,150.0
75649,242.0,85.0,146.0,152.0
75650,248.0,243.0,152.0,133.0
75651,264.0,112.0,139.0,141.0
75652,236.0,71.0,135.0,124.0
75653,252.0,215.0,143.0,130.0
75654,254.0,116.0,157.0,150.0
75655,231.0,89.0,128.0,138.0
75656,256.0,114.0,143.0,142.0
75657,241.0,117.0,121.0,144.0
75658,265.0,215.0,155.0,146.0
75659,261.0,259.0,146.0,144.0
75660,228.0,133.0,127.0,121.0
75661,263.0,73.0,155.0,154.0
75662,246.0,109.0,125.0,158.0
75663,241.0,229.0,150.0,135.0
75664,226.0,181.0,139.0,131.0
75665,251.0,74.0,129.0,148.0
75666,240.0,100.0,133.0,149.0
75667,264.0,118.0,145.0,155.0
75668,264.0,111.0,146.0,149.0
75669,243.0,126.0,133.0,122.0
75670,256.0,135.0,134.0,114.0
75671,255.0,115.0,142.0,139.0
75672,240.0,118.0,143.0,124.0
75673,235.0,66.0,137.0,118.0
75674,233.0,72.0,126.0,129.0
75675,255.0,83.0,145.0,154.0
75676,252.0,227.0,133.0,143.0
75677,242.0,104.0,141.0,131.0
75678,241.0,94.0,128.0,135.0
75679,256.0,88.0,140.0,124.0
75680,276.0,153.0,142.0,151.0
75681,262.0,144.0,157.0,155.0
75682,238.0,60.0,119.0,138.0
75683,246.0,93.0,155.0,131.0
75684,251.0,87.0,148.0,144.0
75685,270.0,184.0,138.0,148.0
75686,237.0,96.0,149.0,138.0
75687,258.0,202.0,156.0,158.0
75688,248.0,105.0,132.0,139.0
75689,243.0,89.0,141.0,146.0
75690,241.0,83.0,145.0,144.0
75691,256.0,241.0,140.0,156.0
75692,246.0,71.0,127.0,140.0
75693,246.0,86.0,127.0,147.0
75694,270.0,216.0,160.0,137.0
75695,240.0,72.0,145.0,134.0
75696,239.0,85.0,138.0,141.0
75697,273.0,110.0,168.0,145.0
75698,236.0,135.0,128.0,125.0
75699,257.0,119.0,152.0,154.0
75700,248.0,219.0,144.0,156.0
75701,261.0,220.0,139.0,150.0
75702,257.0,129.0,138.0,143.0
75703,217.0,95.0,116.0,120.0
75704,274.0,153.0,152.0,150.0
75705,251.0,104.0,128.0,140.0
75706,261.0,97.0,147.0,134.0
75707,264.0,103.0,147.0,151.0
75708,238.0,116.0,152.0,130.0
75709,233.0,114.0,110.0,120.0
75710,258.0,200.0,154.0,141.0
75711,276.0,132.0,155.0,152.0
75712,234.0,107.0,133.0,131.0
75713,237.0,202.0,131.0,120.0
75714,274.0,150.0,152.0,164.0
75715,238.0,104.0,143.0,140.0
75716,250.0,192.0,143.0,134.0
75717,266.0,124.0,151.0,156.0
75718,268.0,76.0,148.0,152.0
75719,231.0,199.0,130.0,131.0
75720,262.0,211.0,146.0,146.0
75721,249.0,208.0,137.0,139.0
75722,262.0,137.0,147.0,176.0
75723,254.0,137.0,148.0,151.0
75724,258.0,226.0,140.0,136.0
75725,249.0,211.0,142.0,147.0
75726,266.0,164.0,152.0,154.0
75727,244.0,125.0,131.0,134.0
75728,270.0,196.0,149.0,143.0
75729,260.0,132.0,135.0,133.0
75730,251.0,110.0,147.0,133.0
75731,245.0,206.0,136.0,136.0
75732,247.0,109.0,125.0,114.0
75733,255.0,87.0,137.0,150.0
75734,250.0,225.0,149.0,134.0
75735,242.0,101.0,141.0,139.0
75736,258.0,88.0,146.0,169.0
75737,250.0,67.0,138.0,134.0
75738,249.0,57.0,144.0,149.0
75739,261.0,84.0,150.0,165.0
75740,234.0,215.0,123.0,123.0
75741,250.0,77.0,151.0,135.0
75742,261.0,98.0,141.0,139.0
75743,236.0,123.0,136.0,134.0
75744,263.0,112.0,130.0,155.0
75745,242.0,99.0,126.0,131.0
75746,235.0,119.0,139.0,138.0
75747,246.0,79.0,148.0,137.0
75748,242.0,123.0,146.0,144.0
75749,235.0,120.0,137.0,121.0
75750,247.0,217.0,154.0,144.0
75751,253.0,80.0,148.0,150.0
75752,265.0,222.0,158.0,141.0
75753,243.0,166.0,133.0,141.0
75754,229.0,99.0,139.0,142.0
75755,258.0,60.0,136.0,134.0
75756,253.0,120.0,131.0,146.0
75757,253.0,113.0,138.0,145.0
75758,276.0,134.0,160.0,134.0
75759,258.0,81.0,145.0,142.0
75760,250.0,89.0,140.0,125.0
75761,238.0,104.0,133.0,140.0
75762,256.0,134.0,152.0,135.0
75763,248.0,215.0,133.0,143.0
75764,244.0,205.0,136.0,136.0
75765,239.0,65.0,124.0,118.0
75766,220.0,127.0,109.0,125.0
75767,245.0,195.0,133.0,131.0
75768,254.0,127.0,142.0,138.0
75769,260.0,106.0,144.0,140.0
75770,257.0,224.0,135.0,151.0
75771,251.0,136.0,140.0,144.0
75772,218.0,122.0,127.0,109.0
75773,249.0,221.0,129.0,131.0
75774,243.0,124.0,158.0,141.0
75775,261.0,224.0,138.0,152.0
75776,259.0,109.0,134.0,152.0
75777,269.0,220.0,139.0,153.0
75778,260.0,135.0,144.0,152.0
75779,254.0,219.0,138.0,142.0
75780,216.0,108.0,111.0,119.0
75781,235.0,119.0,132.0,132.0
75782,255.0,144.0,138.0,133.0
75783,262.0,225.0,156.0,148.0
75784,259.0,221.0,135.0,145.0
75785,241.0,214.0,132.0,130.0
75786,245.0,141.0,131.0,129.0
75787,271.0,183.0,141.0,164.0
75788,263.0,163.0,136.0,146.0
75789,244.0,162.0,144.0,134.0
75790,228.0,84.0,129.0,136.0
75791,243.0,236.0,155.0,136.0
75792,247.0,136.0,126.0,143.0
75793,244.0,103.0,133.0,147.0
75794,270.0,138.0,152.0,157.0
75795,262.0,221.0,150.0,157.0
75796,234.0,72.0,136.0,128.0
75797,249.0,206.0,156.0,151.0
75798,256.0,100.0,141.0,147.0
75799,270.0,173.0,151.0,137.0
75800,257.0,101.0,141.0,143.0
75801,253.0,79.0,156.0,131.0
75802,241.0,215.0,143.0,130.0
75803,260.0,136.0,132.0,145.0
75804,246.0,116.0,153.0,150.0
75805,262.0,150.0,145.0,153.0
75806,254.0,88.0,135.0,125.0
75807,260.0,103.0,154.0,156.0
75808,229.0,188.0,144.0,138.0
75809,266.0,235.0,155.0,141.0
75810,295.0,127.0,157.0,166.0
75811,235.0,127.0,130.0,135.0
75812,242.0,100.0,126.0,125.0
75813,251.0,103.0,139.0,139.0
75814,236.0,221.0,145.0,139.0
75815,255.0,177.0,141.0,153.0
75816,240.0,95.0,131.0,128.0
75817,246.0,81.0,132.0,147.0
75818,230.0,74.0,113.0,126.0
75819,239.0,98.0,144.0,126.0
75820,241.0,87.0,146.0,128.0
75821,240.0,123.0,147.0,125.0
75822,242.0,93.0,134.0,125.0
75823,262.0,132.0,145.0,141.0
75824,239.0,87.0,130.0,133.0
75825,239.0,117.0,138.0,142.0
75826,244.0,80.0,139.0,138.0
75827,247.0,108.0,131.0,144.0
75828,267.0,233.0,148.0,153.0
75829,249.0,125.0,152.0,136.0
75830,225.0,123.0,134.0,122.0
75831,260.0,233.0,150.0,156.0
75832,237.0,211.0,127.0,130.0
75833,258.0,212.0,139.0,143.0
75834,258.0,98.0,144.0,149.0
75835,262.0,209.0,139.0,147.0
75836,255.0,144.0,150.0,149.0
75837,227.0,79.0,150.0,124.0
75838,259.0,108.0,135.0,146.0
75839,237.0,129.0,142.0,139.0
75840,269.0,254.0,165.0,137.0
75841,261.0,89.0,137.0,130.0
75842,240.0,115.0,157.0,139.0
75843,236.0,137.0,144.0,124.0
75844,255.0,248.0,145.0,147.0
75845,243.0,110.0,125.0,142.0
75846,250.0,204.0,140.0,136.0
75847,263.0,121.0,162.0,153.0
75848,259.0,84.0,152.0,162.0
75849,268.0,138.0,146.0,145.0
75850,243.0,111.0,124.0,144.0
75851,229.0,112.0,130.0,133.0
75852,228.0,104.0,123.0,123.0
75853,259.0,259.0,155.0,148.0
75854,248.0,105.0,126.0,137.0
75855,244.0,86.0,147.0,145.0
75856,247.0,108.0,133.0,131.0
75857,265.0,156.0,151.0,154.0
75858,256.0,225.0,154.0,146.0
75859,258.0,111.0,150.0,148.0
75860,264.0,112.0,135.0,164.0
75861,259.0,114.0,145.0,147.0
75862,259.0,140.0,153.0,140.0
75863,246.0,77.0,146.0,134.0
75864,249.0,96.0,128.0,141.0
75865,241.0,94.0,123.0,126.0
75866,238.0,201.0,133.0,131.0
75867,271.0,77.0,139.0,149.0
75868,252.0,211.0,143.0,146.0
75869,240.0,238.0,145.0,134.0
75870,252.0,106.0,127.0,142.0
75871,246.0,72.0,139.0,143.0
75872,269.0,136.0,146.0,148.0
75873,244.0,150.0,136.0,142.0
75874,227.0,184.0,121.0,118.0
75875,256.0,81.0,138.0,142.0
75876,256.0,105.0,142.0,129.0
75877,227.0,195.0,127.0,138.0
75878,247.0,217.0,145.0,126.0
75879,268.0,141.0,150.0,159.0
75880,262.0,253.0,151.0,135.0
75881,253.0,105.0,140.0,146.0
75882,257.0,102.0,141.0,138.0
75883,258.0,116.0,134.0,144.0
75884,231.0,86.0,127.0,123.0
75885,287.0,154.0,162.0,164.0
75886,273.0,138.0,156.0,142.0
75887,233.0,209.0,125.0,121.0
75888,267.0,104.0,149.0,158.0
75889,254.0,223.0,145.0,133.0
75890,251.0,228.0,137.0,145.0
75891,242.0,127.0,143.0,139.0
75892,238.0,203.0,135.0,135.0
75893,230.0,93.0,133.0,139.0
75894,265.0,144.0,152.0,136.0
75895,253.0,190.0,144.0,144.0
75896,223.0,81.0,135.0,127.0
75897,229.0,69.0,135.0,135.0
75898,220.0,110.0,120.0,114.0
75899,246.0,97.0,145.0,120.0
75900,275.0,248.0,144.0,144.0
75901,267.0,109.0,135.0,158.0
75902,281.0,243.0,146.0,165.0
75903,294.0,130.0,171.0,164.0
75904,232.0,80.0,137.0,132.0
75905,263.0,128.0,151.0,160.0
75906,231.0,122.0,133.0,130.0
75907,252.0,225.0,148.0,143.0
75908,251.0,224.0,148.0,135.0
75909,254.0,61.0,156.0,156.0
75910,247.0,69.0,133.0,137.0
75911,241.0,86.0,139.0,137.0
75912,249.0,199.0,144.0,141.0
75913,260.0,161.0,142.0,152.0
75914,247.0,138.0,139.0,134.0
75915,229.0,175.0,144.0,130.0
75916,245.0,115.0,134.0,140.0
75917,235.0,109.0,139.0,125.0
75918,262.0,107.0,130.0,156.0
75919,253.0,117.0,143.0,151.0
75920,247.0,210.0,148.0,123.0
75921,241.0,140.0,138.0,132.0
75922,252.0,120.0,137.0,144.0
75923,270.0,135.0,162.0,143.0
75924,243.0,208.0,145.0,131.0
75925,240.0,196.0,134.0,147.0
75926,260.0,139.0,121.0,150.0
75927,281.0,127.0,139.0,159.0
75928,247.0,154.0,127.0,147.0
75929,245.0,216.0,131.0,147.0
75930,274.0,272.0,151.0,155.0
75931,277.0,97.0,160.0,152.0
75932,242.0,90.0,134.0,150.0
75933,246.0,104.0,137.0,134.0
75934,237.0,224.0,123.0,143.0
75935,249.0,97.0,160.0,139.0
75936,271.0,139.0,160.0,156.0
75937,244.0,128.0,148.0,144.0
75938,230.0,97.0,135.0,122.0
75939,257.0,113.0,154.0,153.0
75940,231.0,211.0,133.0,134.0
75941,252.0,133.0,136.0,133.0
75942,229.0,105.0,123.0,133.0
75943,255.0,86.0,156.0,129.0
75944,235.0,105.0,144.0,129.0
75945,227.0,109.0,128.0,133.0
75946,263.0,117.0,157.0,146.0
75947,251.0,132.0,134.0,132.0
75948,262.0,109.0,159.0,164.0
75949,213.0,174.0,121.0,108.0
75950,250.0,243.0,141.0,141.0
75951,252.0,104.0,134.0,145.0
75952,247.0,142.0,149.0,142.0
75953,245.0,111.0,126.0,134.0
75954,256.0,217.0,159.0,136.0
75955,248.0,117.0,133.0,141.0
75956,248.0,80.0,147.0,142.0
75957,264.0,108.0,157.0,157.0
75958,244.0,147.0,140.0,135.0
75959,248.0,117.0,132.0,130.0
75960,252.0,116.0,146.0,150.0
75961,229.0,107.0,127.0,136.0
75962,237.0,81.0,131.0,138.0
75963,244.0,205.0,133.0,138.0
75964,231.0,131.0,129.0,133.0
75965,244.0,95.0,142.0,148.0
75966,270.0,141.0,156.0,151.0
75967,250.0,107.0,132.0,136.0
75968,261.0,91.0,143.0,147.0
75969,258.0,122.0,155.0,132.0
75970,240.0,108.0,130.0,127.0
75971,249.0,80.0,154.0,132.0
75972,288.0,123.0,147.0,151.0
75973,236.0,110.0,137.0,139.0
75974,248.0,86.0,137.0,129.0
75975,239.0,233.0,137.0,137.0
75976,240.0,84.0,131.0,132.0
75977,223.0,180.0,128.0,124.0
75978,257.0,113.0,157.0,148.0
75979,237.0,193.0,128.0,129.0
75980,241.0,122.0,116.0,128.0
75981,270.0,127.0,153.0,148.0
75982,283.0,71.0,155.0,155.0
75983,230.0,119.0,119.0,127.0
75984,256.0,160.0,150.0,141.0
75985,250.0,209.0,137.0,148.0
75986,283.0,252.0,141.0,168.0
75987,246.0,100.0,126.0,145.0
75988,262.0,122.0,138.0,159.0
75989,257.0,118.0,148.0,142.0
75990,270.0,145.0,149.0,155.0
75991,245.0,114.0,124.0,137.0
75992,244.0,103.0,128.0,139.0
75993,266.0,260.0,163.0,150.0
75994,250.0,75.0,141.0,135.0
75995,263.0,117.0,138.0,154.0
75996,259.0,135.0,156.0,133.0
75997,227.0,227.0,120.0,134.0
75998,256.0,216.0,137.0,140.0
75999,249.0,70.0,147.0,147.0
76000,246.0,157.0,146.0,143.0
76001,257.0,217.0,144.0,142.0
76002,246.0,105.0,150.0,128.0
76003,236.0,202.0,117.0,137.0
76004,229.0,83.0,128.0,130.0
76005,221.0,87.0,134.0,115.0
76006,254.0,118.0,149.0,137.0
76007,248.0,95.0,128.0,128.0
76008,259.0,224.0,145.0,142.0
76009,232.0,67.0,133.0,130.0
76010,263.0,89.0,146.0,147.0
76011,236.0,133.0,128.0,113.0
76012,273.0,111.0,143.0,147.0
76013,265.0,65.0,146.0,153.0
76014,241.0,215.0,141.0,139.0
76015,250.0,114.0,147.0,125.0
76016,248.0,98.0,140.0,149.0
76017,248.0,206.0,134.0,135.0
76018,245.0,79.0,142.0,130.0
76019,233.0,130.0,126.0,132.0
76020,273.0,141.0,151.0,154.0
76021,236.0,72.0,144.0,114.0
76022,240.0,67.0,134.0,142.0
76023,251.0,117.0,144.0,139.0
76024,273.0,120.0,167.0,138.0
76025,255.0,240.0,143.0,150.0
76026,271.0,107.0,157.0,158.0
76027,264.0,220.0,152.0,163.0
76028,263.0,107.0,142.0,154.0
76029,239.0,98.0,142.0,131.0
76030,244.0,136.0,140.0,149.0
76031,239.0,196.0,135.0,133.0
76032,256.0,223.0,136.0,148.0
76033,257.0,233.0,137.0,138.0
76034,248.0,161.0,138.0,145.0
76035,259.0,150.0,148.0,130.0
76036,246.0,239.0,137.0,137.0
76037,239.0,211.0,130.0,140.0
76038,264.0,103.0,145.0,146.0
76039,250.0,100.0,143.0,132.0
76040,235.0,106.0,128.0,135.0
76041,258.0,181.0,160.0,143.0
76042,257.0,83.0,145.0,146.0
76043,242.0,113.0,140.0,127.0
76044,243.0,132.0,148.0,143.0
76045,260.0,150.0,138.0,150.0
76046,258.0,92.0,153.0,156.0
76047,269.0,95.0,156.0,140.0
76048,250.0,65.0,136.0,149.0
76049,247.0,126.0,132.0,133.0
76050,246.0,119.0,125.0,141.0
76051,275.0,75.0,150.0,155.0
76052,237.0,129.0,137.0,127.0
76053,234.0,189.0,135.0,130.0
76054,242.0,122.0,136.0,134.0
76055,250.0,91.0,139.0,125.0
76056,240.0,107.0,133.0,129.0
76057,257.0,101.0,137.0,137.0
76058,274.0,238.0,156.0,168.0
76059,250.0,179.0,146.0,139.0
76060,233.0,82.0,125.0,134.0
76061,223.0,97.0,136.0,126.0
76062,249.0,95.0,144.0,126.0
76063,259.0,78.0,138.0,165.0
76064,235.0,124.0,122.0,130.0
76065,256.0,213.0,157.0,137.0
76066,218.0,137.0,128.0,128.0
76067,267.0,102.0,144.0,146.0
76068,278.0,233.0,145.0,157.0
76069,250.0,230.0,143.0,132.0
76070,260.0,125.0,157.0,144.0
76071,249.0,246.0,145.0,138.0
76072,265.0,160.0,137.0,147.0
76073,250.0,84.0,151.0,150.0
76074,230.0,93.0,118.0,126.0
76075,238.0,201.0,116.0,136.0
76076,239.0,202.0,124.0,131.0
76077,273.0,236.0,141.0,151.0
76078,248.0,77.0,124.0,143.0
76079,259.0,133.0,153.0,148.0
76080,265.0,105.0,148.0,137.0
76081,240.0,101.0,141.0,123.0
76082,259.0,229.0,135.0,153.0
76083,264.0,102.0,128.0,148.0
76084,228.0,68.0,129.0,128.0
76085,233.0,189.0,140.0,116.0
76086,245.0,210.0,149.0,132.0
76087,263.0,238.0,147.0,135.0
76088,246.0,116.0,151.0,152.0
76089,239.0,110.0,161.0,146.0
76090,258.0,80.0,140.0,149.0
76091,261.0,97.0,150.0,133.0
76092,231.0,169.0,118.0,122.0
76093,229.0,46.0,136.0,131.0
76094,256.0,115.0,131.0,143.0
76095,257.0,137.0,141.0,156.0
76096,277.0,59.0,151.0,156.0
76097,266.0,99.0,138.0,129.0
76098,270.0,114.0,150.0,150.0
76099,275.0,117.0,150.0,164.0
76100,257.0,114.0,147.0,130.0
76101,251.0,132.0,142.0,138.0
76102,282.0,75.0,145.0,157.0
76103,235.0,106.0,141.0,144.0
76104,255.0,243.0,153.0,147.0
76105,224.0,121.0,119.0,127.0
76106,260.0,122.0,150.0,139.0
76107,259.0,165.0,155.0,149.0
76108,268.0,73.0,150.0,155.0
76109,250.0,73.0,145.0,145.0
76110,247.0,98.0,136.0,152.0
76111,248.0,122.0,126.0,138.0
76112,219.0,82.0,134.0,116.0
76113,237.0,226.0,148.0,131.0
76114,248.0,84.0,156.0,129.0
76115,259.0,121.0,172.0,145.0
76116,233.0,106.0,136.0,133.0
76117,252.0,167.0,136.0,135.0
76118,255.0,165.0,123.0,152.0
76119,255.0,116.0,146.0,130.0
76120,259.0,216.0,131.0,139.0
76121,255.0,104.0,143.0,143.0
76122,239.0,135.0,122.0,133.0
76123,249.0,121.0,128.0,150.0
76124,279.0,102.0,126.0,164.0
76125,279.0,95.0,169.0,158.0
76126,245.0,123.0,142.0,136.0
76127,261.0,101.0,151.0,126.0
76128,252.0,112.0,138.0,155.0
76129,240.0,136.0,141.0,127.0
76130,265.0,100.0,150.0,135.0
76131,250.0,85.0,146.0,147.0
76132,268.0,131.0,170.0,169.0
76133,244.0,131.0,158.0,135.0
76134,219.0,104.0,117.0,125.0
76135,251.0,133.0,128.0,139.0
76136,261.0,166.0,157.0,149.0
76137,259.0,146.0,156.0,149.0
76138,220.0,111.0,114.0,129.0
76139,229.0,197.0,149.0,127.0
76140,260.0,75.0,152.0,156.0
76141,247.0,146.0,155.0,135.0
76142,250.0,123.0,130.0,148.0
76143,244.0,126.0,133.0,132.0
76144,256.0,131.0,132.0,143.0
76145,254.0,69.0,162.0,131.0
76146,227.0,212.0,133.0,114.0
76147,255.0,103.0,138.0,144.0
76148,253.0,75.0,150.0,145.0
76149,231.0,50.0,142.0,133.0
76150,273.0,191.0,149.0,150.0
76151,248.0,98.0,151.0,128.0
76152,257.0,203.0,143.0,150.0
76153,238.0,122.0,143.0,132.0
76154,274.0,226.0,142.0,153.0
76155,234.0,86.0,136.0,134.0
76156,229.0,79.0,139.0,125.0
76157,258.0,85.0,154.0,143.0
76158,262.0,127.0,135.0,150.0
76159,247.0,119.0,144.0,141.0
76160,238.0,119.0,131.0,120.0
76161,263.0,113.0,141.0,158.0
76162,252.0,119.0,135.0,124.0
76163,249.0,123.0,139.0,156.0
76164,241.0,175.0,133.0,137.0
76165,237.0,217.0,124.0,138.0
76166,259.0,228.0,139.0,138.0
76167,237.0,69.0,151.0,137.0
76168,273.0,114.0,157.0,160.0
76169,253.0,230.0,140.0,147.0
76170,253.0,226.0,148.0,137.0
76171,257.0,156.0,152.0,141.0
76172,252.0,155.0,124.0,135.0
76173,269.0,237.0,155.0,165.0
76174,245.0,91.0,132.0,141.0
76175,231.0,109.0,121.0,133.0
76176,253.0,129.0,143.0,152.0
76177,246.0,98.0,133.0,147.0
76178,227.0,188.0,119.0,138.0
76179,271.0,106.0,151.0,152.0
76180,237.0,223.0,127.0,138.0
76181,253.0,132.0,140.0,150.0
76182,263.0,137.0,143.0,146.0
76183,261.0,86.0,125.0,149.0
76184,247.0,111.0,137.0,145.0
76185,235.0,133.0,121.0,134.0
76186,277.0,137.0,152.0,154.0
76187,234.0,105.0,137.0,139.0
76188,262.0,156.0,150.0,147.0
76189,267.0,123.0,152.0,143.0
76190,246.0,81.0,132.0,145.0
76191,269.0,251.0,163.0,134.0
76192,245.0,109.0,139.0,132.0
76193,255.0,237.0,153.0,146.0
76194,238.0,89.0,136.0,137.0
76195,279.0,127.0,170.0,153.0
76196,240.0,88.0,137.0,141.0
76197,271.0,92.0,145.0,151.0
76198,253.0,202.0,160.0,138.0
76199,258.0,114.0,142.0,146.0
76200,237.0,118.0,127.0,141.0
76201,270.0,238.0,156.0,155.0
76202,233.0,133.0,134.0,128.0
76203,267.0,76.0,157.0,152.0
76204,253.0,116.0,133.0,145.0
76205,243.0,206.0,143.0,137.0
76206,230.0,121.0,119.0,122.0
76207,281.0,130.0,168.0,148.0
76208,231.0,101.0,128.0,141.0
76209,236.0,92.0,140.0,136.0
76210,264.0,228.0,139.0,156.0
76211,261.0,107.0,153.0,146.0
76212,254.0,133.0,139.0,143.0
76213,260.0,129.0,144.0,146.0
76214,240.0,118.0,127.0,138.0
76215,253.0,89.0,132.0,137.0
76216,264.0,120.0,150.0,155.0
76217,239.0,188.0,136.0,149.0
76218,227.0,210.0,131.0,141.0
76219,250.0,223.0,147.0,143.0
76220,232.0,87.0,135.0,130.0
76221,248.0,140.0,134.0,131.0
76222,252.0,93.0,138.0,151.0
76223,256.0,233.0,138.0,161.0
76224,252.0,235.0,138.0,140.0
76225,276.0,87.0,149.0,156.0
76226,253.0,98.0,145.0,144.0
76227,243.0,116.0,127.0,146.0
76228,241.0,109.0,130.0,121.0
76229,268.0,102.0,153.0,159.0
76230,257.0,107.0,138.0,146.0
76231,248.0,163.0,158.0,136.0
76232,250.0,111.0,144.0,136.0
76233,262.0,112.0,131.0,153.0
76234,259.0,143.0,144.0,145.0
76235,251.0,91.0,144.0,147.0
76236,257.0,103.0,135.0,144.0
76237,237.0,90.0,141.0,133.0
76238,239.0,167.0,134.0,132.0
76239,249.0,142.0,142.0,116.0
76240,236.0,195.0,133.0,124.0
76241,246.0,119.0,131.0,133.0
76242,246.0,201.0,133.0,121.0
76243,238.0,103.0,135.0,123.0
76244,255.0,247.0,158.0,154.0
76245,261.0,120.0,157.0,132.0
76246,269.0,184.0,156.0,153.0
76247,262.0,147.0,140.0,150.0
76248,239.0,90.0,124.0,128.0
76249,238.0,89.0,139.0,143.0
76250,258.0,137.0,123.0,134.0
76251,271.0,96.0,144.0,162.0
76252,229.0,73.0,120.0,133.0
76253,252.0,114.0,149.0,136.0
76254,260.0,64.0,160.0,143.0
76255,241.0,101.0,126.0,133.0
76256,253.0,126.0,139.0,131.0
76257,252.0,141.0,144.0,138.0
76258,239.0,90.0,140.0,143.0
76259,242.0,127.0,127.0,135.0
76260,228.0,76.0,136.0,121.0
76261,225.0,93.0,122.0,136.0
76262,251.0,103.0,148.0,140.0
76263,256.0,104.0,142.0,136.0
76264,241.0,108.0,129.0,140.0
76265,246.0,133.0,130.0,132.0
76266,257.0,134.0,150.0,147.0
76267,232.0,72.0,135.0,137.0
76268,265.0,97.0,148.0,141.0
76269,237.0,73.0,129.0,136.0
76270,270.0,123.0,162.0,148.0
76271,248.0,70.0,145.0,131.0
76272,249.0,120.0,133.0,145.0
76273,261.0,108.0,131.0,143.0
76274,265.0,128.0,150.0,151.0
76275,248.0,240.0,167.0,141.0
76276,279.0,110.0,145.0,146.0
76277,231.0,223.0,128.0,138.0
76278,240.0,101.0,144.0,136.0
76279,239.0,215.0,131.0,119.0
76280,256.0,155.0,129.0,141.0
76281,256.0,242.0,149.0,142.0
76282,270.0,106.0,169.0,155.0
76283,248.0,104.0,148.0,136.0
76284,262.0,105.0,128.0,151.0
76285,231.0,85.0,128.0,124.0
76286,243.0,213.0,111.0,122.0
76287,241.0,132.0,138.0,135.0
76288,238.0,119.0,150.0,149.0
76289,254.0,117.0,147.0,145.0
76290,272.0,124.0,136.0,160.0
76291,279.0,131.0,163.0,161.0
76292,244.0,98.0,141.0,138.0
76293,265.0,172.0,138.0,155.0
76294,247.0,94.0,113.0,128.0
76295,222.0,130.0,107.0,125.0
76296,238.0,97.0,134.0,117.0
76297,236.0,88.0,121.0,115.0
76298,241.0,74.0,148.0,133.0
76299,229.0,99.0,140.0,140.0
76300,255.0,218.0,147.0,159.0
76301,240.0,110.0,125.0,149.0
76302,255.0,145.0,128.0,151.0
76303,261.0,87.0,130.0,149.0
76304,271.0,106.0,140.0,153.0
76305,228.0,94.0,122.0,123.0
76306,246.0,81.0,119.0,154.0
76307,227.0,179.0,121.0,131.0
76308,257.0,86.0,142.0,149.0
76309,242.0,189.0,155.0,130.0
76310,256.0,117.0,143.0,144.0
76311,277.0,157.0,164.0,150.0
76312,256.0,116.0,145.0,146.0
76313,251.0,124.0,149.0,144.0
76314,254.0,145.0,135.0,148.0
76315,273.0,128.0,152.0,141.0
76316,249.0,249.0,140.0,151.0
76317,239.0,84.0,137.0,135.0
76318,250.0,110.0,129.0,140.0
76319,250.0,220.0,148.0,123.0
76320,253.0,169.0,148.0,117.0
76321,282.0,84.0,142.0,173.0
76322,244.0,38.0,147.0,150.0
76323,258.0,102.0,153.0,142.0
76324,251.0,168.0,114.0,143.0
76325,267.0,100.0,162.0,136.0
76326,252.0,163.0,148.0,149.0
76327,258.0,148.0,138.0,143.0
76328,256.0,91.0,154.0,145.0
76329,237.0,93.0,130.0,128.0
76330,266.0,97.0,143.0,151.0
76331,229.0,123.0,120.0,133.0
76332,264.0,110.0,142.0,150.0
76333,249.0,230.0,137.0,140.0
76334,257.0,94.0,155.0,141.0
76335,245.0,92.0,128.0,141.0
76336,264.0,90.0,153.0,142.0
76337,254.0,94.0,145.0,140.0
76338,251.0,215.0,141.0,122.0
76339,257.0,112.0,138.0,137.0
76340,244.0,203.0,139.0,142.0
76341,241.0,113.0,144.0,128.0
76342,245.0,67.0,143.0,147.0
76343,243.0,47.0,135.0,144.0
76344,245.0,104.0,155.0,134.0
76345,273.0,145.0,151.0,137.0
76346,230.0,72.0,120.0,135.0
76347,262.0,110.0,141.0,131.0
76348,254.0,130.0,156.0,140.0
76349,227.0,200.0,134.0,125.0
76350,271.0,109.0,154.0,165.0
76351,271.0,65.0,157.0,158.0
76352,240.0,101.0,134.0,134.0
76353,248.0,88.0,140.0,130.0
76354,233.0,207.0,112.0,127.0
76355,260.0,141.0,141.0,148.0
76356,246.0,233.0,151.0,129.0
76357,224.0,191.0,134.0,119.0
76358,249.0,63.0,148.0,140.0
76359,258.0,76.0,153.0,144.0
76360,243.0,145.0,147.0,133.0
76361,263.0,133.0,137.0,149.0
76362,231.0,123.0,127.0,133.0
76363,259.0,133.0,148.0,133.0
76364,260.0,209.0,146.0,152.0
76365,240.0,103.0,136.0,131.0
76366,246.0,126.0,146.0,151.0
76367,215.0,102.0,124.0,130.0
76368,238.0,98.0,117.0,139.0
76369,260.0,153.0,151.0,165.0
76370,269.0,135.0,146.0,140.0
76371,255.0,138.0,156.0,137.0
76372,231.0,144.0,120.0,129.0
76373,237.0,208.0,128.0,138.0
76374,265.0,109.0,156.0,147.0
76375,246.0,86.0,154.0,134.0
76376,248.0,201.0,163.0,135.0
76377,244.0,128.0,143.0,130.0
76378,244.0,224.0,134.0,128.0
76379,246.0,100.0,140.0,149.0
76380,274.0,250.0,151.0,146.0
76381,268.0,143.0,160.0,157.0
76382,229.0,142.0,126.0,120.0
76383,254.0,220.0,158.0,138.0
76384,256.0,135.0,152.0,154.0
76385,243.0,136.0,133.0,137.0
76386,247.0,87.0,136.0,138.0
76387,254.0,118.0,140.0,135.0
76388,238.0,78.0,136.0,134.0
76389,255.0,141.0,160.0,134.0
76390,239.0,140.0,126.0,129.0
76391,249.0,218.0,133.0,139.0
76392,251.0,119.0,142.0,150.0
76393,241.0,145.0,145.0,142.0
76394,245.0,197.0,124.0,134.0
76395,256.0,69.0,142.0,157.0
76396,279.0,109.0,150.0,163.0
76397,254.0,132.0,134.0,145.0
76398,244.0,220.0,139.0,142.0
76399,243.0,208.0,144.0,132.0
76400,239.0,100.0,127.0,119.0
76401,224.0,95.0,114.0,118.0
76402,238.0,110.0,138.0,139.0
76403,250.0,125.0,119.0,142.0
76404,240.0,103.0,141.0,133.0
76405,282.0,241.0,160.0,170.0
76406,257.0,104.0,140.0,148.0
76407,245.0,95.0,150.0,129.0
76408,232.0,105.0,127.0,121.0
76409,277.0,140.0,171.0,152.0
76410,260.0,101.0,138.0,137.0
76411,293.0,249.0,170.0,157.0
76412,246.0,197.0,133.0,138.0
76413,264.0,70.0,146.0,143.0
76414,271.0,245.0,142.0,152.0
76415,227.0,128.0,123.0,134.0
76416,250.0,140.0,141.0,145.0
76417,263.0,120.0,156.0,144.0
76418,251.0,77.0,141.0,131.0
76419,247.0,145.0,140.0,132.0
76420,262.0,151.0,150.0,161.0
76421,224.0,109.0,121.0,122.0
76422,244.0,98.0,147.0,133.0
76423,248.0,104.0,142.0,143.0
76424,233.0,133.0,136.0,134.0
76425,233.0,91.0,132.0,130.0
76426,265.0,253.0,145.0,150.0
76427,253.0,123.0,138.0,152.0
76428,276.0,226.0,162.0,153.0
76429,230.0,109.0,131.0,130.0
76430,254.0,105.0,151.0,141.0
76431,268.0,97.0,146.0,146.0
76432,257.0,109.0,144.0,143.0
76433,245.0,205.0,134.0,134.0
76434,266.0,226.0,149.0,149.0
76435,255.0,223.0,132.0,147.0
76436,249.0,140.0,148.0,139.0
76437,277.0,154.0,156.0,150.0
76438,252.0,240.0,148.0,148.0
76439,248.0,119.0,139.0,149.0
76440,261.0,89.0,140.0,155.0
76441,246.0,143.0,137.0,136.0
76442,259.0,92.0,144.0,151.0
76443,250.0,135.0,155.0,134.0
76444,270.0,248.0,150.0,156.0
76445,217.0,61.0,123.0,129.0
76446,258.0,236.0,143.0,164.0
76447,246.0,100.0,133.0,141.0
76448,245.0,115.0,148.0,146.0
76449,249.0,122.0,139.0,136.0
76450,224.0,102.0,131.0,129.0
76451,243.0,210.0,144.0,135.0
76452,263.0,76.0,153.0,152.0
76453,243.0,141.0,120.0,151.0
76454,231.0,130.0,131.0,136.0
76455,241.0,106.0,130.0,134.0
76456,252.0,101.0,133.0,145.0
76457,263.0,220.0,152.0,142.0
76458,241.0,67.0,127.0,141.0
76459,247.0,206.0,131.0,133.0
76460,232.0,113.0,133.0,129.0
76461,246.0,89.0,122.0,125.0
76462,241.0,111.0,125.0,145.0
76463,258.0,164.0,148.0,149.0
76464,251.0,82.0,143.0,144.0
76465,253.0,135.0,152.0,143.0
76466,251.0,143.0,128.0,140.0
76467,260.0,121.0,153.0,134.0
76468,224.0,63.0,131.0,123.0
76469,247.0,107.0,137.0,128.0
76470,258.0,222.0,152.0,160.0
76471,227.0,191.0,128.0,129.0
76472,233.0,223.0,126.0,140.0
76473,256.0,99.0,136.0,128.0
76474,258.0,135.0,147.0,142.0
76475,246.0,111.0,149.0,150.0
76476,248.0,93.0,149.0,136.0
76477,254.0,124.0,133.0,144.0
76478,250.0,210.0,130.0,138.0
76479,243.0,143.0,136.0,134.0
76480,243.0,123.0,136.0,135.0
76481,268.0,236.0,157.0,148.0
76482,242.0,111.0,128.0,123.0
76483,252.0,213.0,140.0,133.0
76484,259.0,104.0,148.0,163.0
76485,219.0,74.0,133.0,132.0
76486,245.0,109.0,120.0,129.0
76487,255.0,104.0,142.0,148.0
76488,271.0,95.0,140.0,158.0
76489,228.0,90.0,129.0,112.0
76490,267.0,225.0,155.0,168.0
76491,234.0,234.0,133.0,136.0
76492,242.0,93.0,143.0,124.0
76493,247.0,132.0,133.0,127.0
76494,243.0,61.0,120.0,134.0
76495,250.0,159.0,132.0,138.0
76496,234.0,148.0,123.0,147.0
76497,247.0,97.0,147.0,131.0
76498,277.0,119.0,149.0,158.0
76499,267.0,134.0,151.0,150.0
76500,255.0,114.0,144.0,152.0
76501,245.0,230.0,136.0,139.0
76502,229.0,88.0,108.0,125.0
76503,258.0,209.0,146.0,154.0
76504,250.0,116.0,142.0,145.0
76505,232.0,83.0,123.0,133.0
76506,265.0,108.0,143.0,155.0
76507,228.0,123.0,131.0,127.0
76508,246.0,96.0,135.0,144.0
76509,253.0,218.0,162.0,136.0
76510,261.0,109.0,155.0,140.0
76511,234.0,64.0,128.0,136.0
76512,261.0,87.0,150.0,155.0
76513,259.0,105.0,147.0,141.0
76514,251.0,146.0,133.0,160.0
76515,248.0,146.0,135.0,153.0
76516,253.0,73.0,144.0,153.0
76517,256.0,106.0,145.0,140.0
76518,233.0,100.0,137.0,128.0
76519,257.0,120.0,125.0,154.0
76520,230.0,121.0,117.0,140.0
76521,264.0,75.0,156.0,151.0
76522,238.0,67.0,125.0,127.0
76523,246.0,64.0,137.0,150.0
76524,247.0,124.0,126.0,145.0
76525,245.0,93.0,142.0,137.0
76526,255.0,103.0,136.0,140.0
76527,248.0,103.0,131.0,129.0
76528,236.0,133.0,124.0,142.0
76529,244.0,106.0,134.0,133.0
76530,250.0,125.0,140.0,150.0
76531,254.0,95.0,154.0,142.0
76532,254.0,118.0,137.0,142.0
76533,234.0,109.0,133.0,144.0
76534,209.0,177.0,112.0,110.0
76535,260.0,78.0,163.0,159.0
76536,249.0,222.0,133.0,140.0
76537,262.0,91.0,141.0,151.0
76538,259.0,225.0,139.0,150.0
76539,263.0,120.0,138.0,139.0
76540,242.0,238.0,125.0,138.0
76541,262.0,143.0,156.0,154.0
76542,249.0,131.0,129.0,147.0
76543,245.0,123.0,124.0,150.0
76544,258.0,116.0,157.0,152.0
76545,240.0,83.0,153.0,136.0
76546,274.0,242.0,168.0,128.0
76547,267.0,232.0,161.0,152.0
76548,267.0,80.0,170.0,145.0
76549,252.0,112.0,139.0,146.0
76550,263.0,103.0,149.0,149.0
76551,264.0,240.0,159.0,149.0
76552,238.0,213.0,137.0,126.0
76553,251.0,98.0,142.0,138.0
76554,253.0,226.0,135.0,135.0
76555,248.0,98.0,141.0,143.0
76556,253.0,196.0,152.0,140.0
76557,272.0,215.0,173.0,159.0
76558,243.0,199.0,133.0,135.0
76559,260.0,216.0,145.0,156.0
76560,262.0,107.0,138.0,151.0
76561,239.0,124.0,132.0,129.0
76562,250.0,101.0,150.0,136.0
76563,253.0,161.0,147.0,142.0
76564,254.0,109.0,153.0,147.0
76565,247.0,208.0,149.0,153.0
76566,257.0,215.0,149.0,155.0
76567,270.0,250.0,158.0,147.0
76568,282.0,183.0,153.0,144.0
76569,247.0,97.0,136.0,143.0
76570,274.0,152.0,160.0,159.0
76571,230.0,205.0,123.0,116.0
76572,242.0,137.0,142.0,128.0
76573,254.0,122.0,131.0,144.0
76574,254.0,197.0,149.0,159.0
76575,260.0,137.0,141.0,138.0
76576,255.0,84.0,142.0,153.0
76577,256.0,140.0,151.0,139.0
76578,255.0,139.0,153.0,135.0
76579,257.0,113.0,136.0,156.0
76580,257.0,51.0,138.0,142.0
76581,259.0,120.0,147.0,129.0
76582,263.0,119.0,145.0,149.0
76583,231.0,95.0,128.0,133.0
76584,257.0,112.0,131.0,144.0
76585,248.0,147.0,138.0,136.0
76586,236.0,111.0,140.0,123.0
76587,245.0,125.0,121.0,128.0
76588,252.0,127.0,132.0,132.0
76589,262.0,96.0,147.0,140.0
76590,258.0,130.0,142.0,143.0
76591,236.0,95.0,131.0,144.0
76592,251.0,126.0,137.0,156.0
76593,262.0,81.0,149.0,137.0
76594,241.0,142.0,126.0,122.0
76595,268.0,132.0,162.0,145.0
76596,240.0,131.0,144.0,126.0
76597,245.0,235.0,154.0,131.0
76598,261.0,90.0,151.0,141.0
76599,234.0,93.0,136.0,128.0
76600,251.0,91.0,138.0,144.0
76601,250.0,211.0,158.0,144.0
76602,253.0,244.0,139.0,143.0
76603,259.0,147.0,148.0,153.0
76604,243.0,211.0,136.0,127.0
76605,239.0,135.0,129.0,147.0
76606,267.0,223.0,134.0,139.0
76607,255.0,115.0,150.0,147.0
76608,251.0,114.0,130.0,155.0
76609,240.0,90.0,137.0,150.0
76610,251.0,151.0,161.0,144.0
76611,262.0,112.0,154.0,142.0
76612,248.0,117.0,135.0,135.0
76613,222.0,101.0,115.0,129.0
76614,251.0,216.0,136.0,134.0
76615,238.0,109.0,135.0,146.0
76616,258.0,86.0,137.0,141.0
76617,248.0,102.0,138.0,129.0
76618,263.0,124.0,143.0,154.0
76619,229.0,220.0,127.0,141.0
76620,256.0,217.0,143.0,148.0
76621,247.0,138.0,138.0,138.0
76622,243.0,142.0,127.0,144.0
76623,238.0,121.0,125.0,128.0
76624,265.0,107.0,145.0,150.0
76625,236.0,126.0,121.0,133.0
76626,240.0,115.0,132.0,138.0
76627,236.0,71.0,132.0,132.0
76628,210.0,87.0,144.0,117.0
76629,250.0,120.0,144.0,136.0
76630,258.0,92.0,157.0,145.0
76631,265.0,116.0,141.0,142.0
76632,248.0,216.0,140.0,152.0
76633,260.0,213.0,156.0,153.0
76634,243.0,219.0,157.0,148.0
76635,256.0,69.0,161.0,136.0
76636,274.0,104.0,152.0,146.0
76637,247.0,100.0,132.0,141.0
76638,238.0,119.0,124.0,146.0
76639,260.0,85.0,157.0,137.0
76640,229.0,52.0,124.0,116.0
76641,251.0,219.0,145.0,143.0
76642,235.0,112.0,134.0,132.0
76643,229.0,68.0,138.0,127.0
76644,246.0,70.0,141.0,140.0
76645,268.0,227.0,144.0,147.0
76646,264.0,109.0,146.0,161.0
76647,241.0,82.0,117.0,132.0
76648,231.0,108.0,120.0,127.0
76649,275.0,97.0,162.0,168.0
76650,246.0,76.0,141.0,146.0
76651,239.0,217.0,136.0,131.0
76652,237.0,66.0,136.0,134.0
76653,245.0,195.0,136.0,139.0
76654,246.0,95.0,144.0,140.0
76655,244.0,100.0,145.0,128.0
76656,244.0,212.0,136.0,137.0
76657,243.0,136.0,137.0,117.0
76658,275.0,204.0,152.0,162.0
76659,255.0,132.0,141.0,139.0
76660,263.0,87.0,143.0,137.0
76661,258.0,218.0,132.0,141.0
76662,248.0,136.0,132.0,137.0
76663,248.0,85.0,135.0,143.0
76664,246.0,85.0,140.0,141.0
76665,228.0,149.0,129.0,112.0
76666,268.0,147.0,154.0,155.0
76667,245.0,125.0,130.0,138.0
76668,262.0,139.0,151.0,150.0
76669,257.0,103.0,157.0,160.0
76670,238.0,112.0,129.0,133.0
76671,269.0,60.0,155.0,137.0
76672,264.0,151.0,143.0,144.0
76673,220.0,120.0,128.0,124.0
76674,251.0,90.0,145.0,139.0
76675,234.0,68.0,126.0,133.0
76676,272.0,129.0,164.0,167.0
76677,247.0,115.0,150.0,131.0
76678,243.0,86.0,144.0,136.0
76679,236.0,77.0,113.0,133.0
76680,249.0,128.0,138.0,148.0
76681,239.0,110.0,126.0,142.0
76682,259.0,113.0,139.0,143.0
76683,255.0,109.0,160.0,140.0
76684,234.0,108.0,124.0,129.0
76685,238.0,108.0,129.0,128.0
76686,262.0,125.0,138.0,156.0
76687,265.0,111.0,142.0,148.0
76688,267.0,234.0,133.0,153.0
76689,263.0,135.0,154.0,137.0
76690,249.0,155.0,128.0,149.0
76691,253.0,110.0,138.0,140.0
76692,257.0,129.0,135.0,157.0
76693,256.0,98.0,136.0,140.0
76694,248.0,74.0,135.0,145.0
76695,265.0,130.0,169.0,147.0
76696,251.0,121.0,142.0,142.0
76697,238.0,125.0,135.0,137.0
76698,253.0,97.0,142.0,142.0
76699,257.0,120.0,141.0,149.0
76700,239.0,204.0,138.0,139.0
76701,236.0,104.0,124.0,124.0
76702,236.0,86.0,140.0,138.0
76703,266.0,130.0,147.0,156.0
76704,237.0,113.0,140.0,132.0
76705,246.0,201.0,150.0,139.0
76706,241.0,125.0,147.0,141.0
76707,261.0,73.0,145.0,147.0
76708,243.0,220.0,128.0,144.0
76709,257.0,218.0,131.0,146.0
76710,256.0,231.0,133.0,138.0
76711,200.0,149.0,121.0,113.0
76712,222.0,94.0,120.0,129.0
76713,230.0,90.0,137.0,134.0
76714,251.0,102.0,142.0,134.0
76715,269.0,214.0,154.0,147.0
76716,236.0,131.0,134.0,138.0
76717,244.0,123.0,119.0,125.0
76718,247.0,215.0,137.0,135.0
76719,250.0,124.0,133.0,138.0
76720,252.0,82.0,144.0,141.0
76721,262.0,136.0,142.0,163.0
76722,257.0,133.0,131.0,143.0
76723,218.0,105.0,122.0,136.0
76724,261.0,127.0,142.0,160.0
76725,240.0,201.0,128.0,122.0
76726,239.0,145.0,130.0,138.0
76727,276.0,149.0,144.0,149.0
76728,241.0,73.0,131.0,119.0
76729,248.0,220.0,128.0,140.0
76730,226.0,189.0,123.0,133.0
76731,260.0,220.0,154.0,149.0
76732,263.0,260.0,153.0,150.0
76733,246.0,113.0,143.0,147.0
76734,245.0,203.0,143.0,150.0
76735,233.0,117.0,119.0,129.0
76736,238.0,78.0,136.0,141.0
76737,245.0,128.0,142.0,132.0
76738,242.0,108.0,156.0,147.0
76739,245.0,211.0,131.0,140.0
76740,240.0,206.0,133.0,146.0
76741,256.0,88.0,139.0,146.0
76742,248.0,118.0,146.0,129.0
76743,270.0,165.0,165.0,141.0
76744,218.0,109.0,126.0,119.0
76745,231.0,107.0,128.0,138.0
76746,238.0,71.0,144.0,132.0
76747,252.0,124.0,128.0,140.0
76748,253.0,218.0,129.0,136.0
76749,254.0,87.0,150.0,138.0
76750,266.0,137.0,161.0,153.0
76751,248.0,240.0,126.0,147.0
76752,263.0,110.0,135.0,158.0
76753,259.0,119.0,130.0,150.0
76754,252.0,122.0,154.0,138.0
76755,248.0,127.0,135.0,125.0
76756,246.0,138.0,139.0,145.0
76757,233.0,93.0,130.0,126.0
76758,252.0,95.0,139.0,141.0
76759,255.0,232.0,149.0,149.0
76760,266.0,229.0,148.0,148.0
76761,265.0,228.0,156.0,137.0
76762,237.0,64.0,142.0,133.0
76763,265.0,161.0,155.0,135.0
76764,251.0,111.0,136.0,130.0
76765,238.0,115.0,128.0,137.0
76766,246.0,132.0,133.0,144.0
76767,261.0,237.0,142.0,155.0
76768,243.0,143.0,132.0,142.0
76769,249.0,211.0,134.0,143.0
76770,236.0,90.0,136.0,133.0
76771,256.0,219.0,141.0,142.0
76772,249.0,148.0,137.0,143.0
76773,250.0,84.0,145.0,145.0
76774,270.0,115.0,141.0,140.0
76775,232.0,140.0,134.0,131.0
76776,259.0,72.0,142.0,154.0
76777,244.0,119.0,142.0,123.0
76778,225.0,109.0,111.0,136.0
76779,227.0,72.0,133.0,126.0
76780,277.0,124.0,145.0,163.0
76781,239.0,109.0,143.0,125.0
76782,221.0,200.0,135.0,129.0
76783,271.0,234.0,155.0,170.0
76784,251.0,242.0,152.0,136.0
76785,231.0,97.0,132.0,134.0
76786,269.0,110.0,140.0,152.0
76787,250.0,150.0,151.0,148.0
76788,234.0,230.0,123.0,128.0
76789,275.0,98.0,165.0,139.0
76790,250.0,173.0,135.0,152.0
76791,256.0,116.0,143.0,148.0
76792,261.0,81.0,152.0,145.0
76793,243.0,103.0,141.0,130.0
76794,254.0,245.0,146.0,138.0
76795,248.0,197.0,145.0,133.0
76796,253.0,127.0,140.0,136.0
76797,258.0,104.0,150.0,144.0
76798,252.0,92.0,138.0,144.0
76799,235.0,111.0,121.0,136.0
76800,246.0,131.0,141.0,138.0
76801,242.0,207.0,122.0,150.0
76802,262.0,225.0,144.0,147.0
76803,263.0,108.0,150.0,152.0
76804,245.0,130.0,126.0,138.0
76805,250.0,207.0,128.0,139.0
76806,246.0,118.0,135.0,136.0
76807,269.0,110.0,152.0,137.0
76808,244.0,212.0,133.0,134.0
76809,253.0,149.0,161.0,133.0
76810,257.0,219.0,144.0,132.0
76811,242.0,117.0,131.0,151.0
76812,235.0,201.0,118.0,125.0
76813,232.0,195.0,126.0,129.0
76814,250.0,225.0,136.0,148.0
76815,239.0,106.0,133.0,138.0
76816,258.0,128.0,149.0,152.0
76817,286.0,140.0,174.0,153.0
76818,249.0,214.0,142.0,142.0
76819,260.0,82.0,150.0,161.0
76820,241.0,90.0,127.0,140.0
76821,259.0,82.0,146.0,149.0
76822,254.0,161.0,136.0,153.0
76823,238.0,210.0,138.0,133.0
76824,263.0,132.0,143.0,153.0
76825,244.0,114.0,140.0,135.0
76826,255.0,112.0,153.0,141.0
76827,256.0,108.0,137.0,146.0
76828,243.0,93.0,140.0,125.0
76829,257.0,174.0,144.0,134.0
76830,224.0,114.0,125.0,116.0
76831,233.0,66.0,129.0,122.0
76832,240.0,81.0,134.0,150.0
76833,243.0,113.0,165.0,123.0
76834,253.0,139.0,146.0,153.0
76835,248.0,141.0,129.0,136.0
76836,256.0,83.0,146.0,138.0
76837,248.0,166.0,144.0,150.0
76838,230.0,121.0,124.0,122.0
76839,246.0,68.0,126.0,140.0
76840,265.0,172.0,165.0,134.0
76841,249.0,79.0,145.0,138.0
76842,271.0,120.0,141.0,162.0
76843,260.0,154.0,154.0,141.0
76844,250.0,93.0,140.0,138.0
76845,226.0,105.0,134.0,121.0
76846,245.0,87.0,144.0,129.0
76847,256.0,156.0,144.0,152.0
76848,255.0,124.0,149.0,134.0
76849,264.0,250.0,158.0,143.0
76850,236.0,202.0,139.0,128.0
76851,243.0,96.0,123.0,140.0
76852,245.0,101.0,129.0,145.0
76853,262.0,158.0,142.0,144.0
76854,257.0,219.0,134.0,135.0
76855,279.0,106.0,155.0,136.0
76856,240.0,122.0,149.0,141.0
76857,262.0,225.0,134.0,155.0
76858,247.0,106.0,144.0,127.0
76859,241.0,115.0,138.0,152.0
76860,225.0,195.0,140.0,132.0
76861,278.0,157.0,153.0,162.0
76862,252.0,138.0,137.0,138.0
76863,245.0,215.0,137.0,135.0
76864,256.0,118.0,147.0,154.0
76865,271.0,94.0,155.0,152.0
76866,250.0,112.0,136.0,142.0
76867,225.0,130.0,129.0,127.0
76868,269.0,107.0,152.0,140.0
76869,242.0,141.0,132.0,148.0
76870,256.0,224.0,146.0,149.0
76871,250.0,150.0,141.0,129.0
76872,260.0,237.0,148.0,153.0
76873,246.0,87.0,139.0,126.0
76874,256.0,149.0,148.0,139.0
76875,253.0,114.0,151.0,137.0
76876,252.0,79.0,139.0,129.0
76877,247.0,224.0,135.0,146.0
76878,265.0,85.0,152.0,161.0
76879,225.0,198.0,123.0,121.0
76880,256.0,108.0,132.0,135.0
76881,271.0,137.0,152.0,157.0
76882,274.0,133.0,147.0,151.0
76883,274.0,143.0,161.0,152.0
76884,258.0,239.0,150.0,156.0
76885,282.0,120.0,147.0,153.0
76886,238.0,202.0,127.0,134.0
76887,248.0,110.0,134.0,131.0
76888,246.0,112.0,145.0,151.0
76889,262.0,237.0,156.0,165.0
76890,251.0,141.0,145.0,145.0
76891,227.0,123.0,138.0,122.0
76892,263.0,100.0,160.0,148.0
76893,245.0,145.0,140.0,145.0
76894,259.0,102.0,154.0,159.0
76895,222.0,183.0,120.0,126.0
76896,268.0,79.0,136.0,136.0
76897,259.0,99.0,149.0,137.0
76898,238.0,137.0,131.0,136.0
76899,263.0,73.0,140.0,171.0
76900,235.0,88.0,130.0,131.0
76901,259.0,185.0,154.0,144.0
76902,245.0,208.0,140.0,143.0
76903,241.0,199.0,134.0,135.0
76904,248.0,127.0,132.0,116.0
76905,239.0,115.0,141.0,141.0
76906,261.0,117.0,144.0,163.0
76907,295.0,140.0,157.0,165.0
76908,262.0,162.0,146.0,161.0
76909,256.0,112.0,145.0,145.0
76910,237.0,210.0,128.0,150.0
76911,251.0,98.0,123.0,146.0
76912,273.0,92.0,136.0,147.0
76913,231.0,113.0,136.0,130.0
76914,226.0,94.0,134.0,129.0
76915,233.0,108.0,131.0,137.0
76916,217.0,177.0,113.0,125.0
76917,242.0,156.0,134.0,145.0
76918,242.0,125.0,118.0,123.0
76919,246.0,213.0,145.0,149.0
76920,228.0,195.0,129.0,133.0
76921,255.0,98.0,136.0,141.0
76922,251.0,102.0,150.0,169.0
76923,228.0,198.0,128.0,129.0
76924,226.0,188.0,134.0,127.0
76925,266.0,247.0,172.0,165.0
76926,246.0,120.0,141.0,144.0
76927,273.0,131.0,141.0,157.0
76928,256.0,115.0,136.0,153.0
76929,267.0,264.0,160.0,150.0
76930,268.0,242.0,160.0,171.0
76931,226.0,215.0,117.0,117.0
76932,252.0,133.0,140.0,150.0
76933,251.0,96.0,149.0,150.0
76934,265.0,103.0,155.0,147.0
76935,241.0,119.0,112.0,124.0
76936,230.0,130.0,133.0,133.0
76937,256.0,228.0,151.0,127.0
76938,253.0,141.0,143.0,142.0
76939,260.0,230.0,148.0,135.0
76940,221.0,93.0,116.0,115.0
76941,258.0,96.0,159.0,138.0
76942,251.0,219.0,141.0,146.0
76943,261.0,72.0,140.0,154.0
76944,265.0,229.0,151.0,153.0
76945,237.0,115.0,135.0,129.0
76946,247.0,61.0,140.0,143.0
76947,238.0,107.0,136.0,147.0
76948,255.0,148.0,134.0,144.0
76949,251.0,125.0,157.0,150.0
76950,248.0,99.0,154.0,133.0
76951,252.0,135.0,128.0,137.0
76952,233.0,75.0,124.0,123.0
76953,238.0,102.0,124.0,142.0
76954,249.0,120.0,133.0,125.0
76955,264.0,92.0,141.0,140.0
76956,290.0,262.0,154.0,170.0
76957,265.0,233.0,149.0,137.0
76958,274.0,135.0,159.0,166.0
76959,250.0,109.0,145.0,141.0
76960,267.0,129.0,145.0,147.0
76961,242.0,151.0,147.0,139.0
76962,250.0,108.0,137.0,144.0
76963,257.0,134.0,145.0,131.0
76964,263.0,150.0,145.0,129.0
76965,254.0,100.0,139.0,137.0
76966,249.0,127.0,139.0,131.0
76967,266.0,64.0,160.0,172.0
76968,259.0,78.0,149.0,137.0
76969,259.0,100.0,133.0,149.0
76970,246.0,107.0,133.0,148.0
76971,253.0,108.0,142.0,142.0
76972,252.0,217.0,138.0,127.0
76973,244.0,90.0,136.0,134.0
76974,264.0,117.0,141.0,140.0
76975,261.0,81.0,141.0,142.0
76976,241.0,159.0,132.0,134.0
76977,244.0,215.0,130.0,133.0
76978,238.0,139.0,141.0,144.0
76979,257.0,132.0,131.0,143.0
76980,258.0,97.0,142.0,140.0
76981,255.0,113.0,125.0,145.0
76982,246.0,160.0,146.0,136.0
76983,269.0,239.0,164.0,165.0
76984,254.0,232.0,139.0,153.0
76985,252.0,133.0,133.0,145.0
76986,236.0,146.0,147.0,130.0
76987,235.0,195.0,145.0,132.0
76988,269.0,234.0,162.0,158.0
76989,247.0,137.0,145.0,131.0
76990,243.0,110.0,137.0,153.0
76991,266.0,227.0,152.0,137.0
76992,238.0,111.0,144.0,140.0
76993,257.0,249.0,139.0,160.0
76994,252.0,112.0,147.0,144.0
76995,228.0,88.0,136.0,126.0
76996,261.0,210.0,136.0,147.0
76997,243.0,211.0,142.0,126.0
76998,264.0,260.0,147.0,154.0
76999,241.0,111.0,136.0,124.0
77000,256.0,131.0,137.0,133.0
77001,255.0,97.0,143.0,129.0
77002,240.0,232.0,142.0,137.0
77003,239.0,127.0,131.0,128.0
77004,235.0,201.0,140.0,129.0
77005,251.0,204.0,129.0,146.0
77006,273.0,231.0,165.0,145.0
77007,261.0,120.0,144.0,130.0
77008,274.0,137.0,165.0,156.0
77009,238.0,200.0,117.0,124.0
77010,263.0,91.0,163.0,145.0
77011,267.0,230.0,163.0,162.0
77012,254.0,155.0,146.0,143.0
77013,246.0,137.0,129.0,139.0
77014,260.0,172.0,140.0,156.0
77015,260.0,221.0,139.0,148.0
77016,238.0,62.0,143.0,123.0
77017,234.0,134.0,123.0,134.0
77018,250.0,98.0,134.0,139.0
77019,246.0,142.0,131.0,150.0
77020,270.0,84.0,157.0,144.0
77021,262.0,84.0,151.0,143.0
77022,278.0,147.0,153.0,149.0
77023,254.0,224.0,136.0,144.0
77024,248.0,214.0,144.0,127.0
77025,243.0,228.0,131.0,152.0
77026,243.0,178.0,138.0,127.0
77027,241.0,70.0,140.0,140.0
77028,253.0,239.0,142.0,146.0
77029,225.0,145.0,127.0,118.0
77030,260.0,82.0,146.0,144.0
77031,262.0,59.0,153.0,148.0
77032,256.0,228.0,132.0,143.0
77033,257.0,175.0,140.0,155.0
77034,259.0,125.0,157.0,157.0
77035,247.0,105.0,133.0,156.0
77036,246.0,213.0,127.0,139.0
77037,263.0,135.0,152.0,146.0
77038,238.0,117.0,138.0,140.0
77039,269.0,135.0,151.0,150.0
77040,253.0,118.0,157.0,142.0
77041,236.0,109.0,134.0,131.0
77042,248.0,154.0,128.0,136.0
77043,257.0,58.0,148.0,147.0
77044,253.0,140.0,139.0,132.0
77045,246.0,144.0,131.0,147.0
77046,261.0,48.0,164.0,147.0
77047,248.0,100.0,137.0,142.0
77048,218.0,199.0,118.0,126.0
77049,255.0,155.0,143.0,148.0
77050,263.0,127.0,163.0,150.0
77051,237.0,109.0,113.0,131.0
77052,239.0,77.0,133.0,117.0
77053,241.0,111.0,145.0,122.0
77054,234.0,81.0,131.0,119.0
77055,237.0,84.0,140.0,130.0
77056,243.0,92.0,138.0,150.0
77057,251.0,88.0,136.0,146.0
77058,250.0,100.0,143.0,138.0
77059,240.0,223.0,121.0,147.0
77060,251.0,100.0,134.0,149.0
77061,247.0,148.0,141.0,137.0
77062,268.0,124.0,151.0,150.0
77063,249.0,179.0,137.0,149.0
77064,265.0,120.0,140.0,138.0
77065,249.0,152.0,140.0,150.0
77066,259.0,212.0,141.0,152.0
77067,245.0,81.0,121.0,140.0
77068,260.0,145.0,149.0,154.0
77069,261.0,90.0,145.0,144.0
77070,260.0,135.0,132.0,151.0
77071,234.0,227.0,140.0,131.0
77072,251.0,96.0,150.0,158.0
77073,261.0,245.0,129.0,137.0
77074,237.0,201.0,131.0,141.0
77075,257.0,131.0,178.0,138.0
77076,245.0,151.0,142.0,127.0
77077,257.0,111.0,148.0,150.0
77078,248.0,248.0,136.0,146.0
77079,262.0,122.0,156.0,135.0
77080,245.0,121.0,149.0,123.0
77081,279.0,66.0,145.0,148.0
77082,248.0,92.0,140.0,135.0
77083,265.0,68.0,153.0,148.0
77084,240.0,128.0,147.0,136.0
77085,258.0,131.0,138.0,127.0
77086,255.0,242.0,137.0,142.0
77087,263.0,231.0,146.0,152.0
77088,243.0,219.0,141.0,134.0
77089,238.0,91.0,129.0,138.0
77090,255.0,170.0,151.0,136.0
77091,243.0,95.0,142.0,136.0
77092,233.0,101.0,136.0,130.0
77093,235.0,65.0,120.0,139.0
77094,234.0,229.0,133.0,121.0
77095,228.0,133.0,124.0,136.0
77096,264.0,241.0,153.0,139.0
77097,231.0,135.0,136.0,129.0
77098,252.0,118.0,154.0,135.0
77099,242.0,212.0,140.0,138.0
77100,259.0,105.0,151.0,148.0
77101,262.0,94.0,148.0,155.0
77102,250.0,95.0,126.0,146.0
77103,240.0,99.0,127.0,139.0
77104,249.0,88.0,143.0,147.0
77105,224.0,182.0,143.0,121.0
77106,269.0,106.0,126.0,134.0
77107,244.0,238.0,134.0,146.0
77108,235.0,158.0,130.0,131.0
77109,252.0,139.0,152.0,136.0
77110,237.0,211.0,147.0,133.0
77111,240.0,75.0,134.0,139.0
77112,259.0,218.0,160.0,159.0
77113,236.0,104.0,121.0,146.0
77114,253.0,210.0,135.0,147.0
77115,247.0,89.0,132.0,147.0
77116,265.0,227.0,140.0,145.0
77117,265.0,230.0,147.0,149.0
77118,258.0,92.0,154.0,143.0
77119,258.0,108.0,141.0,148.0
77120,243.0,58.0,143.0,129.0
77121,231.0,211.0,134.0,122.0
77122,258.0,108.0,153.0,143.0
77123,237.0,209.0,123.0,130.0
77124,249.0,97.0,148.0,148.0
77125,241.0,102.0,133.0,142.0
77126,257.0,126.0,142.0,148.0
77127,253.0,229.0,131.0,147.0
77128,240.0,115.0,139.0,146.0
77129,271.0,98.0,150.0,162.0
77130,238.0,210.0,150.0,139.0
77131,237.0,111.0,124.0,135.0
77132,254.0,222.0,137.0,134.0
77133,241.0,191.0,141.0,140.0
77134,259.0,102.0,149.0,137.0
77135,233.0,98.0,126.0,121.0
77136,238.0,73.0,145.0,122.0
77137,259.0,255.0,149.0,147.0
77138,233.0,200.0,129.0,137.0
77139,245.0,125.0,141.0,140.0
77140,248.0,133.0,123.0,141.0
77141,238.0,209.0,123.0,141.0
77142,260.0,231.0,147.0,143.0
77143,247.0,137.0,144.0,137.0
77144,257.0,143.0,148.0,143.0
77145,277.0,253.0,174.0,174.0
77146,244.0,119.0,141.0,130.0
77147,247.0,127.0,149.0,148.0
77148,264.0,127.0,140.0,147.0
77149,252.0,117.0,151.0,134.0
77150,240.0,88.0,133.0,141.0
77151,242.0,74.0,134.0,126.0
77152,251.0,75.0,137.0,132.0
77153,253.0,146.0,130.0,133.0
77154,241.0,128.0,130.0,111.0
77155,245.0,90.0,127.0,155.0
77156,244.0,90.0,135.0,139.0
77157,247.0,132.0,145.0,145.0
77158,249.0,99.0,148.0,143.0
77159,261.0,120.0,131.0,139.0
77160,248.0,153.0,141.0,139.0
77161,282.0,121.0,170.0,143.0
77162,257.0,175.0,146.0,149.0
77163,254.0,110.0,151.0,127.0
77164,256.0,218.0,134.0,141.0
77165,262.0,116.0,155.0,160.0
77166,265.0,137.0,150.0,151.0
77167,258.0,98.0,146.0,162.0
77168,264.0,147.0,148.0,146.0
77169,248.0,94.0,138.0,150.0
77170,257.0,84.0,147.0,140.0
77171,248.0,99.0,131.0,131.0
77172,262.0,142.0,152.0,140.0
77173,248.0,110.0,141.0,141.0
77174,248.0,104.0,124.0,136.0
77175,225.0,137.0,126.0,120.0
77176,246.0,97.0,137.0,146.0
77177,241.0,120.0,139.0,134.0
77178,218.0,82.0,124.0,118.0
77179,257.0,113.0,146.0,160.0
77180,249.0,114.0,127.0,138.0
77181,256.0,112.0,147.0,145.0
77182,252.0,100.0,142.0,138.0
77183,236.0,93.0,136.0,134.0
77184,263.0,218.0,168.0,148.0
77185,256.0,249.0,151.0,138.0
77186,254.0,115.0,149.0,144.0
77187,255.0,123.0,126.0,127.0
77188,229.0,183.0,132.0,137.0
77189,243.0,216.0,141.0,140.0
77190,258.0,224.0,157.0,143.0
77191,254.0,158.0,147.0,145.0
77192,236.0,130.0,140.0,128.0
77193,270.0,230.0,158.0,145.0
77194,263.0,133.0,152.0,157.0
77195,231.0,198.0,132.0,131.0
77196,237.0,99.0,133.0,125.0
77197,264.0,75.0,145.0,147.0
77198,255.0,125.0,147.0,140.0
77199,241.0,208.0,124.0,137.0
77200,249.0,130.0,148.0,148.0
77201,238.0,99.0,127.0,120.0
77202,246.0,70.0,149.0,139.0
77203,247.0,147.0,134.0,128.0
77204,248.0,109.0,135.0,120.0
77205,273.0,68.0,152.0,140.0
77206,225.0,98.0,133.0,130.0
77207,250.0,159.0,157.0,138.0
77208,253.0,124.0,142.0,137.0
77209,233.0,120.0,133.0,123.0
77210,249.0,119.0,121.0,150.0
77211,249.0,118.0,130.0,136.0
77212,236.0,144.0,125.0,136.0
77213,248.0,139.0,143.0,132.0
77214,251.0,240.0,156.0,134.0
77215,234.0,185.0,121.0,123.0
77216,248.0,84.0,137.0,149.0
77217,260.0,117.0,152.0,151.0
77218,235.0,92.0,137.0,133.0
77219,261.0,158.0,148.0,142.0
77220,250.0,146.0,137.0,146.0
77221,256.0,141.0,145.0,158.0
77222,266.0,234.0,153.0,131.0
77223,243.0,104.0,131.0,142.0
77224,254.0,202.0,149.0,145.0
77225,256.0,71.0,155.0,139.0
77226,254.0,232.0,134.0,155.0
77227,258.0,202.0,147.0,157.0
77228,256.0,129.0,126.0,132.0
77229,240.0,154.0,138.0,122.0
77230,271.0,241.0,153.0,143.0
77231,227.0,88.0,139.0,125.0
77232,271.0,143.0,155.0,145.0
77233,249.0,155.0,145.0,136.0
77234,275.0,96.0,159.0,137.0
77235,251.0,87.0,147.0,143.0
77236,238.0,99.0,128.0,128.0
77237,252.0,106.0,131.0,127.0
77238,243.0,222.0,133.0,145.0
77239,238.0,112.0,132.0,124.0
77240,250.0,123.0,136.0,134.0
77241,264.0,126.0,155.0,159.0
77242,237.0,210.0,141.0,137.0
77243,252.0,139.0,134.0,138.0
77244,273.0,168.0,154.0,133.0
77245,263.0,159.0,153.0,138.0
77246,263.0,225.0,156.0,146.0
77247,265.0,65.0,167.0,144.0
77248,244.0,118.0,130.0,134.0
77249,289.0,106.0,168.0,148.0
77250,234.0,125.0,120.0,133.0
77251,255.0,149.0,141.0,148.0
77252,257.0,97.0,136.0,137.0
77253,255.0,241.0,142.0,121.0
77254,218.0,135.0,120.0,121.0
77255,272.0,117.0,159.0,135.0
77256,263.0,134.0,147.0,140.0
77257,255.0,117.0,139.0,151.0
77258,231.0,206.0,129.0,129.0
77259,269.0,75.0,142.0,154.0
77260,247.0,161.0,130.0,138.0
77261,267.0,187.0,158.0,149.0
77262,247.0,120.0,143.0,148.0
77263,254.0,109.0,161.0,135.0
77264,242.0,163.0,127.0,139.0
77265,264.0,117.0,159.0,152.0
77266,254.0,210.0,154.0,127.0
77267,229.0,61.0,138.0,132.0
77268,251.0,163.0,138.0,137.0
77269,287.0,119.0,152.0,155.0
77270,254.0,188.0,164.0,146.0
77271,253.0,170.0,140.0,152.0
77272,238.0,98.0,142.0,135.0
77273,272.0,108.0,160.0,166.0
77274,253.0,125.0,137.0,138.0
77275,232.0,88.0,125.0,124.0
77276,277.0,117.0,158.0,162.0
77277,269.0,119.0,153.0,151.0
77278,235.0,197.0,145.0,126.0
77279,282.0,93.0,160.0,157.0
77280,247.0,87.0,135.0,143.0
77281,220.0,69.0,124.0,115.0
77282,259.0,113.0,136.0,143.0
77283,235.0,106.0,144.0,122.0
77284,254.0,126.0,145.0,138.0
77285,261.0,218.0,135.0,155.0
77286,244.0,59.0,142.0,133.0
77287,244.0,70.0,124.0,129.0
77288,241.0,204.0,128.0,128.0
77289,241.0,104.0,122.0,137.0
77290,254.0,134.0,137.0,139.0
77291,236.0,127.0,120.0,134.0
77292,252.0,79.0,138.0,148.0
77293,252.0,108.0,133.0,130.0
77294,246.0,78.0,149.0,127.0
77295,250.0,121.0,143.0,141.0
77296,256.0,245.0,143.0,159.0
77297,244.0,110.0,139.0,136.0
77298,239.0,101.0,130.0,133.0
77299,251.0,109.0,126.0,146.0
77300,259.0,224.0,138.0,147.0
77301,238.0,110.0,137.0,146.0
77302,255.0,114.0,144.0,149.0
77303,241.0,84.0,138.0,132.0
77304,284.0,248.0,159.0,163.0
77305,264.0,130.0,149.0,146.0
77306,251.0,209.0,138.0,137.0
77307,260.0,118.0,151.0,141.0
77308,249.0,70.0,144.0,139.0
77309,234.0,208.0,127.0,130.0
77310,243.0,206.0,122.0,150.0
77311,238.0,140.0,137.0,128.0
77312,240.0,58.0,129.0,142.0
77313,245.0,120.0,141.0,146.0
77314,230.0,199.0,123.0,136.0
77315,245.0,223.0,133.0,141.0
77316,265.0,236.0,144.0,147.0
77317,252.0,134.0,141.0,142.0
77318,293.0,139.0,154.0,152.0
77319,259.0,92.0,138.0,151.0
77320,251.0,111.0,135.0,133.0
77321,247.0,134.0,119.0,151.0
77322,257.0,118.0,148.0,157.0
77323,268.0,100.0,157.0,148.0
77324,257.0,121.0,140.0,159.0
77325,246.0,93.0,144.0,145.0
77326,233.0,114.0,140.0,122.0
77327,247.0,103.0,142.0,129.0
77328,236.0,232.0,145.0,134.0
77329,247.0,75.0,146.0,141.0
77330,230.0,93.0,130.0,120.0
77331,265.0,106.0,146.0,144.0
77332,242.0,76.0,140.0,137.0
77333,253.0,93.0,130.0,144.0
77334,257.0,141.0,146.0,138.0
77335,241.0,127.0,142.0,135.0
77336,258.0,218.0,140.0,144.0
77337,272.0,86.0,142.0,151.0
77338,237.0,135.0,129.0,149.0
77339,249.0,128.0,140.0,137.0
77340,241.0,95.0,139.0,135.0
77341,244.0,192.0,136.0,152.0
77342,227.0,227.0,118.0,138.0
77343,233.0,88.0,113.0,123.0
77344,257.0,129.0,141.0,137.0
77345,254.0,123.0,152.0,135.0
77346,239.0,109.0,121.0,134.0
77347,251.0,191.0,137.0,141.0
77348,199.0,95.0,108.0,111.0
77349,238.0,90.0,129.0,131.0
77350,251.0,136.0,137.0,140.0
77351,239.0,105.0,139.0,125.0
77352,245.0,205.0,145.0,137.0
77353,253.0,97.0,129.0,146.0
77354,254.0,112.0,145.0,153.0
77355,239.0,152.0,131.0,127.0
77356,236.0,227.0,127.0,138.0
77357,271.0,99.0,136.0,161.0
77358,245.0,150.0,139.0,129.0
77359,253.0,140.0,140.0,132.0
77360,243.0,136.0,153.0,138.0
77361,243.0,98.0,134.0,135.0
77362,265.0,75.0,155.0,158.0
77363,238.0,199.0,133.0,138.0
77364,234.0,127.0,141.0,131.0
77365,247.0,140.0,127.0,136.0
77366,254.0,113.0,148.0,156.0
77367,248.0,95.0,136.0,133.0
77368,252.0,154.0,138.0,143.0
77369,246.0,131.0,134.0,141.0
77370,243.0,118.0,141.0,134.0
77371,233.0,68.0,138.0,130.0
77372,245.0,126.0,140.0,136.0
77373,237.0,114.0,133.0,131.0
77374,244.0,135.0,121.0,148.0
77375,253.0,149.0,143.0,139.0
77376,257.0,232.0,149.0,133.0
77377,272.0,97.0,159.0,159.0
77378,248.0,131.0,118.0,132.0
77379,247.0,70.0,143.0,145.0
77380,258.0,118.0,143.0,135.0
77381,253.0,109.0,145.0,144.0
77382,275.0,172.0,136.0,150.0
77383,245.0,224.0,138.0,134.0
77384,256.0,99.0,143.0,133.0
77385,247.0,43.0,107.0,139.0
77386,247.0,107.0,132.0,135.0
77387,268.0,140.0,141.0,159.0
77388,211.0,84.0,114.0,120.0
77389,256.0,91.0,138.0,140.0
77390,264.0,79.0,163.0,159.0
77391,273.0,147.0,152.0,142.0
77392,239.0,239.0,133.0,143.0
77393,258.0,128.0,147.0,142.0
77394,255.0,95.0,144.0,138.0
77395,243.0,128.0,136.0,139.0
77396,240.0,90.0,139.0,123.0
77397,249.0,227.0,121.0,144.0
77398,227.0,76.0,128.0,128.0
77399,248.0,91.0,151.0,146.0
77400,269.0,163.0,156.0,166.0
77401,247.0,244.0,145.0,141.0
77402,232.0,87.0,136.0,130.0
77403,277.0,142.0,167.0,160.0
77404,242.0,129.0,120.0,126.0
77405,253.0,241.0,146.0,121.0
77406,249.0,98.0,138.0,146.0
77407,228.0,97.0,123.0,131.0
77408,250.0,94.0,139.0,150.0
77409,250.0,115.0,150.0,140.0
77410,242.0,159.0,128.0,133.0
77411,249.0,95.0,144.0,132.0
77412,248.0,70.0,140.0,130.0
77413,263.0,89.0,131.0,148.0
77414,230.0,76.0,122.0,123.0
77415,248.0,101.0,118.0,148.0
77416,252.0,216.0,143.0,150.0
77417,237.0,107.0,136.0,133.0
77418,243.0,212.0,142.0,136.0
77419,280.0,162.0,149.0,152.0
77420,237.0,107.0,131.0,133.0
77421,246.0,84.0,149.0,133.0
77422,251.0,110.0,133.0,151.0
77423,238.0,237.0,139.0,140.0
77424,245.0,96.0,141.0,150.0
77425,258.0,241.0,150.0,154.0
77426,229.0,74.0,127.0,126.0
77427,253.0,104.0,138.0,147.0
77428,269.0,221.0,147.0,149.0
77429,234.0,108.0,120.0,132.0
77430,269.0,227.0,162.0,145.0
77431,228.0,201.0,141.0,133.0
77432,268.0,132.0,159.0,167.0
77433,257.0,70.0,136.0,154.0
77434,259.0,49.0,132.0,152.0
77435,240.0,232.0,133.0,136.0
77436,234.0,85.0,143.0,129.0
77437,253.0,137.0,129.0,135.0
77438,254.0,95.0,139.0,146.0
77439,266.0,233.0,153.0,148.0
77440,236.0,79.0,123.0,120.0
77441,267.0,104.0,157.0,150.0
77442,222.0,96.0,129.0,134.0
77443,256.0,77.0,153.0,143.0
77444,262.0,147.0,150.0,135.0
77445,262.0,146.0,123.0,154.0
77446,229.0,123.0,142.0,130.0
77447,253.0,219.0,141.0,138.0
77448,244.0,81.0,134.0,142.0
77449,247.0,106.0,147.0,143.0
77450,240.0,87.0,125.0,135.0
77451,251.0,174.0,135.0,134.0
77452,260.0,125.0,148.0,137.0
77453,267.0,82.0,151.0,147.0
77454,248.0,133.0,154.0,145.0
77455,220.0,118.0,122.0,123.0
77456,251.0,128.0,137.0,142.0
77457,272.0,93.0,152.0,152.0
77458,247.0,103.0,140.0,136.0
77459,264.0,137.0,136.0,152.0
77460,250.0,98.0,149.0,161.0
77461,244.0,97.0,127.0,141.0
77462,250.0,213.0,143.0,145.0
77463,233.0,195.0,133.0,142.0
77464,256.0,218.0,138.0,133.0
77465,253.0,99.0,139.0,134.0
77466,242.0,85.0,124.0,140.0
77467,249.0,99.0,144.0,157.0
77468,260.0,260.0,161.0,150.0
77469,267.0,237.0,143.0,150.0
77470,263.0,227.0,146.0,154.0
77471,256.0,220.0,147.0,143.0
77472,223.0,86.0,135.0,131.0
77473,259.0,77.0,149.0,138.0
77474,240.0,99.0,116.0,133.0
77475,254.0,225.0,143.0,139.0
77476,244.0,98.0,153.0,147.0
77477,275.0,80.0,159.0,146.0
77478,249.0,66.0,152.0,141.0
77479,241.0,81.0,133.0,149.0
77480,241.0,108.0,140.0,144.0
77481,235.0,203.0,137.0,144.0
77482,276.0,127.0,160.0,146.0
77483,247.0,211.0,142.0,156.0
77484,254.0,215.0,143.0,146.0
77485,229.0,112.0,131.0,126.0
77486,247.0,165.0,147.0,127.0
77487,233.0,71.0,135.0,123.0
77488,248.0,155.0,157.0,136.0
77489,265.0,145.0,147.0,151.0
77490,268.0,242.0,157.0,152.0
77491,221.0,104.0,115.0,123.0
77492,234.0,98.0,130.0,128.0
77493,250.0,64.0,142.0,136.0
77494,253.0,103.0,156.0,138.0
77495,269.0,116.0,155.0,148.0
77496,247.0,117.0,131.0,112.0
77497,231.0,119.0,137.0,135.0
77498,267.0,226.0,159.0,154.0
77499,245.0,98.0,138.0,134.0
77500,248.0,97.0,126.0,139.0
77501,234.0,117.0,136.0,135.0
77502,233.0,107.0,134.0,127.0
77503,245.0,140.0,146.0,134.0
77504,263.0,137.0,133.0,151.0
77505,274.0,231.0,149.0,148.0
77506,243.0,139.0,134.0,144.0
77507,249.0,218.0,129.0,139.0
77508,277.0,146.0,154.0,154.0
77509,239.0,127.0,135.0,125.0
77510,245.0,97.0,129.0,140.0
77511,248.0,108.0,133.0,142.0
77512,225.0,137.0,125.0,123.0
77513,233.0,88.0,134.0,117.0
77514,251.0,73.0,155.0,152.0
77515,229.0,218.0,130.0,128.0
77516,247.0,82.0,137.0,140.0
77517,260.0,99.0,153.0,142.0
77518,253.0,213.0,137.0,146.0
77519,267.0,227.0,145.0,168.0
77520,246.0,231.0,142.0,140.0
77521,244.0,144.0,150.0,147.0
77522,251.0,121.0,125.0,150.0
77523,250.0,216.0,147.0,135.0
77524,244.0,113.0,126.0,135.0
77525,224.0,213.0,142.0,127.0
77526,249.0,123.0,159.0,121.0
77527,242.0,154.0,138.0,127.0
77528,248.0,192.0,133.0,140.0
77529,244.0,134.0,132.0,140.0
77530,268.0,96.0,149.0,151.0
77531,239.0,111.0,134.0,134.0
77532,272.0,134.0,150.0,161.0
77533,266.0,248.0,161.0,146.0
77534,229.0,75.0,125.0,128.0
77535,218.0,115.0,126.0,122.0
77536,261.0,85.0,134.0,153.0
77537,262.0,138.0,140.0,154.0
77538,251.0,99.0,145.0,144.0
77539,261.0,234.0,128.0,141.0
77540,257.0,141.0,151.0,138.0
77541,256.0,219.0,165.0,155.0
77542,267.0,92.0,166.0,155.0
77543,254.0,106.0,149.0,143.0
77544,248.0,103.0,133.0,151.0
77545,244.0,133.0,126.0,135.0
77546,250.0,221.0,133.0,140.0
77547,243.0,113.0,142.0,140.0
77548,239.0,228.0,127.0,128.0
77549,250.0,91.0,131.0,142.0
77550,244.0,210.0,132.0,127.0
77551,274.0,110.0,153.0,147.0
77552,262.0,236.0,140.0,140.0
77553,260.0,100.0,134.0,148.0
77554,262.0,118.0,146.0,154.0
77555,242.0,96.0,148.0,134.0
77556,256.0,122.0,130.0,149.0
77557,259.0,70.0,148.0,145.0
77558,233.0,93.0,127.0,139.0
77559,260.0,127.0,153.0,136.0
77560,253.0,122.0,151.0,146.0
77561,252.0,84.0,131.0,144.0
77562,244.0,99.0,135.0,141.0
77563,258.0,89.0,155.0,144.0
77564,247.0,95.0,136.0,141.0
77565,236.0,183.0,144.0,140.0
77566,241.0,150.0,132.0,139.0
77567,256.0,165.0,145.0,140.0
77568,258.0,77.0,150.0,141.0
77569,243.0,72.0,130.0,131.0
77570,240.0,101.0,126.0,135.0
77571,255.0,134.0,161.0,136.0
77572,249.0,107.0,132.0,133.0
77573,273.0,92.0,151.0,159.0
77574,247.0,213.0,137.0,137.0
77575,262.0,228.0,158.0,155.0
77576,233.0,70.0,134.0,133.0
77577,244.0,206.0,152.0,123.0
77578,245.0,142.0,146.0,138.0
77579,256.0,104.0,149.0,150.0
77580,249.0,148.0,142.0,141.0
77581,256.0,106.0,150.0,132.0
77582,228.0,123.0,102.0,142.0
77583,242.0,99.0,144.0,132.0
77584,271.0,121.0,152.0,161.0
77585,249.0,112.0,135.0,137.0
77586,220.0,200.0,126.0,121.0
77587,259.0,98.0,153.0,135.0
77588,254.0,212.0,139.0,144.0
77589,252.0,132.0,140.0,133.0
77590,268.0,180.0,159.0,141.0
77591,265.0,88.0,144.0,149.0
77592,241.0,88.0,131.0,120.0
77593,256.0,124.0,147.0,148.0
77594,255.0,98.0,131.0,137.0
77595,252.0,93.0,139.0,128.0
77596,239.0,114.0,132.0,129.0
77597,269.0,114.0,147.0,170.0
77598,250.0,154.0,138.0,137.0
77599,244.0,120.0,135.0,126.0
77600,280.0,265.0,159.0,160.0
77601,255.0,158.0,151.0,145.0
77602,260.0,166.0,142.0,150.0
77603,237.0,133.0,138.0,128.0
77604,256.0,213.0,146.0,146.0
77605,244.0,216.0,130.0,146.0
77606,266.0,152.0,138.0,154.0
77607,251.0,122.0,127.0,152.0
77608,271.0,92.0,160.0,147.0
77609,268.0,121.0,151.0,149.0
77610,256.0,100.0,133.0,149.0
77611,234.0,115.0,134.0,121.0
77612,245.0,97.0,135.0,139.0
77613,253.0,217.0,144.0,153.0
77614,264.0,140.0,153.0,152.0
77615,251.0,121.0,144.0,145.0
77616,268.0,246.0,170.0,174.0
77617,256.0,70.0,141.0,123.0
77618,250.0,115.0,134.0,129.0
77619,238.0,97.0,123.0,136.0
77620,254.0,217.0,138.0,141.0
77621,253.0,101.0,136.0,140.0
77622,246.0,82.0,143.0,138.0
77623,256.0,224.0,146.0,142.0
77624,244.0,208.0,137.0,157.0
77625,231.0,111.0,132.0,135.0
77626,263.0,231.0,155.0,147.0
77627,251.0,65.0,141.0,148.0
77628,218.0,84.0,139.0,122.0
77629,260.0,92.0,151.0,158.0
77630,234.0,115.0,122.0,122.0
77631,257.0,100.0,157.0,137.0
77632,263.0,140.0,136.0,146.0
77633,237.0,128.0,134.0,142.0
77634,271.0,112.0,150.0,149.0
77635,231.0,83.0,135.0,140.0
77636,234.0,191.0,128.0,112.0
77637,239.0,196.0,125.0,140.0
77638,242.0,80.0,136.0,153.0
77639,268.0,137.0,162.0,146.0
77640,258.0,212.0,140.0,154.0
77641,266.0,253.0,145.0,150.0
77642,245.0,238.0,146.0,145.0
77643,261.0,148.0,146.0,145.0
77644,236.0,85.0,139.0,139.0
77645,273.0,102.0,147.0,177.0
77646,261.0,125.0,143.0,137.0
77647,247.0,164.0,135.0,142.0
77648,264.0,88.0,139.0,154.0
77649,260.0,151.0,156.0,146.0
77650,242.0,65.0,136.0,132.0
77651,240.0,114.0,156.0,150.0
77652,247.0,210.0,135.0,135.0
77653,256.0,94.0,151.0,154.0
77654,252.0,108.0,155.0,131.0
77655,241.0,109.0,143.0,129.0
77656,234.0,66.0,133.0,131.0
77657,248.0,131.0,142.0,138.0
77658,233.0,138.0,130.0,125.0
77659,274.0,242.0,159.0,147.0
77660,241.0,146.0,141.0,132.0
77661,240.0,109.0,131.0,135.0
77662,257.0,82.0,146.0,144.0
77663,247.0,226.0,121.0,134.0
77664,291.0,156.0,161.0,160.0
77665,241.0,101.0,141.0,127.0
77666,263.0,133.0,152.0,158.0
77667,256.0,247.0,147.0,144.0
77668,245.0,100.0,131.0,135.0
77669,251.0,117.0,142.0,135.0
77670,227.0,63.0,139.0,130.0
77671,236.0,80.0,131.0,134.0
77672,253.0,121.0,136.0,137.0
77673,247.0,217.0,130.0,143.0
77674,262.0,96.0,153.0,148.0
77675,234.0,135.0,132.0,122.0
77676,230.0,136.0,136.0,129.0
77677,245.0,139.0,138.0,137.0
77678,272.0,108.0,153.0,155.0
77679,265.0,98.0,134.0,141.0
77680,254.0,81.0,141.0,136.0
77681,252.0,144.0,147.0,133.0
77682,238.0,86.0,142.0,124.0
77683,252.0,235.0,141.0,139.0
77684,262.0,245.0,148.0,152.0
77685,251.0,111.0,142.0,135.0
77686,250.0,99.0,145.0,149.0
77687,255.0,122.0,147.0,139.0
77688,236.0,209.0,148.0,137.0
77689,240.0,117.0,126.0,132.0
77690,250.0,70.0,145.0,154.0
77691,257.0,151.0,129.0,153.0
77692,252.0,76.0,135.0,149.0
77693,239.0,183.0,137.0,143.0
77694,255.0,108.0,133.0,157.0
77695,248.0,202.0,137.0,141.0
77696,243.0,76.0,154.0,146.0
77697,240.0,103.0,124.0,122.0
77698,235.0,122.0,141.0,138.0
77699,250.0,99.0,134.0,138.0
77700,267.0,143.0,151.0,153.0
77701,241.0,151.0,133.0,140.0
77702,223.0,84.0,116.0,121.0
77703,236.0,79.0,143.0,139.0
77704,239.0,185.0,128.0,154.0
77705,224.0,77.0,140.0,117.0
77706,249.0,153.0,128.0,138.0
77707,235.0,43.0,137.0,133.0
77708,267.0,137.0,144.0,164.0
77709,247.0,230.0,145.0,137.0
77710,267.0,132.0,153.0,144.0
77711,257.0,92.0,149.0,133.0
77712,253.0,120.0,139.0,150.0
77713,226.0,207.0,112.0,126.0
77714,229.0,125.0,133.0,131.0
77715,240.0,203.0,125.0,127.0
77716,239.0,109.0,150.0,123.0
77717,230.0,167.0,121.0,126.0
77718,246.0,156.0,137.0,134.0
77719,286.0,161.0,161.0,171.0
77720,236.0,194.0,131.0,133.0
77721,261.0,97.0,156.0,153.0
77722,230.0,102.0,127.0,132.0
77723,257.0,104.0,142.0,149.0
77724,246.0,111.0,144.0,135.0
77725,263.0,154.0,129.0,150.0
77726,222.0,216.0,140.0,131.0
77727,263.0,195.0,151.0,148.0
77728,245.0,157.0,127.0,126.0
77729,263.0,157.0,148.0,141.0
77730,258.0,79.0,148.0,155.0
77731,266.0,125.0,148.0,165.0
77732,222.0,116.0,121.0,114.0
77733,243.0,203.0,135.0,148.0
77734,240.0,116.0,129.0,150.0
77735,253.0,154.0,136.0,143.0
77736,250.0,93.0,134.0,146.0
77737,230.0,82.0,125.0,118.0
77738,271.0,110.0,148.0,155.0
77739,264.0,91.0,144.0,144.0
77740,233.0,112.0,118.0,133.0
77741,240.0,239.0,123.0,144.0
77742,229.0,85.0,136.0,119.0
77743,240.0,101.0,139.0,144.0
77744,242.0,205.0,133.0,141.0
77745,269.0,232.0,160.0,149.0
77746,228.0,40.0,140.0,137.0
77747,262.0,99.0,163.0,158.0
77748,255.0,106.0,149.0,157.0
77749,252.0,248.0,132.0,129.0
77750,231.0,101.0,141.0,117.0
77751,244.0,230.0,134.0,124.0
77752,247.0,83.0,143.0,135.0
77753,249.0,95.0,119.0,140.0
77754,248.0,121.0,156.0,146.0
77755,282.0,174.0,148.0,156.0
77756,244.0,134.0,142.0,144.0
77757,245.0,147.0,137.0,151.0
77758,266.0,236.0,164.0,153.0
77759,234.0,196.0,135.0,118.0
77760,269.0,98.0,150.0,152.0
77761,225.0,80.0,127.0,126.0
77762,253.0,97.0,127.0,151.0
77763,246.0,107.0,127.0,132.0
77764,239.0,213.0,137.0,134.0
77765,257.0,215.0,142.0,134.0
77766,245.0,212.0,138.0,131.0
77767,260.0,89.0,151.0,156.0
77768,244.0,126.0,159.0,124.0
77769,261.0,113.0,152.0,146.0
77770,247.0,140.0,136.0,131.0
77771,256.0,215.0,143.0,137.0
77772,240.0,220.0,123.0,143.0
77773,244.0,78.0,136.0,139.0
77774,263.0,115.0,158.0,139.0
77775,248.0,203.0,116.0,136.0
77776,240.0,236.0,132.0,132.0
77777,237.0,148.0,135.0,131.0
77778,254.0,95.0,143.0,152.0
77779,235.0,233.0,127.0,137.0
77780,234.0,124.0,125.0,130.0
77781,243.0,201.0,120.0,128.0
77782,274.0,139.0,141.0,173.0
77783,250.0,89.0,130.0,139.0
77784,265.0,240.0,148.0,149.0
77785,255.0,230.0,143.0,140.0
77786,243.0,90.0,143.0,140.0
77787,268.0,245.0,147.0,163.0
77788,242.0,133.0,142.0,146.0
77789,273.0,124.0,140.0,158.0
77790,253.0,114.0,155.0,147.0
77791,231.0,119.0,119.0,122.0
77792,267.0,94.0,145.0,160.0
77793,226.0,127.0,114.0,127.0
77794,270.0,105.0,142.0,159.0
77795,263.0,122.0,157.0,145.0
77796,249.0,105.0,153.0,135.0
77797,247.0,108.0,145.0,139.0
77798,253.0,95.0,143.0,137.0
77799,254.0,221.0,150.0,146.0
77800,241.0,57.0,139.0,130.0
77801,253.0,127.0,129.0,148.0
77802,267.0,254.0,155.0,154.0
77803,255.0,126.0,157.0,147.0
77804,267.0,230.0,159.0,148.0
77805,255.0,76.0,147.0,144.0
77806,230.0,189.0,134.0,127.0
77807,241.0,214.0,136.0,131.0
77808,260.0,102.0,140.0,150.0
77809,237.0,128.0,131.0,135.0
77810,259.0,227.0,145.0,146.0
77811,262.0,236.0,149.0,154.0
77812,265.0,150.0,148.0,157.0
77813,247.0,123.0,142.0,145.0
77814,257.0,95.0,135.0,151.0
77815,249.0,222.0,131.0,140.0
77816,258.0,99.0,128.0,144.0
77817,249.0,107.0,132.0,142.0
77818,249.0,126.0,131.0,145.0
77819,237.0,82.0,134.0,123.0
77820,247.0,126.0,147.0,147.0
77821,258.0,110.0,147.0,143.0
77822,266.0,156.0,144.0,152.0
77823,259.0,158.0,150.0,134.0
77824,234.0,100.0,122.0,131.0
77825,247.0,80.0,129.0,142.0
77826,255.0,149.0,139.0,143.0
77827,291.0,174.0,145.0,161.0
77828,261.0,102.0,141.0,147.0
77829,239.0,83.0,146.0,141.0
77830,236.0,66.0,123.0,135.0
77831,264.0,95.0,149.0,154.0
77832,258.0,125.0,143.0,139.0
77833,229.0,196.0,132.0,124.0
77834,266.0,104.0,149.0,138.0
77835,281.0,251.0,163.0,167.0
77836,259.0,77.0,155.0,131.0
77837,252.0,69.0,151.0,143.0
77838,261.0,108.0,138.0,139.0
77839,234.0,98.0,120.0,142.0
77840,259.0,119.0,146.0,142.0
77841,244.0,92.0,133.0,132.0
77842,248.0,108.0,140.0,155.0
77843,247.0,195.0,144.0,139.0
77844,234.0,179.0,128.0,133.0
77845,245.0,148.0,134.0,131.0
77846,255.0,119.0,153.0,144.0
77847,267.0,110.0,155.0,145.0
77848,247.0,107.0,136.0,136.0
77849,246.0,125.0,132.0,146.0
77850,244.0,153.0,136.0,149.0
77851,248.0,243.0,149.0,149.0
77852,241.0,210.0,151.0,138.0
77853,257.0,155.0,141.0,142.0
77854,259.0,210.0,135.0,154.0
77855,239.0,84.0,138.0,136.0
77856,242.0,203.0,131.0,131.0
77857,231.0,110.0,137.0,143.0
77858,247.0,111.0,141.0,147.0
77859,230.0,111.0,138.0,128.0
77860,256.0,67.0,138.0,132.0
77861,252.0,126.0,130.0,137.0
77862,250.0,121.0,135.0,141.0
77863,258.0,219.0,149.0,143.0
77864,247.0,99.0,144.0,126.0
77865,250.0,56.0,134.0,135.0
77866,260.0,256.0,149.0,153.0
77867,249.0,126.0,133.0,149.0
77868,236.0,121.0,134.0,136.0
77869,265.0,107.0,143.0,153.0
77870,245.0,94.0,135.0,138.0
77871,235.0,73.0,140.0,134.0
77872,242.0,236.0,129.0,145.0
77873,245.0,78.0,146.0,118.0
77874,230.0,138.0,137.0,133.0
77875,256.0,137.0,153.0,127.0
77876,270.0,110.0,158.0,149.0
77877,276.0,141.0,150.0,138.0
77878,238.0,105.0,141.0,146.0
77879,259.0,79.0,146.0,154.0
77880,278.0,269.0,153.0,133.0
77881,242.0,90.0,138.0,138.0
77882,254.0,90.0,146.0,141.0
77883,260.0,146.0,135.0,153.0
77884,235.0,131.0,140.0,142.0
77885,240.0,152.0,134.0,129.0
77886,230.0,198.0,127.0,128.0
77887,235.0,230.0,128.0,141.0
77888,236.0,90.0,145.0,127.0
77889,252.0,119.0,153.0,134.0
77890,254.0,120.0,147.0,141.0
77891,241.0,95.0,125.0,127.0
77892,253.0,113.0,129.0,141.0
77893,230.0,64.0,133.0,151.0
77894,239.0,80.0,136.0,151.0
77895,243.0,91.0,147.0,139.0
77896,267.0,107.0,148.0,141.0
77897,268.0,76.0,148.0,140.0
77898,251.0,130.0,137.0,131.0
77899,279.0,123.0,163.0,158.0
77900,240.0,111.0,134.0,128.0
77901,255.0,146.0,155.0,141.0
77902,270.0,125.0,168.0,154.0
77903,233.0,43.0,124.0,137.0
77904,255.0,149.0,141.0,145.0
77905,251.0,84.0,149.0,136.0
77906,252.0,107.0,135.0,143.0
77907,239.0,138.0,129.0,135.0
77908,224.0,100.0,121.0,136.0
77909,236.0,80.0,137.0,138.0
77910,255.0,118.0,145.0,142.0
77911,285.0,133.0,167.0,154.0
77912,251.0,69.0,144.0,138.0
77913,247.0,154.0,136.0,126.0
77914,244.0,84.0,127.0,142.0
77915,291.0,144.0,160.0,179.0
77916,256.0,255.0,157.0,129.0
77917,259.0,90.0,146.0,135.0
77918,230.0,88.0,127.0,125.0
77919,243.0,101.0,137.0,142.0
77920,256.0,69.0,134.0,140.0
77921,251.0,125.0,147.0,143.0
77922,255.0,90.0,145.0,142.0
77923,243.0,217.0,143.0,135.0
77924,276.0,131.0,137.0,141.0
77925,264.0,150.0,146.0,149.0
77926,251.0,124.0,144.0,148.0
77927,235.0,200.0,129.0,129.0
77928,269.0,129.0,156.0,162.0
77929,256.0,120.0,150.0,139.0
77930,264.0,238.0,144.0,150.0
77931,246.0,230.0,137.0,145.0
77932,243.0,99.0,123.0,127.0
77933,259.0,108.0,152.0,156.0
77934,254.0,107.0,140.0,152.0
77935,240.0,78.0,134.0,139.0
77936,238.0,203.0,130.0,126.0
77937,262.0,227.0,156.0,145.0
77938,243.0,177.0,129.0,139.0
77939,261.0,213.0,137.0,154.0
77940,268.0,218.0,152.0,147.0
77941,261.0,211.0,145.0,161.0
77942,252.0,64.0,129.0,155.0
77943,264.0,91.0,139.0,151.0
77944,250.0,185.0,139.0,136.0
77945,259.0,53.0,143.0,157.0
77946,213.0,212.0,120.0,108.0
77947,256.0,107.0,151.0,150.0
77948,249.0,147.0,145.0,134.0
77949,225.0,181.0,136.0,129.0
77950,267.0,116.0,162.0,148.0
77951,245.0,117.0,126.0,125.0
77952,257.0,212.0,141.0,144.0
77953,244.0,105.0,131.0,128.0
77954,256.0,76.0,145.0,154.0
77955,255.0,71.0,150.0,129.0
77956,263.0,116.0,151.0,130.0
77957,227.0,103.0,132.0,136.0
77958,245.0,139.0,139.0,136.0
77959,277.0,267.0,157.0,161.0
77960,245.0,218.0,136.0,137.0
77961,227.0,101.0,114.0,119.0
77962,237.0,190.0,144.0,139.0
77963,244.0,92.0,134.0,139.0
77964,269.0,219.0,162.0,143.0
77965,217.0,186.0,130.0,126.0
77966,257.0,135.0,142.0,141.0
77967,260.0,109.0,141.0,148.0
77968,268.0,156.0,150.0,140.0
77969,248.0,106.0,146.0,142.0
77970,253.0,138.0,140.0,127.0
77971,244.0,96.0,155.0,135.0
77972,261.0,114.0,166.0,155.0
77973,267.0,106.0,147.0,153.0
77974,258.0,218.0,149.0,140.0
77975,246.0,121.0,147.0,124.0
77976,263.0,103.0,146.0,150.0
77977,245.0,74.0,133.0,155.0
77978,232.0,96.0,138.0,135.0
77979,251.0,100.0,120.0,136.0
77980,260.0,103.0,140.0,147.0
77981,236.0,96.0,135.0,134.0
77982,257.0,97.0,146.0,152.0
77983,271.0,232.0,154.0,154.0
77984,280.0,81.0,168.0,169.0
77985,246.0,82.0,137.0,130.0
77986,228.0,39.0,131.0,134.0
77987,250.0,166.0,122.0,136.0
77988,257.0,171.0,145.0,149.0
77989,230.0,111.0,126.0,127.0
77990,268.0,241.0,149.0,149.0
77991,249.0,140.0,140.0,140.0
77992,267.0,167.0,159.0,142.0
77993,228.0,138.0,113.0,110.0
77994,247.0,217.0,145.0,144.0
77995,244.0,212.0,143.0,131.0
77996,234.0,198.0,137.0,138.0
77997,249.0,109.0,145.0,139.0
77998,280.0,240.0,151.0,171.0
77999,234.0,199.0,131.0,132.0
78000,245.0,219.0,129.0,145.0
78001,246.0,77.0,149.0,136.0
78002,252.0,163.0,135.0,133.0
78003,237.0,98.0,127.0,134.0
78004,245.0,105.0,128.0,140.0
78005,245.0,100.0,130.0,123.0
78006,250.0,149.0,133.0,154.0
78007,249.0,114.0,132.0,143.0
78008,267.0,125.0,156.0,153.0
78009,252.0,105.0,135.0,126.0
78010,245.0,98.0,145.0,137.0
78011,244.0,112.0,148.0,133.0
78012,241.0,92.0,125.0,130.0
78013,234.0,96.0,128.0,130.0
78014,238.0,115.0,138.0,127.0
78015,259.0,162.0,142.0,138.0
78016,232.0,211.0,132.0,130.0
78017,237.0,146.0,133.0,139.0
78018,264.0,106.0,135.0,141.0
78019,268.0,139.0,149.0,157.0
78020,253.0,111.0,150.0,146.0
78021,242.0,211.0,162.0,149.0
78022,256.0,207.0,153.0,151.0
78023,227.0,91.0,123.0,135.0
78024,277.0,144.0,157.0,164.0
78025,246.0,104.0,139.0,145.0
78026,252.0,61.0,153.0,121.0
78027,263.0,220.0,152.0,155.0
78028,258.0,227.0,149.0,147.0
78029,245.0,216.0,126.0,128.0
78030,253.0,103.0,144.0,148.0
78031,243.0,201.0,147.0,134.0
78032,255.0,93.0,145.0,158.0
78033,250.0,94.0,143.0,136.0
78034,262.0,144.0,156.0,141.0
78035,246.0,206.0,152.0,133.0
78036,247.0,53.0,152.0,139.0
78037,252.0,218.0,140.0,140.0
78038,235.0,51.0,137.0,120.0
78039,254.0,111.0,139.0,146.0
78040,253.0,98.0,134.0,144.0
78041,249.0,153.0,131.0,150.0
78042,254.0,128.0,131.0,152.0
78043,258.0,151.0,138.0,129.0
78044,278.0,102.0,147.0,150.0
78045,256.0,101.0,119.0,145.0
78046,244.0,76.0,129.0,138.0
78047,248.0,123.0,137.0,140.0
78048,263.0,109.0,156.0,151.0
78049,241.0,121.0,128.0,130.0
78050,246.0,118.0,146.0,142.0
78051,225.0,66.0,121.0,132.0
78052,257.0,113.0,164.0,145.0
78053,252.0,145.0,147.0,139.0
78054,249.0,143.0,143.0,144.0
78055,243.0,234.0,137.0,141.0
78056,260.0,129.0,158.0,139.0
78057,269.0,131.0,162.0,152.0
78058,238.0,75.0,127.0,130.0
78059,258.0,102.0,145.0,154.0
78060,247.0,205.0,130.0,134.0
78061,276.0,66.0,164.0,146.0
78062,263.0,131.0,138.0,145.0
78063,238.0,109.0,132.0,135.0
78064,251.0,106.0,147.0,150.0
78065,253.0,130.0,143.0,139.0
78066,243.0,105.0,126.0,136.0
78067,279.0,138.0,133.0,155.0
78068,264.0,209.0,142.0,180.0
78069,238.0,209.0,133.0,135.0
78070,257.0,232.0,151.0,140.0
78071,260.0,157.0,139.0,140.0
78072,278.0,86.0,146.0,162.0
78073,237.0,237.0,135.0,141.0
78074,260.0,96.0,153.0,148.0
78075,247.0,65.0,125.0,130.0
78076,244.0,135.0,149.0,136.0
78077,271.0,217.0,157.0,154.0
78078,222.0,111.0,116.0,112.0
78079,252.0,145.0,138.0,144.0
78080,229.0,111.0,122.0,132.0
78081,257.0,226.0,147.0,143.0
78082,257.0,113.0,135.0,138.0
78083,226.0,86.0,131.0,132.0
78084,234.0,72.0,132.0,131.0
78085,251.0,120.0,132.0,140.0
78086,251.0,136.0,151.0,145.0
78087,230.0,81.0,141.0,131.0
78088,245.0,71.0,132.0,147.0
78089,235.0,131.0,127.0,125.0
78090,286.0,110.0,148.0,171.0
78091,247.0,213.0,143.0,146.0
78092,248.0,128.0,137.0,150.0
78093,247.0,83.0,137.0,141.0
78094,255.0,130.0,148.0,146.0
78095,244.0,87.0,142.0,136.0
78096,266.0,150.0,156.0,157.0
78097,267.0,155.0,151.0,148.0
78098,238.0,217.0,143.0,133.0
78099,262.0,223.0,147.0,135.0
78100,243.0,149.0,139.0,141.0
78101,228.0,198.0,124.0,117.0
78102,250.0,94.0,129.0,154.0
78103,255.0,110.0,140.0,142.0
78104,249.0,103.0,138.0,131.0
78105,244.0,201.0,147.0,135.0
78106,241.0,115.0,141.0,131.0
78107,263.0,110.0,138.0,138.0
78108,251.0,112.0,142.0,126.0
78109,263.0,120.0,140.0,151.0
78110,253.0,174.0,154.0,139.0
78111,250.0,111.0,143.0,118.0
78112,263.0,112.0,155.0,145.0
78113,248.0,126.0,143.0,134.0
78114,228.0,104.0,133.0,135.0
78115,259.0,114.0,144.0,132.0
78116,258.0,110.0,141.0,148.0
78117,241.0,84.0,140.0,128.0
78118,232.0,82.0,114.0,129.0
78119,252.0,126.0,135.0,144.0
78120,233.0,86.0,128.0,122.0
78121,247.0,134.0,142.0,139.0
78122,264.0,102.0,139.0,163.0
78123,230.0,197.0,119.0,127.0
78124,242.0,104.0,138.0,129.0
78125,276.0,84.0,157.0,149.0
78126,284.0,97.0,174.0,164.0
78127,261.0,82.0,147.0,153.0
78128,274.0,76.0,154.0,160.0
78129,240.0,77.0,146.0,133.0
78130,245.0,102.0,131.0,140.0
78131,253.0,115.0,140.0,138.0
78132,262.0,95.0,160.0,135.0
78133,232.0,211.0,128.0,125.0
78134,255.0,99.0,135.0,144.0
78135,245.0,74.0,146.0,143.0
78136,238.0,81.0,135.0,135.0
78137,247.0,150.0,138.0,139.0
78138,250.0,110.0,146.0,148.0
78139,251.0,212.0,138.0,147.0
78140,267.0,125.0,156.0,144.0
78141,281.0,136.0,173.0,157.0
78142,275.0,94.0,158.0,148.0
78143,279.0,242.0,159.0,148.0
78144,266.0,243.0,146.0,151.0
78145,269.0,127.0,153.0,163.0
78146,253.0,253.0,158.0,143.0
78147,260.0,163.0,148.0,145.0
78148,233.0,118.0,142.0,140.0
78149,266.0,132.0,141.0,155.0
78150,263.0,218.0,152.0,140.0
78151,254.0,101.0,149.0,142.0
78152,243.0,136.0,137.0,122.0
78153,243.0,96.0,128.0,143.0
78154,256.0,104.0,136.0,146.0
78155,237.0,213.0,137.0,129.0
78156,243.0,78.0,132.0,130.0
78157,251.0,92.0,157.0,139.0
78158,251.0,111.0,151.0,134.0
78159,230.0,69.0,126.0,125.0
78160,244.0,119.0,138.0,137.0
78161,243.0,104.0,146.0,127.0
78162,217.0,103.0,115.0,121.0
78163,230.0,136.0,128.0,134.0
78164,239.0,227.0,151.0,136.0
78165,261.0,171.0,154.0,146.0
78166,230.0,199.0,131.0,139.0
78167,251.0,100.0,139.0,129.0
78168,239.0,91.0,135.0,136.0
78169,276.0,229.0,151.0,148.0
78170,262.0,83.0,147.0,157.0
78171,249.0,76.0,153.0,146.0
78172,262.0,173.0,162.0,134.0
78173,241.0,61.0,137.0,139.0
78174,260.0,174.0,135.0,155.0
78175,271.0,144.0,157.0,147.0
78176,238.0,130.0,134.0,137.0
78177,248.0,96.0,142.0,149.0
78178,250.0,208.0,145.0,150.0
78179,226.0,211.0,122.0,124.0
78180,242.0,65.0,127.0,123.0
78181,260.0,115.0,139.0,146.0
78182,234.0,234.0,140.0,151.0
78183,238.0,95.0,139.0,140.0
78184,261.0,145.0,148.0,148.0
78185,226.0,165.0,120.0,121.0
78186,244.0,112.0,131.0,136.0
78187,266.0,148.0,145.0,147.0
78188,269.0,232.0,164.0,147.0
78189,245.0,100.0,147.0,140.0
78190,235.0,66.0,135.0,140.0
78191,222.0,191.0,137.0,135.0
78192,247.0,109.0,132.0,135.0
78193,260.0,145.0,132.0,147.0
78194,239.0,135.0,141.0,131.0
78195,257.0,49.0,160.0,142.0
78196,243.0,116.0,137.0,142.0
78197,245.0,113.0,151.0,136.0
78198,242.0,100.0,141.0,149.0
78199,269.0,124.0,160.0,151.0
78200,262.0,103.0,149.0,152.0
78201,265.0,118.0,141.0,144.0
78202,244.0,142.0,145.0,120.0
78203,258.0,128.0,154.0,147.0
78204,239.0,125.0,129.0,137.0
78205,256.0,117.0,157.0,149.0
78206,252.0,94.0,150.0,135.0
78207,272.0,234.0,133.0,144.0
78208,253.0,132.0,143.0,143.0
78209,229.0,69.0,147.0,134.0
78210,261.0,79.0,140.0,138.0
78211,263.0,96.0,152.0,156.0
78212,245.0,111.0,120.0,126.0
78213,247.0,134.0,126.0,136.0
78214,259.0,78.0,149.0,148.0
78215,256.0,103.0,133.0,140.0
78216,240.0,199.0,150.0,140.0
78217,246.0,146.0,140.0,134.0
78218,244.0,132.0,143.0,142.0
78219,269.0,135.0,150.0,151.0
78220,265.0,166.0,145.0,156.0
78221,245.0,148.0,135.0,153.0
78222,242.0,96.0,130.0,133.0
78223,250.0,151.0,142.0,141.0
78224,238.0,74.0,137.0,130.0
78225,273.0,160.0,164.0,150.0
78226,247.0,110.0,146.0,148.0
78227,236.0,107.0,130.0,133.0
78228,217.0,141.0,111.0,124.0
78229,256.0,215.0,150.0,136.0
78230,252.0,175.0,132.0,125.0
78231,251.0,112.0,140.0,152.0
78232,242.0,81.0,141.0,140.0
78233,260.0,179.0,137.0,153.0
78234,225.0,54.0,126.0,123.0
78235,282.0,194.0,190.0,170.0
78236,268.0,114.0,146.0,151.0
78237,248.0,222.0,145.0,143.0
78238,250.0,234.0,147.0,126.0
78239,270.0,128.0,136.0,156.0
78240,245.0,105.0,149.0,145.0
78241,252.0,99.0,149.0,148.0
78242,252.0,108.0,135.0,133.0
78243,265.0,107.0,148.0,146.0
78244,252.0,112.0,145.0,137.0
78245,267.0,99.0,142.0,157.0
78246,235.0,93.0,121.0,128.0
78247,235.0,93.0,140.0,133.0
78248,250.0,109.0,145.0,136.0
78249,245.0,102.0,126.0,126.0
78250,251.0,122.0,127.0,137.0
78251,261.0,223.0,146.0,148.0
78252,234.0,185.0,132.0,122.0
78253,248.0,140.0,126.0,125.0
78254,251.0,95.0,162.0,131.0
78255,253.0,121.0,139.0,151.0
78256,258.0,143.0,160.0,144.0
78257,223.0,106.0,118.0,128.0
78258,246.0,78.0,140.0,141.0
78259,281.0,131.0,151.0,158.0
78260,259.0,117.0,143.0,152.0
78261,252.0,132.0,144.0,136.0
78262,252.0,152.0,143.0,149.0
78263,252.0,95.0,147.0,136.0
78264,237.0,91.0,129.0,130.0
78265,262.0,245.0,150.0,142.0
78266,251.0,118.0,131.0,134.0
78267,269.0,234.0,147.0,135.0
78268,260.0,110.0,128.0,140.0
78269,247.0,211.0,144.0,135.0
78270,242.0,134.0,120.0,137.0
78271,264.0,223.0,151.0,142.0
78272,258.0,70.0,140.0,153.0
78273,249.0,249.0,139.0,148.0
78274,265.0,126.0,146.0,154.0
78275,256.0,85.0,139.0,154.0
78276,240.0,111.0,132.0,143.0
78277,243.0,112.0,140.0,128.0
78278,241.0,126.0,143.0,126.0
78279,244.0,110.0,137.0,137.0
78280,235.0,74.0,125.0,128.0
78281,255.0,108.0,153.0,143.0
78282,238.0,111.0,144.0,129.0
78283,270.0,98.0,143.0,156.0
78284,229.0,95.0,120.0,132.0
78285,249.0,121.0,155.0,145.0
78286,257.0,141.0,129.0,136.0
78287,265.0,144.0,137.0,164.0
78288,230.0,88.0,121.0,125.0
78289,272.0,72.0,145.0,140.0
78290,248.0,108.0,133.0,136.0
78291,272.0,124.0,149.0,145.0
78292,256.0,105.0,145.0,150.0
78293,252.0,122.0,138.0,146.0
78294,259.0,240.0,149.0,148.0
78295,251.0,211.0,129.0,143.0
78296,247.0,95.0,138.0,138.0
78297,232.0,185.0,132.0,134.0
78298,265.0,223.0,158.0,139.0
78299,250.0,144.0,136.0,134.0
78300,254.0,118.0,126.0,129.0
78301,228.0,66.0,129.0,128.0
78302,256.0,146.0,152.0,123.0
78303,236.0,124.0,121.0,144.0
78304,251.0,241.0,149.0,148.0
78305,235.0,135.0,136.0,126.0
78306,248.0,218.0,151.0,129.0
78307,243.0,102.0,135.0,129.0
78308,238.0,197.0,136.0,138.0
78309,236.0,81.0,127.0,134.0
78310,246.0,96.0,137.0,140.0
78311,267.0,127.0,142.0,144.0
78312,238.0,105.0,140.0,138.0
78313,247.0,122.0,118.0,135.0
78314,261.0,223.0,149.0,159.0
78315,253.0,88.0,147.0,145.0
78316,241.0,85.0,132.0,128.0
78317,247.0,104.0,139.0,143.0
78318,270.0,94.0,146.0,156.0
78319,256.0,106.0,148.0,136.0
78320,240.0,117.0,133.0,127.0
78321,250.0,103.0,131.0,146.0
78322,247.0,112.0,141.0,142.0
78323,254.0,149.0,146.0,139.0
78324,262.0,117.0,151.0,132.0
78325,228.0,85.0,140.0,139.0
78326,253.0,112.0,138.0,145.0
78327,237.0,108.0,121.0,126.0
78328,232.0,59.0,129.0,142.0
78329,240.0,92.0,133.0,146.0
78330,244.0,131.0,143.0,150.0
78331,258.0,167.0,144.0,120.0
78332,251.0,211.0,142.0,145.0
78333,268.0,241.0,153.0,152.0
78334,246.0,131.0,151.0,152.0
78335,256.0,98.0,154.0,154.0
78336,227.0,105.0,131.0,113.0
78337,251.0,244.0,144.0,150.0
78338,266.0,237.0,154.0,155.0
78339,237.0,202.0,130.0,139.0
78340,250.0,107.0,150.0,140.0
78341,221.0,65.0,129.0,129.0
78342,219.0,201.0,125.0,113.0
78343,257.0,96.0,141.0,140.0
78344,244.0,109.0,137.0,135.0
78345,275.0,108.0,157.0,145.0
78346,251.0,77.0,154.0,140.0
78347,260.0,131.0,146.0,150.0
78348,237.0,196.0,131.0,141.0
78349,250.0,98.0,144.0,145.0
78350,253.0,143.0,147.0,139.0
78351,246.0,93.0,145.0,136.0
78352,234.0,110.0,131.0,156.0
78353,249.0,83.0,146.0,140.0
78354,250.0,80.0,133.0,136.0
78355,246.0,129.0,147.0,143.0
78356,280.0,185.0,159.0,157.0
78357,255.0,139.0,135.0,142.0
78358,275.0,138.0,162.0,162.0
78359,237.0,221.0,137.0,137.0
78360,247.0,49.0,132.0,146.0
78361,257.0,141.0,148.0,147.0
78362,229.0,125.0,136.0,129.0
78363,259.0,149.0,137.0,130.0
78364,238.0,119.0,125.0,129.0
78365,259.0,154.0,134.0,147.0
78366,259.0,132.0,150.0,123.0
78367,253.0,136.0,134.0,141.0
78368,243.0,126.0,123.0,147.0
78369,239.0,173.0,132.0,129.0
78370,263.0,166.0,150.0,155.0
78371,250.0,117.0,130.0,117.0
78372,240.0,107.0,148.0,134.0
78373,272.0,146.0,157.0,149.0
78374,253.0,77.0,138.0,149.0
78375,232.0,71.0,135.0,134.0
78376,270.0,178.0,150.0,167.0
78377,240.0,219.0,132.0,135.0
78378,274.0,138.0,169.0,150.0
78379,231.0,75.0,120.0,121.0
78380,259.0,101.0,148.0,138.0
78381,256.0,118.0,138.0,148.0
78382,264.0,163.0,149.0,139.0
78383,241.0,228.0,136.0,119.0
78384,240.0,91.0,129.0,134.0
78385,251.0,81.0,134.0,151.0
78386,219.0,86.0,128.0,125.0
78387,242.0,199.0,138.0,132.0
78388,248.0,143.0,144.0,136.0
78389,240.0,84.0,136.0,138.0
78390,236.0,77.0,131.0,130.0
78391,264.0,136.0,161.0,148.0
78392,231.0,211.0,137.0,137.0
78393,248.0,219.0,128.0,128.0
78394,258.0,150.0,143.0,158.0
78395,252.0,226.0,146.0,140.0
78396,231.0,67.0,121.0,130.0
78397,253.0,80.0,138.0,150.0
78398,251.0,83.0,149.0,139.0
78399,237.0,93.0,122.0,129.0
78400,270.0,103.0,157.0,158.0
78401,247.0,127.0,140.0,132.0
78402,261.0,150.0,151.0,144.0
78403,225.0,118.0,116.0,117.0
78404,248.0,238.0,133.0,130.0
78405,256.0,128.0,154.0,157.0
78406,223.0,101.0,122.0,118.0
78407,244.0,146.0,134.0,137.0
78408,231.0,137.0,133.0,127.0
78409,247.0,220.0,136.0,149.0
78410,231.0,203.0,138.0,126.0
78411,253.0,132.0,131.0,134.0
78412,263.0,119.0,145.0,144.0
78413,275.0,151.0,167.0,149.0
78414,248.0,161.0,143.0,144.0
78415,243.0,144.0,145.0,142.0
78416,260.0,157.0,142.0,145.0
78417,269.0,116.0,145.0,163.0
78418,260.0,100.0,141.0,152.0
78419,231.0,193.0,132.0,133.0
78420,256.0,83.0,140.0,143.0
78421,275.0,140.0,176.0,157.0
78422,241.0,122.0,142.0,133.0
78423,259.0,105.0,137.0,158.0
78424,235.0,196.0,143.0,131.0
78425,252.0,129.0,122.0,134.0
78426,260.0,144.0,147.0,142.0
78427,245.0,228.0,143.0,151.0
78428,223.0,89.0,118.0,116.0
78429,259.0,124.0,125.0,151.0
78430,249.0,90.0,137.0,153.0
78431,267.0,114.0,157.0,143.0
78432,253.0,142.0,154.0,144.0
78433,232.0,67.0,126.0,123.0
78434,237.0,206.0,135.0,125.0
78435,249.0,217.0,144.0,138.0
78436,261.0,260.0,143.0,156.0
78437,248.0,109.0,131.0,142.0
78438,244.0,73.0,131.0,136.0
78439,255.0,113.0,136.0,145.0
78440,259.0,152.0,153.0,142.0
78441,227.0,141.0,126.0,112.0
78442,272.0,239.0,161.0,158.0
78443,245.0,113.0,125.0,135.0
78444,246.0,224.0,144.0,129.0
78445,253.0,148.0,142.0,134.0
78446,249.0,107.0,143.0,136.0
78447,258.0,98.0,133.0,138.0
78448,284.0,100.0,146.0,155.0
78449,239.0,59.0,139.0,136.0
78450,244.0,168.0,132.0,145.0
78451,251.0,153.0,152.0,139.0
78452,268.0,170.0,143.0,147.0
78453,241.0,125.0,144.0,121.0
78454,228.0,100.0,126.0,141.0
78455,245.0,94.0,120.0,129.0
78456,269.0,176.0,154.0,150.0
78457,229.0,85.0,124.0,131.0
78458,238.0,238.0,140.0,125.0
78459,234.0,107.0,132.0,146.0
78460,257.0,72.0,131.0,140.0
78461,231.0,97.0,120.0,128.0
78462,250.0,97.0,153.0,152.0
78463,268.0,226.0,154.0,152.0
78464,261.0,221.0,137.0,139.0
78465,259.0,107.0,137.0,129.0
78466,254.0,117.0,141.0,134.0
78467,256.0,227.0,137.0,148.0
78468,247.0,82.0,123.0,143.0
78469,265.0,123.0,146.0,139.0
78470,224.0,109.0,127.0,134.0
78471,247.0,67.0,147.0,133.0
78472,245.0,147.0,141.0,145.0
78473,264.0,94.0,143.0,139.0
78474,256.0,125.0,129.0,140.0
78475,252.0,106.0,148.0,144.0
78476,276.0,250.0,137.0,149.0
78477,225.0,134.0,127.0,131.0
78478,240.0,213.0,131.0,133.0
78479,249.0,128.0,138.0,139.0
78480,255.0,110.0,120.0,142.0
78481,241.0,199.0,130.0,147.0
78482,250.0,106.0,142.0,135.0
78483,258.0,205.0,155.0,147.0
78484,277.0,104.0,151.0,171.0
78485,245.0,216.0,138.0,123.0
78486,270.0,190.0,155.0,153.0
78487,215.0,105.0,141.0,103.0
78488,247.0,151.0,132.0,139.0
78489,224.0,163.0,130.0,122.0
78490,236.0,198.0,131.0,137.0
78491,250.0,83.0,137.0,141.0
78492,239.0,74.0,130.0,144.0
78493,275.0,234.0,156.0,159.0
78494,244.0,124.0,138.0,140.0
78495,256.0,224.0,154.0,156.0
78496,231.0,99.0,141.0,134.0
78497,280.0,134.0,159.0,145.0
78498,254.0,60.0,145.0,138.0
78499,272.0,143.0,155.0,148.0
78500,251.0,220.0,154.0,131.0
78501,251.0,75.0,136.0,150.0
78502,255.0,109.0,152.0,138.0
78503,265.0,219.0,163.0,156.0
78504,246.0,123.0,142.0,145.0
78505,251.0,84.0,158.0,133.0
78506,288.0,84.0,154.0,161.0
78507,236.0,104.0,142.0,131.0
78508,261.0,233.0,167.0,150.0
78509,244.0,204.0,124.0,152.0
78510,261.0,97.0,131.0,144.0
78511,274.0,260.0,159.0,142.0
78512,225.0,150.0,122.0,130.0
78513,260.0,140.0,126.0,147.0
78514,214.0,68.0,107.0,123.0
78515,239.0,56.0,157.0,135.0
78516,257.0,119.0,148.0,141.0
78517,273.0,61.0,161.0,151.0
78518,261.0,159.0,148.0,153.0
78519,258.0,104.0,161.0,141.0
78520,271.0,123.0,148.0,153.0
78521,254.0,142.0,135.0,141.0
78522,236.0,207.0,125.0,143.0
78523,238.0,123.0,133.0,142.0
78524,259.0,106.0,140.0,144.0
78525,252.0,147.0,147.0,129.0
78526,261.0,131.0,159.0,139.0
78527,261.0,125.0,143.0,157.0
78528,267.0,266.0,156.0,156.0
78529,241.0,166.0,130.0,131.0
78530,254.0,122.0,155.0,142.0
78531,241.0,84.0,126.0,141.0
78532,250.0,113.0,134.0,135.0
78533,243.0,111.0,151.0,138.0
78534,256.0,136.0,154.0,127.0
78535,250.0,216.0,140.0,133.0
78536,242.0,95.0,124.0,133.0
78537,239.0,98.0,136.0,123.0
78538,245.0,89.0,126.0,140.0
78539,250.0,116.0,135.0,139.0
78540,236.0,88.0,145.0,123.0
78541,276.0,162.0,156.0,171.0
78542,243.0,130.0,151.0,159.0
78543,235.0,108.0,123.0,128.0
78544,242.0,89.0,141.0,124.0
78545,233.0,143.0,123.0,140.0
78546,262.0,112.0,141.0,144.0
78547,258.0,220.0,157.0,152.0
78548,231.0,193.0,139.0,144.0
78549,249.0,118.0,142.0,104.0
78550,267.0,109.0,143.0,159.0
78551,240.0,125.0,142.0,138.0
78552,276.0,92.0,165.0,128.0
78553,239.0,79.0,138.0,107.0
78554,260.0,137.0,136.0,146.0
78555,234.0,68.0,130.0,124.0
78556,260.0,121.0,149.0,139.0
78557,239.0,105.0,138.0,131.0
78558,258.0,120.0,145.0,136.0
78559,264.0,227.0,155.0,153.0
78560,236.0,226.0,138.0,127.0
78561,235.0,80.0,126.0,128.0
78562,278.0,132.0,149.0,158.0
78563,278.0,119.0,161.0,159.0
78564,260.0,102.0,149.0,137.0
78565,257.0,115.0,144.0,142.0
78566,256.0,73.0,163.0,134.0
78567,250.0,104.0,147.0,149.0
78568,258.0,106.0,155.0,127.0
78569,257.0,117.0,138.0,146.0
78570,244.0,119.0,147.0,144.0
78571,265.0,96.0,150.0,146.0
78572,230.0,143.0,117.0,129.0
78573,291.0,112.0,164.0,169.0
78574,237.0,122.0,140.0,133.0
78575,250.0,116.0,136.0,131.0
78576,230.0,114.0,113.0,131.0
78577,263.0,214.0,169.0,146.0
78578,232.0,141.0,133.0,114.0
78579,249.0,209.0,132.0,144.0
78580,263.0,232.0,146.0,154.0
78581,254.0,107.0,135.0,139.0
78582,273.0,248.0,157.0,145.0
78583,244.0,98.0,135.0,146.0
78584,260.0,254.0,149.0,147.0
78585,215.0,84.0,124.0,115.0
78586,280.0,114.0,164.0,160.0
78587,259.0,155.0,151.0,143.0
78588,257.0,165.0,140.0,145.0
78589,250.0,112.0,133.0,149.0
78590,235.0,90.0,132.0,127.0
78591,247.0,102.0,140.0,149.0
78592,263.0,72.0,158.0,147.0
78593,233.0,85.0,142.0,115.0
78594,278.0,153.0,147.0,154.0
78595,275.0,125.0,164.0,158.0
78596,240.0,224.0,140.0,127.0
78597,230.0,220.0,124.0,122.0
78598,244.0,201.0,140.0,135.0
78599,245.0,131.0,141.0,137.0
78600,247.0,69.0,152.0,138.0
78601,249.0,104.0,139.0,145.0
78602,273.0,128.0,160.0,144.0
78603,256.0,141.0,141.0,139.0
78604,265.0,130.0,158.0,143.0
78605,252.0,86.0,140.0,127.0
78606,247.0,118.0,134.0,153.0
78607,235.0,110.0,126.0,129.0
78608,262.0,101.0,145.0,145.0
78609,248.0,81.0,158.0,144.0
78610,258.0,90.0,139.0,141.0
78611,238.0,114.0,113.0,133.0
78612,255.0,94.0,140.0,143.0
78613,265.0,125.0,153.0,146.0
78614,252.0,105.0,134.0,148.0
78615,263.0,90.0,141.0,152.0
78616,256.0,243.0,148.0,150.0
78617,243.0,104.0,136.0,133.0
78618,260.0,104.0,150.0,154.0
78619,256.0,96.0,150.0,144.0
78620,251.0,91.0,140.0,147.0
78621,269.0,111.0,142.0,149.0
78622,249.0,123.0,143.0,129.0
78623,244.0,211.0,141.0,142.0
78624,250.0,107.0,117.0,154.0
78625,267.0,100.0,152.0,145.0
78626,256.0,142.0,149.0,137.0
78627,256.0,111.0,145.0,159.0
78628,247.0,132.0,133.0,151.0
78629,256.0,214.0,156.0,144.0
78630,239.0,193.0,122.0,137.0
78631,250.0,204.0,131.0,156.0
78632,247.0,100.0,141.0,138.0
78633,278.0,248.0,161.0,157.0
78634,255.0,224.0,149.0,140.0
78635,242.0,102.0,144.0,134.0
78636,254.0,205.0,151.0,135.0
78637,257.0,247.0,147.0,156.0
78638,241.0,111.0,135.0,142.0
78639,250.0,54.0,143.0,136.0
78640,244.0,137.0,130.0,150.0
78641,253.0,114.0,143.0,144.0
78642,258.0,127.0,141.0,137.0
78643,225.0,68.0,139.0,137.0
78644,233.0,139.0,136.0,134.0
78645,223.0,99.0,121.0,126.0
78646,239.0,128.0,125.0,147.0
78647,267.0,123.0,144.0,145.0
78648,270.0,121.0,163.0,168.0
78649,258.0,115.0,134.0,152.0
78650,225.0,113.0,126.0,139.0
78651,244.0,203.0,137.0,137.0
78652,240.0,115.0,132.0,126.0
78653,257.0,124.0,133.0,157.0
78654,260.0,148.0,162.0,138.0
78655,241.0,109.0,127.0,151.0
78656,271.0,135.0,155.0,157.0
78657,244.0,84.0,132.0,135.0
78658,238.0,158.0,121.0,129.0
78659,239.0,225.0,141.0,134.0
78660,247.0,120.0,134.0,143.0
78661,247.0,209.0,120.0,148.0
78662,252.0,115.0,143.0,143.0
78663,230.0,115.0,121.0,127.0
78664,256.0,78.0,155.0,146.0
78665,239.0,122.0,126.0,132.0
78666,244.0,134.0,135.0,138.0
78667,265.0,107.0,155.0,144.0
78668,242.0,212.0,146.0,138.0
78669,251.0,118.0,143.0,145.0
78670,285.0,176.0,169.0,162.0
78671,244.0,142.0,139.0,132.0
78672,236.0,91.0,127.0,145.0
78673,238.0,62.0,139.0,145.0
78674,251.0,170.0,123.0,138.0
78675,253.0,112.0,142.0,143.0
78676,269.0,233.0,137.0,153.0
78677,256.0,124.0,133.0,137.0
78678,243.0,105.0,144.0,134.0
78679,238.0,90.0,117.0,140.0
78680,229.0,184.0,136.0,130.0
78681,242.0,90.0,133.0,140.0
78682,263.0,166.0,147.0,155.0
78683,254.0,109.0,141.0,143.0
78684,264.0,114.0,156.0,156.0
78685,242.0,213.0,130.0,127.0
78686,249.0,28.0,144.0,137.0
78687,217.0,128.0,124.0,126.0
78688,264.0,217.0,152.0,149.0
78689,231.0,84.0,108.0,129.0
78690,247.0,111.0,138.0,141.0
78691,270.0,225.0,148.0,149.0
78692,277.0,106.0,147.0,172.0
78693,252.0,118.0,171.0,137.0
78694,261.0,120.0,161.0,143.0
78695,239.0,91.0,135.0,131.0
78696,237.0,99.0,140.0,131.0
78697,246.0,94.0,132.0,134.0
78698,258.0,101.0,143.0,161.0
78699,244.0,223.0,142.0,134.0
78700,253.0,221.0,139.0,149.0
78701,235.0,199.0,139.0,119.0
78702,254.0,97.0,136.0,142.0
78703,246.0,96.0,142.0,134.0
78704,245.0,194.0,147.0,131.0
78705,236.0,99.0,135.0,133.0
78706,241.0,133.0,135.0,141.0
78707,255.0,146.0,152.0,146.0
78708,241.0,198.0,130.0,128.0
78709,269.0,176.0,170.0,151.0
78710,247.0,236.0,151.0,122.0
78711,276.0,87.0,160.0,140.0
78712,252.0,119.0,136.0,148.0
78713,264.0,132.0,141.0,177.0
78714,251.0,104.0,156.0,146.0
78715,246.0,97.0,150.0,135.0
78716,239.0,182.0,136.0,147.0
78717,282.0,102.0,150.0,166.0
78718,240.0,105.0,124.0,146.0
78719,268.0,121.0,174.0,126.0
78720,239.0,119.0,127.0,134.0
78721,279.0,134.0,142.0,166.0
78722,259.0,144.0,137.0,150.0
78723,288.0,153.0,173.0,151.0
78724,270.0,193.0,153.0,156.0
78725,252.0,71.0,135.0,137.0
78726,230.0,106.0,128.0,131.0
78727,245.0,80.0,147.0,133.0
78728,245.0,117.0,142.0,133.0
78729,270.0,146.0,145.0,141.0
78730,240.0,146.0,137.0,143.0
78731,269.0,235.0,150.0,155.0
78732,252.0,94.0,141.0,137.0
78733,265.0,177.0,161.0,149.0
78734,239.0,104.0,149.0,127.0
78735,239.0,214.0,134.0,128.0
78736,256.0,181.0,137.0,143.0
78737,269.0,232.0,143.0,153.0
78738,239.0,211.0,141.0,126.0
78739,227.0,86.0,105.0,126.0
78740,231.0,100.0,124.0,113.0
78741,233.0,89.0,132.0,141.0
78742,241.0,87.0,143.0,135.0
78743,251.0,94.0,142.0,138.0
78744,238.0,106.0,127.0,128.0
78745,260.0,195.0,143.0,154.0
78746,261.0,112.0,140.0,151.0
78747,260.0,115.0,150.0,139.0
78748,271.0,154.0,151.0,146.0
78749,243.0,80.0,141.0,140.0
78750,247.0,113.0,128.0,137.0
78751,254.0,99.0,129.0,138.0
78752,245.0,103.0,146.0,133.0
78753,233.0,145.0,120.0,139.0
78754,256.0,121.0,139.0,141.0
78755,245.0,187.0,138.0,136.0
78756,230.0,220.0,119.0,132.0
78757,235.0,68.0,139.0,127.0
78758,269.0,150.0,146.0,159.0
78759,255.0,240.0,137.0,131.0
78760,258.0,127.0,151.0,145.0
78761,231.0,223.0,130.0,130.0
78762,242.0,79.0,147.0,126.0
78763,267.0,241.0,165.0,151.0
78764,237.0,206.0,132.0,132.0
78765,245.0,109.0,137.0,152.0
78766,222.0,96.0,129.0,118.0
78767,233.0,211.0,129.0,141.0
78768,263.0,141.0,149.0,144.0
78769,231.0,95.0,139.0,122.0
78770,239.0,111.0,127.0,138.0
78771,273.0,117.0,149.0,141.0
78772,237.0,117.0,134.0,139.0
78773,237.0,224.0,130.0,134.0
78774,260.0,101.0,153.0,146.0
78775,251.0,152.0,141.0,125.0
78776,263.0,228.0,148.0,149.0
78777,257.0,59.0,140.0,155.0
78778,242.0,81.0,128.0,115.0
78779,234.0,200.0,145.0,130.0
78780,221.0,122.0,129.0,135.0
78781,248.0,103.0,132.0,156.0
78782,258.0,254.0,149.0,145.0
78783,250.0,93.0,139.0,134.0
78784,252.0,126.0,147.0,145.0
78785,255.0,89.0,136.0,141.0
78786,248.0,185.0,133.0,152.0
78787,255.0,93.0,136.0,154.0
78788,251.0,111.0,138.0,151.0
78789,223.0,118.0,116.0,121.0
78790,257.0,93.0,134.0,134.0
78791,254.0,225.0,143.0,151.0
78792,246.0,130.0,127.0,145.0
78793,252.0,215.0,125.0,144.0
78794,244.0,129.0,125.0,142.0
78795,252.0,105.0,141.0,139.0
78796,243.0,113.0,131.0,132.0
78797,268.0,100.0,145.0,161.0
78798,260.0,220.0,158.0,143.0
78799,233.0,121.0,129.0,143.0
78800,254.0,126.0,148.0,144.0
78801,258.0,61.0,163.0,137.0
78802,243.0,116.0,124.0,154.0
78803,238.0,223.0,118.0,128.0
78804,243.0,117.0,144.0,124.0
78805,265.0,117.0,134.0,157.0
78806,243.0,226.0,163.0,138.0
78807,258.0,211.0,141.0,162.0
78808,257.0,224.0,149.0,145.0
78809,257.0,113.0,125.0,133.0
78810,259.0,73.0,150.0,156.0
78811,232.0,181.0,123.0,117.0
78812,262.0,138.0,144.0,147.0
78813,249.0,147.0,137.0,133.0
78814,239.0,119.0,128.0,136.0
78815,243.0,124.0,129.0,130.0
78816,254.0,82.0,150.0,146.0
78817,264.0,53.0,142.0,142.0
78818,265.0,133.0,145.0,148.0
78819,264.0,137.0,140.0,150.0
78820,242.0,134.0,141.0,126.0
78821,237.0,109.0,143.0,130.0
78822,254.0,122.0,129.0,156.0
78823,272.0,133.0,145.0,154.0
78824,258.0,215.0,153.0,154.0
78825,241.0,104.0,140.0,145.0
78826,248.0,101.0,157.0,134.0
78827,250.0,70.0,153.0,149.0
78828,200.0,161.0,94.0,113.0
78829,238.0,99.0,130.0,135.0
78830,238.0,105.0,140.0,123.0
78831,236.0,84.0,140.0,133.0
78832,244.0,97.0,134.0,144.0
78833,265.0,125.0,148.0,163.0
78834,269.0,232.0,143.0,154.0
78835,244.0,74.0,131.0,131.0
78836,254.0,71.0,147.0,149.0
78837,232.0,102.0,118.0,128.0
78838,266.0,69.0,152.0,146.0
78839,238.0,133.0,135.0,128.0
78840,264.0,105.0,149.0,133.0
78841,257.0,131.0,136.0,146.0
78842,272.0,240.0,147.0,158.0
78843,275.0,135.0,155.0,145.0
78844,232.0,121.0,124.0,134.0
78845,263.0,83.0,137.0,142.0
78846,251.0,145.0,143.0,145.0
78847,252.0,137.0,144.0,131.0
78848,228.0,195.0,118.0,118.0
78849,238.0,74.0,134.0,144.0
78850,257.0,74.0,142.0,136.0
78851,254.0,100.0,139.0,138.0
78852,225.0,127.0,119.0,129.0
78853,230.0,206.0,131.0,136.0
78854,249.0,236.0,150.0,141.0
78855,259.0,221.0,135.0,152.0
78856,250.0,122.0,148.0,135.0
78857,259.0,186.0,160.0,144.0
78858,261.0,118.0,144.0,140.0
78859,258.0,108.0,137.0,150.0
78860,245.0,115.0,131.0,141.0
78861,266.0,154.0,150.0,155.0
78862,232.0,108.0,142.0,126.0
78863,263.0,103.0,150.0,139.0
78864,238.0,214.0,121.0,147.0
78865,242.0,125.0,143.0,140.0
78866,257.0,101.0,143.0,151.0
78867,242.0,72.0,141.0,142.0
78868,244.0,115.0,126.0,128.0
78869,245.0,49.0,151.0,132.0
78870,235.0,93.0,130.0,127.0
78871,214.0,185.0,114.0,118.0
78872,268.0,134.0,158.0,129.0
78873,232.0,126.0,124.0,135.0
78874,223.0,104.0,130.0,124.0
78875,251.0,125.0,150.0,132.0
78876,244.0,222.0,144.0,145.0
78877,221.0,121.0,129.0,119.0
78878,248.0,238.0,143.0,125.0
78879,264.0,168.0,140.0,154.0
78880,258.0,118.0,142.0,143.0
78881,267.0,101.0,151.0,149.0
78882,233.0,193.0,139.0,126.0
78883,229.0,99.0,121.0,127.0
78884,253.0,85.0,147.0,154.0
78885,261.0,126.0,147.0,152.0
78886,227.0,121.0,127.0,116.0
78887,255.0,98.0,159.0,146.0
78888,242.0,199.0,123.0,137.0
78889,268.0,82.0,151.0,170.0
78890,223.0,112.0,111.0,134.0
78891,248.0,108.0,156.0,136.0
78892,252.0,231.0,152.0,121.0
78893,253.0,103.0,138.0,143.0
78894,247.0,103.0,121.0,122.0
78895,264.0,103.0,151.0,149.0
78896,240.0,126.0,139.0,142.0
78897,271.0,259.0,159.0,152.0
78898,256.0,67.0,132.0,135.0
78899,242.0,134.0,129.0,135.0
78900,254.0,227.0,162.0,156.0
78901,257.0,149.0,141.0,138.0
78902,258.0,96.0,141.0,145.0
78903,254.0,103.0,134.0,134.0
78904,242.0,101.0,129.0,133.0
78905,258.0,125.0,122.0,151.0
78906,272.0,246.0,159.0,155.0
78907,252.0,107.0,140.0,138.0
78908,267.0,106.0,141.0,157.0
78909,226.0,193.0,129.0,129.0
78910,273.0,82.0,154.0,156.0
78911,251.0,123.0,139.0,142.0
78912,242.0,133.0,132.0,132.0
78913,240.0,128.0,116.0,145.0
78914,214.0,188.0,115.0,122.0
78915,260.0,147.0,139.0,145.0
78916,263.0,263.0,164.0,151.0
78917,240.0,104.0,134.0,138.0
78918,244.0,111.0,128.0,148.0
78919,236.0,149.0,126.0,134.0
78920,239.0,49.0,124.0,143.0
78921,240.0,168.0,135.0,140.0
78922,262.0,232.0,143.0,137.0
78923,278.0,103.0,140.0,171.0
78924,235.0,148.0,136.0,127.0
78925,266.0,74.0,137.0,138.0
78926,250.0,124.0,147.0,151.0
78927,264.0,116.0,158.0,141.0
78928,230.0,179.0,131.0,136.0
78929,253.0,103.0,146.0,149.0
78930,227.0,205.0,132.0,140.0
78931,225.0,149.0,136.0,133.0
78932,246.0,111.0,135.0,134.0
78933,258.0,114.0,145.0,136.0
78934,232.0,81.0,135.0,126.0
78935,270.0,237.0,149.0,134.0
78936,250.0,149.0,134.0,161.0
78937,235.0,82.0,139.0,123.0
78938,261.0,143.0,143.0,134.0
78939,236.0,126.0,132.0,124.0
78940,230.0,195.0,128.0,127.0
78941,249.0,247.0,127.0,138.0
78942,254.0,165.0,128.0,141.0
78943,233.0,117.0,133.0,118.0
78944,274.0,102.0,151.0,153.0
78945,274.0,133.0,152.0,150.0
78946,242.0,88.0,140.0,136.0
78947,249.0,73.0,134.0,145.0
78948,257.0,222.0,143.0,140.0
78949,239.0,111.0,131.0,128.0
78950,258.0,104.0,148.0,143.0
78951,233.0,129.0,135.0,125.0
78952,238.0,169.0,137.0,115.0
78953,247.0,88.0,150.0,143.0
78954,220.0,89.0,121.0,128.0
78955,253.0,98.0,136.0,131.0
78956,234.0,226.0,133.0,128.0
78957,260.0,222.0,143.0,129.0
78958,256.0,100.0,142.0,139.0
78959,271.0,119.0,156.0,160.0
78960,258.0,124.0,144.0,136.0
78961,238.0,196.0,139.0,136.0
78962,221.0,132.0,117.0,126.0
78963,283.0,226.0,171.0,179.0
78964,251.0,238.0,154.0,137.0
78965,263.0,156.0,153.0,140.0
78966,268.0,222.0,160.0,143.0
78967,249.0,152.0,145.0,146.0
78968,238.0,71.0,135.0,137.0
78969,267.0,136.0,156.0,148.0
78970,270.0,135.0,156.0,147.0
78971,257.0,227.0,150.0,151.0
78972,231.0,110.0,131.0,131.0
78973,262.0,81.0,160.0,139.0
78974,238.0,218.0,147.0,135.0
78975,250.0,83.0,122.0,140.0
78976,266.0,127.0,142.0,139.0
78977,257.0,76.0,140.0,140.0
78978,229.0,129.0,108.0,133.0
78979,254.0,93.0,141.0,137.0
78980,261.0,166.0,157.0,155.0
78981,265.0,89.0,163.0,143.0
78982,254.0,114.0,151.0,138.0
78983,258.0,186.0,139.0,152.0
78984,256.0,154.0,141.0,136.0
78985,228.0,101.0,137.0,130.0
78986,246.0,171.0,120.0,139.0
78987,250.0,114.0,145.0,137.0
78988,261.0,239.0,132.0,154.0
78989,217.0,84.0,122.0,116.0
78990,251.0,105.0,138.0,146.0
78991,257.0,126.0,147.0,166.0
78992,255.0,131.0,147.0,144.0
78993,234.0,79.0,124.0,134.0
78994,242.0,92.0,129.0,134.0
78995,256.0,103.0,153.0,153.0
78996,266.0,228.0,142.0,160.0
78997,254.0,148.0,151.0,151.0
78998,255.0,94.0,130.0,147.0
78999,284.0,107.0,159.0,158.0
79000,254.0,109.0,142.0,145.0
79001,271.0,98.0,155.0,168.0
79002,253.0,142.0,140.0,145.0
79003,256.0,108.0,146.0,153.0
79004,244.0,100.0,117.0,142.0
79005,258.0,135.0,156.0,152.0
79006,255.0,106.0,149.0,145.0
79007,257.0,87.0,137.0,131.0
79008,275.0,118.0,154.0,157.0
79009,265.0,100.0,154.0,158.0
79010,271.0,237.0,147.0,164.0
79011,231.0,128.0,125.0,127.0
79012,269.0,152.0,154.0,170.0
79013,254.0,212.0,132.0,140.0
79014,234.0,46.0,145.0,141.0
79015,262.0,230.0,141.0,160.0
79016,245.0,117.0,133.0,142.0
79017,233.0,151.0,126.0,129.0
79018,248.0,89.0,136.0,142.0
79019,266.0,105.0,140.0,147.0
79020,262.0,230.0,144.0,145.0
79021,255.0,218.0,139.0,150.0
79022,268.0,114.0,163.0,158.0
79023,245.0,156.0,134.0,141.0
79024,262.0,108.0,151.0,135.0
79025,246.0,148.0,130.0,131.0
79026,255.0,136.0,149.0,138.0
79027,248.0,107.0,136.0,137.0
79028,271.0,184.0,147.0,149.0
79029,265.0,95.0,151.0,152.0
79030,240.0,124.0,134.0,134.0
79031,265.0,135.0,135.0,151.0
79032,251.0,106.0,146.0,144.0
79033,250.0,72.0,149.0,150.0
79034,238.0,82.0,127.0,125.0
79035,228.0,85.0,124.0,134.0
79036,260.0,119.0,149.0,152.0
79037,240.0,116.0,138.0,137.0
79038,253.0,245.0,151.0,151.0
79039,247.0,215.0,144.0,140.0
79040,252.0,102.0,144.0,140.0
79041,247.0,125.0,149.0,153.0
79042,243.0,108.0,138.0,133.0
79043,256.0,201.0,115.0,144.0
79044,256.0,165.0,158.0,153.0
79045,255.0,89.0,132.0,133.0
79046,268.0,135.0,162.0,142.0
79047,251.0,137.0,136.0,134.0
79048,248.0,165.0,133.0,147.0
79049,250.0,95.0,143.0,139.0
79050,243.0,115.0,146.0,147.0
79051,247.0,108.0,128.0,131.0
79052,253.0,115.0,130.0,151.0
79053,262.0,114.0,141.0,155.0
79054,244.0,100.0,140.0,129.0
79055,227.0,98.0,130.0,111.0
79056,227.0,108.0,141.0,112.0
79057,269.0,99.0,144.0,148.0
79058,242.0,92.0,119.0,133.0
79059,244.0,104.0,131.0,146.0
79060,248.0,89.0,146.0,130.0
79061,251.0,97.0,133.0,145.0
79062,264.0,235.0,138.0,146.0
79063,246.0,92.0,139.0,138.0
79064,268.0,156.0,156.0,159.0
79065,267.0,107.0,160.0,162.0
79066,268.0,108.0,148.0,143.0
79067,243.0,111.0,146.0,151.0
79068,262.0,110.0,152.0,149.0
79069,268.0,245.0,162.0,137.0
79070,275.0,108.0,175.0,170.0
79071,237.0,199.0,128.0,135.0
79072,253.0,74.0,138.0,133.0
79073,257.0,223.0,146.0,145.0
79074,259.0,127.0,159.0,147.0
79075,235.0,106.0,145.0,129.0
79076,241.0,85.0,141.0,132.0
79077,228.0,192.0,121.0,120.0
79078,240.0,72.0,142.0,133.0
79079,249.0,154.0,158.0,140.0
79080,260.0,98.0,149.0,139.0
79081,263.0,129.0,153.0,141.0
79082,278.0,106.0,160.0,152.0
79083,264.0,136.0,149.0,155.0
79084,278.0,229.0,169.0,158.0
79085,248.0,142.0,145.0,144.0
79086,243.0,113.0,141.0,141.0
79087,248.0,223.0,132.0,142.0
79088,241.0,104.0,109.0,117.0
79089,243.0,133.0,145.0,154.0
79090,248.0,87.0,148.0,157.0
79091,232.0,114.0,126.0,148.0
79092,254.0,123.0,133.0,150.0
79093,234.0,122.0,129.0,133.0
79094,247.0,150.0,136.0,139.0
79095,231.0,81.0,136.0,138.0
79096,272.0,143.0,153.0,146.0
79097,279.0,251.0,149.0,156.0
79098,273.0,269.0,163.0,150.0
79099,250.0,246.0,125.0,153.0
79100,269.0,220.0,139.0,140.0
79101,244.0,205.0,136.0,141.0
79102,267.0,130.0,148.0,157.0
79103,256.0,94.0,137.0,143.0
79104,230.0,99.0,135.0,130.0
79105,242.0,207.0,134.0,129.0
79106,258.0,202.0,156.0,141.0
79107,270.0,138.0,146.0,151.0
79108,249.0,116.0,139.0,138.0
79109,227.0,224.0,125.0,129.0
79110,250.0,115.0,138.0,139.0
79111,263.0,225.0,138.0,142.0
79112,281.0,94.0,163.0,154.0
79113,267.0,150.0,150.0,153.0
79114,250.0,222.0,148.0,149.0
79115,251.0,211.0,140.0,155.0
79116,259.0,71.0,165.0,145.0
79117,254.0,218.0,148.0,149.0
79118,245.0,237.0,137.0,137.0
79119,266.0,217.0,160.0,153.0
79120,245.0,129.0,141.0,132.0
79121,272.0,230.0,144.0,155.0
79122,266.0,113.0,153.0,155.0
79123,229.0,193.0,125.0,108.0
79124,223.0,80.0,122.0,117.0
79125,264.0,126.0,147.0,162.0
79126,241.0,94.0,138.0,131.0
79127,248.0,157.0,149.0,144.0
79128,226.0,76.0,116.0,123.0
79129,231.0,196.0,135.0,129.0
79130,252.0,128.0,145.0,130.0
79131,258.0,63.0,159.0,137.0
79132,233.0,233.0,137.0,131.0
79133,234.0,108.0,135.0,135.0
79134,251.0,101.0,138.0,146.0
79135,251.0,134.0,143.0,146.0
79136,267.0,104.0,139.0,154.0
79137,253.0,154.0,137.0,144.0
79138,250.0,164.0,134.0,132.0
79139,219.0,77.0,130.0,131.0
79140,253.0,117.0,154.0,149.0
79141,255.0,232.0,136.0,151.0
79142,251.0,151.0,124.0,148.0
79143,252.0,50.0,135.0,138.0
79144,253.0,113.0,159.0,145.0
79145,241.0,81.0,140.0,139.0
79146,253.0,81.0,136.0,141.0
79147,266.0,116.0,145.0,138.0
79148,262.0,84.0,138.0,140.0
79149,217.0,115.0,115.0,131.0
79150,242.0,129.0,143.0,131.0
79151,256.0,115.0,136.0,148.0
79152,255.0,114.0,151.0,137.0
79153,252.0,101.0,139.0,152.0
79154,261.0,104.0,154.0,141.0
79155,254.0,116.0,148.0,158.0
79156,222.0,129.0,136.0,120.0
79157,255.0,151.0,145.0,143.0
79158,236.0,90.0,142.0,122.0
79159,227.0,175.0,127.0,130.0
79160,244.0,71.0,127.0,124.0
79161,242.0,92.0,132.0,138.0
79162,236.0,78.0,135.0,137.0
79163,252.0,91.0,127.0,150.0
79164,256.0,96.0,144.0,162.0
79165,252.0,101.0,152.0,135.0
79166,258.0,126.0,145.0,155.0
79167,233.0,105.0,115.0,119.0
79168,257.0,103.0,154.0,143.0
79169,236.0,204.0,132.0,141.0
79170,242.0,114.0,141.0,139.0
79171,244.0,102.0,129.0,144.0
79172,264.0,111.0,153.0,141.0
79173,264.0,162.0,168.0,148.0
79174,232.0,97.0,120.0,122.0
79175,248.0,105.0,135.0,144.0
79176,244.0,84.0,133.0,148.0
79177,253.0,223.0,142.0,138.0
79178,265.0,159.0,157.0,134.0
79179,247.0,119.0,130.0,142.0
79180,239.0,115.0,140.0,145.0
79181,257.0,96.0,137.0,167.0
79182,239.0,123.0,136.0,147.0
79183,272.0,136.0,157.0,169.0
79184,231.0,195.0,143.0,114.0
79185,259.0,90.0,148.0,145.0
79186,234.0,99.0,126.0,136.0
79187,245.0,83.0,155.0,134.0
79188,243.0,131.0,147.0,143.0
79189,239.0,117.0,136.0,122.0
79190,255.0,108.0,151.0,133.0
79191,270.0,137.0,155.0,137.0
79192,273.0,194.0,157.0,162.0
79193,258.0,104.0,155.0,140.0
79194,279.0,158.0,157.0,137.0
79195,274.0,90.0,163.0,161.0
79196,238.0,229.0,138.0,143.0
79197,260.0,83.0,152.0,160.0
79198,278.0,118.0,162.0,161.0
79199,236.0,122.0,120.0,145.0
79200,246.0,133.0,138.0,131.0
79201,219.0,84.0,120.0,125.0
79202,265.0,104.0,159.0,158.0
79203,251.0,100.0,142.0,144.0
79204,253.0,88.0,134.0,154.0
79205,248.0,56.0,129.0,138.0
79206,237.0,131.0,139.0,120.0
79207,256.0,161.0,144.0,137.0
79208,217.0,217.0,130.0,130.0
79209,229.0,86.0,129.0,133.0
79210,269.0,228.0,166.0,159.0
79211,266.0,97.0,161.0,138.0
79212,237.0,145.0,126.0,146.0
79213,244.0,111.0,138.0,140.0
79214,256.0,121.0,137.0,152.0
79215,213.0,102.0,115.0,124.0
79216,262.0,131.0,141.0,149.0
79217,243.0,138.0,134.0,129.0
79218,239.0,209.0,134.0,125.0
79219,256.0,163.0,158.0,143.0
79220,234.0,119.0,135.0,141.0
79221,249.0,120.0,138.0,135.0
79222,257.0,103.0,136.0,155.0
79223,271.0,118.0,144.0,149.0
79224,257.0,125.0,154.0,147.0
79225,266.0,227.0,157.0,150.0
79226,242.0,146.0,133.0,128.0
79227,234.0,107.0,128.0,126.0
79228,257.0,125.0,145.0,148.0
79229,275.0,235.0,144.0,141.0
79230,242.0,82.0,131.0,135.0
79231,216.0,98.0,117.0,125.0
79232,266.0,104.0,129.0,154.0
79233,241.0,92.0,126.0,142.0
79234,254.0,105.0,156.0,129.0
79235,260.0,63.0,146.0,139.0
79236,240.0,145.0,132.0,137.0
79237,249.0,112.0,140.0,133.0
79238,245.0,99.0,135.0,142.0
79239,262.0,78.0,154.0,132.0
79240,251.0,120.0,145.0,142.0
79241,246.0,137.0,144.0,125.0
79242,239.0,116.0,127.0,130.0
79243,237.0,112.0,138.0,144.0
79244,243.0,205.0,124.0,130.0
79245,241.0,97.0,150.0,126.0
79246,236.0,116.0,143.0,112.0
79247,248.0,96.0,132.0,141.0
79248,253.0,87.0,148.0,140.0
79249,240.0,103.0,129.0,137.0
79250,255.0,244.0,148.0,144.0
79251,233.0,123.0,137.0,141.0
79252,251.0,135.0,130.0,130.0
79253,268.0,67.0,135.0,159.0
79254,254.0,71.0,144.0,144.0
79255,259.0,98.0,149.0,133.0
79256,244.0,100.0,134.0,139.0
79257,257.0,126.0,150.0,147.0
79258,230.0,91.0,128.0,128.0
79259,244.0,103.0,139.0,136.0
79260,253.0,101.0,136.0,142.0
79261,247.0,96.0,145.0,133.0
79262,274.0,127.0,141.0,174.0
79263,236.0,93.0,127.0,141.0
79264,266.0,173.0,138.0,148.0
79265,270.0,137.0,140.0,157.0
79266,254.0,98.0,143.0,153.0
79267,224.0,101.0,138.0,118.0
79268,267.0,105.0,154.0,151.0
79269,255.0,126.0,151.0,152.0
79270,270.0,234.0,136.0,166.0
79271,238.0,183.0,132.0,142.0
79272,264.0,227.0,140.0,140.0
79273,262.0,149.0,135.0,165.0
79274,248.0,246.0,144.0,146.0
79275,255.0,107.0,159.0,129.0
79276,265.0,124.0,145.0,156.0
79277,236.0,56.0,138.0,116.0
79278,244.0,86.0,124.0,125.0
79279,246.0,72.0,137.0,122.0
79280,225.0,91.0,122.0,132.0
79281,261.0,148.0,139.0,162.0
79282,255.0,100.0,135.0,135.0
79283,275.0,236.0,160.0,160.0
79284,252.0,128.0,137.0,157.0
79285,228.0,118.0,123.0,131.0
79286,282.0,174.0,158.0,176.0
79287,247.0,201.0,135.0,124.0
79288,241.0,206.0,142.0,142.0
79289,231.0,37.0,130.0,129.0
79290,256.0,122.0,153.0,153.0
79291,243.0,202.0,138.0,144.0
79292,246.0,136.0,135.0,145.0
79293,257.0,109.0,141.0,149.0
79294,251.0,187.0,147.0,140.0
79295,278.0,147.0,155.0,167.0
79296,237.0,73.0,146.0,135.0
79297,268.0,122.0,150.0,138.0
79298,243.0,118.0,150.0,124.0
79299,254.0,161.0,151.0,149.0
79300,248.0,107.0,135.0,135.0
79301,267.0,136.0,160.0,140.0
79302,257.0,142.0,147.0,148.0
79303,255.0,226.0,122.0,137.0
79304,254.0,226.0,130.0,135.0
79305,256.0,155.0,148.0,144.0
79306,231.0,108.0,120.0,132.0
79307,246.0,244.0,149.0,163.0
79308,236.0,142.0,136.0,131.0
79309,239.0,110.0,139.0,131.0
79310,229.0,136.0,108.0,132.0
79311,241.0,91.0,124.0,137.0
79312,252.0,66.0,145.0,154.0
79313,258.0,140.0,136.0,141.0
79314,256.0,111.0,157.0,150.0
79315,229.0,115.0,128.0,129.0
79316,269.0,240.0,147.0,150.0
79317,245.0,99.0,137.0,130.0
79318,248.0,97.0,142.0,138.0
79319,255.0,219.0,142.0,134.0
79320,258.0,97.0,151.0,143.0
79321,247.0,124.0,138.0,127.0
79322,237.0,84.0,125.0,125.0
79323,265.0,240.0,147.0,149.0
79324,239.0,206.0,147.0,119.0
79325,277.0,126.0,157.0,167.0
79326,249.0,126.0,152.0,143.0
79327,245.0,111.0,132.0,142.0
79328,259.0,155.0,132.0,157.0
79329,249.0,152.0,129.0,133.0
79330,268.0,259.0,147.0,165.0
79331,250.0,110.0,151.0,128.0
79332,274.0,130.0,162.0,143.0
79333,264.0,90.0,134.0,152.0
79334,279.0,124.0,155.0,155.0
79335,245.0,95.0,142.0,144.0
79336,246.0,76.0,136.0,132.0
79337,266.0,126.0,142.0,155.0
79338,255.0,131.0,145.0,146.0
79339,227.0,136.0,129.0,123.0
79340,251.0,136.0,147.0,137.0
79341,249.0,220.0,146.0,145.0
79342,249.0,79.0,162.0,153.0
79343,259.0,123.0,154.0,158.0
79344,251.0,233.0,153.0,134.0
79345,270.0,71.0,147.0,155.0
79346,235.0,79.0,144.0,122.0
79347,253.0,151.0,122.0,136.0
79348,241.0,92.0,129.0,131.0
79349,267.0,238.0,151.0,149.0
79350,233.0,126.0,118.0,144.0
79351,254.0,123.0,136.0,151.0
79352,237.0,108.0,126.0,133.0
79353,232.0,193.0,119.0,131.0
79354,256.0,237.0,142.0,150.0
79355,244.0,88.0,131.0,132.0
79356,250.0,215.0,143.0,135.0
79357,253.0,86.0,141.0,134.0
79358,245.0,126.0,133.0,128.0
79359,258.0,238.0,141.0,135.0
79360,233.0,64.0,131.0,118.0
79361,224.0,97.0,127.0,122.0
79362,267.0,100.0,154.0,155.0
79363,269.0,109.0,144.0,166.0
79364,246.0,91.0,149.0,134.0
79365,245.0,102.0,152.0,140.0
79366,260.0,260.0,152.0,139.0
79367,235.0,88.0,132.0,126.0
79368,263.0,118.0,139.0,145.0
79369,253.0,69.0,144.0,147.0
79370,240.0,76.0,143.0,149.0
79371,232.0,99.0,119.0,139.0
79372,226.0,111.0,145.0,113.0
79373,247.0,121.0,147.0,150.0
79374,248.0,221.0,151.0,149.0
79375,253.0,216.0,116.0,135.0
79376,250.0,97.0,146.0,132.0
79377,240.0,202.0,139.0,142.0
79378,237.0,155.0,146.0,136.0
79379,250.0,142.0,161.0,133.0
79380,255.0,145.0,148.0,136.0
79381,261.0,131.0,155.0,135.0
79382,262.0,146.0,146.0,148.0
79383,242.0,115.0,130.0,118.0
79384,242.0,216.0,142.0,135.0
79385,259.0,134.0,142.0,152.0
79386,236.0,111.0,120.0,128.0
79387,241.0,130.0,133.0,132.0
79388,242.0,194.0,131.0,143.0
79389,251.0,107.0,134.0,132.0
79390,248.0,121.0,133.0,144.0
79391,275.0,142.0,150.0,149.0
79392,257.0,112.0,148.0,143.0
79393,264.0,154.0,142.0,151.0
79394,233.0,68.0,132.0,143.0
79395,253.0,218.0,149.0,155.0
79396,246.0,81.0,139.0,139.0
79397,250.0,152.0,140.0,141.0
79398,268.0,185.0,145.0,152.0
79399,265.0,154.0,150.0,149.0
79400,220.0,199.0,123.0,131.0
79401,226.0,195.0,128.0,132.0
79402,243.0,86.0,131.0,135.0
79403,253.0,139.0,147.0,129.0
79404,241.0,86.0,135.0,140.0
79405,248.0,183.0,121.0,131.0
79406,255.0,101.0,141.0,151.0
79407,272.0,118.0,153.0,148.0
79408,254.0,220.0,159.0,139.0
79409,259.0,151.0,143.0,145.0
79410,258.0,104.0,144.0,141.0
79411,249.0,94.0,120.0,156.0
79412,267.0,221.0,166.0,150.0
79413,246.0,111.0,138.0,139.0
79414,234.0,203.0,139.0,126.0
79415,265.0,230.0,146.0,155.0
79416,238.0,184.0,119.0,145.0
79417,254.0,118.0,134.0,153.0
79418,276.0,178.0,162.0,149.0
79419,258.0,101.0,157.0,146.0
79420,264.0,174.0,133.0,148.0
79421,266.0,103.0,141.0,142.0
79422,237.0,122.0,140.0,133.0
79423,262.0,185.0,148.0,165.0
79424,244.0,46.0,133.0,142.0
79425,253.0,90.0,152.0,146.0
79426,260.0,236.0,147.0,146.0
79427,246.0,167.0,137.0,149.0
79428,269.0,109.0,154.0,142.0
79429,262.0,234.0,143.0,157.0
79430,234.0,226.0,137.0,133.0
79431,266.0,120.0,152.0,142.0
79432,273.0,222.0,150.0,162.0
79433,241.0,140.0,123.0,137.0
79434,235.0,101.0,140.0,146.0
79435,272.0,101.0,157.0,151.0
79436,245.0,85.0,133.0,142.0
79437,247.0,61.0,138.0,129.0
79438,245.0,208.0,143.0,140.0
79439,264.0,183.0,148.0,152.0
79440,264.0,108.0,139.0,156.0
79441,262.0,123.0,133.0,153.0
79442,278.0,147.0,161.0,152.0
79443,241.0,108.0,126.0,130.0
79444,278.0,72.0,159.0,159.0
79445,234.0,134.0,140.0,127.0
79446,285.0,136.0,153.0,167.0
79447,263.0,230.0,145.0,147.0
79448,234.0,64.0,137.0,138.0
79449,245.0,206.0,133.0,140.0
79450,265.0,101.0,154.0,146.0
79451,241.0,103.0,119.0,147.0
79452,252.0,122.0,132.0,136.0
79453,235.0,110.0,132.0,117.0
79454,254.0,216.0,138.0,143.0
79455,243.0,143.0,131.0,126.0
79456,234.0,95.0,141.0,144.0
79457,244.0,207.0,127.0,134.0
79458,244.0,94.0,140.0,118.0
79459,250.0,104.0,146.0,151.0
79460,259.0,104.0,141.0,143.0
79461,232.0,209.0,129.0,126.0
79462,259.0,112.0,153.0,144.0
79463,229.0,74.0,119.0,126.0
79464,226.0,87.0,143.0,126.0
79465,232.0,202.0,124.0,127.0
79466,248.0,114.0,132.0,146.0
79467,232.0,107.0,108.0,138.0
79468,251.0,204.0,139.0,134.0
79469,240.0,216.0,135.0,150.0
79470,251.0,215.0,133.0,135.0
79471,214.0,91.0,115.0,110.0
79472,242.0,122.0,140.0,141.0
79473,245.0,116.0,139.0,132.0
79474,257.0,99.0,136.0,144.0
79475,245.0,121.0,139.0,134.0
79476,247.0,77.0,124.0,139.0
79477,241.0,118.0,130.0,114.0
79478,273.0,123.0,148.0,155.0
79479,258.0,98.0,140.0,142.0
79480,265.0,88.0,152.0,140.0
79481,239.0,105.0,125.0,146.0
79482,237.0,92.0,138.0,135.0
79483,244.0,113.0,129.0,146.0
79484,255.0,105.0,150.0,155.0
79485,248.0,218.0,138.0,129.0
79486,254.0,116.0,146.0,142.0
79487,238.0,70.0,149.0,135.0
79488,256.0,115.0,141.0,151.0
79489,262.0,89.0,160.0,140.0
79490,249.0,217.0,142.0,145.0
79491,252.0,96.0,136.0,150.0
79492,256.0,140.0,141.0,140.0
79493,249.0,124.0,134.0,135.0
79494,258.0,143.0,160.0,147.0
79495,249.0,114.0,136.0,155.0
79496,229.0,90.0,126.0,132.0
79497,254.0,68.0,141.0,153.0
79498,247.0,112.0,141.0,145.0
79499,251.0,159.0,149.0,153.0
79500,238.0,136.0,139.0,132.0
79501,260.0,209.0,155.0,139.0
79502,253.0,101.0,156.0,150.0
79503,250.0,99.0,143.0,148.0
79504,266.0,104.0,151.0,148.0
79505,250.0,220.0,133.0,149.0
79506,232.0,202.0,127.0,138.0
79507,232.0,92.0,125.0,124.0
79508,236.0,138.0,142.0,121.0
79509,230.0,97.0,130.0,145.0
79510,217.0,185.0,119.0,113.0
79511,284.0,226.0,159.0,180.0
79512,286.0,252.0,156.0,172.0
79513,257.0,145.0,144.0,146.0
79514,247.0,123.0,130.0,128.0
79515,237.0,79.0,121.0,137.0
79516,250.0,168.0,147.0,145.0
79517,269.0,132.0,145.0,152.0
79518,230.0,111.0,144.0,136.0
79519,247.0,130.0,138.0,131.0
79520,245.0,217.0,137.0,143.0
79521,237.0,136.0,142.0,114.0
79522,282.0,134.0,165.0,155.0
79523,238.0,75.0,124.0,133.0
79524,249.0,78.0,135.0,143.0
79525,248.0,45.0,140.0,148.0
79526,239.0,200.0,128.0,143.0
79527,252.0,83.0,149.0,135.0
79528,253.0,79.0,137.0,143.0
79529,257.0,71.0,143.0,147.0
79530,274.0,161.0,150.0,152.0
79531,240.0,114.0,142.0,130.0
79532,225.0,93.0,126.0,131.0
79533,247.0,237.0,153.0,127.0
79534,249.0,158.0,144.0,150.0
79535,251.0,118.0,140.0,141.0
79536,298.0,134.0,161.0,164.0
79537,266.0,143.0,145.0,149.0
79538,251.0,106.0,138.0,130.0
79539,252.0,218.0,146.0,138.0
79540,252.0,126.0,136.0,138.0
79541,276.0,110.0,155.0,159.0
79542,244.0,222.0,142.0,143.0
79543,254.0,154.0,133.0,154.0
79544,264.0,225.0,139.0,132.0
79545,264.0,231.0,145.0,153.0
79546,237.0,114.0,133.0,128.0
79547,261.0,99.0,147.0,134.0
79548,261.0,98.0,134.0,156.0
79549,266.0,151.0,156.0,137.0
79550,252.0,89.0,142.0,144.0
79551,250.0,81.0,154.0,135.0
79552,264.0,229.0,126.0,150.0
79553,241.0,111.0,145.0,145.0
79554,271.0,230.0,140.0,147.0
79555,238.0,233.0,135.0,124.0
79556,280.0,97.0,156.0,152.0
79557,256.0,113.0,149.0,136.0
79558,241.0,102.0,120.0,122.0
79559,268.0,96.0,157.0,144.0
79560,251.0,123.0,139.0,132.0
79561,256.0,84.0,137.0,154.0
79562,271.0,73.0,147.0,145.0
79563,268.0,153.0,158.0,152.0
79564,244.0,206.0,156.0,134.0
79565,270.0,90.0,146.0,131.0
79566,240.0,198.0,124.0,118.0
79567,233.0,99.0,127.0,125.0
79568,244.0,121.0,136.0,131.0
79569,245.0,213.0,146.0,132.0
79570,251.0,144.0,148.0,142.0
79571,225.0,156.0,121.0,123.0
79572,230.0,62.0,139.0,123.0
79573,248.0,51.0,144.0,138.0
79574,235.0,84.0,133.0,133.0
79575,259.0,112.0,147.0,141.0
79576,266.0,126.0,155.0,157.0
79577,282.0,92.0,150.0,162.0
79578,260.0,218.0,181.0,138.0
79579,272.0,126.0,169.0,159.0
79580,230.0,196.0,145.0,119.0
79581,246.0,159.0,138.0,134.0
79582,245.0,205.0,146.0,146.0
79583,242.0,127.0,133.0,143.0
79584,260.0,89.0,143.0,144.0
79585,253.0,99.0,130.0,151.0
79586,268.0,228.0,160.0,147.0
79587,232.0,181.0,127.0,126.0
79588,227.0,123.0,133.0,133.0
79589,288.0,265.0,170.0,161.0
79590,267.0,85.0,154.0,144.0
79591,257.0,130.0,155.0,149.0
79592,252.0,129.0,143.0,136.0
79593,266.0,104.0,154.0,132.0
79594,216.0,122.0,114.0,130.0
79595,258.0,102.0,152.0,134.0
79596,249.0,97.0,146.0,136.0
79597,254.0,82.0,143.0,143.0
79598,244.0,84.0,143.0,133.0
79599,262.0,85.0,150.0,147.0
79600,246.0,87.0,149.0,139.0
79601,245.0,209.0,153.0,147.0
79602,241.0,97.0,138.0,134.0
79603,256.0,103.0,156.0,138.0
79604,269.0,156.0,139.0,153.0
79605,224.0,187.0,121.0,124.0
79606,248.0,169.0,155.0,139.0
79607,265.0,125.0,145.0,146.0
79608,236.0,211.0,131.0,137.0
79609,252.0,119.0,129.0,146.0
79610,239.0,144.0,126.0,123.0
79611,252.0,133.0,132.0,140.0
79612,254.0,182.0,145.0,137.0
79613,220.0,203.0,130.0,125.0
79614,231.0,114.0,125.0,139.0
79615,259.0,110.0,142.0,161.0
79616,249.0,140.0,145.0,150.0
79617,284.0,151.0,163.0,161.0
79618,232.0,129.0,145.0,130.0
79619,227.0,125.0,124.0,123.0
79620,264.0,233.0,158.0,144.0
79621,253.0,194.0,131.0,139.0
79622,268.0,169.0,153.0,152.0
79623,247.0,212.0,138.0,137.0
79624,240.0,127.0,128.0,121.0
79625,255.0,106.0,141.0,155.0
79626,261.0,132.0,152.0,143.0
79627,244.0,98.0,152.0,123.0
79628,261.0,159.0,149.0,143.0
79629,248.0,116.0,144.0,158.0
79630,226.0,105.0,133.0,130.0
79631,259.0,135.0,139.0,147.0
79632,240.0,69.0,128.0,137.0
79633,265.0,230.0,152.0,139.0
79634,252.0,158.0,145.0,133.0
79635,225.0,83.0,133.0,119.0
79636,243.0,149.0,144.0,142.0
79637,259.0,103.0,134.0,144.0
79638,240.0,92.0,152.0,131.0
79639,245.0,235.0,151.0,159.0
79640,236.0,121.0,143.0,131.0
79641,275.0,120.0,163.0,158.0
79642,241.0,106.0,147.0,134.0
79643,266.0,85.0,157.0,142.0
79644,242.0,144.0,132.0,135.0
79645,262.0,96.0,136.0,153.0
79646,236.0,132.0,120.0,128.0
79647,253.0,102.0,139.0,141.0
79648,238.0,205.0,129.0,135.0
79649,251.0,212.0,160.0,130.0
79650,244.0,116.0,137.0,133.0
79651,262.0,75.0,143.0,150.0
79652,256.0,70.0,142.0,145.0
79653,248.0,214.0,154.0,145.0
79654,239.0,135.0,134.0,130.0
79655,256.0,87.0,150.0,140.0
79656,257.0,115.0,153.0,138.0
79657,244.0,217.0,136.0,135.0
79658,247.0,81.0,147.0,127.0
79659,234.0,112.0,124.0,134.0
79660,261.0,174.0,144.0,158.0
79661,237.0,88.0,127.0,119.0
79662,259.0,70.0,166.0,138.0
79663,234.0,55.0,131.0,130.0
79664,238.0,211.0,118.0,132.0
79665,240.0,91.0,133.0,139.0
79666,268.0,160.0,156.0,162.0
79667,250.0,79.0,136.0,138.0
79668,231.0,75.0,117.0,126.0
79669,245.0,213.0,138.0,134.0
79670,279.0,124.0,165.0,167.0
79671,252.0,89.0,139.0,140.0
79672,263.0,57.0,150.0,141.0
79673,253.0,83.0,144.0,161.0
79674,244.0,76.0,127.0,140.0
79675,263.0,227.0,140.0,156.0
79676,225.0,85.0,136.0,130.0
79677,239.0,205.0,143.0,134.0
79678,270.0,259.0,155.0,141.0
79679,226.0,54.0,129.0,114.0
79680,266.0,86.0,157.0,159.0
79681,267.0,38.0,150.0,144.0
79682,239.0,80.0,135.0,122.0
79683,254.0,130.0,138.0,147.0
79684,262.0,208.0,144.0,145.0
79685,248.0,123.0,142.0,141.0
79686,239.0,139.0,132.0,144.0
79687,243.0,212.0,147.0,136.0
79688,281.0,165.0,154.0,150.0
79689,242.0,97.0,135.0,134.0
79690,247.0,117.0,136.0,134.0
79691,256.0,90.0,143.0,154.0
79692,279.0,127.0,141.0,151.0
79693,263.0,99.0,147.0,146.0
79694,258.0,134.0,150.0,152.0
79695,232.0,130.0,130.0,129.0
79696,274.0,236.0,155.0,158.0
79697,264.0,115.0,164.0,138.0
79698,251.0,101.0,141.0,150.0
79699,256.0,99.0,142.0,160.0
79700,260.0,113.0,144.0,151.0
79701,253.0,102.0,139.0,145.0
79702,232.0,197.0,117.0,142.0
79703,268.0,225.0,148.0,154.0
79704,232.0,159.0,133.0,132.0
79705,268.0,117.0,141.0,158.0
79706,252.0,224.0,138.0,145.0
79707,248.0,113.0,127.0,123.0
79708,243.0,52.0,140.0,143.0
79709,262.0,146.0,155.0,148.0
79710,264.0,221.0,154.0,136.0
79711,218.0,200.0,114.0,133.0
79712,262.0,234.0,145.0,144.0
79713,259.0,172.0,147.0,151.0
79714,253.0,122.0,143.0,142.0
79715,230.0,68.0,105.0,134.0
79716,257.0,96.0,125.0,139.0
79717,263.0,130.0,147.0,148.0
79718,234.0,77.0,132.0,128.0
79719,284.0,242.0,159.0,160.0
79720,249.0,152.0,152.0,139.0
79721,245.0,88.0,145.0,137.0
79722,260.0,103.0,139.0,159.0
79723,244.0,219.0,123.0,132.0
79724,243.0,218.0,142.0,128.0
79725,256.0,223.0,142.0,150.0
79726,228.0,224.0,124.0,123.0
79727,246.0,126.0,137.0,139.0
79728,251.0,208.0,125.0,143.0
79729,258.0,128.0,144.0,155.0
79730,237.0,234.0,142.0,131.0
79731,263.0,125.0,143.0,152.0
79732,258.0,110.0,147.0,145.0
79733,240.0,79.0,140.0,146.0
79734,239.0,92.0,139.0,132.0
79735,235.0,93.0,121.0,142.0
79736,252.0,155.0,136.0,163.0
79737,246.0,233.0,126.0,134.0
79738,237.0,69.0,143.0,130.0
79739,255.0,185.0,134.0,149.0
79740,241.0,79.0,133.0,130.0
79741,261.0,108.0,140.0,151.0
79742,269.0,236.0,144.0,163.0
79743,249.0,211.0,144.0,129.0
79744,269.0,123.0,136.0,149.0
79745,267.0,94.0,146.0,145.0
79746,273.0,146.0,160.0,135.0
79747,242.0,145.0,133.0,134.0
79748,248.0,191.0,145.0,144.0
79749,260.0,140.0,138.0,152.0
79750,239.0,78.0,128.0,144.0
79751,230.0,54.0,115.0,138.0
79752,253.0,71.0,145.0,145.0
79753,231.0,79.0,126.0,123.0
79754,229.0,120.0,132.0,118.0
79755,237.0,126.0,130.0,150.0
79756,261.0,217.0,154.0,146.0
79757,232.0,111.0,127.0,137.0
79758,252.0,98.0,130.0,138.0
79759,254.0,117.0,134.0,147.0
79760,234.0,143.0,139.0,126.0
79761,275.0,236.0,145.0,151.0
79762,221.0,138.0,128.0,130.0
79763,243.0,212.0,138.0,140.0
79764,226.0,77.0,135.0,149.0
79765,242.0,102.0,129.0,133.0
79766,252.0,54.0,146.0,134.0
79767,267.0,131.0,143.0,141.0
79768,242.0,200.0,136.0,126.0
79769,255.0,132.0,148.0,124.0
79770,223.0,193.0,123.0,128.0
79771,263.0,241.0,122.0,160.0
79772,240.0,127.0,132.0,131.0
79773,244.0,122.0,135.0,146.0
79774,260.0,238.0,147.0,129.0
79775,264.0,130.0,144.0,136.0
79776,263.0,225.0,153.0,156.0
79777,244.0,113.0,135.0,124.0
79778,249.0,90.0,138.0,152.0
79779,238.0,212.0,132.0,122.0
79780,250.0,157.0,141.0,126.0
79781,250.0,161.0,135.0,144.0
79782,252.0,104.0,151.0,143.0
79783,262.0,67.0,148.0,146.0
79784,251.0,122.0,141.0,143.0
79785,273.0,120.0,161.0,138.0
79786,235.0,109.0,129.0,121.0
79787,254.0,105.0,143.0,146.0
79788,284.0,234.0,163.0,155.0
79789,239.0,118.0,130.0,146.0
79790,228.0,100.0,116.0,139.0
79791,247.0,93.0,140.0,135.0
79792,267.0,126.0,134.0,143.0
79793,262.0,232.0,141.0,153.0
79794,256.0,72.0,151.0,150.0
79795,251.0,222.0,140.0,148.0
79796,255.0,121.0,133.0,148.0
79797,238.0,145.0,136.0,136.0
79798,253.0,227.0,135.0,135.0
79799,250.0,216.0,141.0,139.0
79800,229.0,80.0,132.0,137.0
79801,234.0,69.0,129.0,120.0
79802,246.0,106.0,143.0,136.0
79803,256.0,103.0,143.0,135.0
79804,243.0,89.0,138.0,133.0
79805,257.0,121.0,137.0,144.0
79806,222.0,70.0,118.0,115.0
79807,274.0,119.0,154.0,153.0
79808,240.0,213.0,134.0,138.0
79809,228.0,217.0,119.0,125.0
79810,246.0,242.0,138.0,125.0
79811,262.0,148.0,156.0,146.0
79812,253.0,236.0,152.0,156.0
79813,242.0,103.0,135.0,138.0
79814,256.0,141.0,137.0,153.0
79815,234.0,209.0,134.0,113.0
79816,257.0,197.0,134.0,150.0
79817,240.0,102.0,147.0,147.0
79818,250.0,214.0,145.0,138.0
79819,245.0,214.0,146.0,123.0
79820,254.0,87.0,138.0,137.0
79821,256.0,105.0,159.0,148.0
79822,277.0,106.0,161.0,165.0
79823,246.0,123.0,125.0,143.0
79824,243.0,140.0,145.0,133.0
79825,262.0,111.0,157.0,156.0
79826,252.0,220.0,155.0,159.0
79827,243.0,123.0,122.0,140.0
79828,257.0,110.0,146.0,150.0
79829,253.0,155.0,147.0,140.0
79830,247.0,175.0,142.0,138.0
79831,267.0,138.0,149.0,141.0
79832,245.0,131.0,143.0,135.0
79833,253.0,128.0,122.0,149.0
79834,268.0,146.0,158.0,141.0
79835,247.0,102.0,133.0,142.0
79836,239.0,117.0,134.0,129.0
79837,235.0,94.0,136.0,129.0
79838,257.0,169.0,142.0,141.0
79839,243.0,111.0,121.0,149.0
79840,263.0,66.0,132.0,136.0
79841,253.0,118.0,147.0,155.0
79842,244.0,155.0,150.0,132.0
79843,228.0,124.0,126.0,126.0
79844,246.0,177.0,134.0,128.0
79845,246.0,125.0,148.0,138.0
79846,253.0,95.0,143.0,136.0
79847,253.0,89.0,134.0,149.0
79848,251.0,122.0,134.0,143.0
79849,230.0,96.0,123.0,135.0
79850,252.0,73.0,152.0,131.0
79851,266.0,139.0,163.0,140.0
79852,225.0,88.0,130.0,124.0
79853,262.0,125.0,153.0,153.0
79854,281.0,251.0,168.0,156.0
79855,276.0,141.0,150.0,150.0
79856,250.0,130.0,138.0,136.0
79857,238.0,227.0,152.0,129.0
79858,268.0,219.0,154.0,154.0
79859,252.0,146.0,143.0,125.0
79860,248.0,208.0,146.0,150.0
79861,254.0,97.0,144.0,142.0
79862,260.0,127.0,151.0,138.0
79863,246.0,100.0,144.0,134.0
79864,274.0,118.0,156.0,148.0
79865,282.0,96.0,161.0,141.0
79866,246.0,115.0,135.0,127.0
79867,264.0,224.0,145.0,163.0
79868,229.0,103.0,125.0,139.0
79869,254.0,82.0,163.0,158.0
79870,272.0,228.0,159.0,145.0
79871,234.0,58.0,144.0,133.0
79872,235.0,96.0,140.0,134.0
79873,260.0,89.0,133.0,139.0
79874,245.0,114.0,144.0,129.0
79875,263.0,228.0,137.0,159.0
79876,236.0,205.0,136.0,138.0
79877,246.0,101.0,138.0,123.0
79878,227.0,91.0,129.0,123.0
79879,248.0,98.0,138.0,145.0
79880,247.0,99.0,134.0,127.0
79881,238.0,128.0,140.0,131.0
79882,227.0,103.0,138.0,127.0
79883,243.0,106.0,142.0,130.0
79884,235.0,93.0,122.0,136.0
79885,249.0,106.0,133.0,125.0
79886,245.0,225.0,142.0,134.0
79887,237.0,90.0,135.0,136.0
79888,265.0,158.0,148.0,163.0
79889,255.0,93.0,138.0,134.0
79890,238.0,68.0,135.0,132.0
79891,242.0,109.0,129.0,136.0
79892,239.0,94.0,139.0,139.0
79893,248.0,196.0,140.0,136.0
79894,254.0,112.0,136.0,141.0
79895,239.0,119.0,125.0,132.0
79896,292.0,248.0,150.0,146.0
79897,258.0,146.0,149.0,158.0
79898,240.0,205.0,138.0,136.0
79899,227.0,80.0,139.0,126.0
79900,243.0,137.0,132.0,147.0
79901,260.0,215.0,148.0,142.0
79902,260.0,104.0,147.0,146.0
79903,231.0,78.0,135.0,141.0
79904,274.0,146.0,140.0,140.0
79905,262.0,95.0,136.0,144.0
79906,227.0,103.0,129.0,127.0
79907,244.0,205.0,151.0,139.0
79908,244.0,130.0,117.0,126.0
79909,252.0,61.0,134.0,139.0
79910,246.0,86.0,140.0,135.0
79911,237.0,118.0,136.0,125.0
79912,230.0,160.0,128.0,144.0
79913,249.0,168.0,124.0,139.0
79914,258.0,114.0,136.0,137.0
79915,267.0,138.0,152.0,157.0
79916,214.0,70.0,128.0,123.0
79917,232.0,185.0,129.0,129.0
79918,251.0,79.0,156.0,132.0
79919,214.0,94.0,125.0,123.0
79920,244.0,118.0,123.0,140.0
79921,243.0,95.0,141.0,128.0
79922,258.0,110.0,136.0,134.0
79923,268.0,93.0,154.0,154.0
79924,248.0,213.0,121.0,146.0
79925,258.0,213.0,152.0,142.0
79926,264.0,133.0,142.0,149.0
79927,277.0,95.0,152.0,149.0
79928,260.0,189.0,135.0,159.0
79929,270.0,124.0,164.0,162.0
79930,267.0,113.0,150.0,152.0
79931,235.0,120.0,119.0,145.0
79932,244.0,132.0,131.0,147.0
79933,254.0,111.0,147.0,139.0
79934,266.0,59.0,144.0,151.0
79935,255.0,220.0,144.0,148.0
79936,217.0,116.0,122.0,120.0
79937,262.0,95.0,135.0,130.0
79938,248.0,233.0,141.0,147.0
79939,263.0,120.0,145.0,158.0
79940,239.0,209.0,127.0,133.0
79941,251.0,108.0,145.0,120.0
79942,278.0,133.0,148.0,158.0
79943,240.0,213.0,145.0,144.0
79944,235.0,207.0,144.0,134.0
79945,238.0,140.0,141.0,134.0
79946,247.0,237.0,150.0,144.0
79947,258.0,113.0,139.0,157.0
79948,266.0,112.0,167.0,149.0
79949,262.0,142.0,145.0,146.0
79950,271.0,83.0,144.0,163.0
79951,253.0,96.0,144.0,139.0
79952,234.0,107.0,136.0,130.0
79953,245.0,114.0,130.0,134.0
79954,266.0,244.0,142.0,158.0
79955,258.0,71.0,144.0,132.0
79956,258.0,107.0,148.0,145.0
79957,264.0,66.0,138.0,139.0
79958,266.0,122.0,147.0,140.0
79959,251.0,99.0,134.0,147.0
79960,298.0,91.0,167.0,169.0
79961,242.0,123.0,137.0,125.0
79962,226.0,98.0,126.0,122.0
79963,261.0,112.0,146.0,125.0
79964,274.0,121.0,156.0,149.0
79965,253.0,93.0,142.0,150.0
79966,235.0,121.0,132.0,139.0
79967,253.0,83.0,150.0,139.0
79968,259.0,151.0,139.0,150.0
79969,265.0,221.0,137.0,163.0
79970,214.0,89.0,120.0,121.0
79971,230.0,113.0,127.0,129.0
79972,270.0,72.0,152.0,150.0
79973,236.0,204.0,135.0,138.0
79974,245.0,108.0,140.0,139.0
79975,251.0,101.0,141.0,152.0
79976,245.0,129.0,131.0,141.0
79977,244.0,117.0,129.0,135.0
79978,233.0,97.0,130.0,135.0
79979,264.0,111.0,143.0,155.0
79980,238.0,107.0,134.0,128.0
79981,252.0,82.0,130.0,137.0
79982,250.0,221.0,137.0,139.0
79983,250.0,125.0,138.0,131.0
79984,261.0,158.0,128.0,145.0
79985,244.0,107.0,135.0,145.0
79986,227.0,93.0,115.0,133.0
79987,269.0,212.0,152.0,157.0
79988,267.0,125.0,140.0,136.0
79989,251.0,127.0,142.0,136.0
79990,253.0,163.0,140.0,141.0
79991,273.0,150.0,143.0,151.0
79992,263.0,79.0,144.0,143.0
79993,198.0,97.0,102.0,112.0
79994,259.0,214.0,165.0,159.0
79995,259.0,166.0,145.0,147.0
79996,232.0,146.0,122.0,111.0
79997,243.0,109.0,135.0,133.0
79998,240.0,122.0,133.0,127.0
79999,251.0,89.0,137.0,146.0
80000,257.0,146.0,150.0,148.0
80001,226.0,107.0,114.0,122.0
80002,230.0,77.0,139.0,135.0
80003,261.0,227.0,131.0,148.0
80004,257.0,62.0,142.0,159.0
80005,246.0,84.0,144.0,147.0
80006,249.0,236.0,161.0,144.0
80007,250.0,115.0,150.0,146.0
80008,240.0,109.0,140.0,125.0
80009,221.0,89.0,125.0,116.0
80010,243.0,243.0,149.0,137.0
80011,277.0,151.0,144.0,162.0
80012,249.0,89.0,134.0,126.0
80013,254.0,120.0,156.0,131.0
80014,244.0,99.0,131.0,144.0
80015,270.0,132.0,159.0,158.0
80016,250.0,160.0,129.0,147.0
80017,242.0,84.0,149.0,143.0
80018,245.0,208.0,137.0,131.0
80019,226.0,66.0,115.0,131.0
80020,245.0,101.0,144.0,135.0
80021,239.0,100.0,130.0,134.0
80022,244.0,123.0,137.0,143.0
80023,258.0,130.0,139.0,142.0
80024,246.0,71.0,153.0,161.0
80025,231.0,105.0,132.0,125.0
80026,257.0,226.0,155.0,138.0
80027,240.0,77.0,151.0,140.0
80028,250.0,157.0,140.0,138.0
80029,232.0,209.0,130.0,122.0
80030,251.0,114.0,129.0,142.0
80031,245.0,98.0,141.0,142.0
80032,223.0,101.0,149.0,116.0
80033,242.0,129.0,152.0,135.0
80034,268.0,240.0,158.0,156.0
80035,283.0,156.0,152.0,147.0
80036,264.0,151.0,154.0,156.0
80037,253.0,210.0,137.0,131.0
80038,269.0,134.0,156.0,139.0
80039,255.0,92.0,121.0,134.0
80040,271.0,95.0,155.0,163.0
80041,254.0,134.0,151.0,141.0
80042,262.0,127.0,146.0,166.0
80043,252.0,129.0,133.0,145.0
80044,266.0,95.0,146.0,156.0
80045,250.0,91.0,135.0,143.0
80046,271.0,115.0,151.0,161.0
80047,263.0,97.0,150.0,135.0
80048,249.0,108.0,141.0,134.0
80049,235.0,108.0,118.0,136.0
80050,231.0,105.0,129.0,118.0
80051,236.0,203.0,127.0,135.0
80052,263.0,139.0,138.0,144.0
80053,285.0,110.0,161.0,147.0
80054,244.0,78.0,152.0,139.0
80055,257.0,90.0,138.0,132.0
80056,260.0,132.0,150.0,135.0
80057,258.0,112.0,142.0,147.0
80058,250.0,104.0,139.0,137.0
80059,293.0,104.0,177.0,161.0
80060,249.0,95.0,134.0,136.0
80061,227.0,66.0,134.0,130.0
80062,257.0,112.0,140.0,126.0
80063,240.0,199.0,136.0,149.0
80064,262.0,120.0,137.0,138.0
80065,250.0,69.0,138.0,137.0
80066,235.0,98.0,139.0,128.0
80067,244.0,77.0,146.0,139.0
80068,253.0,147.0,145.0,138.0
80069,239.0,69.0,140.0,134.0
80070,229.0,199.0,125.0,128.0
80071,245.0,154.0,148.0,124.0
80072,242.0,236.0,133.0,134.0
80073,271.0,122.0,164.0,154.0
80074,239.0,210.0,142.0,139.0
80075,238.0,115.0,126.0,148.0
80076,237.0,132.0,118.0,129.0
80077,268.0,152.0,144.0,156.0
80078,243.0,127.0,140.0,143.0
80079,256.0,221.0,147.0,138.0
80080,243.0,97.0,146.0,134.0
80081,274.0,133.0,144.0,167.0
80082,217.0,84.0,124.0,123.0
80083,255.0,79.0,139.0,148.0
80084,235.0,79.0,140.0,122.0
80085,260.0,90.0,155.0,141.0
80086,254.0,119.0,146.0,129.0
80087,235.0,126.0,133.0,122.0
80088,254.0,91.0,150.0,132.0
80089,271.0,160.0,144.0,161.0
80090,248.0,88.0,157.0,136.0
80091,256.0,115.0,148.0,146.0
80092,240.0,134.0,135.0,140.0
80093,234.0,86.0,128.0,131.0
80094,277.0,127.0,157.0,158.0
80095,289.0,127.0,172.0,165.0
80096,256.0,120.0,151.0,150.0
80097,263.0,122.0,156.0,158.0
80098,265.0,179.0,144.0,150.0
80099,251.0,118.0,129.0,132.0
80100,258.0,90.0,155.0,128.0
80101,239.0,99.0,136.0,125.0
80102,283.0,262.0,160.0,164.0
80103,275.0,98.0,157.0,153.0
80104,230.0,107.0,139.0,120.0
80105,253.0,107.0,155.0,139.0
80106,257.0,96.0,150.0,161.0
80107,243.0,99.0,142.0,126.0
80108,281.0,138.0,158.0,152.0
80109,246.0,198.0,136.0,129.0
80110,262.0,214.0,155.0,161.0
80111,231.0,210.0,120.0,125.0
80112,240.0,202.0,132.0,135.0
80113,239.0,113.0,134.0,138.0
80114,264.0,135.0,154.0,150.0
80115,236.0,94.0,140.0,132.0
80116,257.0,89.0,150.0,130.0
80117,256.0,227.0,149.0,154.0
80118,244.0,103.0,145.0,124.0
80119,240.0,110.0,141.0,131.0
80120,239.0,213.0,134.0,136.0
80121,256.0,256.0,146.0,152.0
80122,232.0,232.0,125.0,142.0
80123,254.0,128.0,129.0,137.0
80124,245.0,114.0,137.0,135.0
80125,252.0,113.0,144.0,147.0
80126,280.0,256.0,141.0,154.0
80127,244.0,62.0,131.0,144.0
80128,267.0,133.0,145.0,147.0
80129,269.0,208.0,152.0,150.0
80130,241.0,192.0,133.0,126.0
80131,268.0,80.0,156.0,144.0
80132,256.0,144.0,135.0,123.0
80133,230.0,126.0,138.0,128.0
80134,248.0,120.0,149.0,137.0
80135,271.0,200.0,148.0,152.0
80136,263.0,134.0,163.0,141.0
80137,247.0,121.0,142.0,137.0
80138,243.0,85.0,124.0,140.0
80139,241.0,84.0,128.0,142.0
80140,244.0,136.0,137.0,140.0
80141,231.0,126.0,119.0,124.0
80142,249.0,156.0,147.0,146.0
80143,217.0,162.0,130.0,122.0
80144,242.0,122.0,136.0,141.0
80145,256.0,138.0,127.0,155.0
80146,238.0,128.0,129.0,123.0
80147,256.0,232.0,156.0,124.0
80148,238.0,100.0,137.0,129.0
80149,242.0,213.0,145.0,131.0
80150,248.0,80.0,146.0,146.0
80151,260.0,135.0,137.0,151.0
80152,264.0,78.0,160.0,156.0
80153,226.0,128.0,137.0,131.0
80154,254.0,140.0,131.0,151.0
80155,260.0,97.0,148.0,149.0
80156,261.0,159.0,130.0,153.0
80157,257.0,133.0,138.0,147.0
80158,234.0,161.0,121.0,119.0
80159,258.0,89.0,130.0,151.0
80160,258.0,218.0,157.0,136.0
80161,280.0,141.0,144.0,171.0
80162,242.0,89.0,135.0,133.0
80163,236.0,98.0,139.0,136.0
80164,247.0,110.0,140.0,123.0
80165,241.0,117.0,145.0,146.0
80166,251.0,245.0,128.0,144.0
80167,258.0,103.0,153.0,146.0
80168,259.0,220.0,139.0,124.0
80169,249.0,223.0,133.0,149.0
80170,211.0,110.0,128.0,123.0
80171,258.0,95.0,127.0,149.0
80172,257.0,82.0,138.0,148.0
80173,255.0,153.0,147.0,137.0
80174,264.0,102.0,149.0,149.0
80175,268.0,237.0,153.0,150.0
80176,260.0,69.0,145.0,158.0
80177,251.0,100.0,144.0,135.0
80178,228.0,153.0,135.0,127.0
80179,276.0,87.0,166.0,154.0
80180,257.0,127.0,157.0,142.0
80181,263.0,135.0,156.0,159.0
80182,247.0,102.0,129.0,133.0
80183,241.0,147.0,134.0,143.0
80184,230.0,175.0,133.0,137.0
80185,242.0,94.0,136.0,136.0
80186,248.0,154.0,142.0,129.0
80187,275.0,146.0,164.0,146.0
80188,254.0,100.0,148.0,129.0
80189,223.0,99.0,113.0,126.0
80190,271.0,158.0,156.0,145.0
80191,273.0,136.0,155.0,166.0
80192,252.0,150.0,137.0,140.0
80193,245.0,88.0,139.0,127.0
80194,264.0,233.0,147.0,130.0
80195,249.0,135.0,135.0,120.0
80196,242.0,220.0,142.0,131.0
80197,266.0,144.0,144.0,163.0
80198,257.0,126.0,135.0,144.0
80199,245.0,93.0,125.0,131.0
80200,236.0,117.0,134.0,129.0
80201,217.0,72.0,125.0,108.0
80202,268.0,134.0,148.0,139.0
80203,291.0,119.0,159.0,179.0
80204,264.0,141.0,155.0,145.0
80205,253.0,113.0,149.0,147.0
80206,251.0,150.0,149.0,143.0
80207,237.0,150.0,126.0,134.0
80208,251.0,129.0,153.0,133.0
80209,245.0,96.0,128.0,153.0
80210,255.0,237.0,144.0,142.0
80211,259.0,256.0,147.0,156.0
80212,231.0,99.0,122.0,119.0
80213,241.0,139.0,132.0,146.0
80214,266.0,118.0,162.0,157.0
80215,231.0,110.0,134.0,122.0
80216,248.0,221.0,142.0,134.0
80217,236.0,117.0,126.0,127.0
80218,238.0,204.0,126.0,130.0
80219,246.0,101.0,127.0,126.0
80220,268.0,108.0,159.0,158.0
80221,248.0,98.0,130.0,142.0
80222,248.0,176.0,136.0,139.0
80223,260.0,96.0,144.0,156.0
80224,268.0,91.0,144.0,149.0
80225,260.0,95.0,148.0,143.0
80226,244.0,141.0,139.0,125.0
80227,253.0,106.0,136.0,141.0
80228,241.0,90.0,141.0,132.0
80229,248.0,116.0,144.0,118.0
80230,254.0,134.0,147.0,145.0
80231,269.0,139.0,138.0,156.0
80232,248.0,96.0,143.0,142.0
80233,237.0,201.0,130.0,129.0
80234,267.0,132.0,162.0,157.0
80235,248.0,140.0,144.0,135.0
80236,246.0,141.0,152.0,133.0
80237,257.0,223.0,158.0,147.0
80238,270.0,146.0,150.0,165.0
80239,253.0,225.0,126.0,138.0
80240,241.0,93.0,136.0,137.0
80241,246.0,92.0,128.0,144.0
80242,223.0,97.0,127.0,132.0
80243,251.0,127.0,146.0,140.0
80244,225.0,195.0,123.0,130.0
80245,257.0,123.0,124.0,147.0
80246,269.0,139.0,139.0,158.0
80247,235.0,201.0,135.0,140.0
80248,250.0,115.0,144.0,123.0
80249,250.0,83.0,151.0,150.0
80250,248.0,147.0,144.0,140.0
80251,258.0,113.0,156.0,146.0
80252,256.0,128.0,153.0,129.0
80253,211.0,83.0,117.0,117.0
80254,244.0,89.0,130.0,134.0
80255,265.0,80.0,139.0,152.0
80256,258.0,117.0,146.0,147.0
80257,266.0,227.0,147.0,152.0
80258,243.0,100.0,129.0,133.0
80259,249.0,195.0,127.0,135.0
80260,229.0,124.0,118.0,114.0
80261,252.0,110.0,152.0,147.0
80262,252.0,97.0,138.0,148.0
80263,268.0,110.0,150.0,165.0
80264,246.0,109.0,132.0,144.0
80265,248.0,149.0,132.0,145.0
80266,231.0,78.0,129.0,122.0
80267,261.0,81.0,143.0,146.0
80268,240.0,197.0,132.0,134.0
80269,259.0,99.0,151.0,149.0
80270,247.0,246.0,146.0,144.0
80271,235.0,72.0,136.0,117.0
80272,232.0,207.0,144.0,126.0
80273,228.0,206.0,130.0,126.0
80274,266.0,223.0,157.0,138.0
80275,250.0,143.0,161.0,120.0
80276,244.0,128.0,141.0,128.0
80277,230.0,117.0,129.0,123.0
80278,249.0,92.0,146.0,144.0
80279,219.0,114.0,119.0,122.0
80280,246.0,63.0,141.0,132.0
80281,262.0,147.0,141.0,142.0
80282,256.0,217.0,136.0,142.0
80283,266.0,147.0,158.0,151.0
80284,248.0,211.0,149.0,134.0
80285,243.0,112.0,147.0,137.0
80286,267.0,234.0,129.0,147.0
80287,245.0,95.0,131.0,129.0
80288,255.0,82.0,138.0,149.0
80289,255.0,118.0,134.0,144.0
80290,258.0,228.0,153.0,137.0
80291,287.0,139.0,164.0,153.0
80292,272.0,136.0,168.0,150.0
80293,279.0,152.0,147.0,169.0
80294,249.0,141.0,155.0,136.0
80295,261.0,165.0,142.0,140.0
80296,253.0,138.0,140.0,132.0
80297,255.0,126.0,148.0,140.0
80298,240.0,213.0,130.0,130.0
80299,265.0,144.0,151.0,139.0
80300,232.0,158.0,109.0,143.0
80301,252.0,136.0,140.0,141.0
80302,242.0,119.0,138.0,130.0
80303,232.0,124.0,134.0,141.0
80304,237.0,125.0,145.0,142.0
80305,252.0,122.0,148.0,142.0
80306,266.0,62.0,147.0,138.0
80307,247.0,79.0,126.0,148.0
80308,260.0,127.0,147.0,135.0
80309,262.0,162.0,152.0,145.0
80310,271.0,133.0,149.0,139.0
80311,259.0,132.0,119.0,147.0
80312,248.0,123.0,139.0,134.0
80313,251.0,218.0,140.0,136.0
80314,249.0,78.0,151.0,141.0
80315,242.0,114.0,130.0,126.0
80316,243.0,98.0,138.0,147.0
80317,246.0,125.0,140.0,147.0
80318,239.0,45.0,129.0,145.0
80319,267.0,97.0,157.0,156.0
80320,225.0,125.0,132.0,120.0
80321,256.0,87.0,146.0,142.0
80322,253.0,151.0,137.0,143.0
80323,274.0,61.0,155.0,150.0
80324,247.0,78.0,122.0,132.0
80325,228.0,147.0,121.0,126.0
80326,258.0,90.0,137.0,147.0
80327,250.0,129.0,148.0,141.0
80328,216.0,130.0,125.0,122.0
80329,242.0,136.0,132.0,129.0
80330,228.0,184.0,132.0,134.0
80331,231.0,108.0,126.0,135.0
80332,255.0,139.0,133.0,134.0
80333,261.0,224.0,137.0,151.0
80334,241.0,85.0,137.0,142.0
80335,281.0,150.0,165.0,161.0
80336,242.0,108.0,140.0,140.0
80337,237.0,211.0,119.0,139.0
80338,270.0,234.0,158.0,158.0
80339,273.0,144.0,151.0,151.0
80340,261.0,62.0,157.0,159.0
80341,259.0,134.0,144.0,147.0
80342,286.0,252.0,160.0,170.0
80343,248.0,99.0,138.0,142.0
80344,243.0,82.0,137.0,130.0
80345,247.0,108.0,137.0,144.0
80346,258.0,64.0,134.0,149.0
80347,254.0,200.0,144.0,139.0
80348,225.0,171.0,122.0,125.0
80349,247.0,110.0,149.0,131.0
80350,273.0,126.0,157.0,155.0
80351,242.0,198.0,140.0,132.0
80352,265.0,104.0,151.0,150.0
80353,257.0,231.0,145.0,148.0
80354,244.0,199.0,140.0,132.0
80355,246.0,127.0,132.0,151.0
80356,255.0,228.0,152.0,140.0
80357,252.0,123.0,134.0,149.0
80358,265.0,232.0,152.0,137.0
80359,280.0,119.0,151.0,160.0
80360,239.0,100.0,141.0,144.0
80361,235.0,108.0,112.0,141.0
80362,254.0,221.0,151.0,131.0
80363,255.0,65.0,139.0,144.0
80364,236.0,107.0,122.0,126.0
80365,256.0,143.0,139.0,138.0
80366,265.0,110.0,167.0,147.0
80367,259.0,93.0,137.0,153.0
80368,258.0,120.0,148.0,147.0
80369,262.0,205.0,138.0,149.0
80370,267.0,80.0,141.0,141.0
80371,241.0,129.0,138.0,137.0
80372,250.0,100.0,148.0,130.0
80373,246.0,99.0,133.0,140.0
80374,255.0,77.0,146.0,140.0
80375,247.0,111.0,146.0,126.0
80376,273.0,108.0,157.0,145.0
80377,247.0,154.0,133.0,140.0
80378,252.0,223.0,136.0,136.0
80379,246.0,209.0,144.0,127.0
80380,247.0,93.0,131.0,141.0
80381,246.0,216.0,138.0,137.0
80382,249.0,103.0,140.0,133.0
80383,268.0,249.0,149.0,124.0
80384,244.0,144.0,143.0,126.0
80385,247.0,96.0,141.0,126.0
80386,242.0,108.0,126.0,136.0
80387,253.0,133.0,142.0,135.0
80388,250.0,133.0,138.0,123.0
80389,273.0,234.0,158.0,148.0
80390,262.0,143.0,143.0,143.0
80391,247.0,85.0,144.0,139.0
80392,240.0,94.0,138.0,130.0
80393,247.0,87.0,140.0,113.0
80394,241.0,95.0,125.0,129.0
80395,235.0,90.0,143.0,122.0
80396,246.0,109.0,134.0,145.0
80397,238.0,99.0,142.0,133.0
80398,265.0,115.0,148.0,151.0
80399,257.0,88.0,155.0,137.0
80400,234.0,73.0,126.0,143.0
80401,254.0,74.0,149.0,137.0
80402,243.0,110.0,148.0,138.0
80403,239.0,151.0,153.0,140.0
80404,254.0,224.0,146.0,147.0
80405,250.0,121.0,152.0,135.0
80406,244.0,234.0,131.0,133.0
80407,236.0,95.0,130.0,135.0
80408,250.0,166.0,138.0,126.0
80409,247.0,148.0,152.0,139.0
80410,248.0,227.0,133.0,141.0
80411,251.0,85.0,140.0,144.0
80412,248.0,120.0,129.0,141.0
80413,269.0,113.0,158.0,159.0
80414,252.0,120.0,151.0,151.0
80415,243.0,138.0,149.0,141.0
80416,255.0,121.0,151.0,144.0
80417,257.0,102.0,145.0,152.0
80418,216.0,182.0,109.0,133.0
80419,249.0,111.0,136.0,132.0
80420,245.0,104.0,138.0,145.0
80421,244.0,62.0,139.0,148.0
80422,253.0,220.0,156.0,149.0
80423,266.0,144.0,165.0,145.0
80424,251.0,105.0,150.0,138.0
80425,255.0,223.0,148.0,139.0
80426,238.0,221.0,124.0,135.0
80427,244.0,135.0,131.0,129.0
80428,255.0,76.0,159.0,146.0
80429,247.0,88.0,142.0,150.0
80430,264.0,118.0,150.0,141.0
80431,231.0,92.0,132.0,134.0
80432,261.0,120.0,141.0,146.0
80433,263.0,228.0,149.0,159.0
80434,234.0,124.0,126.0,138.0
80435,244.0,219.0,131.0,120.0
80436,244.0,202.0,136.0,129.0
80437,246.0,136.0,127.0,136.0
80438,271.0,98.0,138.0,138.0
80439,255.0,120.0,144.0,151.0
80440,253.0,106.0,137.0,143.0
80441,243.0,82.0,126.0,135.0
80442,251.0,143.0,154.0,141.0
80443,229.0,69.0,128.0,135.0
80444,255.0,172.0,144.0,143.0
80445,257.0,168.0,140.0,151.0
80446,246.0,113.0,126.0,136.0
80447,271.0,229.0,162.0,156.0
80448,255.0,87.0,137.0,151.0
80449,252.0,131.0,161.0,144.0
80450,250.0,156.0,154.0,120.0
80451,230.0,194.0,124.0,117.0
80452,283.0,79.0,162.0,160.0
80453,247.0,95.0,128.0,141.0
80454,254.0,216.0,150.0,149.0
80455,250.0,112.0,126.0,146.0
80456,232.0,85.0,140.0,138.0
80457,267.0,153.0,147.0,138.0
80458,243.0,143.0,138.0,139.0
80459,254.0,239.0,131.0,156.0
80460,234.0,90.0,128.0,127.0
80461,244.0,119.0,138.0,128.0
80462,234.0,111.0,136.0,142.0
80463,251.0,138.0,129.0,143.0
80464,235.0,127.0,130.0,138.0
80465,242.0,208.0,143.0,136.0
80466,254.0,65.0,151.0,131.0
80467,267.0,72.0,144.0,156.0
80468,283.0,156.0,157.0,173.0
80469,241.0,109.0,146.0,126.0
80470,268.0,102.0,138.0,142.0
80471,243.0,195.0,125.0,144.0
80472,256.0,121.0,144.0,140.0
80473,249.0,86.0,137.0,136.0
80474,280.0,237.0,146.0,145.0
80475,269.0,222.0,157.0,148.0
80476,268.0,135.0,141.0,141.0
80477,252.0,117.0,138.0,137.0
80478,252.0,219.0,148.0,128.0
80479,237.0,105.0,131.0,134.0
80480,248.0,158.0,134.0,148.0
80481,246.0,140.0,140.0,135.0
80482,261.0,149.0,121.0,142.0
80483,253.0,115.0,146.0,141.0
80484,249.0,85.0,142.0,137.0
80485,251.0,123.0,144.0,126.0
80486,259.0,95.0,135.0,152.0
80487,252.0,88.0,141.0,137.0
80488,244.0,136.0,145.0,145.0
80489,257.0,95.0,137.0,143.0
80490,248.0,153.0,139.0,147.0
80491,241.0,95.0,137.0,142.0
80492,245.0,131.0,124.0,138.0
80493,239.0,98.0,127.0,130.0
80494,237.0,210.0,127.0,133.0
80495,228.0,113.0,116.0,130.0
80496,263.0,83.0,148.0,163.0
80497,294.0,144.0,173.0,160.0
80498,257.0,199.0,144.0,145.0
80499,258.0,76.0,138.0,146.0
80500,260.0,137.0,148.0,143.0
80501,223.0,90.0,128.0,124.0
80502,237.0,104.0,135.0,136.0
80503,267.0,79.0,160.0,144.0
80504,239.0,229.0,146.0,120.0
80505,267.0,52.0,136.0,171.0
80506,230.0,110.0,137.0,144.0
80507,229.0,134.0,131.0,137.0
80508,247.0,87.0,141.0,161.0
80509,246.0,156.0,150.0,137.0
80510,255.0,191.0,135.0,133.0
80511,242.0,238.0,125.0,131.0
80512,247.0,128.0,135.0,135.0
80513,249.0,237.0,143.0,152.0
80514,254.0,55.0,141.0,145.0
80515,236.0,202.0,140.0,139.0
80516,245.0,112.0,133.0,138.0
80517,225.0,63.0,129.0,126.0
80518,242.0,50.0,137.0,125.0
80519,259.0,92.0,146.0,135.0
80520,237.0,103.0,153.0,125.0
80521,289.0,128.0,147.0,158.0
80522,242.0,235.0,134.0,129.0
80523,245.0,133.0,135.0,142.0
80524,235.0,119.0,133.0,128.0
80525,255.0,172.0,142.0,139.0
80526,242.0,236.0,128.0,151.0
80527,223.0,100.0,117.0,137.0
80528,263.0,144.0,148.0,154.0
80529,234.0,122.0,137.0,143.0
80530,231.0,88.0,128.0,135.0
80531,229.0,113.0,149.0,127.0
80532,265.0,223.0,145.0,159.0
80533,266.0,112.0,159.0,152.0
80534,256.0,215.0,129.0,157.0
80535,260.0,107.0,133.0,141.0
80536,268.0,192.0,149.0,158.0
80537,261.0,105.0,148.0,151.0
80538,255.0,83.0,139.0,146.0
80539,230.0,120.0,126.0,128.0
80540,264.0,133.0,149.0,145.0
80541,269.0,104.0,147.0,154.0
80542,249.0,151.0,128.0,128.0
80543,251.0,201.0,149.0,131.0
80544,254.0,120.0,157.0,154.0
80545,259.0,215.0,136.0,141.0
80546,265.0,137.0,143.0,154.0
80547,253.0,106.0,153.0,132.0
80548,256.0,89.0,161.0,145.0
80549,245.0,147.0,138.0,127.0
80550,249.0,103.0,127.0,136.0
80551,258.0,89.0,163.0,151.0
80552,243.0,141.0,153.0,129.0
80553,257.0,153.0,141.0,129.0
80554,256.0,110.0,143.0,146.0
80555,285.0,114.0,165.0,145.0
80556,252.0,109.0,136.0,144.0
80557,254.0,74.0,158.0,154.0
80558,244.0,112.0,122.0,146.0
80559,248.0,102.0,133.0,150.0
80560,271.0,139.0,159.0,154.0
80561,265.0,148.0,155.0,142.0
80562,255.0,211.0,135.0,138.0
80563,265.0,94.0,144.0,149.0
80564,253.0,84.0,133.0,139.0
80565,269.0,106.0,149.0,144.0
80566,246.0,111.0,143.0,138.0
80567,232.0,133.0,137.0,120.0
80568,224.0,84.0,123.0,128.0
80569,265.0,235.0,153.0,154.0
80570,224.0,224.0,143.0,139.0
80571,273.0,184.0,142.0,167.0
80572,238.0,152.0,111.0,129.0
80573,278.0,85.0,161.0,174.0
80574,247.0,111.0,142.0,137.0
80575,219.0,107.0,128.0,126.0
80576,225.0,60.0,120.0,135.0
80577,271.0,235.0,160.0,137.0
80578,270.0,239.0,137.0,143.0
80579,253.0,88.0,136.0,152.0
80580,248.0,137.0,127.0,144.0
80581,254.0,133.0,151.0,143.0
80582,257.0,221.0,147.0,136.0
80583,246.0,102.0,152.0,124.0
80584,251.0,100.0,143.0,131.0
80585,256.0,138.0,144.0,141.0
80586,271.0,76.0,153.0,139.0
80587,251.0,116.0,133.0,142.0
80588,238.0,129.0,125.0,140.0
80589,240.0,115.0,137.0,127.0
80590,235.0,111.0,136.0,128.0
80591,268.0,237.0,152.0,154.0
80592,251.0,65.0,134.0,151.0
80593,261.0,93.0,150.0,146.0
80594,240.0,217.0,138.0,131.0
80595,239.0,90.0,129.0,135.0
80596,247.0,89.0,139.0,149.0
80597,265.0,99.0,142.0,151.0
80598,237.0,111.0,135.0,139.0
80599,245.0,62.0,126.0,124.0
80600,222.0,113.0,126.0,120.0
80601,259.0,53.0,149.0,151.0
80602,237.0,106.0,130.0,128.0
80603,288.0,126.0,152.0,167.0
80604,242.0,106.0,139.0,131.0
80605,262.0,231.0,158.0,148.0
80606,233.0,58.0,131.0,124.0
80607,252.0,125.0,136.0,139.0
80608,278.0,134.0,146.0,167.0
80609,247.0,71.0,133.0,126.0
80610,245.0,116.0,139.0,116.0
80611,249.0,79.0,138.0,129.0
80612,235.0,138.0,135.0,122.0
80613,241.0,102.0,131.0,136.0
80614,230.0,204.0,128.0,127.0
80615,240.0,113.0,121.0,131.0
80616,269.0,106.0,138.0,150.0
80617,270.0,52.0,149.0,148.0
80618,241.0,71.0,152.0,126.0
80619,242.0,124.0,133.0,137.0
80620,250.0,104.0,139.0,129.0
80621,252.0,221.0,150.0,142.0
80622,240.0,96.0,135.0,137.0
80623,254.0,135.0,147.0,152.0
80624,241.0,190.0,139.0,125.0
80625,263.0,164.0,158.0,153.0
80626,252.0,195.0,142.0,135.0
80627,254.0,137.0,139.0,142.0
80628,251.0,88.0,152.0,138.0
80629,237.0,73.0,130.0,133.0
80630,243.0,129.0,148.0,145.0
80631,261.0,113.0,134.0,159.0
80632,228.0,126.0,150.0,131.0
80633,273.0,137.0,138.0,149.0
80634,249.0,87.0,137.0,135.0
80635,246.0,119.0,148.0,137.0
80636,271.0,109.0,154.0,153.0
80637,231.0,105.0,134.0,138.0
80638,246.0,219.0,145.0,139.0
80639,253.0,176.0,134.0,142.0
80640,262.0,78.0,141.0,133.0
80641,285.0,100.0,168.0,155.0
80642,255.0,103.0,145.0,137.0
80643,246.0,104.0,142.0,129.0
80644,246.0,108.0,141.0,146.0
80645,269.0,122.0,140.0,142.0
80646,267.0,248.0,157.0,146.0
80647,255.0,115.0,133.0,148.0
80648,234.0,219.0,143.0,135.0
80649,266.0,136.0,160.0,152.0
80650,246.0,126.0,145.0,139.0
80651,266.0,232.0,149.0,155.0
80652,249.0,59.0,149.0,139.0
80653,251.0,113.0,141.0,134.0
80654,253.0,111.0,142.0,140.0
80655,252.0,102.0,145.0,135.0
80656,245.0,227.0,130.0,135.0
80657,234.0,139.0,118.0,122.0
80658,243.0,89.0,131.0,129.0
80659,264.0,107.0,149.0,157.0
80660,244.0,85.0,139.0,134.0
80661,270.0,100.0,147.0,154.0
80662,275.0,155.0,155.0,159.0
80663,275.0,232.0,170.0,161.0
80664,245.0,129.0,135.0,128.0
80665,251.0,90.0,147.0,140.0
80666,255.0,177.0,143.0,163.0
80667,242.0,111.0,152.0,138.0
80668,255.0,141.0,148.0,161.0
80669,250.0,93.0,142.0,129.0
80670,247.0,79.0,131.0,142.0
80671,237.0,135.0,124.0,134.0
80672,245.0,119.0,126.0,135.0
80673,240.0,122.0,135.0,133.0
80674,248.0,92.0,129.0,145.0
80675,252.0,88.0,140.0,155.0
80676,230.0,101.0,127.0,134.0
80677,280.0,102.0,155.0,154.0
80678,261.0,216.0,155.0,157.0
80679,242.0,81.0,129.0,110.0
80680,239.0,79.0,129.0,139.0
80681,249.0,218.0,146.0,139.0
80682,257.0,77.0,145.0,136.0
80683,239.0,146.0,129.0,140.0
80684,254.0,122.0,136.0,145.0
80685,239.0,109.0,136.0,135.0
80686,267.0,133.0,137.0,152.0
80687,246.0,128.0,141.0,129.0
80688,251.0,79.0,146.0,138.0
80689,228.0,108.0,120.0,102.0
80690,254.0,83.0,144.0,140.0
80691,259.0,98.0,151.0,147.0
80692,258.0,83.0,141.0,146.0
80693,262.0,125.0,146.0,146.0
80694,240.0,164.0,138.0,131.0
80695,237.0,167.0,136.0,130.0
80696,272.0,101.0,147.0,159.0
80697,242.0,142.0,132.0,135.0
80698,243.0,174.0,137.0,145.0
80699,237.0,130.0,132.0,135.0
80700,248.0,234.0,138.0,148.0
80701,253.0,102.0,156.0,148.0
80702,255.0,99.0,152.0,135.0
80703,268.0,106.0,138.0,145.0
80704,263.0,86.0,154.0,150.0
80705,251.0,209.0,153.0,138.0
80706,256.0,128.0,121.0,137.0
80707,252.0,102.0,133.0,140.0
80708,237.0,209.0,145.0,137.0
80709,234.0,96.0,133.0,139.0
80710,267.0,126.0,146.0,158.0
80711,248.0,212.0,133.0,137.0
80712,275.0,107.0,159.0,141.0
80713,242.0,224.0,132.0,138.0
80714,265.0,235.0,150.0,158.0
80715,261.0,147.0,159.0,152.0
80716,256.0,102.0,135.0,154.0
80717,244.0,67.0,136.0,141.0
80718,225.0,126.0,132.0,140.0
80719,247.0,93.0,142.0,134.0
80720,253.0,248.0,134.0,141.0
80721,213.0,40.0,131.0,136.0
80722,218.0,81.0,113.0,128.0
80723,245.0,116.0,140.0,129.0
80724,254.0,37.0,142.0,146.0
80725,260.0,90.0,132.0,141.0
80726,249.0,214.0,131.0,133.0
80727,257.0,130.0,148.0,154.0
80728,235.0,190.0,136.0,138.0
80729,245.0,119.0,124.0,137.0
80730,249.0,109.0,137.0,150.0
80731,235.0,112.0,141.0,141.0
80732,253.0,96.0,118.0,158.0
80733,259.0,73.0,139.0,152.0
80734,250.0,126.0,146.0,142.0
80735,270.0,77.0,167.0,129.0
80736,232.0,72.0,125.0,140.0
80737,251.0,160.0,149.0,148.0
80738,258.0,116.0,150.0,126.0
80739,242.0,122.0,146.0,127.0
80740,245.0,101.0,126.0,131.0
80741,253.0,120.0,136.0,142.0
80742,229.0,81.0,131.0,119.0
80743,263.0,214.0,159.0,153.0
80744,254.0,158.0,141.0,133.0
80745,263.0,134.0,151.0,161.0
80746,249.0,107.0,140.0,148.0
80747,268.0,163.0,153.0,138.0
80748,257.0,135.0,135.0,146.0
80749,224.0,113.0,111.0,119.0
80750,248.0,115.0,141.0,142.0
80751,238.0,82.0,128.0,138.0
80752,225.0,201.0,126.0,128.0
80753,252.0,76.0,145.0,143.0
80754,251.0,143.0,139.0,140.0
80755,274.0,87.0,157.0,148.0
80756,255.0,232.0,134.0,138.0
80757,237.0,93.0,141.0,135.0
80758,238.0,149.0,132.0,125.0
80759,246.0,92.0,123.0,147.0
80760,261.0,164.0,155.0,150.0
80761,258.0,120.0,157.0,138.0
80762,232.0,70.0,147.0,136.0
80763,230.0,197.0,139.0,139.0
80764,249.0,90.0,146.0,155.0
80765,268.0,234.0,149.0,133.0
80766,251.0,132.0,148.0,144.0
80767,273.0,119.0,137.0,150.0
80768,249.0,100.0,143.0,149.0
80769,239.0,232.0,125.0,128.0
80770,258.0,98.0,138.0,153.0
80771,262.0,135.0,141.0,151.0
80772,237.0,195.0,131.0,126.0
80773,247.0,146.0,150.0,138.0
80774,230.0,84.0,133.0,127.0
80775,237.0,113.0,128.0,138.0
80776,267.0,96.0,145.0,154.0
80777,247.0,90.0,129.0,131.0
80778,257.0,210.0,144.0,157.0
80779,261.0,113.0,137.0,138.0
80780,264.0,232.0,142.0,152.0
80781,253.0,94.0,141.0,145.0
80782,251.0,222.0,151.0,136.0
80783,243.0,119.0,146.0,123.0
80784,255.0,101.0,149.0,148.0
80785,244.0,90.0,135.0,136.0
80786,260.0,224.0,127.0,141.0
80787,218.0,163.0,124.0,100.0
80788,248.0,145.0,137.0,141.0
80789,248.0,125.0,144.0,113.0
80790,262.0,114.0,142.0,145.0
80791,248.0,124.0,131.0,131.0
80792,256.0,227.0,147.0,138.0
80793,233.0,202.0,117.0,123.0
80794,260.0,94.0,167.0,155.0
80795,261.0,215.0,161.0,128.0
80796,232.0,94.0,131.0,123.0
80797,242.0,193.0,138.0,140.0
80798,266.0,235.0,153.0,141.0
80799,262.0,117.0,164.0,154.0
80800,259.0,98.0,159.0,155.0
80801,228.0,142.0,122.0,119.0
80802,233.0,114.0,129.0,130.0
80803,243.0,112.0,129.0,127.0
80804,244.0,105.0,133.0,148.0
80805,258.0,102.0,147.0,144.0
80806,233.0,67.0,127.0,130.0
80807,243.0,173.0,141.0,124.0
80808,267.0,121.0,135.0,151.0
80809,239.0,38.0,146.0,136.0
80810,258.0,150.0,145.0,139.0
80811,253.0,216.0,143.0,153.0
80812,275.0,151.0,156.0,156.0
80813,256.0,98.0,155.0,137.0
80814,262.0,89.0,144.0,155.0
80815,254.0,127.0,139.0,133.0
80816,255.0,209.0,138.0,136.0
80817,250.0,74.0,148.0,141.0
80818,241.0,149.0,127.0,141.0
80819,231.0,90.0,143.0,129.0
80820,245.0,123.0,146.0,138.0
80821,241.0,89.0,132.0,130.0
80822,264.0,122.0,144.0,141.0
80823,228.0,69.0,125.0,140.0
80824,238.0,81.0,125.0,135.0
80825,267.0,144.0,155.0,151.0
80826,236.0,125.0,129.0,134.0
80827,242.0,128.0,139.0,141.0
80828,238.0,109.0,139.0,146.0
80829,246.0,102.0,143.0,131.0
80830,263.0,121.0,141.0,152.0
80831,255.0,101.0,144.0,123.0
80832,260.0,131.0,142.0,152.0
80833,248.0,80.0,139.0,155.0
80834,253.0,99.0,145.0,143.0
80835,249.0,103.0,148.0,141.0
80836,248.0,216.0,140.0,155.0
80837,279.0,244.0,155.0,157.0
80838,233.0,104.0,133.0,128.0
80839,257.0,177.0,132.0,144.0
80840,260.0,101.0,139.0,140.0
80841,229.0,189.0,135.0,118.0
80842,261.0,106.0,136.0,144.0
80843,260.0,64.0,167.0,136.0
80844,228.0,107.0,121.0,132.0
80845,257.0,117.0,158.0,149.0
80846,237.0,128.0,153.0,134.0
80847,252.0,116.0,143.0,147.0
80848,252.0,135.0,139.0,147.0
80849,261.0,221.0,156.0,140.0
80850,274.0,39.0,161.0,163.0
80851,262.0,131.0,145.0,154.0
80852,239.0,130.0,138.0,111.0
80853,261.0,128.0,142.0,158.0
80854,227.0,74.0,134.0,128.0
80855,261.0,103.0,151.0,156.0
80856,263.0,146.0,142.0,140.0
80857,240.0,98.0,144.0,131.0
80858,242.0,241.0,143.0,144.0
80859,223.0,222.0,136.0,133.0
80860,256.0,132.0,146.0,154.0
80861,252.0,95.0,143.0,138.0
80862,246.0,198.0,129.0,131.0
80863,236.0,106.0,128.0,148.0
80864,237.0,108.0,117.0,136.0
80865,273.0,161.0,157.0,147.0
80866,255.0,81.0,144.0,130.0
80867,256.0,236.0,146.0,138.0
80868,239.0,80.0,133.0,142.0
80869,247.0,116.0,145.0,122.0
80870,244.0,142.0,135.0,130.0
80871,244.0,136.0,146.0,146.0
80872,254.0,101.0,149.0,137.0
80873,263.0,196.0,138.0,148.0
80874,270.0,109.0,150.0,142.0
80875,268.0,52.0,162.0,148.0
80876,260.0,219.0,136.0,146.0
80877,260.0,162.0,153.0,165.0
80878,248.0,112.0,123.0,143.0
80879,243.0,118.0,136.0,142.0
80880,258.0,72.0,141.0,145.0
80881,230.0,102.0,119.0,119.0
80882,277.0,230.0,151.0,139.0
80883,266.0,231.0,146.0,152.0
80884,248.0,105.0,124.0,123.0
80885,249.0,219.0,112.0,143.0
80886,232.0,103.0,131.0,117.0
80887,239.0,79.0,138.0,147.0
80888,250.0,97.0,135.0,157.0
80889,245.0,140.0,140.0,129.0
80890,233.0,198.0,128.0,127.0
80891,254.0,106.0,138.0,145.0
80892,254.0,153.0,139.0,135.0
80893,245.0,124.0,144.0,138.0
80894,246.0,202.0,153.0,131.0
80895,251.0,214.0,143.0,148.0
80896,234.0,126.0,122.0,132.0
80897,277.0,130.0,164.0,148.0
80898,256.0,132.0,132.0,147.0
80899,246.0,102.0,124.0,135.0
80900,265.0,121.0,149.0,151.0
80901,286.0,175.0,161.0,168.0
80902,272.0,241.0,169.0,145.0
80903,269.0,105.0,148.0,143.0
80904,257.0,225.0,143.0,129.0
80905,254.0,132.0,137.0,152.0
80906,258.0,222.0,151.0,143.0
80907,272.0,134.0,162.0,155.0
80908,244.0,107.0,126.0,134.0
80909,281.0,251.0,166.0,155.0
80910,280.0,106.0,152.0,149.0
80911,238.0,82.0,129.0,139.0
80912,261.0,152.0,146.0,150.0
80913,248.0,167.0,130.0,143.0
80914,247.0,101.0,142.0,141.0
80915,224.0,200.0,119.0,125.0
80916,264.0,98.0,151.0,147.0
80917,251.0,104.0,118.0,124.0
80918,238.0,123.0,124.0,135.0
80919,245.0,113.0,132.0,145.0
80920,235.0,105.0,133.0,126.0
80921,238.0,87.0,122.0,127.0
80922,272.0,148.0,143.0,157.0
80923,230.0,194.0,138.0,138.0
80924,238.0,201.0,126.0,141.0
80925,263.0,136.0,150.0,149.0
80926,246.0,101.0,135.0,126.0
80927,264.0,144.0,153.0,142.0
80928,255.0,86.0,143.0,152.0
80929,270.0,234.0,151.0,147.0
80930,241.0,134.0,133.0,123.0
80931,254.0,115.0,148.0,153.0
80932,249.0,136.0,137.0,127.0
80933,245.0,222.0,143.0,141.0
80934,240.0,89.0,126.0,136.0
80935,230.0,93.0,137.0,125.0
80936,247.0,239.0,139.0,144.0
80937,244.0,108.0,138.0,140.0
80938,250.0,107.0,139.0,144.0
80939,269.0,157.0,129.0,164.0
80940,261.0,139.0,160.0,165.0
80941,246.0,76.0,139.0,130.0
80942,250.0,135.0,134.0,130.0
80943,230.0,142.0,131.0,133.0
80944,253.0,217.0,145.0,139.0
80945,263.0,132.0,142.0,151.0
80946,267.0,149.0,149.0,152.0
80947,278.0,153.0,155.0,154.0
80948,248.0,46.0,130.0,140.0
80949,239.0,160.0,129.0,145.0
80950,242.0,156.0,132.0,125.0
80951,247.0,100.0,136.0,146.0
80952,271.0,125.0,145.0,153.0
80953,248.0,142.0,139.0,138.0
80954,227.0,183.0,138.0,118.0
80955,250.0,126.0,136.0,122.0
80956,261.0,145.0,148.0,165.0
80957,263.0,66.0,148.0,149.0
80958,255.0,205.0,137.0,139.0
80959,251.0,128.0,146.0,145.0
80960,263.0,233.0,144.0,155.0
80961,277.0,147.0,158.0,168.0
80962,267.0,98.0,143.0,154.0
80963,235.0,210.0,140.0,131.0
80964,240.0,93.0,123.0,117.0
80965,242.0,109.0,128.0,142.0
80966,249.0,110.0,147.0,128.0
80967,252.0,250.0,140.0,134.0
80968,256.0,89.0,142.0,144.0
80969,248.0,145.0,134.0,162.0
80970,240.0,107.0,136.0,138.0
80971,227.0,135.0,127.0,123.0
80972,231.0,133.0,122.0,136.0
80973,259.0,135.0,159.0,141.0
80974,254.0,51.0,143.0,144.0
80975,256.0,111.0,146.0,135.0
80976,227.0,106.0,119.0,121.0
80977,256.0,217.0,126.0,149.0
80978,264.0,105.0,129.0,154.0
80979,257.0,223.0,148.0,147.0
80980,270.0,125.0,171.0,150.0
80981,234.0,148.0,129.0,135.0
80982,254.0,117.0,160.0,152.0
80983,261.0,135.0,145.0,148.0
80984,253.0,231.0,140.0,140.0
80985,246.0,115.0,152.0,140.0
80986,261.0,108.0,136.0,141.0
80987,244.0,132.0,136.0,139.0
80988,259.0,225.0,143.0,143.0
80989,245.0,217.0,144.0,130.0
80990,259.0,116.0,143.0,153.0
80991,246.0,118.0,139.0,134.0
80992,244.0,84.0,140.0,127.0
80993,263.0,229.0,149.0,142.0
80994,238.0,233.0,151.0,137.0
80995,255.0,219.0,143.0,135.0
80996,259.0,98.0,150.0,146.0
80997,245.0,129.0,144.0,148.0
80998,269.0,123.0,157.0,147.0
80999,270.0,141.0,145.0,159.0
81000,225.0,113.0,130.0,130.0
81001,268.0,125.0,156.0,161.0
81002,269.0,105.0,145.0,151.0
81003,250.0,133.0,153.0,139.0
81004,273.0,247.0,145.0,148.0
81005,233.0,90.0,124.0,133.0
81006,253.0,216.0,150.0,144.0
81007,247.0,100.0,142.0,146.0
81008,261.0,129.0,146.0,149.0
81009,231.0,140.0,127.0,143.0
81010,252.0,116.0,151.0,148.0
81011,232.0,122.0,132.0,124.0
81012,259.0,216.0,126.0,131.0
81013,251.0,133.0,135.0,149.0
81014,266.0,91.0,147.0,153.0
81015,246.0,114.0,153.0,138.0
81016,240.0,96.0,150.0,142.0
81017,269.0,140.0,154.0,149.0
81018,243.0,87.0,148.0,127.0
81019,251.0,98.0,145.0,142.0
81020,245.0,130.0,149.0,146.0
81021,227.0,120.0,122.0,123.0
81022,247.0,202.0,127.0,153.0
81023,260.0,239.0,144.0,150.0
81024,240.0,125.0,132.0,136.0
81025,244.0,168.0,131.0,143.0
81026,248.0,131.0,142.0,138.0
81027,243.0,78.0,150.0,133.0
81028,256.0,227.0,162.0,154.0
81029,256.0,121.0,151.0,138.0
81030,254.0,98.0,142.0,137.0
81031,248.0,119.0,148.0,145.0
81032,279.0,180.0,162.0,149.0
81033,260.0,171.0,130.0,143.0
81034,268.0,99.0,158.0,140.0
81035,246.0,205.0,143.0,136.0
81036,238.0,75.0,127.0,133.0
81037,243.0,93.0,132.0,141.0
81038,241.0,83.0,139.0,145.0
81039,284.0,110.0,158.0,160.0
81040,235.0,96.0,124.0,132.0
81041,249.0,217.0,141.0,147.0
81042,248.0,206.0,135.0,135.0
81043,244.0,200.0,138.0,136.0
81044,265.0,145.0,147.0,154.0
81045,245.0,90.0,140.0,134.0
81046,234.0,88.0,147.0,138.0
81047,244.0,100.0,136.0,137.0
81048,245.0,124.0,137.0,133.0
81049,261.0,139.0,134.0,142.0
81050,264.0,143.0,144.0,152.0
81051,261.0,254.0,154.0,152.0
81052,255.0,115.0,158.0,146.0
81053,233.0,134.0,134.0,133.0
81054,249.0,109.0,155.0,143.0
81055,223.0,201.0,119.0,127.0
81056,242.0,96.0,129.0,135.0
81057,222.0,104.0,128.0,124.0
81058,251.0,100.0,163.0,131.0
81059,245.0,129.0,121.0,141.0
81060,244.0,85.0,143.0,154.0
81061,222.0,217.0,121.0,125.0
81062,250.0,216.0,160.0,148.0
81063,258.0,129.0,154.0,138.0
81064,247.0,86.0,132.0,131.0
81065,237.0,108.0,139.0,140.0
81066,257.0,219.0,125.0,152.0
81067,238.0,119.0,139.0,115.0
81068,271.0,124.0,151.0,154.0
81069,252.0,118.0,143.0,139.0
81070,268.0,141.0,147.0,124.0
81071,235.0,149.0,121.0,135.0
81072,225.0,113.0,116.0,130.0
81073,259.0,130.0,144.0,144.0
81074,246.0,131.0,125.0,128.0
81075,219.0,87.0,128.0,119.0
81076,270.0,253.0,148.0,153.0
81077,239.0,55.0,135.0,121.0
81078,251.0,117.0,160.0,142.0
81079,256.0,109.0,145.0,140.0
81080,228.0,72.0,123.0,126.0
81081,270.0,129.0,165.0,158.0
81082,244.0,112.0,130.0,142.0
81083,246.0,222.0,132.0,142.0
81084,242.0,126.0,138.0,152.0
81085,249.0,73.0,151.0,152.0
81086,253.0,94.0,124.0,145.0
81087,252.0,127.0,141.0,147.0
81088,262.0,127.0,137.0,160.0
81089,264.0,123.0,140.0,141.0
81090,255.0,85.0,136.0,144.0
81091,240.0,93.0,137.0,150.0
81092,227.0,202.0,124.0,122.0
81093,247.0,146.0,140.0,145.0
81094,244.0,212.0,132.0,131.0
81095,264.0,86.0,136.0,148.0
81096,205.0,112.0,109.0,106.0
81097,241.0,103.0,137.0,138.0
81098,267.0,171.0,144.0,145.0
81099,232.0,106.0,123.0,123.0
81100,237.0,93.0,142.0,114.0
81101,223.0,86.0,122.0,116.0
81102,245.0,93.0,136.0,139.0
81103,261.0,103.0,144.0,146.0
81104,264.0,248.0,147.0,146.0
81105,221.0,55.0,125.0,124.0
81106,251.0,161.0,136.0,145.0
81107,262.0,233.0,156.0,149.0
81108,251.0,96.0,145.0,125.0
81109,268.0,118.0,142.0,136.0
81110,237.0,196.0,135.0,142.0
81111,240.0,210.0,153.0,139.0
81112,235.0,115.0,149.0,131.0
81113,238.0,153.0,141.0,121.0
81114,245.0,140.0,136.0,136.0
81115,258.0,106.0,155.0,138.0
81116,242.0,127.0,147.0,133.0
81117,260.0,150.0,142.0,149.0
81118,270.0,116.0,153.0,154.0
81119,233.0,203.0,141.0,128.0
81120,229.0,86.0,115.0,131.0
81121,239.0,94.0,129.0,125.0
81122,285.0,280.0,158.0,157.0
81123,238.0,106.0,130.0,136.0
81124,242.0,90.0,140.0,126.0
81125,261.0,191.0,140.0,139.0
81126,258.0,240.0,147.0,138.0
81127,221.0,83.0,130.0,134.0
81128,238.0,95.0,139.0,138.0
81129,260.0,216.0,154.0,147.0
81130,233.0,141.0,134.0,140.0
81131,244.0,122.0,141.0,137.0
81132,256.0,121.0,141.0,145.0
81133,256.0,190.0,146.0,140.0
81134,257.0,128.0,153.0,160.0
81135,253.0,127.0,143.0,140.0
81136,231.0,123.0,121.0,140.0
81137,238.0,61.0,150.0,132.0
81138,248.0,78.0,136.0,146.0
81139,268.0,87.0,155.0,144.0
81140,268.0,130.0,170.0,150.0
81141,275.0,238.0,159.0,170.0
81142,252.0,95.0,137.0,145.0
81143,263.0,217.0,142.0,157.0
81144,224.0,140.0,138.0,122.0
81145,228.0,224.0,124.0,112.0
81146,262.0,101.0,160.0,141.0
81147,257.0,210.0,138.0,126.0
81148,252.0,218.0,132.0,136.0
81149,280.0,103.0,158.0,167.0
81150,252.0,201.0,134.0,154.0
81151,246.0,200.0,138.0,145.0
81152,252.0,104.0,140.0,148.0
81153,248.0,91.0,142.0,131.0
81154,234.0,94.0,136.0,131.0
81155,249.0,114.0,151.0,127.0
81156,257.0,93.0,151.0,155.0
81157,263.0,253.0,157.0,136.0
81158,252.0,135.0,137.0,138.0
81159,240.0,101.0,126.0,143.0
81160,253.0,72.0,144.0,137.0
81161,256.0,89.0,142.0,142.0
81162,224.0,104.0,113.0,125.0
81163,258.0,225.0,138.0,150.0
81164,243.0,138.0,128.0,120.0
81165,257.0,240.0,130.0,140.0
81166,274.0,91.0,168.0,161.0
81167,282.0,132.0,163.0,154.0
81168,234.0,205.0,132.0,139.0
81169,238.0,103.0,130.0,131.0
81170,231.0,128.0,140.0,133.0
81171,243.0,85.0,123.0,138.0
81172,232.0,117.0,130.0,138.0
81173,240.0,99.0,127.0,138.0
81174,244.0,104.0,139.0,127.0
81175,241.0,155.0,124.0,136.0
81176,264.0,257.0,144.0,139.0
81177,256.0,222.0,139.0,140.0
81178,235.0,146.0,141.0,131.0
81179,265.0,109.0,155.0,138.0
81180,265.0,109.0,141.0,150.0
81181,251.0,114.0,139.0,134.0
81182,262.0,85.0,132.0,153.0
81183,249.0,110.0,137.0,143.0
81184,256.0,100.0,132.0,142.0
81185,252.0,103.0,146.0,154.0
81186,225.0,86.0,124.0,118.0
81187,259.0,127.0,149.0,155.0
81188,251.0,119.0,144.0,153.0
81189,246.0,161.0,131.0,134.0
81190,238.0,231.0,131.0,144.0
81191,260.0,85.0,144.0,136.0
81192,256.0,82.0,156.0,131.0
81193,264.0,221.0,150.0,147.0
81194,234.0,154.0,120.0,140.0
81195,256.0,202.0,151.0,156.0
81196,269.0,103.0,162.0,144.0
81197,237.0,120.0,151.0,126.0
81198,261.0,97.0,138.0,138.0
81199,254.0,116.0,143.0,141.0
81200,237.0,63.0,141.0,133.0
81201,265.0,135.0,154.0,164.0
81202,276.0,65.0,147.0,139.0
81203,263.0,228.0,147.0,132.0
81204,271.0,55.0,139.0,158.0
81205,239.0,89.0,119.0,127.0
81206,264.0,91.0,136.0,153.0
81207,239.0,114.0,131.0,121.0
81208,248.0,91.0,136.0,145.0
81209,247.0,95.0,144.0,146.0
81210,248.0,219.0,124.0,140.0
81211,249.0,125.0,148.0,140.0
81212,275.0,131.0,158.0,148.0
81213,242.0,130.0,135.0,136.0
81214,252.0,66.0,156.0,144.0
81215,225.0,87.0,127.0,128.0
81216,225.0,97.0,119.0,143.0
81217,257.0,114.0,144.0,156.0
81218,255.0,96.0,145.0,157.0
81219,257.0,228.0,145.0,160.0
81220,267.0,122.0,138.0,141.0
81221,253.0,161.0,134.0,156.0
81222,251.0,107.0,152.0,148.0
81223,252.0,147.0,136.0,129.0
81224,241.0,232.0,138.0,147.0
81225,264.0,221.0,154.0,146.0
81226,245.0,102.0,137.0,150.0
81227,257.0,133.0,147.0,138.0
81228,265.0,108.0,130.0,141.0
81229,268.0,126.0,154.0,137.0
81230,258.0,168.0,136.0,142.0
81231,247.0,122.0,123.0,128.0
81232,259.0,105.0,148.0,133.0
81233,271.0,231.0,146.0,150.0
81234,268.0,71.0,153.0,140.0
81235,251.0,82.0,145.0,137.0
81236,242.0,213.0,146.0,143.0
81237,229.0,112.0,126.0,120.0
81238,263.0,231.0,143.0,149.0
81239,221.0,101.0,128.0,122.0
81240,278.0,89.0,150.0,167.0
81241,249.0,110.0,135.0,147.0
81242,270.0,100.0,139.0,139.0
81243,242.0,124.0,132.0,137.0
81244,271.0,138.0,149.0,155.0
81245,266.0,135.0,152.0,153.0
81246,227.0,153.0,123.0,139.0
81247,250.0,90.0,127.0,148.0
81248,229.0,139.0,127.0,128.0
81249,268.0,113.0,142.0,146.0
81250,252.0,68.0,131.0,149.0
81251,231.0,91.0,140.0,145.0
81252,253.0,102.0,135.0,149.0
81253,277.0,236.0,157.0,160.0
81254,249.0,150.0,126.0,136.0
81255,260.0,60.0,142.0,148.0
81256,247.0,73.0,134.0,141.0
81257,233.0,158.0,139.0,143.0
81258,257.0,122.0,145.0,138.0
81259,248.0,102.0,125.0,135.0
81260,239.0,60.0,138.0,145.0
81261,260.0,167.0,147.0,149.0
81262,244.0,82.0,120.0,132.0
81263,240.0,182.0,142.0,142.0
81264,275.0,118.0,168.0,142.0
81265,261.0,168.0,151.0,143.0
81266,230.0,123.0,113.0,131.0
81267,252.0,115.0,146.0,154.0
81268,223.0,129.0,120.0,117.0
81269,261.0,103.0,142.0,157.0
81270,247.0,91.0,140.0,137.0
81271,243.0,105.0,122.0,142.0
81272,233.0,75.0,133.0,137.0
81273,256.0,215.0,136.0,134.0
81274,267.0,157.0,167.0,160.0
81275,244.0,211.0,135.0,129.0
81276,258.0,132.0,130.0,134.0
81277,219.0,121.0,122.0,116.0
81278,248.0,115.0,141.0,139.0
81279,243.0,68.0,148.0,125.0
81280,251.0,218.0,143.0,135.0
81281,231.0,203.0,142.0,127.0
81282,234.0,130.0,134.0,134.0
81283,251.0,195.0,136.0,151.0
81284,255.0,94.0,134.0,148.0
81285,248.0,213.0,134.0,146.0
81286,256.0,115.0,158.0,148.0
81287,243.0,100.0,135.0,134.0
81288,243.0,216.0,151.0,140.0
81289,269.0,124.0,156.0,154.0
81290,230.0,106.0,125.0,125.0
81291,246.0,214.0,122.0,139.0
81292,271.0,100.0,146.0,147.0
81293,213.0,112.0,130.0,115.0
81294,240.0,127.0,141.0,148.0
81295,240.0,121.0,137.0,135.0
81296,250.0,233.0,156.0,138.0
81297,236.0,215.0,115.0,145.0
81298,223.0,187.0,125.0,116.0
81299,232.0,82.0,134.0,118.0
81300,259.0,207.0,159.0,145.0
81301,252.0,213.0,127.0,136.0
81302,256.0,78.0,137.0,124.0
81303,209.0,142.0,118.0,124.0
81304,271.0,224.0,156.0,162.0
81305,260.0,226.0,159.0,152.0
81306,264.0,129.0,137.0,151.0
81307,269.0,134.0,155.0,154.0
81308,243.0,93.0,138.0,128.0
81309,241.0,89.0,132.0,152.0
81310,283.0,152.0,153.0,162.0
81311,251.0,216.0,146.0,140.0
81312,257.0,85.0,148.0,134.0
81313,229.0,119.0,130.0,137.0
81314,262.0,105.0,143.0,148.0
81315,244.0,125.0,133.0,131.0
81316,232.0,85.0,124.0,130.0
81317,266.0,164.0,156.0,155.0
81318,233.0,91.0,131.0,149.0
81319,237.0,105.0,129.0,132.0
81320,270.0,169.0,154.0,154.0
81321,245.0,133.0,144.0,132.0
81322,224.0,154.0,130.0,114.0
81323,254.0,74.0,141.0,137.0
81324,238.0,126.0,147.0,125.0
81325,258.0,71.0,152.0,148.0
81326,256.0,97.0,147.0,140.0
81327,264.0,144.0,137.0,145.0
81328,269.0,267.0,156.0,149.0
81329,260.0,224.0,155.0,135.0
81330,253.0,128.0,146.0,116.0
81331,267.0,146.0,132.0,140.0
81332,252.0,120.0,140.0,147.0
81333,280.0,149.0,159.0,153.0
81334,272.0,128.0,161.0,138.0
81335,253.0,252.0,144.0,132.0
81336,226.0,147.0,120.0,125.0
81337,242.0,94.0,131.0,144.0
81338,256.0,86.0,134.0,154.0
81339,253.0,212.0,143.0,145.0
81340,258.0,154.0,145.0,141.0
81341,282.0,141.0,168.0,167.0
81342,244.0,75.0,135.0,144.0
81343,243.0,76.0,126.0,131.0
81344,263.0,132.0,150.0,145.0
81345,241.0,211.0,145.0,144.0
81346,254.0,91.0,113.0,135.0
81347,232.0,100.0,128.0,119.0
81348,268.0,139.0,157.0,161.0
81349,247.0,219.0,134.0,143.0
81350,244.0,143.0,141.0,139.0
81351,239.0,105.0,128.0,136.0
81352,216.0,178.0,120.0,131.0
81353,250.0,101.0,116.0,137.0
81354,257.0,103.0,151.0,137.0
81355,269.0,124.0,141.0,153.0
81356,257.0,100.0,138.0,144.0
81357,259.0,124.0,153.0,134.0
81358,241.0,213.0,134.0,128.0
81359,224.0,118.0,126.0,128.0
81360,243.0,101.0,145.0,143.0
81361,257.0,251.0,155.0,153.0
81362,241.0,103.0,138.0,134.0
81363,267.0,116.0,160.0,156.0
81364,233.0,118.0,132.0,146.0
81365,240.0,103.0,135.0,125.0
81366,259.0,151.0,144.0,147.0
81367,232.0,102.0,125.0,124.0
81368,246.0,197.0,126.0,144.0
81369,260.0,115.0,144.0,140.0
81370,217.0,92.0,123.0,127.0
81371,270.0,150.0,165.0,139.0
81372,265.0,79.0,155.0,136.0
81373,241.0,69.0,137.0,129.0
81374,234.0,117.0,137.0,113.0
81375,245.0,81.0,129.0,136.0
81376,253.0,98.0,121.0,136.0
81377,256.0,118.0,133.0,155.0
81378,248.0,86.0,129.0,139.0
81379,239.0,160.0,129.0,152.0
81380,238.0,142.0,135.0,126.0
81381,240.0,103.0,133.0,124.0
81382,262.0,77.0,140.0,153.0
81383,262.0,233.0,146.0,150.0
81384,264.0,210.0,130.0,163.0
81385,267.0,244.0,140.0,153.0
81386,276.0,176.0,151.0,145.0
81387,232.0,84.0,141.0,132.0
81388,229.0,189.0,131.0,131.0
81389,271.0,197.0,153.0,156.0
81390,251.0,87.0,139.0,145.0
81391,259.0,224.0,137.0,138.0
81392,260.0,86.0,151.0,147.0
81393,239.0,93.0,141.0,135.0
81394,261.0,107.0,147.0,152.0
81395,284.0,62.0,163.0,155.0
81396,257.0,94.0,146.0,138.0
81397,257.0,132.0,141.0,139.0
81398,254.0,118.0,134.0,143.0
81399,243.0,90.0,133.0,125.0
81400,269.0,99.0,138.0,176.0
81401,260.0,230.0,153.0,139.0
81402,247.0,102.0,130.0,129.0
81403,247.0,94.0,153.0,147.0
81404,260.0,89.0,163.0,149.0
81405,270.0,98.0,154.0,159.0
81406,229.0,120.0,123.0,132.0
81407,269.0,137.0,134.0,142.0
81408,251.0,74.0,133.0,138.0
81409,249.0,111.0,128.0,137.0
81410,253.0,58.0,152.0,129.0
81411,245.0,65.0,128.0,138.0
81412,257.0,104.0,155.0,150.0
81413,262.0,102.0,139.0,138.0
81414,235.0,143.0,120.0,133.0
81415,258.0,97.0,139.0,147.0
81416,261.0,115.0,148.0,137.0
81417,259.0,100.0,143.0,147.0
81418,279.0,134.0,156.0,161.0
81419,239.0,228.0,134.0,147.0
81420,254.0,131.0,145.0,153.0
81421,263.0,106.0,145.0,139.0
81422,236.0,118.0,134.0,142.0
81423,235.0,85.0,141.0,138.0
81424,266.0,128.0,140.0,139.0
81425,288.0,130.0,145.0,171.0
81426,256.0,70.0,135.0,138.0
81427,265.0,255.0,156.0,157.0
81428,238.0,206.0,139.0,134.0
81429,247.0,134.0,137.0,140.0
81430,221.0,191.0,125.0,121.0
81431,246.0,118.0,129.0,137.0
81432,253.0,118.0,130.0,127.0
81433,247.0,122.0,132.0,136.0
81434,256.0,137.0,129.0,152.0
81435,266.0,80.0,154.0,146.0
81436,245.0,119.0,127.0,138.0
81437,264.0,140.0,133.0,145.0
81438,258.0,92.0,137.0,151.0
81439,277.0,105.0,159.0,142.0
81440,248.0,197.0,151.0,145.0
81441,243.0,101.0,151.0,150.0
81442,244.0,210.0,128.0,146.0
81443,258.0,177.0,132.0,144.0
81444,243.0,91.0,131.0,149.0
81445,280.0,93.0,138.0,152.0
81446,244.0,86.0,134.0,138.0
81447,276.0,265.0,171.0,141.0
81448,265.0,144.0,147.0,163.0
81449,220.0,183.0,128.0,123.0
81450,229.0,121.0,133.0,125.0
81451,250.0,207.0,134.0,141.0
81452,261.0,151.0,144.0,146.0
81453,268.0,139.0,159.0,140.0
81454,249.0,138.0,134.0,131.0
81455,254.0,69.0,126.0,130.0
81456,270.0,139.0,146.0,157.0
81457,257.0,206.0,136.0,137.0
81458,266.0,92.0,148.0,158.0
81459,260.0,145.0,149.0,149.0
81460,247.0,239.0,150.0,149.0
81461,229.0,197.0,125.0,123.0
81462,256.0,160.0,136.0,140.0
81463,240.0,198.0,141.0,120.0
81464,235.0,106.0,132.0,136.0
81465,274.0,135.0,156.0,141.0
81466,238.0,120.0,123.0,133.0
81467,255.0,224.0,144.0,148.0
81468,265.0,154.0,146.0,167.0
81469,253.0,130.0,136.0,132.0
81470,239.0,127.0,135.0,145.0
81471,239.0,190.0,140.0,128.0
81472,278.0,130.0,149.0,157.0
81473,236.0,207.0,148.0,127.0
81474,250.0,219.0,143.0,138.0
81475,279.0,138.0,158.0,165.0
81476,251.0,232.0,129.0,151.0
81477,261.0,112.0,140.0,143.0
81478,250.0,218.0,129.0,151.0
81479,245.0,106.0,137.0,147.0
81480,226.0,50.0,104.0,125.0
81481,253.0,215.0,151.0,138.0
81482,231.0,156.0,132.0,137.0
81483,243.0,113.0,128.0,143.0
81484,233.0,118.0,146.0,128.0
81485,254.0,110.0,139.0,130.0
81486,259.0,130.0,145.0,147.0
81487,252.0,101.0,130.0,136.0
81488,238.0,167.0,142.0,126.0
81489,259.0,254.0,141.0,144.0
81490,262.0,101.0,149.0,155.0
81491,245.0,146.0,137.0,140.0
81492,266.0,112.0,139.0,167.0
81493,269.0,103.0,138.0,159.0
81494,237.0,206.0,126.0,135.0
81495,219.0,201.0,138.0,128.0
81496,265.0,224.0,153.0,143.0
81497,230.0,161.0,134.0,129.0
81498,238.0,65.0,145.0,126.0
81499,253.0,95.0,140.0,150.0
81500,267.0,154.0,126.0,159.0
81501,257.0,117.0,139.0,146.0
81502,263.0,111.0,150.0,149.0
81503,246.0,97.0,130.0,137.0
81504,244.0,135.0,133.0,142.0
81505,265.0,90.0,144.0,145.0
81506,263.0,147.0,133.0,133.0
81507,261.0,101.0,150.0,140.0
81508,259.0,120.0,144.0,149.0
81509,239.0,59.0,130.0,132.0
81510,250.0,105.0,141.0,152.0
81511,236.0,184.0,131.0,145.0
81512,251.0,77.0,149.0,153.0
81513,251.0,93.0,134.0,135.0
81514,260.0,126.0,156.0,143.0
81515,250.0,118.0,153.0,135.0
81516,258.0,222.0,152.0,146.0
81517,290.0,84.0,173.0,150.0
81518,249.0,248.0,134.0,138.0
81519,236.0,108.0,156.0,133.0
81520,249.0,72.0,141.0,132.0
81521,232.0,87.0,134.0,134.0
81522,259.0,68.0,154.0,139.0
81523,241.0,126.0,147.0,132.0
81524,260.0,223.0,158.0,157.0
81525,243.0,110.0,138.0,135.0
81526,222.0,144.0,121.0,133.0
81527,248.0,106.0,119.0,125.0
81528,253.0,112.0,144.0,139.0
81529,251.0,110.0,142.0,146.0
81530,258.0,211.0,130.0,159.0
81531,246.0,215.0,116.0,145.0
81532,255.0,108.0,132.0,151.0
81533,257.0,76.0,144.0,145.0
81534,249.0,213.0,127.0,143.0
81535,232.0,106.0,126.0,131.0
81536,244.0,91.0,137.0,127.0
81537,245.0,66.0,144.0,124.0
81538,276.0,230.0,140.0,163.0
81539,227.0,94.0,125.0,130.0
81540,261.0,103.0,157.0,139.0
81541,239.0,109.0,150.0,129.0
81542,243.0,75.0,116.0,140.0
81543,266.0,149.0,153.0,152.0
81544,252.0,109.0,143.0,137.0
81545,262.0,67.0,151.0,145.0
81546,241.0,218.0,142.0,126.0
81547,253.0,116.0,151.0,152.0
81548,254.0,91.0,143.0,144.0
81549,251.0,127.0,140.0,154.0
81550,269.0,107.0,147.0,158.0
81551,238.0,75.0,130.0,137.0
81552,261.0,103.0,164.0,137.0
81553,253.0,139.0,139.0,144.0
81554,232.0,100.0,134.0,123.0
81555,251.0,79.0,145.0,156.0
81556,236.0,124.0,132.0,131.0
81557,261.0,74.0,158.0,138.0
81558,228.0,104.0,129.0,127.0
81559,256.0,71.0,157.0,142.0
81560,243.0,118.0,116.0,139.0
81561,239.0,115.0,136.0,140.0
81562,265.0,222.0,148.0,145.0
81563,256.0,229.0,127.0,128.0
81564,261.0,139.0,137.0,146.0
81565,266.0,88.0,156.0,140.0
81566,243.0,111.0,130.0,133.0
81567,244.0,136.0,145.0,142.0
81568,246.0,103.0,135.0,147.0
81569,252.0,139.0,148.0,140.0
81570,241.0,204.0,141.0,142.0
81571,243.0,151.0,141.0,142.0
81572,254.0,124.0,144.0,160.0
81573,245.0,111.0,140.0,128.0
81574,250.0,224.0,138.0,136.0
81575,264.0,234.0,148.0,158.0
81576,253.0,115.0,132.0,138.0
81577,235.0,131.0,121.0,116.0
81578,245.0,127.0,131.0,127.0
81579,259.0,98.0,149.0,146.0
81580,261.0,246.0,161.0,151.0
81581,254.0,106.0,134.0,136.0
81582,233.0,128.0,110.0,125.0
81583,248.0,107.0,129.0,156.0
81584,249.0,68.0,154.0,154.0
81585,262.0,111.0,128.0,148.0
81586,271.0,112.0,155.0,151.0
81587,240.0,198.0,127.0,129.0
81588,255.0,129.0,140.0,119.0
81589,251.0,213.0,131.0,144.0
81590,221.0,192.0,126.0,117.0
81591,254.0,108.0,159.0,145.0
81592,248.0,159.0,143.0,141.0
81593,253.0,96.0,134.0,149.0
81594,269.0,155.0,158.0,152.0
81595,251.0,129.0,133.0,143.0
81596,253.0,105.0,146.0,150.0
81597,247.0,102.0,124.0,140.0
81598,242.0,102.0,147.0,129.0
81599,253.0,217.0,150.0,134.0
81600,251.0,99.0,143.0,134.0
81601,256.0,167.0,141.0,132.0
81602,239.0,215.0,137.0,141.0
81603,248.0,127.0,133.0,141.0
81604,238.0,205.0,121.0,114.0
81605,260.0,216.0,138.0,131.0
81606,261.0,128.0,144.0,147.0
81607,235.0,200.0,134.0,141.0
81608,229.0,189.0,137.0,142.0
81609,249.0,226.0,142.0,151.0
81610,219.0,89.0,123.0,119.0
81611,269.0,260.0,170.0,163.0
81612,246.0,128.0,144.0,153.0
81613,271.0,129.0,149.0,132.0
81614,245.0,111.0,146.0,139.0
81615,243.0,96.0,135.0,125.0
81616,252.0,116.0,142.0,139.0
81617,252.0,133.0,144.0,140.0
81618,246.0,197.0,144.0,159.0
81619,242.0,120.0,138.0,124.0
81620,221.0,171.0,114.0,117.0
81621,257.0,89.0,148.0,142.0
81622,263.0,232.0,144.0,135.0
81623,236.0,80.0,119.0,129.0
81624,233.0,116.0,132.0,133.0
81625,252.0,157.0,140.0,135.0
81626,255.0,69.0,144.0,164.0
81627,227.0,94.0,118.0,132.0
81628,264.0,236.0,153.0,149.0
81629,247.0,110.0,128.0,140.0
81630,246.0,103.0,150.0,141.0
81631,246.0,104.0,138.0,138.0
81632,257.0,155.0,147.0,152.0
81633,232.0,120.0,123.0,133.0
81634,238.0,99.0,121.0,133.0
81635,232.0,112.0,122.0,132.0
81636,249.0,93.0,142.0,137.0
81637,240.0,66.0,129.0,125.0
81638,252.0,101.0,141.0,145.0
81639,245.0,130.0,139.0,141.0
81640,259.0,121.0,143.0,139.0
81641,258.0,231.0,131.0,157.0
81642,259.0,248.0,143.0,154.0
81643,252.0,128.0,141.0,127.0
81644,244.0,107.0,142.0,121.0
81645,301.0,95.0,176.0,165.0
81646,251.0,143.0,130.0,139.0
81647,255.0,145.0,150.0,145.0
81648,243.0,113.0,124.0,135.0
81649,253.0,155.0,146.0,145.0
81650,250.0,114.0,145.0,142.0
81651,230.0,152.0,124.0,131.0
81652,225.0,117.0,109.0,125.0
81653,240.0,101.0,132.0,137.0
81654,262.0,144.0,157.0,153.0
81655,265.0,115.0,142.0,150.0
81656,247.0,124.0,138.0,151.0
81657,242.0,120.0,147.0,140.0
81658,232.0,202.0,118.0,121.0
81659,287.0,249.0,146.0,167.0
81660,262.0,127.0,151.0,150.0
81661,251.0,116.0,129.0,140.0
81662,226.0,116.0,123.0,137.0
81663,245.0,84.0,125.0,139.0
81664,234.0,114.0,122.0,115.0
81665,231.0,68.0,123.0,122.0
81666,241.0,178.0,126.0,140.0
81667,241.0,85.0,126.0,127.0
81668,229.0,95.0,127.0,119.0
81669,250.0,147.0,140.0,128.0
81670,239.0,211.0,122.0,128.0
81671,270.0,71.0,152.0,141.0
81672,241.0,112.0,135.0,135.0
81673,277.0,148.0,157.0,162.0
81674,244.0,130.0,134.0,139.0
81675,250.0,72.0,137.0,141.0
81676,254.0,89.0,148.0,142.0
81677,234.0,82.0,130.0,144.0
81678,257.0,101.0,147.0,140.0
81679,257.0,220.0,137.0,151.0
81680,261.0,230.0,150.0,142.0
81681,278.0,131.0,143.0,161.0
81682,254.0,233.0,134.0,136.0
81683,254.0,219.0,149.0,138.0
81684,249.0,113.0,141.0,141.0
81685,262.0,83.0,137.0,152.0
81686,250.0,117.0,148.0,150.0
81687,233.0,109.0,139.0,145.0
81688,246.0,131.0,130.0,136.0
81689,245.0,120.0,134.0,126.0
81690,251.0,134.0,131.0,152.0
81691,253.0,124.0,158.0,139.0
81692,250.0,85.0,155.0,137.0
81693,250.0,105.0,134.0,130.0
81694,232.0,111.0,131.0,128.0
81695,242.0,125.0,155.0,116.0
81696,252.0,103.0,148.0,145.0
81697,249.0,114.0,144.0,129.0
81698,240.0,210.0,133.0,131.0
81699,248.0,214.0,141.0,136.0
81700,258.0,131.0,150.0,150.0
81701,261.0,210.0,146.0,132.0
81702,249.0,95.0,144.0,128.0
81703,252.0,89.0,142.0,133.0
81704,234.0,112.0,128.0,136.0
81705,231.0,204.0,135.0,130.0
81706,271.0,119.0,165.0,163.0
81707,262.0,167.0,150.0,149.0
81708,261.0,111.0,152.0,141.0
81709,244.0,78.0,136.0,146.0
81710,285.0,129.0,154.0,168.0
81711,243.0,118.0,140.0,127.0
81712,274.0,228.0,151.0,139.0
81713,258.0,237.0,129.0,151.0
81714,267.0,50.0,142.0,138.0
81715,241.0,142.0,133.0,132.0
81716,252.0,87.0,144.0,140.0
81717,277.0,101.0,158.0,168.0
81718,245.0,241.0,137.0,138.0
81719,252.0,193.0,146.0,151.0
81720,260.0,134.0,148.0,147.0
81721,251.0,123.0,139.0,132.0
81722,258.0,157.0,138.0,139.0
81723,240.0,91.0,130.0,136.0
81724,226.0,78.0,120.0,131.0
81725,232.0,198.0,140.0,130.0
81726,264.0,262.0,144.0,162.0
81727,253.0,118.0,139.0,141.0
81728,264.0,74.0,139.0,166.0
81729,244.0,97.0,129.0,127.0
81730,231.0,108.0,133.0,127.0
81731,265.0,106.0,142.0,157.0
81732,239.0,97.0,134.0,142.0
81733,249.0,162.0,144.0,147.0
81734,224.0,117.0,129.0,121.0
81735,254.0,105.0,143.0,146.0
81736,257.0,113.0,144.0,137.0
81737,263.0,81.0,139.0,149.0
81738,252.0,66.0,146.0,151.0
81739,273.0,110.0,149.0,141.0
81740,236.0,202.0,131.0,126.0
81741,249.0,74.0,120.0,127.0
81742,249.0,210.0,135.0,148.0
81743,255.0,129.0,149.0,145.0
81744,243.0,114.0,114.0,133.0
81745,256.0,127.0,146.0,151.0
81746,230.0,193.0,136.0,118.0
81747,238.0,149.0,145.0,118.0
81748,249.0,122.0,136.0,145.0
81749,266.0,144.0,168.0,146.0
81750,273.0,188.0,157.0,162.0
81751,249.0,211.0,154.0,135.0
81752,252.0,193.0,134.0,146.0
81753,266.0,111.0,152.0,143.0
81754,260.0,121.0,146.0,158.0
81755,266.0,230.0,158.0,151.0
81756,248.0,128.0,130.0,151.0
81757,271.0,173.0,148.0,149.0
81758,250.0,222.0,124.0,147.0
81759,252.0,91.0,139.0,142.0
81760,248.0,115.0,126.0,142.0
81761,239.0,124.0,132.0,145.0
81762,228.0,72.0,133.0,128.0
81763,263.0,118.0,143.0,133.0
81764,255.0,225.0,144.0,153.0
81765,244.0,218.0,113.0,151.0
81766,239.0,94.0,142.0,139.0
81767,260.0,175.0,148.0,152.0
81768,238.0,118.0,128.0,138.0
81769,248.0,87.0,141.0,142.0
81770,272.0,159.0,154.0,166.0
81771,266.0,98.0,162.0,145.0
81772,247.0,130.0,151.0,159.0
81773,253.0,118.0,137.0,136.0
81774,243.0,146.0,138.0,133.0
81775,247.0,130.0,129.0,137.0
81776,247.0,106.0,142.0,134.0
81777,264.0,139.0,134.0,153.0
81778,265.0,107.0,130.0,155.0
81779,243.0,112.0,133.0,133.0
81780,226.0,199.0,136.0,130.0
81781,213.0,186.0,114.0,126.0
81782,244.0,112.0,142.0,136.0
81783,248.0,220.0,137.0,132.0
81784,267.0,117.0,152.0,142.0
81785,273.0,140.0,155.0,153.0
81786,267.0,247.0,149.0,160.0
81787,260.0,203.0,138.0,147.0
81788,267.0,126.0,164.0,154.0
81789,256.0,118.0,138.0,160.0
81790,239.0,88.0,129.0,135.0
81791,268.0,132.0,147.0,139.0
81792,261.0,160.0,160.0,150.0
81793,254.0,135.0,150.0,147.0
81794,237.0,141.0,146.0,131.0
81795,256.0,134.0,145.0,148.0
81796,269.0,118.0,161.0,143.0
81797,255.0,203.0,132.0,162.0
81798,261.0,111.0,154.0,130.0
81799,255.0,235.0,133.0,139.0
81800,236.0,119.0,123.0,133.0
81801,248.0,127.0,141.0,135.0
81802,240.0,123.0,142.0,143.0
81803,244.0,113.0,144.0,128.0
81804,257.0,147.0,135.0,148.0
81805,244.0,111.0,140.0,135.0
81806,251.0,88.0,160.0,155.0
81807,262.0,122.0,146.0,147.0
81808,249.0,69.0,148.0,137.0
81809,252.0,126.0,153.0,143.0
81810,258.0,207.0,149.0,150.0
81811,259.0,156.0,144.0,147.0
81812,249.0,113.0,138.0,130.0
81813,245.0,89.0,145.0,148.0
81814,259.0,110.0,147.0,136.0
81815,242.0,83.0,141.0,129.0
81816,245.0,143.0,125.0,129.0
81817,255.0,100.0,146.0,152.0
81818,241.0,204.0,135.0,140.0
81819,252.0,95.0,135.0,136.0
81820,223.0,191.0,135.0,129.0
81821,251.0,219.0,124.0,152.0
81822,233.0,228.0,146.0,125.0
81823,261.0,87.0,153.0,144.0
81824,224.0,64.0,125.0,123.0
81825,262.0,218.0,142.0,141.0
81826,251.0,157.0,144.0,128.0
81827,255.0,175.0,155.0,147.0
81828,237.0,144.0,139.0,140.0
81829,265.0,99.0,140.0,153.0
81830,248.0,78.0,147.0,149.0
81831,261.0,140.0,155.0,152.0
81832,252.0,89.0,136.0,145.0
81833,239.0,119.0,130.0,126.0
81834,223.0,80.0,128.0,120.0
81835,269.0,60.0,155.0,160.0
81836,249.0,121.0,134.0,138.0
81837,264.0,85.0,153.0,153.0
81838,279.0,249.0,163.0,159.0
81839,246.0,120.0,123.0,131.0
81840,255.0,152.0,133.0,157.0
81841,225.0,109.0,139.0,142.0
81842,258.0,231.0,145.0,153.0
81843,250.0,88.0,139.0,128.0
81844,248.0,100.0,135.0,134.0
81845,279.0,133.0,152.0,158.0
81846,270.0,240.0,165.0,167.0
81847,253.0,214.0,138.0,145.0
81848,247.0,166.0,146.0,137.0
81849,251.0,105.0,157.0,134.0
81850,248.0,155.0,152.0,136.0
81851,239.0,170.0,145.0,124.0
81852,265.0,143.0,152.0,144.0
81853,254.0,143.0,134.0,139.0
81854,223.0,115.0,144.0,139.0
81855,261.0,50.0,151.0,155.0
81856,278.0,91.0,162.0,159.0
81857,252.0,159.0,160.0,130.0
81858,244.0,132.0,143.0,137.0
81859,249.0,144.0,144.0,138.0
81860,242.0,83.0,129.0,124.0
81861,236.0,148.0,120.0,135.0
81862,248.0,130.0,140.0,151.0
81863,274.0,87.0,168.0,164.0
81864,260.0,119.0,141.0,138.0
81865,248.0,76.0,135.0,143.0
81866,252.0,147.0,143.0,150.0
81867,251.0,86.0,138.0,146.0
81868,261.0,228.0,128.0,152.0
81869,250.0,119.0,145.0,137.0
81870,244.0,118.0,137.0,130.0
81871,261.0,229.0,149.0,138.0
81872,262.0,226.0,150.0,131.0
81873,236.0,118.0,136.0,140.0
81874,250.0,234.0,137.0,139.0
81875,247.0,207.0,120.0,140.0
81876,249.0,152.0,136.0,139.0
81877,238.0,191.0,125.0,116.0
81878,243.0,94.0,131.0,139.0
81879,244.0,109.0,133.0,136.0
81880,261.0,227.0,156.0,149.0
81881,260.0,113.0,141.0,145.0
81882,263.0,126.0,145.0,140.0
81883,228.0,205.0,139.0,146.0
81884,250.0,106.0,139.0,127.0
81885,238.0,88.0,128.0,122.0
81886,262.0,189.0,141.0,153.0
81887,219.0,201.0,126.0,123.0
81888,240.0,128.0,134.0,138.0
81889,254.0,144.0,139.0,153.0
81890,229.0,82.0,145.0,123.0
81891,257.0,132.0,150.0,145.0
81892,252.0,207.0,142.0,142.0
81893,250.0,246.0,143.0,135.0
81894,252.0,94.0,138.0,148.0
81895,247.0,110.0,126.0,140.0
81896,252.0,98.0,123.0,143.0
81897,255.0,135.0,170.0,142.0
81898,248.0,121.0,139.0,160.0
81899,258.0,222.0,150.0,137.0
81900,245.0,117.0,145.0,130.0
81901,238.0,112.0,131.0,136.0
81902,207.0,130.0,116.0,119.0
81903,268.0,111.0,141.0,142.0
81904,240.0,229.0,134.0,120.0
81905,252.0,213.0,165.0,161.0
81906,277.0,165.0,159.0,165.0
81907,259.0,82.0,144.0,139.0
81908,264.0,139.0,125.0,136.0
81909,257.0,127.0,147.0,146.0
81910,233.0,92.0,141.0,149.0
81911,240.0,113.0,137.0,139.0
81912,264.0,132.0,148.0,148.0
81913,244.0,99.0,128.0,151.0
81914,225.0,120.0,117.0,119.0
81915,263.0,231.0,147.0,141.0
81916,268.0,152.0,147.0,150.0
81917,260.0,215.0,144.0,139.0
81918,250.0,79.0,132.0,137.0
81919,250.0,97.0,144.0,146.0
81920,251.0,131.0,137.0,130.0
81921,244.0,64.0,144.0,156.0
81922,251.0,117.0,141.0,131.0
81923,238.0,209.0,139.0,140.0
81924,249.0,209.0,146.0,141.0
81925,233.0,101.0,137.0,112.0
81926,243.0,203.0,130.0,118.0
81927,260.0,68.0,139.0,149.0
81928,236.0,146.0,141.0,137.0
81929,239.0,71.0,142.0,132.0
81930,235.0,72.0,115.0,144.0
81931,259.0,88.0,139.0,159.0
81932,218.0,79.0,127.0,119.0
81933,233.0,144.0,130.0,131.0
81934,256.0,128.0,147.0,145.0
81935,265.0,95.0,151.0,146.0
81936,246.0,238.0,133.0,148.0
81937,263.0,110.0,139.0,140.0
81938,239.0,67.0,126.0,133.0
81939,271.0,93.0,158.0,154.0
81940,256.0,110.0,143.0,140.0
81941,253.0,124.0,149.0,142.0
81942,239.0,106.0,118.0,123.0
81943,272.0,87.0,157.0,138.0
81944,242.0,87.0,146.0,137.0
81945,279.0,168.0,166.0,148.0
81946,264.0,139.0,144.0,138.0
81947,269.0,129.0,134.0,148.0
81948,240.0,206.0,128.0,141.0
81949,251.0,81.0,146.0,132.0
81950,247.0,88.0,136.0,133.0
81951,260.0,114.0,149.0,135.0
81952,255.0,109.0,145.0,150.0
81953,264.0,110.0,149.0,145.0
81954,243.0,69.0,143.0,136.0
81955,239.0,83.0,137.0,139.0
81956,255.0,125.0,155.0,143.0
81957,276.0,267.0,164.0,146.0
81958,267.0,102.0,140.0,154.0
81959,245.0,220.0,133.0,148.0
81960,247.0,155.0,130.0,138.0
81961,248.0,166.0,146.0,139.0
81962,246.0,105.0,145.0,131.0
81963,236.0,79.0,149.0,145.0
81964,253.0,64.0,130.0,134.0
81965,264.0,191.0,147.0,153.0
81966,255.0,82.0,141.0,135.0
81967,235.0,201.0,136.0,143.0
81968,243.0,114.0,137.0,125.0
81969,236.0,116.0,140.0,140.0
81970,271.0,104.0,152.0,158.0
81971,234.0,100.0,130.0,115.0
81972,244.0,116.0,138.0,141.0
81973,249.0,110.0,135.0,138.0
81974,257.0,136.0,146.0,156.0
81975,257.0,216.0,153.0,152.0
81976,250.0,226.0,144.0,140.0
81977,254.0,114.0,138.0,164.0
81978,236.0,93.0,141.0,124.0
81979,276.0,71.0,156.0,141.0
81980,232.0,121.0,137.0,133.0
81981,257.0,126.0,132.0,131.0
81982,257.0,122.0,144.0,159.0
81983,274.0,135.0,159.0,158.0
81984,232.0,79.0,141.0,138.0
81985,227.0,78.0,145.0,135.0
81986,221.0,64.0,113.0,112.0
81987,254.0,70.0,155.0,139.0
81988,246.0,98.0,139.0,140.0
81989,264.0,114.0,159.0,139.0
81990,264.0,113.0,159.0,148.0
81991,241.0,110.0,144.0,132.0
81992,232.0,195.0,132.0,128.0
81993,244.0,109.0,149.0,139.0
81994,242.0,110.0,119.0,137.0
81995,258.0,120.0,140.0,140.0
81996,219.0,88.0,117.0,129.0
81997,225.0,109.0,132.0,118.0
81998,247.0,127.0,145.0,125.0
81999,246.0,72.0,133.0,133.0
82000,225.0,137.0,135.0,116.0
82001,243.0,128.0,134.0,147.0
82002,257.0,163.0,142.0,138.0
82003,284.0,156.0,162.0,165.0
82004,235.0,101.0,121.0,137.0
82005,231.0,87.0,138.0,129.0
82006,253.0,89.0,139.0,149.0
82007,256.0,77.0,144.0,135.0
82008,261.0,171.0,129.0,144.0
82009,240.0,124.0,143.0,130.0
82010,270.0,136.0,141.0,174.0
82011,267.0,100.0,141.0,165.0
82012,224.0,100.0,124.0,128.0
82013,273.0,111.0,150.0,144.0
82014,237.0,83.0,128.0,126.0
82015,270.0,199.0,137.0,153.0
82016,248.0,116.0,140.0,143.0
82017,238.0,130.0,146.0,139.0
82018,255.0,102.0,148.0,152.0
82019,253.0,147.0,132.0,148.0
82020,256.0,154.0,141.0,124.0
82021,230.0,152.0,129.0,118.0
82022,226.0,187.0,125.0,120.0
82023,261.0,210.0,131.0,137.0
82024,259.0,179.0,147.0,152.0
82025,250.0,167.0,129.0,152.0
82026,246.0,92.0,137.0,151.0
82027,246.0,104.0,120.0,146.0
82028,246.0,147.0,132.0,140.0
82029,254.0,97.0,150.0,142.0
82030,240.0,203.0,122.0,136.0
82031,277.0,88.0,162.0,157.0
82032,220.0,49.0,113.0,123.0
82033,250.0,217.0,131.0,150.0
82034,264.0,128.0,154.0,150.0
82035,257.0,71.0,149.0,143.0
82036,259.0,100.0,127.0,154.0
82037,242.0,126.0,128.0,148.0
82038,240.0,78.0,138.0,138.0
82039,252.0,102.0,135.0,137.0
82040,231.0,115.0,120.0,127.0
82041,243.0,202.0,136.0,134.0
82042,232.0,81.0,138.0,135.0
82043,279.0,85.0,160.0,164.0
82044,233.0,109.0,122.0,129.0
82045,262.0,262.0,142.0,143.0
82046,263.0,175.0,153.0,152.0
82047,253.0,131.0,145.0,139.0
82048,226.0,86.0,135.0,140.0
82049,252.0,129.0,135.0,146.0
82050,225.0,106.0,123.0,127.0
82051,263.0,108.0,160.0,147.0
82052,259.0,103.0,143.0,143.0
82053,252.0,78.0,132.0,137.0
82054,264.0,95.0,149.0,135.0
82055,239.0,231.0,131.0,133.0
82056,219.0,193.0,111.0,132.0
82057,250.0,173.0,129.0,136.0
82058,252.0,90.0,122.0,142.0
82059,251.0,139.0,151.0,131.0
82060,249.0,108.0,139.0,137.0
82061,259.0,257.0,152.0,144.0
82062,243.0,68.0,143.0,136.0
82063,234.0,79.0,135.0,129.0
82064,261.0,75.0,150.0,145.0
82065,242.0,76.0,124.0,131.0
82066,246.0,137.0,126.0,138.0
82067,279.0,223.0,151.0,169.0
82068,270.0,214.0,142.0,167.0
82069,245.0,110.0,135.0,124.0
82070,274.0,164.0,153.0,154.0
82071,256.0,167.0,131.0,148.0
82072,276.0,133.0,146.0,164.0
82073,250.0,135.0,152.0,151.0
82074,277.0,144.0,143.0,144.0
82075,254.0,107.0,130.0,144.0
82076,259.0,230.0,137.0,147.0
82077,254.0,167.0,146.0,148.0
82078,254.0,100.0,150.0,139.0
82079,262.0,116.0,143.0,159.0
82080,249.0,109.0,134.0,143.0
82081,252.0,88.0,143.0,137.0
82082,258.0,83.0,158.0,145.0
82083,251.0,227.0,138.0,141.0
82084,225.0,132.0,133.0,118.0
82085,258.0,125.0,156.0,148.0
82086,264.0,116.0,164.0,137.0
82087,249.0,230.0,133.0,130.0
82088,229.0,199.0,111.0,127.0
82089,276.0,52.0,164.0,163.0
82090,236.0,202.0,116.0,142.0
82091,270.0,136.0,163.0,158.0
82092,241.0,225.0,136.0,130.0
82093,240.0,238.0,124.0,134.0
82094,248.0,121.0,146.0,143.0
82095,248.0,67.0,130.0,144.0
82096,241.0,91.0,134.0,121.0
82097,268.0,118.0,151.0,143.0
82098,280.0,230.0,158.0,152.0
82099,260.0,113.0,141.0,151.0
82100,257.0,136.0,143.0,140.0
82101,253.0,131.0,145.0,148.0
82102,258.0,108.0,153.0,155.0
82103,273.0,223.0,145.0,153.0
82104,246.0,238.0,130.0,126.0
82105,245.0,123.0,132.0,147.0
82106,249.0,119.0,144.0,137.0
82107,237.0,76.0,136.0,134.0
82108,244.0,155.0,138.0,144.0
82109,255.0,94.0,138.0,159.0
82110,244.0,199.0,148.0,142.0
82111,253.0,140.0,132.0,151.0
82112,273.0,102.0,162.0,141.0
82113,251.0,66.0,139.0,152.0
82114,228.0,206.0,139.0,133.0
82115,263.0,118.0,146.0,147.0
82116,269.0,134.0,141.0,150.0
82117,239.0,107.0,129.0,125.0
82118,250.0,157.0,136.0,132.0
82119,249.0,113.0,142.0,132.0
82120,260.0,93.0,144.0,152.0
82121,232.0,77.0,138.0,125.0
82122,245.0,139.0,134.0,146.0
82123,218.0,68.0,124.0,123.0
82124,259.0,133.0,141.0,150.0
82125,240.0,211.0,136.0,150.0
82126,245.0,139.0,131.0,140.0
82127,250.0,183.0,137.0,129.0
82128,247.0,128.0,131.0,138.0
82129,239.0,99.0,144.0,129.0
82130,245.0,200.0,149.0,148.0
82131,241.0,81.0,142.0,136.0
82132,256.0,149.0,146.0,140.0
82133,237.0,85.0,134.0,134.0
82134,254.0,103.0,152.0,129.0
82135,232.0,162.0,120.0,133.0
82136,249.0,217.0,152.0,148.0
82137,258.0,122.0,150.0,144.0
82138,254.0,145.0,151.0,136.0
82139,233.0,132.0,122.0,121.0
82140,263.0,117.0,134.0,138.0
82141,244.0,219.0,139.0,128.0
82142,242.0,90.0,122.0,131.0
82143,248.0,90.0,142.0,139.0
82144,261.0,113.0,153.0,148.0
82145,241.0,117.0,142.0,140.0
82146,250.0,180.0,141.0,144.0
82147,236.0,61.0,134.0,141.0
82148,243.0,200.0,126.0,133.0
82149,220.0,99.0,128.0,119.0
82150,221.0,78.0,134.0,124.0
82151,264.0,108.0,134.0,138.0
82152,251.0,164.0,146.0,138.0
82153,243.0,110.0,118.0,130.0
82154,249.0,120.0,144.0,147.0
82155,277.0,122.0,162.0,158.0
82156,224.0,93.0,130.0,125.0
82157,263.0,231.0,139.0,139.0
82158,264.0,91.0,144.0,146.0
82159,262.0,164.0,148.0,144.0
82160,256.0,86.0,143.0,146.0
82161,245.0,96.0,132.0,144.0
82162,278.0,70.0,154.0,161.0
82163,265.0,108.0,148.0,160.0
82164,247.0,91.0,125.0,139.0
82165,227.0,86.0,133.0,138.0
82166,220.0,134.0,129.0,133.0
82167,256.0,96.0,154.0,139.0
82168,276.0,144.0,157.0,151.0
82169,240.0,96.0,129.0,135.0
82170,237.0,128.0,142.0,145.0
82171,269.0,119.0,140.0,139.0
82172,236.0,92.0,124.0,126.0
82173,265.0,192.0,144.0,133.0
82174,232.0,67.0,142.0,120.0
82175,221.0,95.0,131.0,111.0
82176,251.0,60.0,149.0,128.0
82177,262.0,99.0,157.0,147.0
82178,269.0,153.0,142.0,142.0
82179,248.0,91.0,139.0,137.0
82180,256.0,210.0,136.0,144.0
82181,194.0,74.0,114.0,102.0
82182,239.0,195.0,127.0,137.0
82183,235.0,119.0,122.0,131.0
82184,262.0,234.0,143.0,158.0
82185,256.0,116.0,143.0,153.0
82186,295.0,100.0,157.0,167.0
82187,238.0,118.0,121.0,143.0
82188,237.0,82.0,137.0,136.0
82189,245.0,107.0,142.0,141.0
82190,256.0,124.0,147.0,144.0
82191,245.0,155.0,134.0,132.0
82192,267.0,229.0,149.0,156.0
82193,235.0,202.0,137.0,122.0
82194,273.0,147.0,154.0,156.0
82195,264.0,130.0,157.0,160.0
82196,238.0,94.0,141.0,148.0
82197,248.0,130.0,148.0,135.0
82198,244.0,193.0,140.0,150.0
82199,233.0,157.0,138.0,120.0
82200,249.0,92.0,123.0,141.0
82201,246.0,218.0,134.0,124.0
82202,266.0,128.0,135.0,165.0
82203,242.0,110.0,143.0,134.0
82204,248.0,118.0,135.0,139.0
82205,238.0,158.0,136.0,127.0
82206,255.0,125.0,152.0,122.0
82207,244.0,79.0,136.0,137.0
82208,255.0,120.0,138.0,129.0
82209,243.0,101.0,129.0,134.0
82210,261.0,117.0,160.0,134.0
82211,250.0,137.0,138.0,142.0
82212,251.0,222.0,129.0,140.0
82213,257.0,92.0,149.0,143.0
82214,249.0,164.0,149.0,132.0
82215,246.0,109.0,128.0,141.0
82216,272.0,165.0,149.0,157.0
82217,253.0,93.0,147.0,134.0
82218,245.0,218.0,146.0,139.0
82219,288.0,167.0,163.0,157.0
82220,259.0,125.0,151.0,142.0
82221,234.0,126.0,127.0,124.0
82222,245.0,105.0,134.0,151.0
82223,255.0,137.0,136.0,138.0
82224,262.0,96.0,143.0,147.0
82225,269.0,133.0,152.0,148.0
82226,265.0,229.0,145.0,146.0
82227,233.0,204.0,124.0,127.0
82228,248.0,158.0,142.0,129.0
82229,241.0,104.0,136.0,135.0
82230,251.0,138.0,147.0,137.0
82231,266.0,63.0,146.0,141.0
82232,261.0,222.0,155.0,147.0
82233,250.0,83.0,154.0,140.0
82234,261.0,157.0,145.0,127.0
82235,240.0,100.0,124.0,131.0
82236,243.0,214.0,125.0,125.0
82237,260.0,111.0,128.0,139.0
82238,261.0,110.0,136.0,151.0
82239,251.0,144.0,143.0,156.0
82240,245.0,117.0,133.0,140.0
82241,228.0,92.0,128.0,113.0
82242,238.0,205.0,134.0,139.0
82243,249.0,107.0,150.0,147.0
82244,255.0,132.0,128.0,129.0
82245,256.0,97.0,142.0,128.0
82246,266.0,68.0,151.0,145.0
82247,217.0,80.0,121.0,123.0
82248,258.0,113.0,167.0,143.0
82249,246.0,123.0,140.0,125.0
82250,241.0,127.0,144.0,145.0
82251,244.0,79.0,130.0,128.0
82252,263.0,136.0,148.0,140.0
82253,255.0,115.0,146.0,127.0
82254,263.0,107.0,131.0,151.0
82255,223.0,62.0,120.0,135.0
82256,270.0,230.0,154.0,144.0
82257,242.0,60.0,145.0,126.0
82258,245.0,119.0,135.0,137.0
82259,279.0,98.0,157.0,173.0
82260,236.0,87.0,147.0,132.0
82261,273.0,140.0,145.0,154.0
82262,258.0,97.0,148.0,151.0
82263,284.0,251.0,160.0,168.0
82264,238.0,100.0,146.0,128.0
82265,265.0,141.0,164.0,140.0
82266,247.0,218.0,142.0,127.0
82267,246.0,89.0,138.0,131.0
82268,254.0,101.0,145.0,130.0
82269,242.0,131.0,129.0,149.0
82270,265.0,124.0,135.0,145.0
82271,260.0,123.0,152.0,151.0
82272,240.0,101.0,137.0,128.0
82273,242.0,120.0,130.0,124.0
82274,230.0,125.0,134.0,113.0
82275,246.0,206.0,136.0,140.0
82276,270.0,115.0,160.0,157.0
82277,226.0,192.0,122.0,133.0
82278,255.0,163.0,153.0,143.0
82279,259.0,84.0,130.0,138.0
82280,215.0,207.0,123.0,119.0
82281,274.0,144.0,152.0,150.0
82282,288.0,257.0,160.0,164.0
82283,249.0,165.0,132.0,138.0
82284,242.0,117.0,137.0,123.0
82285,268.0,236.0,145.0,150.0
82286,276.0,84.0,173.0,147.0
82287,269.0,166.0,153.0,154.0
82288,272.0,82.0,164.0,154.0
82289,262.0,130.0,141.0,137.0
82290,219.0,145.0,121.0,113.0
82291,253.0,93.0,142.0,128.0
82292,254.0,113.0,134.0,142.0
82293,250.0,122.0,149.0,154.0
82294,273.0,160.0,147.0,147.0
82295,273.0,228.0,143.0,158.0
82296,241.0,92.0,132.0,130.0
82297,249.0,125.0,125.0,144.0
82298,245.0,160.0,153.0,138.0
82299,234.0,145.0,140.0,139.0
82300,260.0,227.0,141.0,154.0
82301,259.0,155.0,144.0,146.0
82302,257.0,113.0,158.0,144.0
82303,257.0,107.0,136.0,156.0
82304,272.0,192.0,150.0,155.0
82305,256.0,117.0,137.0,154.0
82306,247.0,76.0,132.0,136.0
82307,237.0,64.0,132.0,126.0
82308,262.0,236.0,135.0,150.0
82309,255.0,136.0,151.0,141.0
82310,255.0,221.0,124.0,138.0
82311,252.0,218.0,156.0,140.0
82312,257.0,209.0,151.0,144.0
82313,240.0,91.0,145.0,130.0
82314,258.0,206.0,161.0,147.0
82315,244.0,131.0,136.0,127.0
82316,236.0,154.0,129.0,135.0
82317,236.0,120.0,135.0,125.0
82318,239.0,74.0,143.0,121.0
82319,248.0,231.0,132.0,127.0
82320,243.0,101.0,152.0,128.0
82321,248.0,247.0,143.0,150.0
82322,246.0,239.0,139.0,137.0
82323,256.0,128.0,151.0,144.0
82324,288.0,208.0,168.0,148.0
82325,241.0,197.0,117.0,126.0
82326,247.0,203.0,145.0,146.0
82327,270.0,115.0,153.0,149.0
82328,229.0,126.0,138.0,131.0
82329,256.0,238.0,141.0,147.0
82330,261.0,230.0,147.0,163.0
82331,281.0,144.0,170.0,161.0
82332,244.0,121.0,137.0,134.0
82333,256.0,106.0,148.0,156.0
82334,239.0,87.0,129.0,129.0
82335,290.0,181.0,161.0,183.0
82336,253.0,105.0,135.0,152.0
82337,260.0,83.0,148.0,140.0
82338,254.0,102.0,141.0,157.0
82339,237.0,133.0,137.0,138.0
82340,263.0,235.0,138.0,154.0
82341,255.0,227.0,127.0,157.0
82342,227.0,117.0,133.0,134.0
82343,246.0,116.0,148.0,153.0
82344,267.0,90.0,155.0,149.0
82345,243.0,233.0,136.0,135.0
82346,268.0,99.0,156.0,148.0
82347,249.0,90.0,137.0,142.0
82348,241.0,119.0,127.0,141.0
82349,250.0,127.0,147.0,140.0
82350,256.0,183.0,148.0,149.0
82351,245.0,137.0,141.0,132.0
82352,267.0,190.0,163.0,143.0
82353,259.0,164.0,121.0,137.0
82354,259.0,105.0,149.0,146.0
82355,232.0,86.0,141.0,126.0
82356,241.0,87.0,144.0,117.0
82357,237.0,79.0,132.0,120.0
82358,234.0,210.0,136.0,131.0
82359,245.0,122.0,149.0,133.0
82360,258.0,228.0,158.0,135.0
82361,268.0,125.0,163.0,159.0
82362,249.0,169.0,137.0,126.0
82363,257.0,96.0,162.0,140.0
82364,258.0,122.0,131.0,151.0
82365,241.0,208.0,142.0,115.0
82366,242.0,109.0,139.0,147.0
82367,250.0,100.0,148.0,151.0
82368,268.0,116.0,145.0,156.0
82369,238.0,215.0,133.0,131.0
82370,252.0,60.0,162.0,144.0
82371,269.0,116.0,145.0,141.0
82372,263.0,120.0,153.0,152.0
82373,256.0,95.0,134.0,146.0
82374,243.0,136.0,120.0,137.0
82375,253.0,138.0,136.0,134.0
82376,230.0,71.0,131.0,123.0
82377,278.0,137.0,151.0,159.0
82378,250.0,122.0,149.0,131.0
82379,265.0,113.0,135.0,152.0
82380,263.0,129.0,148.0,145.0
82381,252.0,114.0,139.0,134.0
82382,221.0,105.0,107.0,131.0
82383,252.0,221.0,122.0,127.0
82384,243.0,97.0,152.0,128.0
82385,247.0,102.0,148.0,126.0
82386,254.0,114.0,146.0,135.0
82387,254.0,74.0,130.0,134.0
82388,256.0,126.0,143.0,141.0
82389,259.0,137.0,130.0,131.0
82390,253.0,209.0,161.0,131.0
82391,245.0,109.0,138.0,144.0
82392,264.0,129.0,147.0,152.0
82393,246.0,109.0,139.0,134.0
82394,254.0,228.0,157.0,144.0
82395,222.0,101.0,125.0,116.0
82396,234.0,194.0,133.0,134.0
82397,257.0,103.0,142.0,144.0
82398,247.0,120.0,144.0,131.0
82399,255.0,109.0,141.0,146.0
82400,264.0,134.0,140.0,145.0
82401,241.0,54.0,137.0,142.0
82402,261.0,98.0,151.0,131.0
82403,256.0,107.0,157.0,138.0
82404,275.0,77.0,154.0,154.0
82405,245.0,89.0,136.0,150.0
82406,237.0,113.0,143.0,133.0
82407,264.0,86.0,156.0,157.0
82408,230.0,224.0,121.0,137.0
82409,251.0,144.0,144.0,134.0
82410,258.0,109.0,136.0,156.0
82411,256.0,137.0,131.0,155.0
82412,267.0,102.0,144.0,137.0
82413,250.0,74.0,136.0,149.0
82414,236.0,103.0,135.0,126.0
82415,258.0,62.0,142.0,142.0
82416,262.0,134.0,132.0,136.0
82417,238.0,132.0,132.0,128.0
82418,267.0,149.0,167.0,149.0
82419,258.0,151.0,143.0,152.0
82420,242.0,109.0,118.0,137.0
82421,234.0,133.0,131.0,136.0
82422,253.0,120.0,127.0,138.0
82423,256.0,148.0,151.0,142.0
82424,246.0,100.0,148.0,139.0
82425,262.0,137.0,148.0,137.0
82426,238.0,139.0,141.0,124.0
82427,263.0,146.0,126.0,143.0
82428,255.0,218.0,130.0,132.0
82429,250.0,155.0,125.0,143.0
82430,253.0,113.0,158.0,139.0
82431,269.0,190.0,149.0,157.0
82432,254.0,86.0,145.0,160.0
82433,250.0,160.0,148.0,155.0
82434,243.0,110.0,140.0,144.0
82435,251.0,95.0,147.0,147.0
82436,250.0,223.0,136.0,145.0
82437,239.0,111.0,137.0,139.0
82438,242.0,126.0,132.0,134.0
82439,251.0,137.0,145.0,141.0
82440,281.0,142.0,149.0,160.0
82441,259.0,248.0,130.0,150.0
82442,264.0,105.0,144.0,130.0
82443,248.0,137.0,146.0,132.0
82444,238.0,229.0,147.0,136.0
82445,245.0,75.0,140.0,135.0
82446,234.0,196.0,139.0,123.0
82447,260.0,59.0,152.0,147.0
82448,256.0,139.0,143.0,156.0
82449,255.0,84.0,150.0,149.0
82450,271.0,146.0,151.0,161.0
82451,250.0,221.0,150.0,136.0
82452,275.0,132.0,154.0,140.0
82453,248.0,162.0,138.0,139.0
82454,244.0,133.0,125.0,133.0
82455,232.0,102.0,140.0,135.0
82456,247.0,157.0,136.0,146.0
82457,261.0,241.0,155.0,148.0
82458,258.0,118.0,152.0,151.0
82459,227.0,149.0,137.0,128.0
82460,260.0,136.0,133.0,144.0
82461,263.0,236.0,146.0,161.0
82462,230.0,203.0,121.0,126.0
82463,244.0,143.0,126.0,125.0
82464,231.0,99.0,130.0,137.0
82465,251.0,217.0,139.0,137.0
82466,279.0,138.0,154.0,148.0
82467,259.0,96.0,152.0,149.0
82468,250.0,206.0,135.0,140.0
82469,216.0,110.0,130.0,125.0
82470,234.0,119.0,136.0,122.0
82471,263.0,236.0,137.0,149.0
82472,256.0,221.0,144.0,148.0
82473,237.0,204.0,131.0,121.0
82474,288.0,105.0,150.0,166.0
82475,256.0,190.0,145.0,150.0
82476,250.0,218.0,136.0,139.0
82477,242.0,101.0,129.0,132.0
82478,246.0,132.0,143.0,140.0
82479,257.0,71.0,134.0,142.0
82480,256.0,93.0,156.0,158.0
82481,267.0,125.0,158.0,146.0
82482,260.0,137.0,142.0,136.0
82483,241.0,85.0,127.0,140.0
82484,262.0,128.0,155.0,161.0
82485,275.0,229.0,155.0,145.0
82486,241.0,118.0,129.0,137.0
82487,266.0,129.0,149.0,142.0
82488,228.0,85.0,126.0,123.0
82489,244.0,134.0,129.0,138.0
82490,236.0,126.0,143.0,136.0
82491,228.0,116.0,125.0,144.0
82492,238.0,96.0,132.0,137.0
82493,246.0,136.0,136.0,138.0
82494,229.0,186.0,118.0,128.0
82495,240.0,230.0,139.0,135.0
82496,264.0,124.0,159.0,140.0
82497,256.0,113.0,135.0,138.0
82498,233.0,112.0,132.0,124.0
82499,254.0,111.0,147.0,144.0
82500,242.0,84.0,138.0,127.0
82501,232.0,120.0,117.0,130.0
82502,263.0,112.0,158.0,140.0
82503,256.0,153.0,142.0,159.0
82504,244.0,112.0,131.0,126.0
82505,236.0,209.0,155.0,136.0
82506,232.0,117.0,138.0,138.0
82507,255.0,101.0,160.0,144.0
82508,266.0,125.0,144.0,168.0
82509,243.0,94.0,147.0,122.0
82510,248.0,216.0,143.0,129.0
82511,249.0,127.0,143.0,157.0
82512,241.0,84.0,139.0,126.0
82513,240.0,96.0,136.0,124.0
82514,267.0,115.0,157.0,138.0
82515,239.0,115.0,127.0,117.0
82516,239.0,99.0,131.0,145.0
82517,239.0,202.0,130.0,131.0
82518,264.0,185.0,151.0,144.0
82519,242.0,114.0,138.0,133.0
82520,259.0,145.0,150.0,162.0
82521,236.0,107.0,116.0,148.0
82522,240.0,125.0,137.0,132.0
82523,257.0,97.0,156.0,146.0
82524,249.0,73.0,145.0,138.0
82525,245.0,214.0,140.0,127.0
82526,270.0,111.0,146.0,147.0
82527,253.0,220.0,127.0,137.0
82528,273.0,113.0,136.0,141.0
82529,238.0,223.0,124.0,131.0
82530,258.0,258.0,144.0,137.0
82531,243.0,126.0,136.0,130.0
82532,288.0,137.0,143.0,158.0
82533,269.0,120.0,156.0,152.0
82534,243.0,107.0,148.0,135.0
82535,239.0,179.0,116.0,133.0
82536,248.0,144.0,148.0,128.0
82537,234.0,186.0,122.0,129.0
82538,228.0,205.0,129.0,129.0
82539,254.0,212.0,135.0,146.0
82540,241.0,123.0,133.0,149.0
82541,231.0,80.0,119.0,139.0
82542,231.0,121.0,127.0,140.0
82543,226.0,199.0,138.0,137.0
82544,238.0,112.0,141.0,125.0
82545,251.0,91.0,153.0,136.0
82546,243.0,236.0,124.0,144.0
82547,240.0,105.0,141.0,134.0
82548,256.0,98.0,134.0,142.0
82549,238.0,226.0,126.0,139.0
82550,244.0,107.0,141.0,134.0
82551,255.0,218.0,144.0,129.0
82552,248.0,146.0,142.0,133.0
82553,261.0,227.0,147.0,147.0
82554,246.0,121.0,133.0,151.0
82555,258.0,90.0,147.0,151.0
82556,265.0,225.0,155.0,137.0
82557,247.0,98.0,135.0,132.0
82558,236.0,100.0,128.0,129.0
82559,264.0,108.0,142.0,144.0
82560,252.0,217.0,137.0,129.0
82561,244.0,138.0,131.0,127.0
82562,231.0,88.0,135.0,126.0
82563,248.0,148.0,156.0,146.0
82564,240.0,211.0,131.0,138.0
82565,241.0,124.0,141.0,135.0
82566,251.0,215.0,134.0,136.0
82567,242.0,145.0,138.0,135.0
82568,243.0,163.0,140.0,148.0
82569,233.0,210.0,124.0,126.0
82570,259.0,142.0,134.0,148.0
82571,243.0,138.0,140.0,135.0
82572,265.0,241.0,145.0,158.0
82573,224.0,84.0,118.0,122.0
82574,261.0,150.0,147.0,157.0
82575,237.0,137.0,134.0,122.0
82576,247.0,167.0,137.0,123.0
82577,218.0,96.0,117.0,120.0
82578,234.0,115.0,129.0,142.0
82579,231.0,107.0,119.0,118.0
82580,228.0,77.0,120.0,129.0
82581,261.0,135.0,132.0,143.0
82582,240.0,99.0,148.0,131.0
82583,262.0,74.0,141.0,145.0
82584,246.0,118.0,148.0,145.0
82585,262.0,131.0,146.0,149.0
82586,241.0,118.0,132.0,135.0
82587,274.0,104.0,160.0,150.0
82588,230.0,192.0,131.0,135.0
82589,259.0,125.0,148.0,140.0
82590,251.0,207.0,148.0,140.0
82591,257.0,125.0,116.0,140.0
82592,251.0,115.0,136.0,145.0
82593,241.0,125.0,135.0,136.0
82594,237.0,107.0,129.0,144.0
82595,238.0,230.0,131.0,139.0
82596,264.0,105.0,165.0,143.0
82597,257.0,119.0,155.0,156.0
82598,260.0,116.0,148.0,144.0
82599,264.0,232.0,139.0,137.0
82600,254.0,107.0,147.0,148.0
82601,263.0,101.0,146.0,158.0
82602,230.0,193.0,136.0,134.0
82603,251.0,126.0,147.0,163.0
82604,233.0,187.0,126.0,142.0
82605,243.0,119.0,140.0,139.0
82606,253.0,198.0,129.0,130.0
82607,226.0,122.0,119.0,138.0
82608,263.0,146.0,148.0,154.0
82609,263.0,86.0,148.0,146.0
82610,250.0,96.0,137.0,135.0
82611,261.0,118.0,155.0,139.0
82612,239.0,109.0,130.0,136.0
82613,259.0,225.0,158.0,144.0
82614,256.0,99.0,136.0,149.0
82615,264.0,227.0,162.0,147.0
82616,255.0,134.0,137.0,156.0
82617,229.0,68.0,118.0,126.0
82618,258.0,127.0,145.0,153.0
82619,242.0,57.0,126.0,146.0
82620,253.0,109.0,132.0,143.0
82621,265.0,238.0,151.0,156.0
82622,274.0,147.0,164.0,164.0
82623,228.0,198.0,114.0,123.0
82624,261.0,91.0,152.0,148.0
82625,231.0,93.0,120.0,135.0
82626,232.0,150.0,139.0,128.0
82627,241.0,90.0,130.0,137.0
82628,249.0,211.0,145.0,128.0
82629,245.0,200.0,141.0,143.0
82630,276.0,276.0,159.0,165.0
82631,264.0,152.0,147.0,150.0
82632,277.0,111.0,163.0,151.0
82633,251.0,235.0,130.0,155.0
82634,238.0,151.0,137.0,132.0
82635,261.0,158.0,147.0,135.0
82636,281.0,138.0,145.0,162.0
82637,240.0,199.0,133.0,148.0
82638,235.0,90.0,128.0,132.0
82639,238.0,92.0,136.0,145.0
82640,233.0,108.0,124.0,132.0
82641,269.0,146.0,153.0,138.0
82642,233.0,104.0,130.0,126.0
82643,245.0,219.0,142.0,143.0
82644,244.0,149.0,143.0,142.0
82645,257.0,130.0,151.0,136.0
82646,250.0,120.0,124.0,134.0
82647,256.0,108.0,149.0,132.0
82648,241.0,207.0,119.0,135.0
82649,239.0,61.0,135.0,139.0
82650,223.0,81.0,141.0,111.0
82651,240.0,211.0,135.0,152.0
82652,259.0,103.0,124.0,134.0
82653,277.0,92.0,143.0,155.0
82654,237.0,99.0,134.0,146.0
82655,264.0,181.0,140.0,143.0
82656,229.0,69.0,121.0,130.0
82657,228.0,111.0,129.0,116.0
82658,263.0,226.0,151.0,146.0
82659,241.0,79.0,135.0,142.0
82660,258.0,220.0,142.0,162.0
82661,249.0,111.0,126.0,143.0
82662,260.0,258.0,140.0,138.0
82663,255.0,145.0,143.0,144.0
82664,242.0,98.0,139.0,128.0
82665,237.0,103.0,133.0,127.0
82666,258.0,144.0,135.0,146.0
82667,277.0,246.0,147.0,143.0
82668,257.0,104.0,140.0,143.0
82669,251.0,76.0,140.0,136.0
82670,252.0,160.0,153.0,141.0
82671,270.0,97.0,138.0,149.0
82672,282.0,153.0,160.0,159.0
82673,245.0,237.0,132.0,138.0
82674,236.0,101.0,124.0,134.0
82675,267.0,84.0,144.0,141.0
82676,257.0,113.0,149.0,162.0
82677,268.0,228.0,161.0,160.0
82678,227.0,88.0,133.0,143.0
82679,228.0,65.0,127.0,130.0
82680,232.0,73.0,123.0,139.0
82681,239.0,104.0,133.0,133.0
82682,237.0,168.0,129.0,131.0
82683,271.0,87.0,154.0,163.0
82684,241.0,78.0,159.0,120.0
82685,254.0,159.0,154.0,141.0
82686,261.0,123.0,145.0,154.0
82687,265.0,137.0,161.0,156.0
82688,230.0,92.0,131.0,114.0
82689,244.0,80.0,137.0,130.0
82690,238.0,154.0,131.0,151.0
82691,267.0,107.0,162.0,145.0
82692,228.0,139.0,117.0,121.0
82693,234.0,89.0,127.0,126.0
82694,220.0,76.0,127.0,113.0
82695,252.0,116.0,138.0,150.0
82696,223.0,90.0,123.0,115.0
82697,229.0,128.0,132.0,131.0
82698,242.0,76.0,137.0,134.0
82699,268.0,97.0,159.0,153.0
82700,239.0,217.0,127.0,132.0
82701,268.0,147.0,150.0,158.0
82702,236.0,110.0,129.0,137.0
82703,267.0,93.0,145.0,150.0
82704,252.0,99.0,151.0,139.0
82705,257.0,91.0,152.0,137.0
82706,239.0,111.0,134.0,139.0
82707,259.0,110.0,145.0,153.0
82708,255.0,112.0,130.0,144.0
82709,242.0,166.0,122.0,122.0
82710,258.0,94.0,143.0,149.0
82711,256.0,155.0,142.0,135.0
82712,230.0,65.0,125.0,133.0
82713,231.0,79.0,130.0,142.0
82714,233.0,99.0,130.0,133.0
82715,236.0,118.0,130.0,142.0
82716,233.0,92.0,123.0,143.0
82717,232.0,194.0,137.0,134.0
82718,219.0,104.0,122.0,126.0
82719,259.0,229.0,144.0,168.0
82720,254.0,129.0,153.0,139.0
82721,272.0,106.0,153.0,159.0
82722,257.0,93.0,146.0,159.0
82723,256.0,142.0,145.0,149.0
82724,227.0,127.0,133.0,122.0
82725,241.0,218.0,124.0,137.0
82726,247.0,102.0,149.0,127.0
82727,254.0,114.0,147.0,136.0
82728,237.0,143.0,138.0,118.0
82729,271.0,153.0,153.0,168.0
82730,253.0,155.0,138.0,141.0
82731,260.0,131.0,148.0,144.0
82732,256.0,133.0,158.0,146.0
82733,278.0,47.0,165.0,162.0
82734,259.0,107.0,144.0,153.0
82735,275.0,104.0,165.0,140.0
82736,221.0,103.0,112.0,123.0
82737,253.0,111.0,152.0,148.0
82738,226.0,168.0,134.0,128.0
82739,229.0,186.0,142.0,137.0
82740,276.0,123.0,148.0,152.0
82741,247.0,67.0,144.0,132.0
82742,251.0,114.0,138.0,129.0
82743,253.0,60.0,146.0,136.0
82744,256.0,191.0,155.0,155.0
82745,241.0,93.0,137.0,138.0
82746,267.0,114.0,141.0,158.0
82747,263.0,133.0,162.0,142.0
82748,252.0,102.0,156.0,140.0
82749,244.0,206.0,134.0,118.0
82750,249.0,118.0,135.0,146.0
82751,228.0,138.0,130.0,127.0
82752,263.0,103.0,158.0,143.0
82753,266.0,139.0,157.0,143.0
82754,261.0,71.0,139.0,140.0
82755,243.0,131.0,149.0,144.0
82756,251.0,210.0,147.0,141.0
82757,236.0,101.0,130.0,142.0
82758,259.0,111.0,129.0,148.0
82759,248.0,126.0,142.0,133.0
82760,250.0,110.0,137.0,126.0
82761,239.0,87.0,130.0,129.0
82762,246.0,138.0,148.0,137.0
82763,250.0,214.0,146.0,136.0
82764,263.0,118.0,156.0,163.0
82765,244.0,78.0,134.0,133.0
82766,231.0,99.0,129.0,139.0
82767,265.0,134.0,156.0,134.0
82768,237.0,206.0,136.0,138.0
82769,275.0,127.0,170.0,157.0
82770,256.0,76.0,140.0,141.0
82771,265.0,152.0,145.0,161.0
82772,240.0,185.0,140.0,129.0
82773,251.0,117.0,146.0,149.0
82774,243.0,97.0,140.0,127.0
82775,243.0,39.0,135.0,149.0
82776,256.0,141.0,141.0,151.0
82777,265.0,145.0,147.0,169.0
82778,255.0,122.0,136.0,138.0
82779,257.0,223.0,153.0,135.0
82780,236.0,114.0,142.0,131.0
82781,260.0,224.0,149.0,142.0
82782,249.0,97.0,145.0,132.0
82783,237.0,94.0,124.0,144.0
82784,241.0,115.0,136.0,148.0
82785,262.0,141.0,145.0,158.0
82786,247.0,151.0,136.0,148.0
82787,249.0,93.0,137.0,136.0
82788,256.0,75.0,153.0,138.0
82789,245.0,84.0,135.0,128.0
82790,239.0,70.0,143.0,133.0
82791,228.0,195.0,118.0,113.0
82792,244.0,206.0,139.0,127.0
82793,243.0,102.0,138.0,134.0
82794,278.0,135.0,161.0,161.0
82795,249.0,100.0,145.0,133.0
82796,247.0,105.0,154.0,142.0
82797,216.0,114.0,116.0,128.0
82798,259.0,133.0,131.0,143.0
82799,266.0,179.0,151.0,138.0
82800,260.0,105.0,137.0,140.0
82801,248.0,244.0,136.0,142.0
82802,260.0,126.0,136.0,144.0
82803,240.0,128.0,136.0,132.0
82804,244.0,120.0,148.0,148.0
82805,256.0,130.0,144.0,148.0
82806,253.0,153.0,154.0,135.0
82807,263.0,134.0,148.0,151.0
82808,243.0,122.0,132.0,133.0
82809,251.0,100.0,133.0,134.0
82810,236.0,199.0,120.0,131.0
82811,268.0,240.0,164.0,135.0
82812,246.0,205.0,139.0,165.0
82813,266.0,137.0,145.0,156.0
82814,262.0,84.0,137.0,148.0
82815,267.0,137.0,150.0,165.0
82816,250.0,94.0,141.0,139.0
82817,260.0,152.0,150.0,143.0
82818,240.0,103.0,129.0,127.0
82819,249.0,97.0,148.0,143.0
82820,252.0,64.0,144.0,143.0
82821,244.0,99.0,140.0,131.0
82822,245.0,133.0,146.0,145.0
82823,252.0,138.0,143.0,154.0
82824,269.0,54.0,152.0,144.0
82825,247.0,110.0,145.0,140.0
82826,251.0,144.0,146.0,140.0
82827,221.0,71.0,112.0,120.0
82828,244.0,104.0,140.0,135.0
82829,263.0,110.0,143.0,157.0
82830,265.0,228.0,144.0,150.0
82831,241.0,68.0,146.0,132.0
82832,244.0,152.0,140.0,132.0
82833,270.0,106.0,146.0,135.0
82834,234.0,112.0,135.0,126.0
82835,262.0,226.0,158.0,148.0
82836,236.0,94.0,142.0,139.0
82837,277.0,168.0,160.0,162.0
82838,257.0,103.0,136.0,148.0
82839,255.0,117.0,133.0,150.0
82840,257.0,218.0,151.0,131.0
82841,235.0,124.0,132.0,133.0
82842,236.0,197.0,139.0,146.0
82843,245.0,112.0,152.0,126.0
82844,254.0,75.0,141.0,130.0
82845,265.0,142.0,157.0,146.0
82846,241.0,103.0,132.0,127.0
82847,254.0,105.0,161.0,138.0
82848,219.0,197.0,135.0,133.0
82849,258.0,127.0,143.0,144.0
82850,229.0,102.0,127.0,133.0
82851,252.0,163.0,152.0,128.0
82852,239.0,105.0,138.0,128.0
82853,261.0,129.0,158.0,140.0
82854,241.0,122.0,137.0,129.0
82855,241.0,82.0,133.0,129.0
82856,241.0,104.0,128.0,124.0
82857,241.0,108.0,137.0,131.0
82858,274.0,99.0,138.0,139.0
82859,244.0,68.0,146.0,123.0
82860,226.0,92.0,131.0,128.0
82861,235.0,118.0,142.0,137.0
82862,257.0,95.0,145.0,130.0
82863,242.0,200.0,124.0,129.0
82864,227.0,84.0,104.0,135.0
82865,250.0,113.0,144.0,142.0
82866,230.0,200.0,133.0,110.0
82867,231.0,114.0,134.0,136.0
82868,265.0,187.0,140.0,146.0
82869,241.0,105.0,136.0,141.0
82870,257.0,224.0,150.0,148.0
82871,265.0,195.0,149.0,137.0
82872,272.0,102.0,162.0,155.0
82873,260.0,251.0,147.0,146.0
82874,263.0,128.0,147.0,140.0
82875,234.0,107.0,128.0,136.0
82876,235.0,137.0,139.0,130.0
82877,246.0,148.0,145.0,144.0
82878,219.0,118.0,125.0,113.0
82879,235.0,71.0,139.0,141.0
82880,237.0,133.0,144.0,134.0
82881,254.0,92.0,139.0,144.0
82882,265.0,130.0,154.0,144.0
82883,246.0,54.0,144.0,154.0
82884,249.0,107.0,126.0,130.0
82885,247.0,59.0,127.0,126.0
82886,252.0,94.0,144.0,152.0
82887,236.0,129.0,150.0,132.0
82888,250.0,104.0,123.0,139.0
82889,260.0,97.0,131.0,153.0
82890,258.0,114.0,147.0,143.0
82891,243.0,115.0,140.0,117.0
82892,255.0,80.0,142.0,142.0
82893,254.0,223.0,134.0,151.0
82894,246.0,81.0,131.0,129.0
82895,238.0,195.0,144.0,133.0
82896,242.0,86.0,133.0,131.0
82897,248.0,75.0,141.0,159.0
82898,234.0,107.0,118.0,130.0
82899,251.0,102.0,157.0,149.0
82900,250.0,91.0,140.0,152.0
82901,263.0,131.0,153.0,162.0
82902,252.0,152.0,152.0,149.0
82903,252.0,137.0,135.0,136.0
82904,268.0,85.0,143.0,155.0
82905,243.0,109.0,126.0,133.0
82906,246.0,126.0,120.0,139.0
82907,247.0,239.0,125.0,131.0
82908,266.0,111.0,176.0,142.0
82909,234.0,105.0,131.0,132.0
82910,236.0,99.0,132.0,135.0
82911,254.0,125.0,162.0,144.0
82912,255.0,126.0,133.0,141.0
82913,260.0,149.0,137.0,153.0
82914,264.0,121.0,148.0,146.0
82915,244.0,148.0,140.0,127.0
82916,241.0,80.0,133.0,124.0
82917,244.0,107.0,123.0,127.0
82918,268.0,227.0,155.0,157.0
82919,256.0,145.0,141.0,132.0
82920,253.0,109.0,160.0,146.0
82921,252.0,150.0,158.0,122.0
82922,238.0,70.0,125.0,127.0
82923,255.0,119.0,139.0,135.0
82924,243.0,107.0,140.0,139.0
82925,252.0,107.0,150.0,130.0
82926,254.0,96.0,140.0,125.0
82927,263.0,121.0,147.0,151.0
82928,254.0,125.0,144.0,165.0
82929,266.0,136.0,171.0,158.0
82930,270.0,130.0,155.0,154.0
82931,260.0,143.0,145.0,138.0
82932,245.0,117.0,147.0,139.0
82933,228.0,131.0,125.0,133.0
82934,255.0,100.0,135.0,142.0
82935,245.0,217.0,144.0,137.0
82936,269.0,118.0,151.0,146.0
82937,251.0,88.0,152.0,135.0
82938,251.0,75.0,141.0,151.0
82939,264.0,116.0,143.0,136.0
82940,240.0,210.0,134.0,127.0
82941,246.0,75.0,141.0,116.0
82942,260.0,88.0,142.0,151.0
82943,250.0,96.0,141.0,142.0
82944,259.0,205.0,149.0,148.0
82945,273.0,114.0,136.0,154.0
82946,235.0,129.0,135.0,143.0
82947,261.0,231.0,143.0,132.0
82948,257.0,97.0,144.0,138.0
82949,247.0,114.0,141.0,128.0
82950,230.0,61.0,121.0,121.0
82951,250.0,144.0,132.0,150.0
82952,244.0,55.0,124.0,134.0
82953,253.0,231.0,131.0,131.0
82954,262.0,110.0,168.0,147.0
82955,262.0,104.0,157.0,140.0
82956,268.0,128.0,142.0,148.0
82957,252.0,234.0,131.0,135.0
82958,243.0,130.0,133.0,139.0
82959,262.0,127.0,139.0,147.0
82960,255.0,128.0,133.0,125.0
82961,240.0,142.0,139.0,140.0
82962,246.0,138.0,127.0,142.0
82963,240.0,103.0,140.0,143.0
82964,273.0,116.0,151.0,155.0
82965,265.0,219.0,165.0,137.0
82966,267.0,114.0,148.0,147.0
82967,236.0,230.0,138.0,133.0
82968,260.0,99.0,137.0,154.0
82969,249.0,216.0,155.0,138.0
82970,265.0,253.0,154.0,142.0
82971,238.0,195.0,135.0,134.0
82972,231.0,67.0,122.0,123.0
82973,242.0,88.0,134.0,141.0
82974,248.0,130.0,147.0,128.0
82975,265.0,90.0,141.0,163.0
82976,226.0,127.0,124.0,116.0
82977,255.0,125.0,142.0,147.0
82978,241.0,104.0,137.0,141.0
82979,243.0,172.0,127.0,138.0
82980,235.0,88.0,130.0,134.0
82981,252.0,96.0,139.0,135.0
82982,255.0,219.0,136.0,152.0
82983,238.0,150.0,115.0,129.0
82984,263.0,244.0,138.0,161.0
82985,231.0,212.0,134.0,137.0
82986,259.0,203.0,164.0,160.0
82987,271.0,111.0,151.0,152.0
82988,219.0,210.0,126.0,128.0
82989,246.0,95.0,132.0,138.0
82990,249.0,130.0,138.0,136.0
82991,238.0,101.0,117.0,130.0
82992,264.0,228.0,152.0,143.0
82993,257.0,85.0,142.0,122.0
82994,250.0,200.0,140.0,137.0
82995,241.0,169.0,125.0,132.0
82996,255.0,111.0,137.0,140.0
82997,250.0,103.0,140.0,148.0
82998,228.0,120.0,122.0,127.0
82999,241.0,210.0,133.0,134.0
83000,240.0,213.0,131.0,136.0
83001,233.0,101.0,127.0,134.0
83002,252.0,159.0,145.0,144.0
83003,238.0,218.0,141.0,136.0
83004,230.0,83.0,123.0,126.0
83005,266.0,94.0,154.0,160.0
83006,273.0,248.0,151.0,166.0
83007,241.0,114.0,147.0,129.0
83008,252.0,101.0,139.0,145.0
83009,271.0,241.0,160.0,133.0
83010,236.0,67.0,138.0,135.0
83011,244.0,114.0,135.0,142.0
83012,247.0,133.0,130.0,137.0
83013,249.0,74.0,151.0,152.0
83014,227.0,131.0,127.0,126.0
83015,255.0,96.0,134.0,144.0
83016,258.0,212.0,163.0,151.0
83017,257.0,214.0,145.0,132.0
83018,249.0,211.0,143.0,137.0
83019,245.0,92.0,146.0,133.0
83020,258.0,240.0,136.0,162.0
83021,230.0,76.0,139.0,135.0
83022,232.0,98.0,122.0,135.0
83023,279.0,167.0,163.0,152.0
83024,273.0,123.0,152.0,146.0
83025,256.0,112.0,146.0,153.0
83026,265.0,125.0,167.0,138.0
83027,276.0,138.0,154.0,138.0
83028,252.0,105.0,160.0,141.0
83029,256.0,158.0,148.0,147.0
83030,232.0,77.0,148.0,130.0
83031,261.0,98.0,149.0,147.0
83032,259.0,112.0,146.0,163.0
83033,252.0,212.0,137.0,130.0
83034,255.0,71.0,143.0,144.0
83035,266.0,133.0,151.0,156.0
83036,252.0,73.0,154.0,148.0
83037,265.0,129.0,157.0,144.0
83038,238.0,90.0,127.0,134.0
83039,252.0,86.0,140.0,141.0
83040,236.0,121.0,119.0,145.0
83041,240.0,116.0,125.0,124.0
83042,236.0,92.0,131.0,138.0
83043,272.0,233.0,146.0,155.0
83044,232.0,84.0,139.0,132.0
83045,253.0,125.0,132.0,142.0
83046,228.0,210.0,119.0,136.0
83047,232.0,214.0,135.0,134.0
83048,236.0,124.0,139.0,131.0
83049,246.0,206.0,139.0,124.0
83050,263.0,67.0,146.0,157.0
83051,258.0,103.0,136.0,134.0
83052,257.0,213.0,138.0,149.0
83053,211.0,185.0,121.0,113.0
83054,266.0,102.0,159.0,153.0
83055,259.0,86.0,157.0,153.0
83056,248.0,113.0,132.0,150.0
83057,249.0,121.0,152.0,146.0
83058,231.0,75.0,127.0,122.0
83059,259.0,116.0,154.0,156.0
83060,242.0,50.0,145.0,130.0
83061,247.0,83.0,153.0,135.0
83062,225.0,189.0,127.0,126.0
83063,237.0,83.0,128.0,135.0
83064,241.0,49.0,148.0,127.0
83065,243.0,119.0,124.0,135.0
83066,263.0,140.0,149.0,149.0
83067,247.0,80.0,141.0,144.0
83068,242.0,63.0,122.0,138.0
83069,246.0,94.0,138.0,140.0
83070,236.0,82.0,132.0,132.0
83071,258.0,96.0,143.0,148.0
83072,264.0,80.0,148.0,151.0
83073,236.0,97.0,142.0,147.0
83074,243.0,96.0,140.0,143.0
83075,255.0,130.0,141.0,143.0
83076,265.0,139.0,154.0,145.0
83077,255.0,174.0,147.0,147.0
83078,232.0,213.0,137.0,119.0
83079,260.0,93.0,146.0,151.0
83080,259.0,191.0,136.0,140.0
83081,257.0,82.0,144.0,138.0
83082,237.0,124.0,138.0,139.0
83083,269.0,118.0,136.0,136.0
83084,253.0,209.0,146.0,130.0
83085,269.0,162.0,155.0,158.0
83086,246.0,103.0,135.0,133.0
83087,241.0,120.0,127.0,142.0
83088,259.0,229.0,144.0,151.0
83089,239.0,80.0,132.0,131.0
83090,247.0,81.0,145.0,134.0
83091,249.0,141.0,146.0,143.0
83092,251.0,199.0,141.0,147.0
83093,233.0,80.0,131.0,132.0
83094,274.0,132.0,164.0,154.0
83095,260.0,122.0,153.0,146.0
83096,234.0,88.0,134.0,146.0
83097,225.0,88.0,125.0,120.0
83098,248.0,73.0,125.0,152.0
83099,253.0,144.0,128.0,157.0
83100,216.0,121.0,116.0,116.0
83101,235.0,120.0,126.0,145.0
83102,247.0,216.0,130.0,138.0
83103,257.0,140.0,135.0,140.0
83104,233.0,214.0,133.0,136.0
83105,246.0,136.0,138.0,134.0
83106,267.0,70.0,160.0,145.0
83107,249.0,219.0,142.0,142.0
83108,260.0,126.0,153.0,141.0
83109,268.0,236.0,163.0,133.0
83110,247.0,108.0,141.0,126.0
83111,234.0,197.0,142.0,134.0
83112,262.0,82.0,150.0,148.0
83113,266.0,134.0,145.0,124.0
83114,227.0,91.0,132.0,122.0
83115,261.0,221.0,145.0,156.0
83116,242.0,110.0,138.0,133.0
83117,258.0,124.0,155.0,150.0
83118,268.0,94.0,158.0,164.0
83119,262.0,96.0,165.0,144.0
83120,233.0,85.0,131.0,136.0
83121,261.0,116.0,139.0,136.0
83122,245.0,134.0,135.0,140.0
83123,249.0,100.0,153.0,143.0
83124,244.0,103.0,140.0,142.0
83125,255.0,84.0,143.0,136.0
83126,266.0,105.0,153.0,160.0
83127,258.0,125.0,147.0,122.0
83128,270.0,91.0,149.0,137.0
83129,255.0,119.0,131.0,149.0
83130,237.0,103.0,121.0,117.0
83131,240.0,202.0,128.0,130.0
83132,230.0,123.0,136.0,119.0
83133,259.0,133.0,144.0,149.0
83134,242.0,91.0,141.0,142.0
83135,255.0,85.0,145.0,151.0
83136,244.0,103.0,137.0,137.0
83137,267.0,175.0,143.0,146.0
83138,244.0,62.0,136.0,135.0
83139,247.0,91.0,148.0,155.0
83140,265.0,134.0,154.0,167.0
83141,233.0,213.0,143.0,129.0
83142,221.0,94.0,122.0,107.0
83143,241.0,100.0,141.0,126.0
83144,262.0,130.0,146.0,148.0
83145,253.0,105.0,143.0,143.0
83146,228.0,100.0,128.0,126.0
83147,255.0,220.0,160.0,154.0
83148,250.0,135.0,140.0,136.0
83149,242.0,117.0,147.0,124.0
83150,256.0,158.0,138.0,143.0
83151,222.0,49.0,110.0,122.0
83152,255.0,105.0,142.0,154.0
83153,231.0,111.0,129.0,118.0
83154,237.0,122.0,128.0,144.0
83155,246.0,105.0,141.0,132.0
83156,258.0,98.0,142.0,154.0
83157,233.0,93.0,133.0,121.0
83158,257.0,105.0,149.0,128.0
83159,251.0,128.0,143.0,154.0
83160,212.0,75.0,124.0,112.0
83161,264.0,233.0,165.0,125.0
83162,262.0,261.0,158.0,150.0
83163,243.0,94.0,154.0,143.0
83164,256.0,91.0,137.0,143.0
83165,265.0,143.0,151.0,147.0
83166,225.0,145.0,124.0,125.0
83167,249.0,127.0,135.0,132.0
83168,240.0,61.0,131.0,138.0
83169,256.0,128.0,153.0,140.0
83170,241.0,73.0,145.0,147.0
83171,261.0,111.0,159.0,142.0
83172,250.0,89.0,146.0,143.0
83173,254.0,106.0,145.0,144.0
83174,265.0,88.0,130.0,153.0
83175,240.0,92.0,134.0,134.0
83176,237.0,168.0,144.0,133.0
83177,241.0,223.0,127.0,140.0
83178,251.0,126.0,138.0,145.0
83179,259.0,112.0,144.0,139.0
83180,263.0,228.0,150.0,150.0
83181,243.0,67.0,137.0,142.0
83182,237.0,96.0,142.0,128.0
83183,231.0,89.0,118.0,113.0
83184,265.0,193.0,150.0,145.0
83185,232.0,83.0,128.0,112.0
83186,262.0,133.0,164.0,139.0
83187,260.0,101.0,141.0,152.0
83188,251.0,69.0,146.0,138.0
83189,237.0,123.0,132.0,139.0
83190,250.0,109.0,150.0,137.0
83191,283.0,172.0,148.0,156.0
83192,250.0,231.0,144.0,140.0
83193,244.0,142.0,142.0,146.0
83194,262.0,128.0,149.0,150.0
83195,252.0,82.0,166.0,144.0
83196,244.0,127.0,146.0,131.0
83197,263.0,104.0,159.0,145.0
83198,241.0,155.0,142.0,123.0
83199,254.0,126.0,129.0,137.0
83200,261.0,93.0,157.0,146.0
83201,254.0,201.0,121.0,139.0
83202,233.0,99.0,121.0,113.0
83203,246.0,110.0,154.0,138.0
83204,282.0,149.0,168.0,168.0
83205,255.0,105.0,150.0,138.0
83206,252.0,111.0,146.0,127.0
83207,242.0,88.0,139.0,134.0
83208,267.0,120.0,143.0,145.0
83209,247.0,66.0,142.0,123.0
83210,257.0,220.0,147.0,160.0
83211,264.0,166.0,138.0,136.0
83212,240.0,93.0,140.0,161.0
83213,232.0,135.0,106.0,132.0
83214,261.0,133.0,158.0,147.0
83215,258.0,93.0,136.0,148.0
83216,251.0,92.0,148.0,135.0
83217,247.0,134.0,128.0,141.0
83218,263.0,104.0,157.0,159.0
83219,234.0,121.0,146.0,130.0
83220,251.0,204.0,130.0,129.0
83221,238.0,123.0,136.0,133.0
83222,262.0,235.0,157.0,137.0
83223,266.0,106.0,144.0,130.0
83224,259.0,113.0,153.0,140.0
83225,253.0,74.0,129.0,143.0
83226,256.0,170.0,146.0,143.0
83227,251.0,114.0,139.0,142.0
83228,253.0,218.0,145.0,140.0
83229,259.0,122.0,137.0,148.0
83230,258.0,91.0,147.0,137.0
83231,260.0,159.0,156.0,160.0
83232,244.0,158.0,138.0,129.0
83233,258.0,102.0,142.0,153.0
83234,261.0,82.0,151.0,144.0
83235,238.0,170.0,128.0,129.0
83236,252.0,125.0,156.0,147.0
83237,212.0,110.0,126.0,118.0
83238,249.0,86.0,142.0,152.0
83239,243.0,110.0,130.0,134.0
83240,225.0,191.0,127.0,129.0
83241,272.0,174.0,134.0,143.0
83242,279.0,254.0,175.0,152.0
83243,269.0,119.0,154.0,152.0
83244,258.0,127.0,146.0,143.0
83245,231.0,94.0,134.0,123.0
83246,245.0,97.0,129.0,150.0
83247,225.0,115.0,117.0,125.0
83248,233.0,86.0,125.0,125.0
83249,247.0,132.0,139.0,146.0
83250,256.0,105.0,141.0,151.0
83251,249.0,206.0,143.0,150.0
83252,257.0,77.0,151.0,139.0
83253,225.0,118.0,135.0,121.0
83254,253.0,129.0,150.0,156.0
83255,253.0,222.0,129.0,141.0
83256,249.0,123.0,138.0,138.0
83257,249.0,105.0,130.0,130.0
83258,249.0,68.0,132.0,156.0
83259,245.0,160.0,137.0,135.0
83260,258.0,119.0,137.0,146.0
83261,231.0,101.0,136.0,131.0
83262,255.0,88.0,141.0,142.0
83263,243.0,89.0,131.0,151.0
83264,259.0,214.0,161.0,142.0
83265,257.0,125.0,139.0,156.0
83266,254.0,112.0,137.0,140.0
83267,248.0,123.0,131.0,147.0
83268,246.0,152.0,126.0,146.0
83269,255.0,139.0,145.0,146.0
83270,229.0,100.0,133.0,125.0
83271,251.0,105.0,154.0,146.0
83272,249.0,98.0,147.0,157.0
83273,235.0,111.0,115.0,112.0
83274,243.0,162.0,145.0,133.0
83275,263.0,93.0,139.0,149.0
83276,264.0,161.0,142.0,137.0
83277,262.0,115.0,155.0,159.0
83278,258.0,120.0,137.0,138.0
83279,253.0,208.0,146.0,129.0
83280,250.0,108.0,140.0,118.0
83281,236.0,210.0,138.0,134.0
83282,245.0,179.0,143.0,139.0
83283,271.0,104.0,156.0,151.0
83284,233.0,134.0,143.0,128.0
83285,251.0,213.0,125.0,140.0
83286,248.0,91.0,122.0,128.0
83287,250.0,242.0,147.0,147.0
83288,224.0,134.0,134.0,121.0
83289,235.0,110.0,130.0,128.0
83290,266.0,92.0,154.0,143.0
83291,275.0,142.0,160.0,165.0
83292,257.0,125.0,131.0,153.0
83293,260.0,222.0,143.0,135.0
83294,262.0,143.0,148.0,140.0
83295,259.0,212.0,144.0,159.0
83296,247.0,202.0,144.0,137.0
83297,270.0,123.0,154.0,164.0
83298,250.0,116.0,135.0,144.0
83299,257.0,103.0,156.0,133.0
83300,258.0,164.0,146.0,155.0
83301,268.0,87.0,161.0,160.0
83302,249.0,212.0,137.0,144.0
83303,257.0,91.0,161.0,140.0
83304,259.0,214.0,146.0,141.0
83305,263.0,142.0,145.0,147.0
83306,253.0,228.0,146.0,145.0
83307,241.0,209.0,139.0,148.0
83308,240.0,78.0,139.0,126.0
83309,245.0,120.0,146.0,140.0
83310,242.0,114.0,149.0,122.0
83311,246.0,212.0,136.0,159.0
83312,239.0,107.0,131.0,127.0
83313,240.0,111.0,142.0,142.0
83314,259.0,101.0,143.0,150.0
83315,243.0,109.0,148.0,127.0
83316,258.0,108.0,147.0,155.0
83317,242.0,104.0,146.0,122.0
83318,258.0,96.0,143.0,145.0
83319,222.0,77.0,113.0,125.0
83320,254.0,219.0,145.0,137.0
83321,267.0,118.0,131.0,151.0
83322,240.0,106.0,130.0,133.0
83323,254.0,97.0,127.0,153.0
83324,238.0,115.0,125.0,144.0
83325,238.0,104.0,119.0,126.0
83326,236.0,128.0,137.0,133.0
83327,263.0,105.0,143.0,156.0
83328,259.0,238.0,157.0,157.0
83329,259.0,106.0,147.0,141.0
83330,246.0,142.0,137.0,122.0
83331,253.0,115.0,139.0,132.0
83332,282.0,135.0,172.0,142.0
83333,249.0,110.0,149.0,135.0
83334,219.0,66.0,126.0,129.0
83335,250.0,96.0,140.0,136.0
83336,229.0,97.0,134.0,122.0
83337,264.0,230.0,146.0,151.0
83338,234.0,59.0,129.0,138.0
83339,246.0,245.0,134.0,147.0
83340,266.0,99.0,135.0,140.0
83341,246.0,209.0,137.0,130.0
83342,265.0,217.0,165.0,149.0
83343,273.0,224.0,148.0,155.0
83344,254.0,162.0,144.0,140.0
83345,269.0,227.0,163.0,157.0
83346,256.0,113.0,158.0,153.0
83347,241.0,117.0,138.0,143.0
83348,247.0,84.0,135.0,144.0
83349,250.0,146.0,137.0,146.0
83350,225.0,180.0,136.0,118.0
83351,242.0,113.0,139.0,140.0
83352,236.0,122.0,121.0,140.0
83353,237.0,233.0,135.0,138.0
83354,229.0,222.0,132.0,131.0
83355,249.0,189.0,138.0,132.0
83356,237.0,140.0,130.0,134.0
83357,259.0,143.0,146.0,153.0
83358,247.0,107.0,138.0,136.0
83359,243.0,149.0,132.0,151.0
83360,258.0,81.0,140.0,144.0
83361,238.0,136.0,144.0,141.0
83362,242.0,85.0,139.0,140.0
83363,231.0,85.0,121.0,137.0
83364,287.0,191.0,157.0,156.0
83365,250.0,71.0,145.0,151.0
83366,211.0,94.0,123.0,130.0
83367,234.0,122.0,135.0,128.0
83368,257.0,123.0,154.0,135.0
83369,247.0,121.0,132.0,135.0
83370,250.0,103.0,142.0,129.0
83371,251.0,97.0,140.0,141.0
83372,252.0,85.0,141.0,150.0
83373,256.0,83.0,136.0,145.0
83374,256.0,136.0,149.0,149.0
83375,239.0,129.0,130.0,130.0
83376,238.0,170.0,125.0,131.0
83377,229.0,71.0,141.0,141.0
83378,246.0,156.0,139.0,131.0
83379,241.0,140.0,145.0,127.0
83380,225.0,72.0,132.0,114.0
83381,246.0,101.0,147.0,144.0
83382,263.0,203.0,150.0,155.0
83383,262.0,86.0,161.0,146.0
83384,244.0,222.0,131.0,124.0
83385,251.0,81.0,141.0,147.0
83386,260.0,211.0,169.0,133.0
83387,264.0,121.0,140.0,142.0
83388,228.0,89.0,143.0,133.0
83389,263.0,125.0,145.0,148.0
83390,262.0,148.0,153.0,149.0
83391,228.0,213.0,113.0,121.0
83392,248.0,92.0,143.0,146.0
83393,239.0,100.0,128.0,125.0
83394,246.0,201.0,145.0,132.0
83395,247.0,109.0,130.0,137.0
83396,256.0,110.0,151.0,132.0
83397,253.0,149.0,142.0,133.0
83398,258.0,155.0,130.0,155.0
83399,232.0,89.0,121.0,115.0
83400,260.0,107.0,138.0,135.0
83401,276.0,242.0,149.0,157.0
83402,267.0,238.0,159.0,157.0
83403,240.0,206.0,131.0,138.0
83404,268.0,179.0,151.0,148.0
83405,260.0,88.0,140.0,149.0
83406,282.0,162.0,148.0,167.0
83407,277.0,187.0,144.0,160.0
83408,246.0,106.0,138.0,120.0
83409,224.0,106.0,132.0,129.0
83410,258.0,117.0,149.0,151.0
83411,243.0,216.0,139.0,148.0
83412,258.0,130.0,142.0,140.0
83413,226.0,117.0,104.0,124.0
83414,249.0,101.0,130.0,158.0
83415,226.0,83.0,123.0,114.0
83416,257.0,127.0,154.0,139.0
83417,238.0,217.0,132.0,132.0
83418,250.0,209.0,141.0,133.0
83419,231.0,87.0,146.0,131.0
83420,247.0,204.0,151.0,130.0
83421,279.0,82.0,162.0,151.0
83422,272.0,117.0,154.0,160.0
83423,276.0,164.0,156.0,156.0
83424,264.0,120.0,143.0,137.0
83425,266.0,239.0,146.0,156.0
83426,248.0,155.0,131.0,142.0
83427,262.0,123.0,146.0,141.0
83428,270.0,113.0,142.0,149.0
83429,257.0,91.0,145.0,158.0
83430,254.0,99.0,151.0,148.0
83431,273.0,152.0,144.0,156.0
83432,247.0,150.0,142.0,141.0
83433,239.0,73.0,133.0,136.0
83434,249.0,78.0,141.0,140.0
83435,243.0,113.0,128.0,134.0
83436,243.0,140.0,121.0,137.0
83437,240.0,124.0,127.0,134.0
83438,248.0,92.0,132.0,139.0
83439,228.0,213.0,125.0,127.0
83440,276.0,238.0,149.0,170.0
83441,246.0,136.0,138.0,144.0
83442,248.0,126.0,144.0,142.0
83443,252.0,222.0,137.0,144.0
83444,251.0,110.0,133.0,138.0
83445,226.0,79.0,129.0,117.0
83446,260.0,98.0,132.0,135.0
83447,273.0,111.0,150.0,156.0
83448,232.0,98.0,133.0,125.0
83449,236.0,105.0,143.0,123.0
83450,227.0,194.0,124.0,139.0
83451,249.0,106.0,134.0,130.0
83452,253.0,130.0,135.0,155.0
83453,246.0,168.0,121.0,139.0
83454,246.0,118.0,145.0,126.0
83455,241.0,209.0,134.0,134.0
83456,246.0,101.0,130.0,134.0
83457,256.0,120.0,156.0,143.0
83458,232.0,67.0,137.0,127.0
83459,235.0,123.0,117.0,140.0
83460,237.0,87.0,133.0,142.0
83461,259.0,140.0,144.0,162.0
83462,266.0,169.0,148.0,164.0
83463,243.0,63.0,134.0,148.0
83464,261.0,165.0,148.0,158.0
83465,244.0,131.0,148.0,136.0
83466,240.0,93.0,119.0,145.0
83467,242.0,108.0,131.0,143.0
83468,234.0,207.0,132.0,133.0
83469,239.0,222.0,135.0,136.0
83470,247.0,217.0,144.0,140.0
83471,251.0,124.0,143.0,123.0
83472,256.0,84.0,155.0,133.0
83473,244.0,119.0,139.0,131.0
83474,265.0,151.0,133.0,149.0
83475,234.0,125.0,130.0,116.0
83476,265.0,97.0,143.0,139.0
83477,238.0,102.0,133.0,137.0
83478,235.0,89.0,142.0,141.0
83479,261.0,97.0,149.0,142.0
83480,245.0,107.0,134.0,134.0
83481,245.0,225.0,145.0,153.0
83482,239.0,216.0,149.0,132.0
83483,244.0,84.0,138.0,137.0
83484,242.0,104.0,128.0,138.0
83485,268.0,141.0,148.0,154.0
83486,264.0,226.0,140.0,163.0
83487,255.0,102.0,143.0,153.0
83488,240.0,203.0,125.0,145.0
83489,260.0,123.0,146.0,153.0
83490,263.0,117.0,126.0,154.0
83491,240.0,93.0,127.0,144.0
83492,222.0,110.0,127.0,131.0
83493,257.0,119.0,136.0,133.0
83494,249.0,224.0,151.0,121.0
83495,250.0,82.0,143.0,139.0
83496,265.0,81.0,160.0,154.0
83497,239.0,104.0,119.0,149.0
83498,270.0,147.0,161.0,154.0
83499,256.0,140.0,152.0,148.0
83500,238.0,111.0,131.0,141.0
83501,234.0,191.0,126.0,136.0
83502,242.0,120.0,126.0,121.0
83503,247.0,100.0,151.0,147.0
83504,243.0,156.0,145.0,124.0
83505,269.0,110.0,147.0,146.0
83506,249.0,102.0,140.0,131.0
83507,247.0,129.0,129.0,136.0
83508,235.0,45.0,137.0,138.0
83509,247.0,241.0,135.0,152.0
83510,229.0,99.0,113.0,132.0
83511,229.0,99.0,136.0,132.0
83512,236.0,85.0,114.0,125.0
83513,272.0,244.0,154.0,149.0
83514,270.0,111.0,150.0,150.0
83515,265.0,126.0,142.0,150.0
83516,241.0,81.0,127.0,131.0
83517,262.0,106.0,151.0,164.0
83518,233.0,201.0,119.0,123.0
83519,235.0,85.0,126.0,129.0
83520,264.0,112.0,145.0,146.0
83521,248.0,203.0,132.0,142.0
83522,254.0,106.0,137.0,139.0
83523,244.0,81.0,124.0,127.0
83524,268.0,256.0,155.0,169.0
83525,271.0,213.0,159.0,146.0
83526,231.0,102.0,143.0,119.0
83527,259.0,111.0,148.0,130.0
83528,243.0,117.0,125.0,146.0
83529,243.0,98.0,143.0,135.0
83530,236.0,88.0,135.0,144.0
83531,241.0,132.0,136.0,139.0
83532,248.0,115.0,121.0,140.0
83533,251.0,211.0,131.0,134.0
83534,248.0,93.0,137.0,144.0
83535,267.0,96.0,160.0,162.0
83536,246.0,80.0,131.0,144.0
83537,258.0,133.0,146.0,149.0
83538,242.0,205.0,135.0,134.0
83539,229.0,92.0,124.0,131.0
83540,229.0,82.0,139.0,129.0
83541,237.0,84.0,133.0,132.0
83542,244.0,129.0,137.0,127.0
83543,246.0,102.0,140.0,148.0
83544,241.0,120.0,132.0,134.0
83545,260.0,200.0,143.0,146.0
83546,242.0,214.0,136.0,146.0
83547,237.0,209.0,118.0,133.0
83548,234.0,118.0,121.0,139.0
83549,256.0,82.0,130.0,136.0
83550,228.0,187.0,130.0,142.0
83551,279.0,73.0,169.0,162.0
83552,255.0,107.0,139.0,145.0
83553,253.0,121.0,138.0,142.0
83554,280.0,119.0,156.0,155.0
83555,240.0,161.0,131.0,129.0
83556,266.0,111.0,157.0,157.0
83557,264.0,114.0,146.0,155.0
83558,260.0,158.0,139.0,136.0
83559,241.0,118.0,130.0,135.0
83560,234.0,100.0,135.0,133.0
83561,243.0,126.0,151.0,132.0
83562,252.0,221.0,153.0,141.0
83563,265.0,148.0,135.0,128.0
83564,228.0,106.0,115.0,138.0
83565,247.0,91.0,137.0,134.0
83566,249.0,204.0,160.0,134.0
83567,244.0,129.0,133.0,128.0
83568,262.0,93.0,150.0,155.0
83569,262.0,87.0,147.0,150.0
83570,266.0,151.0,152.0,153.0
83571,226.0,194.0,127.0,140.0
83572,268.0,134.0,143.0,163.0
83573,223.0,90.0,109.0,104.0
83574,251.0,89.0,141.0,147.0
83575,276.0,101.0,149.0,155.0
83576,242.0,80.0,139.0,133.0
83577,248.0,98.0,120.0,162.0
83578,241.0,132.0,136.0,129.0
83579,260.0,82.0,151.0,144.0
83580,247.0,85.0,142.0,148.0
83581,244.0,52.0,147.0,138.0
83582,233.0,94.0,139.0,126.0
83583,247.0,96.0,155.0,142.0
83584,236.0,111.0,136.0,135.0
83585,250.0,175.0,145.0,146.0
83586,224.0,193.0,125.0,120.0
83587,235.0,163.0,130.0,122.0
83588,257.0,137.0,151.0,134.0
83589,254.0,110.0,130.0,144.0
83590,246.0,65.0,136.0,136.0
83591,261.0,220.0,142.0,148.0
83592,257.0,238.0,135.0,150.0
83593,243.0,105.0,144.0,132.0
83594,231.0,122.0,138.0,123.0
83595,257.0,107.0,153.0,151.0
83596,245.0,99.0,137.0,129.0
83597,246.0,165.0,134.0,137.0
83598,235.0,102.0,131.0,131.0
83599,248.0,109.0,138.0,139.0
83600,245.0,203.0,140.0,129.0
83601,265.0,96.0,142.0,147.0
83602,254.0,81.0,151.0,138.0
83603,229.0,61.0,146.0,141.0
83604,253.0,82.0,140.0,137.0
83605,249.0,213.0,143.0,141.0
83606,262.0,101.0,166.0,142.0
83607,244.0,199.0,124.0,131.0
83608,244.0,124.0,139.0,124.0
83609,244.0,169.0,138.0,120.0
83610,263.0,125.0,153.0,143.0
83611,257.0,100.0,141.0,136.0
83612,246.0,63.0,127.0,157.0
83613,257.0,235.0,136.0,148.0
83614,261.0,99.0,145.0,152.0
83615,235.0,115.0,126.0,133.0
83616,252.0,131.0,133.0,136.0
83617,257.0,94.0,140.0,141.0
83618,242.0,68.0,142.0,141.0
83619,235.0,55.0,129.0,131.0
83620,226.0,70.0,126.0,142.0
83621,253.0,87.0,152.0,132.0
83622,233.0,107.0,130.0,129.0
83623,241.0,239.0,130.0,146.0
83624,244.0,104.0,138.0,133.0
83625,255.0,142.0,134.0,150.0
83626,224.0,131.0,127.0,110.0
83627,270.0,120.0,150.0,146.0
83628,258.0,121.0,142.0,161.0
83629,254.0,225.0,138.0,143.0
83630,236.0,68.0,158.0,133.0
83631,254.0,97.0,153.0,145.0
83632,244.0,225.0,141.0,135.0
83633,232.0,98.0,129.0,118.0
83634,259.0,161.0,136.0,144.0
83635,274.0,149.0,144.0,143.0
83636,243.0,111.0,132.0,137.0
83637,250.0,104.0,142.0,140.0
83638,233.0,104.0,134.0,120.0
83639,224.0,98.0,125.0,133.0
83640,246.0,102.0,128.0,136.0
83641,241.0,107.0,130.0,135.0
83642,279.0,131.0,175.0,159.0
83643,253.0,97.0,134.0,152.0
83644,271.0,136.0,153.0,163.0
83645,263.0,104.0,146.0,149.0
83646,257.0,94.0,132.0,132.0
83647,236.0,101.0,147.0,149.0
83648,248.0,129.0,138.0,145.0
83649,278.0,119.0,154.0,159.0
83650,242.0,134.0,129.0,128.0
83651,234.0,121.0,138.0,143.0
83652,260.0,88.0,149.0,147.0
83653,247.0,123.0,133.0,136.0
83654,246.0,246.0,135.0,159.0
83655,263.0,88.0,142.0,147.0
83656,223.0,113.0,135.0,111.0
83657,254.0,118.0,149.0,150.0
83658,237.0,129.0,127.0,133.0
83659,256.0,90.0,148.0,147.0
83660,231.0,140.0,135.0,134.0
83661,248.0,247.0,154.0,139.0
83662,263.0,132.0,140.0,140.0
83663,258.0,107.0,147.0,159.0
83664,267.0,125.0,155.0,139.0
83665,239.0,204.0,137.0,134.0
83666,244.0,108.0,126.0,138.0
83667,242.0,97.0,117.0,126.0
83668,243.0,136.0,130.0,136.0
83669,255.0,113.0,160.0,134.0
83670,242.0,94.0,118.0,132.0
83671,228.0,147.0,131.0,132.0
83672,248.0,165.0,135.0,127.0
83673,249.0,121.0,153.0,138.0
83674,260.0,117.0,143.0,145.0
83675,249.0,142.0,150.0,143.0
83676,248.0,186.0,133.0,145.0
83677,256.0,243.0,157.0,144.0
83678,241.0,126.0,131.0,131.0
83679,236.0,107.0,136.0,142.0
83680,244.0,120.0,137.0,144.0
83681,244.0,80.0,142.0,134.0
83682,248.0,124.0,148.0,150.0
83683,265.0,183.0,156.0,143.0
83684,274.0,252.0,141.0,148.0
83685,236.0,101.0,141.0,139.0
83686,262.0,137.0,133.0,158.0
83687,213.0,105.0,116.0,123.0
83688,264.0,111.0,147.0,151.0
83689,271.0,136.0,168.0,153.0
83690,255.0,145.0,144.0,140.0
83691,245.0,109.0,151.0,140.0
83692,259.0,119.0,153.0,151.0
83693,265.0,80.0,158.0,152.0
83694,274.0,154.0,134.0,163.0
83695,251.0,78.0,141.0,138.0
83696,254.0,138.0,138.0,140.0
83697,271.0,240.0,157.0,159.0
83698,255.0,112.0,145.0,146.0
83699,240.0,70.0,141.0,136.0
83700,254.0,121.0,158.0,160.0
83701,242.0,127.0,125.0,135.0
83702,235.0,119.0,116.0,132.0
83703,273.0,117.0,145.0,139.0
83704,273.0,105.0,159.0,145.0
83705,253.0,85.0,143.0,141.0
83706,240.0,206.0,137.0,130.0
83707,227.0,195.0,131.0,130.0
83708,256.0,160.0,143.0,152.0
83709,264.0,124.0,154.0,147.0
83710,226.0,121.0,130.0,124.0
83711,242.0,100.0,134.0,132.0
83712,263.0,211.0,136.0,150.0
83713,224.0,120.0,126.0,110.0
83714,260.0,93.0,147.0,130.0
83715,255.0,131.0,157.0,137.0
83716,251.0,102.0,134.0,131.0
83717,236.0,108.0,128.0,126.0
83718,255.0,70.0,154.0,144.0
83719,241.0,236.0,142.0,127.0
83720,228.0,162.0,125.0,121.0
83721,245.0,117.0,125.0,137.0
83722,247.0,137.0,141.0,127.0
83723,253.0,212.0,143.0,151.0
83724,254.0,213.0,138.0,150.0
83725,259.0,219.0,143.0,144.0
83726,256.0,128.0,142.0,150.0
83727,262.0,104.0,154.0,148.0
83728,248.0,198.0,139.0,144.0
83729,247.0,149.0,144.0,141.0
83730,248.0,90.0,125.0,124.0
83731,256.0,202.0,149.0,143.0
83732,239.0,58.0,124.0,141.0
83733,268.0,106.0,146.0,146.0
83734,262.0,125.0,147.0,149.0
83735,251.0,96.0,146.0,140.0
83736,227.0,114.0,116.0,128.0
83737,250.0,94.0,133.0,142.0
83738,221.0,84.0,124.0,122.0
83739,225.0,73.0,141.0,139.0
83740,241.0,112.0,140.0,142.0
83741,246.0,205.0,133.0,133.0
83742,248.0,220.0,133.0,143.0
83743,255.0,209.0,136.0,148.0
83744,252.0,221.0,137.0,136.0
83745,255.0,125.0,133.0,127.0
83746,243.0,103.0,151.0,130.0
83747,278.0,115.0,163.0,156.0
83748,268.0,93.0,159.0,158.0
83749,245.0,101.0,130.0,142.0
83750,254.0,165.0,143.0,140.0
83751,240.0,132.0,138.0,134.0
83752,275.0,159.0,158.0,160.0
83753,233.0,191.0,138.0,139.0
83754,272.0,228.0,156.0,151.0
83755,242.0,236.0,136.0,137.0
83756,241.0,118.0,125.0,132.0
83757,261.0,127.0,149.0,162.0
83758,269.0,177.0,156.0,158.0
83759,267.0,148.0,143.0,163.0
83760,237.0,214.0,160.0,128.0
83761,243.0,114.0,157.0,136.0
83762,255.0,124.0,153.0,139.0
83763,252.0,204.0,135.0,134.0
83764,239.0,112.0,127.0,132.0
83765,254.0,248.0,131.0,157.0
83766,239.0,85.0,134.0,148.0
83767,272.0,113.0,146.0,141.0
83768,252.0,219.0,137.0,131.0
83769,266.0,165.0,134.0,155.0
83770,238.0,111.0,136.0,144.0
83771,249.0,93.0,135.0,133.0
83772,258.0,105.0,138.0,146.0
83773,250.0,96.0,145.0,128.0
83774,240.0,35.0,149.0,145.0
83775,241.0,208.0,147.0,132.0
83776,262.0,205.0,136.0,150.0
83777,253.0,235.0,142.0,139.0
83778,259.0,85.0,137.0,148.0
83779,269.0,108.0,148.0,158.0
83780,244.0,104.0,139.0,137.0
83781,262.0,107.0,152.0,131.0
83782,255.0,75.0,150.0,147.0
83783,239.0,99.0,134.0,134.0
83784,236.0,127.0,134.0,132.0
83785,264.0,231.0,156.0,146.0
83786,250.0,212.0,145.0,144.0
83787,246.0,92.0,135.0,144.0
83788,245.0,68.0,130.0,144.0
83789,272.0,72.0,153.0,136.0
83790,243.0,100.0,151.0,129.0
83791,253.0,99.0,144.0,133.0
83792,269.0,217.0,149.0,155.0
83793,259.0,175.0,154.0,147.0
83794,234.0,116.0,137.0,124.0
83795,260.0,187.0,133.0,152.0
83796,241.0,69.0,145.0,125.0
83797,263.0,228.0,142.0,147.0
83798,247.0,101.0,126.0,133.0
83799,275.0,96.0,135.0,166.0
83800,241.0,93.0,136.0,147.0
83801,279.0,241.0,149.0,162.0
83802,237.0,81.0,128.0,135.0
83803,245.0,105.0,136.0,145.0
83804,250.0,155.0,152.0,134.0
83805,257.0,99.0,145.0,144.0
83806,241.0,91.0,136.0,119.0
83807,234.0,163.0,146.0,125.0
83808,265.0,123.0,125.0,153.0
83809,242.0,170.0,118.0,136.0
83810,245.0,112.0,135.0,146.0
83811,281.0,175.0,162.0,139.0
83812,252.0,112.0,139.0,147.0
83813,236.0,109.0,131.0,140.0
83814,263.0,69.0,144.0,148.0
83815,245.0,98.0,135.0,143.0
83816,251.0,87.0,143.0,159.0
83817,241.0,175.0,149.0,128.0
83818,240.0,171.0,136.0,124.0
83819,254.0,216.0,157.0,141.0
83820,265.0,227.0,136.0,144.0
83821,231.0,140.0,132.0,129.0
83822,254.0,78.0,146.0,141.0
83823,259.0,97.0,146.0,136.0
83824,261.0,224.0,139.0,163.0
83825,256.0,86.0,143.0,138.0
83826,259.0,165.0,143.0,148.0
83827,263.0,120.0,153.0,145.0
83828,234.0,116.0,129.0,126.0
83829,260.0,88.0,143.0,129.0
83830,242.0,77.0,135.0,138.0
83831,264.0,148.0,147.0,148.0
83832,274.0,173.0,154.0,142.0
83833,234.0,227.0,146.0,122.0
83834,237.0,202.0,146.0,120.0
83835,239.0,124.0,133.0,117.0
83836,245.0,120.0,144.0,150.0
83837,227.0,76.0,125.0,118.0
83838,243.0,204.0,146.0,128.0
83839,253.0,106.0,153.0,133.0
83840,261.0,107.0,149.0,145.0
83841,253.0,129.0,134.0,147.0
83842,232.0,203.0,133.0,140.0
83843,232.0,97.0,126.0,131.0
83844,232.0,105.0,132.0,120.0
83845,232.0,122.0,140.0,144.0
83846,255.0,226.0,142.0,148.0
83847,249.0,148.0,149.0,134.0
83848,249.0,93.0,131.0,141.0
83849,261.0,145.0,159.0,136.0
83850,268.0,239.0,156.0,148.0
83851,249.0,117.0,143.0,132.0
83852,230.0,57.0,134.0,119.0
83853,262.0,132.0,140.0,127.0
83854,243.0,126.0,142.0,140.0
83855,262.0,126.0,131.0,149.0
83856,232.0,224.0,137.0,131.0
83857,229.0,136.0,128.0,128.0
83858,253.0,106.0,146.0,146.0
83859,246.0,68.0,132.0,144.0
83860,264.0,125.0,153.0,142.0
83861,245.0,70.0,143.0,142.0
83862,261.0,72.0,139.0,147.0
83863,239.0,198.0,144.0,123.0
83864,251.0,134.0,146.0,136.0
83865,236.0,136.0,131.0,124.0
83866,267.0,160.0,151.0,144.0
83867,258.0,104.0,144.0,137.0
83868,251.0,104.0,141.0,129.0
83869,254.0,74.0,123.0,136.0
83870,257.0,109.0,133.0,146.0
83871,236.0,118.0,130.0,135.0
83872,255.0,76.0,166.0,145.0
83873,234.0,206.0,130.0,135.0
83874,256.0,131.0,131.0,158.0
83875,258.0,119.0,139.0,148.0
83876,266.0,105.0,148.0,140.0
83877,276.0,97.0,163.0,151.0
83878,249.0,215.0,152.0,135.0
83879,238.0,72.0,133.0,143.0
83880,233.0,87.0,135.0,136.0
83881,278.0,106.0,152.0,151.0
83882,252.0,134.0,136.0,140.0
83883,249.0,92.0,137.0,136.0
83884,259.0,79.0,146.0,143.0
83885,262.0,124.0,145.0,151.0
83886,255.0,89.0,144.0,138.0
83887,237.0,155.0,130.0,124.0
83888,253.0,147.0,145.0,132.0
83889,224.0,86.0,118.0,134.0
83890,258.0,129.0,152.0,135.0
83891,273.0,130.0,145.0,161.0
83892,255.0,228.0,142.0,152.0
83893,238.0,231.0,128.0,133.0
83894,255.0,101.0,132.0,138.0
83895,239.0,127.0,124.0,144.0
83896,247.0,87.0,133.0,146.0
83897,250.0,123.0,139.0,135.0
83898,253.0,75.0,147.0,154.0
83899,241.0,212.0,128.0,148.0
83900,270.0,53.0,165.0,155.0
83901,252.0,101.0,152.0,149.0
83902,262.0,131.0,145.0,133.0
83903,228.0,75.0,119.0,132.0
83904,232.0,197.0,131.0,128.0
83905,267.0,117.0,166.0,163.0
83906,238.0,114.0,120.0,135.0
83907,269.0,67.0,161.0,143.0
83908,246.0,124.0,141.0,136.0
83909,239.0,107.0,134.0,130.0
83910,231.0,145.0,130.0,140.0
83911,245.0,107.0,139.0,134.0
83912,273.0,142.0,150.0,151.0
83913,264.0,180.0,152.0,139.0
83914,244.0,79.0,150.0,133.0
83915,276.0,160.0,149.0,171.0
83916,247.0,117.0,141.0,149.0
83917,232.0,90.0,120.0,133.0
83918,258.0,250.0,145.0,135.0
83919,275.0,120.0,160.0,163.0
83920,232.0,67.0,135.0,137.0
83921,257.0,109.0,153.0,142.0
83922,260.0,229.0,143.0,139.0
83923,249.0,217.0,130.0,138.0
83924,264.0,141.0,156.0,158.0
83925,276.0,243.0,156.0,162.0
83926,242.0,211.0,130.0,126.0
83927,247.0,144.0,142.0,135.0
83928,199.0,173.0,112.0,106.0
83929,258.0,105.0,138.0,142.0
83930,256.0,66.0,142.0,147.0
83931,269.0,135.0,136.0,155.0
83932,251.0,111.0,134.0,138.0
83933,258.0,125.0,140.0,143.0
83934,262.0,105.0,144.0,156.0
83935,249.0,92.0,121.0,146.0
83936,264.0,120.0,152.0,151.0
83937,231.0,224.0,137.0,130.0
83938,250.0,87.0,137.0,140.0
83939,248.0,87.0,146.0,129.0
83940,239.0,104.0,139.0,139.0
83941,281.0,229.0,152.0,151.0
83942,279.0,75.0,163.0,155.0
83943,254.0,95.0,134.0,147.0
83944,255.0,79.0,144.0,143.0
83945,273.0,129.0,152.0,160.0
83946,249.0,120.0,142.0,143.0
83947,254.0,121.0,154.0,143.0
83948,257.0,101.0,150.0,133.0
83949,233.0,91.0,139.0,136.0
83950,247.0,123.0,132.0,126.0
83951,238.0,208.0,123.0,128.0
83952,263.0,234.0,147.0,157.0
83953,238.0,202.0,143.0,138.0
83954,269.0,263.0,156.0,157.0
83955,247.0,241.0,136.0,129.0
83956,232.0,109.0,133.0,123.0
83957,243.0,171.0,140.0,130.0
83958,227.0,69.0,127.0,123.0
83959,264.0,200.0,159.0,135.0
83960,242.0,115.0,150.0,140.0
83961,261.0,128.0,145.0,144.0
83962,220.0,175.0,117.0,123.0
83963,257.0,212.0,153.0,151.0
83964,235.0,201.0,143.0,136.0
83965,260.0,87.0,153.0,155.0
83966,232.0,157.0,130.0,148.0
83967,243.0,98.0,139.0,133.0
83968,247.0,122.0,129.0,159.0
83969,256.0,113.0,146.0,126.0
83970,252.0,111.0,132.0,137.0
83971,269.0,235.0,157.0,145.0
83972,244.0,81.0,141.0,147.0
83973,222.0,210.0,114.0,114.0
83974,265.0,61.0,149.0,171.0
83975,219.0,69.0,129.0,126.0
83976,246.0,241.0,142.0,132.0
83977,258.0,107.0,143.0,157.0
83978,265.0,127.0,154.0,158.0
83979,237.0,109.0,133.0,147.0
83980,234.0,214.0,127.0,129.0
83981,234.0,91.0,145.0,119.0
83982,249.0,135.0,143.0,136.0
83983,273.0,135.0,149.0,139.0
83984,278.0,64.0,149.0,172.0
83985,235.0,55.0,137.0,132.0
83986,268.0,127.0,155.0,145.0
83987,244.0,66.0,145.0,135.0
83988,254.0,134.0,144.0,128.0
83989,239.0,78.0,143.0,138.0
83990,248.0,87.0,145.0,146.0
83991,233.0,66.0,119.0,141.0
83992,229.0,84.0,130.0,130.0
83993,256.0,117.0,138.0,147.0
83994,269.0,156.0,163.0,158.0
83995,252.0,164.0,143.0,144.0
83996,221.0,64.0,135.0,126.0
83997,263.0,125.0,169.0,148.0
83998,260.0,150.0,147.0,146.0
83999,259.0,230.0,146.0,150.0
84000,272.0,253.0,162.0,163.0
84001,224.0,125.0,113.0,126.0
84002,263.0,97.0,148.0,152.0
84003,242.0,120.0,130.0,133.0
84004,275.0,137.0,149.0,154.0
84005,242.0,121.0,141.0,136.0
84006,247.0,87.0,139.0,132.0
84007,258.0,219.0,148.0,136.0
84008,246.0,99.0,151.0,129.0
84009,274.0,176.0,164.0,145.0
84010,254.0,131.0,134.0,126.0
84011,245.0,113.0,136.0,141.0
84012,240.0,104.0,126.0,135.0
84013,267.0,237.0,145.0,142.0
84014,235.0,93.0,135.0,134.0
84015,262.0,91.0,139.0,135.0
84016,269.0,182.0,173.0,148.0
84017,251.0,65.0,134.0,148.0
84018,255.0,66.0,135.0,153.0
84019,246.0,97.0,139.0,148.0
84020,257.0,112.0,148.0,127.0
84021,256.0,107.0,132.0,140.0
84022,234.0,207.0,130.0,132.0
84023,233.0,120.0,143.0,126.0
84024,253.0,72.0,140.0,137.0
84025,250.0,108.0,135.0,148.0
84026,265.0,117.0,145.0,144.0
84027,274.0,153.0,164.0,159.0
84028,263.0,178.0,156.0,139.0
84029,264.0,52.0,147.0,154.0
84030,259.0,147.0,158.0,147.0
84031,256.0,114.0,141.0,158.0
84032,257.0,152.0,125.0,143.0
84033,258.0,125.0,168.0,150.0
84034,234.0,203.0,140.0,133.0
84035,256.0,113.0,138.0,148.0
84036,242.0,134.0,119.0,138.0
84037,263.0,137.0,154.0,152.0
84038,276.0,114.0,156.0,152.0
84039,275.0,95.0,162.0,145.0
84040,250.0,131.0,133.0,144.0
84041,236.0,92.0,144.0,128.0
84042,267.0,97.0,135.0,169.0
84043,255.0,217.0,144.0,145.0
84044,233.0,109.0,144.0,138.0
84045,263.0,93.0,157.0,141.0
84046,236.0,103.0,130.0,131.0
84047,269.0,251.0,137.0,148.0
84048,261.0,92.0,149.0,152.0
84049,247.0,159.0,138.0,139.0
84050,258.0,155.0,144.0,148.0
84051,230.0,70.0,138.0,137.0
84052,232.0,211.0,122.0,129.0
84053,258.0,126.0,139.0,148.0
84054,240.0,104.0,141.0,133.0
84055,253.0,90.0,144.0,127.0
84056,243.0,88.0,139.0,121.0
84057,246.0,130.0,144.0,132.0
84058,242.0,133.0,149.0,138.0
84059,222.0,119.0,132.0,131.0
84060,254.0,221.0,141.0,139.0
84061,250.0,104.0,127.0,129.0
84062,268.0,218.0,148.0,151.0
84063,263.0,97.0,146.0,149.0
84064,261.0,96.0,133.0,151.0
84065,272.0,134.0,161.0,156.0
84066,241.0,95.0,129.0,141.0
84067,258.0,112.0,137.0,128.0
84068,242.0,68.0,140.0,157.0
84069,242.0,137.0,144.0,138.0
84070,265.0,138.0,165.0,152.0
84071,256.0,142.0,150.0,145.0
84072,275.0,137.0,148.0,147.0
84073,241.0,77.0,135.0,144.0
84074,241.0,98.0,133.0,156.0
84075,272.0,156.0,143.0,152.0
84076,262.0,165.0,134.0,154.0
84077,254.0,97.0,144.0,131.0
84078,246.0,96.0,141.0,144.0
84079,257.0,248.0,153.0,142.0
84080,248.0,116.0,139.0,135.0
84081,245.0,194.0,156.0,155.0
84082,237.0,105.0,124.0,121.0
84083,232.0,144.0,140.0,131.0
84084,251.0,216.0,152.0,133.0
84085,258.0,91.0,142.0,134.0
84086,247.0,77.0,120.0,149.0
84087,258.0,149.0,153.0,138.0
84088,259.0,103.0,156.0,151.0
84089,255.0,95.0,141.0,137.0
84090,219.0,144.0,117.0,125.0
84091,253.0,93.0,143.0,140.0
84092,258.0,140.0,142.0,144.0
84093,225.0,69.0,154.0,128.0
84094,251.0,219.0,143.0,129.0
84095,267.0,112.0,142.0,146.0
84096,238.0,123.0,133.0,127.0
84097,254.0,238.0,139.0,142.0
84098,257.0,171.0,155.0,145.0
84099,256.0,116.0,142.0,147.0
84100,250.0,118.0,139.0,136.0
84101,275.0,147.0,158.0,172.0
84102,216.0,178.0,126.0,135.0
84103,226.0,82.0,139.0,123.0
84104,268.0,153.0,135.0,142.0
84105,261.0,97.0,158.0,139.0
84106,272.0,103.0,158.0,141.0
84107,246.0,206.0,138.0,142.0
84108,260.0,213.0,148.0,146.0
84109,261.0,184.0,143.0,149.0
84110,246.0,202.0,131.0,131.0
84111,244.0,117.0,136.0,134.0
84112,251.0,91.0,148.0,141.0
84113,264.0,122.0,146.0,144.0
84114,258.0,140.0,139.0,150.0
84115,229.0,135.0,121.0,135.0
84116,234.0,123.0,126.0,125.0
84117,250.0,126.0,148.0,128.0
84118,222.0,86.0,128.0,109.0
84119,303.0,167.0,163.0,189.0
84120,254.0,128.0,149.0,145.0
84121,249.0,215.0,137.0,129.0
84122,233.0,88.0,126.0,141.0
84123,244.0,84.0,147.0,142.0
84124,253.0,100.0,155.0,123.0
84125,245.0,142.0,133.0,122.0
84126,260.0,98.0,147.0,138.0
84127,275.0,164.0,152.0,131.0
84128,257.0,123.0,147.0,137.0
84129,248.0,144.0,134.0,145.0
84130,251.0,212.0,130.0,155.0
84131,242.0,84.0,123.0,131.0
84132,264.0,73.0,150.0,144.0
84133,233.0,98.0,125.0,123.0
84134,252.0,73.0,143.0,150.0
84135,243.0,216.0,134.0,136.0
84136,247.0,109.0,132.0,137.0
84137,256.0,104.0,147.0,152.0
84138,234.0,99.0,151.0,140.0
84139,255.0,138.0,139.0,143.0
84140,253.0,229.0,158.0,145.0
84141,269.0,177.0,161.0,159.0
84142,278.0,99.0,148.0,158.0
84143,279.0,109.0,149.0,149.0
84144,258.0,76.0,154.0,160.0
84145,263.0,131.0,129.0,156.0
84146,263.0,229.0,157.0,161.0
84147,256.0,216.0,140.0,135.0
84148,251.0,226.0,129.0,153.0
84149,260.0,99.0,153.0,140.0
84150,229.0,117.0,138.0,114.0
84151,256.0,100.0,142.0,130.0
84152,244.0,215.0,138.0,139.0
84153,258.0,250.0,148.0,143.0
84154,251.0,88.0,129.0,150.0
84155,254.0,127.0,154.0,140.0
84156,272.0,152.0,167.0,158.0
84157,238.0,122.0,132.0,128.0
84158,248.0,213.0,131.0,140.0
84159,267.0,163.0,150.0,152.0
84160,249.0,108.0,129.0,143.0
84161,265.0,136.0,161.0,160.0
84162,272.0,122.0,161.0,158.0
84163,242.0,79.0,134.0,132.0
84164,257.0,165.0,134.0,141.0
84165,262.0,187.0,144.0,144.0
84166,274.0,118.0,166.0,147.0
84167,248.0,127.0,131.0,141.0
84168,248.0,67.0,146.0,139.0
84169,237.0,132.0,139.0,126.0
84170,239.0,83.0,142.0,143.0
84171,254.0,119.0,155.0,128.0
84172,247.0,240.0,137.0,149.0
84173,257.0,104.0,142.0,140.0
84174,252.0,220.0,149.0,140.0
84175,246.0,72.0,155.0,134.0
84176,272.0,112.0,147.0,140.0
84177,252.0,218.0,140.0,140.0
84178,248.0,212.0,116.0,133.0
84179,262.0,226.0,161.0,145.0
84180,246.0,179.0,124.0,147.0
84181,258.0,133.0,157.0,153.0
84182,235.0,60.0,147.0,121.0
84183,254.0,102.0,153.0,145.0
84184,249.0,125.0,127.0,132.0
84185,247.0,165.0,151.0,132.0
84186,243.0,131.0,149.0,153.0
84187,232.0,93.0,125.0,136.0
84188,227.0,115.0,125.0,123.0
84189,253.0,190.0,140.0,143.0
84190,245.0,124.0,143.0,128.0
84191,267.0,140.0,152.0,151.0
84192,239.0,107.0,132.0,139.0
84193,237.0,76.0,141.0,127.0
84194,271.0,144.0,142.0,154.0
84195,270.0,103.0,155.0,140.0
84196,267.0,102.0,149.0,145.0
84197,263.0,227.0,145.0,163.0
84198,248.0,130.0,149.0,147.0
84199,246.0,95.0,136.0,138.0
84200,242.0,101.0,137.0,110.0
84201,246.0,76.0,132.0,147.0
84202,251.0,81.0,143.0,142.0
84203,239.0,105.0,118.0,127.0
84204,259.0,142.0,135.0,150.0
84205,241.0,102.0,127.0,135.0
84206,249.0,222.0,133.0,160.0
84207,228.0,111.0,123.0,101.0
84208,250.0,79.0,144.0,130.0
84209,250.0,148.0,140.0,155.0
84210,248.0,240.0,136.0,144.0
84211,232.0,77.0,138.0,130.0
84212,233.0,63.0,139.0,136.0
84213,249.0,130.0,135.0,134.0
84214,230.0,114.0,138.0,144.0
84215,250.0,104.0,134.0,128.0
84216,243.0,62.0,144.0,132.0
84217,229.0,176.0,123.0,125.0
84218,249.0,213.0,131.0,145.0
84219,262.0,165.0,155.0,140.0
84220,275.0,140.0,155.0,150.0
84221,266.0,231.0,162.0,141.0
84222,253.0,98.0,151.0,133.0
84223,254.0,118.0,133.0,144.0
84224,259.0,102.0,130.0,132.0
84225,238.0,104.0,129.0,119.0
84226,255.0,101.0,147.0,158.0
84227,247.0,116.0,145.0,146.0
84228,248.0,183.0,135.0,129.0
84229,241.0,206.0,131.0,135.0
84230,265.0,133.0,170.0,161.0
84231,243.0,208.0,144.0,146.0
84232,277.0,169.0,160.0,139.0
84233,242.0,67.0,146.0,140.0
84234,242.0,141.0,128.0,145.0
84235,253.0,150.0,148.0,161.0
84236,282.0,108.0,167.0,155.0
84237,243.0,88.0,144.0,136.0
84238,290.0,153.0,164.0,163.0
84239,268.0,89.0,176.0,148.0
84240,249.0,101.0,142.0,154.0
84241,254.0,118.0,156.0,148.0
84242,259.0,169.0,153.0,137.0
84243,241.0,90.0,130.0,138.0
84244,236.0,90.0,133.0,135.0
84245,269.0,235.0,173.0,142.0
84246,254.0,135.0,158.0,152.0
84247,274.0,226.0,164.0,158.0
84248,280.0,114.0,156.0,158.0
84249,246.0,211.0,131.0,133.0
84250,235.0,212.0,132.0,146.0
84251,255.0,233.0,135.0,155.0
84252,237.0,73.0,148.0,129.0
84253,244.0,125.0,134.0,127.0
84254,240.0,83.0,134.0,133.0
84255,261.0,232.0,162.0,150.0
84256,247.0,90.0,140.0,152.0
84257,244.0,217.0,144.0,148.0
84258,266.0,166.0,167.0,150.0
84259,229.0,77.0,144.0,134.0
84260,239.0,141.0,124.0,136.0
84261,260.0,146.0,154.0,124.0
84262,257.0,94.0,134.0,141.0
84263,261.0,226.0,139.0,141.0
84264,249.0,224.0,132.0,145.0
84265,239.0,131.0,155.0,131.0
84266,247.0,120.0,141.0,135.0
84267,261.0,252.0,157.0,137.0
84268,268.0,66.0,159.0,151.0
84269,240.0,210.0,137.0,143.0
84270,256.0,135.0,141.0,138.0
84271,239.0,88.0,131.0,134.0
84272,262.0,74.0,143.0,151.0
84273,254.0,144.0,146.0,144.0
84274,271.0,234.0,151.0,147.0
84275,250.0,104.0,132.0,141.0
84276,244.0,150.0,148.0,126.0
84277,254.0,79.0,146.0,146.0
84278,231.0,207.0,134.0,129.0
84279,281.0,154.0,161.0,153.0
84280,252.0,106.0,153.0,150.0
84281,251.0,86.0,146.0,140.0
84282,240.0,119.0,146.0,141.0
84283,235.0,169.0,114.0,143.0
84284,256.0,137.0,146.0,157.0
84285,253.0,217.0,131.0,153.0
84286,240.0,122.0,144.0,131.0
84287,262.0,95.0,158.0,159.0
84288,239.0,86.0,131.0,136.0
84289,259.0,102.0,139.0,152.0
84290,245.0,121.0,138.0,152.0
84291,230.0,76.0,127.0,137.0
84292,264.0,117.0,155.0,149.0
84293,263.0,115.0,144.0,152.0
84294,251.0,130.0,132.0,147.0
84295,228.0,77.0,133.0,135.0
84296,263.0,139.0,169.0,147.0
84297,268.0,222.0,159.0,141.0
84298,246.0,100.0,139.0,128.0
84299,229.0,194.0,138.0,120.0
84300,258.0,120.0,154.0,164.0
84301,244.0,122.0,128.0,129.0
84302,268.0,139.0,145.0,154.0
84303,223.0,86.0,128.0,126.0
84304,244.0,89.0,146.0,139.0
84305,252.0,84.0,149.0,144.0
84306,253.0,112.0,141.0,152.0
84307,243.0,102.0,135.0,149.0
84308,251.0,127.0,155.0,142.0
84309,259.0,107.0,155.0,147.0
84310,255.0,165.0,137.0,159.0
84311,210.0,58.0,112.0,116.0
84312,237.0,128.0,150.0,135.0
84313,231.0,107.0,139.0,121.0
84314,277.0,100.0,148.0,164.0
84315,245.0,225.0,130.0,150.0
84316,263.0,104.0,156.0,145.0
84317,247.0,210.0,133.0,149.0
84318,246.0,92.0,134.0,144.0
84319,250.0,211.0,134.0,138.0
84320,258.0,146.0,172.0,166.0
84321,246.0,76.0,137.0,140.0
84322,249.0,78.0,153.0,144.0
84323,246.0,206.0,133.0,142.0
84324,251.0,140.0,145.0,151.0
84325,273.0,122.0,154.0,158.0
84326,279.0,91.0,149.0,142.0
84327,248.0,132.0,139.0,127.0
84328,243.0,121.0,139.0,126.0
84329,253.0,218.0,131.0,151.0
84330,241.0,229.0,133.0,139.0
84331,264.0,93.0,142.0,140.0
84332,238.0,121.0,126.0,137.0
84333,256.0,115.0,145.0,136.0
84334,221.0,95.0,121.0,124.0
84335,239.0,196.0,139.0,132.0
84336,255.0,103.0,137.0,147.0
84337,278.0,257.0,140.0,172.0
84338,220.0,191.0,118.0,126.0
84339,236.0,93.0,123.0,140.0
84340,235.0,101.0,141.0,125.0
84341,260.0,134.0,151.0,137.0
84342,235.0,93.0,120.0,135.0
84343,248.0,123.0,129.0,140.0
84344,253.0,106.0,148.0,136.0
84345,256.0,165.0,142.0,135.0
84346,271.0,265.0,157.0,173.0
84347,266.0,257.0,153.0,132.0
84348,238.0,103.0,120.0,134.0
84349,247.0,212.0,151.0,134.0
84350,262.0,222.0,157.0,141.0
84351,244.0,107.0,126.0,133.0
84352,275.0,114.0,149.0,147.0
84353,241.0,153.0,116.0,131.0
84354,248.0,102.0,141.0,142.0
84355,253.0,102.0,131.0,132.0
84356,233.0,130.0,127.0,127.0
84357,241.0,104.0,146.0,128.0
84358,249.0,197.0,143.0,131.0
84359,269.0,137.0,155.0,148.0
84360,261.0,96.0,141.0,153.0
84361,248.0,90.0,138.0,138.0
84362,233.0,108.0,127.0,128.0
84363,252.0,90.0,130.0,134.0
84364,242.0,195.0,129.0,141.0
84365,237.0,99.0,123.0,128.0
84366,254.0,131.0,139.0,156.0
84367,255.0,138.0,122.0,154.0
84368,256.0,132.0,130.0,148.0
84369,264.0,103.0,149.0,169.0
84370,245.0,124.0,145.0,139.0
84371,264.0,193.0,156.0,142.0
84372,250.0,96.0,146.0,145.0
84373,256.0,125.0,160.0,138.0
84374,240.0,109.0,134.0,139.0
84375,252.0,141.0,130.0,147.0
84376,260.0,99.0,157.0,138.0
84377,242.0,195.0,139.0,122.0
84378,255.0,253.0,146.0,140.0
84379,241.0,108.0,128.0,143.0
84380,227.0,88.0,136.0,120.0
84381,280.0,124.0,154.0,143.0
84382,227.0,133.0,123.0,114.0
84383,262.0,84.0,138.0,149.0
84384,239.0,96.0,123.0,130.0
84385,272.0,102.0,135.0,134.0
84386,251.0,230.0,139.0,126.0
84387,230.0,87.0,127.0,130.0
84388,260.0,154.0,158.0,143.0
84389,244.0,120.0,120.0,142.0
84390,227.0,89.0,119.0,125.0
84391,258.0,119.0,146.0,140.0
84392,271.0,243.0,150.0,165.0
84393,228.0,193.0,139.0,125.0
84394,262.0,170.0,143.0,130.0
84395,274.0,117.0,153.0,156.0
84396,245.0,119.0,129.0,138.0
84397,246.0,129.0,145.0,143.0
84398,250.0,174.0,141.0,131.0
84399,267.0,138.0,152.0,142.0
84400,237.0,125.0,132.0,131.0
84401,251.0,111.0,133.0,144.0
84402,268.0,133.0,166.0,150.0
84403,237.0,152.0,132.0,140.0
84404,237.0,196.0,137.0,144.0
84405,251.0,251.0,135.0,148.0
84406,252.0,97.0,147.0,137.0
84407,253.0,120.0,155.0,142.0
84408,254.0,214.0,148.0,146.0
84409,260.0,140.0,143.0,145.0
84410,241.0,109.0,150.0,137.0
84411,264.0,178.0,151.0,143.0
84412,263.0,138.0,151.0,151.0
84413,238.0,71.0,132.0,133.0
84414,244.0,94.0,141.0,135.0
84415,245.0,162.0,129.0,149.0
84416,260.0,163.0,142.0,155.0
84417,243.0,108.0,142.0,132.0
84418,230.0,97.0,130.0,125.0
84419,247.0,215.0,153.0,144.0
84420,234.0,90.0,144.0,138.0
84421,255.0,89.0,141.0,153.0
84422,267.0,125.0,158.0,156.0
84423,252.0,121.0,150.0,135.0
84424,247.0,115.0,144.0,155.0
84425,247.0,115.0,157.0,132.0
84426,255.0,71.0,155.0,140.0
84427,260.0,227.0,154.0,137.0
84428,258.0,122.0,143.0,160.0
84429,266.0,42.0,150.0,155.0
84430,264.0,228.0,131.0,140.0
84431,259.0,157.0,144.0,135.0
84432,258.0,72.0,148.0,146.0
84433,249.0,111.0,146.0,135.0
84434,250.0,112.0,134.0,144.0
84435,266.0,103.0,127.0,161.0
84436,243.0,114.0,117.0,140.0
84437,261.0,169.0,155.0,161.0
84438,242.0,98.0,134.0,137.0
84439,263.0,225.0,146.0,152.0
84440,255.0,119.0,138.0,149.0
84441,272.0,91.0,170.0,153.0
84442,242.0,108.0,136.0,144.0
84443,240.0,99.0,112.0,139.0
84444,274.0,210.0,147.0,143.0
84445,237.0,115.0,143.0,127.0
84446,259.0,98.0,139.0,141.0
84447,239.0,204.0,142.0,144.0
84448,238.0,96.0,137.0,135.0
84449,245.0,149.0,143.0,133.0
84450,260.0,97.0,148.0,146.0
84451,264.0,125.0,148.0,157.0
84452,237.0,101.0,127.0,140.0
84453,265.0,224.0,157.0,151.0
84454,230.0,196.0,137.0,130.0
84455,257.0,97.0,146.0,141.0
84456,233.0,140.0,123.0,132.0
84457,257.0,128.0,154.0,129.0
84458,248.0,100.0,140.0,150.0
84459,250.0,88.0,131.0,121.0
84460,245.0,88.0,134.0,136.0
84461,226.0,218.0,127.0,129.0
84462,259.0,134.0,156.0,143.0
84463,268.0,156.0,144.0,129.0
84464,259.0,116.0,148.0,126.0
84465,264.0,155.0,146.0,160.0
84466,280.0,135.0,165.0,167.0
84467,244.0,89.0,140.0,143.0
84468,259.0,172.0,137.0,145.0
84469,267.0,100.0,153.0,154.0
84470,245.0,123.0,139.0,141.0
84471,242.0,206.0,143.0,134.0
84472,237.0,57.0,125.0,159.0
84473,255.0,89.0,125.0,135.0
84474,249.0,127.0,142.0,131.0
84475,255.0,87.0,140.0,155.0
84476,238.0,83.0,135.0,118.0
84477,259.0,91.0,157.0,144.0
84478,257.0,96.0,145.0,147.0
84479,249.0,213.0,146.0,141.0
84480,229.0,75.0,118.0,124.0
84481,263.0,145.0,159.0,133.0
84482,254.0,117.0,141.0,137.0
84483,230.0,129.0,130.0,128.0
84484,222.0,84.0,131.0,125.0
84485,257.0,116.0,144.0,131.0
84486,251.0,147.0,136.0,143.0
84487,263.0,160.0,161.0,157.0
84488,265.0,114.0,138.0,149.0
84489,229.0,93.0,126.0,144.0
84490,251.0,116.0,142.0,143.0
84491,247.0,97.0,123.0,141.0
84492,249.0,85.0,149.0,144.0
84493,249.0,138.0,140.0,135.0
84494,254.0,99.0,134.0,137.0
84495,247.0,199.0,148.0,137.0
84496,233.0,124.0,129.0,125.0
84497,251.0,69.0,141.0,142.0
84498,247.0,97.0,136.0,144.0
84499,260.0,59.0,159.0,122.0
84500,253.0,120.0,153.0,147.0
84501,249.0,97.0,132.0,131.0
84502,255.0,129.0,157.0,133.0
84503,272.0,133.0,152.0,154.0
84504,253.0,54.0,132.0,142.0
84505,276.0,175.0,165.0,172.0
84506,247.0,106.0,130.0,141.0
84507,248.0,108.0,144.0,143.0
84508,234.0,75.0,133.0,121.0
84509,241.0,102.0,132.0,138.0
84510,241.0,145.0,137.0,136.0
84511,235.0,211.0,128.0,129.0
84512,249.0,205.0,153.0,154.0
84513,213.0,124.0,127.0,128.0
84514,242.0,130.0,121.0,145.0
84515,261.0,161.0,151.0,158.0
84516,258.0,102.0,151.0,147.0
84517,251.0,116.0,152.0,137.0
84518,257.0,139.0,150.0,129.0
84519,226.0,99.0,116.0,135.0
84520,242.0,122.0,122.0,128.0
84521,258.0,220.0,139.0,137.0
84522,247.0,150.0,148.0,149.0
84523,241.0,98.0,141.0,130.0
84524,252.0,99.0,137.0,142.0
84525,284.0,104.0,145.0,157.0
84526,252.0,93.0,129.0,151.0
84527,249.0,213.0,135.0,123.0
84528,258.0,114.0,130.0,144.0
84529,253.0,126.0,132.0,134.0
84530,269.0,92.0,162.0,158.0
84531,251.0,73.0,143.0,141.0
84532,262.0,100.0,151.0,151.0
84533,231.0,138.0,128.0,134.0
84534,256.0,224.0,158.0,134.0
84535,240.0,77.0,128.0,127.0
84536,243.0,50.0,139.0,121.0
84537,237.0,209.0,149.0,123.0
84538,247.0,145.0,146.0,141.0
84539,253.0,40.0,149.0,138.0
84540,266.0,150.0,148.0,144.0
84541,235.0,86.0,154.0,146.0
84542,277.0,144.0,161.0,160.0
84543,242.0,143.0,138.0,143.0
84544,245.0,206.0,142.0,126.0
84545,277.0,274.0,165.0,159.0
84546,237.0,209.0,139.0,139.0
84547,257.0,122.0,143.0,138.0
84548,249.0,64.0,135.0,143.0
84549,251.0,124.0,141.0,145.0
84550,266.0,133.0,129.0,141.0
84551,273.0,143.0,146.0,151.0
84552,264.0,125.0,139.0,136.0
84553,236.0,198.0,140.0,129.0
84554,252.0,99.0,148.0,140.0
84555,252.0,117.0,138.0,132.0
84556,244.0,130.0,132.0,132.0
84557,261.0,153.0,142.0,147.0
84558,240.0,92.0,134.0,137.0
84559,233.0,98.0,123.0,118.0
84560,252.0,106.0,144.0,149.0
84561,251.0,79.0,144.0,128.0
84562,251.0,79.0,148.0,133.0
84563,262.0,122.0,153.0,133.0
84564,212.0,174.0,133.0,129.0
84565,245.0,212.0,151.0,133.0
84566,258.0,107.0,132.0,150.0
84567,241.0,212.0,139.0,134.0
84568,214.0,85.0,118.0,116.0
84569,235.0,216.0,127.0,143.0
84570,246.0,110.0,131.0,127.0
84571,270.0,159.0,160.0,153.0
84572,257.0,125.0,155.0,145.0
84573,242.0,104.0,136.0,153.0
84574,268.0,177.0,135.0,151.0
84575,268.0,128.0,145.0,154.0
84576,254.0,143.0,143.0,137.0
84577,255.0,138.0,142.0,144.0
84578,248.0,117.0,136.0,146.0
84579,241.0,90.0,129.0,130.0
84580,243.0,92.0,146.0,133.0
84581,247.0,144.0,129.0,143.0
84582,244.0,87.0,126.0,137.0
84583,265.0,80.0,149.0,147.0
84584,251.0,114.0,148.0,143.0
84585,249.0,99.0,132.0,143.0
84586,255.0,78.0,153.0,137.0
84587,265.0,93.0,155.0,162.0
84588,261.0,215.0,140.0,144.0
84589,229.0,106.0,137.0,125.0
84590,239.0,200.0,138.0,140.0
84591,246.0,117.0,145.0,145.0
84592,241.0,96.0,139.0,136.0
84593,226.0,87.0,123.0,136.0
84594,239.0,134.0,129.0,128.0
84595,272.0,237.0,152.0,156.0
84596,247.0,213.0,139.0,131.0
84597,257.0,119.0,141.0,131.0
84598,276.0,70.0,136.0,146.0
84599,223.0,143.0,124.0,124.0
84600,265.0,122.0,148.0,147.0
84601,241.0,147.0,139.0,124.0
84602,255.0,110.0,149.0,136.0
84603,262.0,123.0,159.0,144.0
84604,270.0,81.0,148.0,160.0
84605,249.0,107.0,132.0,142.0
84606,235.0,67.0,138.0,127.0
84607,247.0,113.0,131.0,129.0
84608,252.0,102.0,130.0,139.0
84609,263.0,98.0,147.0,168.0
84610,279.0,232.0,152.0,166.0
84611,252.0,101.0,139.0,140.0
84612,241.0,146.0,129.0,138.0
84613,251.0,124.0,148.0,139.0
84614,245.0,88.0,131.0,123.0
84615,246.0,204.0,141.0,132.0
84616,252.0,118.0,139.0,141.0
84617,262.0,120.0,152.0,143.0
84618,250.0,141.0,139.0,131.0
84619,256.0,133.0,136.0,151.0
84620,273.0,93.0,147.0,157.0
84621,277.0,210.0,169.0,168.0
84622,263.0,125.0,149.0,134.0
84623,243.0,115.0,145.0,132.0
84624,245.0,224.0,131.0,138.0
84625,246.0,137.0,145.0,142.0
84626,252.0,209.0,152.0,140.0
84627,237.0,155.0,119.0,126.0
84628,249.0,129.0,141.0,145.0
84629,246.0,158.0,146.0,140.0
84630,236.0,92.0,131.0,127.0
84631,273.0,97.0,131.0,168.0
84632,254.0,48.0,150.0,145.0
84633,243.0,100.0,135.0,143.0
84634,232.0,106.0,128.0,119.0
84635,272.0,102.0,146.0,150.0
84636,263.0,97.0,137.0,145.0
84637,271.0,226.0,168.0,155.0
84638,222.0,189.0,133.0,118.0
84639,237.0,107.0,124.0,128.0
84640,256.0,225.0,155.0,134.0
84641,235.0,217.0,130.0,140.0
84642,249.0,119.0,131.0,135.0
84643,256.0,178.0,160.0,139.0
84644,252.0,112.0,131.0,149.0
84645,237.0,204.0,137.0,123.0
84646,268.0,101.0,148.0,152.0
84647,231.0,77.0,126.0,131.0
84648,238.0,190.0,138.0,127.0
84649,249.0,112.0,142.0,135.0
84650,261.0,145.0,144.0,139.0
84651,253.0,138.0,141.0,142.0
84652,263.0,114.0,134.0,157.0
84653,244.0,107.0,124.0,139.0
84654,253.0,103.0,151.0,132.0
84655,232.0,98.0,122.0,121.0
84656,259.0,100.0,150.0,147.0
84657,257.0,116.0,143.0,142.0
84658,223.0,179.0,126.0,133.0
84659,258.0,87.0,135.0,155.0
84660,270.0,110.0,153.0,139.0
84661,261.0,94.0,136.0,150.0
84662,250.0,113.0,143.0,137.0
84663,227.0,124.0,141.0,120.0
84664,267.0,100.0,152.0,157.0
84665,237.0,117.0,123.0,120.0
84666,248.0,77.0,128.0,134.0
84667,255.0,98.0,134.0,147.0
84668,265.0,87.0,155.0,155.0
84669,236.0,81.0,124.0,140.0
84670,270.0,125.0,139.0,143.0
84671,233.0,100.0,132.0,128.0
84672,229.0,156.0,128.0,118.0
84673,254.0,132.0,143.0,136.0
84674,247.0,124.0,143.0,132.0
84675,264.0,127.0,168.0,145.0
84676,221.0,91.0,118.0,129.0
84677,246.0,211.0,126.0,140.0
84678,247.0,123.0,142.0,143.0
84679,243.0,117.0,146.0,140.0
84680,256.0,101.0,140.0,140.0
84681,250.0,86.0,137.0,139.0
84682,291.0,101.0,161.0,162.0
84683,286.0,146.0,161.0,166.0
84684,241.0,77.0,127.0,136.0
84685,263.0,229.0,141.0,125.0
84686,263.0,104.0,147.0,143.0
84687,253.0,90.0,129.0,137.0
84688,276.0,145.0,164.0,167.0
84689,248.0,134.0,139.0,145.0
84690,258.0,84.0,134.0,139.0
84691,268.0,146.0,146.0,140.0
84692,256.0,88.0,147.0,132.0
84693,257.0,177.0,149.0,145.0
84694,261.0,165.0,139.0,155.0
84695,226.0,199.0,108.0,129.0
84696,248.0,108.0,143.0,151.0
84697,238.0,119.0,135.0,142.0
84698,230.0,70.0,129.0,132.0
84699,238.0,201.0,127.0,138.0
84700,225.0,108.0,138.0,126.0
84701,214.0,115.0,116.0,122.0
84702,274.0,199.0,162.0,147.0
84703,270.0,225.0,144.0,144.0
84704,255.0,154.0,154.0,131.0
84705,267.0,129.0,145.0,158.0
84706,237.0,110.0,126.0,133.0
84707,232.0,91.0,144.0,129.0
84708,235.0,205.0,123.0,125.0
84709,244.0,92.0,142.0,130.0
84710,260.0,93.0,129.0,151.0
84711,234.0,86.0,138.0,123.0
84712,277.0,142.0,153.0,150.0
84713,228.0,203.0,139.0,121.0
84714,260.0,126.0,149.0,156.0
84715,252.0,100.0,132.0,140.0
84716,230.0,195.0,120.0,121.0
84717,247.0,123.0,135.0,143.0
84718,264.0,120.0,138.0,142.0
84719,241.0,115.0,136.0,145.0
84720,247.0,105.0,136.0,139.0
84721,236.0,117.0,131.0,132.0
84722,249.0,147.0,140.0,148.0
84723,239.0,120.0,133.0,135.0
84724,265.0,146.0,154.0,152.0
84725,247.0,140.0,132.0,134.0
84726,246.0,116.0,143.0,144.0
84727,266.0,167.0,160.0,153.0
84728,244.0,90.0,124.0,142.0
84729,236.0,105.0,135.0,130.0
84730,264.0,80.0,146.0,158.0
84731,267.0,104.0,158.0,151.0
84732,278.0,131.0,148.0,142.0
84733,248.0,80.0,136.0,119.0
84734,260.0,69.0,157.0,141.0
84735,245.0,205.0,149.0,128.0
84736,248.0,118.0,135.0,144.0
84737,247.0,153.0,126.0,136.0
84738,256.0,253.0,137.0,137.0
84739,264.0,223.0,147.0,153.0
84740,257.0,87.0,155.0,139.0
84741,233.0,80.0,125.0,129.0
84742,261.0,121.0,148.0,148.0
84743,267.0,97.0,131.0,140.0
84744,246.0,208.0,130.0,149.0
84745,252.0,168.0,132.0,148.0
84746,241.0,203.0,118.0,134.0
84747,247.0,231.0,145.0,127.0
84748,241.0,60.0,135.0,130.0
84749,238.0,96.0,142.0,129.0
84750,261.0,153.0,154.0,135.0
84751,242.0,76.0,130.0,121.0
84752,250.0,111.0,123.0,139.0
84753,224.0,223.0,146.0,131.0
84754,250.0,146.0,137.0,140.0
84755,258.0,79.0,144.0,139.0
84756,247.0,212.0,152.0,143.0
84757,220.0,103.0,121.0,128.0
84758,280.0,223.0,151.0,144.0
84759,257.0,149.0,143.0,148.0
84760,256.0,133.0,146.0,148.0
84761,238.0,125.0,119.0,122.0
84762,234.0,216.0,141.0,119.0
84763,258.0,106.0,136.0,150.0
84764,268.0,98.0,148.0,141.0
84765,254.0,107.0,134.0,136.0
84766,259.0,115.0,162.0,141.0
84767,274.0,175.0,145.0,161.0
84768,246.0,83.0,134.0,151.0
84769,244.0,66.0,137.0,138.0
84770,238.0,117.0,139.0,127.0
84771,249.0,119.0,138.0,135.0
84772,250.0,84.0,158.0,141.0
84773,236.0,58.0,131.0,132.0
84774,238.0,112.0,132.0,129.0
84775,235.0,85.0,129.0,140.0
84776,254.0,130.0,128.0,122.0
84777,267.0,125.0,138.0,153.0
84778,254.0,107.0,154.0,142.0
84779,251.0,214.0,138.0,135.0
84780,262.0,85.0,156.0,141.0
84781,243.0,148.0,137.0,141.0
84782,251.0,224.0,143.0,152.0
84783,261.0,115.0,148.0,134.0
84784,234.0,117.0,138.0,134.0
84785,257.0,121.0,146.0,142.0
84786,271.0,111.0,150.0,144.0
84787,266.0,86.0,154.0,150.0
84788,266.0,136.0,158.0,154.0
84789,257.0,205.0,146.0,143.0
84790,246.0,103.0,156.0,138.0
84791,248.0,99.0,149.0,136.0
84792,238.0,88.0,137.0,128.0
84793,284.0,129.0,156.0,169.0
84794,244.0,119.0,146.0,126.0
84795,245.0,89.0,141.0,141.0
84796,253.0,100.0,150.0,136.0
84797,254.0,121.0,146.0,138.0
84798,248.0,85.0,124.0,134.0
84799,240.0,90.0,145.0,140.0
84800,249.0,210.0,131.0,155.0
84801,259.0,210.0,148.0,162.0
84802,219.0,102.0,136.0,126.0
84803,272.0,88.0,171.0,173.0
84804,239.0,102.0,146.0,144.0
84805,262.0,94.0,148.0,150.0
84806,238.0,206.0,132.0,135.0
84807,252.0,49.0,126.0,147.0
84808,262.0,173.0,150.0,141.0
84809,270.0,227.0,140.0,151.0
84810,271.0,215.0,163.0,154.0
84811,267.0,70.0,159.0,154.0
84812,234.0,78.0,139.0,148.0
84813,269.0,128.0,157.0,146.0
84814,240.0,130.0,142.0,134.0
84815,245.0,86.0,148.0,155.0
84816,253.0,95.0,154.0,156.0
84817,269.0,253.0,159.0,155.0
84818,234.0,117.0,132.0,146.0
84819,264.0,88.0,163.0,142.0
84820,259.0,87.0,139.0,151.0
84821,252.0,217.0,139.0,132.0
84822,255.0,111.0,129.0,140.0
84823,270.0,127.0,172.0,156.0
84824,244.0,105.0,134.0,142.0
84825,242.0,140.0,137.0,144.0
84826,245.0,158.0,148.0,142.0
84827,250.0,208.0,147.0,108.0
84828,225.0,203.0,149.0,131.0
84829,242.0,118.0,147.0,128.0
84830,261.0,219.0,144.0,152.0
84831,252.0,147.0,154.0,155.0
84832,246.0,118.0,121.0,133.0
84833,247.0,124.0,133.0,147.0
84834,261.0,99.0,153.0,139.0
84835,242.0,101.0,142.0,157.0
84836,248.0,98.0,149.0,140.0
84837,242.0,91.0,139.0,140.0
84838,238.0,123.0,139.0,135.0
84839,268.0,220.0,157.0,149.0
84840,266.0,76.0,149.0,152.0
84841,262.0,126.0,144.0,144.0
84842,260.0,135.0,146.0,145.0
84843,230.0,209.0,125.0,133.0
84844,240.0,97.0,148.0,131.0
84845,260.0,101.0,148.0,142.0
84846,242.0,142.0,146.0,141.0
84847,290.0,151.0,160.0,187.0
84848,260.0,127.0,148.0,126.0
84849,251.0,57.0,131.0,150.0
84850,252.0,111.0,140.0,142.0
84851,249.0,132.0,150.0,137.0
84852,251.0,75.0,139.0,130.0
84853,256.0,148.0,141.0,151.0
84854,229.0,98.0,140.0,112.0
84855,256.0,180.0,140.0,138.0
84856,250.0,106.0,135.0,131.0
84857,265.0,129.0,155.0,147.0
84858,277.0,73.0,164.0,169.0
84859,245.0,214.0,135.0,126.0
84860,247.0,111.0,144.0,155.0
84861,259.0,103.0,158.0,134.0
84862,238.0,209.0,133.0,139.0
84863,221.0,79.0,127.0,113.0
84864,236.0,74.0,135.0,136.0
84865,265.0,129.0,139.0,152.0
84866,234.0,113.0,130.0,118.0
84867,214.0,108.0,134.0,132.0
84868,247.0,176.0,118.0,147.0
84869,237.0,216.0,133.0,130.0
84870,251.0,134.0,137.0,138.0
84871,247.0,98.0,139.0,148.0
84872,250.0,127.0,147.0,147.0
84873,259.0,91.0,148.0,133.0
84874,273.0,121.0,152.0,156.0
84875,256.0,96.0,146.0,143.0
84876,273.0,94.0,154.0,171.0
84877,248.0,133.0,153.0,126.0
84878,233.0,180.0,132.0,152.0
84879,255.0,214.0,133.0,124.0
84880,232.0,89.0,137.0,127.0
84881,265.0,150.0,146.0,156.0
84882,220.0,80.0,126.0,109.0
84883,254.0,103.0,130.0,155.0
84884,247.0,99.0,143.0,129.0
84885,277.0,183.0,144.0,170.0
84886,239.0,154.0,145.0,142.0
84887,248.0,161.0,129.0,133.0
84888,242.0,87.0,133.0,119.0
84889,252.0,155.0,154.0,164.0
84890,276.0,86.0,152.0,139.0
84891,230.0,117.0,134.0,128.0
84892,229.0,118.0,124.0,128.0
84893,239.0,113.0,138.0,144.0
84894,237.0,78.0,130.0,137.0
84895,236.0,118.0,138.0,137.0
84896,250.0,103.0,128.0,141.0
84897,251.0,108.0,140.0,140.0
84898,256.0,112.0,130.0,131.0
84899,259.0,132.0,143.0,133.0
84900,256.0,125.0,142.0,142.0
84901,249.0,196.0,142.0,144.0
84902,267.0,167.0,136.0,156.0
84903,259.0,62.0,139.0,166.0
84904,245.0,116.0,128.0,141.0
84905,238.0,76.0,136.0,137.0
84906,243.0,98.0,122.0,143.0
84907,243.0,87.0,143.0,142.0
84908,251.0,148.0,137.0,137.0
84909,219.0,65.0,133.0,114.0
84910,272.0,66.0,149.0,152.0
84911,269.0,228.0,148.0,166.0
84912,262.0,156.0,145.0,134.0
84913,241.0,104.0,144.0,146.0
84914,264.0,224.0,141.0,151.0
84915,227.0,101.0,128.0,139.0
84916,241.0,124.0,141.0,118.0
84917,226.0,221.0,127.0,117.0
84918,237.0,99.0,127.0,152.0
84919,258.0,224.0,146.0,157.0
84920,246.0,145.0,132.0,130.0
84921,249.0,75.0,159.0,145.0
84922,264.0,138.0,144.0,151.0
84923,238.0,199.0,143.0,131.0
84924,232.0,96.0,122.0,131.0
84925,243.0,136.0,134.0,135.0
84926,253.0,70.0,142.0,140.0
84927,266.0,228.0,151.0,161.0
84928,260.0,118.0,145.0,134.0
84929,258.0,218.0,155.0,146.0
84930,279.0,242.0,160.0,153.0
84931,257.0,141.0,139.0,137.0
84932,253.0,120.0,129.0,147.0
84933,237.0,126.0,129.0,155.0
84934,231.0,112.0,128.0,137.0
84935,258.0,244.0,135.0,152.0
84936,254.0,138.0,153.0,141.0
84937,257.0,160.0,139.0,141.0
84938,262.0,122.0,160.0,142.0
84939,290.0,148.0,185.0,168.0
84940,247.0,67.0,143.0,146.0
84941,243.0,108.0,134.0,147.0
84942,245.0,109.0,132.0,135.0
84943,236.0,112.0,129.0,141.0
84944,254.0,91.0,137.0,141.0
84945,242.0,110.0,149.0,130.0
84946,263.0,224.0,132.0,140.0
84947,254.0,226.0,142.0,152.0
84948,271.0,223.0,169.0,160.0
84949,255.0,104.0,146.0,131.0
84950,225.0,115.0,130.0,110.0
84951,262.0,125.0,141.0,140.0
84952,244.0,65.0,141.0,116.0
84953,247.0,207.0,139.0,134.0
84954,245.0,101.0,142.0,137.0
84955,252.0,183.0,139.0,134.0
84956,255.0,126.0,139.0,138.0
84957,252.0,110.0,141.0,143.0
84958,260.0,80.0,153.0,148.0
84959,223.0,113.0,129.0,131.0
84960,258.0,96.0,139.0,144.0
84961,240.0,183.0,123.0,133.0
84962,250.0,215.0,140.0,142.0
84963,246.0,132.0,149.0,141.0
84964,243.0,111.0,136.0,130.0
84965,244.0,223.0,142.0,133.0
84966,236.0,196.0,135.0,138.0
84967,273.0,106.0,158.0,166.0
84968,217.0,188.0,135.0,124.0
84969,226.0,72.0,118.0,137.0
84970,242.0,205.0,154.0,128.0
84971,249.0,234.0,120.0,142.0
84972,243.0,98.0,127.0,117.0
84973,227.0,136.0,129.0,128.0
84974,267.0,128.0,140.0,136.0
84975,271.0,125.0,139.0,141.0
84976,246.0,119.0,138.0,130.0
84977,237.0,209.0,121.0,132.0
84978,223.0,214.0,121.0,115.0
84979,265.0,92.0,149.0,141.0
84980,253.0,177.0,154.0,148.0
84981,247.0,126.0,147.0,139.0
84982,241.0,80.0,127.0,137.0
84983,266.0,233.0,143.0,163.0
84984,252.0,235.0,135.0,150.0
84985,259.0,224.0,142.0,142.0
84986,272.0,134.0,156.0,152.0
84987,245.0,69.0,146.0,139.0
84988,239.0,133.0,141.0,132.0
84989,246.0,135.0,134.0,140.0
84990,231.0,118.0,124.0,132.0
84991,261.0,127.0,140.0,136.0
84992,254.0,92.0,131.0,141.0
84993,235.0,92.0,133.0,131.0
84994,245.0,99.0,140.0,118.0
84995,236.0,123.0,138.0,134.0
84996,236.0,190.0,135.0,139.0
84997,267.0,246.0,161.0,155.0
84998,211.0,85.0,110.0,121.0
84999,254.0,82.0,141.0,143.0
85000,247.0,105.0,147.0,132.0
85001,233.0,86.0,135.0,133.0
85002,224.0,121.0,125.0,134.0
85003,267.0,238.0,163.0,135.0
85004,253.0,95.0,138.0,134.0
85005,267.0,232.0,131.0,144.0
85006,260.0,71.0,152.0,146.0
85007,256.0,139.0,137.0,167.0
85008,245.0,157.0,143.0,153.0
85009,253.0,126.0,142.0,130.0
85010,241.0,118.0,154.0,131.0
85011,235.0,107.0,117.0,136.0
85012,261.0,161.0,145.0,145.0
85013,241.0,110.0,135.0,130.0
85014,265.0,112.0,141.0,157.0
85015,249.0,85.0,133.0,152.0
85016,274.0,234.0,158.0,147.0
85017,249.0,89.0,135.0,158.0
85018,240.0,82.0,125.0,132.0
85019,222.0,125.0,121.0,123.0
85020,258.0,109.0,152.0,147.0
85021,231.0,69.0,141.0,123.0
85022,251.0,120.0,130.0,144.0
85023,248.0,133.0,141.0,148.0
85024,235.0,108.0,125.0,144.0
85025,275.0,76.0,158.0,156.0
85026,265.0,121.0,150.0,151.0
85027,261.0,113.0,151.0,141.0
85028,267.0,108.0,144.0,151.0
85029,240.0,175.0,137.0,135.0
85030,254.0,143.0,137.0,152.0
85031,262.0,140.0,148.0,140.0
85032,262.0,122.0,129.0,146.0
85033,278.0,164.0,162.0,170.0
85034,256.0,126.0,146.0,151.0
85035,250.0,120.0,148.0,139.0
85036,231.0,75.0,121.0,134.0
85037,245.0,122.0,134.0,118.0
85038,249.0,118.0,148.0,142.0
85039,249.0,103.0,143.0,140.0
85040,249.0,134.0,138.0,148.0
85041,225.0,78.0,133.0,129.0
85042,244.0,93.0,148.0,137.0
85043,263.0,143.0,162.0,133.0
85044,230.0,96.0,132.0,143.0
85045,239.0,93.0,115.0,140.0
85046,235.0,120.0,129.0,135.0
85047,243.0,90.0,139.0,128.0
85048,240.0,128.0,127.0,129.0
85049,252.0,224.0,136.0,145.0
85050,250.0,165.0,147.0,140.0
85051,274.0,131.0,155.0,151.0
85052,226.0,100.0,132.0,125.0
85053,248.0,98.0,138.0,138.0
85054,241.0,206.0,134.0,134.0
85055,246.0,110.0,138.0,148.0
85056,265.0,221.0,142.0,146.0
85057,249.0,203.0,121.0,133.0
85058,265.0,215.0,156.0,145.0
85059,219.0,85.0,116.0,124.0
85060,263.0,155.0,145.0,157.0
85061,235.0,187.0,124.0,129.0
85062,236.0,85.0,134.0,141.0
85063,246.0,138.0,149.0,143.0
85064,257.0,129.0,134.0,133.0
85065,252.0,135.0,142.0,140.0
85066,222.0,196.0,126.0,125.0
85067,241.0,209.0,126.0,143.0
85068,265.0,141.0,152.0,147.0
85069,248.0,65.0,151.0,139.0
85070,233.0,86.0,144.0,131.0
85071,248.0,92.0,131.0,143.0
85072,255.0,72.0,147.0,146.0
85073,250.0,88.0,140.0,134.0
85074,232.0,192.0,126.0,124.0
85075,234.0,84.0,137.0,130.0
85076,264.0,71.0,155.0,137.0
85077,226.0,212.0,120.0,114.0
85078,238.0,128.0,127.0,128.0
85079,267.0,103.0,144.0,135.0
85080,232.0,114.0,121.0,138.0
85081,258.0,94.0,136.0,143.0
85082,252.0,182.0,135.0,127.0
85083,256.0,105.0,134.0,146.0
85084,245.0,94.0,141.0,137.0
85085,250.0,103.0,133.0,140.0
85086,212.0,113.0,125.0,118.0
85087,231.0,74.0,135.0,128.0
85088,250.0,215.0,142.0,126.0
85089,219.0,91.0,128.0,133.0
85090,248.0,136.0,142.0,133.0
85091,255.0,215.0,133.0,135.0
85092,252.0,87.0,137.0,135.0
85093,248.0,120.0,148.0,142.0
85094,246.0,104.0,122.0,145.0
85095,242.0,105.0,131.0,141.0
85096,225.0,96.0,126.0,128.0
85097,241.0,93.0,136.0,145.0
85098,256.0,162.0,145.0,156.0
85099,236.0,65.0,126.0,142.0
85100,247.0,108.0,129.0,149.0
85101,257.0,94.0,136.0,134.0
85102,242.0,109.0,141.0,131.0
85103,239.0,108.0,134.0,139.0
85104,251.0,87.0,124.0,133.0
85105,276.0,233.0,154.0,148.0
85106,269.0,139.0,147.0,144.0
85107,229.0,113.0,127.0,128.0
85108,253.0,96.0,128.0,117.0
85109,234.0,99.0,119.0,135.0
85110,239.0,94.0,136.0,121.0
85111,237.0,84.0,128.0,121.0
85112,274.0,113.0,143.0,158.0
85113,271.0,123.0,146.0,155.0
85114,235.0,116.0,134.0,119.0
85115,262.0,129.0,168.0,157.0
85116,247.0,91.0,145.0,133.0
85117,228.0,217.0,125.0,124.0
85118,221.0,97.0,120.0,111.0
85119,260.0,116.0,163.0,151.0
85120,244.0,83.0,136.0,134.0
85121,243.0,49.0,130.0,142.0
85122,236.0,91.0,129.0,138.0
85123,239.0,67.0,141.0,132.0
85124,248.0,144.0,128.0,130.0
85125,247.0,136.0,140.0,147.0
85126,249.0,112.0,147.0,136.0
85127,249.0,105.0,141.0,149.0
85128,231.0,110.0,142.0,130.0
85129,243.0,118.0,136.0,144.0
85130,247.0,80.0,130.0,139.0
85131,239.0,114.0,128.0,131.0
85132,231.0,91.0,133.0,141.0
85133,251.0,152.0,150.0,150.0
85134,250.0,116.0,143.0,132.0
85135,257.0,127.0,142.0,161.0
85136,250.0,81.0,147.0,139.0
85137,279.0,174.0,150.0,163.0
85138,273.0,128.0,156.0,143.0
85139,239.0,82.0,131.0,137.0
85140,251.0,203.0,141.0,135.0
85141,277.0,105.0,155.0,150.0
85142,287.0,107.0,151.0,158.0
85143,228.0,106.0,122.0,122.0
85144,252.0,219.0,145.0,152.0
85145,262.0,125.0,157.0,146.0
85146,249.0,210.0,136.0,141.0
85147,230.0,128.0,117.0,114.0
85148,224.0,204.0,131.0,124.0
85149,256.0,113.0,148.0,129.0
85150,254.0,96.0,139.0,155.0
85151,262.0,101.0,142.0,154.0
85152,269.0,122.0,142.0,156.0
85153,259.0,230.0,151.0,149.0
85154,256.0,226.0,143.0,142.0
85155,269.0,264.0,153.0,151.0
85156,253.0,104.0,140.0,144.0
85157,246.0,152.0,139.0,147.0
85158,265.0,113.0,145.0,156.0
85159,245.0,171.0,135.0,135.0
85160,252.0,100.0,131.0,128.0
85161,266.0,124.0,148.0,148.0
85162,252.0,91.0,135.0,142.0
85163,255.0,140.0,154.0,133.0
85164,242.0,99.0,130.0,131.0
85165,245.0,109.0,152.0,131.0
85166,249.0,117.0,130.0,132.0
85167,237.0,99.0,137.0,125.0
85168,250.0,101.0,131.0,145.0
85169,252.0,80.0,142.0,144.0
85170,256.0,130.0,140.0,135.0
85171,251.0,218.0,141.0,143.0
85172,250.0,153.0,140.0,140.0
85173,248.0,51.0,143.0,128.0
85174,247.0,53.0,146.0,146.0
85175,254.0,111.0,148.0,140.0
85176,224.0,80.0,112.0,134.0
85177,242.0,94.0,141.0,126.0
85178,265.0,261.0,140.0,145.0
85179,229.0,90.0,127.0,122.0
85180,226.0,114.0,123.0,120.0
85181,257.0,105.0,139.0,142.0
85182,250.0,135.0,150.0,145.0
85183,262.0,84.0,150.0,140.0
85184,252.0,248.0,131.0,140.0
85185,243.0,209.0,135.0,129.0
85186,226.0,138.0,129.0,131.0
85187,252.0,219.0,135.0,152.0
85188,228.0,93.0,118.0,131.0
85189,237.0,85.0,132.0,131.0
85190,260.0,247.0,149.0,149.0
85191,255.0,130.0,152.0,143.0
85192,235.0,112.0,129.0,129.0
85193,227.0,114.0,133.0,138.0
85194,251.0,100.0,138.0,131.0
85195,244.0,131.0,130.0,142.0
85196,234.0,126.0,136.0,136.0
85197,241.0,61.0,133.0,141.0
85198,236.0,214.0,145.0,125.0
85199,283.0,111.0,153.0,143.0
85200,238.0,133.0,137.0,139.0
85201,256.0,119.0,134.0,139.0
85202,237.0,135.0,137.0,135.0
85203,243.0,216.0,142.0,135.0
85204,255.0,243.0,151.0,146.0
85205,217.0,87.0,127.0,134.0
85206,243.0,144.0,142.0,123.0
85207,261.0,229.0,139.0,146.0
85208,296.0,139.0,184.0,153.0
85209,250.0,131.0,136.0,139.0
85210,246.0,211.0,129.0,133.0
85211,237.0,156.0,134.0,134.0
85212,266.0,181.0,153.0,153.0
85213,266.0,129.0,142.0,149.0
85214,252.0,222.0,139.0,130.0
85215,247.0,120.0,163.0,143.0
85216,225.0,201.0,122.0,139.0
85217,240.0,69.0,142.0,132.0
85218,214.0,112.0,122.0,123.0
85219,260.0,115.0,147.0,159.0
85220,246.0,125.0,138.0,133.0
85221,250.0,136.0,150.0,147.0
85222,247.0,143.0,145.0,139.0
85223,257.0,249.0,142.0,150.0
85224,266.0,234.0,143.0,141.0
85225,238.0,52.0,126.0,141.0
85226,261.0,214.0,158.0,141.0
85227,214.0,56.0,110.0,107.0
85228,263.0,146.0,156.0,154.0
85229,243.0,168.0,142.0,134.0
85230,255.0,221.0,147.0,135.0
85231,253.0,123.0,136.0,141.0
85232,241.0,122.0,137.0,118.0
85233,263.0,249.0,152.0,146.0
85234,264.0,84.0,137.0,147.0
85235,247.0,213.0,122.0,139.0
85236,240.0,90.0,136.0,135.0
85237,245.0,132.0,129.0,128.0
85238,241.0,88.0,131.0,126.0
85239,264.0,153.0,145.0,132.0
85240,238.0,151.0,132.0,137.0
85241,264.0,234.0,147.0,149.0
85242,243.0,93.0,137.0,144.0
85243,235.0,93.0,139.0,127.0
85244,249.0,112.0,124.0,151.0
85245,263.0,103.0,144.0,139.0
85246,247.0,102.0,149.0,147.0
85247,253.0,208.0,148.0,136.0
85248,282.0,253.0,159.0,162.0
85249,237.0,90.0,134.0,118.0
85250,236.0,66.0,127.0,125.0
85251,226.0,90.0,122.0,121.0
85252,261.0,124.0,137.0,142.0
85253,258.0,211.0,155.0,139.0
85254,265.0,230.0,140.0,146.0
85255,250.0,213.0,141.0,135.0
85256,276.0,239.0,161.0,161.0
85257,259.0,89.0,149.0,158.0
85258,233.0,81.0,121.0,133.0
85259,239.0,45.0,138.0,135.0
85260,267.0,114.0,147.0,171.0
85261,237.0,132.0,123.0,144.0
85262,266.0,97.0,140.0,155.0
85263,217.0,56.0,118.0,120.0
85264,241.0,190.0,148.0,148.0
85265,263.0,107.0,153.0,166.0
85266,244.0,88.0,132.0,142.0
85267,262.0,81.0,144.0,143.0
85268,248.0,112.0,138.0,137.0
85269,265.0,74.0,153.0,125.0
85270,248.0,117.0,140.0,146.0
85271,233.0,213.0,133.0,155.0
85272,239.0,147.0,135.0,123.0
85273,245.0,104.0,137.0,138.0
85274,224.0,192.0,117.0,125.0
85275,272.0,109.0,147.0,150.0
85276,241.0,94.0,148.0,135.0
85277,242.0,135.0,144.0,145.0
85278,266.0,139.0,140.0,153.0
85279,248.0,98.0,137.0,141.0
85280,238.0,101.0,145.0,129.0
85281,262.0,214.0,133.0,149.0
85282,266.0,224.0,152.0,162.0
85283,262.0,97.0,160.0,146.0
85284,267.0,168.0,132.0,150.0
85285,264.0,123.0,154.0,155.0
85286,255.0,110.0,153.0,154.0
85287,259.0,109.0,141.0,145.0
85288,284.0,105.0,154.0,153.0
85289,239.0,200.0,134.0,129.0
85290,240.0,104.0,132.0,140.0
85291,262.0,121.0,135.0,148.0
85292,254.0,109.0,133.0,132.0
85293,260.0,88.0,150.0,149.0
85294,262.0,207.0,164.0,141.0
85295,256.0,88.0,131.0,136.0
85296,268.0,140.0,153.0,157.0
85297,267.0,89.0,166.0,146.0
85298,265.0,164.0,153.0,147.0
85299,245.0,87.0,142.0,150.0
85300,258.0,231.0,142.0,141.0
85301,243.0,108.0,130.0,141.0
85302,263.0,116.0,141.0,152.0
85303,248.0,127.0,137.0,136.0
85304,231.0,96.0,122.0,128.0
85305,258.0,110.0,153.0,131.0
85306,223.0,121.0,127.0,137.0
85307,250.0,100.0,143.0,155.0
85308,255.0,209.0,128.0,129.0
85309,246.0,183.0,133.0,133.0
85310,253.0,112.0,152.0,131.0
85311,258.0,98.0,132.0,148.0
85312,260.0,193.0,140.0,148.0
85313,277.0,126.0,149.0,147.0
85314,255.0,85.0,139.0,145.0
85315,266.0,144.0,148.0,142.0
85316,228.0,154.0,118.0,119.0
85317,248.0,204.0,129.0,129.0
85318,258.0,123.0,151.0,145.0
85319,261.0,132.0,149.0,149.0
85320,271.0,161.0,149.0,136.0
85321,250.0,127.0,146.0,144.0
85322,252.0,134.0,140.0,139.0
85323,266.0,62.0,137.0,145.0
85324,240.0,145.0,124.0,126.0
85325,266.0,172.0,130.0,149.0
85326,256.0,230.0,145.0,153.0
85327,253.0,98.0,138.0,147.0
85328,266.0,121.0,139.0,143.0
85329,254.0,144.0,150.0,148.0
85330,232.0,127.0,141.0,139.0
85331,257.0,75.0,160.0,143.0
85332,230.0,91.0,118.0,123.0
85333,245.0,99.0,153.0,146.0
85334,266.0,81.0,142.0,150.0
85335,258.0,221.0,148.0,146.0
85336,237.0,92.0,150.0,140.0
85337,274.0,161.0,143.0,157.0
85338,253.0,180.0,147.0,131.0
85339,284.0,100.0,168.0,161.0
85340,238.0,219.0,136.0,133.0
85341,234.0,229.0,133.0,137.0
85342,250.0,124.0,145.0,139.0
85343,257.0,87.0,146.0,139.0
85344,238.0,72.0,136.0,129.0
85345,273.0,96.0,147.0,146.0
85346,269.0,236.0,143.0,152.0
85347,255.0,114.0,132.0,147.0
85348,277.0,237.0,157.0,167.0
85349,264.0,114.0,152.0,147.0
85350,270.0,130.0,164.0,148.0
85351,251.0,106.0,131.0,150.0
85352,233.0,102.0,133.0,143.0
85353,258.0,146.0,156.0,140.0
85354,255.0,140.0,132.0,145.0
85355,252.0,89.0,145.0,138.0
85356,221.0,106.0,125.0,117.0
85357,244.0,100.0,151.0,145.0
85358,275.0,113.0,159.0,150.0
85359,265.0,223.0,153.0,155.0
85360,268.0,226.0,147.0,142.0
85361,273.0,126.0,149.0,146.0
85362,255.0,131.0,146.0,154.0
85363,269.0,108.0,157.0,131.0
85364,241.0,134.0,143.0,135.0
85365,265.0,139.0,152.0,155.0
85366,257.0,136.0,158.0,159.0
85367,246.0,204.0,147.0,138.0
85368,250.0,218.0,141.0,156.0
85369,260.0,149.0,145.0,152.0
85370,244.0,93.0,151.0,142.0
85371,235.0,79.0,119.0,133.0
85372,262.0,94.0,135.0,143.0
85373,247.0,126.0,145.0,139.0
85374,262.0,150.0,136.0,149.0
85375,227.0,104.0,137.0,125.0
85376,251.0,130.0,141.0,149.0
85377,253.0,218.0,133.0,138.0
85378,262.0,145.0,150.0,164.0
85379,248.0,83.0,152.0,140.0
85380,233.0,137.0,132.0,140.0
85381,236.0,88.0,131.0,139.0
85382,242.0,96.0,120.0,127.0
85383,247.0,76.0,146.0,144.0
85384,255.0,199.0,140.0,144.0
85385,259.0,235.0,135.0,142.0
85386,242.0,214.0,133.0,136.0
85387,254.0,144.0,130.0,160.0
85388,218.0,183.0,124.0,137.0
85389,252.0,102.0,141.0,139.0
85390,240.0,77.0,135.0,135.0
85391,273.0,236.0,162.0,138.0
85392,240.0,98.0,143.0,134.0
85393,266.0,242.0,154.0,168.0
85394,261.0,83.0,151.0,155.0
85395,246.0,97.0,146.0,134.0
85396,265.0,112.0,144.0,160.0
85397,251.0,108.0,155.0,146.0
85398,283.0,111.0,156.0,162.0
85399,239.0,119.0,151.0,131.0
85400,254.0,107.0,143.0,146.0
85401,262.0,108.0,139.0,147.0
85402,238.0,202.0,148.0,138.0
85403,236.0,145.0,130.0,141.0
85404,255.0,135.0,147.0,135.0
85405,245.0,99.0,149.0,142.0
85406,238.0,158.0,123.0,127.0
85407,238.0,213.0,149.0,134.0
85408,245.0,157.0,136.0,141.0
85409,246.0,132.0,145.0,135.0
85410,256.0,119.0,145.0,136.0
85411,260.0,233.0,131.0,147.0
85412,227.0,80.0,137.0,135.0
85413,257.0,216.0,137.0,130.0
85414,244.0,109.0,125.0,139.0
85415,260.0,231.0,150.0,153.0
85416,260.0,118.0,146.0,160.0
85417,257.0,102.0,130.0,143.0
85418,251.0,109.0,132.0,116.0
85419,241.0,103.0,140.0,131.0
85420,238.0,233.0,142.0,141.0
85421,281.0,110.0,158.0,154.0
85422,244.0,63.0,138.0,144.0
85423,238.0,103.0,133.0,134.0
85424,254.0,105.0,133.0,134.0
85425,243.0,81.0,148.0,134.0
85426,249.0,219.0,136.0,155.0
85427,250.0,130.0,141.0,132.0
85428,269.0,57.0,159.0,153.0
85429,253.0,101.0,133.0,158.0
85430,250.0,134.0,145.0,146.0
85431,242.0,120.0,136.0,124.0
85432,270.0,156.0,145.0,157.0
85433,253.0,234.0,146.0,140.0
85434,245.0,68.0,143.0,141.0
85435,242.0,107.0,131.0,142.0
85436,258.0,106.0,155.0,152.0
85437,258.0,137.0,132.0,132.0
85438,252.0,45.0,151.0,138.0
85439,264.0,213.0,139.0,145.0
85440,252.0,100.0,150.0,135.0
85441,245.0,228.0,138.0,129.0
85442,250.0,103.0,147.0,148.0
85443,269.0,111.0,141.0,161.0
85444,240.0,134.0,133.0,148.0
85445,273.0,117.0,153.0,145.0
85446,253.0,215.0,140.0,153.0
85447,223.0,101.0,129.0,116.0
85448,283.0,80.0,161.0,142.0
85449,242.0,105.0,132.0,129.0
85450,257.0,121.0,150.0,142.0
85451,242.0,121.0,129.0,138.0
85452,255.0,108.0,145.0,134.0
85453,249.0,159.0,152.0,125.0
85454,256.0,143.0,135.0,148.0
85455,243.0,126.0,134.0,128.0
85456,230.0,200.0,130.0,113.0
85457,260.0,138.0,129.0,156.0
85458,254.0,59.0,137.0,156.0
85459,239.0,119.0,121.0,131.0
85460,239.0,132.0,127.0,130.0
85461,256.0,154.0,148.0,147.0
85462,257.0,107.0,141.0,131.0
85463,264.0,110.0,157.0,148.0
85464,267.0,128.0,160.0,145.0
85465,256.0,233.0,139.0,153.0
85466,265.0,119.0,140.0,147.0
85467,246.0,98.0,140.0,135.0
85468,256.0,114.0,150.0,155.0
85469,241.0,198.0,142.0,138.0
85470,251.0,102.0,147.0,152.0
85471,273.0,227.0,157.0,148.0
85472,261.0,130.0,146.0,155.0
85473,236.0,124.0,143.0,135.0
85474,248.0,113.0,132.0,147.0
85475,258.0,102.0,145.0,138.0
85476,257.0,130.0,156.0,150.0
85477,271.0,138.0,161.0,135.0
85478,263.0,97.0,139.0,154.0
85479,254.0,115.0,142.0,150.0
85480,257.0,122.0,146.0,131.0
85481,245.0,120.0,132.0,144.0
85482,228.0,93.0,134.0,117.0
85483,243.0,206.0,138.0,148.0
85484,245.0,212.0,138.0,125.0
85485,247.0,92.0,140.0,125.0
85486,254.0,110.0,149.0,145.0
85487,247.0,235.0,149.0,140.0
85488,233.0,207.0,132.0,133.0
85489,240.0,104.0,145.0,136.0
85490,253.0,96.0,143.0,137.0
85491,262.0,134.0,139.0,142.0
85492,267.0,137.0,143.0,147.0
85493,277.0,97.0,162.0,154.0
85494,257.0,103.0,139.0,148.0
85495,216.0,92.0,123.0,133.0
85496,262.0,114.0,149.0,163.0
85497,229.0,187.0,129.0,129.0
85498,215.0,69.0,115.0,116.0
85499,234.0,210.0,135.0,132.0
85500,271.0,115.0,161.0,145.0
85501,228.0,86.0,118.0,120.0
85502,242.0,143.0,141.0,131.0
85503,253.0,81.0,137.0,142.0
85504,267.0,105.0,139.0,147.0
85505,254.0,221.0,134.0,141.0
85506,267.0,108.0,152.0,158.0
85507,252.0,206.0,139.0,141.0
85508,259.0,63.0,153.0,152.0
85509,261.0,94.0,137.0,139.0
85510,256.0,147.0,148.0,152.0
85511,239.0,94.0,138.0,123.0
85512,246.0,95.0,144.0,150.0
85513,244.0,83.0,143.0,148.0
85514,245.0,84.0,139.0,137.0
85515,259.0,212.0,140.0,148.0
85516,259.0,148.0,155.0,156.0
85517,274.0,122.0,159.0,152.0
85518,251.0,100.0,149.0,149.0
85519,247.0,98.0,131.0,155.0
85520,255.0,124.0,146.0,150.0
85521,238.0,90.0,125.0,128.0
85522,256.0,100.0,137.0,135.0
85523,247.0,133.0,154.0,146.0
85524,260.0,168.0,145.0,141.0
85525,244.0,77.0,133.0,136.0
85526,241.0,79.0,145.0,128.0
85527,242.0,115.0,134.0,127.0
85528,257.0,90.0,146.0,130.0
85529,245.0,120.0,132.0,137.0
85530,234.0,136.0,122.0,129.0
85531,247.0,100.0,143.0,137.0
85532,241.0,146.0,132.0,135.0
85533,251.0,146.0,144.0,147.0
85534,264.0,254.0,139.0,153.0
85535,268.0,84.0,163.0,149.0
85536,221.0,214.0,120.0,124.0
85537,260.0,115.0,145.0,140.0
85538,268.0,122.0,137.0,151.0
85539,210.0,116.0,120.0,124.0
85540,230.0,78.0,130.0,123.0
85541,270.0,30.0,163.0,142.0
85542,231.0,85.0,125.0,116.0
85543,267.0,123.0,142.0,162.0
85544,274.0,140.0,151.0,153.0
85545,265.0,95.0,156.0,153.0
85546,245.0,122.0,138.0,134.0
85547,243.0,122.0,134.0,139.0
85548,266.0,227.0,148.0,150.0
85549,241.0,203.0,126.0,141.0
85550,251.0,61.0,133.0,152.0
85551,244.0,54.0,139.0,130.0
85552,268.0,107.0,149.0,138.0
85553,255.0,215.0,150.0,161.0
85554,225.0,103.0,131.0,127.0
85555,248.0,88.0,144.0,141.0
85556,259.0,156.0,142.0,137.0
85557,239.0,210.0,124.0,126.0
85558,228.0,154.0,132.0,120.0
85559,233.0,85.0,134.0,134.0
85560,243.0,110.0,129.0,140.0
85561,233.0,138.0,121.0,130.0
85562,264.0,108.0,147.0,154.0
85563,252.0,216.0,142.0,146.0
85564,240.0,46.0,134.0,151.0
85565,265.0,90.0,141.0,162.0
85566,252.0,111.0,151.0,128.0
85567,252.0,200.0,142.0,142.0
85568,279.0,148.0,168.0,151.0
85569,239.0,130.0,134.0,142.0
85570,260.0,137.0,151.0,145.0
85571,262.0,162.0,148.0,135.0
85572,271.0,98.0,162.0,157.0
85573,281.0,126.0,151.0,160.0
85574,249.0,163.0,156.0,155.0
85575,257.0,114.0,145.0,140.0
85576,252.0,119.0,149.0,137.0
85577,219.0,75.0,132.0,129.0
85578,257.0,124.0,134.0,143.0
85579,242.0,89.0,146.0,141.0
85580,248.0,80.0,144.0,137.0
85581,242.0,146.0,145.0,130.0
85582,245.0,81.0,136.0,144.0
85583,244.0,142.0,128.0,121.0
85584,271.0,142.0,158.0,143.0
85585,255.0,220.0,152.0,158.0
85586,248.0,173.0,135.0,142.0
85587,224.0,213.0,122.0,141.0
85588,248.0,122.0,146.0,150.0
85589,267.0,128.0,147.0,146.0
85590,272.0,112.0,146.0,146.0
85591,244.0,109.0,142.0,127.0
85592,257.0,118.0,154.0,149.0
85593,241.0,137.0,130.0,144.0
85594,285.0,88.0,155.0,151.0
85595,270.0,71.0,160.0,152.0
85596,258.0,104.0,130.0,141.0
85597,268.0,153.0,157.0,153.0
85598,239.0,140.0,120.0,133.0
85599,266.0,238.0,154.0,139.0
85600,244.0,140.0,132.0,131.0
85601,239.0,53.0,129.0,149.0
85602,256.0,239.0,156.0,149.0
85603,257.0,231.0,149.0,130.0
85604,248.0,118.0,166.0,135.0
85605,275.0,150.0,154.0,143.0
85606,219.0,71.0,121.0,132.0
85607,250.0,239.0,145.0,144.0
85608,236.0,209.0,130.0,118.0
85609,249.0,91.0,141.0,153.0
85610,256.0,104.0,133.0,146.0
85611,260.0,88.0,150.0,138.0
85612,236.0,145.0,122.0,129.0
85613,260.0,111.0,136.0,140.0
85614,241.0,87.0,127.0,139.0
85615,261.0,135.0,134.0,148.0
85616,221.0,87.0,123.0,119.0
85617,242.0,117.0,148.0,148.0
85618,250.0,116.0,133.0,156.0
85619,259.0,127.0,145.0,142.0
85620,262.0,199.0,150.0,141.0
85621,235.0,121.0,132.0,138.0
85622,251.0,87.0,131.0,141.0
85623,268.0,111.0,134.0,137.0
85624,253.0,113.0,143.0,143.0
85625,244.0,102.0,123.0,134.0
85626,243.0,172.0,119.0,123.0
85627,261.0,86.0,125.0,147.0
85628,249.0,67.0,132.0,142.0
85629,254.0,126.0,142.0,137.0
85630,261.0,174.0,147.0,146.0
85631,251.0,96.0,142.0,136.0
85632,259.0,223.0,154.0,145.0
85633,242.0,70.0,130.0,149.0
85634,229.0,117.0,121.0,121.0
85635,252.0,128.0,158.0,131.0
85636,259.0,241.0,141.0,154.0
85637,238.0,102.0,129.0,131.0
85638,266.0,97.0,143.0,170.0
85639,246.0,240.0,156.0,137.0
85640,263.0,161.0,137.0,138.0
85641,252.0,125.0,134.0,151.0
85642,234.0,90.0,122.0,130.0
85643,269.0,141.0,157.0,142.0
85644,223.0,104.0,119.0,108.0
85645,238.0,74.0,139.0,128.0
85646,252.0,114.0,146.0,131.0
85647,256.0,224.0,143.0,154.0
85648,262.0,174.0,139.0,154.0
85649,278.0,247.0,172.0,158.0
85650,220.0,182.0,122.0,132.0
85651,220.0,106.0,122.0,114.0
85652,251.0,102.0,140.0,151.0
85653,243.0,99.0,142.0,129.0
85654,252.0,122.0,134.0,154.0
85655,233.0,93.0,129.0,133.0
85656,240.0,219.0,142.0,142.0
85657,252.0,117.0,135.0,152.0
85658,241.0,87.0,138.0,137.0
85659,248.0,133.0,143.0,140.0
85660,253.0,116.0,136.0,138.0
85661,239.0,206.0,139.0,136.0
85662,261.0,118.0,153.0,132.0
85663,245.0,149.0,137.0,147.0
85664,274.0,128.0,173.0,169.0
85665,254.0,96.0,156.0,151.0
85666,242.0,102.0,140.0,141.0
85667,254.0,86.0,136.0,128.0
85668,257.0,107.0,137.0,147.0
85669,236.0,200.0,127.0,137.0
85670,242.0,85.0,136.0,149.0
85671,267.0,97.0,142.0,146.0
85672,257.0,91.0,147.0,142.0
85673,242.0,98.0,137.0,143.0
85674,228.0,175.0,120.0,120.0
85675,244.0,123.0,133.0,127.0
85676,239.0,87.0,129.0,142.0
85677,239.0,81.0,136.0,130.0
85678,225.0,64.0,112.0,134.0
85679,243.0,65.0,136.0,135.0
85680,242.0,182.0,142.0,133.0
85681,255.0,138.0,154.0,152.0
85682,238.0,132.0,130.0,138.0
85683,249.0,75.0,137.0,137.0
85684,291.0,123.0,175.0,160.0
85685,252.0,131.0,130.0,143.0
85686,239.0,53.0,137.0,123.0
85687,257.0,75.0,141.0,141.0
85688,233.0,109.0,125.0,134.0
85689,264.0,230.0,162.0,145.0
85690,268.0,82.0,163.0,138.0
85691,249.0,70.0,160.0,136.0
85692,266.0,121.0,134.0,151.0
85693,267.0,152.0,162.0,130.0
85694,248.0,244.0,150.0,139.0
85695,256.0,116.0,130.0,150.0
85696,243.0,107.0,144.0,135.0
85697,236.0,103.0,142.0,126.0
85698,258.0,128.0,152.0,134.0
85699,250.0,103.0,151.0,141.0
85700,246.0,106.0,134.0,132.0
85701,258.0,225.0,151.0,135.0
85702,247.0,212.0,145.0,128.0
85703,253.0,132.0,128.0,140.0
85704,225.0,98.0,127.0,115.0
85705,256.0,73.0,141.0,133.0
85706,262.0,142.0,151.0,158.0
85707,254.0,174.0,134.0,137.0
85708,245.0,126.0,128.0,146.0
85709,254.0,105.0,141.0,159.0
85710,234.0,218.0,123.0,127.0
85711,245.0,88.0,139.0,136.0
85712,242.0,105.0,150.0,127.0
85713,254.0,181.0,119.0,144.0
85714,283.0,151.0,148.0,162.0
85715,246.0,99.0,129.0,141.0
85716,226.0,112.0,130.0,136.0
85717,270.0,124.0,140.0,145.0
85718,222.0,86.0,126.0,135.0
85719,249.0,91.0,142.0,147.0
85720,214.0,146.0,126.0,120.0
85721,245.0,78.0,143.0,140.0
85722,230.0,117.0,134.0,137.0
85723,260.0,120.0,142.0,134.0
85724,242.0,207.0,131.0,139.0
85725,241.0,75.0,146.0,142.0
85726,260.0,140.0,139.0,151.0
85727,272.0,234.0,155.0,149.0
85728,256.0,85.0,143.0,148.0
85729,242.0,150.0,142.0,152.0
85730,243.0,136.0,124.0,142.0
85731,257.0,132.0,148.0,162.0
85732,221.0,195.0,134.0,124.0
85733,253.0,117.0,133.0,150.0
85734,251.0,90.0,141.0,143.0
85735,258.0,102.0,123.0,135.0
85736,265.0,116.0,137.0,148.0
85737,224.0,102.0,125.0,125.0
85738,231.0,102.0,119.0,121.0
85739,254.0,252.0,127.0,158.0
85740,249.0,90.0,155.0,135.0
85741,252.0,140.0,138.0,140.0
85742,254.0,248.0,167.0,151.0
85743,254.0,220.0,161.0,136.0
85744,271.0,188.0,157.0,158.0
85745,276.0,150.0,140.0,128.0
85746,248.0,113.0,142.0,135.0
85747,247.0,154.0,137.0,135.0
85748,267.0,224.0,145.0,151.0
85749,237.0,84.0,141.0,139.0
85750,264.0,92.0,144.0,160.0
85751,243.0,115.0,153.0,127.0
85752,238.0,213.0,136.0,134.0
85753,261.0,164.0,142.0,130.0
85754,252.0,104.0,132.0,153.0
85755,254.0,140.0,139.0,142.0
85756,223.0,113.0,124.0,123.0
85757,259.0,116.0,146.0,150.0
85758,246.0,219.0,123.0,138.0
85759,246.0,128.0,137.0,146.0
85760,238.0,124.0,131.0,138.0
85761,230.0,205.0,137.0,133.0
85762,254.0,109.0,142.0,135.0
85763,249.0,148.0,134.0,128.0
85764,228.0,114.0,123.0,132.0
85765,243.0,93.0,136.0,136.0
85766,253.0,108.0,147.0,145.0
85767,241.0,103.0,145.0,141.0
85768,237.0,109.0,132.0,124.0
85769,247.0,94.0,127.0,129.0
85770,241.0,84.0,146.0,128.0
85771,249.0,100.0,125.0,137.0
85772,259.0,116.0,144.0,160.0
85773,245.0,118.0,148.0,142.0
85774,255.0,131.0,155.0,150.0
85775,275.0,132.0,167.0,143.0
85776,250.0,80.0,138.0,139.0
85777,254.0,113.0,148.0,126.0
85778,246.0,150.0,145.0,124.0
85779,252.0,119.0,154.0,124.0
85780,255.0,87.0,155.0,140.0
85781,267.0,116.0,150.0,149.0
85782,244.0,92.0,136.0,136.0
85783,252.0,142.0,149.0,142.0
85784,262.0,190.0,147.0,140.0
85785,281.0,133.0,152.0,164.0
85786,231.0,205.0,136.0,136.0
85787,249.0,144.0,122.0,147.0
85788,227.0,48.0,125.0,137.0
85789,272.0,102.0,157.0,158.0
85790,270.0,89.0,145.0,142.0
85791,261.0,163.0,144.0,150.0
85792,247.0,213.0,135.0,136.0
85793,234.0,116.0,130.0,141.0
85794,282.0,133.0,162.0,161.0
85795,254.0,86.0,152.0,134.0
85796,257.0,96.0,131.0,132.0
85797,236.0,129.0,120.0,139.0
85798,242.0,59.0,142.0,144.0
85799,265.0,162.0,160.0,159.0
85800,261.0,100.0,144.0,142.0
85801,230.0,113.0,124.0,144.0
85802,257.0,126.0,144.0,156.0
85803,251.0,212.0,136.0,144.0
85804,250.0,220.0,132.0,127.0
85805,250.0,151.0,134.0,133.0
85806,231.0,102.0,129.0,127.0
85807,246.0,209.0,138.0,151.0
85808,234.0,79.0,130.0,137.0
85809,253.0,95.0,136.0,142.0
85810,242.0,212.0,124.0,129.0
85811,239.0,92.0,135.0,132.0
85812,245.0,87.0,140.0,125.0
85813,240.0,146.0,135.0,136.0
85814,233.0,200.0,120.0,130.0
85815,254.0,155.0,141.0,147.0
85816,264.0,232.0,146.0,139.0
85817,239.0,124.0,127.0,150.0
85818,254.0,222.0,140.0,132.0
85819,271.0,230.0,166.0,150.0
85820,231.0,138.0,134.0,103.0
85821,236.0,86.0,140.0,132.0
85822,256.0,125.0,145.0,152.0
85823,260.0,115.0,157.0,143.0
85824,248.0,108.0,137.0,140.0
85825,236.0,115.0,127.0,137.0
85826,227.0,209.0,132.0,125.0
85827,243.0,99.0,137.0,128.0
85828,269.0,145.0,148.0,142.0
85829,244.0,123.0,134.0,140.0
85830,235.0,94.0,134.0,151.0
85831,271.0,139.0,155.0,149.0
85832,257.0,64.0,152.0,142.0
85833,244.0,88.0,141.0,134.0
85834,269.0,139.0,160.0,165.0
85835,248.0,98.0,149.0,133.0
85836,243.0,127.0,131.0,145.0
85837,251.0,105.0,138.0,135.0
85838,246.0,128.0,151.0,136.0
85839,238.0,130.0,128.0,141.0
85840,260.0,104.0,146.0,129.0
85841,263.0,79.0,157.0,139.0
85842,262.0,137.0,153.0,144.0
85843,242.0,202.0,135.0,138.0
85844,253.0,145.0,154.0,142.0
85845,260.0,133.0,154.0,141.0
85846,235.0,107.0,133.0,126.0
85847,270.0,83.0,169.0,144.0
85848,247.0,108.0,136.0,131.0
85849,228.0,188.0,133.0,116.0
85850,250.0,135.0,141.0,123.0
85851,274.0,132.0,162.0,152.0
85852,245.0,134.0,128.0,125.0
85853,262.0,157.0,144.0,141.0
85854,250.0,105.0,135.0,127.0
85855,255.0,139.0,146.0,151.0
85856,233.0,107.0,128.0,140.0
85857,263.0,104.0,153.0,152.0
85858,241.0,191.0,131.0,136.0
85859,258.0,151.0,151.0,127.0
85860,259.0,229.0,148.0,141.0
85861,255.0,96.0,131.0,122.0
85862,277.0,277.0,174.0,164.0
85863,235.0,122.0,125.0,133.0
85864,266.0,264.0,163.0,156.0
85865,254.0,65.0,129.0,159.0
85866,247.0,116.0,140.0,133.0
85867,239.0,105.0,122.0,142.0
85868,268.0,99.0,152.0,150.0
85869,269.0,76.0,148.0,141.0
85870,238.0,208.0,152.0,131.0
85871,239.0,118.0,131.0,136.0
85872,233.0,90.0,128.0,128.0
85873,265.0,240.0,144.0,158.0
85874,244.0,133.0,130.0,152.0
85875,220.0,183.0,132.0,129.0
85876,257.0,87.0,154.0,134.0
85877,258.0,123.0,125.0,156.0
85878,225.0,112.0,125.0,138.0
85879,237.0,101.0,128.0,138.0
85880,256.0,100.0,134.0,137.0
85881,265.0,128.0,159.0,144.0
85882,248.0,109.0,149.0,129.0
85883,254.0,125.0,147.0,138.0
85884,241.0,83.0,116.0,144.0
85885,257.0,94.0,143.0,138.0
85886,255.0,83.0,160.0,147.0
85887,229.0,223.0,136.0,135.0
85888,265.0,90.0,149.0,151.0
85889,222.0,137.0,137.0,137.0
85890,260.0,231.0,144.0,154.0
85891,251.0,127.0,148.0,130.0
85892,236.0,109.0,143.0,127.0
85893,245.0,102.0,135.0,133.0
85894,263.0,135.0,145.0,163.0
85895,262.0,118.0,152.0,144.0
85896,250.0,91.0,132.0,134.0
85897,273.0,148.0,157.0,159.0
85898,238.0,205.0,137.0,128.0
85899,254.0,141.0,143.0,125.0
85900,243.0,220.0,128.0,142.0
85901,269.0,93.0,157.0,138.0
85902,261.0,61.0,145.0,140.0
85903,262.0,130.0,134.0,142.0
85904,244.0,86.0,131.0,139.0
85905,245.0,243.0,121.0,137.0
85906,238.0,190.0,130.0,140.0
85907,224.0,186.0,116.0,121.0
85908,270.0,111.0,143.0,147.0
85909,271.0,129.0,151.0,146.0
85910,246.0,78.0,130.0,150.0
85911,245.0,130.0,134.0,140.0
85912,241.0,92.0,130.0,151.0
85913,248.0,108.0,135.0,146.0
85914,263.0,119.0,140.0,138.0
85915,243.0,149.0,127.0,136.0
85916,255.0,236.0,129.0,152.0
85917,243.0,149.0,130.0,145.0
85918,234.0,203.0,144.0,127.0
85919,267.0,126.0,157.0,137.0
85920,247.0,239.0,129.0,134.0
85921,280.0,143.0,149.0,156.0
85922,232.0,59.0,137.0,148.0
85923,246.0,113.0,122.0,139.0
85924,243.0,112.0,121.0,132.0
85925,250.0,146.0,124.0,146.0
85926,278.0,277.0,163.0,158.0
85927,252.0,95.0,156.0,139.0
85928,244.0,122.0,140.0,146.0
85929,253.0,144.0,132.0,145.0
85930,219.0,94.0,126.0,127.0
85931,240.0,90.0,144.0,142.0
85932,249.0,134.0,142.0,141.0
85933,257.0,109.0,145.0,133.0
85934,232.0,71.0,148.0,122.0
85935,267.0,143.0,143.0,154.0
85936,242.0,115.0,133.0,122.0
85937,220.0,60.0,116.0,119.0
85938,226.0,119.0,134.0,136.0
85939,248.0,193.0,139.0,133.0
85940,261.0,225.0,142.0,140.0
85941,235.0,106.0,144.0,148.0
85942,255.0,104.0,129.0,134.0
85943,235.0,79.0,139.0,136.0
85944,260.0,80.0,157.0,153.0
85945,240.0,199.0,133.0,148.0
85946,224.0,104.0,128.0,127.0
85947,261.0,146.0,164.0,155.0
85948,244.0,122.0,130.0,135.0
85949,248.0,95.0,134.0,135.0
85950,250.0,125.0,140.0,129.0
85951,239.0,97.0,133.0,140.0
85952,280.0,127.0,172.0,161.0
85953,240.0,110.0,133.0,126.0
85954,254.0,128.0,148.0,142.0
85955,242.0,130.0,149.0,137.0
85956,261.0,156.0,135.0,152.0
85957,256.0,242.0,158.0,143.0
85958,247.0,77.0,131.0,150.0
85959,280.0,230.0,139.0,155.0
85960,259.0,114.0,136.0,149.0
85961,240.0,237.0,146.0,149.0
85962,244.0,113.0,129.0,140.0
85963,246.0,239.0,147.0,146.0
85964,272.0,141.0,141.0,162.0
85965,246.0,111.0,134.0,131.0
85966,251.0,215.0,126.0,159.0
85967,244.0,160.0,135.0,147.0
85968,252.0,110.0,139.0,166.0
85969,262.0,164.0,142.0,152.0
85970,238.0,209.0,149.0,132.0
85971,252.0,97.0,145.0,140.0
85972,229.0,172.0,113.0,129.0
85973,261.0,222.0,157.0,160.0
85974,252.0,142.0,127.0,134.0
85975,252.0,151.0,150.0,156.0
85976,243.0,132.0,135.0,135.0
85977,234.0,89.0,135.0,130.0
85978,259.0,227.0,145.0,137.0
85979,259.0,86.0,140.0,149.0
85980,261.0,84.0,137.0,164.0
85981,235.0,101.0,134.0,126.0
85982,258.0,134.0,145.0,153.0
85983,253.0,112.0,144.0,144.0
85984,281.0,257.0,160.0,151.0
85985,254.0,154.0,155.0,161.0
85986,269.0,169.0,134.0,141.0
85987,238.0,132.0,128.0,143.0
85988,257.0,129.0,146.0,154.0
85989,268.0,239.0,167.0,133.0
85990,256.0,113.0,153.0,144.0
85991,230.0,85.0,120.0,134.0
85992,256.0,147.0,134.0,145.0
85993,278.0,263.0,149.0,150.0
85994,237.0,206.0,141.0,118.0
85995,264.0,233.0,149.0,144.0
85996,235.0,134.0,127.0,138.0
85997,237.0,153.0,132.0,134.0
85998,243.0,104.0,139.0,136.0
85999,274.0,199.0,147.0,159.0
86000,234.0,111.0,127.0,130.0
86001,250.0,131.0,129.0,145.0
86002,244.0,128.0,144.0,131.0
86003,272.0,115.0,152.0,162.0
86004,258.0,69.0,140.0,141.0
86005,267.0,138.0,154.0,151.0
86006,252.0,138.0,140.0,140.0
86007,258.0,220.0,140.0,148.0
86008,279.0,105.0,157.0,162.0
86009,245.0,197.0,145.0,135.0
86010,246.0,159.0,120.0,139.0
86011,236.0,201.0,126.0,148.0
86012,257.0,74.0,134.0,153.0
86013,246.0,101.0,136.0,147.0
86014,259.0,145.0,147.0,144.0
86015,235.0,97.0,127.0,128.0
86016,257.0,116.0,138.0,145.0
86017,242.0,104.0,126.0,129.0
86018,256.0,80.0,136.0,148.0
86019,242.0,93.0,143.0,138.0
86020,247.0,105.0,133.0,149.0
86021,241.0,213.0,141.0,133.0
86022,248.0,117.0,136.0,144.0
86023,246.0,142.0,147.0,139.0
86024,238.0,118.0,143.0,129.0
86025,251.0,221.0,136.0,120.0
86026,247.0,75.0,141.0,123.0
86027,255.0,217.0,142.0,148.0
86028,244.0,94.0,135.0,133.0
86029,245.0,102.0,130.0,138.0
86030,242.0,58.0,146.0,146.0
86031,269.0,144.0,156.0,148.0
86032,257.0,165.0,147.0,131.0
86033,243.0,182.0,125.0,138.0
86034,252.0,96.0,147.0,136.0
86035,271.0,243.0,157.0,153.0
86036,250.0,82.0,143.0,137.0
86037,255.0,122.0,147.0,144.0
86038,247.0,125.0,131.0,138.0
86039,247.0,210.0,149.0,136.0
86040,244.0,90.0,149.0,133.0
86041,230.0,82.0,113.0,134.0
86042,246.0,132.0,143.0,156.0
86043,235.0,73.0,144.0,114.0
86044,245.0,144.0,144.0,141.0
86045,248.0,135.0,141.0,138.0
86046,245.0,114.0,136.0,137.0
86047,260.0,103.0,154.0,152.0
86048,257.0,117.0,130.0,135.0
86049,273.0,127.0,135.0,155.0
86050,252.0,101.0,159.0,142.0
86051,250.0,135.0,135.0,160.0
86052,263.0,111.0,143.0,142.0
86053,247.0,143.0,133.0,130.0
86054,247.0,206.0,128.0,140.0
86055,261.0,94.0,146.0,144.0
86056,271.0,222.0,155.0,137.0
86057,267.0,86.0,166.0,154.0
86058,241.0,97.0,142.0,137.0
86059,256.0,126.0,137.0,147.0
86060,258.0,114.0,138.0,130.0
86061,235.0,201.0,129.0,132.0
86062,240.0,126.0,126.0,136.0
86063,266.0,148.0,155.0,152.0
86064,261.0,104.0,138.0,126.0
86065,242.0,99.0,127.0,140.0
86066,248.0,124.0,127.0,136.0
86067,253.0,74.0,132.0,152.0
86068,241.0,116.0,137.0,133.0
86069,262.0,76.0,160.0,145.0
86070,236.0,57.0,133.0,129.0
86071,258.0,102.0,141.0,157.0
86072,249.0,115.0,152.0,140.0
86073,245.0,132.0,124.0,143.0
86074,276.0,234.0,152.0,163.0
86075,252.0,117.0,143.0,149.0
86076,274.0,166.0,142.0,164.0
86077,258.0,211.0,146.0,147.0
86078,252.0,66.0,130.0,140.0
86079,239.0,205.0,126.0,127.0
86080,254.0,102.0,158.0,128.0
86081,249.0,204.0,144.0,147.0
86082,251.0,135.0,158.0,151.0
86083,253.0,119.0,158.0,130.0
86084,235.0,102.0,137.0,127.0
86085,252.0,214.0,138.0,134.0
86086,254.0,246.0,153.0,143.0
86087,264.0,111.0,146.0,144.0
86088,275.0,134.0,142.0,155.0
86089,258.0,101.0,146.0,141.0
86090,219.0,125.0,112.0,114.0
86091,260.0,135.0,146.0,142.0
86092,254.0,90.0,147.0,157.0
86093,246.0,74.0,153.0,129.0
86094,238.0,73.0,136.0,130.0
86095,227.0,73.0,125.0,120.0
86096,241.0,122.0,137.0,132.0
86097,239.0,161.0,135.0,131.0
86098,265.0,105.0,148.0,139.0
86099,263.0,98.0,152.0,140.0
86100,247.0,136.0,138.0,136.0
86101,258.0,131.0,159.0,140.0
86102,241.0,61.0,134.0,144.0
86103,257.0,200.0,144.0,155.0
86104,278.0,128.0,157.0,149.0
86105,256.0,146.0,144.0,148.0
86106,242.0,73.0,113.0,140.0
86107,231.0,200.0,114.0,138.0
86108,260.0,146.0,162.0,143.0
86109,258.0,86.0,146.0,131.0
86110,246.0,204.0,131.0,137.0
86111,258.0,227.0,160.0,156.0
86112,257.0,57.0,149.0,146.0
86113,237.0,92.0,121.0,136.0
86114,245.0,108.0,132.0,134.0
86115,247.0,229.0,126.0,139.0
86116,245.0,241.0,152.0,154.0
86117,255.0,110.0,144.0,145.0
86118,248.0,81.0,130.0,122.0
86119,278.0,142.0,157.0,172.0
86120,257.0,233.0,136.0,159.0
86121,271.0,100.0,142.0,147.0
86122,237.0,97.0,128.0,121.0
86123,215.0,123.0,108.0,108.0
86124,240.0,108.0,133.0,135.0
86125,272.0,133.0,141.0,148.0
86126,230.0,40.0,123.0,130.0
86127,229.0,103.0,118.0,119.0
86128,239.0,68.0,139.0,131.0
86129,227.0,116.0,139.0,121.0
86130,271.0,142.0,135.0,156.0
86131,281.0,105.0,170.0,157.0
86132,244.0,104.0,134.0,128.0
86133,246.0,226.0,154.0,128.0
86134,237.0,98.0,148.0,123.0
86135,244.0,230.0,143.0,135.0
86136,283.0,154.0,166.0,159.0
86137,230.0,124.0,119.0,121.0
86138,259.0,125.0,138.0,135.0
86139,260.0,200.0,167.0,156.0
86140,242.0,207.0,151.0,132.0
86141,276.0,119.0,142.0,159.0
86142,251.0,94.0,123.0,148.0
86143,242.0,89.0,121.0,141.0
86144,237.0,148.0,136.0,153.0
86145,248.0,133.0,128.0,140.0
86146,276.0,236.0,158.0,151.0
86147,249.0,211.0,147.0,133.0
86148,251.0,226.0,125.0,141.0
86149,270.0,114.0,148.0,139.0
86150,241.0,132.0,127.0,130.0
86151,248.0,149.0,149.0,136.0
86152,272.0,249.0,166.0,150.0
86153,251.0,114.0,145.0,131.0
86154,235.0,110.0,134.0,138.0
86155,231.0,110.0,124.0,136.0
86156,245.0,99.0,144.0,123.0
86157,243.0,99.0,137.0,135.0
86158,239.0,191.0,131.0,127.0
86159,229.0,98.0,114.0,121.0
86160,263.0,108.0,162.0,143.0
86161,255.0,93.0,142.0,160.0
86162,244.0,71.0,126.0,141.0
86163,246.0,109.0,140.0,133.0
86164,230.0,192.0,117.0,121.0
86165,261.0,234.0,156.0,138.0
86166,253.0,123.0,141.0,146.0
86167,243.0,141.0,125.0,140.0
86168,255.0,149.0,147.0,138.0
86169,260.0,131.0,167.0,149.0
86170,243.0,210.0,150.0,136.0
86171,235.0,84.0,129.0,137.0
86172,238.0,95.0,135.0,125.0
86173,242.0,85.0,125.0,127.0
86174,255.0,164.0,140.0,134.0
86175,245.0,164.0,139.0,148.0
86176,264.0,81.0,133.0,140.0
86177,240.0,129.0,136.0,134.0
86178,233.0,144.0,117.0,122.0
86179,247.0,214.0,151.0,140.0
86180,267.0,87.0,150.0,148.0
86181,261.0,142.0,149.0,134.0
86182,246.0,94.0,138.0,136.0
86183,286.0,246.0,147.0,160.0
86184,290.0,253.0,160.0,169.0
86185,251.0,133.0,149.0,138.0
86186,252.0,79.0,142.0,134.0
86187,257.0,124.0,132.0,128.0
86188,248.0,136.0,141.0,150.0
86189,260.0,229.0,137.0,151.0
86190,248.0,59.0,144.0,144.0
86191,228.0,71.0,118.0,117.0
86192,219.0,191.0,135.0,120.0
86193,237.0,121.0,126.0,134.0
86194,254.0,127.0,150.0,131.0
86195,248.0,99.0,139.0,131.0
86196,243.0,106.0,127.0,141.0
86197,261.0,240.0,145.0,160.0
86198,233.0,83.0,126.0,133.0
86199,268.0,113.0,153.0,155.0
86200,250.0,72.0,147.0,145.0
86201,243.0,147.0,134.0,144.0
86202,247.0,128.0,146.0,148.0
86203,281.0,151.0,157.0,162.0
86204,245.0,124.0,136.0,138.0
86205,250.0,99.0,148.0,133.0
86206,236.0,212.0,129.0,127.0
86207,250.0,215.0,143.0,141.0
86208,256.0,131.0,153.0,135.0
86209,235.0,67.0,130.0,132.0
86210,258.0,130.0,157.0,148.0
86211,225.0,81.0,126.0,129.0
86212,268.0,230.0,145.0,152.0
86213,247.0,100.0,146.0,129.0
86214,246.0,97.0,147.0,141.0
86215,261.0,111.0,124.0,149.0
86216,245.0,199.0,142.0,134.0
86217,261.0,129.0,166.0,162.0
86218,237.0,131.0,120.0,120.0
86219,261.0,116.0,142.0,151.0
86220,255.0,86.0,122.0,132.0
86221,257.0,143.0,156.0,142.0
86222,247.0,64.0,146.0,146.0
86223,274.0,149.0,152.0,148.0
86224,260.0,84.0,135.0,136.0
86225,256.0,95.0,133.0,144.0
86226,248.0,176.0,136.0,143.0
86227,258.0,182.0,159.0,154.0
86228,243.0,88.0,140.0,138.0
86229,247.0,110.0,147.0,143.0
86230,233.0,155.0,130.0,127.0
86231,258.0,99.0,139.0,147.0
86232,230.0,92.0,131.0,137.0
86233,229.0,198.0,122.0,138.0
86234,242.0,134.0,135.0,143.0
86235,268.0,116.0,158.0,150.0
86236,258.0,108.0,149.0,145.0
86237,248.0,104.0,141.0,123.0
86238,258.0,150.0,132.0,136.0
86239,284.0,155.0,139.0,164.0
86240,245.0,111.0,140.0,119.0
86241,241.0,213.0,136.0,138.0
86242,243.0,117.0,118.0,144.0
86243,229.0,99.0,128.0,139.0
86244,217.0,118.0,108.0,118.0
86245,258.0,92.0,135.0,146.0
86246,246.0,214.0,141.0,136.0
86247,224.0,115.0,143.0,124.0
86248,256.0,99.0,142.0,146.0
86249,250.0,110.0,144.0,137.0
86250,262.0,104.0,152.0,156.0
86251,232.0,207.0,141.0,120.0
86252,249.0,242.0,124.0,154.0
86253,235.0,202.0,138.0,128.0
86254,252.0,126.0,136.0,132.0
86255,233.0,212.0,134.0,135.0
86256,243.0,161.0,135.0,131.0
86257,259.0,153.0,148.0,155.0
86258,279.0,86.0,157.0,163.0
86259,260.0,223.0,152.0,157.0
86260,264.0,88.0,154.0,143.0
86261,230.0,100.0,129.0,126.0
86262,251.0,131.0,143.0,135.0
86263,236.0,97.0,142.0,135.0
86264,240.0,205.0,134.0,118.0
86265,245.0,122.0,140.0,137.0
86266,238.0,112.0,138.0,140.0
86267,277.0,101.0,178.0,150.0
86268,245.0,122.0,133.0,137.0
86269,252.0,147.0,144.0,127.0
86270,234.0,125.0,123.0,132.0
86271,266.0,85.0,150.0,150.0
86272,251.0,103.0,134.0,144.0
86273,281.0,100.0,150.0,171.0
86274,234.0,97.0,121.0,130.0
86275,263.0,129.0,151.0,154.0
86276,272.0,66.0,138.0,150.0
86277,251.0,221.0,140.0,151.0
86278,244.0,172.0,140.0,147.0
86279,273.0,188.0,152.0,153.0
86280,257.0,80.0,159.0,147.0
86281,254.0,104.0,131.0,138.0
86282,249.0,207.0,140.0,135.0
86283,256.0,202.0,137.0,115.0
86284,225.0,92.0,120.0,140.0
86285,245.0,215.0,128.0,136.0
86286,254.0,105.0,141.0,139.0
86287,247.0,212.0,148.0,125.0
86288,244.0,238.0,136.0,135.0
86289,242.0,206.0,136.0,137.0
86290,247.0,96.0,131.0,129.0
86291,239.0,96.0,113.0,140.0
86292,271.0,94.0,148.0,165.0
86293,254.0,107.0,130.0,126.0
86294,261.0,143.0,148.0,143.0
86295,243.0,83.0,146.0,124.0
86296,247.0,118.0,136.0,128.0
86297,252.0,231.0,127.0,153.0
86298,259.0,95.0,144.0,150.0
86299,248.0,113.0,149.0,127.0
86300,249.0,120.0,145.0,154.0
86301,256.0,112.0,147.0,147.0
86302,244.0,115.0,138.0,143.0
86303,229.0,105.0,132.0,116.0
86304,219.0,173.0,119.0,126.0
86305,250.0,114.0,137.0,121.0
86306,243.0,134.0,156.0,130.0
86307,243.0,62.0,143.0,125.0
86308,249.0,211.0,153.0,140.0
86309,265.0,200.0,148.0,161.0
86310,251.0,141.0,149.0,128.0
86311,272.0,108.0,144.0,162.0
86312,227.0,127.0,128.0,130.0
86313,256.0,132.0,139.0,141.0
86314,259.0,92.0,140.0,151.0
86315,241.0,136.0,141.0,116.0
86316,233.0,222.0,126.0,135.0
86317,226.0,95.0,116.0,138.0
86318,245.0,76.0,129.0,124.0
86319,267.0,102.0,155.0,144.0
86320,234.0,83.0,132.0,121.0
86321,245.0,105.0,139.0,140.0
86322,261.0,96.0,143.0,147.0
86323,247.0,209.0,143.0,142.0
86324,287.0,157.0,153.0,147.0
86325,254.0,124.0,134.0,136.0
86326,272.0,142.0,150.0,152.0
86327,235.0,105.0,140.0,122.0
86328,236.0,72.0,129.0,129.0
86329,251.0,90.0,151.0,158.0
86330,259.0,220.0,135.0,147.0
86331,253.0,105.0,132.0,144.0
86332,247.0,64.0,148.0,129.0
86333,245.0,204.0,141.0,146.0
86334,233.0,102.0,138.0,152.0
86335,252.0,216.0,136.0,137.0
86336,240.0,204.0,144.0,127.0
86337,265.0,123.0,145.0,144.0
86338,258.0,142.0,139.0,145.0
86339,255.0,206.0,134.0,146.0
86340,263.0,141.0,149.0,144.0
86341,267.0,175.0,149.0,151.0
86342,235.0,86.0,141.0,132.0
86343,225.0,92.0,132.0,126.0
86344,265.0,136.0,147.0,154.0
86345,199.0,38.0,124.0,109.0
86346,263.0,104.0,145.0,137.0
86347,233.0,144.0,127.0,134.0
86348,243.0,119.0,136.0,136.0
86349,290.0,178.0,174.0,158.0
86350,286.0,127.0,158.0,154.0
86351,260.0,137.0,148.0,139.0
86352,235.0,110.0,122.0,130.0
86353,243.0,72.0,153.0,144.0
86354,254.0,85.0,152.0,151.0
86355,232.0,59.0,134.0,133.0
86356,264.0,91.0,127.0,141.0
86357,266.0,141.0,155.0,154.0
86358,238.0,83.0,138.0,131.0
86359,271.0,94.0,158.0,155.0
86360,269.0,92.0,163.0,161.0
86361,257.0,62.0,139.0,144.0
86362,242.0,106.0,118.0,146.0
86363,252.0,123.0,139.0,140.0
86364,240.0,158.0,136.0,120.0
86365,266.0,133.0,148.0,136.0
86366,256.0,223.0,140.0,158.0
86367,237.0,109.0,126.0,133.0
86368,236.0,73.0,142.0,126.0
86369,249.0,73.0,126.0,145.0
86370,254.0,92.0,148.0,142.0
86371,242.0,120.0,133.0,128.0
86372,265.0,154.0,146.0,152.0
86373,246.0,147.0,149.0,142.0
86374,231.0,94.0,126.0,117.0
86375,257.0,150.0,136.0,129.0
86376,262.0,238.0,138.0,138.0
86377,262.0,93.0,138.0,156.0
86378,256.0,127.0,156.0,158.0
86379,240.0,150.0,146.0,141.0
86380,245.0,80.0,131.0,126.0
86381,273.0,121.0,163.0,159.0
86382,250.0,101.0,128.0,142.0
86383,236.0,137.0,133.0,119.0
86384,246.0,87.0,143.0,138.0
86385,255.0,130.0,140.0,135.0
86386,265.0,75.0,151.0,158.0
86387,261.0,252.0,151.0,148.0
86388,234.0,201.0,129.0,130.0
86389,248.0,224.0,147.0,119.0
86390,227.0,93.0,108.0,139.0
86391,242.0,86.0,125.0,143.0
86392,257.0,106.0,143.0,144.0
86393,252.0,190.0,143.0,149.0
86394,259.0,216.0,149.0,137.0
86395,248.0,118.0,142.0,132.0
86396,242.0,82.0,146.0,126.0
86397,237.0,70.0,140.0,133.0
86398,268.0,141.0,171.0,153.0
86399,226.0,97.0,128.0,138.0
86400,249.0,87.0,153.0,138.0
86401,282.0,120.0,181.0,158.0
86402,254.0,96.0,156.0,139.0
86403,277.0,237.0,165.0,165.0
86404,252.0,209.0,143.0,141.0
86405,267.0,97.0,136.0,150.0
86406,259.0,144.0,152.0,146.0
86407,250.0,93.0,139.0,148.0
86408,251.0,127.0,156.0,130.0
86409,256.0,115.0,137.0,143.0
86410,260.0,88.0,144.0,149.0
86411,259.0,129.0,132.0,136.0
86412,254.0,221.0,133.0,140.0
86413,280.0,123.0,143.0,164.0
86414,250.0,92.0,138.0,145.0
86415,265.0,60.0,143.0,148.0
86416,228.0,73.0,122.0,143.0
86417,244.0,84.0,141.0,143.0
86418,247.0,97.0,121.0,129.0
86419,251.0,222.0,147.0,137.0
86420,234.0,83.0,122.0,134.0
86421,244.0,107.0,149.0,139.0
86422,263.0,170.0,145.0,148.0
86423,239.0,112.0,128.0,131.0
86424,256.0,73.0,135.0,145.0
86425,243.0,107.0,120.0,151.0
86426,251.0,135.0,128.0,142.0
86427,246.0,106.0,145.0,135.0
86428,265.0,125.0,160.0,136.0
86429,235.0,206.0,125.0,127.0
86430,246.0,118.0,125.0,141.0
86431,229.0,115.0,137.0,120.0
86432,261.0,110.0,144.0,146.0
86433,260.0,96.0,137.0,152.0
86434,258.0,103.0,141.0,139.0
86435,272.0,129.0,161.0,154.0
86436,269.0,64.0,149.0,154.0
86437,261.0,85.0,134.0,150.0
86438,227.0,78.0,136.0,123.0
86439,229.0,106.0,129.0,124.0
86440,258.0,147.0,162.0,136.0
86441,227.0,106.0,117.0,121.0
86442,233.0,81.0,111.0,134.0
86443,250.0,224.0,142.0,135.0
86444,264.0,145.0,139.0,153.0
86445,263.0,85.0,157.0,171.0
86446,274.0,112.0,147.0,144.0
86447,252.0,114.0,123.0,129.0
86448,241.0,198.0,131.0,138.0
86449,239.0,216.0,138.0,130.0
86450,255.0,117.0,143.0,131.0
86451,261.0,125.0,147.0,150.0
86452,245.0,200.0,135.0,136.0
86453,248.0,244.0,138.0,138.0
86454,255.0,114.0,139.0,151.0
86455,271.0,95.0,164.0,147.0
86456,226.0,68.0,120.0,129.0
86457,241.0,139.0,124.0,131.0
86458,250.0,114.0,155.0,148.0
86459,237.0,127.0,138.0,139.0
86460,244.0,89.0,133.0,138.0
86461,251.0,120.0,132.0,141.0
86462,225.0,135.0,127.0,128.0
86463,246.0,150.0,145.0,128.0
86464,244.0,222.0,146.0,139.0
86465,233.0,109.0,123.0,130.0
86466,232.0,227.0,135.0,122.0
86467,236.0,81.0,136.0,139.0
86468,268.0,100.0,144.0,152.0
86469,262.0,233.0,152.0,145.0
86470,255.0,107.0,136.0,140.0
86471,255.0,68.0,151.0,135.0
86472,242.0,212.0,141.0,131.0
86473,220.0,86.0,124.0,121.0
86474,272.0,148.0,154.0,157.0
86475,244.0,100.0,150.0,134.0
86476,248.0,75.0,134.0,123.0
86477,264.0,128.0,159.0,159.0
86478,241.0,178.0,129.0,131.0
86479,239.0,210.0,139.0,128.0
86480,254.0,96.0,158.0,138.0
86481,260.0,128.0,139.0,136.0
86482,276.0,100.0,149.0,155.0
86483,227.0,88.0,127.0,125.0
86484,251.0,241.0,149.0,152.0
86485,266.0,114.0,152.0,143.0
86486,222.0,56.0,124.0,115.0
86487,247.0,84.0,143.0,142.0
86488,239.0,113.0,135.0,125.0
86489,259.0,134.0,140.0,156.0
86490,252.0,128.0,156.0,149.0
86491,253.0,243.0,143.0,157.0
86492,243.0,130.0,129.0,128.0
86493,258.0,115.0,142.0,162.0
86494,258.0,118.0,140.0,142.0
86495,249.0,108.0,127.0,161.0
86496,246.0,108.0,126.0,148.0
86497,280.0,263.0,160.0,169.0
86498,249.0,209.0,143.0,150.0
86499,253.0,204.0,142.0,124.0
86500,248.0,106.0,123.0,140.0
86501,250.0,215.0,148.0,128.0
86502,251.0,92.0,139.0,135.0
86503,240.0,157.0,139.0,133.0
86504,255.0,137.0,156.0,159.0
86505,241.0,99.0,132.0,127.0
86506,254.0,107.0,152.0,147.0
86507,251.0,99.0,130.0,151.0
86508,237.0,56.0,135.0,149.0
86509,277.0,112.0,159.0,147.0
86510,270.0,91.0,163.0,142.0
86511,243.0,201.0,136.0,132.0
86512,235.0,101.0,129.0,136.0
86513,248.0,132.0,146.0,133.0
86514,257.0,111.0,140.0,141.0
86515,243.0,211.0,131.0,123.0
86516,236.0,209.0,137.0,140.0
86517,234.0,198.0,124.0,138.0
86518,252.0,112.0,138.0,144.0
86519,247.0,102.0,133.0,129.0
86520,270.0,159.0,155.0,165.0
86521,233.0,134.0,132.0,129.0
86522,246.0,102.0,150.0,143.0
86523,257.0,237.0,153.0,132.0
86524,263.0,120.0,149.0,147.0
86525,227.0,91.0,140.0,123.0
86526,243.0,102.0,124.0,130.0
86527,249.0,108.0,140.0,148.0
86528,264.0,84.0,150.0,152.0
86529,233.0,72.0,127.0,140.0
86530,250.0,121.0,145.0,147.0
86531,247.0,210.0,148.0,137.0
86532,259.0,149.0,124.0,145.0
86533,226.0,71.0,117.0,119.0
86534,270.0,240.0,147.0,136.0
86535,255.0,126.0,140.0,150.0
86536,255.0,160.0,134.0,143.0
86537,253.0,89.0,124.0,139.0
86538,250.0,91.0,150.0,132.0
86539,242.0,102.0,130.0,134.0
86540,256.0,89.0,154.0,146.0
86541,255.0,120.0,158.0,140.0
86542,257.0,96.0,176.0,132.0
86543,252.0,225.0,140.0,150.0
86544,266.0,72.0,162.0,143.0
86545,250.0,123.0,148.0,130.0
86546,253.0,89.0,153.0,163.0
86547,259.0,239.0,151.0,146.0
86548,258.0,155.0,139.0,135.0
86549,238.0,210.0,135.0,121.0
86550,250.0,72.0,140.0,119.0
86551,255.0,250.0,155.0,141.0
86552,227.0,100.0,138.0,131.0
86553,253.0,94.0,139.0,140.0
86554,276.0,173.0,146.0,154.0
86555,244.0,122.0,135.0,153.0
86556,258.0,119.0,145.0,140.0
86557,238.0,95.0,130.0,142.0
86558,236.0,109.0,140.0,137.0
86559,251.0,128.0,148.0,144.0
86560,247.0,101.0,129.0,145.0
86561,242.0,144.0,139.0,128.0
86562,221.0,72.0,128.0,127.0
86563,248.0,121.0,132.0,135.0
86564,230.0,80.0,130.0,135.0
86565,267.0,231.0,157.0,161.0
86566,230.0,146.0,131.0,129.0
86567,258.0,109.0,142.0,155.0
86568,251.0,230.0,141.0,141.0
86569,272.0,121.0,157.0,155.0
86570,239.0,123.0,130.0,138.0
86571,240.0,140.0,131.0,138.0
86572,238.0,117.0,132.0,131.0
86573,255.0,125.0,135.0,147.0
86574,255.0,109.0,157.0,131.0
86575,254.0,131.0,154.0,148.0
86576,241.0,99.0,142.0,141.0
86577,279.0,101.0,165.0,180.0
86578,250.0,243.0,135.0,134.0
86579,264.0,128.0,137.0,141.0
86580,253.0,178.0,143.0,139.0
86581,253.0,134.0,140.0,134.0
86582,226.0,54.0,118.0,127.0
86583,250.0,94.0,131.0,156.0
86584,272.0,146.0,151.0,135.0
86585,263.0,107.0,149.0,149.0
86586,248.0,117.0,140.0,140.0
86587,263.0,53.0,161.0,150.0
86588,255.0,79.0,151.0,153.0
86589,249.0,206.0,119.0,134.0
86590,243.0,134.0,135.0,139.0
86591,241.0,93.0,135.0,135.0
86592,250.0,78.0,133.0,131.0
86593,270.0,121.0,137.0,143.0
86594,240.0,89.0,143.0,144.0
86595,252.0,165.0,145.0,139.0
86596,246.0,104.0,150.0,127.0
86597,250.0,108.0,137.0,150.0
86598,233.0,202.0,132.0,136.0
86599,259.0,106.0,139.0,134.0
86600,259.0,141.0,138.0,151.0
86601,249.0,88.0,137.0,147.0
86602,238.0,108.0,133.0,126.0
86603,268.0,146.0,158.0,142.0
86604,246.0,82.0,138.0,136.0
86605,253.0,184.0,140.0,139.0
86606,267.0,212.0,144.0,153.0
86607,250.0,147.0,142.0,130.0
86608,253.0,104.0,150.0,147.0
86609,260.0,128.0,149.0,147.0
86610,233.0,87.0,128.0,127.0
86611,248.0,168.0,136.0,150.0
86612,238.0,203.0,148.0,139.0
86613,265.0,102.0,154.0,129.0
86614,265.0,221.0,135.0,156.0
86615,234.0,234.0,134.0,139.0
86616,239.0,201.0,141.0,136.0
86617,236.0,161.0,138.0,148.0
86618,242.0,60.0,142.0,134.0
86619,250.0,163.0,140.0,149.0
86620,261.0,237.0,139.0,133.0
86621,256.0,142.0,145.0,140.0
86622,238.0,117.0,137.0,137.0
86623,269.0,163.0,141.0,139.0
86624,244.0,85.0,129.0,126.0
86625,259.0,230.0,137.0,135.0
86626,256.0,74.0,157.0,146.0
86627,227.0,183.0,126.0,144.0
86628,266.0,220.0,155.0,133.0
86629,267.0,109.0,144.0,136.0
86630,262.0,232.0,150.0,146.0
86631,253.0,218.0,153.0,154.0
86632,227.0,92.0,128.0,130.0
86633,258.0,45.0,145.0,153.0
86634,262.0,225.0,145.0,156.0
86635,269.0,168.0,166.0,146.0
86636,244.0,97.0,135.0,133.0
86637,237.0,121.0,128.0,138.0
86638,249.0,63.0,139.0,158.0
86639,274.0,132.0,157.0,150.0
86640,259.0,145.0,149.0,139.0
86641,258.0,227.0,146.0,144.0
86642,233.0,124.0,131.0,124.0
86643,259.0,109.0,164.0,150.0
86644,267.0,109.0,141.0,139.0
86645,257.0,169.0,148.0,143.0
86646,247.0,111.0,160.0,132.0
86647,268.0,75.0,143.0,148.0
86648,229.0,60.0,139.0,132.0
86649,267.0,131.0,157.0,148.0
86650,250.0,121.0,128.0,143.0
86651,238.0,85.0,142.0,138.0
86652,289.0,65.0,159.0,159.0
86653,255.0,101.0,148.0,141.0
86654,261.0,118.0,136.0,152.0
86655,244.0,76.0,127.0,137.0
86656,254.0,105.0,144.0,131.0
86657,244.0,99.0,137.0,146.0
86658,266.0,228.0,155.0,158.0
86659,257.0,172.0,138.0,151.0
86660,246.0,123.0,145.0,125.0
86661,234.0,120.0,129.0,147.0
86662,252.0,211.0,135.0,137.0
86663,259.0,219.0,127.0,139.0
86664,259.0,122.0,130.0,142.0
86665,246.0,214.0,127.0,137.0
86666,223.0,135.0,118.0,124.0
86667,272.0,134.0,156.0,154.0
86668,258.0,134.0,139.0,141.0
86669,245.0,120.0,140.0,125.0
86670,259.0,113.0,123.0,152.0
86671,269.0,141.0,147.0,156.0
86672,232.0,90.0,143.0,142.0
86673,247.0,88.0,140.0,148.0
86674,253.0,40.0,149.0,133.0
86675,251.0,105.0,138.0,135.0
86676,251.0,85.0,141.0,119.0
86677,229.0,104.0,122.0,128.0
86678,241.0,156.0,123.0,146.0
86679,258.0,110.0,153.0,133.0
86680,236.0,72.0,132.0,128.0
86681,252.0,150.0,139.0,149.0
86682,245.0,69.0,126.0,136.0
86683,239.0,124.0,130.0,140.0
86684,245.0,110.0,145.0,132.0
86685,263.0,102.0,142.0,151.0
86686,244.0,79.0,137.0,148.0
86687,232.0,67.0,131.0,126.0
86688,252.0,99.0,141.0,138.0
86689,246.0,204.0,138.0,155.0
86690,262.0,105.0,154.0,147.0
86691,236.0,105.0,143.0,140.0
86692,250.0,110.0,140.0,123.0
86693,269.0,111.0,159.0,155.0
86694,228.0,220.0,139.0,126.0
86695,270.0,107.0,149.0,143.0
86696,234.0,132.0,148.0,125.0
86697,268.0,71.0,149.0,168.0
86698,227.0,92.0,133.0,120.0
86699,256.0,229.0,139.0,127.0
86700,247.0,101.0,141.0,125.0
86701,247.0,119.0,138.0,121.0
86702,245.0,108.0,142.0,133.0
86703,273.0,127.0,158.0,149.0
86704,237.0,110.0,130.0,122.0
86705,243.0,199.0,139.0,131.0
86706,244.0,112.0,139.0,135.0
86707,238.0,138.0,134.0,141.0
86708,240.0,85.0,133.0,135.0
86709,255.0,222.0,144.0,155.0
86710,242.0,203.0,135.0,142.0
86711,267.0,267.0,156.0,162.0
86712,270.0,110.0,141.0,149.0
86713,242.0,108.0,136.0,137.0
86714,264.0,88.0,141.0,154.0
86715,280.0,148.0,149.0,142.0
86716,239.0,214.0,142.0,131.0
86717,230.0,114.0,132.0,145.0
86718,230.0,121.0,126.0,126.0
86719,252.0,101.0,157.0,141.0
86720,270.0,82.0,164.0,147.0
86721,242.0,106.0,126.0,125.0
86722,251.0,183.0,147.0,125.0
86723,257.0,123.0,142.0,155.0
86724,238.0,106.0,123.0,139.0
86725,244.0,116.0,147.0,157.0
86726,243.0,88.0,147.0,130.0
86727,267.0,151.0,140.0,142.0
86728,247.0,56.0,135.0,133.0
86729,247.0,105.0,140.0,137.0
86730,237.0,219.0,146.0,141.0
86731,258.0,116.0,176.0,154.0
86732,258.0,139.0,150.0,152.0
86733,247.0,205.0,145.0,147.0
86734,230.0,136.0,148.0,136.0
86735,256.0,108.0,147.0,145.0
86736,235.0,125.0,131.0,138.0
86737,240.0,108.0,140.0,129.0
86738,250.0,118.0,148.0,130.0
86739,260.0,235.0,140.0,163.0
86740,261.0,110.0,134.0,140.0
86741,260.0,223.0,150.0,141.0
86742,239.0,81.0,145.0,143.0
86743,270.0,246.0,145.0,164.0
86744,247.0,138.0,139.0,141.0
86745,263.0,262.0,162.0,156.0
86746,263.0,90.0,134.0,131.0
86747,247.0,124.0,132.0,141.0
86748,229.0,88.0,122.0,127.0
86749,257.0,67.0,153.0,145.0
86750,249.0,100.0,150.0,138.0
86751,256.0,139.0,140.0,133.0
86752,230.0,201.0,124.0,122.0
86753,253.0,121.0,162.0,143.0
86754,254.0,142.0,137.0,155.0
86755,260.0,65.0,126.0,139.0
86756,260.0,119.0,151.0,141.0
86757,275.0,128.0,156.0,150.0
86758,272.0,107.0,159.0,162.0
86759,232.0,144.0,138.0,130.0
86760,264.0,218.0,169.0,141.0
86761,261.0,167.0,140.0,132.0
86762,242.0,93.0,132.0,133.0
86763,252.0,102.0,134.0,166.0
86764,242.0,115.0,132.0,128.0
86765,217.0,120.0,115.0,128.0
86766,257.0,154.0,144.0,149.0
86767,247.0,240.0,144.0,144.0
86768,246.0,110.0,133.0,130.0
86769,253.0,117.0,135.0,153.0
86770,252.0,111.0,130.0,151.0
86771,256.0,178.0,138.0,136.0
86772,246.0,110.0,125.0,135.0
86773,234.0,104.0,133.0,127.0
86774,262.0,79.0,132.0,150.0
86775,253.0,239.0,162.0,132.0
86776,227.0,100.0,136.0,122.0
86777,227.0,197.0,125.0,121.0
86778,259.0,116.0,138.0,149.0
86779,248.0,70.0,147.0,144.0
86780,241.0,86.0,147.0,148.0
86781,259.0,127.0,127.0,141.0
86782,246.0,99.0,138.0,160.0
86783,243.0,233.0,129.0,144.0
86784,250.0,138.0,122.0,136.0
86785,277.0,138.0,140.0,160.0
86786,230.0,150.0,145.0,131.0
86787,268.0,150.0,166.0,151.0
86788,261.0,145.0,143.0,138.0
86789,232.0,133.0,136.0,142.0
86790,242.0,117.0,127.0,128.0
86791,232.0,61.0,124.0,133.0
86792,263.0,220.0,141.0,146.0
86793,246.0,175.0,141.0,141.0
86794,225.0,108.0,122.0,116.0
86795,252.0,86.0,135.0,141.0
86796,232.0,215.0,134.0,130.0
86797,266.0,170.0,155.0,146.0
86798,270.0,131.0,153.0,147.0
86799,265.0,116.0,140.0,155.0
86800,229.0,206.0,136.0,141.0
86801,256.0,184.0,125.0,146.0
86802,252.0,140.0,162.0,142.0
86803,247.0,116.0,139.0,145.0
86804,262.0,131.0,137.0,153.0
86805,243.0,106.0,134.0,132.0
86806,257.0,67.0,136.0,139.0
86807,245.0,213.0,132.0,144.0
86808,249.0,67.0,143.0,153.0
86809,249.0,140.0,139.0,139.0
86810,247.0,105.0,141.0,140.0
86811,247.0,116.0,139.0,147.0
86812,253.0,122.0,153.0,150.0
86813,254.0,108.0,142.0,147.0
86814,234.0,117.0,133.0,134.0
86815,262.0,72.0,138.0,144.0
86816,225.0,121.0,122.0,131.0
86817,227.0,115.0,132.0,142.0
86818,242.0,214.0,147.0,143.0
86819,250.0,109.0,137.0,130.0
86820,274.0,232.0,168.0,149.0
86821,229.0,132.0,124.0,120.0
86822,246.0,122.0,142.0,144.0
86823,266.0,105.0,167.0,150.0
86824,249.0,98.0,127.0,137.0
86825,273.0,233.0,152.0,164.0
86826,231.0,93.0,128.0,137.0
86827,269.0,109.0,153.0,145.0
86828,232.0,93.0,148.0,116.0
86829,247.0,98.0,134.0,140.0
86830,238.0,150.0,134.0,133.0
86831,246.0,136.0,141.0,133.0
86832,247.0,140.0,143.0,138.0
86833,252.0,242.0,160.0,125.0
86834,262.0,127.0,149.0,144.0
86835,272.0,86.0,142.0,148.0
86836,250.0,81.0,142.0,129.0
86837,208.0,83.0,115.0,124.0
86838,238.0,121.0,121.0,122.0
86839,257.0,66.0,153.0,136.0
86840,244.0,232.0,142.0,144.0
86841,231.0,112.0,122.0,117.0
86842,267.0,135.0,149.0,159.0
86843,252.0,95.0,150.0,127.0
86844,262.0,124.0,138.0,147.0
86845,245.0,208.0,149.0,139.0
86846,262.0,229.0,150.0,148.0
86847,252.0,78.0,145.0,133.0
86848,251.0,82.0,147.0,142.0
86849,247.0,172.0,143.0,133.0
86850,263.0,104.0,137.0,166.0
86851,238.0,121.0,123.0,140.0
86852,241.0,97.0,139.0,114.0
86853,252.0,112.0,141.0,145.0
86854,238.0,121.0,134.0,148.0
86855,259.0,132.0,151.0,143.0
86856,244.0,114.0,122.0,135.0
86857,249.0,101.0,141.0,148.0
86858,244.0,75.0,146.0,140.0
86859,243.0,94.0,136.0,129.0
86860,260.0,75.0,157.0,150.0
86861,241.0,71.0,133.0,128.0
86862,245.0,114.0,149.0,131.0
86863,250.0,124.0,154.0,140.0
86864,256.0,88.0,133.0,145.0
86865,254.0,85.0,135.0,139.0
86866,243.0,138.0,127.0,126.0
86867,244.0,64.0,125.0,144.0
86868,258.0,67.0,153.0,136.0
86869,246.0,117.0,146.0,137.0
86870,253.0,207.0,130.0,148.0
86871,251.0,117.0,136.0,141.0
86872,246.0,89.0,140.0,141.0
86873,259.0,114.0,144.0,135.0
86874,217.0,127.0,117.0,119.0
86875,269.0,90.0,135.0,153.0
86876,266.0,255.0,151.0,138.0
86877,268.0,118.0,156.0,153.0
86878,265.0,73.0,137.0,143.0
86879,251.0,168.0,156.0,137.0
86880,268.0,175.0,151.0,148.0
86881,261.0,162.0,150.0,137.0
86882,234.0,153.0,122.0,125.0
86883,258.0,218.0,157.0,147.0
86884,242.0,205.0,132.0,135.0
86885,224.0,55.0,127.0,118.0
86886,231.0,117.0,131.0,133.0
86887,252.0,210.0,162.0,157.0
86888,245.0,121.0,136.0,139.0
86889,244.0,143.0,132.0,138.0
86890,294.0,115.0,149.0,166.0
86891,228.0,101.0,129.0,129.0
86892,228.0,109.0,128.0,135.0
86893,223.0,154.0,129.0,129.0
86894,267.0,122.0,130.0,156.0
86895,250.0,125.0,138.0,131.0
86896,245.0,76.0,157.0,141.0
86897,261.0,230.0,145.0,152.0
86898,266.0,187.0,160.0,130.0
86899,246.0,209.0,135.0,138.0
86900,245.0,116.0,158.0,149.0
86901,215.0,109.0,118.0,133.0
86902,281.0,106.0,165.0,153.0
86903,262.0,207.0,164.0,140.0
86904,224.0,92.0,117.0,118.0
86905,274.0,119.0,152.0,153.0
86906,247.0,137.0,129.0,146.0
86907,256.0,78.0,136.0,142.0
86908,243.0,103.0,123.0,118.0
86909,240.0,118.0,145.0,157.0
86910,251.0,107.0,137.0,138.0
86911,248.0,101.0,157.0,132.0
86912,248.0,95.0,124.0,131.0
86913,253.0,101.0,135.0,132.0
86914,236.0,131.0,149.0,120.0
86915,250.0,215.0,145.0,141.0
86916,292.0,164.0,165.0,181.0
86917,240.0,83.0,140.0,142.0
86918,260.0,218.0,148.0,154.0
86919,259.0,142.0,151.0,136.0
86920,240.0,83.0,139.0,124.0
86921,248.0,106.0,147.0,142.0
86922,256.0,123.0,146.0,146.0
86923,244.0,238.0,121.0,133.0
86924,264.0,106.0,137.0,152.0
86925,246.0,142.0,140.0,152.0
86926,252.0,214.0,144.0,138.0
86927,229.0,100.0,118.0,129.0
86928,238.0,70.0,127.0,138.0
86929,248.0,209.0,130.0,151.0
86930,253.0,175.0,145.0,149.0
86931,254.0,130.0,139.0,135.0
86932,239.0,80.0,125.0,133.0
86933,259.0,126.0,141.0,151.0
86934,273.0,229.0,145.0,163.0
86935,252.0,123.0,143.0,146.0
86936,257.0,177.0,130.0,155.0
86937,223.0,127.0,121.0,118.0
86938,248.0,227.0,126.0,147.0
86939,264.0,80.0,140.0,155.0
86940,248.0,82.0,142.0,135.0
86941,256.0,86.0,139.0,155.0
86942,247.0,105.0,149.0,130.0
86943,246.0,96.0,140.0,134.0
86944,223.0,190.0,126.0,119.0
86945,254.0,110.0,145.0,145.0
86946,245.0,111.0,140.0,135.0
86947,279.0,241.0,160.0,155.0
86948,252.0,124.0,139.0,149.0
86949,260.0,99.0,153.0,149.0
86950,254.0,145.0,146.0,152.0
86951,259.0,123.0,164.0,146.0
86952,253.0,108.0,127.0,130.0
86953,230.0,197.0,129.0,141.0
86954,231.0,196.0,140.0,134.0
86955,249.0,86.0,147.0,142.0
86956,246.0,76.0,141.0,144.0
86957,236.0,136.0,136.0,130.0
86958,251.0,135.0,145.0,145.0
86959,262.0,96.0,154.0,143.0
86960,265.0,58.0,158.0,148.0
86961,225.0,188.0,118.0,114.0
86962,254.0,101.0,130.0,150.0
86963,228.0,65.0,147.0,146.0
86964,267.0,157.0,136.0,150.0
86965,274.0,105.0,155.0,157.0
86966,225.0,135.0,126.0,142.0
86967,266.0,153.0,155.0,157.0
86968,243.0,94.0,146.0,136.0
86969,237.0,64.0,131.0,140.0
86970,245.0,56.0,139.0,128.0
86971,252.0,114.0,149.0,153.0
86972,247.0,207.0,140.0,131.0
86973,260.0,256.0,137.0,150.0
86974,248.0,94.0,151.0,142.0
86975,247.0,146.0,134.0,120.0
86976,250.0,223.0,131.0,137.0
86977,233.0,118.0,133.0,124.0
86978,261.0,145.0,150.0,153.0
86979,237.0,207.0,135.0,126.0
86980,223.0,91.0,134.0,128.0
86981,256.0,136.0,138.0,140.0
86982,240.0,201.0,116.0,139.0
86983,268.0,105.0,154.0,151.0
86984,243.0,140.0,140.0,149.0
86985,242.0,123.0,132.0,132.0
86986,253.0,87.0,147.0,148.0
86987,261.0,66.0,152.0,133.0
86988,240.0,88.0,139.0,136.0
86989,237.0,87.0,121.0,137.0
86990,264.0,119.0,151.0,167.0
86991,242.0,113.0,130.0,139.0
86992,244.0,136.0,126.0,132.0
86993,257.0,124.0,148.0,159.0
86994,262.0,230.0,154.0,141.0
86995,244.0,140.0,132.0,133.0
86996,244.0,53.0,154.0,129.0
86997,271.0,129.0,154.0,157.0
86998,259.0,225.0,140.0,151.0
86999,229.0,136.0,121.0,124.0
87000,266.0,122.0,142.0,151.0
87001,252.0,135.0,137.0,141.0
87002,218.0,124.0,121.0,108.0
87003,241.0,103.0,134.0,139.0
87004,235.0,203.0,127.0,111.0
87005,248.0,71.0,136.0,134.0
87006,240.0,100.0,129.0,149.0
87007,273.0,87.0,170.0,156.0
87008,272.0,153.0,156.0,156.0
87009,246.0,135.0,141.0,121.0
87010,264.0,128.0,147.0,138.0
87011,220.0,191.0,121.0,127.0
87012,235.0,91.0,128.0,131.0
87013,250.0,106.0,132.0,135.0
87014,231.0,149.0,130.0,120.0
87015,235.0,130.0,144.0,121.0
87016,264.0,81.0,158.0,141.0
87017,239.0,90.0,139.0,128.0
87018,247.0,121.0,145.0,121.0
87019,249.0,95.0,130.0,142.0
87020,294.0,91.0,169.0,165.0
87021,241.0,108.0,142.0,119.0
87022,242.0,112.0,144.0,142.0
87023,237.0,152.0,142.0,134.0
87024,276.0,242.0,152.0,142.0
87025,254.0,219.0,152.0,146.0
87026,251.0,140.0,142.0,135.0
87027,261.0,224.0,142.0,148.0
87028,243.0,97.0,123.0,141.0
87029,257.0,99.0,139.0,141.0
87030,260.0,246.0,137.0,148.0
87031,255.0,223.0,137.0,143.0
87032,303.0,146.0,168.0,160.0
87033,252.0,118.0,142.0,146.0
87034,251.0,92.0,151.0,140.0
87035,255.0,130.0,139.0,133.0
87036,258.0,171.0,136.0,146.0
87037,249.0,106.0,138.0,150.0
87038,271.0,104.0,150.0,166.0
87039,246.0,125.0,134.0,138.0
87040,244.0,215.0,123.0,136.0
87041,246.0,116.0,131.0,131.0
87042,268.0,174.0,148.0,165.0
87043,211.0,184.0,112.0,113.0
87044,246.0,118.0,150.0,146.0
87045,226.0,135.0,124.0,121.0
87046,279.0,196.0,168.0,173.0
87047,243.0,111.0,125.0,131.0
87048,245.0,69.0,143.0,141.0
87049,239.0,83.0,124.0,129.0
87050,254.0,121.0,139.0,149.0
87051,244.0,122.0,149.0,151.0
87052,252.0,112.0,153.0,142.0
87053,260.0,124.0,144.0,146.0
87054,251.0,208.0,141.0,153.0
87055,241.0,93.0,145.0,144.0
87056,229.0,192.0,136.0,125.0
87057,249.0,216.0,134.0,129.0
87058,257.0,139.0,158.0,138.0
87059,242.0,85.0,133.0,143.0
87060,277.0,125.0,131.0,145.0
87061,249.0,105.0,148.0,139.0
87062,254.0,245.0,148.0,141.0
87063,235.0,76.0,138.0,140.0
87064,233.0,108.0,148.0,127.0
87065,240.0,135.0,136.0,127.0
87066,251.0,143.0,149.0,150.0
87067,246.0,102.0,117.0,137.0
87068,266.0,145.0,149.0,150.0
87069,255.0,105.0,146.0,146.0
87070,260.0,131.0,157.0,134.0
87071,273.0,155.0,137.0,152.0
87072,267.0,221.0,145.0,142.0
87073,248.0,156.0,122.0,148.0
87074,225.0,98.0,115.0,120.0
87075,232.0,75.0,111.0,125.0
87076,236.0,137.0,132.0,136.0
87077,268.0,102.0,146.0,158.0
87078,248.0,153.0,142.0,148.0
87079,227.0,204.0,126.0,126.0
87080,230.0,83.0,131.0,127.0
87081,223.0,98.0,132.0,133.0
87082,232.0,193.0,137.0,130.0
87083,222.0,59.0,132.0,141.0
87084,250.0,214.0,134.0,142.0
87085,244.0,120.0,136.0,120.0
87086,268.0,238.0,159.0,144.0
87087,232.0,112.0,126.0,125.0
87088,233.0,88.0,132.0,136.0
87089,257.0,160.0,140.0,144.0
87090,278.0,190.0,145.0,147.0
87091,223.0,79.0,134.0,106.0
87092,257.0,212.0,142.0,140.0
87093,256.0,102.0,142.0,145.0
87094,256.0,110.0,141.0,151.0
87095,248.0,127.0,138.0,126.0
87096,239.0,98.0,142.0,127.0
87097,259.0,117.0,166.0,127.0
87098,248.0,243.0,146.0,153.0
87099,212.0,112.0,116.0,123.0
87100,276.0,229.0,152.0,156.0
87101,251.0,208.0,147.0,132.0
87102,266.0,232.0,142.0,145.0
87103,265.0,211.0,151.0,156.0
87104,263.0,98.0,139.0,156.0
87105,259.0,56.0,145.0,151.0
87106,242.0,85.0,139.0,139.0
87107,213.0,111.0,108.0,104.0
87108,275.0,92.0,143.0,146.0
87109,267.0,126.0,160.0,145.0
87110,249.0,135.0,144.0,150.0
87111,254.0,97.0,143.0,151.0
87112,240.0,215.0,131.0,126.0
87113,253.0,104.0,156.0,144.0
87114,264.0,233.0,152.0,140.0
87115,272.0,130.0,140.0,153.0
87116,257.0,256.0,143.0,146.0
87117,251.0,141.0,142.0,151.0
87118,241.0,153.0,138.0,146.0
87119,237.0,195.0,141.0,133.0
87120,254.0,147.0,144.0,141.0
87121,259.0,232.0,146.0,150.0
87122,242.0,100.0,123.0,131.0
87123,244.0,190.0,143.0,140.0
87124,244.0,129.0,144.0,143.0
87125,269.0,95.0,156.0,149.0
87126,237.0,91.0,142.0,127.0
87127,262.0,127.0,147.0,153.0
87128,255.0,108.0,138.0,142.0
87129,250.0,127.0,137.0,140.0
87130,246.0,146.0,126.0,138.0
87131,261.0,105.0,140.0,140.0
87132,252.0,237.0,138.0,145.0
87133,235.0,109.0,141.0,119.0
87134,250.0,165.0,141.0,147.0
87135,247.0,146.0,140.0,133.0
87136,245.0,93.0,140.0,141.0
87137,270.0,164.0,158.0,137.0
87138,263.0,70.0,158.0,137.0
87139,222.0,84.0,134.0,117.0
87140,249.0,108.0,148.0,136.0
87141,242.0,67.0,140.0,137.0
87142,269.0,84.0,157.0,138.0
87143,267.0,105.0,145.0,145.0
87144,260.0,128.0,155.0,152.0
87145,250.0,86.0,148.0,136.0
87146,240.0,82.0,122.0,135.0
87147,262.0,87.0,146.0,157.0
87148,250.0,108.0,127.0,143.0
87149,273.0,125.0,156.0,160.0
87150,256.0,96.0,121.0,139.0
87151,257.0,124.0,143.0,154.0
87152,269.0,103.0,144.0,138.0
87153,234.0,143.0,123.0,137.0
87154,237.0,103.0,123.0,134.0
87155,243.0,75.0,140.0,141.0
87156,249.0,63.0,145.0,148.0
87157,244.0,115.0,135.0,141.0
87158,231.0,197.0,143.0,125.0
87159,234.0,207.0,133.0,126.0
87160,248.0,160.0,127.0,148.0
87161,266.0,140.0,151.0,146.0
87162,252.0,135.0,151.0,139.0
87163,241.0,84.0,123.0,132.0
87164,252.0,108.0,150.0,136.0
87165,255.0,124.0,135.0,136.0
87166,265.0,105.0,142.0,160.0
87167,244.0,113.0,145.0,131.0
87168,274.0,148.0,159.0,153.0
87169,258.0,112.0,134.0,164.0
87170,226.0,88.0,133.0,131.0
87171,246.0,108.0,144.0,145.0
87172,256.0,115.0,154.0,138.0
87173,248.0,91.0,131.0,143.0
87174,239.0,141.0,122.0,139.0
87175,243.0,92.0,131.0,146.0
87176,236.0,193.0,131.0,124.0
87177,252.0,97.0,136.0,140.0
87178,259.0,220.0,157.0,140.0
87179,246.0,125.0,134.0,148.0
87180,265.0,111.0,132.0,156.0
87181,236.0,96.0,134.0,123.0
87182,235.0,89.0,130.0,133.0
87183,213.0,91.0,132.0,123.0
87184,240.0,129.0,137.0,145.0
87185,255.0,111.0,145.0,141.0
87186,281.0,129.0,152.0,168.0
87187,248.0,119.0,154.0,132.0
87188,247.0,168.0,133.0,134.0
87189,261.0,90.0,167.0,153.0
87190,250.0,69.0,143.0,144.0
87191,238.0,109.0,140.0,136.0
87192,244.0,216.0,143.0,130.0
87193,244.0,128.0,138.0,134.0
87194,235.0,206.0,133.0,140.0
87195,231.0,60.0,129.0,122.0
87196,259.0,70.0,142.0,148.0
87197,247.0,91.0,128.0,147.0
87198,253.0,73.0,136.0,142.0
87199,248.0,113.0,143.0,134.0
87200,278.0,128.0,150.0,158.0
87201,241.0,207.0,130.0,129.0
87202,232.0,132.0,140.0,145.0
87203,243.0,198.0,130.0,134.0
87204,246.0,212.0,130.0,149.0
87205,242.0,203.0,130.0,138.0
87206,248.0,244.0,145.0,146.0
87207,247.0,166.0,119.0,130.0
87208,265.0,100.0,159.0,160.0
87209,261.0,75.0,152.0,148.0
87210,272.0,163.0,154.0,154.0
87211,251.0,116.0,140.0,122.0
87212,237.0,106.0,145.0,136.0
87213,232.0,108.0,120.0,111.0
87214,237.0,74.0,138.0,138.0
87215,255.0,146.0,139.0,139.0
87216,269.0,113.0,148.0,161.0
87217,258.0,128.0,150.0,140.0
87218,243.0,139.0,129.0,124.0
87219,251.0,129.0,128.0,144.0
87220,257.0,95.0,148.0,152.0
87221,265.0,172.0,134.0,141.0
87222,253.0,80.0,144.0,142.0
87223,241.0,114.0,153.0,128.0
87224,245.0,88.0,141.0,135.0
87225,235.0,196.0,139.0,137.0
87226,228.0,96.0,135.0,131.0
87227,268.0,132.0,157.0,171.0
87228,260.0,234.0,144.0,141.0
87229,256.0,222.0,152.0,145.0
87230,265.0,141.0,145.0,151.0
87231,253.0,65.0,144.0,148.0
87232,272.0,111.0,151.0,168.0
87233,233.0,108.0,149.0,132.0
87234,254.0,102.0,139.0,141.0
87235,235.0,210.0,130.0,123.0
87236,252.0,123.0,132.0,123.0
87237,259.0,87.0,145.0,157.0
87238,253.0,119.0,151.0,143.0
87239,266.0,137.0,155.0,147.0
87240,244.0,145.0,142.0,145.0
87241,251.0,124.0,145.0,142.0
87242,237.0,126.0,139.0,129.0
87243,245.0,135.0,133.0,151.0
87244,261.0,97.0,144.0,150.0
87245,250.0,158.0,154.0,148.0
87246,247.0,101.0,134.0,131.0
87247,236.0,63.0,129.0,127.0
87248,235.0,205.0,123.0,126.0
87249,248.0,104.0,138.0,149.0
87250,253.0,85.0,136.0,150.0
87251,255.0,106.0,146.0,151.0
87252,248.0,243.0,144.0,141.0
87253,239.0,120.0,137.0,130.0
87254,250.0,123.0,137.0,151.0
87255,249.0,119.0,145.0,155.0
87256,241.0,120.0,142.0,122.0
87257,246.0,97.0,143.0,136.0
87258,270.0,104.0,158.0,153.0
87259,253.0,86.0,145.0,136.0
87260,234.0,194.0,123.0,123.0
87261,255.0,77.0,145.0,155.0
87262,252.0,221.0,148.0,165.0
87263,256.0,115.0,134.0,155.0
87264,258.0,79.0,143.0,135.0
87265,245.0,216.0,134.0,131.0
87266,268.0,239.0,151.0,151.0
87267,265.0,112.0,146.0,147.0
87268,237.0,90.0,123.0,137.0
87269,271.0,125.0,163.0,159.0
87270,250.0,212.0,137.0,156.0
87271,257.0,94.0,163.0,145.0
87272,278.0,161.0,146.0,167.0
87273,235.0,134.0,152.0,125.0
87274,261.0,142.0,148.0,143.0
87275,252.0,87.0,147.0,130.0
87276,210.0,126.0,110.0,129.0
87277,249.0,116.0,141.0,132.0
87278,253.0,210.0,148.0,155.0
87279,252.0,186.0,133.0,139.0
87280,216.0,177.0,113.0,129.0
87281,265.0,121.0,147.0,139.0
87282,269.0,96.0,162.0,133.0
87283,247.0,106.0,141.0,141.0
87284,227.0,202.0,132.0,147.0
87285,253.0,102.0,138.0,133.0
87286,260.0,105.0,139.0,155.0
87287,245.0,122.0,141.0,145.0
87288,252.0,217.0,144.0,133.0
87289,258.0,158.0,135.0,155.0
87290,274.0,112.0,151.0,159.0
87291,215.0,90.0,127.0,125.0
87292,243.0,86.0,144.0,136.0
87293,251.0,88.0,151.0,132.0
87294,244.0,214.0,152.0,149.0
87295,239.0,88.0,135.0,135.0
87296,230.0,78.0,128.0,145.0
87297,250.0,213.0,150.0,146.0
87298,245.0,116.0,133.0,127.0
87299,258.0,213.0,141.0,144.0
87300,244.0,75.0,156.0,140.0
87301,241.0,133.0,158.0,137.0
87302,230.0,114.0,132.0,125.0
87303,265.0,99.0,140.0,143.0
87304,236.0,181.0,132.0,140.0
87305,277.0,121.0,155.0,156.0
87306,237.0,100.0,141.0,131.0
87307,265.0,235.0,130.0,169.0
87308,235.0,105.0,137.0,142.0
87309,240.0,134.0,141.0,138.0
87310,253.0,223.0,130.0,127.0
87311,243.0,102.0,140.0,136.0
87312,245.0,115.0,124.0,139.0
87313,249.0,104.0,143.0,145.0
87314,236.0,91.0,140.0,139.0
87315,264.0,241.0,162.0,139.0
87316,256.0,95.0,152.0,127.0
87317,246.0,108.0,138.0,137.0
87318,244.0,146.0,127.0,147.0
87319,245.0,114.0,137.0,143.0
87320,257.0,130.0,133.0,154.0
87321,241.0,206.0,130.0,149.0
87322,250.0,231.0,148.0,138.0
87323,244.0,140.0,137.0,144.0
87324,264.0,84.0,130.0,149.0
87325,221.0,79.0,126.0,125.0
87326,254.0,205.0,136.0,137.0
87327,266.0,240.0,148.0,175.0
87328,232.0,89.0,142.0,133.0
87329,275.0,143.0,148.0,139.0
87330,252.0,210.0,150.0,142.0
87331,251.0,108.0,138.0,140.0
87332,229.0,102.0,139.0,131.0
87333,254.0,140.0,146.0,137.0
87334,256.0,115.0,150.0,137.0
87335,236.0,107.0,121.0,139.0
87336,257.0,108.0,144.0,138.0
87337,225.0,32.0,124.0,128.0
87338,229.0,95.0,144.0,130.0
87339,241.0,209.0,130.0,136.0
87340,237.0,107.0,127.0,130.0
87341,234.0,201.0,123.0,129.0
87342,273.0,249.0,140.0,144.0
87343,245.0,125.0,132.0,125.0
87344,273.0,123.0,164.0,151.0
87345,244.0,214.0,134.0,134.0
87346,262.0,233.0,144.0,149.0
87347,266.0,140.0,149.0,148.0
87348,254.0,131.0,151.0,154.0
87349,252.0,91.0,139.0,151.0
87350,236.0,99.0,120.0,134.0
87351,258.0,131.0,137.0,141.0
87352,262.0,103.0,141.0,142.0
87353,244.0,137.0,130.0,126.0
87354,247.0,130.0,150.0,138.0
87355,232.0,100.0,133.0,124.0
87356,262.0,114.0,153.0,151.0
87357,260.0,109.0,137.0,152.0
87358,261.0,81.0,158.0,131.0
87359,232.0,204.0,131.0,135.0
87360,216.0,101.0,113.0,110.0
87361,246.0,104.0,137.0,141.0
87362,236.0,112.0,127.0,144.0
87363,242.0,79.0,149.0,134.0
87364,248.0,110.0,132.0,127.0
87365,235.0,181.0,135.0,134.0
87366,220.0,80.0,138.0,130.0
87367,254.0,160.0,145.0,133.0
87368,250.0,108.0,135.0,143.0
87369,236.0,92.0,134.0,137.0
87370,251.0,65.0,147.0,145.0
87371,249.0,102.0,141.0,138.0
87372,236.0,124.0,126.0,131.0
87373,281.0,145.0,159.0,162.0
87374,227.0,74.0,140.0,123.0
87375,247.0,148.0,138.0,132.0
87376,252.0,106.0,146.0,134.0
87377,250.0,86.0,140.0,141.0
87378,262.0,117.0,134.0,147.0
87379,254.0,123.0,142.0,163.0
87380,249.0,146.0,137.0,132.0
87381,237.0,97.0,123.0,137.0
87382,261.0,108.0,158.0,147.0
87383,267.0,240.0,159.0,153.0
87384,271.0,125.0,136.0,139.0
87385,260.0,165.0,142.0,148.0
87386,256.0,100.0,141.0,138.0
87387,243.0,129.0,136.0,144.0
87388,232.0,51.0,150.0,122.0
87389,251.0,79.0,135.0,147.0
87390,246.0,216.0,142.0,140.0
87391,246.0,98.0,128.0,127.0
87392,257.0,102.0,133.0,133.0
87393,225.0,115.0,117.0,131.0
87394,247.0,99.0,127.0,142.0
87395,266.0,232.0,149.0,139.0
87396,244.0,73.0,147.0,138.0
87397,244.0,155.0,142.0,142.0
87398,271.0,97.0,157.0,151.0
87399,274.0,130.0,139.0,149.0
87400,235.0,102.0,131.0,126.0
87401,244.0,104.0,140.0,147.0
87402,244.0,240.0,154.0,125.0
87403,249.0,162.0,129.0,135.0
87404,249.0,112.0,150.0,148.0
87405,251.0,131.0,135.0,138.0
87406,257.0,86.0,135.0,158.0
87407,252.0,72.0,150.0,134.0
87408,247.0,68.0,139.0,131.0
87409,265.0,112.0,154.0,167.0
87410,256.0,104.0,144.0,142.0
87411,246.0,207.0,142.0,138.0
87412,275.0,133.0,149.0,151.0
87413,260.0,107.0,135.0,142.0
87414,253.0,156.0,149.0,154.0
87415,245.0,97.0,135.0,143.0
87416,259.0,142.0,145.0,133.0
87417,250.0,113.0,141.0,133.0
87418,257.0,106.0,143.0,146.0
87419,260.0,73.0,153.0,137.0
87420,247.0,117.0,134.0,141.0
87421,254.0,75.0,155.0,134.0
87422,258.0,137.0,146.0,145.0
87423,262.0,135.0,153.0,152.0
87424,247.0,154.0,131.0,133.0
87425,227.0,127.0,133.0,116.0
87426,272.0,116.0,158.0,152.0
87427,239.0,79.0,126.0,122.0
87428,238.0,118.0,137.0,135.0
87429,236.0,100.0,143.0,126.0
87430,234.0,112.0,125.0,114.0
87431,241.0,99.0,152.0,122.0
87432,240.0,164.0,137.0,133.0
87433,248.0,209.0,131.0,137.0
87434,263.0,204.0,147.0,164.0
87435,255.0,214.0,144.0,129.0
87436,269.0,140.0,143.0,138.0
87437,269.0,257.0,155.0,145.0
87438,239.0,97.0,130.0,137.0
87439,268.0,122.0,143.0,143.0
87440,224.0,56.0,125.0,119.0
87441,241.0,89.0,147.0,121.0
87442,267.0,210.0,153.0,150.0
87443,239.0,92.0,138.0,122.0
87444,255.0,102.0,138.0,146.0
87445,246.0,216.0,155.0,133.0
87446,253.0,202.0,123.0,139.0
87447,258.0,143.0,149.0,162.0
87448,228.0,104.0,133.0,133.0
87449,248.0,195.0,155.0,146.0
87450,250.0,55.0,127.0,146.0
87451,256.0,111.0,134.0,139.0
87452,287.0,105.0,170.0,154.0
87453,259.0,157.0,152.0,140.0
87454,258.0,179.0,119.0,158.0
87455,244.0,76.0,136.0,146.0
87456,272.0,99.0,137.0,164.0
87457,260.0,76.0,147.0,142.0
87458,243.0,117.0,142.0,137.0
87459,252.0,145.0,145.0,135.0
87460,228.0,96.0,122.0,119.0
87461,260.0,239.0,137.0,148.0
87462,227.0,128.0,107.0,127.0
87463,268.0,107.0,138.0,148.0
87464,221.0,196.0,122.0,116.0
87465,226.0,71.0,120.0,122.0
87466,252.0,85.0,143.0,142.0
87467,248.0,210.0,149.0,140.0
87468,229.0,202.0,116.0,116.0
87469,266.0,150.0,146.0,142.0
87470,258.0,105.0,149.0,145.0
87471,268.0,128.0,148.0,152.0
87472,259.0,89.0,145.0,143.0
87473,215.0,176.0,133.0,120.0
87474,258.0,147.0,148.0,141.0
87475,258.0,132.0,136.0,142.0
87476,234.0,90.0,138.0,130.0
87477,240.0,81.0,127.0,145.0
87478,248.0,103.0,140.0,148.0
87479,253.0,102.0,152.0,142.0
87480,273.0,127.0,141.0,164.0
87481,253.0,122.0,153.0,152.0
87482,233.0,98.0,123.0,141.0
87483,249.0,77.0,149.0,156.0
87484,245.0,53.0,122.0,146.0
87485,236.0,106.0,121.0,137.0
87486,265.0,255.0,171.0,151.0
87487,248.0,67.0,144.0,138.0
87488,227.0,96.0,131.0,131.0
87489,247.0,219.0,144.0,128.0
87490,235.0,207.0,130.0,135.0
87491,241.0,188.0,139.0,127.0
87492,263.0,230.0,145.0,136.0
87493,214.0,105.0,116.0,124.0
87494,242.0,56.0,136.0,125.0
87495,242.0,91.0,129.0,140.0
87496,245.0,85.0,134.0,136.0
87497,232.0,97.0,131.0,128.0
87498,236.0,100.0,124.0,126.0
87499,252.0,73.0,142.0,141.0
87500,267.0,228.0,145.0,161.0
87501,249.0,166.0,135.0,137.0
87502,266.0,123.0,148.0,153.0
87503,264.0,63.0,145.0,149.0
87504,248.0,174.0,133.0,133.0
87505,251.0,134.0,138.0,141.0
87506,248.0,202.0,144.0,132.0
87507,253.0,105.0,152.0,146.0
87508,262.0,256.0,155.0,147.0
87509,246.0,94.0,135.0,140.0
87510,228.0,197.0,126.0,130.0
87511,235.0,140.0,137.0,131.0
87512,234.0,212.0,118.0,120.0
87513,245.0,200.0,132.0,141.0
87514,255.0,107.0,148.0,139.0
87515,248.0,95.0,146.0,154.0
87516,226.0,184.0,137.0,117.0
87517,236.0,119.0,128.0,138.0
87518,261.0,134.0,135.0,128.0
87519,221.0,81.0,115.0,137.0
87520,234.0,106.0,121.0,141.0
87521,253.0,136.0,145.0,145.0
87522,229.0,199.0,133.0,127.0
87523,260.0,160.0,143.0,144.0
87524,231.0,218.0,137.0,135.0
87525,252.0,93.0,141.0,140.0
87526,255.0,99.0,168.0,156.0
87527,256.0,252.0,140.0,150.0
87528,231.0,193.0,135.0,124.0
87529,245.0,57.0,133.0,138.0
87530,209.0,131.0,124.0,122.0
87531,256.0,97.0,145.0,148.0
87532,242.0,137.0,131.0,128.0
87533,248.0,111.0,140.0,128.0
87534,257.0,251.0,141.0,144.0
87535,256.0,229.0,135.0,152.0
87536,236.0,132.0,138.0,143.0
87537,274.0,112.0,151.0,158.0
87538,259.0,110.0,148.0,150.0
87539,280.0,97.0,155.0,153.0
87540,258.0,85.0,145.0,144.0
87541,242.0,66.0,139.0,136.0
87542,238.0,37.0,140.0,137.0
87543,256.0,120.0,145.0,136.0
87544,235.0,110.0,145.0,138.0
87545,237.0,114.0,144.0,129.0
87546,254.0,94.0,141.0,150.0
87547,267.0,89.0,143.0,141.0
87548,254.0,87.0,141.0,144.0
87549,256.0,101.0,141.0,138.0
87550,270.0,152.0,163.0,150.0
87551,249.0,110.0,142.0,132.0
87552,258.0,236.0,148.0,135.0
87553,273.0,130.0,151.0,158.0
87554,249.0,131.0,160.0,136.0
87555,240.0,202.0,145.0,133.0
87556,240.0,104.0,141.0,123.0
87557,249.0,132.0,139.0,142.0
87558,231.0,113.0,115.0,116.0
87559,271.0,129.0,153.0,146.0
87560,270.0,233.0,150.0,153.0
87561,267.0,133.0,144.0,156.0
87562,248.0,232.0,139.0,131.0
87563,254.0,221.0,141.0,160.0
87564,245.0,126.0,130.0,149.0
87565,248.0,182.0,136.0,125.0
87566,252.0,217.0,131.0,145.0
87567,258.0,131.0,141.0,157.0
87568,255.0,121.0,135.0,146.0
87569,228.0,109.0,122.0,138.0
87570,251.0,215.0,140.0,144.0
87571,243.0,78.0,122.0,139.0
87572,243.0,213.0,134.0,124.0
87573,250.0,92.0,137.0,138.0
87574,249.0,225.0,139.0,143.0
87575,229.0,185.0,131.0,130.0
87576,257.0,140.0,134.0,125.0
87577,239.0,74.0,130.0,125.0
87578,230.0,103.0,114.0,135.0
87579,263.0,115.0,130.0,132.0
87580,265.0,159.0,150.0,146.0
87581,265.0,104.0,152.0,142.0
87582,279.0,113.0,157.0,165.0
87583,216.0,106.0,111.0,125.0
87584,267.0,121.0,142.0,147.0
87585,252.0,104.0,133.0,138.0
87586,273.0,236.0,164.0,158.0
87587,251.0,160.0,137.0,121.0
87588,233.0,95.0,126.0,138.0
87589,262.0,115.0,149.0,146.0
87590,254.0,219.0,141.0,154.0
87591,275.0,148.0,146.0,153.0
87592,254.0,128.0,138.0,149.0
87593,259.0,106.0,148.0,146.0
87594,258.0,217.0,142.0,129.0
87595,241.0,92.0,141.0,127.0
87596,260.0,222.0,154.0,141.0
87597,264.0,256.0,150.0,164.0
87598,260.0,161.0,143.0,145.0
87599,265.0,238.0,160.0,144.0
87600,244.0,80.0,150.0,135.0
87601,274.0,128.0,163.0,165.0
87602,237.0,71.0,129.0,130.0
87603,260.0,151.0,148.0,154.0
87604,224.0,195.0,141.0,124.0
87605,275.0,136.0,149.0,159.0
87606,242.0,87.0,140.0,135.0
87607,231.0,92.0,136.0,128.0
87608,246.0,235.0,148.0,137.0
87609,285.0,274.0,161.0,172.0
87610,239.0,126.0,130.0,136.0
87611,263.0,58.0,128.0,150.0
87612,234.0,102.0,148.0,129.0
87613,256.0,134.0,142.0,125.0
87614,273.0,127.0,166.0,151.0
87615,233.0,129.0,116.0,131.0
87616,251.0,72.0,149.0,150.0
87617,250.0,112.0,140.0,127.0
87618,237.0,100.0,130.0,130.0
87619,237.0,80.0,117.0,133.0
87620,227.0,103.0,140.0,119.0
87621,239.0,106.0,137.0,148.0
87622,240.0,105.0,154.0,126.0
87623,229.0,196.0,125.0,137.0
87624,260.0,228.0,149.0,149.0
87625,232.0,90.0,131.0,127.0
87626,236.0,207.0,126.0,142.0
87627,279.0,96.0,147.0,153.0
87628,241.0,203.0,131.0,133.0
87629,231.0,121.0,132.0,133.0
87630,254.0,215.0,153.0,127.0
87631,260.0,125.0,145.0,155.0
87632,259.0,57.0,157.0,148.0
87633,235.0,77.0,129.0,144.0
87634,244.0,110.0,134.0,142.0
87635,268.0,126.0,142.0,142.0
87636,229.0,125.0,128.0,128.0
87637,239.0,90.0,132.0,136.0
87638,237.0,216.0,137.0,126.0
87639,264.0,119.0,156.0,155.0
87640,259.0,226.0,137.0,165.0
87641,260.0,153.0,132.0,159.0
87642,255.0,110.0,129.0,156.0
87643,237.0,126.0,132.0,130.0
87644,273.0,138.0,134.0,149.0
87645,233.0,69.0,120.0,137.0
87646,264.0,81.0,148.0,141.0
87647,279.0,269.0,170.0,164.0
87648,247.0,93.0,143.0,145.0
87649,251.0,157.0,142.0,131.0
87650,237.0,70.0,137.0,129.0
87651,262.0,156.0,156.0,158.0
87652,242.0,212.0,132.0,131.0
87653,265.0,215.0,163.0,163.0
87654,236.0,131.0,136.0,142.0
87655,254.0,78.0,151.0,131.0
87656,245.0,116.0,135.0,132.0
87657,237.0,74.0,139.0,146.0
87658,259.0,113.0,140.0,132.0
87659,225.0,122.0,124.0,128.0
87660,241.0,137.0,138.0,142.0
87661,250.0,96.0,140.0,129.0
87662,249.0,112.0,142.0,146.0
87663,244.0,94.0,150.0,134.0
87664,259.0,126.0,152.0,142.0
87665,252.0,86.0,145.0,144.0
87666,255.0,252.0,154.0,127.0
87667,259.0,142.0,145.0,152.0
87668,249.0,88.0,132.0,136.0
87669,247.0,100.0,135.0,128.0
87670,252.0,214.0,149.0,137.0
87671,254.0,89.0,156.0,147.0
87672,264.0,105.0,145.0,152.0
87673,245.0,86.0,134.0,137.0
87674,239.0,137.0,136.0,130.0
87675,261.0,145.0,155.0,145.0
87676,256.0,114.0,144.0,147.0
87677,242.0,98.0,136.0,135.0
87678,255.0,161.0,134.0,149.0
87679,232.0,98.0,119.0,124.0
87680,237.0,114.0,130.0,132.0
87681,233.0,72.0,147.0,132.0
87682,260.0,124.0,131.0,148.0
87683,257.0,128.0,158.0,136.0
87684,263.0,73.0,144.0,140.0
87685,231.0,92.0,125.0,126.0
87686,244.0,142.0,141.0,141.0
87687,263.0,224.0,138.0,139.0
87688,251.0,159.0,144.0,133.0
87689,266.0,143.0,152.0,151.0
87690,248.0,146.0,143.0,130.0
87691,251.0,131.0,156.0,126.0
87692,238.0,129.0,124.0,125.0
87693,241.0,87.0,134.0,145.0
87694,230.0,113.0,135.0,127.0
87695,240.0,118.0,145.0,128.0
87696,247.0,79.0,127.0,135.0
87697,226.0,81.0,120.0,119.0
87698,260.0,230.0,145.0,142.0
87699,255.0,126.0,132.0,142.0
87700,246.0,218.0,117.0,138.0
87701,250.0,82.0,143.0,144.0
87702,237.0,89.0,124.0,139.0
87703,257.0,116.0,140.0,129.0
87704,237.0,170.0,132.0,127.0
87705,260.0,90.0,151.0,146.0
87706,261.0,130.0,165.0,144.0
87707,260.0,128.0,145.0,160.0
87708,260.0,124.0,151.0,139.0
87709,230.0,150.0,137.0,140.0
87710,230.0,107.0,138.0,128.0
87711,247.0,139.0,144.0,125.0
87712,249.0,109.0,148.0,135.0
87713,215.0,159.0,114.0,112.0
87714,258.0,104.0,148.0,125.0
87715,250.0,211.0,140.0,156.0
87716,251.0,124.0,131.0,136.0
87717,264.0,236.0,152.0,147.0
87718,252.0,85.0,125.0,134.0
87719,254.0,138.0,137.0,141.0
87720,248.0,83.0,132.0,136.0
87721,255.0,187.0,134.0,130.0
87722,246.0,214.0,150.0,146.0
87723,238.0,101.0,134.0,141.0
87724,271.0,109.0,147.0,173.0
87725,265.0,180.0,140.0,137.0
87726,268.0,94.0,144.0,142.0
87727,259.0,114.0,140.0,148.0
87728,246.0,211.0,142.0,142.0
87729,261.0,166.0,134.0,150.0
87730,223.0,79.0,115.0,128.0
87731,248.0,101.0,141.0,132.0
87732,266.0,98.0,149.0,146.0
87733,261.0,126.0,153.0,137.0
87734,254.0,152.0,145.0,146.0
87735,249.0,217.0,135.0,155.0
87736,238.0,126.0,145.0,132.0
87737,260.0,258.0,131.0,160.0
87738,248.0,87.0,138.0,137.0
87739,249.0,152.0,153.0,134.0
87740,238.0,127.0,149.0,126.0
87741,263.0,232.0,138.0,138.0
87742,248.0,217.0,125.0,141.0
87743,254.0,141.0,153.0,157.0
87744,225.0,36.0,131.0,135.0
87745,235.0,206.0,127.0,140.0
87746,244.0,145.0,153.0,137.0
87747,265.0,234.0,148.0,149.0
87748,268.0,115.0,161.0,151.0
87749,251.0,86.0,143.0,146.0
87750,249.0,144.0,145.0,152.0
87751,240.0,93.0,152.0,128.0
87752,246.0,109.0,141.0,149.0
87753,258.0,152.0,152.0,140.0
87754,264.0,101.0,156.0,136.0
87755,244.0,92.0,145.0,137.0
87756,243.0,63.0,148.0,134.0
87757,233.0,75.0,139.0,129.0
87758,256.0,141.0,140.0,153.0
87759,238.0,124.0,132.0,148.0
87760,256.0,179.0,152.0,145.0
87761,230.0,98.0,129.0,133.0
87762,250.0,141.0,131.0,136.0
87763,238.0,115.0,137.0,138.0
87764,253.0,211.0,157.0,134.0
87765,268.0,186.0,145.0,144.0
87766,243.0,85.0,127.0,150.0
87767,251.0,91.0,133.0,143.0
87768,268.0,230.0,139.0,147.0
87769,242.0,206.0,146.0,136.0
87770,238.0,126.0,144.0,136.0
87771,257.0,127.0,152.0,127.0
87772,241.0,105.0,130.0,123.0
87773,254.0,221.0,149.0,159.0
87774,243.0,121.0,138.0,140.0
87775,236.0,76.0,140.0,139.0
87776,239.0,113.0,146.0,127.0
87777,264.0,138.0,160.0,143.0
87778,275.0,100.0,155.0,133.0
87779,267.0,201.0,146.0,166.0
87780,236.0,210.0,144.0,132.0
87781,263.0,95.0,142.0,121.0
87782,238.0,87.0,131.0,131.0
87783,219.0,115.0,117.0,118.0
87784,280.0,237.0,136.0,142.0
87785,255.0,209.0,146.0,137.0
87786,265.0,101.0,142.0,143.0
87787,262.0,116.0,150.0,153.0
87788,226.0,188.0,116.0,129.0
87789,268.0,125.0,144.0,144.0
87790,270.0,143.0,154.0,144.0
87791,267.0,90.0,153.0,161.0
87792,254.0,87.0,150.0,134.0
87793,234.0,131.0,140.0,138.0
87794,263.0,109.0,141.0,146.0
87795,230.0,203.0,130.0,134.0
87796,249.0,211.0,143.0,147.0
87797,230.0,120.0,117.0,136.0
87798,249.0,104.0,147.0,152.0
87799,246.0,90.0,145.0,137.0
87800,257.0,219.0,154.0,136.0
87801,258.0,77.0,154.0,157.0
87802,250.0,81.0,141.0,138.0
87803,233.0,139.0,129.0,133.0
87804,242.0,117.0,135.0,127.0
87805,237.0,130.0,116.0,131.0
87806,247.0,103.0,134.0,124.0
87807,231.0,136.0,138.0,138.0
87808,276.0,169.0,157.0,152.0
87809,271.0,115.0,136.0,151.0
87810,266.0,117.0,152.0,153.0
87811,235.0,76.0,138.0,137.0
87812,252.0,129.0,136.0,141.0
87813,238.0,100.0,140.0,125.0
87814,264.0,233.0,154.0,162.0
87815,212.0,61.0,137.0,118.0
87816,262.0,108.0,135.0,153.0
87817,254.0,93.0,148.0,150.0
87818,284.0,131.0,168.0,162.0
87819,250.0,221.0,140.0,140.0
87820,252.0,159.0,136.0,145.0
87821,245.0,174.0,114.0,150.0
87822,275.0,118.0,150.0,168.0
87823,240.0,138.0,135.0,138.0
87824,271.0,238.0,151.0,152.0
87825,258.0,225.0,139.0,134.0
87826,255.0,209.0,140.0,162.0
87827,247.0,106.0,123.0,129.0
87828,238.0,88.0,138.0,140.0
87829,270.0,260.0,165.0,155.0
87830,261.0,109.0,131.0,133.0
87831,245.0,206.0,150.0,138.0
87832,232.0,110.0,143.0,137.0
87833,266.0,107.0,157.0,143.0
87834,254.0,132.0,145.0,141.0
87835,268.0,82.0,142.0,146.0
87836,259.0,83.0,143.0,147.0
87837,267.0,238.0,141.0,151.0
87838,266.0,121.0,137.0,152.0
87839,225.0,63.0,128.0,131.0
87840,259.0,129.0,139.0,143.0
87841,268.0,92.0,161.0,161.0
87842,256.0,234.0,160.0,154.0
87843,241.0,161.0,132.0,138.0
87844,246.0,103.0,149.0,165.0
87845,253.0,142.0,152.0,128.0
87846,279.0,111.0,157.0,154.0
87847,244.0,102.0,140.0,131.0
87848,241.0,118.0,136.0,132.0
87849,232.0,110.0,122.0,129.0
87850,253.0,219.0,157.0,138.0
87851,239.0,232.0,149.0,129.0
87852,266.0,120.0,136.0,164.0
87853,249.0,93.0,131.0,132.0
87854,257.0,108.0,143.0,139.0
87855,245.0,124.0,148.0,128.0
87856,280.0,111.0,142.0,141.0
87857,270.0,89.0,151.0,155.0
87858,260.0,179.0,145.0,144.0
87859,276.0,109.0,161.0,139.0
87860,249.0,138.0,138.0,150.0
87861,259.0,143.0,143.0,153.0
87862,238.0,107.0,128.0,137.0
87863,229.0,190.0,123.0,128.0
87864,242.0,203.0,145.0,139.0
87865,265.0,86.0,143.0,157.0
87866,251.0,63.0,135.0,135.0
87867,246.0,60.0,128.0,123.0
87868,263.0,141.0,157.0,137.0
87869,237.0,229.0,133.0,128.0
87870,263.0,232.0,147.0,158.0
87871,271.0,159.0,162.0,138.0
87872,249.0,130.0,136.0,136.0
87873,247.0,90.0,136.0,122.0
87874,251.0,123.0,150.0,153.0
87875,253.0,116.0,134.0,130.0
87876,237.0,201.0,139.0,129.0
87877,233.0,99.0,123.0,121.0
87878,254.0,116.0,145.0,139.0
87879,242.0,109.0,125.0,135.0
87880,249.0,62.0,143.0,133.0
87881,277.0,111.0,144.0,148.0
87882,252.0,129.0,136.0,146.0
87883,244.0,96.0,139.0,134.0
87884,258.0,82.0,136.0,147.0
87885,253.0,89.0,138.0,146.0
87886,209.0,112.0,111.0,110.0
87887,248.0,100.0,148.0,136.0
87888,247.0,210.0,136.0,136.0
87889,231.0,103.0,122.0,136.0
87890,245.0,231.0,140.0,146.0
87891,258.0,100.0,146.0,154.0
87892,252.0,245.0,146.0,145.0
87893,247.0,106.0,138.0,136.0
87894,273.0,111.0,151.0,148.0
87895,249.0,83.0,146.0,142.0
87896,254.0,116.0,148.0,144.0
87897,249.0,138.0,149.0,125.0
87898,248.0,91.0,131.0,141.0
87899,250.0,83.0,136.0,158.0
87900,257.0,70.0,132.0,127.0
87901,264.0,126.0,145.0,136.0
87902,273.0,232.0,158.0,158.0
87903,266.0,109.0,151.0,148.0
87904,253.0,217.0,133.0,131.0
87905,258.0,97.0,161.0,153.0
87906,266.0,89.0,146.0,156.0
87907,248.0,121.0,125.0,123.0
87908,251.0,97.0,153.0,136.0
87909,251.0,99.0,134.0,145.0
87910,243.0,105.0,124.0,138.0
87911,245.0,123.0,128.0,142.0
87912,246.0,88.0,122.0,125.0
87913,289.0,115.0,171.0,155.0
87914,254.0,229.0,134.0,149.0
87915,235.0,198.0,127.0,135.0
87916,244.0,92.0,133.0,127.0
87917,273.0,105.0,148.0,160.0
87918,238.0,75.0,130.0,138.0
87919,269.0,150.0,159.0,149.0
87920,220.0,96.0,132.0,121.0
87921,241.0,215.0,124.0,123.0
87922,264.0,238.0,151.0,130.0
87923,246.0,170.0,133.0,143.0
87924,245.0,143.0,131.0,130.0
87925,252.0,89.0,131.0,123.0
87926,258.0,96.0,142.0,144.0
87927,254.0,108.0,132.0,133.0
87928,254.0,172.0,148.0,142.0
87929,251.0,77.0,142.0,140.0
87930,246.0,87.0,137.0,142.0
87931,249.0,101.0,124.0,149.0
87932,239.0,97.0,135.0,131.0
87933,240.0,85.0,125.0,123.0
87934,259.0,66.0,143.0,146.0
87935,258.0,227.0,149.0,152.0
87936,226.0,75.0,123.0,124.0
87937,246.0,84.0,143.0,142.0
87938,236.0,206.0,130.0,123.0
87939,264.0,114.0,146.0,151.0
87940,266.0,222.0,141.0,156.0
87941,235.0,85.0,134.0,136.0
87942,235.0,97.0,129.0,132.0
87943,263.0,147.0,157.0,148.0
87944,232.0,126.0,121.0,138.0
87945,276.0,97.0,152.0,154.0
87946,265.0,109.0,151.0,155.0
87947,241.0,137.0,142.0,133.0
87948,250.0,119.0,153.0,127.0
87949,266.0,106.0,142.0,128.0
87950,251.0,144.0,156.0,124.0
87951,264.0,99.0,168.0,147.0
87952,248.0,117.0,132.0,130.0
87953,243.0,115.0,142.0,143.0
87954,245.0,216.0,140.0,138.0
87955,272.0,108.0,159.0,156.0
87956,231.0,81.0,116.0,131.0
87957,274.0,150.0,159.0,151.0
87958,265.0,96.0,159.0,142.0
87959,247.0,126.0,135.0,135.0
87960,247.0,96.0,124.0,147.0
87961,239.0,69.0,129.0,127.0
87962,251.0,128.0,151.0,135.0
87963,241.0,90.0,144.0,145.0
87964,239.0,101.0,144.0,143.0
87965,232.0,83.0,129.0,126.0
87966,223.0,140.0,116.0,122.0
87967,239.0,70.0,137.0,123.0
87968,256.0,218.0,124.0,144.0
87969,236.0,66.0,133.0,134.0
87970,251.0,52.0,137.0,136.0
87971,255.0,149.0,136.0,160.0
87972,270.0,127.0,149.0,144.0
87973,256.0,165.0,150.0,139.0
87974,241.0,215.0,122.0,135.0
87975,280.0,166.0,160.0,166.0
87976,235.0,234.0,139.0,133.0
87977,252.0,156.0,155.0,137.0
87978,243.0,89.0,141.0,149.0
87979,259.0,114.0,141.0,133.0
87980,263.0,78.0,148.0,134.0
87981,243.0,97.0,135.0,144.0
87982,285.0,95.0,154.0,164.0
87983,252.0,69.0,144.0,155.0
87984,251.0,205.0,149.0,129.0
87985,269.0,245.0,154.0,137.0
87986,257.0,226.0,146.0,154.0
87987,274.0,112.0,152.0,151.0
87988,266.0,47.0,136.0,146.0
87989,203.0,183.0,108.0,116.0
87990,253.0,130.0,133.0,148.0
87991,256.0,140.0,153.0,146.0
87992,251.0,76.0,131.0,133.0
87993,263.0,136.0,139.0,138.0
87994,234.0,132.0,130.0,119.0
87995,240.0,91.0,137.0,137.0
87996,249.0,89.0,139.0,134.0
87997,264.0,206.0,147.0,143.0
87998,232.0,131.0,126.0,126.0
87999,269.0,109.0,150.0,146.0
88000,235.0,98.0,133.0,147.0
88001,258.0,108.0,137.0,141.0
88002,247.0,116.0,143.0,140.0
88003,256.0,101.0,139.0,152.0
88004,231.0,131.0,128.0,130.0
88005,265.0,228.0,138.0,143.0
88006,266.0,121.0,145.0,145.0
88007,246.0,220.0,139.0,139.0
88008,240.0,84.0,129.0,122.0
88009,264.0,158.0,131.0,134.0
88010,231.0,113.0,121.0,142.0
88011,237.0,139.0,124.0,129.0
88012,250.0,102.0,149.0,154.0
88013,272.0,171.0,140.0,152.0
88014,259.0,132.0,155.0,139.0
88015,257.0,123.0,117.0,150.0
88016,247.0,113.0,141.0,140.0
88017,267.0,247.0,144.0,151.0
88018,262.0,160.0,139.0,156.0
88019,235.0,202.0,127.0,138.0
88020,242.0,102.0,133.0,134.0
88021,248.0,83.0,135.0,127.0
88022,267.0,74.0,143.0,148.0
88023,230.0,101.0,133.0,120.0
88024,251.0,99.0,143.0,135.0
88025,263.0,251.0,145.0,155.0
88026,260.0,129.0,150.0,143.0
88027,259.0,213.0,151.0,147.0
88028,281.0,111.0,170.0,158.0
88029,261.0,98.0,131.0,152.0
88030,253.0,79.0,169.0,134.0
88031,243.0,79.0,139.0,134.0
88032,223.0,191.0,127.0,128.0
88033,248.0,90.0,131.0,142.0
88034,252.0,107.0,154.0,144.0
88035,266.0,215.0,167.0,163.0
88036,248.0,205.0,138.0,147.0
88037,245.0,82.0,138.0,129.0
88038,263.0,116.0,138.0,144.0
88039,267.0,130.0,153.0,147.0
88040,238.0,136.0,133.0,139.0
88041,267.0,156.0,134.0,151.0
88042,230.0,136.0,137.0,136.0
88043,254.0,216.0,150.0,133.0
88044,230.0,94.0,127.0,135.0
88045,256.0,145.0,150.0,139.0
88046,249.0,88.0,129.0,131.0
88047,235.0,48.0,139.0,119.0
88048,225.0,133.0,129.0,132.0
88049,280.0,151.0,156.0,158.0
88050,256.0,126.0,147.0,148.0
88051,256.0,221.0,147.0,148.0
88052,248.0,148.0,137.0,124.0
88053,262.0,131.0,129.0,145.0
88054,237.0,121.0,133.0,135.0
88055,247.0,76.0,144.0,132.0
88056,262.0,120.0,147.0,155.0
88057,261.0,184.0,148.0,145.0
88058,264.0,87.0,147.0,143.0
88059,271.0,125.0,153.0,155.0
88060,246.0,213.0,134.0,144.0
88061,243.0,99.0,152.0,133.0
88062,260.0,64.0,142.0,158.0
88063,258.0,103.0,157.0,143.0
88064,264.0,99.0,150.0,144.0
88065,248.0,126.0,134.0,137.0
88066,232.0,105.0,118.0,112.0
88067,272.0,132.0,185.0,137.0
88068,237.0,127.0,138.0,132.0
88069,251.0,109.0,141.0,129.0
88070,250.0,77.0,138.0,146.0
88071,255.0,110.0,153.0,150.0
88072,248.0,102.0,145.0,145.0
88073,245.0,115.0,142.0,147.0
88074,256.0,136.0,132.0,140.0
88075,257.0,134.0,143.0,140.0
88076,235.0,109.0,133.0,132.0
88077,259.0,90.0,145.0,145.0
88078,252.0,131.0,134.0,142.0
88079,235.0,132.0,133.0,133.0
88080,267.0,105.0,155.0,136.0
88081,232.0,119.0,133.0,137.0
88082,239.0,86.0,134.0,139.0
88083,240.0,91.0,143.0,128.0
88084,273.0,254.0,135.0,157.0
88085,251.0,208.0,141.0,141.0
88086,257.0,173.0,145.0,142.0
88087,248.0,86.0,145.0,142.0
88088,253.0,120.0,144.0,133.0
88089,237.0,77.0,138.0,132.0
88090,262.0,232.0,137.0,144.0
88091,262.0,224.0,157.0,147.0
88092,232.0,55.0,118.0,129.0
88093,258.0,146.0,147.0,152.0
88094,242.0,232.0,135.0,145.0
88095,252.0,131.0,145.0,138.0
88096,266.0,116.0,131.0,152.0
88097,251.0,226.0,137.0,152.0
88098,255.0,115.0,154.0,150.0
88099,257.0,213.0,150.0,132.0
88100,249.0,120.0,143.0,144.0
88101,245.0,128.0,141.0,140.0
88102,260.0,130.0,149.0,148.0
88103,246.0,55.0,159.0,145.0
88104,232.0,89.0,117.0,143.0
88105,252.0,97.0,126.0,139.0
88106,226.0,84.0,121.0,118.0
88107,284.0,242.0,159.0,164.0
88108,268.0,104.0,150.0,139.0
88109,268.0,249.0,148.0,157.0
88110,261.0,105.0,155.0,161.0
88111,250.0,90.0,141.0,136.0
88112,253.0,108.0,135.0,149.0
88113,257.0,80.0,140.0,154.0
88114,233.0,95.0,130.0,141.0
88115,256.0,118.0,155.0,153.0
88116,249.0,80.0,149.0,134.0
88117,255.0,218.0,163.0,135.0
88118,259.0,218.0,149.0,148.0
88119,258.0,237.0,141.0,154.0
88120,250.0,105.0,131.0,145.0
88121,246.0,134.0,142.0,139.0
88122,226.0,133.0,114.0,125.0
88123,227.0,98.0,121.0,124.0
88124,228.0,154.0,129.0,125.0
88125,244.0,104.0,136.0,139.0
88126,261.0,134.0,148.0,159.0
88127,244.0,68.0,130.0,143.0
88128,263.0,124.0,144.0,151.0
88129,270.0,228.0,162.0,152.0
88130,267.0,237.0,155.0,143.0
88131,241.0,137.0,151.0,138.0
88132,223.0,111.0,121.0,130.0
88133,252.0,125.0,138.0,142.0
88134,224.0,67.0,128.0,120.0
88135,254.0,118.0,151.0,137.0
88136,242.0,114.0,143.0,133.0
88137,256.0,105.0,135.0,135.0
88138,225.0,202.0,125.0,123.0
88139,275.0,158.0,143.0,148.0
88140,234.0,84.0,141.0,134.0
88141,264.0,53.0,157.0,140.0
88142,232.0,99.0,126.0,136.0
88143,234.0,83.0,128.0,128.0
88144,277.0,130.0,157.0,147.0
88145,258.0,109.0,137.0,141.0
88146,248.0,219.0,134.0,148.0
88147,246.0,91.0,134.0,140.0
88148,259.0,103.0,155.0,144.0
88149,244.0,120.0,121.0,128.0
88150,280.0,236.0,164.0,168.0
88151,266.0,150.0,154.0,156.0
88152,257.0,147.0,149.0,148.0
88153,265.0,134.0,153.0,154.0
88154,223.0,197.0,114.0,141.0
88155,260.0,134.0,140.0,145.0
88156,229.0,135.0,133.0,116.0
88157,231.0,192.0,130.0,132.0
88158,253.0,109.0,148.0,142.0
88159,244.0,225.0,135.0,140.0
88160,237.0,131.0,141.0,138.0
88161,261.0,83.0,156.0,136.0
88162,256.0,100.0,136.0,167.0
88163,243.0,122.0,134.0,140.0
88164,254.0,91.0,144.0,137.0
88165,272.0,135.0,142.0,153.0
88166,265.0,127.0,159.0,156.0
88167,230.0,202.0,127.0,131.0
88168,280.0,139.0,157.0,164.0
88169,266.0,216.0,143.0,158.0
88170,266.0,87.0,155.0,161.0
88171,269.0,162.0,142.0,156.0
88172,234.0,112.0,139.0,144.0
88173,215.0,104.0,130.0,113.0
88174,256.0,103.0,154.0,156.0
88175,229.0,223.0,132.0,137.0
88176,254.0,134.0,135.0,144.0
88177,216.0,124.0,110.0,126.0
88178,252.0,131.0,148.0,145.0
88179,247.0,77.0,144.0,125.0
88180,223.0,115.0,136.0,130.0
88181,256.0,221.0,136.0,140.0
88182,254.0,96.0,163.0,143.0
88183,211.0,76.0,117.0,124.0
88184,216.0,132.0,118.0,111.0
88185,258.0,52.0,150.0,162.0
88186,241.0,108.0,132.0,121.0
88187,261.0,99.0,151.0,147.0
88188,257.0,157.0,147.0,148.0
88189,264.0,118.0,142.0,144.0
88190,242.0,211.0,137.0,132.0
88191,244.0,91.0,153.0,130.0
88192,255.0,69.0,139.0,137.0
88193,265.0,155.0,135.0,148.0
88194,247.0,127.0,148.0,133.0
88195,250.0,137.0,142.0,138.0
88196,262.0,227.0,129.0,134.0
88197,242.0,116.0,134.0,127.0
88198,267.0,224.0,134.0,156.0
88199,261.0,111.0,152.0,146.0
88200,256.0,158.0,146.0,142.0
88201,254.0,125.0,127.0,127.0
88202,235.0,91.0,131.0,139.0
88203,220.0,89.0,112.0,146.0
88204,241.0,212.0,131.0,143.0
88205,249.0,134.0,145.0,129.0
88206,258.0,134.0,145.0,152.0
88207,265.0,113.0,154.0,147.0
88208,238.0,205.0,127.0,134.0
88209,238.0,109.0,134.0,127.0
88210,272.0,230.0,142.0,145.0
88211,266.0,221.0,140.0,154.0
88212,233.0,64.0,120.0,139.0
88213,267.0,183.0,164.0,156.0
88214,255.0,133.0,142.0,147.0
88215,248.0,105.0,144.0,148.0
88216,233.0,77.0,131.0,124.0
88217,227.0,206.0,120.0,140.0
88218,231.0,184.0,132.0,130.0
88219,253.0,150.0,146.0,133.0
88220,252.0,95.0,126.0,141.0
88221,242.0,83.0,126.0,126.0
88222,237.0,44.0,141.0,132.0
88223,275.0,131.0,149.0,160.0
88224,241.0,64.0,142.0,133.0
88225,251.0,124.0,142.0,142.0
88226,246.0,138.0,147.0,131.0
88227,281.0,244.0,154.0,158.0
88228,260.0,125.0,146.0,133.0
88229,254.0,149.0,142.0,129.0
88230,239.0,79.0,131.0,124.0
88231,259.0,83.0,147.0,139.0
88232,242.0,111.0,145.0,140.0
88233,242.0,167.0,138.0,125.0
88234,268.0,120.0,158.0,148.0
88235,241.0,217.0,145.0,133.0
88236,290.0,203.0,151.0,148.0
88237,260.0,102.0,159.0,161.0
88238,244.0,83.0,120.0,143.0
88239,246.0,212.0,143.0,133.0
88240,235.0,140.0,124.0,138.0
88241,289.0,119.0,160.0,145.0
88242,268.0,150.0,143.0,143.0
88243,273.0,231.0,145.0,155.0
88244,250.0,93.0,138.0,138.0
88245,209.0,171.0,114.0,106.0
88246,246.0,212.0,140.0,132.0
88247,247.0,94.0,123.0,136.0
88248,231.0,91.0,125.0,128.0
88249,246.0,126.0,132.0,150.0
88250,258.0,71.0,134.0,149.0
88251,261.0,91.0,145.0,151.0
88252,258.0,115.0,134.0,144.0
88253,245.0,110.0,126.0,137.0
88254,251.0,114.0,153.0,139.0
88255,263.0,209.0,164.0,150.0
88256,250.0,143.0,138.0,137.0
88257,259.0,86.0,152.0,156.0
88258,242.0,125.0,136.0,135.0
88259,266.0,124.0,136.0,148.0
88260,242.0,149.0,136.0,135.0
88261,248.0,136.0,161.0,125.0
88262,251.0,96.0,131.0,142.0
88263,246.0,97.0,153.0,125.0
88264,248.0,120.0,148.0,142.0
88265,232.0,193.0,136.0,144.0
88266,224.0,193.0,117.0,130.0
88267,277.0,213.0,162.0,165.0
88268,248.0,72.0,133.0,124.0
88269,276.0,142.0,173.0,158.0
88270,246.0,155.0,145.0,149.0
88271,253.0,89.0,151.0,145.0
88272,244.0,122.0,140.0,139.0
88273,246.0,79.0,146.0,117.0
88274,243.0,137.0,136.0,139.0
88275,256.0,108.0,144.0,130.0
88276,240.0,122.0,130.0,148.0
88277,244.0,94.0,142.0,134.0
88278,243.0,93.0,140.0,151.0
88279,241.0,116.0,147.0,131.0
88280,235.0,127.0,145.0,147.0
88281,272.0,109.0,156.0,154.0
88282,261.0,155.0,134.0,139.0
88283,239.0,154.0,121.0,138.0
88284,238.0,217.0,129.0,137.0
88285,266.0,122.0,149.0,152.0
88286,258.0,150.0,134.0,157.0
88287,249.0,94.0,139.0,145.0
88288,236.0,140.0,127.0,127.0
88289,243.0,130.0,138.0,144.0
88290,251.0,121.0,140.0,146.0
88291,270.0,227.0,140.0,146.0
88292,261.0,117.0,153.0,144.0
88293,232.0,105.0,134.0,124.0
88294,231.0,197.0,131.0,140.0
88295,259.0,230.0,138.0,138.0
88296,251.0,119.0,135.0,145.0
88297,234.0,120.0,112.0,140.0
88298,257.0,119.0,155.0,127.0
88299,222.0,81.0,136.0,136.0
88300,267.0,142.0,158.0,167.0
88301,249.0,94.0,131.0,144.0
88302,251.0,110.0,128.0,121.0
88303,236.0,140.0,120.0,128.0
88304,251.0,124.0,142.0,133.0
88305,252.0,93.0,133.0,135.0
88306,257.0,130.0,146.0,157.0
88307,248.0,67.0,138.0,132.0
88308,238.0,115.0,140.0,124.0
88309,229.0,73.0,124.0,121.0
88310,253.0,107.0,140.0,140.0
88311,248.0,71.0,145.0,134.0
88312,242.0,162.0,147.0,145.0
88313,225.0,90.0,115.0,127.0
88314,264.0,126.0,145.0,146.0
88315,258.0,113.0,142.0,144.0
88316,248.0,209.0,142.0,124.0
88317,241.0,91.0,121.0,136.0
88318,267.0,101.0,163.0,156.0
88319,229.0,100.0,125.0,141.0
88320,259.0,110.0,144.0,138.0
88321,262.0,97.0,140.0,143.0
88322,228.0,105.0,116.0,124.0
88323,225.0,100.0,125.0,113.0
88324,216.0,88.0,116.0,115.0
88325,238.0,104.0,139.0,131.0
88326,263.0,131.0,143.0,135.0
88327,273.0,125.0,146.0,144.0
88328,258.0,151.0,157.0,145.0
88329,234.0,84.0,135.0,135.0
88330,240.0,151.0,141.0,135.0
88331,251.0,86.0,139.0,125.0
88332,237.0,219.0,130.0,132.0
88333,252.0,233.0,141.0,141.0
88334,271.0,233.0,156.0,160.0
88335,237.0,174.0,135.0,120.0
88336,255.0,209.0,146.0,144.0
88337,232.0,91.0,158.0,141.0
88338,257.0,73.0,143.0,146.0
88339,235.0,120.0,142.0,137.0
88340,267.0,126.0,162.0,139.0
88341,255.0,111.0,138.0,158.0
88342,245.0,116.0,133.0,141.0
88343,254.0,82.0,136.0,135.0
88344,254.0,126.0,147.0,155.0
88345,236.0,74.0,154.0,133.0
88346,244.0,112.0,141.0,142.0
88347,231.0,112.0,121.0,125.0
88348,252.0,216.0,138.0,154.0
88349,234.0,94.0,121.0,124.0
88350,252.0,226.0,157.0,155.0
88351,260.0,147.0,155.0,140.0
88352,233.0,79.0,144.0,124.0
88353,242.0,146.0,121.0,146.0
88354,263.0,132.0,132.0,150.0
88355,268.0,109.0,142.0,154.0
88356,251.0,121.0,143.0,135.0
88357,242.0,87.0,135.0,140.0
88358,253.0,144.0,135.0,145.0
88359,260.0,138.0,139.0,141.0
88360,227.0,77.0,110.0,121.0
88361,260.0,122.0,136.0,143.0
88362,240.0,143.0,152.0,137.0
88363,267.0,142.0,144.0,145.0
88364,262.0,211.0,157.0,147.0
88365,270.0,154.0,163.0,148.0
88366,229.0,61.0,125.0,135.0
88367,254.0,129.0,162.0,145.0
88368,249.0,188.0,132.0,135.0
88369,255.0,225.0,146.0,141.0
88370,253.0,140.0,139.0,131.0
88371,249.0,143.0,139.0,155.0
88372,242.0,107.0,142.0,124.0
88373,249.0,98.0,128.0,128.0
88374,245.0,96.0,136.0,142.0
88375,261.0,261.0,153.0,155.0
88376,232.0,51.0,137.0,131.0
88377,234.0,99.0,138.0,123.0
88378,262.0,224.0,145.0,140.0
88379,267.0,106.0,150.0,144.0
88380,237.0,120.0,139.0,137.0
88381,274.0,179.0,158.0,157.0
88382,242.0,73.0,139.0,113.0
88383,239.0,206.0,134.0,121.0
88384,269.0,114.0,139.0,155.0
88385,251.0,63.0,145.0,142.0
88386,267.0,225.0,141.0,148.0
88387,243.0,68.0,138.0,143.0
88388,250.0,109.0,140.0,154.0
88389,244.0,210.0,131.0,133.0
88390,242.0,145.0,149.0,149.0
88391,218.0,88.0,125.0,132.0
88392,270.0,126.0,146.0,150.0
88393,226.0,194.0,110.0,122.0
88394,252.0,117.0,169.0,127.0
88395,241.0,95.0,142.0,135.0
88396,227.0,135.0,132.0,130.0
88397,294.0,126.0,155.0,160.0
88398,245.0,145.0,148.0,127.0
88399,230.0,115.0,123.0,138.0
88400,256.0,122.0,146.0,135.0
88401,254.0,150.0,153.0,147.0
88402,255.0,91.0,139.0,138.0
88403,260.0,50.0,142.0,147.0
88404,245.0,126.0,129.0,140.0
88405,255.0,118.0,138.0,136.0
88406,258.0,90.0,152.0,151.0
88407,255.0,86.0,141.0,144.0
88408,241.0,84.0,142.0,115.0
88409,233.0,191.0,116.0,126.0
88410,265.0,94.0,151.0,152.0
88411,243.0,243.0,155.0,144.0
88412,261.0,133.0,156.0,154.0
88413,263.0,116.0,128.0,136.0
88414,287.0,202.0,170.0,169.0
88415,236.0,207.0,136.0,135.0
88416,259.0,111.0,149.0,148.0
88417,246.0,109.0,136.0,140.0
88418,250.0,109.0,138.0,140.0
88419,234.0,110.0,123.0,136.0
88420,245.0,83.0,133.0,145.0
88421,238.0,126.0,120.0,131.0
88422,247.0,218.0,127.0,125.0
88423,254.0,111.0,145.0,140.0
88424,249.0,197.0,148.0,148.0
88425,257.0,147.0,145.0,144.0
88426,249.0,128.0,140.0,143.0
88427,260.0,147.0,149.0,141.0
88428,244.0,88.0,135.0,133.0
88429,226.0,225.0,140.0,120.0
88430,264.0,138.0,141.0,144.0
88431,247.0,149.0,126.0,152.0
88432,219.0,184.0,130.0,131.0
88433,275.0,107.0,173.0,165.0
88434,271.0,232.0,152.0,149.0
88435,231.0,211.0,117.0,124.0
88436,245.0,120.0,147.0,145.0
88437,251.0,251.0,144.0,142.0
88438,229.0,121.0,131.0,130.0
88439,237.0,204.0,125.0,117.0
88440,231.0,84.0,122.0,127.0
88441,235.0,95.0,137.0,136.0
88442,260.0,121.0,149.0,139.0
88443,264.0,115.0,159.0,146.0
88444,213.0,190.0,114.0,119.0
88445,233.0,114.0,131.0,127.0
88446,257.0,97.0,139.0,152.0
88447,267.0,115.0,138.0,144.0
88448,250.0,150.0,141.0,146.0
88449,240.0,202.0,125.0,128.0
88450,267.0,222.0,134.0,151.0
88451,276.0,127.0,147.0,165.0
88452,230.0,101.0,138.0,129.0
88453,248.0,142.0,136.0,136.0
88454,251.0,202.0,141.0,148.0
88455,236.0,98.0,140.0,137.0
88456,256.0,112.0,134.0,134.0
88457,236.0,118.0,135.0,145.0
88458,252.0,116.0,140.0,137.0
88459,253.0,78.0,147.0,153.0
88460,251.0,162.0,147.0,148.0
88461,240.0,100.0,146.0,129.0
88462,251.0,74.0,137.0,138.0
88463,262.0,112.0,143.0,145.0
88464,242.0,211.0,110.0,131.0
88465,241.0,123.0,142.0,137.0
88466,278.0,139.0,147.0,154.0
88467,259.0,96.0,152.0,152.0
88468,253.0,107.0,144.0,143.0
88469,245.0,104.0,120.0,142.0
88470,232.0,86.0,132.0,129.0
88471,273.0,227.0,154.0,144.0
88472,253.0,211.0,142.0,144.0
88473,228.0,91.0,130.0,122.0
88474,232.0,105.0,130.0,138.0
88475,253.0,91.0,140.0,142.0
88476,257.0,164.0,139.0,148.0
88477,246.0,127.0,149.0,131.0
88478,259.0,159.0,149.0,144.0
88479,241.0,208.0,130.0,129.0
88480,231.0,197.0,128.0,124.0
88481,253.0,244.0,156.0,134.0
88482,226.0,193.0,117.0,121.0
88483,244.0,86.0,138.0,149.0
88484,237.0,57.0,131.0,133.0
88485,252.0,92.0,136.0,145.0
88486,246.0,80.0,130.0,140.0
88487,253.0,223.0,143.0,149.0
88488,254.0,130.0,160.0,149.0
88489,247.0,107.0,126.0,147.0
88490,256.0,122.0,159.0,145.0
88491,242.0,122.0,151.0,142.0
88492,267.0,137.0,150.0,153.0
88493,276.0,96.0,157.0,153.0
88494,255.0,107.0,140.0,134.0
88495,249.0,140.0,149.0,139.0
88496,233.0,81.0,135.0,126.0
88497,250.0,117.0,147.0,135.0
88498,257.0,171.0,156.0,158.0
88499,231.0,125.0,137.0,111.0
88500,248.0,116.0,134.0,156.0
88501,268.0,164.0,152.0,155.0
88502,238.0,140.0,129.0,134.0
88503,245.0,109.0,135.0,123.0
88504,255.0,79.0,144.0,147.0
88505,272.0,94.0,153.0,159.0
88506,258.0,58.0,154.0,143.0
88507,251.0,106.0,138.0,146.0
88508,256.0,78.0,135.0,141.0
88509,246.0,116.0,144.0,136.0
88510,263.0,229.0,155.0,147.0
88511,252.0,150.0,143.0,136.0
88512,265.0,122.0,155.0,161.0
88513,266.0,105.0,127.0,148.0
88514,256.0,120.0,131.0,148.0
88515,256.0,107.0,150.0,151.0
88516,235.0,123.0,125.0,130.0
88517,260.0,76.0,145.0,160.0
88518,263.0,231.0,133.0,157.0
88519,241.0,135.0,124.0,138.0
88520,258.0,118.0,148.0,133.0
88521,229.0,210.0,120.0,136.0
88522,247.0,211.0,144.0,145.0
88523,245.0,97.0,144.0,135.0
88524,254.0,67.0,152.0,130.0
88525,261.0,138.0,142.0,137.0
88526,239.0,64.0,148.0,140.0
88527,254.0,141.0,126.0,161.0
88528,246.0,186.0,146.0,147.0
88529,245.0,107.0,128.0,139.0
88530,242.0,134.0,140.0,133.0
88531,263.0,110.0,149.0,132.0
88532,263.0,155.0,146.0,143.0
88533,239.0,88.0,124.0,122.0
88534,262.0,90.0,150.0,155.0
88535,257.0,106.0,147.0,148.0
88536,257.0,151.0,153.0,141.0
88537,265.0,248.0,145.0,170.0
88538,244.0,79.0,136.0,131.0
88539,271.0,129.0,155.0,159.0
88540,238.0,102.0,146.0,142.0
88541,249.0,88.0,148.0,134.0
88542,252.0,218.0,131.0,139.0
88543,247.0,149.0,146.0,147.0
88544,249.0,153.0,156.0,152.0
88545,257.0,113.0,149.0,151.0
88546,258.0,123.0,139.0,157.0
88547,244.0,136.0,136.0,140.0
88548,247.0,57.0,146.0,144.0
88549,257.0,228.0,149.0,148.0
88550,253.0,76.0,135.0,149.0
88551,244.0,103.0,139.0,132.0
88552,266.0,80.0,159.0,150.0
88553,224.0,89.0,130.0,144.0
88554,260.0,183.0,143.0,141.0
88555,277.0,82.0,154.0,158.0
88556,241.0,68.0,146.0,141.0
88557,235.0,204.0,141.0,136.0
88558,244.0,146.0,135.0,143.0
88559,233.0,126.0,143.0,131.0
88560,243.0,97.0,139.0,142.0
88561,252.0,214.0,151.0,135.0
88562,244.0,141.0,134.0,120.0
88563,233.0,72.0,132.0,139.0
88564,234.0,100.0,123.0,142.0
88565,244.0,221.0,128.0,139.0
88566,258.0,161.0,150.0,157.0
88567,254.0,245.0,133.0,157.0
88568,240.0,105.0,137.0,132.0
88569,227.0,89.0,126.0,137.0
88570,262.0,83.0,143.0,142.0
88571,235.0,88.0,134.0,136.0
88572,257.0,148.0,138.0,138.0
88573,259.0,69.0,144.0,140.0
88574,241.0,167.0,138.0,131.0
88575,256.0,92.0,135.0,138.0
88576,250.0,112.0,144.0,144.0
88577,260.0,71.0,138.0,152.0
88578,252.0,222.0,146.0,155.0
88579,255.0,115.0,122.0,157.0
88580,243.0,108.0,135.0,119.0
88581,254.0,221.0,143.0,150.0
88582,253.0,63.0,145.0,155.0
88583,262.0,97.0,135.0,149.0
88584,239.0,94.0,132.0,137.0
88585,250.0,112.0,141.0,138.0
88586,241.0,108.0,144.0,146.0
88587,262.0,234.0,145.0,150.0
88588,234.0,170.0,136.0,137.0
88589,262.0,101.0,143.0,162.0
88590,250.0,143.0,130.0,140.0
88591,254.0,141.0,147.0,157.0
88592,239.0,117.0,131.0,133.0
88593,227.0,89.0,134.0,115.0
88594,244.0,102.0,128.0,131.0
88595,262.0,153.0,151.0,138.0
88596,257.0,146.0,142.0,152.0
88597,269.0,84.0,166.0,139.0
88598,286.0,250.0,146.0,148.0
88599,254.0,93.0,140.0,145.0
88600,212.0,121.0,109.0,127.0
88601,252.0,146.0,144.0,138.0
88602,268.0,111.0,145.0,151.0
88603,239.0,178.0,140.0,141.0
88604,281.0,125.0,156.0,144.0
88605,283.0,157.0,165.0,159.0
88606,246.0,159.0,138.0,128.0
88607,239.0,86.0,138.0,134.0
88608,249.0,107.0,133.0,148.0
88609,241.0,218.0,155.0,133.0
88610,268.0,82.0,157.0,152.0
88611,237.0,165.0,135.0,130.0
88612,235.0,99.0,135.0,123.0
88613,240.0,124.0,134.0,134.0
88614,254.0,123.0,157.0,129.0
88615,274.0,114.0,165.0,158.0
88616,242.0,110.0,135.0,132.0
88617,246.0,149.0,141.0,132.0
88618,250.0,93.0,143.0,132.0
88619,266.0,256.0,147.0,136.0
88620,258.0,175.0,137.0,155.0
88621,251.0,114.0,136.0,143.0
88622,267.0,147.0,149.0,127.0
88623,246.0,95.0,137.0,136.0
88624,254.0,130.0,140.0,130.0
88625,248.0,216.0,141.0,138.0
88626,252.0,78.0,142.0,137.0
88627,236.0,143.0,123.0,133.0
88628,223.0,188.0,127.0,127.0
88629,255.0,120.0,153.0,146.0
88630,247.0,122.0,131.0,134.0
88631,237.0,78.0,133.0,136.0
88632,247.0,215.0,146.0,145.0
88633,234.0,108.0,122.0,133.0
88634,281.0,158.0,173.0,143.0
88635,249.0,109.0,131.0,146.0
88636,262.0,153.0,158.0,142.0
88637,229.0,135.0,132.0,131.0
88638,255.0,103.0,133.0,141.0
88639,244.0,74.0,133.0,131.0
88640,229.0,221.0,139.0,136.0
88641,254.0,83.0,146.0,143.0
88642,248.0,122.0,139.0,133.0
88643,248.0,112.0,140.0,134.0
88644,265.0,234.0,155.0,150.0
88645,256.0,217.0,132.0,155.0
88646,249.0,199.0,140.0,155.0
88647,247.0,122.0,128.0,121.0
88648,271.0,235.0,152.0,159.0
88649,253.0,114.0,133.0,138.0
88650,241.0,83.0,147.0,137.0
88651,233.0,206.0,135.0,123.0
88652,248.0,85.0,148.0,141.0
88653,240.0,191.0,142.0,148.0
88654,246.0,111.0,135.0,134.0
88655,249.0,100.0,135.0,146.0
88656,261.0,105.0,145.0,142.0
88657,278.0,254.0,164.0,157.0
88658,235.0,89.0,135.0,133.0
88659,246.0,116.0,134.0,144.0
88660,263.0,230.0,164.0,156.0
88661,251.0,58.0,134.0,132.0
88662,254.0,58.0,135.0,159.0
88663,269.0,128.0,148.0,158.0
88664,244.0,105.0,146.0,131.0
88665,246.0,129.0,132.0,145.0
88666,227.0,96.0,133.0,124.0
88667,247.0,80.0,151.0,148.0
88668,260.0,82.0,145.0,136.0
88669,236.0,132.0,135.0,110.0
88670,271.0,111.0,156.0,154.0
88671,266.0,160.0,141.0,170.0
88672,275.0,92.0,152.0,136.0
88673,256.0,226.0,154.0,135.0
88674,269.0,226.0,153.0,161.0
88675,235.0,129.0,133.0,121.0
88676,246.0,206.0,140.0,136.0
88677,263.0,148.0,142.0,145.0
88678,238.0,75.0,149.0,132.0
88679,247.0,111.0,133.0,140.0
88680,236.0,92.0,131.0,129.0
88681,265.0,95.0,159.0,149.0
88682,237.0,229.0,138.0,130.0
88683,241.0,146.0,145.0,145.0
88684,231.0,202.0,118.0,139.0
88685,266.0,233.0,139.0,152.0
88686,240.0,153.0,148.0,142.0
88687,252.0,176.0,127.0,130.0
88688,233.0,72.0,137.0,125.0
88689,246.0,102.0,145.0,134.0
88690,263.0,142.0,147.0,145.0
88691,227.0,80.0,129.0,116.0
88692,277.0,83.0,152.0,157.0
88693,260.0,159.0,154.0,134.0
88694,261.0,60.0,144.0,149.0
88695,256.0,96.0,135.0,141.0
88696,253.0,74.0,142.0,134.0
88697,237.0,209.0,129.0,141.0
88698,248.0,131.0,149.0,129.0
88699,244.0,129.0,135.0,131.0
88700,268.0,85.0,159.0,137.0
88701,235.0,75.0,125.0,135.0
88702,251.0,123.0,132.0,142.0
88703,228.0,93.0,135.0,135.0
88704,253.0,131.0,146.0,140.0
88705,248.0,133.0,142.0,137.0
88706,236.0,121.0,131.0,145.0
88707,258.0,106.0,152.0,143.0
88708,261.0,108.0,147.0,137.0
88709,255.0,89.0,139.0,128.0
88710,267.0,109.0,151.0,157.0
88711,257.0,152.0,149.0,141.0
88712,241.0,148.0,133.0,138.0
88713,250.0,111.0,132.0,142.0
88714,273.0,100.0,150.0,171.0
88715,251.0,77.0,139.0,143.0
88716,235.0,213.0,122.0,133.0
88717,225.0,116.0,127.0,135.0
88718,240.0,88.0,135.0,121.0
88719,267.0,217.0,160.0,137.0
88720,244.0,207.0,145.0,130.0
88721,230.0,67.0,129.0,117.0
88722,238.0,89.0,137.0,137.0
88723,244.0,101.0,130.0,143.0
88724,255.0,102.0,160.0,134.0
88725,245.0,206.0,149.0,133.0
88726,252.0,122.0,140.0,146.0
88727,259.0,124.0,129.0,153.0
88728,237.0,225.0,133.0,123.0
88729,240.0,124.0,133.0,132.0
88730,243.0,158.0,139.0,136.0
88731,276.0,252.0,154.0,157.0
88732,266.0,98.0,158.0,151.0
88733,256.0,210.0,149.0,155.0
88734,265.0,76.0,144.0,139.0
88735,239.0,201.0,144.0,135.0
88736,248.0,117.0,138.0,141.0
88737,260.0,73.0,139.0,145.0
88738,240.0,115.0,135.0,134.0
88739,246.0,121.0,135.0,139.0
88740,256.0,125.0,154.0,136.0
88741,246.0,144.0,154.0,133.0
88742,258.0,127.0,150.0,138.0
88743,265.0,78.0,163.0,137.0
88744,242.0,117.0,126.0,144.0
88745,229.0,140.0,120.0,128.0
88746,245.0,65.0,143.0,140.0
88747,239.0,120.0,136.0,149.0
88748,240.0,103.0,127.0,129.0
88749,262.0,81.0,132.0,145.0
88750,283.0,93.0,169.0,154.0
88751,222.0,101.0,129.0,120.0
88752,236.0,202.0,133.0,147.0
88753,234.0,211.0,130.0,134.0
88754,250.0,70.0,132.0,147.0
88755,231.0,103.0,139.0,114.0
88756,269.0,134.0,151.0,151.0
88757,248.0,99.0,131.0,136.0
88758,251.0,139.0,125.0,135.0
88759,260.0,231.0,157.0,166.0
88760,280.0,173.0,159.0,160.0
88761,248.0,109.0,143.0,133.0
88762,257.0,140.0,125.0,149.0
88763,226.0,106.0,127.0,119.0
88764,251.0,223.0,148.0,143.0
88765,266.0,98.0,149.0,156.0
88766,263.0,175.0,141.0,140.0
88767,255.0,121.0,158.0,135.0
88768,232.0,37.0,130.0,118.0
88769,258.0,109.0,150.0,148.0
88770,222.0,99.0,120.0,110.0
88771,260.0,83.0,141.0,159.0
88772,264.0,120.0,140.0,149.0
88773,247.0,214.0,148.0,138.0
88774,265.0,78.0,158.0,145.0
88775,245.0,122.0,142.0,130.0
88776,243.0,97.0,135.0,146.0
88777,253.0,100.0,150.0,134.0
88778,258.0,91.0,153.0,140.0
88779,275.0,267.0,172.0,164.0
88780,253.0,245.0,147.0,143.0
88781,238.0,93.0,139.0,136.0
88782,234.0,127.0,124.0,147.0
88783,286.0,245.0,148.0,183.0
88784,246.0,205.0,137.0,129.0
88785,245.0,134.0,131.0,137.0
88786,240.0,81.0,132.0,122.0
88787,251.0,123.0,140.0,156.0
88788,255.0,224.0,143.0,148.0
88789,259.0,136.0,132.0,137.0
88790,281.0,142.0,160.0,154.0
88791,260.0,103.0,149.0,137.0
88792,252.0,96.0,134.0,146.0
88793,263.0,237.0,160.0,134.0
88794,249.0,100.0,142.0,148.0
88795,242.0,94.0,134.0,145.0
88796,269.0,122.0,166.0,142.0
88797,252.0,62.0,142.0,145.0
88798,234.0,100.0,134.0,130.0
88799,263.0,112.0,144.0,150.0
88800,234.0,74.0,133.0,133.0
88801,255.0,217.0,148.0,138.0
88802,255.0,118.0,154.0,145.0
88803,233.0,84.0,123.0,142.0
88804,217.0,84.0,110.0,118.0
88805,252.0,94.0,134.0,131.0
88806,259.0,236.0,140.0,133.0
88807,249.0,226.0,138.0,135.0
88808,246.0,94.0,139.0,127.0
88809,249.0,206.0,129.0,129.0
88810,252.0,86.0,154.0,142.0
88811,251.0,101.0,147.0,140.0
88812,270.0,224.0,149.0,146.0
88813,252.0,102.0,150.0,128.0
88814,262.0,134.0,146.0,140.0
88815,196.0,100.0,108.0,118.0
88816,238.0,110.0,140.0,129.0
88817,247.0,148.0,129.0,134.0
88818,248.0,83.0,140.0,140.0
88819,262.0,231.0,146.0,134.0
88820,241.0,132.0,137.0,122.0
88821,258.0,97.0,155.0,153.0
88822,250.0,199.0,148.0,143.0
88823,247.0,123.0,153.0,125.0
88824,239.0,110.0,136.0,132.0
88825,260.0,148.0,146.0,145.0
88826,256.0,118.0,148.0,148.0
88827,270.0,224.0,157.0,156.0
88828,238.0,132.0,142.0,136.0
88829,282.0,102.0,155.0,168.0
88830,250.0,90.0,144.0,139.0
88831,252.0,133.0,157.0,144.0
88832,258.0,86.0,146.0,152.0
88833,254.0,208.0,144.0,142.0
88834,276.0,134.0,160.0,160.0
88835,257.0,228.0,126.0,138.0
88836,274.0,243.0,163.0,153.0
88837,262.0,159.0,137.0,151.0
88838,263.0,131.0,146.0,153.0
88839,249.0,207.0,138.0,128.0
88840,236.0,95.0,131.0,140.0
88841,234.0,79.0,128.0,132.0
88842,239.0,146.0,139.0,136.0
88843,265.0,249.0,153.0,149.0
88844,238.0,238.0,125.0,140.0
88845,246.0,89.0,154.0,131.0
88846,259.0,102.0,140.0,146.0
88847,247.0,119.0,164.0,141.0
88848,251.0,220.0,140.0,149.0
88849,265.0,234.0,153.0,160.0
88850,248.0,110.0,140.0,146.0
88851,261.0,152.0,148.0,160.0
88852,236.0,191.0,120.0,129.0
88853,232.0,92.0,132.0,150.0
88854,245.0,171.0,135.0,136.0
88855,248.0,132.0,149.0,131.0
88856,243.0,124.0,129.0,135.0
88857,266.0,230.0,148.0,145.0
88858,272.0,132.0,139.0,162.0
88859,246.0,202.0,140.0,136.0
88860,259.0,129.0,152.0,158.0
88861,261.0,228.0,136.0,154.0
88862,298.0,158.0,172.0,157.0
88863,249.0,111.0,134.0,144.0
88864,252.0,137.0,146.0,144.0
88865,247.0,169.0,134.0,123.0
88866,214.0,93.0,119.0,129.0
88867,256.0,222.0,150.0,142.0
88868,248.0,84.0,125.0,143.0
88869,265.0,83.0,144.0,142.0
88870,248.0,241.0,136.0,143.0
88871,256.0,92.0,149.0,158.0
88872,245.0,216.0,142.0,129.0
88873,260.0,104.0,138.0,146.0
88874,260.0,92.0,150.0,135.0
88875,247.0,124.0,134.0,151.0
88876,251.0,151.0,150.0,151.0
88877,249.0,145.0,139.0,130.0
88878,252.0,100.0,149.0,139.0
88879,262.0,150.0,143.0,160.0
88880,249.0,212.0,135.0,141.0
88881,247.0,243.0,139.0,136.0
88882,217.0,103.0,113.0,112.0
88883,244.0,112.0,119.0,147.0
88884,272.0,107.0,163.0,158.0
88885,248.0,141.0,130.0,152.0
88886,244.0,99.0,148.0,131.0
88887,253.0,104.0,145.0,147.0
88888,266.0,241.0,142.0,144.0
88889,249.0,128.0,153.0,155.0
88890,225.0,68.0,114.0,110.0
88891,232.0,76.0,124.0,134.0
88892,245.0,106.0,120.0,144.0
88893,251.0,105.0,141.0,138.0
88894,249.0,117.0,147.0,133.0
88895,264.0,91.0,157.0,168.0
88896,231.0,88.0,130.0,134.0
88897,270.0,97.0,133.0,144.0
88898,246.0,83.0,133.0,150.0
88899,235.0,57.0,128.0,128.0
88900,226.0,69.0,127.0,124.0
88901,230.0,104.0,117.0,117.0
88902,237.0,189.0,123.0,149.0
88903,252.0,116.0,130.0,135.0
88904,254.0,133.0,141.0,161.0
88905,240.0,91.0,136.0,127.0
88906,256.0,117.0,147.0,139.0
88907,242.0,195.0,133.0,131.0
88908,232.0,82.0,143.0,139.0
88909,245.0,102.0,135.0,130.0
88910,268.0,166.0,151.0,158.0
88911,269.0,128.0,166.0,145.0
88912,247.0,102.0,125.0,137.0
88913,252.0,212.0,140.0,138.0
88914,243.0,95.0,114.0,134.0
88915,269.0,159.0,139.0,158.0
88916,238.0,108.0,116.0,131.0
88917,245.0,152.0,121.0,133.0
88918,257.0,76.0,144.0,150.0
88919,279.0,245.0,139.0,150.0
88920,271.0,109.0,144.0,152.0
88921,248.0,90.0,126.0,145.0
88922,269.0,107.0,162.0,153.0
88923,248.0,59.0,148.0,126.0
88924,261.0,85.0,157.0,139.0
88925,244.0,92.0,148.0,130.0
88926,253.0,86.0,147.0,144.0
88927,257.0,108.0,125.0,138.0
88928,247.0,141.0,141.0,138.0
88929,250.0,208.0,150.0,148.0
88930,249.0,110.0,143.0,145.0
88931,237.0,197.0,133.0,133.0
88932,266.0,231.0,150.0,159.0
88933,232.0,90.0,134.0,131.0
88934,232.0,91.0,124.0,131.0
88935,285.0,101.0,143.0,155.0
88936,249.0,96.0,140.0,148.0
88937,252.0,120.0,142.0,149.0
88938,235.0,87.0,137.0,130.0
88939,254.0,129.0,134.0,140.0
88940,242.0,86.0,133.0,138.0
88941,257.0,77.0,153.0,133.0
88942,254.0,103.0,124.0,141.0
88943,257.0,97.0,150.0,138.0
88944,283.0,249.0,149.0,154.0
88945,238.0,203.0,141.0,132.0
88946,286.0,79.0,153.0,152.0
88947,244.0,86.0,141.0,140.0
88948,244.0,83.0,140.0,138.0
88949,245.0,101.0,148.0,128.0
88950,263.0,226.0,133.0,152.0
88951,282.0,96.0,160.0,137.0
88952,229.0,90.0,130.0,121.0
88953,261.0,230.0,157.0,152.0
88954,252.0,222.0,142.0,131.0
88955,258.0,220.0,159.0,144.0
88956,238.0,114.0,133.0,140.0
88957,257.0,73.0,146.0,134.0
88958,250.0,174.0,148.0,148.0
88959,246.0,132.0,141.0,143.0
88960,265.0,76.0,164.0,155.0
88961,240.0,69.0,140.0,147.0
88962,261.0,101.0,134.0,144.0
88963,265.0,220.0,171.0,139.0
88964,280.0,115.0,160.0,152.0
88965,228.0,104.0,116.0,135.0
88966,233.0,90.0,131.0,119.0
88967,247.0,116.0,136.0,154.0
88968,266.0,114.0,153.0,150.0
88969,244.0,107.0,132.0,141.0
88970,247.0,137.0,133.0,136.0
88971,251.0,138.0,141.0,132.0
88972,243.0,109.0,115.0,131.0
88973,245.0,105.0,141.0,153.0
88974,259.0,152.0,136.0,150.0
88975,233.0,134.0,121.0,127.0
88976,234.0,75.0,128.0,135.0
88977,270.0,121.0,131.0,167.0
88978,243.0,242.0,141.0,155.0
88979,252.0,144.0,145.0,149.0
88980,232.0,94.0,139.0,114.0
88981,245.0,94.0,147.0,137.0
88982,221.0,111.0,133.0,121.0
88983,240.0,132.0,148.0,137.0
88984,252.0,158.0,122.0,157.0
88985,217.0,111.0,124.0,125.0
88986,241.0,87.0,132.0,138.0
88987,245.0,88.0,137.0,135.0
88988,235.0,94.0,124.0,132.0
88989,283.0,191.0,173.0,151.0
88990,222.0,56.0,125.0,129.0
88991,249.0,112.0,148.0,140.0
88992,282.0,149.0,156.0,152.0
88993,258.0,101.0,152.0,154.0
88994,217.0,106.0,123.0,114.0
88995,260.0,137.0,134.0,139.0
88996,234.0,209.0,125.0,140.0
88997,249.0,224.0,144.0,143.0
88998,241.0,107.0,133.0,142.0
88999,262.0,109.0,125.0,154.0
89000,252.0,85.0,131.0,150.0
89001,251.0,127.0,132.0,137.0
89002,277.0,155.0,145.0,158.0
89003,242.0,100.0,135.0,139.0
89004,209.0,147.0,107.0,115.0
89005,274.0,141.0,162.0,151.0
89006,264.0,107.0,160.0,146.0
89007,239.0,203.0,128.0,135.0
89008,246.0,111.0,140.0,127.0
89009,240.0,122.0,141.0,130.0
89010,273.0,156.0,151.0,154.0
89011,268.0,102.0,151.0,150.0
89012,237.0,69.0,129.0,141.0
89013,240.0,208.0,137.0,146.0
89014,270.0,120.0,153.0,147.0
89015,239.0,114.0,138.0,144.0
89016,224.0,80.0,132.0,143.0
89017,241.0,128.0,115.0,139.0
89018,246.0,88.0,143.0,140.0
89019,255.0,251.0,151.0,153.0
89020,259.0,145.0,140.0,142.0
89021,256.0,212.0,144.0,133.0
89022,261.0,143.0,140.0,158.0
89023,264.0,92.0,147.0,134.0
89024,266.0,94.0,159.0,148.0
89025,252.0,103.0,145.0,136.0
89026,259.0,133.0,141.0,144.0
89027,239.0,145.0,123.0,127.0
89028,254.0,85.0,125.0,150.0
89029,248.0,68.0,141.0,136.0
89030,262.0,107.0,136.0,151.0
89031,261.0,191.0,148.0,144.0
89032,267.0,88.0,161.0,150.0
89033,254.0,102.0,149.0,137.0
89034,257.0,127.0,148.0,154.0
89035,262.0,223.0,141.0,150.0
89036,247.0,213.0,147.0,139.0
89037,255.0,104.0,125.0,148.0
89038,235.0,86.0,135.0,129.0
89039,270.0,121.0,160.0,147.0
89040,235.0,93.0,127.0,129.0
89041,241.0,80.0,136.0,133.0
89042,259.0,148.0,153.0,143.0
89043,268.0,148.0,159.0,159.0
89044,245.0,92.0,123.0,143.0
89045,252.0,98.0,139.0,138.0
89046,251.0,86.0,126.0,145.0
89047,233.0,124.0,137.0,136.0
89048,239.0,212.0,142.0,121.0
89049,271.0,115.0,138.0,158.0
89050,250.0,96.0,143.0,159.0
89051,278.0,133.0,164.0,146.0
89052,263.0,205.0,146.0,145.0
89053,252.0,224.0,144.0,145.0
89054,246.0,79.0,133.0,138.0
89055,222.0,49.0,120.0,126.0
89056,265.0,97.0,133.0,131.0
89057,236.0,101.0,132.0,136.0
89058,254.0,70.0,147.0,147.0
89059,265.0,229.0,145.0,141.0
89060,231.0,94.0,135.0,113.0
89061,258.0,101.0,142.0,152.0
89062,275.0,137.0,157.0,142.0
89063,249.0,36.0,138.0,142.0
89064,288.0,257.0,160.0,169.0
89065,256.0,218.0,146.0,144.0
89066,257.0,152.0,154.0,147.0
89067,252.0,168.0,142.0,133.0
89068,264.0,147.0,144.0,149.0
89069,260.0,150.0,156.0,157.0
89070,250.0,134.0,157.0,141.0
89071,240.0,209.0,142.0,126.0
89072,245.0,109.0,127.0,144.0
89073,253.0,108.0,156.0,146.0
89074,275.0,76.0,151.0,146.0
89075,237.0,192.0,145.0,139.0
89076,241.0,117.0,136.0,138.0
89077,259.0,105.0,131.0,139.0
89078,259.0,139.0,161.0,134.0
89079,251.0,123.0,141.0,133.0
89080,252.0,89.0,147.0,144.0
89081,250.0,112.0,137.0,148.0
89082,235.0,137.0,127.0,127.0
89083,271.0,136.0,164.0,144.0
89084,257.0,211.0,150.0,131.0
89085,255.0,82.0,160.0,157.0
89086,253.0,230.0,140.0,135.0
89087,238.0,79.0,137.0,143.0
89088,242.0,111.0,128.0,141.0
89089,240.0,81.0,141.0,134.0
89090,246.0,96.0,138.0,137.0
89091,246.0,86.0,130.0,149.0
89092,248.0,123.0,130.0,143.0
89093,220.0,71.0,120.0,121.0
89094,258.0,109.0,136.0,141.0
89095,256.0,91.0,158.0,145.0
89096,263.0,122.0,153.0,147.0
89097,236.0,200.0,130.0,129.0
89098,246.0,83.0,130.0,129.0
89099,242.0,93.0,149.0,132.0
89100,263.0,135.0,140.0,138.0
89101,238.0,114.0,135.0,140.0
89102,265.0,107.0,148.0,153.0
89103,244.0,96.0,126.0,142.0
89104,259.0,118.0,144.0,142.0
89105,252.0,102.0,142.0,145.0
89106,250.0,95.0,138.0,135.0
89107,251.0,101.0,138.0,144.0
89108,235.0,225.0,139.0,125.0
89109,252.0,125.0,136.0,142.0
89110,262.0,101.0,133.0,138.0
89111,261.0,150.0,132.0,145.0
89112,243.0,104.0,138.0,142.0
89113,238.0,184.0,119.0,138.0
89114,268.0,102.0,138.0,162.0
89115,249.0,95.0,130.0,148.0
89116,245.0,209.0,137.0,140.0
89117,253.0,133.0,141.0,142.0
89118,260.0,224.0,151.0,153.0
89119,268.0,113.0,157.0,151.0
89120,262.0,147.0,142.0,143.0
89121,262.0,152.0,159.0,145.0
89122,258.0,164.0,156.0,137.0
89123,253.0,122.0,130.0,158.0
89124,246.0,102.0,141.0,126.0
89125,242.0,93.0,140.0,136.0
89126,249.0,98.0,120.0,133.0
89127,259.0,234.0,167.0,155.0
89128,257.0,115.0,143.0,153.0
89129,265.0,241.0,142.0,149.0
89130,251.0,218.0,148.0,141.0
89131,253.0,220.0,156.0,130.0
89132,260.0,142.0,146.0,154.0
89133,269.0,134.0,140.0,153.0
89134,231.0,154.0,122.0,132.0
89135,234.0,133.0,123.0,136.0
89136,276.0,167.0,158.0,146.0
89137,281.0,131.0,158.0,154.0
89138,264.0,231.0,148.0,156.0
89139,237.0,139.0,132.0,123.0
89140,247.0,144.0,135.0,132.0
89141,239.0,123.0,141.0,117.0
89142,265.0,214.0,153.0,146.0
89143,242.0,86.0,133.0,141.0
89144,242.0,211.0,139.0,134.0
89145,242.0,113.0,144.0,146.0
89146,243.0,147.0,142.0,142.0
89147,246.0,222.0,146.0,141.0
89148,237.0,160.0,144.0,140.0
89149,258.0,81.0,136.0,139.0
89150,260.0,142.0,150.0,128.0
89151,252.0,114.0,137.0,150.0
89152,247.0,93.0,120.0,132.0
89153,223.0,132.0,132.0,125.0
89154,226.0,152.0,130.0,119.0
89155,249.0,194.0,144.0,151.0
89156,252.0,109.0,152.0,138.0
89157,260.0,227.0,138.0,133.0
89158,227.0,182.0,124.0,123.0
89159,259.0,113.0,155.0,163.0
89160,258.0,68.0,143.0,145.0
89161,235.0,119.0,132.0,129.0
89162,255.0,169.0,143.0,142.0
89163,249.0,122.0,120.0,136.0
89164,251.0,145.0,156.0,145.0
89165,277.0,146.0,159.0,163.0
89166,263.0,231.0,150.0,147.0
89167,250.0,216.0,133.0,139.0
89168,229.0,116.0,127.0,125.0
89169,250.0,220.0,141.0,136.0
89170,234.0,96.0,126.0,137.0
89171,248.0,131.0,146.0,141.0
89172,261.0,96.0,158.0,140.0
89173,258.0,90.0,146.0,140.0
89174,245.0,212.0,137.0,159.0
89175,240.0,92.0,158.0,129.0
89176,263.0,154.0,145.0,152.0
89177,241.0,111.0,141.0,137.0
89178,241.0,108.0,116.0,129.0
89179,241.0,104.0,135.0,136.0
89180,262.0,250.0,161.0,132.0
89181,237.0,104.0,127.0,124.0
89182,248.0,115.0,146.0,134.0
89183,267.0,112.0,146.0,165.0
89184,242.0,91.0,140.0,137.0
89185,236.0,141.0,119.0,133.0
89186,229.0,62.0,144.0,132.0
89187,241.0,78.0,139.0,126.0
89188,287.0,170.0,155.0,165.0
89189,253.0,109.0,150.0,153.0
89190,261.0,102.0,141.0,160.0
89191,240.0,113.0,130.0,144.0
89192,241.0,80.0,135.0,133.0
89193,229.0,145.0,127.0,125.0
89194,245.0,79.0,121.0,132.0
89195,241.0,123.0,118.0,125.0
89196,260.0,127.0,143.0,132.0
89197,243.0,206.0,144.0,147.0
89198,279.0,133.0,131.0,151.0
89199,259.0,108.0,155.0,135.0
89200,253.0,218.0,157.0,136.0
89201,240.0,171.0,146.0,125.0
89202,235.0,90.0,111.0,132.0
89203,256.0,112.0,149.0,134.0
89204,241.0,122.0,140.0,131.0
89205,261.0,233.0,132.0,149.0
89206,262.0,197.0,161.0,145.0
89207,261.0,103.0,139.0,140.0
89208,260.0,222.0,120.0,142.0
89209,275.0,109.0,165.0,156.0
89210,233.0,152.0,121.0,126.0
89211,233.0,107.0,132.0,122.0
89212,244.0,215.0,128.0,138.0
89213,240.0,83.0,128.0,132.0
89214,249.0,218.0,137.0,140.0
89215,241.0,95.0,142.0,130.0
89216,243.0,123.0,140.0,146.0
89217,238.0,115.0,129.0,127.0
89218,255.0,126.0,136.0,143.0
89219,271.0,88.0,150.0,149.0
89220,249.0,207.0,147.0,139.0
89221,266.0,106.0,150.0,140.0
89222,249.0,126.0,143.0,131.0
89223,225.0,87.0,131.0,127.0
89224,258.0,66.0,148.0,143.0
89225,265.0,101.0,158.0,146.0
89226,263.0,75.0,158.0,149.0
89227,272.0,105.0,155.0,152.0
89228,236.0,104.0,140.0,132.0
89229,236.0,76.0,121.0,126.0
89230,261.0,83.0,144.0,155.0
89231,253.0,97.0,139.0,148.0
89232,249.0,116.0,140.0,145.0
89233,230.0,106.0,132.0,141.0
89234,256.0,146.0,143.0,154.0
89235,242.0,93.0,139.0,151.0
89236,249.0,121.0,143.0,140.0
89237,270.0,105.0,133.0,156.0
89238,260.0,152.0,142.0,135.0
89239,243.0,105.0,141.0,122.0
89240,246.0,230.0,146.0,151.0
89241,247.0,226.0,146.0,134.0
89242,245.0,101.0,137.0,138.0
89243,261.0,131.0,130.0,141.0
89244,251.0,108.0,155.0,141.0
89245,263.0,110.0,143.0,146.0
89246,233.0,195.0,131.0,114.0
89247,269.0,222.0,146.0,156.0
89248,262.0,101.0,145.0,141.0
89249,238.0,84.0,148.0,131.0
89250,230.0,99.0,125.0,129.0
89251,244.0,113.0,125.0,131.0
89252,270.0,172.0,151.0,151.0
89253,265.0,148.0,150.0,149.0
89254,271.0,204.0,159.0,173.0
89255,243.0,104.0,120.0,129.0
89256,250.0,95.0,147.0,135.0
89257,237.0,69.0,129.0,128.0
89258,259.0,127.0,148.0,128.0
89259,235.0,94.0,136.0,129.0
89260,224.0,105.0,139.0,134.0
89261,281.0,118.0,162.0,167.0
89262,250.0,148.0,136.0,148.0
89263,248.0,143.0,146.0,144.0
89264,259.0,140.0,129.0,149.0
89265,256.0,132.0,141.0,145.0
89266,265.0,140.0,158.0,146.0
89267,257.0,108.0,117.0,140.0
89268,256.0,74.0,141.0,147.0
89269,257.0,68.0,137.0,149.0
89270,241.0,97.0,125.0,128.0
89271,249.0,95.0,120.0,137.0
89272,238.0,113.0,136.0,129.0
89273,254.0,138.0,149.0,146.0
89274,244.0,81.0,121.0,141.0
89275,260.0,151.0,156.0,151.0
89276,253.0,156.0,135.0,155.0
89277,267.0,118.0,149.0,148.0
89278,257.0,110.0,151.0,129.0
89279,259.0,115.0,140.0,143.0
89280,270.0,156.0,162.0,143.0
89281,287.0,116.0,169.0,174.0
89282,251.0,144.0,149.0,136.0
89283,285.0,99.0,154.0,154.0
89284,248.0,81.0,137.0,122.0
89285,261.0,122.0,148.0,131.0
89286,265.0,81.0,156.0,140.0
89287,240.0,213.0,125.0,135.0
89288,260.0,135.0,146.0,146.0
89289,254.0,217.0,149.0,139.0
89290,262.0,163.0,153.0,143.0
89291,259.0,135.0,145.0,150.0
89292,258.0,134.0,128.0,155.0
89293,228.0,109.0,141.0,130.0
89294,256.0,207.0,144.0,141.0
89295,273.0,80.0,151.0,134.0
89296,245.0,150.0,144.0,133.0
89297,247.0,141.0,131.0,145.0
89298,227.0,120.0,117.0,120.0
89299,250.0,101.0,142.0,126.0
89300,276.0,83.0,155.0,164.0
89301,263.0,128.0,143.0,150.0
89302,253.0,91.0,146.0,142.0
89303,241.0,206.0,143.0,126.0
89304,263.0,125.0,138.0,135.0
89305,257.0,210.0,136.0,147.0
89306,266.0,78.0,143.0,154.0
89307,244.0,74.0,140.0,126.0
89308,259.0,105.0,156.0,154.0
89309,245.0,113.0,134.0,139.0
89310,256.0,207.0,144.0,126.0
89311,230.0,104.0,118.0,126.0
89312,259.0,122.0,163.0,155.0
89313,253.0,140.0,137.0,136.0
89314,237.0,99.0,143.0,126.0
89315,246.0,76.0,132.0,140.0
89316,258.0,108.0,122.0,150.0
89317,248.0,218.0,142.0,159.0
89318,248.0,128.0,127.0,142.0
89319,252.0,102.0,143.0,150.0
89320,229.0,71.0,131.0,133.0
89321,247.0,114.0,130.0,133.0
89322,260.0,68.0,138.0,141.0
89323,264.0,171.0,144.0,150.0
89324,252.0,142.0,156.0,148.0
89325,250.0,220.0,124.0,131.0
89326,247.0,114.0,145.0,141.0
89327,271.0,118.0,152.0,146.0
89328,243.0,77.0,134.0,148.0
89329,254.0,127.0,121.0,145.0
89330,233.0,92.0,130.0,132.0
89331,257.0,81.0,152.0,150.0
89332,262.0,240.0,148.0,134.0
89333,282.0,250.0,159.0,152.0
89334,246.0,114.0,146.0,133.0
89335,240.0,103.0,129.0,134.0
89336,230.0,83.0,114.0,123.0
89337,250.0,58.0,152.0,123.0
89338,260.0,212.0,140.0,140.0
89339,243.0,114.0,125.0,136.0
89340,247.0,116.0,129.0,133.0
89341,244.0,71.0,123.0,132.0
89342,272.0,122.0,154.0,163.0
89343,260.0,73.0,141.0,147.0
89344,261.0,226.0,165.0,160.0
89345,240.0,214.0,128.0,137.0
89346,249.0,129.0,135.0,122.0
89347,242.0,214.0,132.0,129.0
89348,244.0,122.0,135.0,132.0
89349,236.0,128.0,126.0,144.0
89350,247.0,128.0,128.0,146.0
89351,258.0,124.0,134.0,145.0
89352,258.0,70.0,141.0,128.0
89353,264.0,93.0,152.0,134.0
89354,246.0,77.0,127.0,141.0
89355,259.0,96.0,147.0,139.0
89356,266.0,115.0,155.0,137.0
89357,247.0,103.0,143.0,152.0
89358,238.0,110.0,140.0,133.0
89359,248.0,83.0,137.0,140.0
89360,212.0,113.0,109.0,113.0
89361,242.0,211.0,125.0,132.0
89362,239.0,126.0,124.0,152.0
89363,251.0,67.0,153.0,152.0
89364,207.0,84.0,112.0,107.0
89365,225.0,98.0,120.0,109.0
89366,241.0,103.0,133.0,134.0
89367,228.0,205.0,126.0,134.0
89368,257.0,116.0,158.0,140.0
89369,280.0,161.0,161.0,152.0
89370,231.0,201.0,134.0,131.0
89371,259.0,102.0,147.0,142.0
89372,261.0,166.0,149.0,153.0
89373,249.0,214.0,140.0,142.0
89374,250.0,77.0,146.0,139.0
89375,243.0,89.0,130.0,145.0
89376,241.0,123.0,139.0,126.0
89377,264.0,105.0,146.0,152.0
89378,248.0,157.0,141.0,141.0
89379,243.0,156.0,129.0,128.0
89380,253.0,226.0,140.0,145.0
89381,252.0,91.0,143.0,150.0
89382,239.0,91.0,135.0,115.0
89383,262.0,116.0,145.0,148.0
89384,218.0,120.0,120.0,119.0
89385,264.0,125.0,134.0,140.0
89386,249.0,118.0,125.0,144.0
89387,262.0,204.0,146.0,146.0
89388,247.0,113.0,153.0,139.0
89389,253.0,94.0,141.0,133.0
89390,243.0,148.0,141.0,137.0
89391,248.0,75.0,143.0,139.0
89392,270.0,109.0,154.0,144.0
89393,233.0,127.0,133.0,134.0
89394,265.0,216.0,149.0,165.0
89395,264.0,71.0,143.0,158.0
89396,252.0,207.0,135.0,157.0
89397,261.0,141.0,157.0,141.0
89398,248.0,211.0,143.0,149.0
89399,229.0,132.0,130.0,133.0
89400,242.0,76.0,143.0,139.0
89401,283.0,145.0,155.0,165.0
89402,248.0,150.0,138.0,139.0
89403,276.0,64.0,149.0,152.0
89404,234.0,101.0,141.0,145.0
89405,230.0,192.0,134.0,134.0
89406,241.0,120.0,128.0,139.0
89407,241.0,159.0,131.0,146.0
89408,262.0,128.0,154.0,129.0
89409,260.0,227.0,146.0,151.0
89410,293.0,108.0,152.0,171.0
89411,242.0,191.0,149.0,153.0
89412,263.0,93.0,156.0,147.0
89413,247.0,202.0,128.0,138.0
89414,243.0,153.0,151.0,137.0
89415,253.0,105.0,135.0,148.0
89416,249.0,97.0,135.0,141.0
89417,271.0,113.0,142.0,151.0
89418,245.0,112.0,132.0,142.0
89419,253.0,115.0,140.0,142.0
89420,256.0,93.0,144.0,146.0
89421,243.0,106.0,148.0,150.0
89422,248.0,111.0,131.0,133.0
89423,261.0,221.0,147.0,138.0
89424,238.0,197.0,136.0,135.0
89425,266.0,161.0,157.0,157.0
89426,244.0,141.0,160.0,132.0
89427,255.0,97.0,129.0,131.0
89428,243.0,60.0,147.0,140.0
89429,239.0,94.0,130.0,141.0
89430,247.0,72.0,145.0,140.0
89431,253.0,128.0,131.0,147.0
89432,265.0,118.0,154.0,145.0
89433,254.0,112.0,153.0,142.0
89434,270.0,230.0,170.0,159.0
89435,274.0,224.0,170.0,170.0
89436,233.0,205.0,133.0,125.0
89437,282.0,91.0,172.0,161.0
89438,245.0,78.0,135.0,145.0
89439,234.0,46.0,137.0,131.0
89440,265.0,86.0,140.0,162.0
89441,237.0,150.0,126.0,121.0
89442,260.0,93.0,149.0,134.0
89443,248.0,65.0,140.0,132.0
89444,258.0,119.0,154.0,142.0
89445,237.0,114.0,134.0,133.0
89446,263.0,224.0,132.0,151.0
89447,231.0,79.0,129.0,136.0
89448,245.0,118.0,142.0,135.0
89449,246.0,105.0,150.0,133.0
89450,266.0,76.0,152.0,151.0
89451,247.0,106.0,156.0,141.0
89452,235.0,214.0,119.0,132.0
89453,261.0,103.0,149.0,143.0
89454,246.0,115.0,133.0,142.0
89455,226.0,101.0,121.0,126.0
89456,243.0,116.0,127.0,130.0
89457,244.0,116.0,143.0,134.0
89458,248.0,208.0,144.0,142.0
89459,244.0,167.0,135.0,135.0
89460,273.0,239.0,156.0,158.0
89461,239.0,94.0,133.0,152.0
89462,252.0,118.0,137.0,146.0
89463,236.0,137.0,149.0,148.0
89464,218.0,73.0,123.0,117.0
89465,246.0,203.0,139.0,135.0
89466,252.0,65.0,142.0,140.0
89467,250.0,101.0,131.0,144.0
89468,264.0,136.0,132.0,152.0
89469,258.0,134.0,147.0,153.0
89470,229.0,111.0,117.0,117.0
89471,244.0,125.0,136.0,139.0
89472,293.0,133.0,162.0,173.0
89473,254.0,227.0,142.0,140.0
89474,253.0,150.0,145.0,151.0
89475,251.0,213.0,148.0,136.0
89476,242.0,195.0,139.0,144.0
89477,261.0,159.0,151.0,152.0
89478,246.0,200.0,154.0,133.0
89479,245.0,139.0,138.0,128.0
89480,248.0,75.0,124.0,146.0
89481,276.0,109.0,155.0,165.0
89482,269.0,97.0,145.0,146.0
89483,268.0,148.0,150.0,149.0
89484,247.0,123.0,129.0,140.0
89485,263.0,95.0,163.0,139.0
89486,266.0,118.0,147.0,128.0
89487,257.0,217.0,151.0,153.0
89488,253.0,127.0,149.0,136.0
89489,254.0,109.0,143.0,122.0
89490,250.0,118.0,138.0,142.0
89491,212.0,107.0,123.0,120.0
89492,245.0,85.0,139.0,146.0
89493,269.0,118.0,132.0,149.0
89494,256.0,154.0,148.0,151.0
89495,234.0,136.0,121.0,135.0
89496,247.0,97.0,139.0,129.0
89497,244.0,223.0,136.0,144.0
89498,245.0,99.0,129.0,141.0
89499,245.0,111.0,132.0,135.0
89500,258.0,108.0,144.0,150.0
89501,242.0,121.0,124.0,131.0
89502,272.0,137.0,135.0,153.0
89503,238.0,109.0,132.0,136.0
89504,236.0,103.0,127.0,134.0
89505,265.0,139.0,146.0,140.0
89506,242.0,204.0,135.0,132.0
89507,264.0,122.0,133.0,160.0
89508,281.0,140.0,163.0,164.0
89509,256.0,109.0,154.0,162.0
89510,254.0,118.0,149.0,126.0
89511,240.0,142.0,134.0,127.0
89512,256.0,136.0,143.0,139.0
89513,255.0,95.0,146.0,134.0
89514,263.0,156.0,135.0,148.0
89515,235.0,60.0,127.0,143.0
89516,240.0,97.0,131.0,134.0
89517,248.0,211.0,150.0,148.0
89518,253.0,112.0,136.0,145.0
89519,216.0,96.0,121.0,127.0
89520,260.0,82.0,139.0,138.0
89521,249.0,85.0,134.0,135.0
89522,284.0,166.0,155.0,164.0
89523,254.0,108.0,141.0,146.0
89524,277.0,138.0,159.0,170.0
89525,249.0,137.0,125.0,139.0
89526,256.0,106.0,155.0,147.0
89527,255.0,244.0,139.0,145.0
89528,272.0,136.0,153.0,148.0
89529,237.0,115.0,146.0,149.0
89530,238.0,129.0,123.0,133.0
89531,250.0,105.0,139.0,147.0
89532,253.0,137.0,145.0,144.0
89533,241.0,109.0,140.0,142.0
89534,219.0,67.0,102.0,113.0
89535,227.0,82.0,127.0,124.0
89536,265.0,124.0,156.0,138.0
89537,253.0,128.0,142.0,146.0
89538,240.0,107.0,143.0,122.0
89539,240.0,110.0,115.0,143.0
89540,232.0,87.0,128.0,131.0
89541,274.0,108.0,137.0,165.0
89542,251.0,113.0,143.0,135.0
89543,240.0,94.0,132.0,144.0
89544,259.0,226.0,146.0,138.0
89545,255.0,116.0,138.0,146.0
89546,264.0,260.0,129.0,140.0
89547,278.0,97.0,147.0,163.0
89548,232.0,63.0,139.0,137.0
89549,265.0,156.0,142.0,144.0
89550,242.0,101.0,137.0,124.0
89551,267.0,109.0,143.0,141.0
89552,236.0,214.0,118.0,146.0
89553,261.0,214.0,145.0,149.0
89554,249.0,87.0,150.0,162.0
89555,270.0,141.0,163.0,141.0
89556,273.0,166.0,146.0,153.0
89557,249.0,105.0,142.0,150.0
89558,235.0,231.0,144.0,138.0
89559,266.0,204.0,162.0,163.0
89560,245.0,88.0,139.0,136.0
89561,263.0,235.0,152.0,160.0
89562,237.0,119.0,137.0,141.0
89563,249.0,99.0,146.0,156.0
89564,267.0,133.0,153.0,138.0
89565,252.0,112.0,137.0,149.0
89566,251.0,204.0,131.0,135.0
89567,252.0,228.0,158.0,144.0
89568,257.0,126.0,143.0,126.0
89569,244.0,73.0,138.0,132.0
89570,277.0,112.0,157.0,163.0
89571,235.0,119.0,124.0,136.0
89572,226.0,148.0,123.0,137.0
89573,255.0,110.0,122.0,136.0
89574,241.0,64.0,151.0,142.0
89575,245.0,113.0,141.0,129.0
89576,255.0,160.0,145.0,137.0
89577,238.0,87.0,131.0,125.0
89578,240.0,212.0,139.0,134.0
89579,240.0,108.0,133.0,131.0
89580,242.0,129.0,144.0,134.0
89581,257.0,137.0,140.0,137.0
89582,242.0,85.0,137.0,133.0
89583,231.0,110.0,143.0,130.0
89584,251.0,113.0,156.0,142.0
89585,223.0,108.0,138.0,121.0
89586,263.0,111.0,136.0,162.0
89587,265.0,228.0,146.0,161.0
89588,269.0,146.0,149.0,163.0
89589,254.0,221.0,155.0,137.0
89590,256.0,126.0,135.0,147.0
89591,237.0,112.0,132.0,134.0
89592,266.0,126.0,134.0,149.0
89593,239.0,121.0,138.0,138.0
89594,252.0,125.0,150.0,153.0
89595,258.0,121.0,147.0,146.0
89596,246.0,93.0,146.0,138.0
89597,245.0,128.0,146.0,133.0
89598,249.0,130.0,148.0,146.0
89599,255.0,156.0,145.0,153.0
89600,273.0,152.0,155.0,165.0
89601,251.0,186.0,145.0,137.0
89602,244.0,234.0,131.0,131.0
89603,246.0,215.0,159.0,140.0
89604,235.0,65.0,139.0,131.0
89605,261.0,215.0,153.0,144.0
89606,227.0,89.0,137.0,134.0
89607,243.0,148.0,135.0,146.0
89608,242.0,124.0,118.0,144.0
89609,241.0,129.0,141.0,131.0
89610,234.0,112.0,131.0,121.0
89611,251.0,130.0,141.0,152.0
89612,240.0,110.0,137.0,123.0
89613,245.0,114.0,140.0,131.0
89614,258.0,71.0,134.0,147.0
89615,271.0,196.0,150.0,140.0
89616,254.0,86.0,150.0,148.0
89617,267.0,127.0,153.0,149.0
89618,272.0,256.0,158.0,171.0
89619,265.0,113.0,151.0,146.0
89620,263.0,106.0,140.0,148.0
89621,243.0,75.0,114.0,137.0
89622,262.0,227.0,131.0,159.0
89623,252.0,135.0,128.0,154.0
89624,254.0,82.0,139.0,148.0
89625,265.0,129.0,156.0,149.0
89626,261.0,149.0,141.0,160.0
89627,288.0,115.0,157.0,158.0
89628,233.0,75.0,121.0,126.0
89629,255.0,111.0,154.0,141.0
89630,211.0,91.0,125.0,121.0
89631,248.0,208.0,155.0,137.0
89632,258.0,154.0,144.0,153.0
89633,257.0,107.0,147.0,130.0
89634,247.0,241.0,134.0,156.0
89635,238.0,215.0,136.0,125.0
89636,260.0,178.0,137.0,161.0
89637,229.0,135.0,120.0,137.0
89638,260.0,141.0,148.0,146.0
89639,258.0,133.0,127.0,152.0
89640,252.0,111.0,143.0,143.0
89641,263.0,85.0,155.0,158.0
89642,263.0,120.0,153.0,146.0
89643,267.0,243.0,160.0,149.0
89644,264.0,230.0,145.0,139.0
89645,245.0,110.0,131.0,113.0
89646,243.0,230.0,133.0,137.0
89647,256.0,143.0,155.0,150.0
89648,246.0,182.0,115.0,145.0
89649,236.0,124.0,133.0,134.0
89650,248.0,117.0,153.0,136.0
89651,270.0,122.0,166.0,156.0
89652,250.0,127.0,151.0,146.0
89653,241.0,196.0,139.0,155.0
89654,243.0,215.0,140.0,136.0
89655,218.0,98.0,122.0,122.0
89656,248.0,150.0,146.0,135.0
89657,237.0,77.0,129.0,137.0
89658,248.0,101.0,148.0,137.0
89659,262.0,221.0,142.0,141.0
89660,244.0,110.0,145.0,128.0
89661,259.0,127.0,147.0,142.0
89662,261.0,136.0,150.0,137.0
89663,250.0,92.0,126.0,136.0
89664,257.0,235.0,145.0,150.0
89665,240.0,92.0,128.0,133.0
89666,242.0,233.0,130.0,124.0
89667,230.0,125.0,123.0,116.0
89668,245.0,145.0,126.0,136.0
89669,263.0,88.0,155.0,151.0
89670,234.0,120.0,133.0,118.0
89671,255.0,138.0,143.0,147.0
89672,229.0,77.0,121.0,127.0
89673,252.0,79.0,150.0,127.0
89674,245.0,93.0,126.0,149.0
89675,283.0,253.0,167.0,163.0
89676,265.0,168.0,146.0,159.0
89677,276.0,137.0,160.0,163.0
89678,255.0,46.0,135.0,144.0
89679,243.0,153.0,131.0,141.0
89680,264.0,191.0,139.0,144.0
89681,253.0,137.0,140.0,143.0
89682,262.0,99.0,162.0,133.0
89683,262.0,74.0,143.0,148.0
89684,234.0,86.0,137.0,133.0
89685,269.0,85.0,152.0,145.0
89686,241.0,203.0,141.0,123.0
89687,248.0,103.0,144.0,145.0
89688,259.0,126.0,154.0,144.0
89689,244.0,118.0,133.0,123.0
89690,242.0,215.0,133.0,137.0
89691,235.0,89.0,129.0,119.0
89692,271.0,131.0,157.0,166.0
89693,251.0,85.0,132.0,135.0
89694,244.0,95.0,130.0,133.0
89695,264.0,141.0,146.0,140.0
89696,236.0,87.0,134.0,123.0
89697,266.0,151.0,140.0,156.0
89698,216.0,88.0,105.0,113.0
89699,246.0,122.0,140.0,136.0
89700,266.0,105.0,143.0,148.0
89701,232.0,202.0,128.0,122.0
89702,257.0,119.0,148.0,140.0
89703,261.0,99.0,125.0,157.0
89704,233.0,111.0,134.0,149.0
89705,240.0,102.0,140.0,139.0
89706,253.0,166.0,144.0,155.0
89707,244.0,143.0,131.0,144.0
89708,252.0,123.0,138.0,133.0
89709,244.0,126.0,142.0,141.0
89710,252.0,108.0,122.0,130.0
89711,242.0,89.0,153.0,146.0
89712,229.0,69.0,121.0,125.0
89713,245.0,126.0,132.0,143.0
89714,250.0,145.0,142.0,123.0
89715,260.0,113.0,152.0,150.0
89716,249.0,159.0,142.0,124.0
89717,228.0,108.0,125.0,118.0
89718,255.0,143.0,146.0,130.0
89719,245.0,111.0,123.0,146.0
89720,270.0,115.0,149.0,150.0
89721,262.0,110.0,156.0,139.0
89722,246.0,210.0,128.0,139.0
89723,243.0,221.0,142.0,133.0
89724,254.0,99.0,136.0,138.0
89725,279.0,83.0,185.0,157.0
89726,249.0,133.0,143.0,141.0
89727,270.0,126.0,145.0,146.0
89728,225.0,91.0,123.0,114.0
89729,237.0,130.0,132.0,127.0
89730,236.0,101.0,127.0,123.0
89731,238.0,84.0,154.0,127.0
89732,251.0,59.0,144.0,124.0
89733,234.0,128.0,134.0,135.0
89734,241.0,114.0,129.0,133.0
89735,221.0,116.0,146.0,129.0
89736,224.0,152.0,108.0,127.0
89737,241.0,187.0,134.0,138.0
89738,232.0,61.0,140.0,130.0
89739,268.0,86.0,156.0,144.0
89740,255.0,161.0,147.0,147.0
89741,243.0,119.0,129.0,124.0
89742,235.0,208.0,132.0,136.0
89743,265.0,55.0,163.0,155.0
89744,256.0,229.0,139.0,140.0
89745,252.0,147.0,138.0,148.0
89746,250.0,213.0,132.0,146.0
89747,247.0,104.0,133.0,137.0
89748,229.0,94.0,123.0,115.0
89749,264.0,241.0,150.0,155.0
89750,238.0,119.0,125.0,127.0
89751,260.0,82.0,136.0,154.0
89752,278.0,114.0,165.0,147.0
89753,247.0,82.0,145.0,140.0
89754,247.0,90.0,123.0,139.0
89755,240.0,120.0,129.0,143.0
89756,248.0,89.0,137.0,125.0
89757,242.0,86.0,147.0,140.0
89758,249.0,149.0,144.0,143.0
89759,254.0,78.0,164.0,138.0
89760,252.0,113.0,135.0,153.0
89761,242.0,153.0,143.0,138.0
89762,254.0,121.0,146.0,147.0
89763,246.0,85.0,128.0,142.0
89764,255.0,235.0,146.0,155.0
89765,256.0,97.0,144.0,152.0
89766,245.0,84.0,130.0,135.0
89767,247.0,98.0,132.0,151.0
89768,273.0,151.0,155.0,148.0
89769,264.0,90.0,148.0,139.0
89770,228.0,193.0,122.0,121.0
89771,238.0,111.0,138.0,140.0
89772,250.0,102.0,141.0,135.0
89773,246.0,93.0,137.0,132.0
89774,241.0,168.0,120.0,137.0
89775,235.0,140.0,136.0,130.0
89776,276.0,194.0,183.0,151.0
89777,224.0,93.0,129.0,121.0
89778,263.0,121.0,155.0,146.0
89779,239.0,210.0,140.0,134.0
89780,271.0,117.0,150.0,156.0
89781,252.0,98.0,150.0,138.0
89782,247.0,93.0,125.0,142.0
89783,258.0,132.0,149.0,165.0
89784,276.0,96.0,153.0,144.0
89785,249.0,214.0,135.0,148.0
89786,250.0,84.0,154.0,136.0
89787,272.0,147.0,142.0,153.0
89788,264.0,111.0,131.0,152.0
89789,241.0,136.0,137.0,131.0
89790,235.0,101.0,123.0,123.0
89791,246.0,128.0,139.0,137.0
89792,224.0,195.0,121.0,140.0
89793,252.0,106.0,151.0,141.0
89794,259.0,148.0,132.0,146.0
89795,270.0,133.0,147.0,161.0
89796,284.0,130.0,161.0,171.0
89797,234.0,129.0,130.0,128.0
89798,234.0,93.0,141.0,123.0
89799,252.0,216.0,134.0,138.0
89800,256.0,151.0,135.0,143.0
89801,277.0,231.0,163.0,166.0
89802,255.0,125.0,153.0,135.0
89803,237.0,108.0,129.0,144.0
89804,231.0,92.0,120.0,135.0
89805,246.0,123.0,139.0,136.0
89806,249.0,86.0,143.0,144.0
89807,267.0,110.0,152.0,158.0
89808,252.0,211.0,147.0,154.0
89809,245.0,116.0,143.0,132.0
89810,265.0,228.0,147.0,140.0
89811,272.0,240.0,163.0,154.0
89812,265.0,224.0,144.0,150.0
89813,230.0,189.0,130.0,128.0
89814,266.0,134.0,147.0,157.0
89815,253.0,143.0,135.0,137.0
89816,236.0,103.0,133.0,135.0
89817,263.0,141.0,143.0,151.0
89818,254.0,210.0,135.0,139.0
89819,266.0,139.0,157.0,147.0
89820,243.0,107.0,148.0,139.0
89821,259.0,75.0,137.0,144.0
89822,253.0,80.0,147.0,162.0
89823,215.0,79.0,114.0,119.0
89824,247.0,147.0,144.0,139.0
89825,279.0,122.0,161.0,171.0
89826,273.0,104.0,149.0,159.0
89827,259.0,111.0,147.0,154.0
89828,234.0,82.0,133.0,146.0
89829,247.0,217.0,126.0,139.0
89830,243.0,103.0,136.0,148.0
89831,269.0,148.0,141.0,139.0
89832,237.0,215.0,132.0,134.0
89833,247.0,98.0,150.0,131.0
89834,236.0,111.0,133.0,135.0
89835,256.0,97.0,120.0,152.0
89836,271.0,235.0,154.0,155.0
89837,247.0,137.0,138.0,152.0
89838,250.0,101.0,129.0,151.0
89839,283.0,239.0,136.0,154.0
89840,256.0,145.0,129.0,142.0
89841,258.0,230.0,140.0,144.0
89842,239.0,205.0,152.0,145.0
89843,282.0,83.0,150.0,164.0
89844,237.0,199.0,118.0,124.0
89845,231.0,72.0,131.0,127.0
89846,236.0,204.0,135.0,131.0
89847,234.0,93.0,124.0,126.0
89848,249.0,146.0,129.0,139.0
89849,280.0,140.0,157.0,150.0
89850,241.0,101.0,139.0,137.0
89851,257.0,87.0,146.0,155.0
89852,258.0,133.0,134.0,145.0
89853,248.0,102.0,146.0,145.0
89854,250.0,150.0,139.0,134.0
89855,260.0,157.0,149.0,137.0
89856,248.0,224.0,137.0,142.0
89857,246.0,95.0,134.0,132.0
89858,249.0,122.0,139.0,138.0
89859,233.0,82.0,130.0,134.0
89860,239.0,140.0,134.0,147.0
89861,229.0,117.0,131.0,127.0
89862,244.0,84.0,141.0,142.0
89863,245.0,103.0,121.0,134.0
89864,246.0,162.0,129.0,133.0
89865,252.0,113.0,134.0,156.0
89866,259.0,132.0,147.0,144.0
89867,270.0,195.0,157.0,160.0
89868,263.0,68.0,160.0,127.0
89869,230.0,79.0,141.0,124.0
89870,226.0,98.0,115.0,125.0
89871,249.0,133.0,131.0,140.0
89872,246.0,246.0,148.0,149.0
89873,260.0,127.0,144.0,137.0
89874,242.0,210.0,144.0,136.0
89875,255.0,98.0,150.0,132.0
89876,249.0,82.0,142.0,143.0
89877,276.0,116.0,157.0,162.0
89878,248.0,101.0,138.0,142.0
89879,241.0,99.0,132.0,137.0
89880,264.0,138.0,170.0,138.0
89881,262.0,145.0,143.0,143.0
89882,266.0,99.0,147.0,144.0
89883,243.0,148.0,144.0,131.0
89884,234.0,102.0,133.0,113.0
89885,250.0,97.0,132.0,131.0
89886,240.0,105.0,152.0,141.0
89887,263.0,85.0,130.0,152.0
89888,252.0,149.0,151.0,132.0
89889,237.0,119.0,133.0,136.0
89890,233.0,134.0,137.0,130.0
89891,250.0,242.0,138.0,147.0
89892,260.0,248.0,142.0,148.0
89893,250.0,86.0,135.0,138.0
89894,261.0,224.0,144.0,151.0
89895,248.0,117.0,127.0,144.0
89896,264.0,107.0,144.0,139.0
89897,258.0,134.0,134.0,143.0
89898,262.0,116.0,157.0,157.0
89899,256.0,112.0,149.0,145.0
89900,244.0,96.0,131.0,136.0
89901,241.0,85.0,138.0,139.0
89902,248.0,121.0,134.0,128.0
89903,267.0,221.0,135.0,146.0
89904,248.0,95.0,146.0,141.0
89905,259.0,116.0,141.0,141.0
89906,259.0,160.0,134.0,138.0
89907,261.0,105.0,134.0,165.0
89908,246.0,113.0,143.0,143.0
89909,264.0,159.0,170.0,149.0
89910,238.0,82.0,149.0,132.0
89911,275.0,167.0,133.0,156.0
89912,261.0,155.0,140.0,152.0
89913,258.0,78.0,144.0,144.0
89914,243.0,81.0,135.0,135.0
89915,270.0,112.0,137.0,149.0
89916,261.0,96.0,153.0,152.0
89917,231.0,103.0,129.0,133.0
89918,261.0,90.0,150.0,151.0
89919,257.0,116.0,149.0,154.0
89920,232.0,137.0,129.0,122.0
89921,270.0,133.0,167.0,143.0
89922,246.0,93.0,132.0,130.0
89923,248.0,247.0,163.0,133.0
89924,251.0,118.0,132.0,140.0
89925,254.0,114.0,154.0,142.0
89926,259.0,135.0,144.0,143.0
89927,254.0,114.0,135.0,142.0
89928,254.0,224.0,154.0,133.0
89929,266.0,138.0,153.0,135.0
89930,251.0,142.0,134.0,124.0
89931,266.0,89.0,145.0,144.0
89932,252.0,221.0,132.0,144.0
89933,241.0,91.0,133.0,119.0
89934,240.0,210.0,136.0,135.0
89935,246.0,139.0,138.0,138.0
89936,265.0,160.0,142.0,152.0
89937,267.0,151.0,160.0,157.0
89938,272.0,126.0,149.0,165.0
89939,243.0,91.0,142.0,145.0
89940,256.0,137.0,161.0,143.0
89941,250.0,99.0,141.0,130.0
89942,257.0,178.0,167.0,133.0
89943,238.0,81.0,137.0,135.0
89944,236.0,168.0,140.0,123.0
89945,263.0,110.0,146.0,135.0
89946,244.0,156.0,150.0,126.0
89947,251.0,235.0,147.0,137.0
89948,258.0,90.0,156.0,154.0
89949,253.0,95.0,131.0,145.0
89950,252.0,121.0,146.0,154.0
89951,251.0,222.0,145.0,141.0
89952,251.0,127.0,144.0,151.0
89953,264.0,213.0,144.0,139.0
89954,249.0,165.0,128.0,148.0
89955,210.0,93.0,122.0,121.0
89956,260.0,58.0,157.0,132.0
89957,245.0,127.0,137.0,146.0
89958,261.0,92.0,141.0,134.0
89959,261.0,92.0,148.0,142.0
89960,244.0,118.0,135.0,146.0
89961,263.0,143.0,150.0,146.0
89962,242.0,90.0,127.0,153.0
89963,241.0,89.0,129.0,148.0
89964,275.0,148.0,166.0,162.0
89965,253.0,138.0,139.0,134.0
89966,254.0,121.0,137.0,167.0
89967,258.0,109.0,151.0,146.0
89968,238.0,111.0,130.0,116.0
89969,230.0,124.0,121.0,133.0
89970,258.0,137.0,135.0,150.0
89971,266.0,100.0,145.0,154.0
89972,236.0,105.0,128.0,128.0
89973,248.0,126.0,147.0,129.0
89974,261.0,106.0,138.0,141.0
89975,249.0,159.0,145.0,130.0
89976,256.0,81.0,129.0,147.0
89977,267.0,86.0,139.0,162.0
89978,238.0,194.0,124.0,133.0
89979,246.0,180.0,140.0,131.0
89980,252.0,69.0,147.0,154.0
89981,225.0,178.0,131.0,127.0
89982,250.0,105.0,127.0,138.0
89983,231.0,204.0,134.0,126.0
89984,242.0,198.0,131.0,130.0
89985,250.0,97.0,149.0,139.0
89986,221.0,99.0,123.0,129.0
89987,251.0,120.0,150.0,147.0
89988,257.0,122.0,155.0,140.0
89989,237.0,72.0,145.0,135.0
89990,263.0,132.0,150.0,143.0
89991,256.0,93.0,167.0,159.0
89992,246.0,136.0,142.0,135.0
89993,281.0,82.0,146.0,159.0
89994,257.0,125.0,146.0,152.0
89995,242.0,80.0,127.0,141.0
89996,256.0,223.0,135.0,155.0
89997,264.0,227.0,162.0,143.0
89998,240.0,144.0,125.0,130.0
89999,274.0,95.0,160.0,162.0
90000,268.0,147.0,147.0,149.0
90001,261.0,109.0,154.0,131.0
90002,241.0,110.0,127.0,140.0
90003,237.0,119.0,133.0,138.0
90004,242.0,79.0,121.0,141.0
90005,229.0,104.0,132.0,122.0
90006,249.0,104.0,126.0,139.0
90007,250.0,123.0,124.0,147.0
90008,237.0,53.0,128.0,124.0
90009,243.0,108.0,142.0,124.0
90010,252.0,85.0,143.0,145.0
90011,253.0,159.0,133.0,133.0
90012,240.0,80.0,144.0,123.0
90013,236.0,88.0,121.0,136.0
90014,250.0,167.0,138.0,148.0
90015,250.0,118.0,136.0,139.0
90016,246.0,106.0,137.0,143.0
90017,239.0,208.0,138.0,136.0
90018,262.0,99.0,145.0,152.0
90019,263.0,99.0,156.0,155.0
90020,256.0,114.0,134.0,133.0
90021,265.0,113.0,142.0,138.0
90022,243.0,87.0,138.0,144.0
90023,255.0,103.0,151.0,133.0
90024,242.0,104.0,135.0,140.0
90025,267.0,244.0,159.0,163.0
90026,249.0,108.0,132.0,152.0
90027,243.0,134.0,137.0,121.0
90028,236.0,230.0,150.0,135.0
90029,240.0,149.0,136.0,128.0
90030,240.0,208.0,141.0,145.0
90031,233.0,110.0,128.0,146.0
90032,260.0,98.0,158.0,139.0
90033,251.0,123.0,130.0,153.0
90034,253.0,127.0,132.0,149.0
90035,261.0,98.0,144.0,146.0
90036,237.0,87.0,135.0,146.0
90037,255.0,94.0,132.0,146.0
90038,243.0,92.0,148.0,138.0
90039,233.0,100.0,137.0,140.0
90040,242.0,112.0,136.0,151.0
90041,236.0,123.0,122.0,130.0
90042,245.0,86.0,136.0,134.0
90043,257.0,109.0,151.0,154.0
90044,236.0,229.0,122.0,137.0
90045,273.0,97.0,146.0,159.0
90046,235.0,114.0,119.0,129.0
90047,244.0,90.0,141.0,140.0
90048,276.0,88.0,145.0,150.0
90049,255.0,50.0,124.0,135.0
90050,251.0,80.0,158.0,147.0
90051,254.0,76.0,142.0,151.0
90052,252.0,104.0,149.0,141.0
90053,242.0,77.0,139.0,138.0
90054,260.0,127.0,156.0,146.0
90055,257.0,128.0,137.0,152.0
90056,286.0,113.0,162.0,161.0
90057,241.0,119.0,146.0,132.0
90058,239.0,84.0,127.0,129.0
90059,238.0,218.0,130.0,141.0
90060,229.0,157.0,120.0,118.0
90061,241.0,98.0,135.0,135.0
90062,251.0,135.0,137.0,150.0
90063,245.0,220.0,144.0,138.0
90064,261.0,252.0,141.0,137.0
90065,253.0,89.0,139.0,131.0
90066,248.0,135.0,145.0,146.0
90067,273.0,138.0,144.0,160.0
90068,278.0,177.0,171.0,158.0
90069,285.0,74.0,153.0,146.0
90070,273.0,98.0,152.0,158.0
90071,246.0,235.0,130.0,152.0
90072,241.0,95.0,137.0,133.0
90073,230.0,104.0,123.0,122.0
90074,255.0,110.0,155.0,134.0
90075,248.0,114.0,149.0,135.0
90076,232.0,104.0,129.0,136.0
90077,273.0,79.0,157.0,167.0
90078,244.0,147.0,144.0,111.0
90079,260.0,164.0,159.0,144.0
90080,235.0,203.0,132.0,136.0
90081,269.0,198.0,162.0,137.0
90082,246.0,116.0,141.0,122.0
90083,275.0,231.0,162.0,156.0
90084,267.0,129.0,144.0,146.0
90085,241.0,78.0,128.0,137.0
90086,255.0,90.0,140.0,144.0
90087,254.0,253.0,140.0,137.0
90088,254.0,224.0,139.0,146.0
90089,250.0,114.0,134.0,143.0
90090,248.0,122.0,142.0,153.0
90091,246.0,209.0,135.0,134.0
90092,241.0,214.0,128.0,140.0
90093,244.0,110.0,141.0,134.0
90094,264.0,138.0,159.0,150.0
90095,258.0,122.0,143.0,155.0
90096,235.0,90.0,139.0,146.0
90097,256.0,106.0,152.0,146.0
90098,249.0,211.0,146.0,140.0
90099,261.0,150.0,145.0,145.0
90100,242.0,117.0,116.0,153.0
90101,266.0,116.0,148.0,140.0
90102,245.0,216.0,156.0,141.0
90103,257.0,134.0,156.0,137.0
90104,226.0,89.0,121.0,133.0
90105,248.0,96.0,131.0,134.0
90106,258.0,132.0,140.0,140.0
90107,260.0,116.0,132.0,141.0
90108,251.0,126.0,139.0,147.0
90109,278.0,106.0,157.0,157.0
90110,256.0,78.0,148.0,163.0
90111,260.0,103.0,142.0,142.0
90112,264.0,145.0,147.0,144.0
90113,276.0,255.0,157.0,148.0
90114,236.0,81.0,133.0,138.0
90115,255.0,121.0,146.0,139.0
90116,259.0,110.0,150.0,149.0
90117,249.0,103.0,134.0,161.0
90118,253.0,93.0,163.0,164.0
90119,243.0,69.0,143.0,131.0
90120,242.0,114.0,135.0,123.0
90121,220.0,71.0,129.0,124.0
90122,265.0,108.0,152.0,146.0
90123,248.0,84.0,140.0,150.0
90124,269.0,236.0,151.0,144.0
90125,254.0,253.0,151.0,138.0
90126,278.0,137.0,150.0,163.0
90127,259.0,99.0,129.0,138.0
90128,237.0,113.0,137.0,138.0
90129,235.0,129.0,132.0,139.0
90130,244.0,86.0,142.0,141.0
90131,245.0,157.0,137.0,144.0
90132,233.0,89.0,134.0,150.0
90133,230.0,80.0,131.0,139.0
90134,221.0,88.0,116.0,122.0
90135,261.0,171.0,151.0,137.0
90136,234.0,101.0,138.0,125.0
90137,258.0,115.0,154.0,133.0
90138,262.0,102.0,148.0,143.0
90139,260.0,94.0,135.0,148.0
90140,243.0,220.0,128.0,140.0
90141,228.0,57.0,139.0,121.0
90142,254.0,223.0,137.0,144.0
90143,244.0,109.0,143.0,140.0
90144,239.0,206.0,115.0,124.0
90145,232.0,80.0,128.0,119.0
90146,256.0,132.0,140.0,143.0
90147,241.0,85.0,135.0,139.0
90148,264.0,144.0,144.0,148.0
90149,271.0,162.0,162.0,157.0
90150,268.0,118.0,160.0,148.0
90151,250.0,137.0,135.0,139.0
90152,237.0,86.0,132.0,139.0
90153,248.0,93.0,152.0,131.0
90154,257.0,145.0,135.0,139.0
90155,247.0,124.0,136.0,135.0
90156,260.0,153.0,149.0,152.0
90157,283.0,250.0,143.0,143.0
90158,237.0,81.0,129.0,119.0
90159,247.0,85.0,146.0,125.0
90160,243.0,105.0,146.0,137.0
90161,218.0,67.0,138.0,114.0
90162,251.0,219.0,154.0,134.0
90163,247.0,215.0,139.0,149.0
90164,253.0,114.0,146.0,147.0
90165,249.0,88.0,136.0,142.0
90166,254.0,228.0,156.0,137.0
90167,265.0,163.0,149.0,140.0
90168,227.0,101.0,129.0,127.0
90169,262.0,125.0,150.0,146.0
90170,252.0,215.0,143.0,125.0
90171,261.0,235.0,147.0,162.0
90172,240.0,115.0,132.0,126.0
90173,271.0,154.0,143.0,145.0
90174,277.0,100.0,146.0,148.0
90175,243.0,219.0,119.0,128.0
90176,254.0,133.0,143.0,135.0
90177,264.0,110.0,148.0,151.0
90178,264.0,108.0,147.0,151.0
90179,257.0,227.0,146.0,146.0
90180,253.0,112.0,135.0,141.0
90181,238.0,78.0,136.0,140.0
90182,256.0,110.0,166.0,137.0
90183,232.0,106.0,138.0,118.0
90184,253.0,114.0,130.0,132.0
90185,233.0,55.0,127.0,123.0
90186,272.0,248.0,145.0,148.0
90187,245.0,217.0,140.0,134.0
90188,240.0,95.0,130.0,129.0
90189,245.0,113.0,126.0,145.0
90190,264.0,72.0,157.0,159.0
90191,245.0,244.0,144.0,142.0
90192,266.0,120.0,139.0,143.0
90193,250.0,102.0,141.0,133.0
90194,232.0,119.0,118.0,131.0
90195,248.0,202.0,154.0,128.0
90196,256.0,162.0,137.0,142.0
90197,256.0,129.0,144.0,151.0
90198,234.0,96.0,126.0,114.0
90199,237.0,134.0,136.0,137.0
90200,253.0,110.0,156.0,146.0
90201,251.0,94.0,130.0,135.0
90202,256.0,226.0,133.0,136.0
90203,242.0,78.0,125.0,142.0
90204,240.0,94.0,150.0,144.0
90205,243.0,73.0,144.0,134.0
90206,277.0,166.0,149.0,136.0
90207,242.0,99.0,129.0,151.0
90208,229.0,101.0,126.0,124.0
90209,260.0,132.0,150.0,154.0
90210,251.0,95.0,143.0,143.0
90211,235.0,104.0,123.0,127.0
90212,255.0,128.0,131.0,153.0
90213,253.0,130.0,145.0,152.0
90214,251.0,88.0,130.0,143.0
90215,233.0,128.0,144.0,118.0
90216,246.0,203.0,129.0,151.0
90217,257.0,131.0,137.0,144.0
90218,262.0,120.0,151.0,141.0
90219,277.0,94.0,150.0,152.0
90220,254.0,69.0,133.0,147.0
90221,253.0,97.0,142.0,141.0
90222,252.0,96.0,131.0,138.0
90223,267.0,134.0,157.0,151.0
90224,244.0,89.0,130.0,128.0
90225,224.0,90.0,117.0,136.0
90226,248.0,111.0,139.0,137.0
90227,261.0,133.0,130.0,154.0
90228,249.0,90.0,140.0,132.0
90229,254.0,63.0,141.0,150.0
90230,234.0,99.0,135.0,121.0
90231,248.0,115.0,147.0,141.0
90232,248.0,114.0,157.0,148.0
90233,264.0,148.0,141.0,141.0
90234,269.0,115.0,142.0,160.0
90235,265.0,134.0,167.0,142.0
90236,280.0,86.0,155.0,156.0
90237,250.0,94.0,137.0,151.0
90238,244.0,116.0,127.0,130.0
90239,231.0,65.0,141.0,120.0
90240,250.0,116.0,132.0,152.0
90241,259.0,130.0,144.0,152.0
90242,227.0,211.0,123.0,119.0
90243,252.0,111.0,138.0,142.0
90244,236.0,60.0,132.0,131.0
90245,270.0,235.0,159.0,162.0
90246,259.0,107.0,152.0,142.0
90247,213.0,73.0,116.0,117.0
90248,258.0,202.0,156.0,140.0
90249,248.0,143.0,143.0,138.0
90250,262.0,115.0,146.0,148.0
90251,232.0,91.0,131.0,116.0
90252,248.0,151.0,152.0,138.0
90253,250.0,95.0,142.0,133.0
90254,273.0,114.0,158.0,154.0
90255,277.0,52.0,168.0,153.0
90256,243.0,214.0,134.0,134.0
90257,242.0,79.0,130.0,134.0
90258,265.0,116.0,146.0,160.0
90259,222.0,119.0,139.0,125.0
90260,239.0,106.0,132.0,122.0
90261,293.0,134.0,166.0,169.0
90262,237.0,209.0,134.0,134.0
90263,238.0,95.0,141.0,136.0
90264,250.0,88.0,139.0,155.0
90265,248.0,178.0,122.0,127.0
90266,266.0,132.0,134.0,142.0
90267,252.0,247.0,144.0,139.0
90268,267.0,230.0,144.0,147.0
90269,234.0,208.0,133.0,135.0
90270,253.0,102.0,126.0,156.0
90271,254.0,65.0,134.0,135.0
90272,264.0,127.0,136.0,150.0
90273,267.0,150.0,138.0,152.0
90274,263.0,162.0,143.0,150.0
90275,246.0,237.0,160.0,144.0
90276,226.0,107.0,136.0,135.0
90277,267.0,229.0,144.0,167.0
90278,234.0,119.0,134.0,130.0
90279,228.0,195.0,136.0,124.0
90280,247.0,120.0,138.0,144.0
90281,264.0,114.0,149.0,145.0
90282,260.0,120.0,142.0,138.0
90283,243.0,139.0,141.0,136.0
90284,268.0,121.0,165.0,153.0
90285,251.0,55.0,148.0,146.0
90286,268.0,102.0,142.0,144.0
90287,238.0,43.0,143.0,143.0
90288,248.0,100.0,142.0,152.0
90289,252.0,201.0,141.0,135.0
90290,263.0,134.0,155.0,142.0
90291,261.0,231.0,143.0,143.0
90292,242.0,106.0,116.0,138.0
90293,259.0,78.0,143.0,141.0
90294,263.0,110.0,156.0,156.0
90295,260.0,151.0,156.0,130.0
90296,264.0,254.0,148.0,132.0
90297,269.0,68.0,158.0,154.0
90298,255.0,81.0,141.0,138.0
90299,253.0,227.0,145.0,134.0
90300,244.0,131.0,135.0,138.0
90301,238.0,117.0,128.0,140.0
90302,261.0,109.0,139.0,158.0
90303,245.0,81.0,137.0,135.0
90304,264.0,229.0,144.0,137.0
90305,253.0,186.0,126.0,140.0
90306,254.0,138.0,134.0,138.0
90307,251.0,89.0,144.0,129.0
90308,269.0,240.0,161.0,157.0
90309,259.0,103.0,149.0,134.0
90310,257.0,119.0,139.0,152.0
90311,227.0,63.0,109.0,126.0
90312,258.0,152.0,148.0,160.0
90313,245.0,68.0,152.0,128.0
90314,238.0,100.0,130.0,131.0
90315,247.0,240.0,130.0,137.0
90316,249.0,222.0,146.0,143.0
90317,236.0,148.0,129.0,129.0
90318,275.0,187.0,151.0,145.0
90319,251.0,137.0,149.0,142.0
90320,248.0,100.0,153.0,162.0
90321,251.0,83.0,142.0,154.0
90322,233.0,97.0,131.0,130.0
90323,247.0,79.0,148.0,126.0
90324,226.0,93.0,128.0,123.0
90325,245.0,66.0,130.0,128.0
90326,258.0,145.0,142.0,142.0
90327,241.0,198.0,150.0,135.0
90328,257.0,134.0,144.0,148.0
90329,232.0,94.0,133.0,133.0
90330,244.0,102.0,137.0,135.0
90331,250.0,94.0,153.0,136.0
90332,254.0,107.0,148.0,150.0
90333,225.0,195.0,133.0,132.0
90334,244.0,94.0,128.0,120.0
90335,256.0,214.0,147.0,156.0
90336,264.0,178.0,143.0,141.0
90337,254.0,105.0,131.0,147.0
90338,243.0,91.0,129.0,130.0
90339,248.0,214.0,158.0,126.0
90340,224.0,82.0,130.0,122.0
90341,260.0,118.0,147.0,155.0
90342,233.0,99.0,137.0,127.0
90343,252.0,143.0,134.0,142.0
90344,251.0,134.0,157.0,138.0
90345,245.0,118.0,148.0,144.0
90346,243.0,83.0,146.0,127.0
90347,252.0,214.0,154.0,141.0
90348,243.0,115.0,140.0,138.0
90349,229.0,116.0,124.0,123.0
90350,253.0,179.0,141.0,155.0
90351,269.0,81.0,150.0,146.0
90352,259.0,111.0,143.0,139.0
90353,261.0,133.0,155.0,153.0
90354,234.0,104.0,134.0,125.0
90355,248.0,116.0,131.0,134.0
90356,245.0,236.0,154.0,144.0
90357,237.0,78.0,120.0,131.0
90358,284.0,93.0,154.0,171.0
90359,251.0,102.0,147.0,140.0
90360,237.0,203.0,127.0,149.0
90361,249.0,111.0,143.0,146.0
90362,260.0,108.0,162.0,145.0
90363,250.0,98.0,133.0,143.0
90364,242.0,209.0,134.0,136.0
90365,271.0,119.0,161.0,156.0
90366,256.0,92.0,147.0,149.0
90367,270.0,182.0,165.0,153.0
90368,251.0,152.0,142.0,131.0
90369,238.0,120.0,136.0,130.0
90370,254.0,248.0,145.0,134.0
90371,262.0,227.0,137.0,160.0
90372,249.0,116.0,122.0,138.0
90373,254.0,65.0,138.0,133.0
90374,269.0,85.0,144.0,144.0
90375,257.0,75.0,129.0,155.0
90376,253.0,91.0,166.0,148.0
90377,246.0,133.0,154.0,137.0
90378,244.0,117.0,147.0,138.0
90379,253.0,99.0,153.0,141.0
90380,253.0,90.0,149.0,154.0
90381,253.0,168.0,142.0,150.0
90382,263.0,143.0,143.0,146.0
90383,256.0,96.0,134.0,138.0
90384,271.0,124.0,144.0,157.0
90385,249.0,77.0,122.0,135.0
90386,268.0,128.0,149.0,156.0
90387,241.0,157.0,133.0,124.0
90388,240.0,228.0,135.0,147.0
90389,230.0,218.0,134.0,126.0
90390,258.0,91.0,159.0,134.0
90391,255.0,227.0,149.0,138.0
90392,239.0,85.0,132.0,135.0
90393,260.0,127.0,135.0,147.0
90394,233.0,112.0,128.0,128.0
90395,253.0,104.0,149.0,151.0
90396,264.0,221.0,135.0,142.0
90397,237.0,110.0,125.0,126.0
90398,237.0,142.0,125.0,134.0
90399,240.0,123.0,122.0,128.0
90400,256.0,122.0,157.0,147.0
90401,241.0,82.0,132.0,130.0
90402,243.0,102.0,143.0,128.0
90403,264.0,180.0,143.0,158.0
90404,250.0,242.0,138.0,131.0
90405,249.0,97.0,147.0,139.0
90406,264.0,227.0,153.0,151.0
90407,249.0,203.0,128.0,135.0
90408,233.0,202.0,123.0,132.0
90409,267.0,143.0,147.0,165.0
90410,250.0,225.0,133.0,142.0
90411,256.0,219.0,139.0,137.0
90412,251.0,72.0,125.0,142.0
90413,260.0,117.0,145.0,146.0
90414,234.0,83.0,132.0,124.0
90415,244.0,221.0,133.0,141.0
90416,234.0,71.0,138.0,134.0
90417,245.0,75.0,135.0,139.0
90418,261.0,91.0,160.0,149.0
90419,239.0,103.0,131.0,139.0
90420,267.0,240.0,153.0,151.0
90421,256.0,93.0,146.0,136.0
90422,261.0,150.0,140.0,128.0
90423,255.0,103.0,128.0,149.0
90424,233.0,147.0,121.0,128.0
90425,251.0,229.0,129.0,139.0
90426,247.0,132.0,137.0,138.0
90427,251.0,97.0,153.0,148.0
90428,235.0,112.0,130.0,124.0
90429,236.0,205.0,129.0,131.0
90430,242.0,50.0,144.0,141.0
90431,241.0,65.0,150.0,130.0
90432,252.0,100.0,140.0,145.0
90433,248.0,141.0,141.0,144.0
90434,249.0,148.0,132.0,149.0
90435,252.0,210.0,134.0,145.0
90436,283.0,138.0,165.0,150.0
90437,269.0,134.0,158.0,156.0
90438,253.0,126.0,135.0,140.0
90439,236.0,114.0,132.0,124.0
90440,250.0,173.0,128.0,151.0
90441,255.0,230.0,146.0,143.0
90442,237.0,69.0,125.0,136.0
90443,248.0,110.0,154.0,128.0
90444,264.0,217.0,151.0,155.0
90445,239.0,103.0,147.0,132.0
90446,266.0,144.0,159.0,148.0
90447,248.0,218.0,130.0,127.0
90448,255.0,113.0,165.0,128.0
90449,248.0,213.0,167.0,139.0
90450,254.0,82.0,155.0,147.0
90451,221.0,63.0,120.0,136.0
90452,237.0,97.0,149.0,141.0
90453,240.0,193.0,122.0,124.0
90454,245.0,115.0,121.0,128.0
90455,258.0,123.0,139.0,148.0
90456,257.0,71.0,154.0,142.0
90457,229.0,120.0,131.0,120.0
90458,265.0,114.0,147.0,136.0
90459,253.0,63.0,135.0,150.0
90460,253.0,124.0,139.0,143.0
90461,268.0,116.0,151.0,153.0
90462,238.0,74.0,141.0,133.0
90463,252.0,115.0,145.0,147.0
90464,275.0,135.0,146.0,153.0
90465,233.0,138.0,136.0,115.0
90466,255.0,91.0,149.0,147.0
90467,236.0,98.0,135.0,129.0
90468,260.0,129.0,149.0,152.0
90469,258.0,134.0,149.0,145.0
90470,236.0,142.0,122.0,110.0
90471,269.0,149.0,137.0,136.0
90472,259.0,138.0,142.0,147.0
90473,257.0,225.0,143.0,150.0
90474,253.0,119.0,138.0,139.0
90475,252.0,136.0,147.0,145.0
90476,258.0,217.0,151.0,144.0
90477,242.0,213.0,156.0,138.0
90478,255.0,77.0,152.0,148.0
90479,250.0,222.0,143.0,141.0
90480,240.0,119.0,131.0,140.0
90481,268.0,85.0,143.0,156.0
90482,289.0,71.0,158.0,164.0
90483,246.0,225.0,127.0,132.0
90484,242.0,199.0,137.0,133.0
90485,225.0,76.0,110.0,119.0
90486,269.0,80.0,148.0,155.0
90487,236.0,201.0,127.0,142.0
90488,273.0,92.0,165.0,174.0
90489,243.0,115.0,137.0,135.0
90490,242.0,100.0,137.0,148.0
90491,265.0,230.0,147.0,143.0
90492,265.0,89.0,139.0,144.0
90493,271.0,154.0,158.0,153.0
90494,254.0,119.0,130.0,129.0
90495,243.0,115.0,141.0,132.0
90496,279.0,172.0,166.0,156.0
90497,236.0,213.0,144.0,136.0
90498,241.0,208.0,137.0,137.0
90499,251.0,112.0,149.0,132.0
90500,259.0,146.0,153.0,134.0
90501,253.0,112.0,139.0,146.0
90502,245.0,133.0,159.0,142.0
90503,265.0,107.0,141.0,150.0
90504,263.0,165.0,138.0,127.0
90505,246.0,208.0,153.0,131.0
90506,243.0,196.0,133.0,149.0
90507,247.0,124.0,134.0,141.0
90508,263.0,91.0,141.0,156.0
90509,257.0,148.0,153.0,144.0
90510,229.0,85.0,123.0,124.0
90511,250.0,88.0,145.0,144.0
90512,245.0,208.0,153.0,133.0
90513,246.0,130.0,144.0,145.0
90514,225.0,117.0,123.0,133.0
90515,248.0,143.0,145.0,134.0
90516,234.0,98.0,138.0,120.0
90517,242.0,123.0,138.0,133.0
90518,244.0,121.0,155.0,123.0
90519,247.0,145.0,146.0,143.0
90520,243.0,62.0,133.0,137.0
90521,243.0,113.0,127.0,130.0
90522,242.0,124.0,132.0,141.0
90523,227.0,92.0,128.0,128.0
90524,250.0,71.0,139.0,149.0
90525,259.0,111.0,145.0,141.0
90526,247.0,214.0,150.0,142.0
90527,239.0,232.0,135.0,146.0
90528,236.0,86.0,120.0,144.0
90529,261.0,138.0,130.0,161.0
90530,265.0,233.0,151.0,157.0
90531,241.0,89.0,143.0,141.0
90532,240.0,214.0,140.0,129.0
90533,250.0,79.0,133.0,134.0
90534,253.0,123.0,135.0,132.0
90535,252.0,219.0,156.0,145.0
90536,263.0,130.0,143.0,158.0
90537,249.0,122.0,137.0,136.0
90538,233.0,200.0,127.0,125.0
90539,272.0,150.0,166.0,161.0
90540,263.0,134.0,144.0,151.0
90541,237.0,143.0,130.0,127.0
90542,257.0,213.0,153.0,145.0
90543,253.0,131.0,140.0,144.0
90544,240.0,92.0,119.0,143.0
90545,271.0,238.0,171.0,161.0
90546,241.0,69.0,137.0,138.0
90547,238.0,120.0,151.0,122.0
90548,260.0,105.0,130.0,154.0
90549,243.0,202.0,155.0,151.0
90550,265.0,129.0,161.0,153.0
90551,251.0,151.0,147.0,131.0
90552,265.0,163.0,142.0,155.0
90553,262.0,98.0,155.0,145.0
90554,254.0,232.0,132.0,135.0
90555,239.0,97.0,142.0,126.0
90556,244.0,110.0,126.0,135.0
90557,236.0,206.0,141.0,136.0
90558,242.0,213.0,123.0,136.0
90559,225.0,201.0,130.0,132.0
90560,277.0,84.0,152.0,138.0
90561,259.0,125.0,134.0,128.0
90562,249.0,206.0,148.0,134.0
90563,225.0,106.0,137.0,119.0
90564,257.0,86.0,144.0,152.0
90565,252.0,70.0,161.0,128.0
90566,286.0,157.0,161.0,166.0
90567,235.0,214.0,123.0,131.0
90568,245.0,100.0,143.0,144.0
90569,245.0,129.0,141.0,134.0
90570,245.0,86.0,134.0,130.0
90571,235.0,129.0,120.0,141.0
90572,246.0,97.0,138.0,132.0
90573,267.0,167.0,150.0,137.0
90574,228.0,81.0,135.0,116.0
90575,225.0,59.0,121.0,135.0
90576,245.0,158.0,133.0,147.0
90577,258.0,221.0,141.0,138.0
90578,264.0,106.0,164.0,134.0
90579,239.0,112.0,132.0,109.0
90580,247.0,153.0,147.0,136.0
90581,255.0,88.0,138.0,143.0
90582,237.0,218.0,133.0,116.0
90583,254.0,93.0,145.0,146.0
90584,249.0,207.0,140.0,149.0
90585,247.0,222.0,146.0,137.0
90586,257.0,126.0,160.0,142.0
90587,262.0,120.0,147.0,156.0
90588,245.0,81.0,127.0,143.0
90589,237.0,193.0,123.0,130.0
90590,252.0,94.0,147.0,143.0
90591,249.0,119.0,128.0,139.0
90592,255.0,95.0,142.0,155.0
90593,256.0,176.0,138.0,136.0
90594,256.0,146.0,146.0,139.0
90595,254.0,123.0,151.0,142.0
90596,240.0,198.0,119.0,137.0
90597,247.0,123.0,141.0,140.0
90598,232.0,106.0,133.0,137.0
90599,282.0,271.0,162.0,142.0
90600,239.0,179.0,141.0,136.0
90601,254.0,250.0,136.0,147.0
90602,244.0,85.0,131.0,144.0
90603,250.0,221.0,139.0,148.0
90604,245.0,238.0,137.0,126.0
90605,255.0,193.0,143.0,150.0
90606,271.0,128.0,135.0,160.0
90607,225.0,97.0,129.0,127.0
90608,239.0,98.0,137.0,137.0
90609,226.0,64.0,134.0,131.0
90610,273.0,233.0,164.0,158.0
90611,259.0,106.0,151.0,128.0
90612,262.0,101.0,144.0,150.0
90613,258.0,114.0,147.0,140.0
90614,256.0,136.0,140.0,150.0
90615,229.0,90.0,123.0,119.0
90616,245.0,88.0,138.0,139.0
90617,246.0,100.0,136.0,143.0
90618,245.0,101.0,121.0,133.0
90619,247.0,146.0,151.0,152.0
90620,274.0,232.0,151.0,166.0
90621,260.0,110.0,151.0,142.0
90622,251.0,128.0,132.0,157.0
90623,268.0,123.0,135.0,132.0
90624,250.0,80.0,143.0,140.0
90625,245.0,120.0,137.0,137.0
90626,253.0,110.0,147.0,139.0
90627,265.0,126.0,149.0,164.0
90628,258.0,111.0,136.0,151.0
90629,248.0,77.0,136.0,137.0
90630,255.0,93.0,131.0,145.0
90631,264.0,101.0,155.0,138.0
90632,272.0,145.0,141.0,143.0
90633,234.0,93.0,134.0,136.0
90634,224.0,44.0,120.0,127.0
90635,236.0,68.0,134.0,119.0
90636,243.0,94.0,140.0,147.0
90637,241.0,65.0,134.0,133.0
90638,259.0,133.0,146.0,147.0
90639,252.0,193.0,128.0,146.0
90640,258.0,158.0,140.0,145.0
90641,272.0,115.0,164.0,143.0
90642,272.0,101.0,157.0,163.0
90643,239.0,111.0,129.0,134.0
90644,239.0,131.0,130.0,124.0
90645,268.0,153.0,152.0,150.0
90646,244.0,111.0,125.0,144.0
90647,245.0,237.0,146.0,144.0
90648,253.0,87.0,126.0,129.0
90649,231.0,110.0,120.0,130.0
90650,229.0,105.0,132.0,120.0
90651,254.0,104.0,153.0,133.0
90652,262.0,116.0,132.0,137.0
90653,265.0,130.0,151.0,160.0
90654,242.0,105.0,137.0,139.0
90655,275.0,197.0,173.0,164.0
90656,236.0,92.0,133.0,132.0
90657,262.0,120.0,141.0,150.0
90658,257.0,234.0,133.0,145.0
90659,269.0,115.0,151.0,157.0
90660,293.0,134.0,166.0,177.0
90661,260.0,118.0,146.0,152.0
90662,254.0,55.0,147.0,138.0
90663,255.0,155.0,144.0,140.0
90664,255.0,122.0,137.0,148.0
90665,268.0,226.0,154.0,145.0
90666,246.0,87.0,133.0,141.0
90667,248.0,224.0,141.0,154.0
90668,275.0,243.0,161.0,148.0
90669,257.0,81.0,147.0,158.0
90670,252.0,105.0,133.0,145.0
90671,273.0,193.0,145.0,147.0
90672,257.0,90.0,136.0,128.0
90673,269.0,109.0,160.0,148.0
90674,283.0,146.0,153.0,155.0
90675,267.0,63.0,162.0,162.0
90676,247.0,157.0,134.0,142.0
90677,232.0,107.0,128.0,139.0
90678,257.0,89.0,147.0,157.0
90679,256.0,232.0,140.0,136.0
90680,251.0,132.0,146.0,145.0
90681,231.0,126.0,129.0,133.0
90682,254.0,229.0,136.0,149.0
90683,224.0,191.0,125.0,126.0
90684,257.0,225.0,147.0,136.0
90685,240.0,129.0,136.0,128.0
90686,266.0,141.0,149.0,144.0
90687,256.0,126.0,137.0,141.0
90688,253.0,150.0,125.0,129.0
90689,247.0,119.0,132.0,138.0
90690,233.0,84.0,129.0,134.0
90691,249.0,209.0,148.0,140.0
90692,259.0,72.0,155.0,149.0
90693,269.0,102.0,165.0,149.0
90694,262.0,115.0,136.0,156.0
90695,254.0,128.0,131.0,141.0
90696,240.0,118.0,142.0,132.0
90697,238.0,120.0,140.0,127.0
90698,242.0,117.0,133.0,134.0
90699,260.0,94.0,140.0,149.0
90700,244.0,142.0,134.0,140.0
90701,256.0,59.0,159.0,149.0
90702,242.0,65.0,130.0,135.0
90703,240.0,53.0,148.0,136.0
90704,233.0,109.0,131.0,125.0
90705,264.0,121.0,140.0,142.0
90706,277.0,81.0,156.0,138.0
90707,250.0,218.0,152.0,137.0
90708,258.0,124.0,132.0,138.0
90709,261.0,239.0,157.0,151.0
90710,256.0,148.0,140.0,156.0
90711,243.0,118.0,153.0,140.0
90712,253.0,84.0,127.0,149.0
90713,255.0,103.0,149.0,145.0
90714,251.0,104.0,117.0,138.0
90715,229.0,84.0,126.0,129.0
90716,262.0,146.0,153.0,145.0
90717,250.0,223.0,145.0,146.0
90718,270.0,270.0,157.0,158.0
90719,236.0,140.0,138.0,114.0
90720,250.0,90.0,143.0,155.0
90721,236.0,72.0,135.0,128.0
90722,239.0,102.0,125.0,133.0
90723,261.0,141.0,138.0,149.0
90724,247.0,213.0,150.0,134.0
90725,261.0,170.0,131.0,139.0
90726,242.0,112.0,139.0,133.0
90727,284.0,136.0,157.0,159.0
90728,271.0,122.0,150.0,150.0
90729,253.0,77.0,142.0,141.0
90730,273.0,69.0,151.0,157.0
90731,214.0,114.0,126.0,111.0
90732,260.0,83.0,127.0,149.0
90733,272.0,89.0,159.0,146.0
90734,243.0,129.0,127.0,133.0
90735,270.0,112.0,143.0,136.0
90736,271.0,128.0,164.0,138.0
90737,275.0,88.0,160.0,143.0
90738,268.0,105.0,146.0,139.0
90739,252.0,107.0,149.0,141.0
90740,241.0,125.0,129.0,122.0
90741,256.0,175.0,158.0,138.0
90742,265.0,171.0,148.0,159.0
90743,253.0,229.0,157.0,139.0
90744,247.0,112.0,137.0,152.0
90745,249.0,108.0,143.0,128.0
90746,269.0,150.0,164.0,160.0
90747,251.0,151.0,146.0,145.0
90748,261.0,89.0,154.0,140.0
90749,256.0,152.0,148.0,138.0
90750,260.0,72.0,143.0,142.0
90751,248.0,104.0,146.0,137.0
90752,264.0,97.0,157.0,144.0
90753,242.0,109.0,140.0,149.0
90754,283.0,103.0,166.0,156.0
90755,233.0,88.0,143.0,125.0
90756,251.0,170.0,131.0,159.0
90757,266.0,154.0,159.0,149.0
90758,247.0,147.0,134.0,140.0
90759,256.0,86.0,140.0,144.0
90760,240.0,136.0,126.0,136.0
90761,229.0,106.0,135.0,133.0
90762,262.0,61.0,138.0,162.0
90763,232.0,111.0,125.0,132.0
90764,276.0,227.0,165.0,149.0
90765,253.0,225.0,122.0,155.0
90766,235.0,96.0,133.0,148.0
90767,255.0,68.0,143.0,151.0
90768,258.0,124.0,147.0,148.0
90769,258.0,111.0,147.0,131.0
90770,258.0,141.0,136.0,155.0
90771,236.0,129.0,155.0,137.0
90772,249.0,116.0,134.0,133.0
90773,250.0,78.0,141.0,152.0
90774,254.0,88.0,145.0,133.0
90775,229.0,197.0,127.0,130.0
90776,253.0,131.0,147.0,150.0
90777,235.0,170.0,129.0,129.0
90778,229.0,88.0,119.0,135.0
90779,238.0,126.0,129.0,132.0
90780,265.0,233.0,149.0,156.0
90781,249.0,217.0,132.0,130.0
90782,271.0,107.0,135.0,146.0
90783,248.0,119.0,147.0,134.0
90784,266.0,118.0,127.0,141.0
90785,253.0,116.0,139.0,149.0
90786,245.0,112.0,128.0,150.0
90787,250.0,102.0,144.0,140.0
90788,280.0,174.0,150.0,153.0
90789,238.0,97.0,116.0,134.0
90790,238.0,55.0,124.0,138.0
90791,261.0,72.0,124.0,154.0
90792,260.0,176.0,148.0,145.0
90793,276.0,126.0,142.0,161.0
90794,285.0,226.0,163.0,160.0
90795,259.0,89.0,136.0,151.0
90796,251.0,169.0,144.0,141.0
90797,259.0,64.0,142.0,142.0
90798,239.0,75.0,136.0,141.0
90799,261.0,236.0,154.0,154.0
90800,238.0,142.0,132.0,134.0
90801,258.0,136.0,136.0,124.0
90802,270.0,165.0,145.0,155.0
90803,233.0,124.0,134.0,119.0
90804,243.0,136.0,146.0,142.0
90805,256.0,134.0,148.0,154.0
90806,285.0,176.0,143.0,160.0
90807,251.0,133.0,136.0,142.0
90808,240.0,82.0,139.0,135.0
90809,240.0,63.0,132.0,138.0
90810,226.0,194.0,133.0,131.0
90811,239.0,166.0,150.0,128.0
90812,254.0,106.0,131.0,146.0
90813,243.0,202.0,133.0,133.0
90814,239.0,80.0,122.0,149.0
90815,268.0,129.0,144.0,150.0
90816,253.0,107.0,142.0,146.0
90817,235.0,102.0,140.0,138.0
90818,268.0,96.0,148.0,151.0
90819,260.0,250.0,148.0,142.0
90820,248.0,70.0,139.0,134.0
90821,232.0,105.0,134.0,128.0
90822,260.0,142.0,159.0,141.0
90823,255.0,185.0,137.0,147.0
90824,238.0,147.0,142.0,130.0
90825,257.0,125.0,138.0,155.0
90826,241.0,126.0,142.0,133.0
90827,240.0,236.0,123.0,127.0
90828,242.0,106.0,131.0,128.0
90829,265.0,105.0,143.0,144.0
90830,257.0,131.0,154.0,141.0
90831,255.0,89.0,159.0,145.0
90832,258.0,88.0,145.0,138.0
90833,270.0,143.0,136.0,145.0
90834,245.0,193.0,136.0,129.0
90835,275.0,238.0,162.0,152.0
90836,248.0,136.0,138.0,126.0
90837,244.0,179.0,150.0,148.0
90838,261.0,138.0,150.0,144.0
90839,261.0,97.0,147.0,139.0
90840,256.0,102.0,158.0,142.0
90841,248.0,100.0,152.0,151.0
90842,280.0,105.0,165.0,167.0
90843,262.0,116.0,144.0,145.0
90844,279.0,114.0,164.0,151.0
90845,245.0,128.0,129.0,140.0
90846,253.0,70.0,135.0,137.0
90847,254.0,96.0,140.0,136.0
90848,238.0,214.0,129.0,132.0
90849,240.0,116.0,134.0,139.0
90850,248.0,125.0,146.0,145.0
90851,240.0,121.0,126.0,138.0
90852,240.0,102.0,132.0,131.0
90853,242.0,104.0,121.0,135.0
90854,283.0,159.0,158.0,170.0
90855,258.0,117.0,135.0,138.0
90856,252.0,131.0,141.0,144.0
90857,259.0,88.0,147.0,146.0
90858,230.0,96.0,131.0,120.0
90859,256.0,137.0,143.0,143.0
90860,245.0,110.0,134.0,145.0
90861,251.0,174.0,138.0,144.0
90862,252.0,243.0,141.0,130.0
90863,258.0,210.0,143.0,145.0
90864,247.0,91.0,135.0,136.0
90865,246.0,93.0,133.0,134.0
90866,269.0,143.0,149.0,139.0
90867,247.0,135.0,131.0,136.0
90868,251.0,83.0,155.0,131.0
90869,266.0,123.0,142.0,149.0
90870,214.0,91.0,121.0,106.0
90871,235.0,197.0,128.0,146.0
90872,239.0,201.0,138.0,150.0
90873,278.0,125.0,153.0,147.0
90874,251.0,90.0,137.0,142.0
90875,269.0,138.0,136.0,150.0
90876,232.0,97.0,131.0,130.0
90877,245.0,203.0,146.0,147.0
90878,265.0,232.0,143.0,143.0
90879,247.0,220.0,144.0,136.0
90880,275.0,175.0,158.0,157.0
90881,258.0,98.0,157.0,159.0
90882,254.0,155.0,130.0,131.0
90883,250.0,123.0,147.0,143.0
90884,254.0,143.0,145.0,140.0
90885,248.0,87.0,141.0,145.0
90886,254.0,86.0,145.0,152.0
90887,258.0,165.0,147.0,152.0
90888,266.0,176.0,142.0,144.0
90889,259.0,168.0,169.0,136.0
90890,228.0,85.0,125.0,143.0
90891,239.0,97.0,137.0,135.0
90892,278.0,107.0,155.0,151.0
90893,283.0,235.0,150.0,144.0
90894,254.0,214.0,151.0,143.0
90895,266.0,106.0,159.0,137.0
90896,240.0,76.0,151.0,123.0
90897,273.0,113.0,150.0,172.0
90898,249.0,118.0,137.0,133.0
90899,237.0,78.0,132.0,143.0
90900,234.0,114.0,142.0,130.0
90901,264.0,116.0,160.0,144.0
90902,237.0,88.0,126.0,135.0
90903,242.0,125.0,125.0,139.0
90904,262.0,110.0,151.0,151.0
90905,263.0,144.0,137.0,144.0
90906,238.0,100.0,133.0,132.0
90907,270.0,143.0,151.0,158.0
90908,235.0,100.0,134.0,137.0
90909,254.0,78.0,157.0,149.0
90910,264.0,149.0,147.0,137.0
90911,255.0,130.0,157.0,130.0
90912,237.0,209.0,152.0,126.0
90913,241.0,99.0,130.0,136.0
90914,244.0,70.0,136.0,150.0
90915,240.0,106.0,139.0,131.0
90916,251.0,88.0,143.0,164.0
90917,231.0,202.0,132.0,134.0
90918,253.0,161.0,157.0,131.0
90919,261.0,155.0,149.0,152.0
90920,231.0,48.0,137.0,140.0
90921,227.0,91.0,128.0,127.0
90922,258.0,183.0,147.0,150.0
90923,253.0,100.0,159.0,150.0
90924,250.0,110.0,152.0,145.0
90925,247.0,104.0,144.0,128.0
90926,234.0,74.0,141.0,122.0
90927,240.0,134.0,138.0,123.0
90928,224.0,64.0,137.0,116.0
90929,260.0,110.0,160.0,148.0
90930,264.0,135.0,149.0,142.0
90931,260.0,91.0,138.0,142.0
90932,244.0,209.0,142.0,127.0
90933,236.0,84.0,123.0,135.0
90934,231.0,81.0,137.0,113.0
90935,259.0,107.0,148.0,139.0
90936,233.0,141.0,146.0,125.0
90937,258.0,156.0,144.0,133.0
90938,259.0,97.0,152.0,153.0
90939,258.0,125.0,142.0,148.0
90940,229.0,110.0,119.0,138.0
90941,240.0,121.0,131.0,124.0
90942,241.0,105.0,127.0,140.0
90943,256.0,67.0,134.0,142.0
90944,236.0,97.0,126.0,139.0
90945,235.0,85.0,122.0,135.0
90946,257.0,118.0,140.0,143.0
90947,231.0,116.0,142.0,133.0
90948,228.0,80.0,119.0,128.0
90949,238.0,90.0,120.0,131.0
90950,262.0,74.0,155.0,145.0
90951,260.0,132.0,146.0,142.0
90952,264.0,135.0,161.0,144.0
90953,233.0,203.0,119.0,143.0
90954,258.0,156.0,147.0,156.0
90955,225.0,90.0,129.0,122.0
90956,230.0,87.0,122.0,129.0
90957,269.0,155.0,152.0,144.0
90958,247.0,135.0,139.0,137.0
90959,246.0,92.0,129.0,126.0
90960,254.0,133.0,145.0,151.0
90961,253.0,106.0,150.0,158.0
90962,271.0,153.0,140.0,151.0
90963,254.0,170.0,135.0,141.0
90964,239.0,77.0,138.0,126.0
90965,263.0,83.0,136.0,148.0
90966,235.0,149.0,129.0,143.0
90967,269.0,135.0,166.0,159.0
90968,249.0,117.0,157.0,141.0
90969,261.0,142.0,159.0,155.0
90970,240.0,105.0,131.0,134.0
90971,249.0,205.0,142.0,147.0
90972,226.0,80.0,126.0,118.0
90973,257.0,96.0,135.0,145.0
90974,285.0,124.0,153.0,163.0
90975,254.0,102.0,148.0,144.0
90976,260.0,97.0,145.0,140.0
90977,246.0,210.0,152.0,137.0
90978,251.0,125.0,151.0,138.0
90979,238.0,88.0,135.0,128.0
90980,250.0,167.0,159.0,136.0
90981,260.0,160.0,150.0,144.0
90982,268.0,150.0,158.0,140.0
90983,260.0,189.0,145.0,151.0
90984,245.0,98.0,141.0,133.0
90985,256.0,157.0,137.0,128.0
90986,246.0,92.0,135.0,159.0
90987,252.0,98.0,145.0,141.0
90988,255.0,140.0,143.0,140.0
90989,247.0,107.0,139.0,130.0
90990,264.0,148.0,152.0,140.0
90991,255.0,150.0,148.0,154.0
90992,237.0,134.0,125.0,141.0
90993,259.0,86.0,133.0,124.0
90994,248.0,214.0,125.0,142.0
90995,235.0,114.0,130.0,135.0
90996,229.0,100.0,133.0,128.0
90997,266.0,175.0,150.0,159.0
90998,258.0,81.0,141.0,141.0
90999,268.0,100.0,167.0,160.0
91000,249.0,130.0,135.0,134.0
91001,236.0,85.0,130.0,130.0
91002,260.0,121.0,130.0,144.0
91003,235.0,142.0,145.0,139.0
91004,254.0,90.0,145.0,139.0
91005,239.0,76.0,132.0,131.0
91006,247.0,111.0,147.0,131.0
91007,236.0,108.0,119.0,117.0
91008,245.0,136.0,119.0,143.0
91009,245.0,99.0,138.0,139.0
91010,265.0,140.0,151.0,149.0
91011,257.0,122.0,144.0,145.0
91012,267.0,87.0,162.0,140.0
91013,240.0,163.0,139.0,143.0
91014,243.0,113.0,136.0,123.0
91015,232.0,97.0,130.0,135.0
91016,269.0,68.0,181.0,149.0
91017,243.0,108.0,148.0,122.0
91018,257.0,233.0,157.0,135.0
91019,239.0,96.0,123.0,138.0
91020,251.0,113.0,133.0,151.0
91021,234.0,166.0,130.0,137.0
91022,262.0,82.0,159.0,159.0
91023,255.0,95.0,149.0,140.0
91024,232.0,95.0,121.0,136.0
91025,260.0,153.0,148.0,142.0
91026,280.0,148.0,132.0,159.0
91027,271.0,97.0,148.0,145.0
91028,267.0,259.0,149.0,149.0
91029,258.0,152.0,163.0,146.0
91030,228.0,104.0,128.0,126.0
91031,272.0,100.0,143.0,143.0
91032,247.0,122.0,139.0,126.0
91033,243.0,216.0,137.0,125.0
91034,234.0,108.0,138.0,147.0
91035,272.0,104.0,139.0,158.0
91036,255.0,88.0,148.0,134.0
91037,265.0,137.0,157.0,141.0
91038,254.0,153.0,136.0,147.0
91039,265.0,110.0,145.0,142.0
91040,240.0,131.0,138.0,140.0
91041,246.0,215.0,154.0,130.0
91042,232.0,123.0,132.0,125.0
91043,266.0,77.0,147.0,156.0
91044,239.0,92.0,138.0,131.0
91045,253.0,81.0,143.0,155.0
91046,271.0,65.0,170.0,153.0
91047,203.0,102.0,115.0,119.0
91048,264.0,128.0,150.0,158.0
91049,234.0,68.0,131.0,134.0
91050,249.0,103.0,149.0,132.0
91051,244.0,146.0,125.0,141.0
91052,253.0,117.0,149.0,147.0
91053,235.0,92.0,133.0,131.0
91054,259.0,144.0,149.0,156.0
91055,254.0,129.0,148.0,148.0
91056,260.0,117.0,156.0,144.0
91057,254.0,119.0,131.0,148.0
91058,256.0,183.0,144.0,144.0
91059,246.0,87.0,135.0,127.0
91060,256.0,158.0,140.0,144.0
91061,273.0,106.0,149.0,150.0
91062,236.0,90.0,134.0,125.0
91063,223.0,96.0,123.0,126.0
91064,228.0,162.0,123.0,107.0
91065,268.0,146.0,131.0,166.0
91066,264.0,65.0,148.0,144.0
91067,258.0,118.0,147.0,137.0
91068,248.0,151.0,166.0,128.0
91069,264.0,122.0,144.0,153.0
91070,260.0,126.0,137.0,153.0
91071,245.0,216.0,129.0,131.0
91072,236.0,207.0,132.0,125.0
91073,269.0,145.0,140.0,142.0
91074,256.0,131.0,145.0,134.0
91075,251.0,159.0,141.0,145.0
91076,242.0,211.0,143.0,121.0
91077,249.0,53.0,147.0,130.0
91078,254.0,130.0,149.0,143.0
91079,237.0,112.0,143.0,138.0
91080,245.0,114.0,128.0,146.0
91081,244.0,102.0,142.0,132.0
91082,271.0,88.0,163.0,136.0
91083,227.0,118.0,140.0,125.0
91084,234.0,132.0,138.0,128.0
91085,248.0,93.0,133.0,134.0
91086,237.0,101.0,129.0,128.0
91087,257.0,146.0,139.0,146.0
91088,264.0,154.0,142.0,143.0
91089,248.0,94.0,143.0,144.0
91090,248.0,109.0,138.0,150.0
91091,269.0,129.0,136.0,145.0
91092,254.0,214.0,145.0,148.0
91093,241.0,200.0,155.0,128.0
91094,240.0,128.0,139.0,127.0
91095,250.0,111.0,152.0,143.0
91096,215.0,77.0,127.0,125.0
91097,274.0,173.0,153.0,147.0
91098,268.0,97.0,155.0,156.0
91099,270.0,220.0,156.0,162.0
91100,266.0,128.0,148.0,141.0
91101,243.0,112.0,149.0,148.0
91102,251.0,71.0,138.0,140.0
91103,245.0,122.0,126.0,144.0
91104,256.0,173.0,144.0,149.0
91105,252.0,111.0,155.0,148.0
91106,251.0,221.0,154.0,144.0
91107,242.0,128.0,144.0,144.0
91108,246.0,145.0,133.0,132.0
91109,247.0,215.0,121.0,141.0
91110,265.0,233.0,149.0,157.0
91111,252.0,89.0,157.0,129.0
91112,241.0,73.0,134.0,134.0
91113,246.0,86.0,141.0,139.0
91114,259.0,105.0,167.0,157.0
91115,257.0,90.0,163.0,146.0
91116,238.0,230.0,150.0,123.0
91117,242.0,198.0,126.0,147.0
91118,237.0,92.0,138.0,139.0
91119,247.0,200.0,145.0,135.0
91120,223.0,64.0,116.0,118.0
91121,246.0,211.0,150.0,137.0
91122,242.0,207.0,141.0,147.0
91123,241.0,118.0,145.0,140.0
91124,233.0,189.0,139.0,136.0
91125,256.0,142.0,151.0,135.0
91126,257.0,103.0,151.0,141.0
91127,248.0,102.0,136.0,140.0
91128,235.0,119.0,127.0,120.0
91129,248.0,123.0,138.0,135.0
91130,242.0,117.0,118.0,133.0
91131,252.0,81.0,134.0,133.0
91132,260.0,131.0,141.0,152.0
91133,259.0,109.0,136.0,154.0
91134,244.0,75.0,138.0,142.0
91135,232.0,77.0,124.0,128.0
91136,218.0,106.0,127.0,120.0
91137,222.0,96.0,116.0,142.0
91138,252.0,172.0,135.0,133.0
91139,231.0,95.0,127.0,123.0
91140,266.0,129.0,157.0,148.0
91141,246.0,81.0,131.0,152.0
91142,247.0,94.0,133.0,133.0
91143,270.0,94.0,138.0,147.0
91144,241.0,71.0,136.0,152.0
91145,253.0,152.0,158.0,130.0
91146,236.0,102.0,126.0,141.0
91147,257.0,93.0,148.0,144.0
91148,255.0,100.0,148.0,131.0
91149,236.0,81.0,138.0,131.0
91150,244.0,134.0,135.0,151.0
91151,266.0,120.0,156.0,141.0
91152,255.0,82.0,152.0,129.0
91153,274.0,164.0,152.0,151.0
91154,267.0,200.0,158.0,152.0
91155,256.0,95.0,138.0,135.0
91156,251.0,93.0,143.0,141.0
91157,260.0,133.0,142.0,130.0
91158,268.0,67.0,149.0,163.0
91159,252.0,122.0,137.0,135.0
91160,241.0,133.0,132.0,139.0
91161,235.0,202.0,136.0,147.0
91162,255.0,212.0,147.0,150.0
91163,246.0,143.0,127.0,137.0
91164,244.0,135.0,130.0,136.0
91165,242.0,126.0,146.0,150.0
91166,246.0,108.0,134.0,129.0
91167,238.0,114.0,137.0,151.0
91168,274.0,132.0,146.0,150.0
91169,245.0,163.0,149.0,123.0
91170,244.0,148.0,143.0,162.0
91171,248.0,127.0,143.0,143.0
91172,254.0,107.0,142.0,146.0
91173,249.0,87.0,148.0,141.0
91174,257.0,107.0,129.0,137.0
91175,245.0,105.0,145.0,137.0
91176,240.0,110.0,128.0,141.0
91177,249.0,194.0,129.0,151.0
91178,254.0,117.0,137.0,154.0
91179,297.0,98.0,174.0,159.0
91180,246.0,71.0,155.0,138.0
91181,246.0,204.0,148.0,137.0
91182,249.0,82.0,137.0,120.0
91183,240.0,109.0,150.0,134.0
91184,254.0,105.0,148.0,153.0
91185,256.0,93.0,137.0,153.0
91186,257.0,114.0,147.0,163.0
91187,258.0,152.0,149.0,156.0
91188,274.0,108.0,148.0,160.0
91189,238.0,50.0,129.0,130.0
91190,260.0,76.0,130.0,140.0
91191,225.0,52.0,124.0,115.0
91192,275.0,144.0,149.0,156.0
91193,264.0,122.0,151.0,149.0
91194,272.0,116.0,163.0,152.0
91195,263.0,118.0,152.0,140.0
91196,239.0,94.0,140.0,150.0
91197,245.0,119.0,136.0,151.0
91198,258.0,118.0,150.0,159.0
91199,255.0,118.0,143.0,164.0
91200,245.0,170.0,127.0,145.0
91201,255.0,118.0,146.0,136.0
91202,237.0,105.0,136.0,137.0
91203,251.0,117.0,126.0,127.0
91204,244.0,126.0,143.0,140.0
91205,273.0,96.0,157.0,160.0
91206,248.0,110.0,128.0,130.0
91207,264.0,196.0,175.0,154.0
91208,260.0,153.0,140.0,136.0
91209,272.0,135.0,146.0,152.0
91210,257.0,105.0,154.0,147.0
91211,248.0,108.0,139.0,134.0
91212,248.0,69.0,146.0,141.0
91213,246.0,156.0,134.0,125.0
91214,250.0,96.0,133.0,152.0
91215,262.0,91.0,150.0,145.0
91216,265.0,113.0,149.0,138.0
91217,253.0,109.0,136.0,132.0
91218,246.0,109.0,126.0,147.0
91219,240.0,84.0,139.0,142.0
91220,245.0,169.0,131.0,122.0
91221,250.0,120.0,150.0,151.0
91222,258.0,58.0,138.0,147.0
91223,245.0,149.0,143.0,146.0
91224,267.0,95.0,139.0,145.0
91225,259.0,170.0,152.0,146.0
91226,252.0,93.0,136.0,151.0
91227,258.0,143.0,149.0,140.0
91228,253.0,111.0,146.0,148.0
91229,260.0,229.0,144.0,140.0
91230,252.0,222.0,158.0,133.0
91231,248.0,64.0,138.0,143.0
91232,212.0,72.0,121.0,115.0
91233,243.0,219.0,145.0,133.0
91234,249.0,100.0,141.0,155.0
91235,244.0,121.0,132.0,135.0
91236,264.0,96.0,155.0,136.0
91237,243.0,77.0,144.0,142.0
91238,266.0,86.0,158.0,162.0
91239,284.0,247.0,165.0,163.0
91240,241.0,89.0,138.0,138.0
91241,248.0,125.0,140.0,118.0
91242,272.0,93.0,154.0,150.0
91243,250.0,220.0,131.0,137.0
91244,275.0,120.0,161.0,145.0
91245,257.0,109.0,151.0,158.0
91246,259.0,141.0,152.0,139.0
91247,266.0,98.0,148.0,157.0
91248,259.0,151.0,155.0,154.0
91249,259.0,96.0,136.0,150.0
91250,258.0,221.0,134.0,154.0
91251,255.0,86.0,151.0,141.0
91252,255.0,89.0,133.0,143.0
91253,238.0,83.0,130.0,137.0
91254,254.0,96.0,139.0,134.0
91255,224.0,59.0,132.0,129.0
91256,247.0,108.0,128.0,136.0
91257,229.0,132.0,117.0,130.0
91258,249.0,249.0,156.0,145.0
91259,252.0,119.0,146.0,141.0
91260,251.0,68.0,155.0,125.0
91261,259.0,122.0,145.0,145.0
91262,257.0,101.0,152.0,143.0
91263,243.0,146.0,130.0,145.0
91264,251.0,99.0,134.0,135.0
91265,239.0,203.0,125.0,131.0
91266,247.0,123.0,134.0,130.0
91267,234.0,110.0,132.0,113.0
91268,246.0,77.0,133.0,144.0
91269,257.0,68.0,148.0,156.0
91270,245.0,45.0,141.0,128.0
91271,232.0,232.0,135.0,150.0
91272,255.0,98.0,144.0,138.0
91273,221.0,84.0,133.0,128.0
91274,261.0,212.0,134.0,164.0
91275,255.0,96.0,138.0,141.0
91276,232.0,188.0,127.0,128.0
91277,257.0,94.0,160.0,150.0
91278,242.0,163.0,130.0,125.0
91279,241.0,131.0,128.0,138.0
91280,239.0,105.0,124.0,130.0
91281,236.0,141.0,142.0,124.0
91282,267.0,97.0,150.0,152.0
91283,260.0,158.0,154.0,146.0
91284,255.0,140.0,146.0,128.0
91285,255.0,95.0,149.0,144.0
91286,275.0,109.0,165.0,163.0
91287,231.0,123.0,136.0,126.0
91288,264.0,99.0,150.0,149.0
91289,235.0,146.0,132.0,117.0
91290,275.0,167.0,149.0,156.0
91291,266.0,105.0,147.0,141.0
91292,251.0,90.0,136.0,157.0
91293,243.0,99.0,140.0,145.0
91294,244.0,141.0,144.0,134.0
91295,254.0,85.0,135.0,152.0
91296,279.0,87.0,164.0,165.0
91297,262.0,117.0,149.0,155.0
91298,241.0,154.0,127.0,145.0
91299,241.0,81.0,145.0,135.0
91300,257.0,132.0,163.0,159.0
91301,248.0,41.0,143.0,149.0
91302,234.0,129.0,142.0,140.0
91303,265.0,152.0,155.0,141.0
91304,272.0,118.0,147.0,165.0
91305,258.0,136.0,149.0,136.0
91306,262.0,187.0,143.0,158.0
91307,246.0,125.0,131.0,149.0
91308,251.0,80.0,145.0,145.0
91309,234.0,99.0,130.0,135.0
91310,257.0,145.0,139.0,134.0
91311,247.0,209.0,133.0,140.0
91312,236.0,132.0,138.0,139.0
91313,253.0,98.0,159.0,141.0
91314,240.0,193.0,130.0,132.0
91315,282.0,106.0,153.0,159.0
91316,234.0,142.0,121.0,119.0
91317,243.0,145.0,135.0,132.0
91318,268.0,70.0,165.0,151.0
91319,271.0,112.0,154.0,157.0
91320,253.0,125.0,141.0,133.0
91321,249.0,226.0,136.0,124.0
91322,237.0,132.0,138.0,130.0
91323,252.0,123.0,148.0,140.0
91324,247.0,50.0,154.0,145.0
91325,236.0,105.0,135.0,119.0
91326,266.0,115.0,158.0,143.0
91327,244.0,104.0,137.0,146.0
91328,250.0,96.0,141.0,150.0
91329,270.0,91.0,158.0,153.0
91330,257.0,127.0,141.0,138.0
91331,250.0,75.0,154.0,135.0
91332,245.0,133.0,134.0,131.0
91333,254.0,119.0,154.0,140.0
91334,218.0,144.0,127.0,133.0
91335,226.0,99.0,135.0,119.0
91336,218.0,74.0,124.0,108.0
91337,259.0,226.0,144.0,138.0
91338,256.0,119.0,139.0,147.0
91339,259.0,97.0,161.0,151.0
91340,239.0,145.0,126.0,134.0
91341,237.0,73.0,141.0,134.0
91342,238.0,89.0,132.0,140.0
91343,260.0,103.0,132.0,158.0
91344,246.0,119.0,143.0,124.0
91345,230.0,84.0,134.0,128.0
91346,233.0,114.0,120.0,129.0
91347,246.0,117.0,131.0,143.0
91348,237.0,92.0,140.0,133.0
91349,249.0,210.0,134.0,132.0
91350,233.0,122.0,125.0,132.0
91351,229.0,71.0,122.0,124.0
91352,230.0,94.0,131.0,130.0
91353,256.0,219.0,150.0,151.0
91354,266.0,180.0,133.0,135.0
91355,249.0,125.0,142.0,132.0
91356,250.0,91.0,144.0,145.0
91357,251.0,109.0,127.0,158.0
91358,245.0,122.0,132.0,134.0
91359,245.0,118.0,146.0,140.0
91360,223.0,155.0,124.0,122.0
91361,239.0,82.0,131.0,137.0
91362,267.0,127.0,153.0,152.0
91363,226.0,116.0,127.0,123.0
91364,263.0,140.0,147.0,150.0
91365,266.0,154.0,156.0,152.0
91366,251.0,86.0,141.0,130.0
91367,236.0,105.0,126.0,115.0
91368,253.0,128.0,152.0,139.0
91369,247.0,83.0,135.0,134.0
91370,288.0,133.0,161.0,166.0
91371,236.0,107.0,132.0,129.0
91372,253.0,107.0,144.0,144.0
91373,265.0,104.0,153.0,144.0
91374,285.0,158.0,161.0,157.0
91375,245.0,198.0,130.0,133.0
91376,250.0,112.0,134.0,147.0
91377,240.0,152.0,134.0,130.0
91378,251.0,216.0,156.0,127.0
91379,266.0,131.0,136.0,145.0
91380,253.0,117.0,135.0,124.0
91381,234.0,110.0,128.0,126.0
91382,248.0,141.0,140.0,135.0
91383,237.0,206.0,123.0,129.0
91384,250.0,80.0,145.0,140.0
91385,241.0,93.0,138.0,135.0
91386,250.0,82.0,151.0,149.0
91387,272.0,135.0,160.0,170.0
91388,263.0,98.0,163.0,130.0
91389,252.0,105.0,152.0,126.0
91390,274.0,195.0,146.0,161.0
91391,239.0,109.0,121.0,143.0
91392,257.0,147.0,143.0,146.0
91393,254.0,117.0,132.0,147.0
91394,250.0,135.0,154.0,144.0
91395,263.0,79.0,126.0,152.0
91396,249.0,97.0,134.0,147.0
91397,280.0,223.0,172.0,159.0
91398,277.0,104.0,157.0,147.0
91399,238.0,118.0,129.0,137.0
91400,246.0,126.0,149.0,134.0
91401,226.0,98.0,115.0,126.0
91402,257.0,117.0,136.0,140.0
91403,254.0,123.0,145.0,139.0
91404,250.0,222.0,160.0,128.0
91405,251.0,165.0,145.0,137.0
91406,228.0,83.0,131.0,139.0
91407,273.0,147.0,154.0,140.0
91408,255.0,152.0,132.0,151.0
91409,227.0,110.0,133.0,128.0
91410,253.0,94.0,130.0,139.0
91411,271.0,117.0,156.0,151.0
91412,236.0,90.0,131.0,120.0
91413,262.0,62.0,158.0,139.0
91414,220.0,98.0,129.0,119.0
91415,230.0,118.0,134.0,123.0
91416,251.0,63.0,134.0,142.0
91417,240.0,196.0,130.0,127.0
91418,259.0,102.0,146.0,153.0
91419,258.0,113.0,146.0,140.0
91420,251.0,116.0,132.0,146.0
91421,231.0,106.0,142.0,121.0
91422,245.0,94.0,135.0,136.0
91423,279.0,142.0,158.0,150.0
91424,241.0,131.0,140.0,139.0
91425,242.0,163.0,138.0,123.0
91426,251.0,158.0,137.0,138.0
91427,239.0,173.0,131.0,132.0
91428,242.0,103.0,148.0,140.0
91429,244.0,76.0,127.0,134.0
91430,241.0,111.0,131.0,136.0
91431,266.0,81.0,159.0,157.0
91432,217.0,73.0,141.0,132.0
91433,251.0,125.0,146.0,134.0
91434,247.0,130.0,143.0,152.0
91435,231.0,152.0,137.0,124.0
91436,250.0,105.0,146.0,153.0
91437,274.0,147.0,156.0,173.0
91438,259.0,114.0,138.0,133.0
91439,245.0,126.0,119.0,117.0
91440,262.0,124.0,148.0,142.0
91441,240.0,99.0,140.0,129.0
91442,261.0,118.0,147.0,135.0
91443,220.0,68.0,120.0,125.0
91444,229.0,111.0,132.0,128.0
91445,260.0,175.0,140.0,171.0
91446,248.0,119.0,141.0,155.0
91447,248.0,219.0,135.0,132.0
91448,262.0,128.0,155.0,155.0
91449,234.0,75.0,149.0,137.0
91450,259.0,229.0,141.0,146.0
91451,246.0,216.0,130.0,140.0
91452,231.0,108.0,123.0,131.0
91453,255.0,84.0,145.0,125.0
91454,278.0,155.0,149.0,156.0
91455,239.0,101.0,128.0,112.0
91456,286.0,141.0,154.0,160.0
91457,235.0,129.0,122.0,121.0
91458,237.0,89.0,120.0,129.0
91459,260.0,129.0,145.0,151.0
91460,248.0,104.0,141.0,127.0
91461,254.0,124.0,141.0,135.0
91462,232.0,163.0,147.0,142.0
91463,239.0,123.0,130.0,130.0
91464,240.0,162.0,133.0,132.0
91465,242.0,144.0,135.0,143.0
91466,253.0,219.0,148.0,142.0
91467,276.0,110.0,159.0,157.0
91468,265.0,107.0,146.0,162.0
91469,258.0,173.0,142.0,133.0
91470,256.0,68.0,139.0,139.0
91471,230.0,79.0,129.0,124.0
91472,274.0,72.0,148.0,150.0
91473,246.0,116.0,139.0,141.0
91474,259.0,177.0,134.0,149.0
91475,259.0,106.0,143.0,148.0
91476,248.0,143.0,158.0,162.0
91477,263.0,80.0,148.0,145.0
91478,262.0,125.0,144.0,142.0
91479,246.0,96.0,121.0,149.0
91480,244.0,96.0,142.0,133.0
91481,258.0,109.0,130.0,158.0
91482,247.0,118.0,147.0,146.0
91483,273.0,75.0,161.0,159.0
91484,233.0,51.0,122.0,123.0
91485,246.0,110.0,143.0,137.0
91486,245.0,213.0,117.0,139.0
91487,245.0,148.0,140.0,147.0
91488,240.0,129.0,137.0,140.0
91489,257.0,133.0,149.0,128.0
91490,250.0,149.0,139.0,140.0
91491,260.0,101.0,137.0,132.0
91492,255.0,153.0,147.0,149.0
91493,252.0,223.0,138.0,127.0
91494,228.0,129.0,126.0,105.0
91495,268.0,100.0,147.0,142.0
91496,258.0,137.0,156.0,151.0
91497,214.0,84.0,123.0,129.0
91498,248.0,68.0,127.0,138.0
91499,240.0,106.0,144.0,138.0
91500,251.0,107.0,133.0,135.0
91501,252.0,145.0,141.0,136.0
91502,269.0,108.0,153.0,155.0
91503,270.0,155.0,146.0,141.0
91504,239.0,68.0,131.0,128.0
91505,246.0,117.0,137.0,159.0
91506,230.0,103.0,132.0,127.0
91507,253.0,141.0,149.0,137.0
91508,265.0,93.0,147.0,140.0
91509,263.0,134.0,142.0,134.0
91510,262.0,174.0,145.0,142.0
91511,253.0,92.0,140.0,153.0
91512,233.0,103.0,134.0,128.0
91513,268.0,84.0,168.0,147.0
91514,262.0,105.0,149.0,155.0
91515,256.0,123.0,144.0,147.0
91516,239.0,207.0,137.0,144.0
91517,249.0,127.0,136.0,124.0
91518,251.0,128.0,153.0,148.0
91519,251.0,173.0,145.0,127.0
91520,239.0,127.0,140.0,127.0
91521,238.0,129.0,130.0,129.0
91522,236.0,88.0,127.0,135.0
91523,270.0,90.0,138.0,159.0
91524,257.0,100.0,146.0,155.0
91525,253.0,101.0,142.0,155.0
91526,243.0,109.0,130.0,122.0
91527,227.0,227.0,130.0,140.0
91528,231.0,90.0,132.0,130.0
91529,259.0,104.0,150.0,143.0
91530,238.0,113.0,134.0,140.0
91531,252.0,103.0,134.0,155.0
91532,227.0,70.0,126.0,136.0
91533,244.0,217.0,145.0,140.0
91534,244.0,97.0,130.0,142.0
91535,274.0,95.0,165.0,164.0
91536,232.0,64.0,135.0,130.0
91537,256.0,107.0,145.0,145.0
91538,253.0,164.0,135.0,147.0
91539,228.0,109.0,126.0,132.0
91540,225.0,132.0,133.0,124.0
91541,251.0,89.0,142.0,155.0
91542,258.0,109.0,134.0,146.0
91543,263.0,88.0,149.0,144.0
91544,252.0,106.0,138.0,146.0
91545,248.0,109.0,146.0,144.0
91546,251.0,161.0,141.0,144.0
91547,263.0,106.0,143.0,147.0
91548,242.0,86.0,141.0,131.0
91549,243.0,206.0,145.0,133.0
91550,253.0,121.0,154.0,155.0
91551,256.0,132.0,148.0,137.0
91552,275.0,155.0,165.0,154.0
91553,252.0,123.0,148.0,146.0
91554,254.0,146.0,139.0,138.0
91555,252.0,212.0,138.0,130.0
91556,266.0,107.0,149.0,150.0
91557,259.0,100.0,145.0,143.0
91558,272.0,119.0,146.0,152.0
91559,266.0,96.0,137.0,159.0
91560,240.0,116.0,138.0,120.0
91561,260.0,136.0,153.0,137.0
91562,245.0,87.0,120.0,148.0
91563,246.0,160.0,134.0,137.0
91564,254.0,156.0,134.0,147.0
91565,206.0,111.0,124.0,132.0
91566,248.0,139.0,143.0,137.0
91567,244.0,51.0,147.0,133.0
91568,261.0,104.0,148.0,147.0
91569,229.0,105.0,118.0,122.0
91570,247.0,95.0,112.0,137.0
91571,262.0,90.0,153.0,149.0
91572,251.0,78.0,137.0,136.0
91573,259.0,138.0,150.0,162.0
91574,265.0,118.0,159.0,165.0
91575,262.0,164.0,136.0,155.0
91576,246.0,79.0,135.0,142.0
91577,281.0,113.0,160.0,154.0
91578,240.0,108.0,142.0,131.0
91579,235.0,126.0,135.0,123.0
91580,248.0,77.0,130.0,142.0
91581,247.0,139.0,142.0,128.0
91582,269.0,86.0,161.0,148.0
91583,241.0,145.0,146.0,155.0
91584,255.0,209.0,131.0,140.0
91585,253.0,75.0,151.0,137.0
91586,234.0,206.0,143.0,130.0
91587,280.0,124.0,164.0,164.0
91588,254.0,110.0,145.0,139.0
91589,261.0,122.0,134.0,143.0
91590,247.0,77.0,148.0,140.0
91591,250.0,233.0,135.0,132.0
91592,234.0,129.0,132.0,131.0
91593,252.0,182.0,141.0,140.0
91594,255.0,185.0,159.0,150.0
91595,253.0,117.0,152.0,140.0
91596,256.0,108.0,160.0,142.0
91597,267.0,152.0,151.0,161.0
91598,267.0,140.0,152.0,130.0
91599,266.0,176.0,152.0,156.0
91600,232.0,200.0,126.0,110.0
91601,263.0,102.0,141.0,148.0
91602,285.0,175.0,165.0,171.0
91603,261.0,138.0,151.0,148.0
91604,243.0,112.0,137.0,116.0
91605,266.0,115.0,149.0,151.0
91606,233.0,100.0,133.0,126.0
91607,240.0,201.0,143.0,133.0
91608,280.0,111.0,152.0,161.0
91609,266.0,95.0,140.0,132.0
91610,220.0,90.0,119.0,120.0
91611,250.0,83.0,149.0,162.0
91612,255.0,137.0,131.0,146.0
91613,248.0,116.0,138.0,137.0
91614,255.0,174.0,139.0,134.0
91615,278.0,242.0,146.0,164.0
91616,242.0,87.0,150.0,128.0
91617,263.0,229.0,139.0,136.0
91618,257.0,167.0,151.0,140.0
91619,251.0,244.0,150.0,146.0
91620,272.0,228.0,155.0,149.0
91621,241.0,89.0,121.0,124.0
91622,256.0,102.0,136.0,140.0
91623,240.0,233.0,149.0,115.0
91624,262.0,229.0,143.0,148.0
91625,245.0,212.0,131.0,135.0
91626,218.0,55.0,123.0,111.0
91627,259.0,85.0,143.0,149.0
91628,245.0,87.0,111.0,140.0
91629,233.0,98.0,113.0,117.0
91630,237.0,95.0,131.0,135.0
91631,254.0,93.0,124.0,144.0
91632,250.0,121.0,142.0,143.0
91633,262.0,140.0,161.0,150.0
91634,236.0,198.0,132.0,134.0
91635,265.0,134.0,148.0,139.0
91636,233.0,140.0,121.0,129.0
91637,250.0,93.0,150.0,136.0
91638,269.0,224.0,158.0,155.0
91639,252.0,110.0,147.0,140.0
91640,257.0,126.0,140.0,145.0
91641,272.0,127.0,169.0,144.0
91642,262.0,121.0,151.0,143.0
91643,259.0,113.0,152.0,153.0
91644,240.0,135.0,123.0,131.0
91645,268.0,181.0,156.0,156.0
91646,253.0,123.0,139.0,135.0
91647,260.0,95.0,143.0,132.0
91648,273.0,105.0,149.0,150.0
91649,259.0,102.0,136.0,143.0
91650,278.0,97.0,161.0,156.0
91651,255.0,103.0,150.0,137.0
91652,243.0,204.0,139.0,146.0
91653,228.0,179.0,122.0,124.0
91654,275.0,89.0,138.0,154.0
91655,225.0,92.0,133.0,131.0
91656,283.0,125.0,148.0,161.0
91657,217.0,96.0,124.0,128.0
91658,244.0,203.0,151.0,137.0
91659,248.0,92.0,137.0,139.0
91660,248.0,131.0,125.0,129.0
91661,244.0,153.0,132.0,145.0
91662,235.0,94.0,138.0,130.0
91663,229.0,129.0,125.0,129.0
91664,261.0,134.0,142.0,139.0
91665,254.0,142.0,143.0,133.0
91666,254.0,150.0,127.0,146.0
91667,263.0,120.0,145.0,136.0
91668,247.0,85.0,131.0,128.0
91669,283.0,94.0,154.0,146.0
91670,246.0,63.0,133.0,132.0
91671,231.0,166.0,119.0,136.0
91672,243.0,113.0,139.0,133.0
91673,269.0,119.0,154.0,147.0
91674,252.0,133.0,139.0,132.0
91675,253.0,130.0,154.0,132.0
91676,232.0,89.0,133.0,134.0
91677,257.0,99.0,144.0,137.0
91678,251.0,218.0,133.0,147.0
91679,253.0,131.0,140.0,139.0
91680,262.0,103.0,145.0,151.0
91681,248.0,114.0,137.0,127.0
91682,245.0,112.0,114.0,134.0
91683,246.0,67.0,127.0,146.0
91684,250.0,149.0,148.0,155.0
91685,233.0,137.0,124.0,128.0
91686,239.0,174.0,140.0,133.0
91687,252.0,100.0,137.0,145.0
91688,235.0,132.0,128.0,125.0
91689,242.0,107.0,138.0,143.0
91690,266.0,90.0,145.0,159.0
91691,262.0,101.0,151.0,151.0
91692,276.0,115.0,143.0,151.0
91693,254.0,111.0,133.0,142.0
91694,265.0,174.0,141.0,162.0
91695,272.0,109.0,137.0,155.0
91696,262.0,179.0,152.0,143.0
91697,258.0,102.0,137.0,143.0
91698,261.0,114.0,148.0,142.0
91699,253.0,134.0,132.0,137.0
91700,269.0,158.0,145.0,157.0
91701,242.0,147.0,137.0,146.0
91702,256.0,122.0,151.0,138.0
91703,240.0,194.0,142.0,138.0
91704,262.0,143.0,144.0,142.0
91705,235.0,123.0,138.0,143.0
91706,261.0,141.0,141.0,146.0
91707,265.0,149.0,146.0,153.0
91708,245.0,208.0,145.0,148.0
91709,250.0,123.0,141.0,140.0
91710,253.0,119.0,155.0,147.0
91711,259.0,114.0,142.0,145.0
91712,231.0,134.0,130.0,149.0
91713,248.0,226.0,149.0,151.0
91714,246.0,211.0,140.0,142.0
91715,270.0,146.0,149.0,137.0
91716,236.0,144.0,130.0,139.0
91717,253.0,207.0,143.0,145.0
91718,252.0,208.0,142.0,128.0
91719,236.0,93.0,140.0,113.0
91720,253.0,107.0,134.0,122.0
91721,279.0,237.0,154.0,160.0
91722,264.0,114.0,141.0,149.0
91723,263.0,164.0,146.0,147.0
91724,256.0,129.0,145.0,133.0
91725,275.0,144.0,140.0,169.0
91726,283.0,120.0,156.0,151.0
91727,236.0,99.0,137.0,131.0
91728,248.0,180.0,132.0,136.0
91729,224.0,119.0,148.0,126.0
91730,252.0,151.0,141.0,148.0
91731,250.0,123.0,133.0,152.0
91732,211.0,90.0,118.0,121.0
91733,252.0,118.0,134.0,130.0
91734,248.0,210.0,122.0,149.0
91735,277.0,81.0,155.0,156.0
91736,233.0,85.0,126.0,119.0
91737,236.0,83.0,140.0,130.0
91738,254.0,106.0,170.0,143.0
91739,262.0,127.0,150.0,158.0
91740,245.0,160.0,134.0,152.0
91741,229.0,96.0,125.0,119.0
91742,246.0,84.0,145.0,131.0
91743,241.0,233.0,133.0,142.0
91744,260.0,101.0,150.0,143.0
91745,277.0,139.0,150.0,143.0
91746,264.0,157.0,141.0,144.0
91747,237.0,99.0,133.0,121.0
91748,274.0,75.0,146.0,164.0
91749,251.0,91.0,130.0,145.0
91750,266.0,91.0,148.0,151.0
91751,232.0,94.0,133.0,127.0
91752,250.0,208.0,149.0,140.0
91753,265.0,100.0,159.0,141.0
91754,240.0,76.0,137.0,143.0
91755,273.0,205.0,145.0,153.0
91756,268.0,166.0,152.0,164.0
91757,244.0,139.0,125.0,132.0
91758,250.0,245.0,134.0,138.0
91759,272.0,150.0,164.0,132.0
91760,265.0,114.0,163.0,148.0
91761,271.0,112.0,156.0,154.0
91762,262.0,105.0,131.0,148.0
91763,265.0,145.0,145.0,155.0
91764,242.0,107.0,137.0,132.0
91765,250.0,144.0,145.0,153.0
91766,241.0,137.0,138.0,149.0
91767,232.0,77.0,135.0,136.0
91768,221.0,91.0,127.0,127.0
91769,279.0,245.0,156.0,162.0
91770,267.0,126.0,149.0,160.0
91771,224.0,110.0,135.0,124.0
91772,246.0,99.0,139.0,135.0
91773,244.0,119.0,148.0,145.0
91774,255.0,112.0,144.0,137.0
91775,255.0,166.0,133.0,132.0
91776,251.0,106.0,150.0,132.0
91777,233.0,83.0,136.0,125.0
91778,248.0,157.0,134.0,142.0
91779,243.0,55.0,156.0,136.0
91780,264.0,103.0,157.0,148.0
91781,245.0,101.0,148.0,121.0
91782,238.0,110.0,134.0,137.0
91783,259.0,100.0,136.0,141.0
91784,273.0,143.0,155.0,148.0
91785,243.0,192.0,133.0,157.0
91786,262.0,116.0,132.0,147.0
91787,267.0,151.0,154.0,153.0
91788,262.0,99.0,160.0,145.0
91789,251.0,103.0,132.0,133.0
91790,242.0,99.0,119.0,157.0
91791,234.0,99.0,132.0,127.0
91792,240.0,205.0,137.0,139.0
91793,233.0,164.0,126.0,132.0
91794,235.0,114.0,138.0,128.0
91795,264.0,81.0,138.0,140.0
91796,260.0,76.0,141.0,153.0
91797,282.0,139.0,176.0,174.0
91798,260.0,123.0,157.0,152.0
91799,257.0,147.0,146.0,147.0
91800,261.0,144.0,141.0,141.0
91801,209.0,111.0,116.0,130.0
91802,244.0,133.0,146.0,129.0
91803,239.0,91.0,127.0,128.0
91804,228.0,141.0,128.0,142.0
91805,256.0,251.0,141.0,153.0
91806,239.0,103.0,135.0,133.0
91807,245.0,110.0,133.0,135.0
91808,259.0,114.0,155.0,151.0
91809,238.0,115.0,142.0,126.0
91810,245.0,103.0,132.0,130.0
91811,244.0,161.0,132.0,127.0
91812,253.0,119.0,143.0,134.0
91813,250.0,93.0,149.0,146.0
91814,227.0,134.0,121.0,127.0
91815,254.0,86.0,159.0,147.0
91816,243.0,240.0,148.0,140.0
91817,264.0,132.0,146.0,146.0
91818,269.0,133.0,153.0,146.0
91819,242.0,91.0,144.0,133.0
91820,252.0,114.0,140.0,130.0
91821,252.0,52.0,145.0,145.0
91822,255.0,89.0,156.0,137.0
91823,240.0,72.0,147.0,130.0
91824,247.0,76.0,141.0,136.0
91825,242.0,109.0,165.0,133.0
91826,253.0,90.0,144.0,136.0
91827,263.0,222.0,169.0,141.0
91828,232.0,102.0,133.0,145.0
91829,240.0,207.0,138.0,142.0
91830,254.0,142.0,142.0,137.0
91831,245.0,122.0,136.0,131.0
91832,247.0,112.0,141.0,159.0
91833,249.0,109.0,130.0,131.0
91834,250.0,74.0,131.0,135.0
91835,233.0,77.0,129.0,129.0
91836,273.0,91.0,148.0,156.0
91837,244.0,242.0,142.0,159.0
91838,252.0,180.0,136.0,147.0
91839,260.0,98.0,148.0,146.0
91840,283.0,90.0,147.0,166.0
91841,261.0,85.0,146.0,151.0
91842,250.0,107.0,150.0,138.0
91843,248.0,85.0,146.0,136.0
91844,247.0,102.0,135.0,142.0
91845,268.0,122.0,149.0,157.0
91846,234.0,141.0,124.0,135.0
91847,248.0,95.0,145.0,130.0
91848,265.0,146.0,172.0,167.0
91849,253.0,106.0,150.0,141.0
91850,243.0,101.0,131.0,146.0
91851,230.0,100.0,137.0,136.0
91852,270.0,135.0,155.0,155.0
91853,246.0,132.0,137.0,138.0
91854,238.0,108.0,147.0,128.0
91855,223.0,71.0,120.0,124.0
91856,257.0,113.0,160.0,151.0
91857,233.0,129.0,133.0,125.0
91858,256.0,121.0,145.0,147.0
91859,230.0,195.0,132.0,134.0
91860,255.0,221.0,142.0,143.0
91861,246.0,85.0,146.0,119.0
91862,253.0,223.0,155.0,144.0
91863,262.0,147.0,145.0,149.0
91864,225.0,76.0,131.0,131.0
91865,262.0,111.0,151.0,164.0
91866,256.0,80.0,134.0,132.0
91867,236.0,113.0,130.0,144.0
91868,248.0,82.0,140.0,135.0
91869,261.0,134.0,159.0,136.0
91870,257.0,231.0,162.0,143.0
91871,266.0,89.0,151.0,133.0
91872,237.0,127.0,136.0,134.0
91873,269.0,93.0,149.0,142.0
91874,244.0,108.0,137.0,147.0
91875,251.0,118.0,132.0,131.0
91876,248.0,87.0,147.0,152.0
91877,268.0,153.0,138.0,148.0
91878,257.0,116.0,140.0,141.0
91879,270.0,259.0,158.0,173.0
91880,272.0,106.0,137.0,158.0
91881,245.0,66.0,143.0,136.0
91882,239.0,214.0,133.0,146.0
91883,234.0,89.0,129.0,135.0
91884,241.0,87.0,127.0,128.0
91885,243.0,216.0,136.0,134.0
91886,248.0,107.0,145.0,139.0
91887,256.0,90.0,146.0,151.0
91888,242.0,121.0,137.0,141.0
91889,245.0,35.0,143.0,162.0
91890,242.0,79.0,146.0,123.0
91891,259.0,88.0,149.0,126.0
91892,258.0,115.0,155.0,154.0
91893,231.0,91.0,136.0,132.0
91894,258.0,124.0,169.0,129.0
91895,238.0,101.0,124.0,149.0
91896,243.0,99.0,145.0,142.0
91897,266.0,110.0,154.0,149.0
91898,244.0,85.0,150.0,130.0
91899,261.0,128.0,157.0,134.0
91900,261.0,95.0,146.0,149.0
91901,245.0,90.0,148.0,140.0
91902,233.0,105.0,136.0,131.0
91903,238.0,82.0,151.0,140.0
91904,255.0,108.0,133.0,147.0
91905,256.0,191.0,135.0,135.0
91906,249.0,112.0,141.0,135.0
91907,225.0,203.0,141.0,121.0
91908,256.0,223.0,129.0,129.0
91909,266.0,119.0,143.0,143.0
91910,242.0,101.0,140.0,129.0
91911,234.0,95.0,138.0,132.0
91912,250.0,119.0,146.0,136.0
91913,230.0,207.0,134.0,128.0
91914,230.0,108.0,120.0,118.0
91915,259.0,116.0,135.0,143.0
91916,269.0,154.0,151.0,155.0
91917,254.0,141.0,134.0,142.0
91918,246.0,230.0,132.0,132.0
91919,242.0,75.0,130.0,138.0
91920,249.0,122.0,143.0,136.0
91921,274.0,173.0,159.0,154.0
91922,253.0,148.0,151.0,137.0
91923,240.0,128.0,147.0,131.0
91924,230.0,75.0,138.0,119.0
91925,250.0,119.0,121.0,141.0
91926,242.0,61.0,134.0,140.0
91927,253.0,114.0,144.0,141.0
91928,267.0,170.0,147.0,149.0
91929,259.0,114.0,151.0,150.0
91930,223.0,91.0,116.0,130.0
91931,239.0,126.0,132.0,144.0
91932,256.0,103.0,154.0,155.0
91933,271.0,126.0,155.0,157.0
91934,242.0,93.0,145.0,132.0
91935,271.0,264.0,147.0,156.0
91936,242.0,103.0,142.0,141.0
91937,246.0,145.0,130.0,142.0
91938,241.0,105.0,136.0,150.0
91939,251.0,211.0,150.0,138.0
91940,275.0,81.0,145.0,163.0
91941,280.0,146.0,145.0,150.0
91942,235.0,121.0,129.0,120.0
91943,244.0,119.0,138.0,129.0
91944,236.0,134.0,131.0,128.0
91945,244.0,143.0,123.0,126.0
91946,244.0,94.0,149.0,146.0
91947,249.0,122.0,141.0,144.0
91948,249.0,103.0,136.0,145.0
91949,236.0,98.0,146.0,135.0
91950,261.0,105.0,122.0,150.0
91951,261.0,161.0,141.0,136.0
91952,270.0,106.0,159.0,145.0
91953,243.0,94.0,130.0,135.0
91954,231.0,91.0,131.0,142.0
91955,250.0,149.0,143.0,136.0
91956,265.0,161.0,135.0,143.0
91957,268.0,135.0,157.0,153.0
91958,249.0,119.0,137.0,159.0
91959,280.0,112.0,159.0,150.0
91960,271.0,97.0,155.0,161.0
91961,229.0,126.0,125.0,128.0
91962,252.0,125.0,146.0,143.0
91963,246.0,110.0,132.0,125.0
91964,254.0,167.0,130.0,142.0
91965,270.0,103.0,155.0,160.0
91966,258.0,112.0,152.0,166.0
91967,242.0,93.0,132.0,140.0
91968,242.0,119.0,142.0,138.0
91969,240.0,134.0,125.0,126.0
91970,264.0,107.0,144.0,148.0
91971,262.0,140.0,150.0,142.0
91972,233.0,141.0,129.0,151.0
91973,253.0,106.0,136.0,140.0
91974,274.0,149.0,186.0,152.0
91975,257.0,148.0,146.0,146.0
91976,245.0,106.0,139.0,151.0
91977,230.0,89.0,123.0,122.0
91978,254.0,170.0,151.0,135.0
91979,227.0,99.0,130.0,115.0
91980,236.0,221.0,138.0,109.0
91981,234.0,127.0,136.0,119.0
91982,238.0,125.0,138.0,135.0
91983,265.0,145.0,135.0,147.0
91984,252.0,115.0,138.0,151.0
91985,232.0,137.0,135.0,130.0
91986,281.0,184.0,162.0,163.0
91987,250.0,100.0,135.0,141.0
91988,275.0,132.0,152.0,147.0
91989,233.0,131.0,134.0,136.0
91990,268.0,265.0,161.0,148.0
91991,241.0,109.0,125.0,135.0
91992,253.0,116.0,141.0,145.0
91993,226.0,129.0,127.0,118.0
91994,255.0,128.0,146.0,147.0
91995,253.0,107.0,134.0,149.0
91996,264.0,114.0,146.0,156.0
91997,268.0,126.0,151.0,159.0
91998,232.0,117.0,131.0,117.0
91999,260.0,101.0,155.0,157.0
92000,230.0,100.0,119.0,136.0
92001,247.0,104.0,131.0,151.0
92002,233.0,78.0,109.0,139.0
92003,242.0,129.0,152.0,146.0
92004,266.0,117.0,168.0,143.0
92005,255.0,115.0,148.0,151.0
92006,236.0,75.0,135.0,124.0
92007,248.0,105.0,145.0,144.0
92008,269.0,141.0,161.0,150.0
92009,246.0,109.0,142.0,139.0
92010,236.0,124.0,116.0,129.0
92011,258.0,74.0,155.0,144.0
92012,245.0,205.0,150.0,142.0
92013,260.0,150.0,140.0,142.0
92014,256.0,165.0,137.0,134.0
92015,268.0,121.0,139.0,142.0
92016,262.0,152.0,127.0,135.0
92017,239.0,120.0,132.0,143.0
92018,245.0,212.0,140.0,146.0
92019,242.0,105.0,126.0,148.0
92020,245.0,118.0,147.0,140.0
92021,276.0,178.0,160.0,158.0
92022,233.0,195.0,143.0,124.0
92023,242.0,105.0,129.0,140.0
92024,241.0,111.0,126.0,134.0
92025,254.0,136.0,138.0,142.0
92026,253.0,73.0,135.0,141.0
92027,244.0,225.0,133.0,145.0
92028,246.0,178.0,148.0,134.0
92029,226.0,94.0,124.0,109.0
92030,247.0,92.0,137.0,138.0
92031,229.0,143.0,120.0,121.0
92032,229.0,79.0,124.0,121.0
92033,244.0,127.0,139.0,131.0
92034,257.0,172.0,131.0,152.0
92035,206.0,68.0,117.0,117.0
92036,263.0,160.0,140.0,136.0
92037,237.0,102.0,123.0,134.0
92038,254.0,116.0,153.0,139.0
92039,227.0,65.0,125.0,136.0
92040,250.0,103.0,140.0,140.0
92041,250.0,113.0,147.0,144.0
92042,251.0,88.0,132.0,129.0
92043,227.0,197.0,126.0,128.0
92044,246.0,106.0,139.0,138.0
92045,255.0,70.0,143.0,146.0
92046,249.0,124.0,133.0,146.0
92047,267.0,100.0,149.0,158.0
92048,254.0,82.0,143.0,136.0
92049,231.0,105.0,139.0,129.0
92050,252.0,74.0,133.0,131.0
92051,240.0,107.0,123.0,137.0
92052,265.0,152.0,166.0,154.0
92053,254.0,127.0,140.0,153.0
92054,270.0,89.0,145.0,150.0
92055,265.0,97.0,157.0,152.0
92056,259.0,139.0,167.0,149.0
92057,251.0,167.0,132.0,141.0
92058,242.0,94.0,136.0,137.0
92059,258.0,93.0,153.0,121.0
92060,252.0,109.0,146.0,136.0
92061,216.0,91.0,105.0,115.0
92062,255.0,85.0,131.0,129.0
92063,246.0,112.0,147.0,142.0
92064,268.0,145.0,155.0,151.0
92065,239.0,76.0,150.0,137.0
92066,255.0,129.0,147.0,148.0
92067,246.0,172.0,141.0,129.0
92068,247.0,95.0,158.0,141.0
92069,273.0,193.0,165.0,154.0
92070,239.0,82.0,127.0,125.0
92071,240.0,129.0,132.0,126.0
92072,282.0,200.0,161.0,165.0
92073,246.0,76.0,141.0,136.0
92074,228.0,128.0,124.0,130.0
92075,232.0,93.0,112.0,139.0
92076,270.0,82.0,152.0,152.0
92077,254.0,113.0,137.0,141.0
92078,256.0,143.0,142.0,131.0
92079,240.0,201.0,136.0,135.0
92080,256.0,99.0,146.0,132.0
92081,231.0,94.0,115.0,135.0
92082,275.0,146.0,151.0,150.0
92083,244.0,105.0,136.0,122.0
92084,230.0,151.0,139.0,135.0
92085,249.0,118.0,147.0,138.0
92086,257.0,217.0,162.0,143.0
92087,232.0,48.0,135.0,134.0
92088,268.0,118.0,144.0,142.0
92089,254.0,156.0,146.0,135.0
92090,231.0,144.0,138.0,119.0
92091,251.0,99.0,134.0,143.0
92092,271.0,152.0,139.0,150.0
92093,220.0,101.0,126.0,127.0
92094,251.0,240.0,149.0,145.0
92095,252.0,111.0,133.0,150.0
92096,257.0,82.0,147.0,155.0
92097,254.0,135.0,142.0,132.0
92098,257.0,127.0,146.0,123.0
92099,251.0,123.0,129.0,144.0
92100,283.0,143.0,155.0,164.0
92101,251.0,103.0,143.0,146.0
92102,249.0,140.0,139.0,137.0
92103,251.0,108.0,138.0,136.0
92104,241.0,117.0,137.0,128.0
92105,263.0,115.0,167.0,149.0
92106,224.0,68.0,137.0,126.0
92107,240.0,109.0,129.0,130.0
92108,239.0,151.0,130.0,150.0
92109,263.0,115.0,140.0,153.0
92110,250.0,98.0,145.0,139.0
92111,238.0,107.0,134.0,140.0
92112,260.0,110.0,146.0,149.0
92113,259.0,116.0,161.0,139.0
92114,222.0,64.0,120.0,130.0
92115,249.0,241.0,149.0,138.0
92116,265.0,115.0,143.0,143.0
92117,247.0,81.0,133.0,127.0
92118,262.0,131.0,147.0,146.0
92119,239.0,204.0,129.0,133.0
92120,259.0,105.0,161.0,160.0
92121,230.0,85.0,130.0,127.0
92122,247.0,109.0,145.0,157.0
92123,242.0,89.0,130.0,146.0
92124,250.0,103.0,141.0,145.0
92125,261.0,112.0,150.0,148.0
92126,264.0,107.0,144.0,159.0
92127,247.0,66.0,139.0,141.0
92128,243.0,101.0,129.0,146.0
92129,256.0,92.0,150.0,141.0
92130,244.0,152.0,140.0,139.0
92131,252.0,134.0,147.0,156.0
92132,265.0,130.0,158.0,144.0
92133,254.0,224.0,139.0,150.0
92134,245.0,215.0,139.0,152.0
92135,264.0,101.0,149.0,146.0
92136,241.0,108.0,149.0,137.0
92137,255.0,160.0,130.0,133.0
92138,240.0,70.0,135.0,131.0
92139,244.0,189.0,138.0,143.0
92140,255.0,88.0,132.0,144.0
92141,276.0,122.0,160.0,147.0
92142,269.0,102.0,144.0,142.0
92143,287.0,237.0,158.0,164.0
92144,244.0,101.0,136.0,142.0
92145,235.0,121.0,119.0,130.0
92146,255.0,109.0,146.0,121.0
92147,250.0,76.0,147.0,137.0
92148,242.0,130.0,141.0,139.0
92149,214.0,108.0,108.0,111.0
92150,282.0,143.0,166.0,148.0
92151,249.0,148.0,115.0,148.0
92152,255.0,94.0,148.0,144.0
92153,255.0,105.0,147.0,141.0
92154,260.0,181.0,132.0,143.0
92155,241.0,111.0,131.0,131.0
92156,251.0,88.0,135.0,145.0
92157,259.0,114.0,138.0,142.0
92158,258.0,139.0,142.0,139.0
92159,240.0,108.0,149.0,128.0
92160,255.0,108.0,141.0,146.0
92161,248.0,92.0,146.0,131.0
92162,231.0,92.0,144.0,134.0
92163,260.0,132.0,143.0,135.0
92164,244.0,159.0,137.0,133.0
92165,275.0,136.0,155.0,155.0
92166,226.0,82.0,122.0,124.0
92167,271.0,237.0,151.0,150.0
92168,255.0,188.0,138.0,145.0
92169,238.0,85.0,140.0,128.0
92170,257.0,125.0,146.0,143.0
92171,251.0,129.0,142.0,139.0
92172,224.0,120.0,134.0,140.0
92173,243.0,164.0,120.0,131.0
92174,257.0,148.0,135.0,136.0
92175,266.0,126.0,162.0,154.0
92176,264.0,128.0,146.0,146.0
92177,229.0,220.0,134.0,128.0
92178,252.0,152.0,148.0,147.0
92179,243.0,88.0,144.0,121.0
92180,278.0,97.0,165.0,167.0
92181,246.0,62.0,120.0,138.0
92182,249.0,220.0,138.0,146.0
92183,251.0,135.0,148.0,146.0
92184,236.0,107.0,143.0,133.0
92185,255.0,184.0,140.0,138.0
92186,274.0,145.0,165.0,153.0
92187,237.0,131.0,125.0,130.0
92188,245.0,107.0,135.0,132.0
92189,243.0,210.0,140.0,121.0
92190,266.0,156.0,152.0,147.0
92191,226.0,98.0,115.0,126.0
92192,245.0,210.0,128.0,137.0
92193,248.0,58.0,137.0,133.0
92194,252.0,142.0,129.0,146.0
92195,250.0,114.0,136.0,130.0
92196,267.0,109.0,149.0,150.0
92197,269.0,123.0,150.0,139.0
92198,253.0,141.0,145.0,143.0
92199,236.0,156.0,130.0,147.0
92200,234.0,84.0,121.0,114.0
92201,248.0,117.0,129.0,136.0
92202,225.0,114.0,119.0,115.0
92203,259.0,113.0,141.0,151.0
92204,252.0,138.0,141.0,147.0
92205,259.0,142.0,134.0,140.0
92206,247.0,224.0,128.0,143.0
92207,245.0,124.0,137.0,126.0
92208,256.0,112.0,135.0,146.0
92209,254.0,90.0,144.0,143.0
92210,234.0,226.0,124.0,132.0
92211,239.0,132.0,142.0,125.0
92212,237.0,122.0,144.0,135.0
92213,256.0,80.0,162.0,136.0
92214,239.0,99.0,112.0,132.0
92215,227.0,100.0,129.0,122.0
92216,255.0,87.0,139.0,144.0
92217,232.0,94.0,133.0,131.0
92218,231.0,206.0,125.0,118.0
92219,237.0,122.0,141.0,142.0
92220,260.0,104.0,157.0,144.0
92221,255.0,229.0,150.0,131.0
92222,269.0,124.0,130.0,139.0
92223,234.0,122.0,123.0,124.0
92224,243.0,180.0,127.0,130.0
92225,264.0,83.0,154.0,141.0
92226,267.0,127.0,156.0,168.0
92227,247.0,118.0,144.0,144.0
92228,254.0,207.0,155.0,146.0
92229,255.0,63.0,128.0,144.0
92230,232.0,111.0,133.0,132.0
92231,256.0,81.0,144.0,158.0
92232,261.0,149.0,160.0,161.0
92233,270.0,147.0,146.0,168.0
92234,257.0,113.0,133.0,153.0
92235,245.0,177.0,132.0,146.0
92236,261.0,131.0,139.0,148.0
92237,257.0,243.0,144.0,133.0
92238,272.0,117.0,176.0,158.0
92239,241.0,110.0,142.0,134.0
92240,261.0,145.0,132.0,143.0
92241,248.0,123.0,147.0,144.0
92242,223.0,100.0,116.0,119.0
92243,233.0,123.0,121.0,133.0
92244,229.0,159.0,137.0,126.0
92245,226.0,138.0,117.0,125.0
92246,268.0,112.0,152.0,176.0
92247,261.0,122.0,163.0,142.0
92248,264.0,123.0,144.0,150.0
92249,237.0,87.0,131.0,130.0
92250,227.0,80.0,130.0,138.0
92251,254.0,136.0,137.0,148.0
92252,256.0,92.0,144.0,166.0
92253,242.0,85.0,137.0,148.0
92254,233.0,111.0,121.0,143.0
92255,214.0,97.0,118.0,117.0
92256,251.0,135.0,147.0,141.0
92257,234.0,226.0,131.0,135.0
92258,244.0,126.0,133.0,135.0
92259,271.0,94.0,151.0,165.0
92260,240.0,137.0,147.0,137.0
92261,255.0,226.0,146.0,133.0
92262,261.0,55.0,133.0,140.0
92263,237.0,101.0,134.0,131.0
92264,263.0,188.0,163.0,135.0
92265,239.0,123.0,136.0,128.0
92266,260.0,111.0,158.0,128.0
92267,246.0,142.0,129.0,135.0
92268,250.0,143.0,133.0,148.0
92269,250.0,69.0,142.0,144.0
92270,240.0,102.0,131.0,132.0
92271,262.0,110.0,154.0,152.0
92272,244.0,131.0,150.0,134.0
92273,252.0,69.0,135.0,135.0
92274,263.0,111.0,136.0,147.0
92275,230.0,121.0,120.0,126.0
92276,243.0,113.0,139.0,128.0
92277,241.0,98.0,137.0,136.0
92278,236.0,79.0,136.0,122.0
92279,246.0,86.0,131.0,132.0
92280,275.0,131.0,167.0,149.0
92281,247.0,106.0,127.0,129.0
92282,240.0,69.0,139.0,129.0
92283,242.0,97.0,149.0,129.0
92284,233.0,44.0,146.0,141.0
92285,233.0,209.0,128.0,143.0
92286,253.0,110.0,140.0,155.0
92287,270.0,59.0,157.0,156.0
92288,255.0,159.0,149.0,153.0
92289,246.0,113.0,137.0,148.0
92290,253.0,104.0,149.0,146.0
92291,236.0,82.0,144.0,123.0
92292,256.0,103.0,148.0,136.0
92293,252.0,110.0,152.0,146.0
92294,247.0,118.0,150.0,138.0
92295,258.0,95.0,151.0,135.0
92296,244.0,129.0,145.0,127.0
92297,267.0,101.0,136.0,147.0
92298,276.0,96.0,157.0,148.0
92299,257.0,109.0,145.0,157.0
92300,249.0,125.0,137.0,156.0
92301,238.0,114.0,136.0,133.0
92302,250.0,151.0,142.0,130.0
92303,216.0,185.0,113.0,116.0
92304,260.0,182.0,155.0,143.0
92305,242.0,90.0,141.0,136.0
92306,256.0,106.0,144.0,146.0
92307,234.0,107.0,125.0,131.0
92308,248.0,109.0,143.0,137.0
92309,265.0,100.0,151.0,142.0
92310,277.0,89.0,157.0,157.0
92311,253.0,72.0,138.0,156.0
92312,228.0,106.0,128.0,118.0
92313,278.0,97.0,161.0,169.0
92314,242.0,108.0,150.0,128.0
92315,243.0,243.0,147.0,144.0
92316,238.0,160.0,129.0,140.0
92317,247.0,73.0,143.0,146.0
92318,236.0,91.0,138.0,138.0
92319,225.0,108.0,136.0,105.0
92320,220.0,57.0,120.0,121.0
92321,241.0,144.0,125.0,128.0
92322,220.0,153.0,122.0,125.0
92323,262.0,148.0,151.0,157.0
92324,258.0,128.0,152.0,150.0
92325,254.0,84.0,149.0,145.0
92326,253.0,93.0,133.0,134.0
92327,259.0,217.0,156.0,149.0
92328,269.0,88.0,164.0,148.0
92329,258.0,221.0,150.0,138.0
92330,238.0,211.0,127.0,133.0
92331,258.0,150.0,145.0,139.0
92332,258.0,230.0,137.0,139.0
92333,248.0,71.0,146.0,146.0
92334,258.0,142.0,147.0,143.0
92335,230.0,107.0,138.0,126.0
92336,251.0,118.0,146.0,124.0
92337,253.0,102.0,137.0,153.0
92338,247.0,117.0,144.0,135.0
92339,256.0,104.0,155.0,151.0
92340,240.0,216.0,132.0,135.0
92341,247.0,89.0,131.0,139.0
92342,241.0,123.0,125.0,142.0
92343,252.0,134.0,149.0,146.0
92344,277.0,118.0,148.0,146.0
92345,258.0,164.0,144.0,132.0
92346,249.0,239.0,146.0,143.0
92347,232.0,130.0,118.0,122.0
92348,230.0,108.0,137.0,125.0
92349,239.0,79.0,137.0,122.0
92350,245.0,120.0,140.0,131.0
92351,247.0,122.0,130.0,120.0
92352,270.0,86.0,172.0,157.0
92353,253.0,100.0,135.0,155.0
92354,274.0,237.0,162.0,166.0
92355,243.0,118.0,152.0,137.0
92356,274.0,119.0,162.0,145.0
92357,233.0,109.0,123.0,135.0
92358,240.0,99.0,136.0,126.0
92359,265.0,147.0,153.0,140.0
92360,291.0,119.0,161.0,172.0
92361,265.0,128.0,137.0,154.0
92362,273.0,107.0,149.0,146.0
92363,251.0,121.0,158.0,154.0
92364,253.0,105.0,141.0,151.0
92365,247.0,80.0,135.0,138.0
92366,257.0,123.0,138.0,137.0
92367,236.0,85.0,128.0,126.0
92368,242.0,130.0,139.0,142.0
92369,235.0,119.0,137.0,124.0
92370,257.0,149.0,155.0,146.0
92371,234.0,92.0,129.0,145.0
92372,251.0,89.0,146.0,137.0
92373,241.0,101.0,133.0,129.0
92374,262.0,116.0,135.0,149.0
92375,243.0,81.0,128.0,135.0
92376,255.0,59.0,159.0,150.0
92377,231.0,108.0,131.0,124.0
92378,262.0,162.0,154.0,131.0
92379,222.0,152.0,134.0,134.0
92380,243.0,128.0,133.0,135.0
92381,232.0,99.0,135.0,140.0
92382,267.0,67.0,142.0,155.0
92383,253.0,133.0,135.0,151.0
92384,265.0,108.0,152.0,161.0
92385,285.0,247.0,166.0,176.0
92386,262.0,131.0,158.0,157.0
92387,233.0,78.0,126.0,134.0
92388,245.0,170.0,134.0,136.0
92389,240.0,119.0,137.0,139.0
92390,263.0,101.0,157.0,139.0
92391,249.0,96.0,139.0,140.0
92392,249.0,116.0,132.0,140.0
92393,266.0,117.0,143.0,139.0
92394,240.0,208.0,133.0,131.0
92395,224.0,108.0,127.0,123.0
92396,245.0,168.0,132.0,135.0
92397,268.0,100.0,156.0,149.0
92398,244.0,141.0,136.0,136.0
92399,245.0,84.0,136.0,148.0
92400,239.0,105.0,143.0,141.0
92401,237.0,77.0,135.0,137.0
92402,264.0,120.0,136.0,153.0
92403,260.0,147.0,149.0,154.0
92404,258.0,100.0,133.0,150.0
92405,232.0,86.0,115.0,132.0
92406,232.0,107.0,116.0,130.0
92407,253.0,151.0,133.0,139.0
92408,268.0,235.0,143.0,141.0
92409,255.0,219.0,149.0,133.0
92410,241.0,86.0,140.0,139.0
92411,241.0,128.0,139.0,125.0
92412,265.0,129.0,156.0,146.0
92413,284.0,121.0,167.0,152.0
92414,245.0,79.0,141.0,147.0
92415,265.0,166.0,140.0,154.0
92416,251.0,76.0,135.0,145.0
92417,248.0,107.0,142.0,124.0
92418,243.0,76.0,123.0,139.0
92419,237.0,129.0,132.0,143.0
92420,248.0,130.0,147.0,151.0
92421,255.0,107.0,143.0,148.0
92422,254.0,124.0,149.0,145.0
92423,271.0,146.0,142.0,166.0
92424,253.0,98.0,146.0,142.0
92425,256.0,127.0,164.0,151.0
92426,264.0,99.0,165.0,167.0
92427,261.0,232.0,143.0,156.0
92428,252.0,112.0,131.0,127.0
92429,243.0,48.0,142.0,138.0
92430,263.0,98.0,141.0,147.0
92431,247.0,66.0,142.0,136.0
92432,231.0,97.0,131.0,128.0
92433,251.0,88.0,123.0,136.0
92434,253.0,84.0,157.0,135.0
92435,248.0,116.0,147.0,141.0
92436,251.0,107.0,130.0,140.0
92437,250.0,81.0,150.0,134.0
92438,270.0,127.0,149.0,148.0
92439,235.0,80.0,124.0,127.0
92440,245.0,88.0,135.0,141.0
92441,253.0,90.0,135.0,128.0
92442,265.0,170.0,166.0,152.0
92443,253.0,104.0,164.0,136.0
92444,237.0,111.0,124.0,141.0
92445,258.0,116.0,135.0,144.0
92446,265.0,136.0,151.0,137.0
92447,241.0,97.0,128.0,133.0
92448,219.0,51.0,115.0,111.0
92449,278.0,171.0,150.0,157.0
92450,266.0,90.0,148.0,155.0
92451,249.0,79.0,146.0,143.0
92452,266.0,130.0,158.0,138.0
92453,268.0,117.0,164.0,146.0
92454,265.0,140.0,144.0,141.0
92455,245.0,68.0,143.0,157.0
92456,228.0,88.0,134.0,127.0
92457,262.0,96.0,136.0,144.0
92458,257.0,111.0,138.0,138.0
92459,245.0,99.0,141.0,134.0
92460,262.0,142.0,148.0,147.0
92461,254.0,224.0,121.0,149.0
92462,236.0,124.0,147.0,130.0
92463,240.0,102.0,137.0,135.0
92464,259.0,113.0,145.0,151.0
92465,255.0,122.0,127.0,139.0
92466,245.0,64.0,140.0,132.0
92467,229.0,95.0,148.0,126.0
92468,245.0,65.0,128.0,135.0
92469,238.0,100.0,128.0,134.0
92470,247.0,87.0,134.0,147.0
92471,250.0,214.0,136.0,133.0
92472,255.0,106.0,146.0,146.0
92473,259.0,252.0,164.0,144.0
92474,237.0,52.0,131.0,140.0
92475,254.0,169.0,152.0,149.0
92476,256.0,68.0,148.0,157.0
92477,255.0,127.0,140.0,146.0
92478,246.0,110.0,135.0,128.0
92479,241.0,112.0,132.0,138.0
92480,234.0,106.0,134.0,124.0
92481,266.0,173.0,154.0,141.0
92482,266.0,242.0,148.0,147.0
92483,262.0,151.0,143.0,145.0
92484,233.0,91.0,131.0,134.0
92485,253.0,142.0,144.0,146.0
92486,229.0,121.0,134.0,131.0
92487,238.0,122.0,123.0,124.0
92488,258.0,108.0,147.0,134.0
92489,248.0,81.0,138.0,127.0
92490,234.0,96.0,136.0,122.0
92491,230.0,98.0,135.0,118.0
92492,230.0,89.0,114.0,125.0
92493,242.0,78.0,123.0,136.0
92494,271.0,74.0,159.0,150.0
92495,241.0,134.0,138.0,140.0
92496,260.0,134.0,134.0,151.0
92497,263.0,132.0,137.0,154.0
92498,238.0,58.0,135.0,134.0
92499,251.0,128.0,142.0,136.0
92500,225.0,93.0,127.0,124.0
92501,235.0,169.0,134.0,133.0
92502,240.0,114.0,151.0,141.0
92503,240.0,96.0,129.0,129.0
92504,266.0,124.0,145.0,141.0
92505,241.0,75.0,116.0,128.0
92506,231.0,97.0,132.0,127.0
92507,232.0,113.0,122.0,121.0
92508,247.0,115.0,128.0,120.0
92509,249.0,140.0,139.0,130.0
92510,258.0,113.0,133.0,133.0
92511,247.0,111.0,129.0,149.0
92512,221.0,107.0,115.0,142.0
92513,234.0,107.0,121.0,119.0
92514,267.0,128.0,155.0,152.0
92515,250.0,106.0,137.0,141.0
92516,231.0,95.0,135.0,135.0
92517,241.0,128.0,139.0,138.0
92518,234.0,140.0,136.0,133.0
92519,247.0,221.0,148.0,142.0
92520,260.0,89.0,145.0,137.0
92521,238.0,91.0,134.0,130.0
92522,256.0,96.0,130.0,139.0
92523,242.0,213.0,144.0,138.0
92524,238.0,127.0,129.0,127.0
92525,233.0,93.0,126.0,125.0
92526,224.0,120.0,133.0,132.0
92527,267.0,129.0,157.0,138.0
92528,248.0,99.0,152.0,145.0
92529,252.0,139.0,144.0,128.0
92530,258.0,107.0,143.0,149.0
92531,238.0,156.0,142.0,147.0
92532,250.0,117.0,153.0,146.0
92533,251.0,97.0,126.0,150.0
92534,245.0,151.0,129.0,153.0
92535,255.0,102.0,145.0,144.0
92536,238.0,144.0,124.0,140.0
92537,259.0,127.0,131.0,142.0
92538,245.0,127.0,158.0,159.0
92539,217.0,58.0,117.0,137.0
92540,248.0,103.0,138.0,145.0
92541,251.0,90.0,135.0,143.0
92542,253.0,107.0,139.0,135.0
92543,261.0,136.0,144.0,142.0
92544,239.0,222.0,140.0,133.0
92545,231.0,204.0,132.0,113.0
92546,255.0,106.0,155.0,134.0
92547,243.0,99.0,141.0,145.0
92548,243.0,121.0,141.0,142.0
92549,260.0,243.0,160.0,150.0
92550,240.0,78.0,150.0,129.0
92551,236.0,97.0,133.0,130.0
92552,242.0,130.0,143.0,128.0
92553,261.0,126.0,161.0,161.0
92554,232.0,50.0,129.0,138.0
92555,250.0,94.0,131.0,144.0
92556,231.0,67.0,124.0,143.0
92557,223.0,73.0,116.0,133.0
92558,257.0,105.0,139.0,140.0
92559,241.0,107.0,137.0,126.0
92560,260.0,108.0,144.0,135.0
92561,263.0,133.0,147.0,139.0
92562,246.0,109.0,136.0,140.0
92563,266.0,145.0,160.0,147.0
92564,266.0,234.0,134.0,142.0
92565,231.0,110.0,136.0,133.0
92566,262.0,88.0,134.0,149.0
92567,254.0,122.0,146.0,160.0
92568,234.0,116.0,147.0,137.0
92569,252.0,130.0,146.0,136.0
92570,251.0,93.0,133.0,137.0
92571,243.0,103.0,136.0,153.0
92572,226.0,90.0,118.0,119.0
92573,250.0,125.0,142.0,141.0
92574,251.0,82.0,138.0,124.0
92575,252.0,82.0,134.0,151.0
92576,261.0,151.0,152.0,142.0
92577,221.0,95.0,116.0,134.0
92578,269.0,64.0,153.0,148.0
92579,258.0,80.0,157.0,144.0
92580,240.0,77.0,131.0,121.0
92581,251.0,100.0,121.0,127.0
92582,245.0,239.0,141.0,143.0
92583,260.0,109.0,144.0,138.0
92584,263.0,126.0,161.0,152.0
92585,246.0,109.0,146.0,135.0
92586,275.0,134.0,159.0,147.0
92587,273.0,129.0,156.0,152.0
92588,241.0,165.0,134.0,131.0
92589,248.0,105.0,140.0,136.0
92590,234.0,202.0,123.0,126.0
92591,259.0,130.0,137.0,152.0
92592,234.0,115.0,140.0,133.0
92593,246.0,99.0,143.0,140.0
92594,234.0,76.0,145.0,120.0
92595,252.0,109.0,150.0,142.0
92596,249.0,120.0,133.0,142.0
92597,231.0,126.0,116.0,120.0
92598,247.0,106.0,143.0,128.0
92599,244.0,141.0,128.0,141.0
92600,253.0,116.0,143.0,130.0
92601,231.0,126.0,133.0,111.0
92602,243.0,116.0,141.0,128.0
92603,263.0,121.0,145.0,148.0
92604,272.0,117.0,164.0,152.0
92605,279.0,147.0,158.0,163.0
92606,231.0,83.0,114.0,130.0
92607,262.0,140.0,158.0,140.0
92608,276.0,232.0,165.0,143.0
92609,255.0,98.0,142.0,157.0
92610,248.0,100.0,124.0,144.0
92611,235.0,113.0,135.0,124.0
92612,248.0,88.0,132.0,143.0
92613,233.0,54.0,116.0,132.0
92614,251.0,108.0,144.0,160.0
92615,240.0,64.0,125.0,156.0
92616,239.0,94.0,142.0,119.0
92617,244.0,127.0,131.0,151.0
92618,257.0,122.0,141.0,155.0
92619,255.0,124.0,149.0,143.0
92620,248.0,145.0,145.0,143.0
92621,232.0,195.0,128.0,137.0
92622,236.0,103.0,139.0,134.0
92623,247.0,79.0,136.0,145.0
92624,239.0,142.0,135.0,127.0
92625,237.0,94.0,139.0,141.0
92626,218.0,72.0,116.0,123.0
92627,252.0,115.0,142.0,133.0
92628,251.0,119.0,157.0,132.0
92629,234.0,102.0,122.0,131.0
92630,247.0,112.0,135.0,138.0
92631,259.0,232.0,142.0,144.0
92632,248.0,221.0,134.0,133.0
92633,255.0,111.0,154.0,152.0
92634,285.0,201.0,158.0,161.0
92635,245.0,117.0,126.0,116.0
92636,250.0,143.0,145.0,140.0
92637,262.0,100.0,140.0,152.0
92638,266.0,136.0,154.0,152.0
92639,239.0,101.0,128.0,136.0
92640,231.0,88.0,130.0,124.0
92641,240.0,182.0,146.0,151.0
92642,238.0,72.0,138.0,136.0
92643,248.0,124.0,149.0,151.0
92644,256.0,145.0,153.0,152.0
92645,244.0,119.0,144.0,132.0
92646,238.0,70.0,126.0,132.0
92647,246.0,215.0,129.0,139.0
92648,251.0,96.0,140.0,137.0
92649,252.0,107.0,119.0,146.0
92650,273.0,81.0,153.0,159.0
92651,233.0,115.0,139.0,147.0
92652,246.0,111.0,145.0,139.0
92653,245.0,125.0,149.0,140.0
92654,241.0,96.0,153.0,138.0
92655,237.0,82.0,142.0,137.0
92656,263.0,94.0,152.0,131.0
92657,271.0,84.0,153.0,140.0
92658,262.0,144.0,156.0,156.0
92659,249.0,140.0,135.0,146.0
92660,238.0,84.0,136.0,141.0
92661,257.0,98.0,142.0,144.0
92662,224.0,91.0,117.0,141.0
92663,248.0,211.0,142.0,148.0
92664,274.0,81.0,159.0,154.0
92665,244.0,92.0,122.0,129.0
92666,236.0,95.0,118.0,129.0
92667,216.0,94.0,98.0,119.0
92668,256.0,124.0,151.0,136.0
92669,245.0,111.0,126.0,134.0
92670,227.0,100.0,140.0,147.0
92671,266.0,101.0,158.0,152.0
92672,240.0,130.0,127.0,132.0
92673,270.0,141.0,145.0,158.0
92674,255.0,120.0,146.0,146.0
92675,236.0,187.0,137.0,137.0
92676,261.0,80.0,132.0,160.0
92677,275.0,151.0,163.0,156.0
92678,237.0,101.0,122.0,141.0
92679,253.0,97.0,147.0,138.0
92680,262.0,139.0,151.0,155.0
92681,278.0,122.0,162.0,160.0
92682,241.0,232.0,141.0,138.0
92683,255.0,122.0,140.0,131.0
92684,252.0,111.0,147.0,141.0
92685,249.0,118.0,120.0,139.0
92686,261.0,114.0,153.0,136.0
92687,262.0,149.0,150.0,134.0
92688,251.0,101.0,131.0,138.0
92689,262.0,153.0,135.0,149.0
92690,249.0,59.0,137.0,149.0
92691,244.0,65.0,138.0,129.0
92692,243.0,140.0,121.0,147.0
92693,244.0,103.0,138.0,142.0
92694,245.0,74.0,133.0,141.0
92695,230.0,131.0,142.0,126.0
92696,243.0,209.0,136.0,141.0
92697,262.0,109.0,151.0,152.0
92698,245.0,148.0,133.0,127.0
92699,271.0,235.0,145.0,140.0
92700,234.0,114.0,128.0,134.0
92701,270.0,234.0,169.0,158.0
92702,269.0,237.0,149.0,139.0
92703,224.0,139.0,133.0,128.0
92704,251.0,99.0,139.0,132.0
92705,248.0,59.0,141.0,131.0
92706,268.0,231.0,153.0,152.0
92707,249.0,126.0,136.0,134.0
92708,242.0,123.0,159.0,139.0
92709,263.0,151.0,147.0,154.0
92710,251.0,112.0,131.0,133.0
92711,252.0,93.0,148.0,139.0
92712,245.0,81.0,150.0,147.0
92713,247.0,149.0,137.0,150.0
92714,268.0,120.0,160.0,148.0
92715,233.0,111.0,140.0,138.0
92716,243.0,124.0,133.0,133.0
92717,244.0,60.0,129.0,132.0
92718,238.0,121.0,112.0,134.0
92719,231.0,94.0,135.0,128.0
92720,238.0,110.0,132.0,126.0
92721,252.0,93.0,149.0,150.0
92722,258.0,102.0,137.0,143.0
92723,240.0,91.0,132.0,140.0
92724,255.0,99.0,130.0,142.0
92725,249.0,150.0,131.0,160.0
92726,245.0,127.0,144.0,149.0
92727,254.0,133.0,145.0,122.0
92728,233.0,119.0,131.0,136.0
92729,253.0,145.0,135.0,143.0
92730,242.0,211.0,120.0,114.0
92731,253.0,195.0,142.0,144.0
92732,251.0,144.0,146.0,136.0
92733,250.0,250.0,136.0,145.0
92734,272.0,110.0,139.0,153.0
92735,267.0,95.0,140.0,138.0
92736,251.0,105.0,137.0,128.0
92737,278.0,145.0,156.0,148.0
92738,239.0,62.0,142.0,135.0
92739,241.0,66.0,122.0,130.0
92740,249.0,210.0,140.0,141.0
92741,285.0,199.0,150.0,154.0
92742,234.0,60.0,134.0,128.0
92743,269.0,148.0,144.0,141.0
92744,255.0,128.0,135.0,147.0
92745,257.0,105.0,152.0,148.0
92746,237.0,119.0,134.0,137.0
92747,257.0,121.0,133.0,151.0
92748,242.0,80.0,140.0,150.0
92749,260.0,134.0,142.0,160.0
92750,262.0,237.0,153.0,144.0
92751,208.0,107.0,113.0,109.0
92752,264.0,95.0,137.0,160.0
92753,236.0,112.0,142.0,144.0
92754,269.0,129.0,143.0,154.0
92755,234.0,77.0,126.0,125.0
92756,260.0,202.0,154.0,136.0
92757,258.0,128.0,140.0,159.0
92758,236.0,195.0,129.0,137.0
92759,239.0,73.0,138.0,118.0
92760,256.0,135.0,156.0,141.0
92761,272.0,237.0,143.0,161.0
92762,226.0,102.0,118.0,130.0
92763,248.0,98.0,125.0,132.0
92764,241.0,147.0,132.0,141.0
92765,222.0,187.0,118.0,130.0
92766,268.0,68.0,146.0,160.0
92767,229.0,79.0,124.0,134.0
92768,245.0,122.0,136.0,127.0
92769,229.0,96.0,128.0,133.0
92770,261.0,118.0,139.0,144.0
92771,248.0,112.0,125.0,143.0
92772,253.0,129.0,137.0,152.0
92773,224.0,109.0,126.0,122.0
92774,267.0,143.0,154.0,144.0
92775,239.0,143.0,145.0,136.0
92776,257.0,120.0,152.0,131.0
92777,257.0,115.0,141.0,145.0
92778,243.0,156.0,128.0,125.0
92779,233.0,186.0,122.0,115.0
92780,250.0,167.0,123.0,145.0
92781,257.0,108.0,143.0,147.0
92782,259.0,119.0,153.0,134.0
92783,229.0,196.0,138.0,121.0
92784,240.0,112.0,138.0,141.0
92785,259.0,138.0,147.0,147.0
92786,242.0,203.0,128.0,128.0
92787,246.0,69.0,128.0,147.0
92788,252.0,72.0,129.0,142.0
92789,245.0,127.0,131.0,128.0
92790,269.0,135.0,159.0,154.0
92791,248.0,121.0,154.0,131.0
92792,248.0,157.0,158.0,144.0
92793,279.0,158.0,166.0,138.0
92794,242.0,102.0,145.0,139.0
92795,239.0,107.0,128.0,131.0
92796,253.0,75.0,146.0,153.0
92797,234.0,123.0,141.0,132.0
92798,233.0,221.0,138.0,142.0
92799,245.0,130.0,137.0,137.0
92800,231.0,186.0,134.0,133.0
92801,259.0,98.0,155.0,163.0
92802,234.0,68.0,138.0,128.0
92803,234.0,113.0,139.0,141.0
92804,257.0,83.0,139.0,139.0
92805,272.0,138.0,155.0,148.0
92806,250.0,119.0,147.0,156.0
92807,261.0,118.0,140.0,159.0
92808,271.0,108.0,170.0,144.0
92809,236.0,95.0,131.0,133.0
92810,271.0,108.0,150.0,152.0
92811,257.0,148.0,147.0,136.0
92812,255.0,90.0,136.0,139.0
92813,241.0,116.0,136.0,147.0
92814,273.0,155.0,143.0,174.0
92815,232.0,128.0,126.0,126.0
92816,248.0,97.0,141.0,146.0
92817,261.0,100.0,151.0,136.0
92818,238.0,116.0,131.0,141.0
92819,269.0,126.0,147.0,154.0
92820,250.0,187.0,145.0,159.0
92821,254.0,120.0,142.0,153.0
92822,249.0,102.0,137.0,145.0
92823,242.0,65.0,142.0,145.0
92824,244.0,123.0,135.0,136.0
92825,269.0,162.0,152.0,159.0
92826,249.0,122.0,149.0,132.0
92827,273.0,88.0,168.0,154.0
92828,243.0,80.0,142.0,121.0
92829,239.0,105.0,114.0,128.0
92830,241.0,105.0,131.0,132.0
92831,237.0,67.0,145.0,130.0
92832,256.0,214.0,141.0,139.0
92833,229.0,84.0,137.0,125.0
92834,253.0,116.0,153.0,145.0
92835,256.0,163.0,148.0,151.0
92836,243.0,136.0,134.0,146.0
92837,254.0,138.0,138.0,161.0
92838,246.0,112.0,143.0,142.0
92839,253.0,115.0,133.0,138.0
92840,216.0,121.0,118.0,132.0
92841,242.0,108.0,150.0,126.0
92842,244.0,79.0,128.0,149.0
92843,273.0,112.0,156.0,157.0
92844,226.0,137.0,125.0,125.0
92845,232.0,75.0,128.0,133.0
92846,272.0,120.0,154.0,155.0
92847,249.0,105.0,130.0,127.0
92848,267.0,97.0,148.0,141.0
92849,234.0,110.0,136.0,135.0
92850,243.0,74.0,120.0,141.0
92851,259.0,96.0,149.0,139.0
92852,248.0,164.0,144.0,143.0
92853,253.0,86.0,146.0,133.0
92854,257.0,131.0,128.0,140.0
92855,276.0,164.0,145.0,154.0
92856,262.0,109.0,158.0,144.0
92857,239.0,92.0,130.0,142.0
92858,247.0,110.0,135.0,147.0
92859,248.0,129.0,163.0,125.0
92860,242.0,96.0,144.0,136.0
92861,247.0,173.0,134.0,129.0
92862,218.0,73.0,114.0,132.0
92863,270.0,106.0,148.0,162.0
92864,243.0,119.0,119.0,134.0
92865,259.0,99.0,147.0,142.0
92866,255.0,143.0,122.0,143.0
92867,226.0,101.0,119.0,134.0
92868,249.0,80.0,146.0,134.0
92869,234.0,89.0,127.0,125.0
92870,245.0,81.0,131.0,149.0
92871,257.0,116.0,155.0,147.0
92872,243.0,199.0,134.0,148.0
92873,270.0,122.0,138.0,167.0
92874,245.0,123.0,127.0,144.0
92875,257.0,166.0,141.0,138.0
92876,262.0,127.0,149.0,138.0
92877,231.0,98.0,122.0,138.0
92878,264.0,113.0,147.0,145.0
92879,248.0,119.0,137.0,146.0
92880,246.0,90.0,134.0,132.0
92881,229.0,125.0,124.0,133.0
92882,247.0,126.0,147.0,144.0
92883,232.0,75.0,134.0,127.0
92884,248.0,133.0,125.0,130.0
92885,254.0,115.0,135.0,143.0
92886,273.0,107.0,148.0,154.0
92887,256.0,125.0,146.0,140.0
92888,234.0,73.0,130.0,129.0
92889,258.0,76.0,157.0,157.0
92890,249.0,102.0,126.0,125.0
92891,261.0,111.0,156.0,130.0
92892,264.0,112.0,141.0,155.0
92893,228.0,96.0,132.0,137.0
92894,249.0,93.0,138.0,132.0
92895,265.0,116.0,134.0,151.0
92896,244.0,212.0,139.0,133.0
92897,266.0,234.0,141.0,154.0
92898,255.0,135.0,153.0,154.0
92899,256.0,85.0,140.0,144.0
92900,261.0,139.0,142.0,146.0
92901,245.0,76.0,133.0,149.0
92902,240.0,98.0,132.0,143.0
92903,256.0,82.0,159.0,145.0
92904,234.0,209.0,129.0,132.0
92905,251.0,122.0,151.0,124.0
92906,253.0,105.0,149.0,143.0
92907,267.0,168.0,154.0,145.0
92908,271.0,69.0,154.0,161.0
92909,261.0,107.0,148.0,139.0
92910,262.0,260.0,153.0,155.0
92911,259.0,117.0,160.0,147.0
92912,256.0,140.0,124.0,149.0
92913,252.0,170.0,141.0,143.0
92914,261.0,92.0,140.0,152.0
92915,242.0,108.0,129.0,144.0
92916,245.0,92.0,143.0,130.0
92917,226.0,82.0,121.0,121.0
92918,275.0,117.0,160.0,160.0
92919,252.0,126.0,136.0,130.0
92920,269.0,141.0,150.0,149.0
92921,264.0,67.0,156.0,137.0
92922,246.0,157.0,131.0,136.0
92923,243.0,151.0,145.0,138.0
92924,241.0,114.0,133.0,127.0
92925,245.0,83.0,139.0,139.0
92926,263.0,97.0,153.0,155.0
92927,242.0,155.0,142.0,143.0
92928,247.0,101.0,131.0,147.0
92929,243.0,134.0,133.0,140.0
92930,252.0,129.0,129.0,134.0
92931,242.0,60.0,133.0,122.0
92932,264.0,146.0,148.0,155.0
92933,245.0,90.0,124.0,144.0
92934,263.0,144.0,148.0,136.0
92935,231.0,64.0,128.0,135.0
92936,222.0,91.0,125.0,118.0
92937,281.0,141.0,156.0,145.0
92938,262.0,143.0,135.0,126.0
92939,232.0,80.0,125.0,127.0
92940,250.0,86.0,147.0,135.0
92941,251.0,136.0,138.0,136.0
92942,246.0,113.0,125.0,140.0
92943,252.0,122.0,160.0,152.0
92944,255.0,126.0,143.0,141.0
92945,261.0,140.0,144.0,137.0
92946,259.0,100.0,135.0,149.0
92947,257.0,60.0,151.0,152.0
92948,257.0,129.0,160.0,146.0
92949,240.0,139.0,131.0,134.0
92950,231.0,146.0,126.0,119.0
92951,235.0,215.0,130.0,137.0
92952,225.0,60.0,136.0,138.0
92953,255.0,223.0,145.0,137.0
92954,255.0,106.0,156.0,146.0
92955,254.0,117.0,155.0,149.0
92956,261.0,105.0,144.0,147.0
92957,235.0,116.0,131.0,134.0
92958,229.0,78.0,125.0,126.0
92959,256.0,93.0,149.0,147.0
92960,240.0,80.0,140.0,130.0
92961,256.0,134.0,141.0,130.0
92962,237.0,108.0,139.0,123.0
92963,249.0,120.0,143.0,149.0
92964,243.0,68.0,143.0,131.0
92965,252.0,122.0,141.0,144.0
92966,264.0,123.0,158.0,149.0
92967,242.0,211.0,131.0,142.0
92968,253.0,137.0,140.0,134.0
92969,279.0,243.0,172.0,156.0
92970,240.0,126.0,148.0,136.0
92971,268.0,108.0,146.0,156.0
92972,253.0,91.0,140.0,149.0
92973,244.0,93.0,128.0,131.0
92974,254.0,85.0,150.0,134.0
92975,286.0,146.0,171.0,166.0
92976,254.0,134.0,127.0,127.0
92977,261.0,125.0,148.0,142.0
92978,255.0,108.0,140.0,152.0
92979,259.0,98.0,145.0,150.0
92980,247.0,141.0,122.0,144.0
92981,256.0,217.0,137.0,141.0
92982,244.0,113.0,155.0,115.0
92983,238.0,127.0,141.0,140.0
92984,235.0,87.0,119.0,139.0
92985,250.0,127.0,147.0,144.0
92986,252.0,194.0,154.0,137.0
92987,221.0,102.0,126.0,116.0
92988,254.0,223.0,149.0,145.0
92989,247.0,155.0,142.0,149.0
92990,256.0,132.0,153.0,141.0
92991,267.0,95.0,156.0,147.0
92992,254.0,244.0,161.0,151.0
92993,258.0,147.0,140.0,151.0
92994,243.0,91.0,146.0,120.0
92995,251.0,244.0,145.0,142.0
92996,268.0,63.0,156.0,143.0
92997,278.0,72.0,188.0,150.0
92998,273.0,134.0,146.0,155.0
92999,244.0,64.0,141.0,144.0
93000,258.0,86.0,148.0,143.0
93001,254.0,79.0,145.0,148.0
93002,261.0,165.0,145.0,141.0
93003,238.0,81.0,141.0,148.0
93004,233.0,112.0,132.0,131.0
93005,263.0,168.0,144.0,140.0
93006,242.0,107.0,144.0,147.0
93007,237.0,111.0,145.0,147.0
93008,268.0,91.0,156.0,159.0
93009,233.0,124.0,136.0,122.0
93010,237.0,203.0,142.0,137.0
93011,232.0,86.0,115.0,129.0
93012,244.0,83.0,146.0,142.0
93013,261.0,90.0,142.0,134.0
93014,240.0,113.0,141.0,130.0
93015,243.0,110.0,143.0,123.0
93016,242.0,105.0,146.0,146.0
93017,246.0,161.0,118.0,137.0
93018,253.0,83.0,150.0,155.0
93019,266.0,188.0,151.0,153.0
93020,265.0,174.0,155.0,156.0
93021,269.0,125.0,156.0,128.0
93022,254.0,103.0,131.0,136.0
93023,234.0,127.0,133.0,130.0
93024,240.0,108.0,133.0,137.0
93025,242.0,67.0,142.0,130.0
93026,239.0,111.0,129.0,137.0
93027,239.0,130.0,128.0,141.0
93028,235.0,111.0,130.0,131.0
93029,246.0,131.0,130.0,146.0
93030,256.0,244.0,156.0,145.0
93031,232.0,114.0,134.0,133.0
93032,254.0,113.0,137.0,163.0
93033,230.0,116.0,132.0,133.0
93034,241.0,114.0,129.0,138.0
93035,260.0,86.0,146.0,159.0
93036,221.0,90.0,118.0,126.0
93037,248.0,139.0,161.0,151.0
93038,211.0,191.0,118.0,123.0
93039,243.0,104.0,131.0,154.0
93040,251.0,129.0,136.0,142.0
93041,252.0,134.0,137.0,133.0
93042,268.0,142.0,145.0,139.0
93043,272.0,217.0,157.0,150.0
93044,250.0,107.0,152.0,140.0
93045,262.0,129.0,150.0,151.0
93046,261.0,128.0,141.0,154.0
93047,246.0,201.0,141.0,134.0
93048,260.0,69.0,138.0,139.0
93049,273.0,127.0,158.0,146.0
93050,242.0,92.0,138.0,124.0
93051,242.0,133.0,133.0,124.0
93052,241.0,90.0,146.0,152.0
93053,263.0,115.0,173.0,155.0
93054,236.0,92.0,137.0,126.0
93055,267.0,116.0,160.0,151.0
93056,251.0,97.0,133.0,144.0
93057,232.0,85.0,136.0,121.0
93058,257.0,112.0,145.0,139.0
93059,264.0,126.0,143.0,142.0
93060,234.0,152.0,115.0,127.0
93061,249.0,129.0,150.0,147.0
93062,252.0,137.0,144.0,142.0
93063,243.0,79.0,130.0,138.0
93064,261.0,133.0,155.0,149.0
93065,245.0,85.0,133.0,149.0
93066,248.0,87.0,149.0,120.0
93067,256.0,88.0,147.0,147.0
93068,256.0,111.0,149.0,152.0
93069,258.0,112.0,148.0,144.0
93070,261.0,161.0,159.0,143.0
93071,237.0,140.0,143.0,133.0
93072,272.0,88.0,153.0,146.0
93073,240.0,126.0,143.0,139.0
93074,222.0,102.0,120.0,128.0
93075,247.0,51.0,136.0,144.0
93076,252.0,124.0,136.0,137.0
93077,257.0,101.0,135.0,147.0
93078,236.0,92.0,138.0,127.0
93079,260.0,174.0,147.0,151.0
93080,249.0,123.0,145.0,125.0
93081,250.0,137.0,128.0,136.0
93082,241.0,97.0,125.0,131.0
93083,232.0,141.0,131.0,124.0
93084,253.0,120.0,126.0,147.0
93085,259.0,156.0,134.0,138.0
93086,243.0,130.0,154.0,134.0
93087,254.0,134.0,159.0,143.0
93088,267.0,120.0,165.0,138.0
93089,278.0,107.0,153.0,148.0
93090,257.0,148.0,144.0,143.0
93091,253.0,97.0,141.0,126.0
93092,238.0,144.0,130.0,135.0
93093,272.0,245.0,156.0,155.0
93094,276.0,249.0,151.0,157.0
93095,307.0,171.0,163.0,166.0
93096,262.0,139.0,150.0,154.0
93097,246.0,101.0,141.0,146.0
93098,229.0,185.0,128.0,113.0
93099,273.0,229.0,162.0,155.0
93100,236.0,99.0,131.0,132.0
93101,240.0,84.0,141.0,148.0
93102,242.0,109.0,148.0,140.0
93103,246.0,109.0,132.0,125.0
93104,266.0,135.0,144.0,146.0
93105,248.0,114.0,145.0,141.0
93106,256.0,223.0,130.0,154.0
93107,274.0,235.0,150.0,144.0
93108,250.0,124.0,146.0,143.0
93109,272.0,227.0,165.0,146.0
93110,261.0,130.0,150.0,137.0
93111,245.0,131.0,137.0,145.0
93112,278.0,113.0,149.0,167.0
93113,276.0,106.0,165.0,157.0
93114,256.0,113.0,139.0,137.0
93115,261.0,158.0,143.0,156.0
93116,231.0,107.0,116.0,128.0
93117,262.0,219.0,148.0,142.0
93118,244.0,99.0,127.0,148.0
93119,268.0,164.0,151.0,152.0
93120,255.0,89.0,144.0,134.0
93121,256.0,109.0,143.0,157.0
93122,238.0,69.0,136.0,152.0
93123,258.0,166.0,146.0,134.0
93124,240.0,111.0,132.0,133.0
93125,252.0,122.0,134.0,142.0
93126,251.0,66.0,149.0,141.0
93127,231.0,103.0,129.0,141.0
93128,257.0,96.0,134.0,136.0
93129,264.0,176.0,152.0,155.0
93130,252.0,113.0,143.0,149.0
93131,262.0,156.0,138.0,157.0
93132,261.0,148.0,155.0,150.0
93133,252.0,90.0,141.0,142.0
93134,253.0,221.0,159.0,127.0
93135,238.0,147.0,132.0,114.0
93136,264.0,121.0,156.0,153.0
93137,241.0,124.0,137.0,137.0
93138,270.0,95.0,147.0,157.0
93139,230.0,134.0,131.0,120.0
93140,269.0,90.0,163.0,153.0
93141,259.0,238.0,152.0,142.0
93142,262.0,241.0,143.0,143.0
93143,258.0,143.0,141.0,142.0
93144,277.0,123.0,166.0,140.0
93145,258.0,69.0,155.0,128.0
93146,248.0,100.0,146.0,141.0
93147,273.0,90.0,160.0,160.0
93148,261.0,106.0,161.0,144.0
93149,248.0,70.0,127.0,128.0
93150,272.0,106.0,160.0,145.0
93151,250.0,96.0,152.0,148.0
93152,262.0,109.0,150.0,135.0
93153,248.0,118.0,138.0,136.0
93154,259.0,143.0,143.0,142.0
93155,237.0,85.0,135.0,132.0
93156,237.0,86.0,117.0,134.0
93157,239.0,93.0,128.0,135.0
93158,255.0,146.0,142.0,154.0
93159,220.0,103.0,126.0,116.0
93160,224.0,86.0,143.0,121.0
93161,232.0,131.0,130.0,132.0
93162,265.0,170.0,144.0,153.0
93163,246.0,132.0,133.0,135.0
93164,262.0,127.0,149.0,139.0
93165,256.0,132.0,142.0,149.0
93166,263.0,125.0,138.0,151.0
93167,254.0,216.0,134.0,138.0
93168,251.0,213.0,132.0,148.0
93169,267.0,153.0,145.0,145.0
93170,239.0,93.0,142.0,147.0
93171,264.0,195.0,153.0,146.0
93172,222.0,212.0,132.0,132.0
93173,221.0,161.0,114.0,112.0
93174,241.0,158.0,155.0,136.0
93175,251.0,83.0,144.0,135.0
93176,250.0,114.0,154.0,142.0
93177,253.0,101.0,146.0,141.0
93178,239.0,130.0,129.0,140.0
93179,230.0,79.0,128.0,128.0
93180,233.0,70.0,135.0,140.0
93181,251.0,143.0,132.0,146.0
93182,253.0,71.0,126.0,135.0
93183,235.0,95.0,123.0,121.0
93184,252.0,81.0,136.0,157.0
93185,243.0,71.0,154.0,140.0
93186,271.0,80.0,147.0,158.0
93187,249.0,73.0,139.0,154.0
93188,237.0,144.0,121.0,132.0
93189,243.0,185.0,129.0,145.0
93190,253.0,152.0,149.0,141.0
93191,255.0,110.0,141.0,142.0
93192,254.0,124.0,144.0,152.0
93193,232.0,103.0,131.0,134.0
93194,272.0,141.0,165.0,158.0
93195,252.0,126.0,143.0,159.0
93196,250.0,74.0,145.0,135.0
93197,229.0,69.0,140.0,134.0
93198,260.0,120.0,154.0,142.0
93199,240.0,99.0,143.0,126.0
93200,248.0,208.0,124.0,153.0
93201,282.0,242.0,154.0,158.0
93202,259.0,161.0,142.0,139.0
93203,249.0,77.0,147.0,141.0
93204,244.0,113.0,166.0,142.0
93205,263.0,121.0,150.0,130.0
93206,233.0,125.0,129.0,119.0
93207,240.0,88.0,144.0,147.0
93208,244.0,147.0,152.0,135.0
93209,256.0,131.0,144.0,128.0
93210,261.0,72.0,148.0,163.0
93211,243.0,211.0,148.0,131.0
93212,248.0,233.0,141.0,145.0
93213,246.0,116.0,144.0,140.0
93214,263.0,225.0,160.0,153.0
93215,234.0,98.0,126.0,117.0
93216,252.0,91.0,129.0,141.0
93217,262.0,261.0,156.0,141.0
93218,259.0,108.0,136.0,146.0
93219,258.0,102.0,146.0,142.0
93220,248.0,150.0,152.0,136.0
93221,261.0,208.0,157.0,143.0
93222,257.0,92.0,151.0,150.0
93223,270.0,224.0,161.0,158.0
93224,245.0,136.0,141.0,129.0
93225,265.0,127.0,153.0,140.0
93226,239.0,135.0,131.0,123.0
93227,233.0,140.0,129.0,109.0
93228,246.0,102.0,143.0,151.0
93229,243.0,84.0,148.0,145.0
93230,245.0,107.0,136.0,136.0
93231,242.0,95.0,143.0,141.0
93232,246.0,103.0,139.0,134.0
93233,257.0,111.0,146.0,134.0
93234,262.0,107.0,149.0,154.0
93235,260.0,130.0,142.0,139.0
93236,249.0,218.0,152.0,136.0
93237,287.0,68.0,166.0,166.0
93238,238.0,105.0,140.0,147.0
93239,236.0,104.0,135.0,138.0
93240,250.0,101.0,138.0,154.0
93241,281.0,116.0,160.0,149.0
93242,244.0,119.0,141.0,143.0
93243,280.0,135.0,157.0,154.0
93244,252.0,109.0,134.0,137.0
93245,262.0,96.0,156.0,159.0
93246,272.0,98.0,151.0,156.0
93247,245.0,84.0,129.0,148.0
93248,257.0,135.0,140.0,137.0
93249,226.0,199.0,121.0,115.0
93250,215.0,129.0,135.0,126.0
93251,252.0,135.0,135.0,141.0
93252,235.0,169.0,132.0,132.0
93253,213.0,187.0,106.0,108.0
93254,281.0,141.0,166.0,150.0
93255,243.0,126.0,133.0,128.0
93256,256.0,98.0,142.0,140.0
93257,252.0,157.0,124.0,134.0
93258,238.0,89.0,136.0,119.0
93259,268.0,146.0,152.0,140.0
93260,230.0,125.0,119.0,121.0
93261,240.0,110.0,131.0,125.0
93262,252.0,107.0,142.0,148.0
93263,225.0,69.0,130.0,135.0
93264,233.0,119.0,117.0,118.0
93265,243.0,81.0,124.0,137.0
93266,235.0,122.0,123.0,133.0
93267,266.0,168.0,146.0,142.0
93268,221.0,79.0,124.0,136.0
93269,226.0,114.0,129.0,130.0
93270,262.0,238.0,156.0,151.0
93271,270.0,121.0,154.0,148.0
93272,238.0,43.0,136.0,134.0
93273,245.0,172.0,133.0,143.0
93274,272.0,109.0,158.0,147.0
93275,244.0,143.0,138.0,120.0
93276,258.0,223.0,147.0,142.0
93277,260.0,81.0,144.0,136.0
93278,265.0,74.0,139.0,148.0
93279,276.0,159.0,164.0,145.0
93280,226.0,96.0,110.0,125.0
93281,243.0,99.0,134.0,154.0
93282,232.0,176.0,140.0,137.0
93283,256.0,88.0,153.0,137.0
93284,242.0,177.0,126.0,135.0
93285,263.0,102.0,167.0,165.0
93286,247.0,89.0,129.0,144.0
93287,262.0,108.0,145.0,170.0
93288,241.0,109.0,127.0,142.0
93289,252.0,89.0,133.0,151.0
93290,235.0,79.0,131.0,127.0
93291,261.0,131.0,139.0,139.0
93292,255.0,218.0,151.0,146.0
93293,233.0,119.0,121.0,125.0
93294,244.0,97.0,136.0,140.0
93295,248.0,125.0,133.0,136.0
93296,257.0,127.0,143.0,140.0
93297,275.0,143.0,139.0,166.0
93298,248.0,120.0,130.0,164.0
93299,260.0,141.0,146.0,148.0
93300,253.0,141.0,144.0,132.0
93301,272.0,153.0,140.0,148.0
93302,253.0,130.0,139.0,149.0
93303,242.0,122.0,138.0,154.0
93304,255.0,73.0,135.0,150.0
93305,255.0,161.0,145.0,151.0
93306,262.0,195.0,141.0,153.0
93307,249.0,159.0,140.0,156.0
93308,270.0,108.0,142.0,145.0
93309,242.0,72.0,135.0,144.0
93310,253.0,106.0,125.0,138.0
93311,248.0,129.0,136.0,143.0
93312,252.0,131.0,145.0,119.0
93313,263.0,141.0,158.0,148.0
93314,272.0,122.0,160.0,148.0
93315,269.0,142.0,147.0,162.0
93316,246.0,197.0,133.0,135.0
93317,270.0,221.0,147.0,149.0
93318,258.0,86.0,158.0,158.0
93319,251.0,101.0,150.0,138.0
93320,253.0,131.0,142.0,134.0
93321,256.0,98.0,142.0,152.0
93322,289.0,76.0,158.0,154.0
93323,274.0,133.0,148.0,154.0
93324,259.0,89.0,153.0,143.0
93325,267.0,104.0,151.0,140.0
93326,236.0,107.0,122.0,130.0
93327,236.0,83.0,127.0,145.0
93328,258.0,92.0,142.0,128.0
93329,244.0,234.0,131.0,145.0
93330,238.0,80.0,140.0,144.0
93331,253.0,94.0,155.0,146.0
93332,250.0,86.0,134.0,135.0
93333,233.0,47.0,130.0,137.0
93334,257.0,101.0,153.0,131.0
93335,247.0,101.0,139.0,139.0
93336,221.0,104.0,105.0,134.0
93337,247.0,82.0,133.0,142.0
93338,264.0,123.0,142.0,138.0
93339,269.0,135.0,151.0,141.0
93340,241.0,118.0,137.0,136.0
93341,254.0,123.0,154.0,126.0
93342,269.0,113.0,150.0,140.0
93343,264.0,95.0,149.0,156.0
93344,250.0,63.0,136.0,132.0
93345,277.0,103.0,146.0,159.0
93346,267.0,124.0,157.0,139.0
93347,240.0,113.0,137.0,150.0
93348,246.0,117.0,147.0,147.0
93349,248.0,156.0,145.0,145.0
93350,242.0,120.0,140.0,141.0
93351,261.0,252.0,137.0,158.0
93352,230.0,128.0,123.0,122.0
93353,242.0,119.0,138.0,133.0
93354,277.0,146.0,144.0,161.0
93355,234.0,81.0,138.0,134.0
93356,250.0,106.0,129.0,134.0
93357,239.0,124.0,125.0,139.0
93358,232.0,71.0,127.0,132.0
93359,249.0,99.0,157.0,145.0
93360,258.0,154.0,132.0,169.0
93361,240.0,116.0,133.0,152.0
93362,261.0,105.0,136.0,145.0
93363,228.0,68.0,142.0,136.0
93364,231.0,98.0,144.0,138.0
93365,257.0,172.0,156.0,138.0
93366,221.0,84.0,125.0,117.0
93367,257.0,244.0,139.0,143.0
93368,257.0,218.0,122.0,136.0
93369,269.0,113.0,155.0,139.0
93370,254.0,152.0,137.0,138.0
93371,237.0,107.0,137.0,133.0
93372,269.0,108.0,141.0,149.0
93373,250.0,118.0,147.0,153.0
93374,272.0,141.0,164.0,144.0
93375,240.0,83.0,140.0,138.0
93376,265.0,137.0,163.0,157.0
93377,238.0,99.0,150.0,138.0
93378,246.0,89.0,145.0,151.0
93379,257.0,144.0,154.0,140.0
93380,249.0,211.0,143.0,144.0
93381,253.0,124.0,144.0,137.0
93382,230.0,104.0,136.0,126.0
93383,254.0,112.0,141.0,133.0
93384,241.0,68.0,126.0,140.0
93385,239.0,82.0,131.0,142.0
93386,246.0,213.0,151.0,132.0
93387,226.0,94.0,126.0,121.0
93388,260.0,146.0,148.0,146.0
93389,231.0,84.0,128.0,124.0
93390,254.0,95.0,152.0,144.0
93391,264.0,126.0,145.0,150.0
93392,251.0,117.0,154.0,123.0
93393,259.0,89.0,139.0,131.0
93394,243.0,150.0,135.0,131.0
93395,235.0,132.0,128.0,134.0
93396,255.0,101.0,125.0,141.0
93397,252.0,122.0,129.0,126.0
93398,258.0,141.0,155.0,153.0
93399,256.0,122.0,134.0,137.0
93400,260.0,80.0,160.0,149.0
93401,257.0,127.0,148.0,140.0
93402,264.0,126.0,155.0,135.0
93403,273.0,118.0,153.0,147.0
93404,269.0,131.0,142.0,146.0
93405,262.0,127.0,156.0,150.0
93406,257.0,91.0,151.0,152.0
93407,251.0,108.0,141.0,141.0
93408,231.0,102.0,123.0,115.0
93409,248.0,79.0,124.0,141.0
93410,259.0,62.0,147.0,157.0
93411,223.0,113.0,130.0,131.0
93412,245.0,90.0,137.0,144.0
93413,252.0,79.0,142.0,152.0
93414,266.0,150.0,146.0,146.0
93415,273.0,73.0,159.0,147.0
93416,263.0,120.0,128.0,144.0
93417,250.0,103.0,132.0,138.0
93418,242.0,212.0,149.0,138.0
93419,233.0,204.0,118.0,147.0
93420,263.0,149.0,156.0,145.0
93421,260.0,74.0,140.0,150.0
93422,263.0,97.0,146.0,145.0
93423,263.0,128.0,145.0,143.0
93424,261.0,95.0,142.0,140.0
93425,267.0,98.0,151.0,166.0
93426,209.0,93.0,122.0,113.0
93427,243.0,71.0,124.0,149.0
93428,245.0,225.0,145.0,142.0
93429,234.0,90.0,116.0,145.0
93430,265.0,111.0,136.0,154.0
93431,262.0,151.0,146.0,153.0
93432,229.0,79.0,123.0,130.0
93433,274.0,117.0,149.0,142.0
93434,262.0,107.0,142.0,148.0
93435,263.0,112.0,135.0,147.0
93436,271.0,84.0,146.0,147.0
93437,252.0,121.0,155.0,139.0
93438,244.0,197.0,140.0,143.0
93439,254.0,113.0,131.0,142.0
93440,251.0,106.0,146.0,150.0
93441,238.0,119.0,155.0,133.0
93442,265.0,87.0,142.0,144.0
93443,237.0,103.0,141.0,130.0
93444,260.0,216.0,154.0,143.0
93445,266.0,102.0,150.0,157.0
93446,239.0,108.0,135.0,136.0
93447,283.0,241.0,156.0,157.0
93448,240.0,136.0,139.0,126.0
93449,247.0,108.0,129.0,146.0
93450,253.0,212.0,145.0,151.0
93451,254.0,99.0,126.0,136.0
93452,225.0,100.0,116.0,122.0
93453,235.0,81.0,128.0,128.0
93454,242.0,143.0,123.0,129.0
93455,256.0,100.0,145.0,144.0
93456,231.0,76.0,138.0,150.0
93457,227.0,124.0,124.0,130.0
93458,271.0,180.0,162.0,151.0
93459,246.0,86.0,142.0,147.0
93460,245.0,84.0,134.0,133.0
93461,265.0,87.0,141.0,163.0
93462,258.0,162.0,134.0,133.0
93463,252.0,115.0,127.0,137.0
93464,244.0,113.0,146.0,125.0
93465,245.0,116.0,138.0,126.0
93466,269.0,144.0,145.0,157.0
93467,269.0,154.0,157.0,160.0
93468,229.0,67.0,127.0,124.0
93469,225.0,89.0,129.0,120.0
93470,250.0,221.0,118.0,144.0
93471,255.0,118.0,160.0,143.0
93472,265.0,135.0,155.0,155.0
93473,247.0,127.0,145.0,134.0
93474,247.0,128.0,130.0,151.0
93475,235.0,97.0,129.0,130.0
93476,260.0,104.0,146.0,137.0
93477,241.0,148.0,125.0,129.0
93478,228.0,123.0,117.0,125.0
93479,247.0,89.0,132.0,134.0
93480,242.0,242.0,151.0,137.0
93481,244.0,99.0,150.0,138.0
93482,258.0,131.0,144.0,151.0
93483,255.0,138.0,138.0,140.0
93484,228.0,141.0,121.0,131.0
93485,257.0,138.0,139.0,154.0
93486,232.0,115.0,132.0,134.0
93487,249.0,120.0,145.0,143.0
93488,243.0,144.0,138.0,130.0
93489,247.0,77.0,140.0,139.0
93490,248.0,106.0,132.0,138.0
93491,241.0,152.0,142.0,133.0
93492,229.0,123.0,136.0,119.0
93493,253.0,109.0,142.0,154.0
93494,256.0,94.0,161.0,148.0
93495,282.0,141.0,153.0,163.0
93496,266.0,191.0,138.0,141.0
93497,227.0,99.0,131.0,136.0
93498,244.0,83.0,130.0,131.0
93499,261.0,83.0,152.0,153.0
93500,261.0,118.0,152.0,140.0
93501,252.0,217.0,159.0,141.0
93502,235.0,126.0,136.0,145.0
93503,238.0,183.0,126.0,138.0
93504,234.0,153.0,128.0,105.0
93505,243.0,99.0,148.0,131.0
93506,254.0,90.0,139.0,153.0
93507,254.0,226.0,144.0,151.0
93508,247.0,207.0,140.0,152.0
93509,249.0,138.0,146.0,135.0
93510,249.0,209.0,127.0,145.0
93511,258.0,86.0,146.0,156.0
93512,251.0,92.0,148.0,152.0
93513,273.0,260.0,152.0,162.0
93514,259.0,245.0,145.0,150.0
93515,257.0,217.0,152.0,149.0
93516,241.0,202.0,148.0,143.0
93517,247.0,219.0,126.0,127.0
93518,212.0,109.0,111.0,114.0
93519,252.0,153.0,137.0,124.0
93520,263.0,122.0,132.0,154.0
93521,242.0,217.0,130.0,137.0
93522,238.0,153.0,134.0,132.0
93523,249.0,50.0,153.0,143.0
93524,250.0,113.0,129.0,132.0
93525,243.0,210.0,153.0,137.0
93526,229.0,127.0,128.0,120.0
93527,242.0,145.0,132.0,136.0
93528,274.0,126.0,146.0,157.0
93529,246.0,124.0,142.0,131.0
93530,233.0,108.0,133.0,125.0
93531,260.0,95.0,143.0,145.0
93532,265.0,107.0,140.0,141.0
93533,257.0,76.0,155.0,147.0
93534,243.0,90.0,133.0,137.0
93535,252.0,98.0,141.0,142.0
93536,251.0,134.0,147.0,137.0
93537,249.0,118.0,145.0,123.0
93538,246.0,115.0,133.0,129.0
93539,245.0,117.0,143.0,158.0
93540,227.0,119.0,117.0,137.0
93541,255.0,216.0,152.0,143.0
93542,243.0,123.0,141.0,141.0
93543,238.0,130.0,130.0,122.0
93544,245.0,91.0,124.0,148.0
93545,273.0,109.0,148.0,147.0
93546,274.0,123.0,145.0,164.0
93547,245.0,119.0,134.0,129.0
93548,259.0,230.0,145.0,150.0
93549,269.0,153.0,147.0,154.0
93550,253.0,141.0,143.0,145.0
93551,252.0,204.0,138.0,122.0
93552,264.0,92.0,137.0,150.0
93553,238.0,94.0,125.0,125.0
93554,239.0,109.0,143.0,149.0
93555,246.0,101.0,143.0,133.0
93556,254.0,176.0,155.0,139.0
93557,248.0,99.0,128.0,142.0
93558,243.0,154.0,151.0,143.0
93559,238.0,110.0,137.0,133.0
93560,247.0,140.0,140.0,148.0
93561,253.0,96.0,149.0,151.0
93562,241.0,114.0,142.0,139.0
93563,260.0,106.0,139.0,149.0
93564,243.0,119.0,137.0,120.0
93565,253.0,74.0,144.0,137.0
93566,203.0,81.0,111.0,111.0
93567,260.0,123.0,156.0,149.0
93568,264.0,86.0,141.0,152.0
93569,246.0,149.0,130.0,136.0
93570,233.0,91.0,139.0,126.0
93571,257.0,142.0,142.0,147.0
93572,228.0,64.0,129.0,123.0
93573,233.0,86.0,131.0,141.0
93574,225.0,90.0,118.0,139.0
93575,224.0,85.0,126.0,125.0
93576,229.0,88.0,122.0,129.0
93577,257.0,113.0,131.0,127.0
93578,263.0,136.0,145.0,151.0
93579,241.0,119.0,130.0,133.0
93580,258.0,151.0,145.0,139.0
93581,246.0,101.0,138.0,135.0
93582,269.0,114.0,133.0,148.0
93583,229.0,126.0,120.0,137.0
93584,266.0,145.0,142.0,162.0
93585,274.0,97.0,147.0,147.0
93586,237.0,123.0,130.0,134.0
93587,232.0,110.0,115.0,141.0
93588,230.0,123.0,136.0,118.0
93589,236.0,88.0,120.0,136.0
93590,249.0,195.0,151.0,133.0
93591,225.0,143.0,132.0,123.0
93592,267.0,96.0,152.0,150.0
93593,239.0,65.0,132.0,136.0
93594,258.0,126.0,148.0,151.0
93595,261.0,129.0,159.0,149.0
93596,247.0,156.0,138.0,142.0
93597,270.0,120.0,139.0,153.0
93598,243.0,64.0,139.0,146.0
93599,236.0,113.0,115.0,141.0
93600,235.0,65.0,143.0,139.0
93601,251.0,250.0,158.0,148.0
93602,254.0,111.0,151.0,147.0
93603,248.0,82.0,138.0,144.0
93604,254.0,152.0,156.0,150.0
93605,248.0,118.0,147.0,132.0
93606,269.0,111.0,153.0,163.0
93607,245.0,135.0,134.0,132.0
93608,251.0,116.0,139.0,148.0
93609,226.0,194.0,137.0,136.0
93610,259.0,227.0,144.0,138.0
93611,263.0,231.0,168.0,154.0
93612,246.0,129.0,146.0,136.0
93613,226.0,65.0,129.0,132.0
93614,257.0,112.0,151.0,147.0
93615,257.0,128.0,140.0,144.0
93616,245.0,124.0,139.0,127.0
93617,260.0,145.0,141.0,153.0
93618,241.0,63.0,140.0,132.0
93619,234.0,104.0,140.0,129.0
93620,247.0,141.0,139.0,127.0
93621,242.0,113.0,142.0,135.0
93622,230.0,141.0,125.0,119.0
93623,242.0,128.0,133.0,127.0
93624,245.0,144.0,141.0,131.0
93625,252.0,130.0,143.0,146.0
93626,255.0,229.0,141.0,139.0
93627,254.0,106.0,138.0,144.0
93628,261.0,162.0,150.0,141.0
93629,227.0,73.0,118.0,129.0
93630,261.0,138.0,148.0,147.0
93631,240.0,115.0,147.0,126.0
93632,261.0,110.0,150.0,144.0
93633,238.0,93.0,130.0,141.0
93634,233.0,63.0,140.0,126.0
93635,269.0,114.0,151.0,154.0
93636,239.0,139.0,141.0,123.0
93637,269.0,134.0,163.0,139.0
93638,268.0,141.0,147.0,146.0
93639,243.0,154.0,125.0,138.0
93640,249.0,139.0,125.0,151.0
93641,256.0,142.0,150.0,138.0
93642,229.0,80.0,132.0,122.0
93643,244.0,78.0,140.0,140.0
93644,256.0,99.0,134.0,157.0
93645,254.0,192.0,144.0,143.0
93646,242.0,122.0,143.0,134.0
93647,245.0,153.0,131.0,134.0
93648,239.0,173.0,144.0,144.0
93649,272.0,176.0,144.0,147.0
93650,250.0,202.0,153.0,147.0
93651,252.0,144.0,142.0,144.0
93652,241.0,122.0,138.0,133.0
93653,239.0,149.0,135.0,146.0
93654,223.0,84.0,119.0,129.0
93655,231.0,99.0,125.0,125.0
93656,257.0,101.0,151.0,144.0
93657,263.0,87.0,154.0,143.0
93658,269.0,91.0,161.0,144.0
93659,253.0,86.0,139.0,147.0
93660,249.0,144.0,126.0,140.0
93661,252.0,99.0,146.0,140.0
93662,256.0,98.0,158.0,130.0
93663,264.0,136.0,144.0,147.0
93664,266.0,93.0,151.0,148.0
93665,269.0,118.0,158.0,159.0
93666,242.0,115.0,130.0,119.0
93667,265.0,139.0,155.0,165.0
93668,260.0,130.0,148.0,145.0
93669,245.0,98.0,134.0,140.0
93670,241.0,92.0,146.0,144.0
93671,247.0,122.0,140.0,131.0
93672,237.0,85.0,121.0,129.0
93673,240.0,181.0,133.0,134.0
93674,250.0,246.0,154.0,127.0
93675,249.0,143.0,132.0,139.0
93676,285.0,114.0,160.0,153.0
93677,244.0,93.0,134.0,143.0
93678,243.0,84.0,125.0,127.0
93679,253.0,86.0,140.0,132.0
93680,253.0,125.0,132.0,143.0
93681,226.0,106.0,123.0,131.0
93682,242.0,88.0,138.0,130.0
93683,251.0,115.0,152.0,144.0
93684,244.0,133.0,146.0,145.0
93685,255.0,132.0,152.0,140.0
93686,268.0,129.0,157.0,161.0
93687,242.0,107.0,137.0,133.0
93688,263.0,77.0,169.0,145.0
93689,246.0,114.0,135.0,138.0
93690,246.0,88.0,142.0,148.0
93691,288.0,109.0,159.0,164.0
93692,226.0,63.0,122.0,129.0
93693,230.0,81.0,126.0,145.0
93694,242.0,214.0,138.0,129.0
93695,249.0,84.0,149.0,156.0
93696,251.0,206.0,126.0,148.0
93697,250.0,149.0,135.0,140.0
93698,243.0,93.0,134.0,135.0
93699,269.0,80.0,156.0,150.0
93700,248.0,86.0,149.0,140.0
93701,228.0,118.0,122.0,132.0
93702,241.0,117.0,131.0,142.0
93703,240.0,81.0,130.0,129.0
93704,236.0,96.0,141.0,128.0
93705,239.0,80.0,118.0,139.0
93706,260.0,110.0,146.0,148.0
93707,261.0,78.0,151.0,144.0
93708,247.0,95.0,154.0,130.0
93709,275.0,144.0,144.0,155.0
93710,274.0,190.0,158.0,156.0
93711,281.0,255.0,167.0,146.0
93712,230.0,209.0,129.0,138.0
93713,242.0,100.0,141.0,138.0
93714,225.0,101.0,140.0,143.0
93715,235.0,211.0,129.0,140.0
93716,269.0,119.0,143.0,142.0
93717,258.0,107.0,132.0,148.0
93718,259.0,224.0,143.0,147.0
93719,265.0,145.0,140.0,143.0
93720,239.0,89.0,130.0,136.0
93721,247.0,120.0,138.0,146.0
93722,256.0,79.0,162.0,144.0
93723,273.0,159.0,153.0,162.0
93724,248.0,153.0,136.0,145.0
93725,252.0,105.0,147.0,135.0
93726,249.0,112.0,140.0,140.0
93727,245.0,131.0,142.0,145.0
93728,233.0,232.0,125.0,133.0
93729,235.0,141.0,142.0,141.0
93730,245.0,153.0,144.0,144.0
93731,274.0,89.0,146.0,154.0
93732,255.0,182.0,145.0,135.0
93733,250.0,93.0,148.0,132.0
93734,254.0,118.0,147.0,132.0
93735,251.0,213.0,155.0,125.0
93736,242.0,122.0,138.0,136.0
93737,224.0,90.0,127.0,126.0
93738,249.0,98.0,148.0,134.0
93739,227.0,111.0,132.0,139.0
93740,264.0,232.0,140.0,148.0
93741,258.0,226.0,157.0,133.0
93742,259.0,112.0,160.0,139.0
93743,250.0,103.0,144.0,134.0
93744,254.0,101.0,138.0,146.0
93745,242.0,81.0,137.0,140.0
93746,261.0,234.0,139.0,159.0
93747,255.0,120.0,144.0,147.0
93748,252.0,130.0,157.0,138.0
93749,275.0,132.0,153.0,150.0
93750,243.0,111.0,145.0,136.0
93751,246.0,106.0,127.0,131.0
93752,251.0,143.0,135.0,138.0
93753,257.0,146.0,137.0,140.0
93754,268.0,175.0,144.0,164.0
93755,251.0,86.0,139.0,143.0
93756,271.0,69.0,154.0,155.0
93757,232.0,125.0,127.0,132.0
93758,242.0,134.0,146.0,134.0
93759,242.0,206.0,148.0,132.0
93760,235.0,108.0,138.0,121.0
93761,254.0,136.0,145.0,146.0
93762,251.0,135.0,146.0,120.0
93763,262.0,225.0,148.0,155.0
93764,249.0,150.0,129.0,137.0
93765,255.0,82.0,128.0,137.0
93766,261.0,93.0,133.0,153.0
93767,266.0,96.0,156.0,141.0
93768,243.0,56.0,132.0,126.0
93769,265.0,105.0,148.0,147.0
93770,259.0,107.0,124.0,140.0
93771,242.0,93.0,127.0,128.0
93772,255.0,148.0,150.0,145.0
93773,233.0,201.0,125.0,134.0
93774,262.0,152.0,147.0,139.0
93775,234.0,93.0,131.0,127.0
93776,242.0,101.0,141.0,160.0
93777,229.0,106.0,127.0,131.0
93778,243.0,164.0,133.0,127.0
93779,269.0,224.0,148.0,151.0
93780,261.0,166.0,145.0,143.0
93781,231.0,151.0,141.0,130.0
93782,267.0,77.0,152.0,146.0
93783,222.0,76.0,122.0,130.0
93784,266.0,155.0,143.0,148.0
93785,236.0,88.0,135.0,137.0
93786,268.0,173.0,149.0,157.0
93787,256.0,62.0,145.0,145.0
93788,255.0,83.0,152.0,157.0
93789,248.0,149.0,138.0,146.0
93790,249.0,83.0,148.0,135.0
93791,254.0,143.0,141.0,150.0
93792,241.0,74.0,144.0,138.0
93793,239.0,214.0,147.0,136.0
93794,267.0,115.0,147.0,156.0
93795,249.0,85.0,138.0,144.0
93796,237.0,99.0,144.0,140.0
93797,259.0,84.0,135.0,140.0
93798,265.0,112.0,138.0,143.0
93799,239.0,103.0,117.0,136.0
93800,249.0,110.0,137.0,149.0
93801,236.0,100.0,140.0,139.0
93802,238.0,109.0,130.0,130.0
93803,271.0,129.0,138.0,154.0
93804,274.0,91.0,160.0,145.0
93805,237.0,71.0,142.0,137.0
93806,264.0,92.0,155.0,160.0
93807,270.0,136.0,156.0,157.0
93808,238.0,73.0,153.0,136.0
93809,262.0,116.0,140.0,156.0
93810,257.0,212.0,152.0,135.0
93811,255.0,180.0,141.0,151.0
93812,257.0,257.0,154.0,158.0
93813,249.0,125.0,156.0,140.0
93814,233.0,74.0,138.0,124.0
93815,268.0,84.0,138.0,153.0
93816,244.0,222.0,123.0,138.0
93817,261.0,174.0,146.0,148.0
93818,248.0,53.0,148.0,119.0
93819,237.0,85.0,146.0,143.0
93820,242.0,91.0,134.0,126.0
93821,245.0,117.0,126.0,149.0
93822,221.0,187.0,117.0,142.0
93823,239.0,119.0,131.0,139.0
93824,254.0,109.0,136.0,149.0
93825,235.0,235.0,144.0,134.0
93826,250.0,234.0,144.0,137.0
93827,270.0,254.0,137.0,162.0
93828,263.0,132.0,154.0,137.0
93829,239.0,116.0,151.0,144.0
93830,264.0,78.0,159.0,145.0
93831,259.0,102.0,143.0,154.0
93832,258.0,137.0,150.0,157.0
93833,234.0,89.0,144.0,118.0
93834,253.0,168.0,153.0,147.0
93835,245.0,121.0,139.0,147.0
93836,268.0,121.0,165.0,154.0
93837,254.0,133.0,133.0,147.0
93838,256.0,84.0,144.0,155.0
93839,259.0,143.0,142.0,135.0
93840,257.0,151.0,144.0,152.0
93841,250.0,193.0,146.0,139.0
93842,269.0,70.0,154.0,159.0
93843,224.0,104.0,129.0,128.0
93844,255.0,209.0,166.0,138.0
93845,241.0,76.0,115.0,128.0
93846,258.0,106.0,145.0,145.0
93847,245.0,120.0,130.0,136.0
93848,251.0,120.0,133.0,143.0
93849,262.0,119.0,157.0,140.0
93850,245.0,137.0,115.0,121.0
93851,269.0,70.0,156.0,145.0
93852,260.0,236.0,156.0,139.0
93853,246.0,88.0,147.0,136.0
93854,264.0,148.0,127.0,150.0
93855,254.0,141.0,144.0,143.0
93856,247.0,75.0,134.0,142.0
93857,253.0,136.0,163.0,135.0
93858,267.0,135.0,158.0,149.0
93859,244.0,106.0,144.0,130.0
93860,230.0,112.0,123.0,125.0
93861,253.0,118.0,137.0,136.0
93862,249.0,112.0,146.0,143.0
93863,232.0,102.0,135.0,139.0
93864,253.0,100.0,153.0,134.0
93865,282.0,120.0,149.0,145.0
93866,246.0,112.0,133.0,133.0
93867,242.0,104.0,135.0,141.0
93868,237.0,82.0,131.0,142.0
93869,222.0,176.0,113.0,118.0
93870,252.0,88.0,136.0,124.0
93871,257.0,135.0,167.0,143.0
93872,264.0,166.0,158.0,150.0
93873,242.0,50.0,140.0,141.0
93874,256.0,141.0,142.0,139.0
93875,262.0,128.0,154.0,142.0
93876,244.0,76.0,133.0,139.0
93877,242.0,115.0,138.0,138.0
93878,232.0,91.0,121.0,127.0
93879,270.0,94.0,170.0,141.0
93880,256.0,147.0,137.0,140.0
93881,227.0,141.0,137.0,124.0
93882,231.0,61.0,120.0,132.0
93883,252.0,116.0,165.0,128.0
93884,246.0,86.0,155.0,144.0
93885,225.0,118.0,116.0,130.0
93886,266.0,126.0,156.0,151.0
93887,230.0,113.0,125.0,142.0
93888,262.0,76.0,155.0,139.0
93889,242.0,86.0,126.0,132.0
93890,245.0,137.0,132.0,126.0
93891,245.0,72.0,142.0,162.0
93892,248.0,159.0,150.0,141.0
93893,257.0,131.0,141.0,151.0
93894,268.0,95.0,143.0,140.0
93895,252.0,109.0,131.0,153.0
93896,230.0,106.0,138.0,123.0
93897,249.0,124.0,138.0,145.0
93898,251.0,126.0,147.0,144.0
93899,292.0,140.0,171.0,166.0
93900,226.0,69.0,128.0,131.0
93901,230.0,102.0,119.0,124.0
93902,249.0,123.0,147.0,143.0
93903,274.0,158.0,136.0,157.0
93904,288.0,92.0,161.0,174.0
93905,243.0,121.0,130.0,143.0
93906,246.0,101.0,155.0,133.0
93907,254.0,99.0,152.0,150.0
93908,268.0,109.0,161.0,141.0
93909,241.0,116.0,155.0,129.0
93910,264.0,163.0,158.0,153.0
93911,230.0,100.0,146.0,130.0
93912,250.0,113.0,140.0,143.0
93913,240.0,101.0,129.0,147.0
93914,246.0,172.0,136.0,144.0
93915,257.0,224.0,140.0,149.0
93916,229.0,83.0,137.0,136.0
93917,247.0,141.0,132.0,142.0
93918,269.0,66.0,157.0,161.0
93919,253.0,99.0,160.0,132.0
93920,262.0,127.0,138.0,150.0
93921,220.0,79.0,126.0,119.0
93922,252.0,70.0,146.0,154.0
93923,253.0,112.0,143.0,146.0
93924,240.0,100.0,132.0,143.0
93925,230.0,172.0,125.0,129.0
93926,245.0,189.0,117.0,135.0
93927,256.0,218.0,130.0,143.0
93928,242.0,88.0,139.0,147.0
93929,267.0,132.0,152.0,163.0
93930,260.0,125.0,139.0,133.0
93931,224.0,80.0,120.0,129.0
93932,262.0,92.0,134.0,158.0
93933,224.0,89.0,127.0,120.0
93934,218.0,133.0,131.0,126.0
93935,271.0,152.0,152.0,168.0
93936,238.0,191.0,143.0,137.0
93937,249.0,141.0,149.0,144.0
93938,262.0,111.0,153.0,146.0
93939,271.0,72.0,162.0,158.0
93940,257.0,257.0,144.0,155.0
93941,228.0,88.0,135.0,139.0
93942,261.0,182.0,149.0,148.0
93943,280.0,135.0,148.0,164.0
93944,235.0,106.0,138.0,126.0
93945,267.0,92.0,134.0,148.0
93946,276.0,124.0,156.0,164.0
93947,231.0,114.0,123.0,134.0
93948,267.0,130.0,150.0,147.0
93949,277.0,200.0,164.0,143.0
93950,257.0,79.0,143.0,150.0
93951,254.0,132.0,136.0,137.0
93952,244.0,151.0,130.0,149.0
93953,240.0,87.0,140.0,130.0
93954,228.0,93.0,126.0,131.0
93955,249.0,113.0,141.0,148.0
93956,254.0,149.0,152.0,139.0
93957,246.0,111.0,143.0,144.0
93958,232.0,128.0,123.0,122.0
93959,254.0,121.0,129.0,132.0
93960,226.0,191.0,113.0,125.0
93961,253.0,92.0,122.0,145.0
93962,238.0,123.0,129.0,137.0
93963,243.0,105.0,136.0,151.0
93964,275.0,85.0,161.0,160.0
93965,245.0,131.0,133.0,137.0
93966,239.0,107.0,130.0,132.0
93967,267.0,184.0,136.0,160.0
93968,227.0,114.0,133.0,140.0
93969,278.0,130.0,158.0,165.0
93970,251.0,113.0,132.0,145.0
93971,249.0,131.0,151.0,131.0
93972,259.0,70.0,153.0,148.0
93973,233.0,132.0,114.0,127.0
93974,275.0,183.0,162.0,143.0
93975,227.0,96.0,130.0,123.0
93976,226.0,185.0,120.0,128.0
93977,262.0,108.0,154.0,155.0
93978,269.0,117.0,154.0,144.0
93979,263.0,116.0,155.0,136.0
93980,245.0,115.0,147.0,135.0
93981,273.0,117.0,158.0,155.0
93982,233.0,88.0,126.0,138.0
93983,271.0,102.0,142.0,152.0
93984,249.0,115.0,148.0,133.0
93985,260.0,111.0,142.0,143.0
93986,244.0,94.0,132.0,155.0
93987,258.0,145.0,136.0,141.0
93988,232.0,77.0,119.0,132.0
93989,277.0,82.0,161.0,144.0
93990,269.0,71.0,150.0,146.0
93991,245.0,210.0,147.0,130.0
93992,256.0,103.0,148.0,160.0
93993,261.0,133.0,158.0,135.0
93994,261.0,140.0,139.0,124.0
93995,243.0,131.0,126.0,144.0
93996,251.0,142.0,141.0,128.0
93997,250.0,92.0,143.0,144.0
93998,228.0,125.0,138.0,129.0
93999,244.0,140.0,140.0,140.0
94000,247.0,93.0,151.0,134.0
94001,256.0,181.0,148.0,146.0
94002,263.0,110.0,146.0,141.0
94003,242.0,96.0,142.0,139.0
94004,232.0,70.0,134.0,135.0
94005,263.0,225.0,153.0,146.0
94006,245.0,83.0,150.0,137.0
94007,236.0,125.0,134.0,131.0
94008,249.0,126.0,133.0,148.0
94009,273.0,126.0,155.0,144.0
94010,240.0,125.0,125.0,140.0
94011,236.0,83.0,130.0,147.0
94012,264.0,124.0,158.0,125.0
94013,248.0,136.0,155.0,140.0
94014,247.0,168.0,123.0,147.0
94015,221.0,124.0,127.0,129.0
94016,261.0,115.0,130.0,137.0
94017,252.0,217.0,148.0,142.0
94018,251.0,227.0,160.0,141.0
94019,275.0,132.0,150.0,146.0
94020,260.0,85.0,160.0,135.0
94021,273.0,80.0,154.0,145.0
94022,262.0,125.0,146.0,157.0
94023,234.0,84.0,140.0,130.0
94024,269.0,127.0,152.0,148.0
94025,259.0,134.0,154.0,146.0
94026,244.0,110.0,136.0,134.0
94027,237.0,99.0,138.0,125.0
94028,255.0,117.0,131.0,142.0
94029,265.0,55.0,156.0,142.0
94030,262.0,74.0,147.0,150.0
94031,255.0,80.0,142.0,140.0
94032,258.0,147.0,156.0,130.0
94033,246.0,160.0,147.0,126.0
94034,255.0,136.0,156.0,152.0
94035,244.0,97.0,127.0,131.0
94036,243.0,210.0,127.0,132.0
94037,243.0,145.0,127.0,135.0
94038,249.0,109.0,127.0,150.0
94039,245.0,110.0,131.0,139.0
94040,263.0,126.0,140.0,144.0
94041,263.0,229.0,149.0,145.0
94042,252.0,104.0,156.0,143.0
94043,240.0,98.0,137.0,130.0
94044,232.0,106.0,138.0,110.0
94045,261.0,116.0,161.0,159.0
94046,253.0,89.0,164.0,138.0
94047,227.0,118.0,139.0,129.0
94048,252.0,95.0,154.0,146.0
94049,262.0,123.0,151.0,152.0
94050,252.0,170.0,145.0,134.0
94051,239.0,141.0,133.0,133.0
94052,249.0,112.0,136.0,148.0
94053,267.0,178.0,141.0,143.0
94054,239.0,85.0,135.0,139.0
94055,231.0,162.0,139.0,122.0
94056,236.0,113.0,137.0,141.0
94057,247.0,234.0,150.0,141.0
94058,250.0,95.0,153.0,128.0
94059,243.0,124.0,144.0,144.0
94060,258.0,95.0,143.0,130.0
94061,238.0,97.0,126.0,125.0
94062,248.0,112.0,140.0,140.0
94063,252.0,112.0,147.0,144.0
94064,251.0,137.0,146.0,136.0
94065,230.0,67.0,125.0,128.0
94066,238.0,138.0,131.0,143.0
94067,257.0,127.0,150.0,146.0
94068,228.0,67.0,129.0,128.0
94069,260.0,121.0,147.0,141.0
94070,256.0,160.0,145.0,155.0
94071,253.0,114.0,141.0,132.0
94072,255.0,159.0,144.0,151.0
94073,255.0,82.0,149.0,147.0
94074,243.0,113.0,133.0,141.0
94075,259.0,125.0,161.0,122.0
94076,257.0,197.0,135.0,138.0
94077,277.0,232.0,148.0,172.0
94078,248.0,107.0,142.0,143.0
94079,239.0,176.0,135.0,130.0
94080,255.0,150.0,134.0,124.0
94081,247.0,58.0,138.0,142.0
94082,258.0,108.0,133.0,154.0
94083,238.0,73.0,133.0,142.0
94084,252.0,148.0,135.0,139.0
94085,254.0,37.0,130.0,135.0
94086,269.0,136.0,153.0,149.0
94087,252.0,109.0,146.0,139.0
94088,256.0,139.0,141.0,141.0
94089,238.0,115.0,135.0,128.0
94090,223.0,108.0,117.0,124.0
94091,240.0,212.0,130.0,143.0
94092,253.0,107.0,121.0,141.0
94093,254.0,118.0,165.0,137.0
94094,286.0,128.0,156.0,154.0
94095,250.0,126.0,151.0,157.0
94096,238.0,132.0,148.0,130.0
94097,244.0,94.0,153.0,131.0
94098,262.0,109.0,158.0,157.0
94099,259.0,133.0,147.0,147.0
94100,263.0,229.0,154.0,155.0
94101,240.0,91.0,148.0,128.0
94102,241.0,122.0,122.0,150.0
94103,273.0,106.0,161.0,154.0
94104,259.0,122.0,154.0,131.0
94105,251.0,230.0,134.0,139.0
94106,237.0,69.0,142.0,126.0
94107,265.0,145.0,149.0,144.0
94108,239.0,107.0,140.0,140.0
94109,259.0,116.0,149.0,128.0
94110,233.0,110.0,131.0,117.0
94111,263.0,225.0,148.0,140.0
94112,236.0,87.0,138.0,135.0
94113,243.0,98.0,140.0,124.0
94114,263.0,221.0,135.0,141.0
94115,254.0,107.0,138.0,148.0
94116,241.0,89.0,145.0,127.0
94117,230.0,74.0,127.0,128.0
94118,239.0,80.0,124.0,134.0
94119,225.0,113.0,145.0,146.0
94120,272.0,151.0,165.0,151.0
94121,245.0,87.0,136.0,140.0
94122,244.0,119.0,130.0,139.0
94123,227.0,114.0,127.0,124.0
94124,223.0,96.0,126.0,126.0
94125,247.0,106.0,127.0,150.0
94126,257.0,117.0,143.0,145.0
94127,235.0,217.0,142.0,144.0
94128,222.0,84.0,137.0,119.0
94129,251.0,212.0,129.0,138.0
94130,265.0,206.0,142.0,148.0
94131,233.0,98.0,145.0,144.0
94132,252.0,117.0,136.0,158.0
94133,241.0,114.0,132.0,142.0
94134,226.0,116.0,126.0,115.0
94135,259.0,137.0,141.0,155.0
94136,280.0,196.0,160.0,158.0
94137,252.0,111.0,143.0,144.0
94138,262.0,150.0,140.0,137.0
94139,252.0,131.0,147.0,148.0
94140,225.0,112.0,131.0,122.0
94141,209.0,94.0,121.0,120.0
94142,248.0,130.0,133.0,141.0
94143,239.0,95.0,136.0,130.0
94144,236.0,78.0,131.0,134.0
94145,261.0,139.0,151.0,154.0
94146,259.0,147.0,168.0,141.0
94147,255.0,123.0,137.0,145.0
94148,227.0,192.0,125.0,123.0
94149,249.0,69.0,133.0,132.0
94150,254.0,93.0,147.0,140.0
94151,257.0,89.0,153.0,147.0
94152,243.0,121.0,137.0,135.0
94153,263.0,181.0,121.0,150.0
94154,248.0,88.0,150.0,130.0
94155,265.0,157.0,145.0,146.0
94156,251.0,115.0,141.0,151.0
94157,249.0,114.0,150.0,140.0
94158,271.0,219.0,144.0,159.0
94159,234.0,71.0,146.0,140.0
94160,250.0,100.0,134.0,143.0
94161,243.0,92.0,133.0,144.0
94162,273.0,90.0,148.0,138.0
94163,225.0,106.0,135.0,133.0
94164,243.0,73.0,138.0,145.0
94165,256.0,138.0,122.0,133.0
94166,246.0,94.0,140.0,145.0
94167,250.0,101.0,138.0,156.0
94168,242.0,86.0,134.0,141.0
94169,256.0,123.0,132.0,156.0
94170,245.0,133.0,140.0,132.0
94171,251.0,63.0,139.0,138.0
94172,252.0,117.0,140.0,134.0
94173,275.0,156.0,163.0,166.0
94174,259.0,76.0,143.0,140.0
94175,237.0,174.0,132.0,131.0
94176,245.0,114.0,139.0,127.0
94177,250.0,124.0,130.0,138.0
94178,250.0,148.0,140.0,147.0
94179,258.0,139.0,130.0,162.0
94180,259.0,121.0,146.0,151.0
94181,239.0,131.0,135.0,132.0
94182,249.0,94.0,138.0,131.0
94183,263.0,111.0,151.0,139.0
94184,254.0,122.0,135.0,144.0
94185,255.0,109.0,148.0,157.0
94186,245.0,184.0,152.0,144.0
94187,252.0,109.0,137.0,139.0
94188,238.0,229.0,140.0,145.0
94189,237.0,123.0,143.0,127.0
94190,270.0,248.0,150.0,147.0
94191,242.0,68.0,126.0,132.0
94192,267.0,127.0,137.0,144.0
94193,254.0,235.0,133.0,132.0
94194,242.0,86.0,133.0,135.0
94195,241.0,83.0,136.0,129.0
94196,251.0,70.0,125.0,145.0
94197,246.0,97.0,128.0,133.0
94198,239.0,102.0,139.0,132.0
94199,255.0,144.0,130.0,164.0
94200,245.0,109.0,129.0,135.0
94201,269.0,126.0,152.0,161.0
94202,261.0,135.0,146.0,142.0
94203,265.0,123.0,143.0,146.0
94204,253.0,129.0,140.0,137.0
94205,262.0,125.0,153.0,146.0
94206,262.0,164.0,145.0,147.0
94207,205.0,73.0,115.0,128.0
94208,228.0,106.0,124.0,123.0
94209,274.0,126.0,148.0,154.0
94210,256.0,113.0,152.0,135.0
94211,263.0,89.0,141.0,140.0
94212,258.0,118.0,126.0,148.0
94213,257.0,157.0,146.0,152.0
94214,262.0,98.0,146.0,154.0
94215,236.0,91.0,123.0,134.0
94216,216.0,89.0,120.0,123.0
94217,257.0,102.0,147.0,151.0
94218,258.0,118.0,144.0,126.0
94219,252.0,105.0,147.0,138.0
94220,226.0,89.0,139.0,132.0
94221,264.0,113.0,160.0,146.0
94222,258.0,150.0,147.0,146.0
94223,239.0,99.0,147.0,124.0
94224,267.0,118.0,157.0,150.0
94225,242.0,105.0,128.0,143.0
94226,253.0,106.0,152.0,132.0
94227,252.0,112.0,128.0,138.0
94228,243.0,92.0,134.0,143.0
94229,262.0,146.0,147.0,145.0
94230,255.0,227.0,143.0,140.0
94231,242.0,101.0,138.0,136.0
94232,265.0,102.0,164.0,147.0
94233,273.0,84.0,146.0,146.0
94234,254.0,158.0,152.0,145.0
94235,263.0,107.0,161.0,136.0
94236,263.0,181.0,144.0,137.0
94237,275.0,113.0,180.0,164.0
94238,255.0,235.0,148.0,142.0
94239,240.0,168.0,140.0,129.0
94240,258.0,112.0,130.0,141.0
94241,239.0,61.0,127.0,136.0
94242,255.0,111.0,146.0,145.0
94243,260.0,141.0,128.0,135.0
94244,257.0,117.0,142.0,148.0
94245,279.0,104.0,155.0,157.0
94246,233.0,140.0,144.0,135.0
94247,252.0,89.0,135.0,137.0
94248,246.0,128.0,144.0,130.0
94249,265.0,231.0,144.0,140.0
94250,233.0,66.0,138.0,137.0
94251,250.0,131.0,142.0,144.0
94252,253.0,116.0,147.0,166.0
94253,253.0,110.0,128.0,149.0
94254,257.0,86.0,134.0,155.0
94255,227.0,204.0,119.0,142.0
94256,268.0,116.0,129.0,141.0
94257,228.0,130.0,104.0,130.0
94258,274.0,159.0,149.0,163.0
94259,258.0,79.0,133.0,138.0
94260,264.0,119.0,146.0,148.0
94261,259.0,151.0,138.0,148.0
94262,253.0,104.0,143.0,144.0
94263,232.0,104.0,131.0,113.0
94264,233.0,127.0,138.0,127.0
94265,246.0,102.0,132.0,134.0
94266,234.0,135.0,127.0,133.0
94267,249.0,93.0,140.0,129.0
94268,257.0,142.0,135.0,143.0
94269,238.0,124.0,135.0,131.0
94270,239.0,86.0,148.0,146.0
94271,279.0,116.0,171.0,172.0
94272,260.0,129.0,152.0,139.0
94273,246.0,101.0,136.0,122.0
94274,234.0,108.0,146.0,135.0
94275,251.0,114.0,152.0,134.0
94276,230.0,87.0,135.0,136.0
94277,268.0,143.0,140.0,150.0
94278,245.0,99.0,157.0,145.0
94279,263.0,102.0,154.0,161.0
94280,244.0,209.0,121.0,137.0
94281,238.0,114.0,127.0,140.0
94282,272.0,91.0,157.0,157.0
94283,254.0,66.0,144.0,126.0
94284,263.0,91.0,144.0,130.0
94285,236.0,155.0,126.0,142.0
94286,241.0,115.0,130.0,146.0
94287,249.0,26.0,137.0,132.0
94288,273.0,124.0,153.0,140.0
94289,256.0,122.0,144.0,160.0
94290,252.0,68.0,132.0,153.0
94291,249.0,127.0,160.0,136.0
94292,254.0,134.0,146.0,134.0
94293,264.0,94.0,153.0,153.0
94294,253.0,115.0,149.0,131.0
94295,254.0,106.0,135.0,158.0
94296,237.0,99.0,138.0,124.0
94297,264.0,110.0,151.0,139.0
94298,261.0,230.0,152.0,150.0
94299,267.0,105.0,152.0,157.0
94300,232.0,207.0,130.0,126.0
94301,245.0,57.0,143.0,136.0
94302,251.0,91.0,138.0,142.0
94303,215.0,118.0,125.0,109.0
94304,254.0,114.0,138.0,136.0
94305,236.0,107.0,130.0,123.0
94306,246.0,164.0,134.0,161.0
94307,253.0,107.0,138.0,141.0
94308,240.0,102.0,126.0,134.0
94309,246.0,170.0,148.0,140.0
94310,257.0,134.0,141.0,156.0
94311,254.0,145.0,144.0,142.0
94312,244.0,125.0,140.0,137.0
94313,236.0,130.0,124.0,136.0
94314,244.0,107.0,146.0,128.0
94315,244.0,99.0,126.0,138.0
94316,264.0,123.0,155.0,163.0
94317,256.0,116.0,152.0,139.0
94318,258.0,130.0,137.0,126.0
94319,266.0,262.0,153.0,155.0
94320,242.0,130.0,140.0,132.0
94321,274.0,109.0,147.0,162.0
94322,233.0,110.0,133.0,140.0
94323,255.0,239.0,143.0,134.0
94324,240.0,98.0,147.0,151.0
94325,258.0,63.0,154.0,144.0
94326,259.0,125.0,143.0,136.0
94327,260.0,87.0,139.0,151.0
94328,252.0,149.0,133.0,132.0
94329,241.0,130.0,126.0,122.0
94330,242.0,92.0,140.0,139.0
94331,262.0,114.0,147.0,154.0
94332,286.0,99.0,161.0,156.0
94333,266.0,194.0,150.0,162.0
94334,261.0,123.0,152.0,128.0
94335,253.0,134.0,144.0,140.0
94336,238.0,57.0,139.0,132.0
94337,256.0,134.0,157.0,148.0
94338,276.0,148.0,151.0,146.0
94339,249.0,159.0,136.0,144.0
94340,233.0,92.0,130.0,129.0
94341,244.0,111.0,140.0,140.0
94342,248.0,68.0,129.0,138.0
94343,253.0,92.0,142.0,147.0
94344,265.0,140.0,162.0,151.0
94345,246.0,119.0,137.0,136.0
94346,247.0,96.0,146.0,141.0
94347,265.0,139.0,146.0,133.0
94348,256.0,137.0,131.0,139.0
94349,244.0,210.0,144.0,114.0
94350,242.0,133.0,126.0,130.0
94351,266.0,118.0,146.0,150.0
94352,247.0,58.0,150.0,134.0
94353,257.0,85.0,143.0,135.0
94354,245.0,86.0,121.0,134.0
94355,253.0,107.0,141.0,149.0
94356,228.0,219.0,142.0,132.0
94357,260.0,115.0,143.0,142.0
94358,255.0,120.0,143.0,144.0
94359,243.0,202.0,139.0,150.0
94360,250.0,134.0,134.0,148.0
94361,250.0,118.0,133.0,146.0
94362,251.0,109.0,145.0,149.0
94363,249.0,122.0,131.0,126.0
94364,220.0,93.0,117.0,122.0
94365,236.0,95.0,127.0,135.0
94366,257.0,119.0,151.0,146.0
94367,246.0,97.0,129.0,141.0
94368,245.0,87.0,144.0,127.0
94369,253.0,109.0,130.0,133.0
94370,245.0,108.0,132.0,151.0
94371,264.0,98.0,155.0,162.0
94372,251.0,147.0,159.0,141.0
94373,239.0,55.0,137.0,127.0
94374,254.0,217.0,148.0,134.0
94375,249.0,50.0,153.0,139.0
94376,249.0,101.0,149.0,153.0
94377,228.0,102.0,136.0,116.0
94378,272.0,155.0,158.0,157.0
94379,234.0,100.0,130.0,133.0
94380,237.0,133.0,139.0,149.0
94381,256.0,122.0,153.0,143.0
94382,263.0,142.0,147.0,150.0
94383,256.0,135.0,152.0,144.0
94384,245.0,123.0,135.0,141.0
94385,236.0,108.0,135.0,136.0
94386,254.0,100.0,134.0,143.0
94387,232.0,230.0,141.0,125.0
94388,263.0,100.0,128.0,153.0
94389,258.0,93.0,133.0,161.0
94390,276.0,122.0,163.0,154.0
94391,256.0,139.0,141.0,143.0
94392,232.0,97.0,125.0,140.0
94393,251.0,73.0,143.0,146.0
94394,260.0,126.0,137.0,146.0
94395,245.0,74.0,137.0,137.0
94396,239.0,114.0,134.0,129.0
94397,263.0,86.0,138.0,148.0
94398,273.0,255.0,167.0,148.0
94399,235.0,102.0,130.0,129.0
94400,222.0,86.0,117.0,122.0
94401,277.0,59.0,154.0,158.0
94402,238.0,114.0,135.0,129.0
94403,230.0,220.0,129.0,125.0
94404,262.0,95.0,144.0,151.0
94405,259.0,120.0,141.0,140.0
94406,280.0,96.0,166.0,140.0
94407,278.0,115.0,164.0,168.0
94408,250.0,120.0,124.0,143.0
94409,258.0,106.0,154.0,134.0
94410,252.0,113.0,137.0,153.0
94411,232.0,123.0,127.0,125.0
94412,257.0,108.0,156.0,145.0
94413,233.0,106.0,128.0,123.0
94414,267.0,227.0,157.0,152.0
94415,261.0,122.0,155.0,152.0
94416,235.0,148.0,126.0,121.0
94417,220.0,140.0,113.0,127.0
94418,249.0,96.0,137.0,156.0
94419,283.0,155.0,157.0,152.0
94420,257.0,104.0,149.0,144.0
94421,262.0,140.0,143.0,160.0
94422,261.0,128.0,140.0,144.0
94423,249.0,128.0,142.0,135.0
94424,250.0,154.0,129.0,135.0
94425,253.0,214.0,159.0,153.0
94426,252.0,91.0,142.0,140.0
94427,237.0,60.0,134.0,132.0
94428,261.0,110.0,157.0,153.0
94429,252.0,89.0,143.0,129.0
94430,246.0,108.0,138.0,147.0
94431,244.0,142.0,133.0,128.0
94432,263.0,235.0,138.0,148.0
94433,227.0,114.0,120.0,118.0
94434,246.0,80.0,136.0,146.0
94435,262.0,104.0,143.0,151.0
94436,236.0,96.0,129.0,140.0
94437,257.0,155.0,125.0,134.0
94438,237.0,91.0,128.0,137.0
94439,258.0,210.0,129.0,144.0
94440,233.0,193.0,139.0,147.0
94441,246.0,148.0,156.0,136.0
94442,252.0,65.0,142.0,136.0
94443,233.0,151.0,150.0,130.0
94444,253.0,229.0,131.0,147.0
94445,250.0,90.0,154.0,132.0
94446,211.0,88.0,127.0,112.0
94447,227.0,83.0,141.0,128.0
94448,256.0,109.0,148.0,136.0
94449,268.0,91.0,154.0,158.0
94450,244.0,95.0,142.0,133.0
94451,268.0,103.0,168.0,152.0
94452,276.0,144.0,159.0,153.0
94453,253.0,157.0,141.0,142.0
94454,255.0,65.0,134.0,132.0
94455,226.0,109.0,136.0,114.0
94456,280.0,128.0,162.0,158.0
94457,259.0,76.0,146.0,139.0
94458,252.0,134.0,135.0,138.0
94459,252.0,229.0,130.0,149.0
94460,257.0,168.0,132.0,143.0
94461,242.0,70.0,126.0,139.0
94462,269.0,91.0,139.0,156.0
94463,263.0,139.0,146.0,161.0
94464,244.0,85.0,152.0,147.0
94465,246.0,104.0,140.0,143.0
94466,243.0,212.0,131.0,147.0
94467,253.0,92.0,144.0,148.0
94468,284.0,103.0,150.0,142.0
94469,213.0,136.0,133.0,119.0
94470,237.0,103.0,133.0,125.0
94471,242.0,45.0,132.0,146.0
94472,248.0,94.0,147.0,139.0
94473,255.0,75.0,139.0,145.0
94474,243.0,123.0,137.0,137.0
94475,248.0,79.0,144.0,131.0
94476,248.0,137.0,141.0,152.0
94477,257.0,140.0,138.0,135.0
94478,247.0,123.0,148.0,127.0
94479,242.0,134.0,137.0,138.0
94480,249.0,86.0,145.0,136.0
94481,236.0,107.0,142.0,147.0
94482,250.0,246.0,139.0,132.0
94483,238.0,117.0,143.0,138.0
94484,278.0,138.0,161.0,164.0
94485,260.0,137.0,154.0,148.0
94486,249.0,105.0,133.0,144.0
94487,246.0,114.0,140.0,138.0
94488,250.0,85.0,156.0,145.0
94489,228.0,133.0,132.0,132.0
94490,261.0,95.0,153.0,165.0
94491,266.0,238.0,153.0,149.0
94492,243.0,76.0,139.0,135.0
94493,235.0,72.0,136.0,136.0
94494,249.0,135.0,135.0,131.0
94495,245.0,92.0,140.0,133.0
94496,235.0,158.0,130.0,152.0
94497,254.0,75.0,144.0,157.0
94498,253.0,85.0,131.0,137.0
94499,270.0,111.0,142.0,162.0
94500,238.0,64.0,130.0,130.0
94501,244.0,226.0,135.0,133.0
94502,250.0,215.0,135.0,137.0
94503,255.0,98.0,145.0,149.0
94504,243.0,130.0,140.0,130.0
94505,270.0,122.0,160.0,143.0
94506,244.0,111.0,138.0,141.0
94507,236.0,132.0,133.0,139.0
94508,257.0,98.0,144.0,146.0
94509,243.0,226.0,136.0,154.0
94510,239.0,94.0,129.0,131.0
94511,256.0,75.0,143.0,129.0
94512,238.0,69.0,138.0,132.0
94513,255.0,221.0,143.0,147.0
94514,254.0,116.0,149.0,133.0
94515,257.0,75.0,127.0,147.0
94516,224.0,156.0,122.0,120.0
94517,243.0,141.0,157.0,124.0
94518,261.0,149.0,141.0,143.0
94519,249.0,79.0,131.0,134.0
94520,262.0,81.0,147.0,152.0
94521,246.0,118.0,142.0,122.0
94522,256.0,116.0,133.0,130.0
94523,257.0,105.0,156.0,124.0
94524,251.0,154.0,143.0,148.0
94525,238.0,94.0,122.0,142.0
94526,268.0,151.0,157.0,146.0
94527,236.0,71.0,133.0,132.0
94528,253.0,60.0,136.0,129.0
94529,247.0,96.0,147.0,123.0
94530,256.0,93.0,135.0,149.0
94531,240.0,209.0,127.0,123.0
94532,264.0,117.0,143.0,130.0
94533,259.0,90.0,139.0,147.0
94534,243.0,82.0,145.0,138.0
94535,248.0,96.0,137.0,128.0
94536,244.0,151.0,141.0,132.0
94537,252.0,78.0,124.0,145.0
94538,236.0,86.0,133.0,116.0
94539,229.0,62.0,118.0,128.0
94540,229.0,100.0,122.0,124.0
94541,234.0,104.0,138.0,130.0
94542,263.0,101.0,151.0,143.0
94543,243.0,106.0,128.0,136.0
94544,238.0,107.0,142.0,131.0
94545,272.0,110.0,161.0,159.0
94546,256.0,69.0,148.0,139.0
94547,243.0,161.0,131.0,134.0
94548,255.0,201.0,156.0,153.0
94549,246.0,244.0,135.0,129.0
94550,250.0,110.0,148.0,134.0
94551,250.0,127.0,136.0,146.0
94552,284.0,155.0,160.0,166.0
94553,263.0,116.0,146.0,154.0
94554,248.0,208.0,137.0,135.0
94555,250.0,174.0,145.0,140.0
94556,246.0,83.0,141.0,129.0
94557,263.0,221.0,137.0,133.0
94558,246.0,122.0,134.0,141.0
94559,251.0,147.0,146.0,137.0
94560,207.0,85.0,112.0,115.0
94561,282.0,185.0,164.0,163.0
94562,238.0,95.0,139.0,118.0
94563,248.0,143.0,143.0,131.0
94564,255.0,174.0,140.0,147.0
94565,243.0,110.0,132.0,137.0
94566,225.0,139.0,127.0,137.0
94567,238.0,140.0,116.0,140.0
94568,235.0,162.0,130.0,129.0
94569,250.0,121.0,134.0,135.0
94570,256.0,106.0,151.0,147.0
94571,262.0,119.0,154.0,148.0
94572,234.0,64.0,128.0,138.0
94573,255.0,146.0,129.0,153.0
94574,260.0,61.0,147.0,134.0
94575,261.0,100.0,142.0,147.0
94576,239.0,130.0,140.0,130.0
94577,248.0,129.0,141.0,153.0
94578,250.0,108.0,141.0,158.0
94579,264.0,98.0,141.0,149.0
94580,256.0,118.0,146.0,148.0
94581,249.0,129.0,140.0,140.0
94582,282.0,79.0,147.0,154.0
94583,267.0,141.0,134.0,139.0
94584,216.0,117.0,111.0,115.0
94585,255.0,138.0,142.0,145.0
94586,251.0,96.0,141.0,149.0
94587,266.0,104.0,155.0,148.0
94588,227.0,84.0,127.0,123.0
94589,256.0,97.0,127.0,151.0
94590,243.0,185.0,128.0,149.0
94591,235.0,127.0,123.0,149.0
94592,257.0,109.0,140.0,139.0
94593,236.0,118.0,146.0,124.0
94594,218.0,88.0,131.0,120.0
94595,253.0,160.0,126.0,141.0
94596,253.0,130.0,137.0,132.0
94597,254.0,157.0,138.0,132.0
94598,258.0,129.0,142.0,155.0
94599,241.0,108.0,133.0,146.0
94600,259.0,132.0,142.0,146.0
94601,247.0,58.0,142.0,145.0
94602,258.0,123.0,134.0,144.0
94603,242.0,120.0,136.0,137.0
94604,251.0,92.0,138.0,159.0
94605,244.0,112.0,138.0,141.0
94606,289.0,95.0,164.0,165.0
94607,254.0,103.0,138.0,132.0
94608,244.0,113.0,138.0,128.0
94609,268.0,112.0,149.0,146.0
94610,266.0,128.0,155.0,143.0
94611,252.0,92.0,131.0,137.0
94612,234.0,94.0,121.0,141.0
94613,239.0,157.0,126.0,136.0
94614,245.0,85.0,142.0,132.0
94615,249.0,87.0,152.0,132.0
94616,264.0,87.0,164.0,154.0
94617,237.0,65.0,155.0,129.0
94618,234.0,164.0,136.0,134.0
94619,265.0,102.0,151.0,148.0
94620,225.0,95.0,128.0,131.0
94621,257.0,135.0,153.0,134.0
94622,247.0,52.0,155.0,144.0
94623,251.0,173.0,128.0,137.0
94624,260.0,119.0,142.0,144.0
94625,250.0,99.0,133.0,151.0
94626,244.0,120.0,124.0,147.0
94627,237.0,110.0,129.0,137.0
94628,252.0,183.0,142.0,143.0
94629,258.0,74.0,151.0,150.0
94630,278.0,168.0,161.0,157.0
94631,270.0,113.0,137.0,154.0
94632,247.0,231.0,147.0,130.0
94633,248.0,110.0,147.0,136.0
94634,238.0,100.0,143.0,138.0
94635,280.0,279.0,164.0,151.0
94636,236.0,234.0,136.0,136.0
94637,253.0,113.0,136.0,145.0
94638,252.0,223.0,156.0,138.0
94639,266.0,119.0,151.0,152.0
94640,226.0,142.0,121.0,119.0
94641,238.0,88.0,134.0,131.0
94642,247.0,152.0,138.0,134.0
94643,253.0,168.0,137.0,153.0
94644,249.0,118.0,149.0,126.0
94645,230.0,203.0,139.0,132.0
94646,242.0,83.0,148.0,140.0
94647,250.0,80.0,134.0,143.0
94648,275.0,165.0,139.0,147.0
94649,238.0,119.0,136.0,127.0
94650,248.0,115.0,128.0,142.0
94651,247.0,137.0,128.0,139.0
94652,262.0,188.0,143.0,147.0
94653,240.0,116.0,138.0,133.0
94654,254.0,145.0,140.0,137.0
94655,260.0,114.0,157.0,142.0
94656,264.0,174.0,151.0,149.0
94657,262.0,107.0,154.0,136.0
94658,239.0,114.0,129.0,146.0
94659,228.0,116.0,128.0,123.0
94660,231.0,96.0,127.0,119.0
94661,230.0,109.0,128.0,122.0
94662,242.0,111.0,149.0,150.0
94663,245.0,97.0,151.0,149.0
94664,244.0,145.0,137.0,136.0
94665,239.0,104.0,128.0,116.0
94666,242.0,96.0,134.0,133.0
94667,249.0,150.0,138.0,142.0
94668,215.0,185.0,119.0,126.0
94669,247.0,94.0,133.0,145.0
94670,241.0,77.0,129.0,144.0
94671,252.0,70.0,143.0,144.0
94672,260.0,110.0,150.0,148.0
94673,273.0,97.0,149.0,161.0
94674,248.0,110.0,134.0,136.0
94675,234.0,113.0,120.0,126.0
94676,245.0,105.0,147.0,138.0
94677,244.0,76.0,131.0,130.0
94678,246.0,109.0,141.0,138.0
94679,258.0,158.0,159.0,144.0
94680,245.0,95.0,146.0,139.0
94681,252.0,115.0,161.0,130.0
94682,266.0,120.0,140.0,145.0
94683,258.0,118.0,146.0,139.0
94684,269.0,217.0,171.0,149.0
94685,245.0,106.0,150.0,135.0
94686,262.0,260.0,148.0,148.0
94687,264.0,113.0,147.0,149.0
94688,242.0,112.0,127.0,127.0
94689,249.0,110.0,140.0,137.0
94690,269.0,34.0,150.0,151.0
94691,225.0,95.0,129.0,131.0
94692,236.0,117.0,134.0,134.0
94693,265.0,227.0,142.0,149.0
94694,238.0,135.0,122.0,126.0
94695,244.0,74.0,132.0,127.0
94696,230.0,65.0,123.0,121.0
94697,224.0,119.0,129.0,134.0
94698,243.0,211.0,146.0,127.0
94699,246.0,210.0,148.0,141.0
94700,254.0,199.0,136.0,156.0
94701,263.0,77.0,137.0,143.0
94702,258.0,94.0,133.0,133.0
94703,270.0,243.0,165.0,158.0
94704,258.0,113.0,143.0,154.0
94705,265.0,155.0,164.0,147.0
94706,248.0,73.0,139.0,152.0
94707,265.0,133.0,149.0,138.0
94708,251.0,145.0,149.0,154.0
94709,254.0,107.0,119.0,159.0
94710,224.0,87.0,118.0,132.0
94711,239.0,80.0,110.0,134.0
94712,250.0,119.0,133.0,141.0
94713,255.0,136.0,136.0,143.0
94714,239.0,129.0,126.0,145.0
94715,253.0,101.0,170.0,138.0
94716,246.0,203.0,126.0,149.0
94717,271.0,116.0,148.0,153.0
94718,254.0,102.0,150.0,148.0
94719,254.0,116.0,145.0,139.0
94720,239.0,111.0,133.0,132.0
94721,256.0,131.0,142.0,150.0
94722,240.0,119.0,135.0,148.0
94723,252.0,100.0,135.0,150.0
94724,282.0,127.0,151.0,174.0
94725,217.0,187.0,117.0,122.0
94726,236.0,117.0,133.0,123.0
94727,256.0,106.0,143.0,147.0
94728,254.0,143.0,144.0,144.0
94729,247.0,121.0,144.0,132.0
94730,258.0,127.0,148.0,138.0
94731,246.0,92.0,135.0,145.0
94732,263.0,112.0,155.0,150.0
94733,267.0,230.0,143.0,165.0
94734,261.0,135.0,154.0,135.0
94735,230.0,75.0,123.0,135.0
94736,263.0,193.0,156.0,137.0
94737,261.0,112.0,146.0,135.0
94738,263.0,96.0,142.0,141.0
94739,260.0,141.0,148.0,131.0
94740,253.0,138.0,133.0,135.0
94741,240.0,110.0,132.0,136.0
94742,268.0,225.0,134.0,164.0
94743,254.0,94.0,129.0,151.0
94744,253.0,116.0,136.0,150.0
94745,263.0,103.0,140.0,145.0
94746,252.0,112.0,138.0,143.0
94747,270.0,214.0,165.0,149.0
94748,234.0,84.0,141.0,121.0
94749,233.0,143.0,129.0,131.0
94750,252.0,140.0,153.0,146.0
94751,210.0,80.0,122.0,100.0
94752,246.0,107.0,130.0,129.0
94753,245.0,94.0,124.0,147.0
94754,237.0,84.0,138.0,129.0
94755,263.0,85.0,151.0,148.0
94756,247.0,102.0,139.0,136.0
94757,255.0,102.0,120.0,146.0
94758,244.0,104.0,116.0,134.0
94759,240.0,100.0,133.0,136.0
94760,245.0,133.0,141.0,135.0
94761,268.0,94.0,148.0,155.0
94762,254.0,90.0,140.0,149.0
94763,270.0,239.0,142.0,129.0
94764,218.0,66.0,120.0,121.0
94765,254.0,87.0,154.0,134.0
94766,222.0,121.0,124.0,129.0
94767,231.0,75.0,148.0,144.0
94768,251.0,87.0,127.0,137.0
94769,237.0,202.0,125.0,141.0
94770,260.0,136.0,149.0,130.0
94771,234.0,105.0,128.0,135.0
94772,274.0,132.0,153.0,147.0
94773,249.0,132.0,144.0,143.0
94774,239.0,202.0,136.0,138.0
94775,266.0,94.0,160.0,148.0
94776,233.0,89.0,119.0,136.0
94777,265.0,103.0,164.0,156.0
94778,232.0,144.0,126.0,125.0
94779,241.0,203.0,137.0,135.0
94780,267.0,150.0,158.0,145.0
94781,236.0,83.0,115.0,141.0
94782,276.0,117.0,147.0,146.0
94783,240.0,92.0,142.0,135.0
94784,231.0,134.0,135.0,127.0
94785,231.0,130.0,138.0,114.0
94786,265.0,138.0,149.0,139.0
94787,243.0,64.0,146.0,147.0
94788,247.0,70.0,139.0,136.0
94789,223.0,109.0,130.0,120.0
94790,243.0,111.0,132.0,148.0
94791,273.0,85.0,150.0,156.0
94792,254.0,89.0,138.0,139.0
94793,250.0,92.0,132.0,148.0
94794,251.0,98.0,140.0,153.0
94795,259.0,226.0,142.0,142.0
94796,274.0,78.0,149.0,162.0
94797,249.0,133.0,138.0,135.0
94798,259.0,118.0,130.0,156.0
94799,269.0,133.0,145.0,158.0
94800,242.0,195.0,141.0,136.0
94801,237.0,110.0,144.0,129.0
94802,255.0,254.0,159.0,145.0
94803,246.0,127.0,143.0,136.0
94804,251.0,99.0,138.0,151.0
94805,261.0,136.0,144.0,142.0
94806,273.0,122.0,156.0,138.0
94807,243.0,95.0,148.0,137.0
94808,252.0,153.0,145.0,136.0
94809,257.0,111.0,141.0,136.0
94810,275.0,136.0,169.0,151.0
94811,274.0,153.0,157.0,161.0
94812,227.0,96.0,136.0,139.0
94813,249.0,241.0,142.0,139.0
94814,237.0,104.0,127.0,132.0
94815,268.0,140.0,149.0,158.0
94816,254.0,99.0,145.0,154.0
94817,247.0,87.0,137.0,150.0
94818,234.0,95.0,151.0,117.0
94819,265.0,166.0,153.0,144.0
94820,243.0,220.0,143.0,131.0
94821,235.0,105.0,125.0,129.0
94822,248.0,216.0,149.0,142.0
94823,257.0,187.0,138.0,155.0
94824,243.0,84.0,139.0,143.0
94825,244.0,168.0,137.0,138.0
94826,252.0,89.0,154.0,138.0
94827,252.0,207.0,146.0,148.0
94828,251.0,95.0,140.0,149.0
94829,246.0,99.0,133.0,140.0
94830,243.0,98.0,133.0,135.0
94831,253.0,89.0,161.0,136.0
94832,245.0,83.0,134.0,140.0
94833,244.0,228.0,149.0,147.0
94834,258.0,85.0,154.0,154.0
94835,230.0,105.0,146.0,135.0
94836,226.0,118.0,136.0,117.0
94837,256.0,82.0,125.0,137.0
94838,268.0,134.0,141.0,149.0
94839,243.0,93.0,140.0,129.0
94840,251.0,152.0,139.0,128.0
94841,240.0,87.0,121.0,138.0
94842,263.0,141.0,138.0,155.0
94843,256.0,120.0,154.0,143.0
94844,233.0,117.0,129.0,115.0
94845,262.0,229.0,141.0,143.0
94846,255.0,112.0,139.0,132.0
94847,232.0,93.0,141.0,124.0
94848,260.0,152.0,145.0,157.0
94849,246.0,104.0,140.0,130.0
94850,268.0,125.0,149.0,151.0
94851,246.0,139.0,142.0,134.0
94852,251.0,216.0,155.0,146.0
94853,237.0,99.0,128.0,126.0
94854,256.0,142.0,146.0,138.0
94855,267.0,85.0,141.0,157.0
94856,262.0,144.0,147.0,148.0
94857,259.0,97.0,135.0,144.0
94858,263.0,112.0,142.0,140.0
94859,256.0,132.0,145.0,132.0
94860,260.0,184.0,146.0,154.0
94861,263.0,255.0,148.0,152.0
94862,266.0,242.0,153.0,153.0
94863,233.0,149.0,122.0,136.0
94864,263.0,105.0,138.0,141.0
94865,276.0,106.0,156.0,159.0
94866,248.0,213.0,154.0,143.0
94867,259.0,146.0,157.0,144.0
94868,243.0,105.0,138.0,140.0
94869,264.0,99.0,144.0,152.0
94870,274.0,127.0,169.0,160.0
94871,268.0,126.0,147.0,159.0
94872,246.0,82.0,147.0,125.0
94873,246.0,73.0,132.0,140.0
94874,245.0,130.0,140.0,135.0
94875,260.0,58.0,142.0,125.0
94876,245.0,121.0,128.0,142.0
94877,259.0,180.0,147.0,142.0
94878,243.0,88.0,138.0,133.0
94879,223.0,95.0,117.0,132.0
94880,239.0,122.0,120.0,126.0
94881,269.0,119.0,159.0,153.0
94882,249.0,154.0,151.0,150.0
94883,253.0,123.0,150.0,153.0
94884,248.0,114.0,150.0,122.0
94885,287.0,89.0,163.0,171.0
94886,266.0,130.0,157.0,139.0
94887,247.0,66.0,135.0,147.0
94888,239.0,91.0,142.0,136.0
94889,222.0,103.0,127.0,117.0
94890,229.0,194.0,122.0,131.0
94891,249.0,214.0,144.0,139.0
94892,265.0,138.0,155.0,149.0
94893,269.0,110.0,143.0,156.0
94894,252.0,135.0,141.0,153.0
94895,271.0,121.0,157.0,147.0
94896,235.0,98.0,123.0,134.0
94897,252.0,138.0,143.0,138.0
94898,247.0,216.0,135.0,134.0
94899,194.0,102.0,118.0,108.0
94900,259.0,100.0,128.0,133.0
94901,253.0,81.0,135.0,144.0
94902,252.0,105.0,129.0,137.0
94903,248.0,101.0,139.0,132.0
94904,241.0,105.0,133.0,142.0
94905,219.0,188.0,109.0,120.0
94906,262.0,212.0,145.0,154.0
94907,241.0,120.0,134.0,128.0
94908,219.0,80.0,124.0,140.0
94909,261.0,70.0,146.0,135.0
94910,253.0,71.0,155.0,139.0
94911,268.0,169.0,147.0,147.0
94912,248.0,115.0,132.0,136.0
94913,247.0,124.0,141.0,128.0
94914,260.0,81.0,146.0,151.0
94915,267.0,130.0,148.0,163.0
94916,250.0,131.0,143.0,151.0
94917,252.0,112.0,127.0,144.0
94918,247.0,133.0,141.0,145.0
94919,259.0,70.0,143.0,145.0
94920,261.0,121.0,154.0,149.0
94921,254.0,135.0,146.0,135.0
94922,255.0,114.0,130.0,143.0
94923,245.0,100.0,145.0,142.0
94924,250.0,161.0,138.0,130.0
94925,242.0,169.0,132.0,133.0
94926,254.0,72.0,132.0,140.0
94927,247.0,123.0,142.0,147.0
94928,237.0,99.0,124.0,129.0
94929,207.0,72.0,121.0,119.0
94930,255.0,186.0,132.0,148.0
94931,242.0,127.0,122.0,150.0
94932,236.0,116.0,137.0,125.0
94933,266.0,143.0,138.0,150.0
94934,248.0,96.0,144.0,140.0
94935,229.0,53.0,139.0,140.0
94936,254.0,117.0,146.0,144.0
94937,290.0,156.0,164.0,178.0
94938,273.0,82.0,151.0,157.0
94939,239.0,135.0,146.0,129.0
94940,246.0,87.0,139.0,138.0
94941,239.0,99.0,134.0,133.0
94942,256.0,107.0,138.0,149.0
94943,252.0,70.0,149.0,143.0
94944,261.0,125.0,147.0,141.0
94945,253.0,123.0,149.0,146.0
94946,241.0,158.0,139.0,134.0
94947,253.0,212.0,136.0,136.0
94948,242.0,101.0,133.0,129.0
94949,244.0,157.0,133.0,146.0
94950,255.0,149.0,147.0,135.0
94951,225.0,87.0,127.0,132.0
94952,257.0,87.0,147.0,135.0
94953,247.0,142.0,134.0,142.0
94954,237.0,78.0,108.0,142.0
94955,237.0,133.0,144.0,132.0
94956,254.0,158.0,142.0,147.0
94957,251.0,205.0,136.0,129.0
94958,250.0,91.0,141.0,139.0
94959,251.0,99.0,129.0,137.0
94960,252.0,132.0,141.0,149.0
94961,238.0,102.0,136.0,141.0
94962,242.0,103.0,137.0,138.0
94963,248.0,174.0,136.0,141.0
94964,225.0,111.0,111.0,135.0
94965,265.0,113.0,160.0,150.0
94966,281.0,131.0,158.0,163.0
94967,265.0,58.0,180.0,163.0
94968,250.0,89.0,144.0,157.0
94969,243.0,93.0,124.0,133.0
94970,246.0,78.0,130.0,154.0
94971,270.0,251.0,146.0,136.0
94972,231.0,111.0,124.0,130.0
94973,265.0,154.0,157.0,152.0
94974,267.0,121.0,145.0,156.0
94975,262.0,225.0,138.0,158.0
94976,243.0,104.0,134.0,125.0
94977,256.0,134.0,137.0,144.0
94978,248.0,95.0,137.0,134.0
94979,232.0,181.0,143.0,127.0
94980,235.0,76.0,137.0,123.0
94981,245.0,223.0,142.0,118.0
94982,227.0,102.0,128.0,138.0
94983,256.0,89.0,159.0,150.0
94984,261.0,95.0,147.0,141.0
94985,240.0,98.0,137.0,126.0
94986,243.0,72.0,147.0,137.0
94987,257.0,113.0,142.0,143.0
94988,243.0,93.0,126.0,134.0
94989,238.0,90.0,132.0,134.0
94990,260.0,222.0,143.0,145.0
94991,276.0,123.0,160.0,157.0
94992,258.0,122.0,129.0,129.0
94993,263.0,153.0,167.0,162.0
94994,264.0,108.0,155.0,147.0
94995,230.0,71.0,135.0,117.0
94996,252.0,83.0,134.0,156.0
94997,240.0,208.0,141.0,123.0
94998,248.0,133.0,136.0,147.0
94999,240.0,115.0,139.0,150.0
95000,237.0,97.0,130.0,119.0
95001,255.0,94.0,141.0,144.0
95002,250.0,106.0,155.0,152.0
95003,259.0,84.0,146.0,148.0
95004,256.0,110.0,150.0,145.0
95005,250.0,247.0,142.0,141.0
95006,244.0,199.0,135.0,135.0
95007,247.0,85.0,143.0,122.0
95008,228.0,85.0,113.0,131.0
95009,244.0,107.0,125.0,137.0
95010,240.0,134.0,132.0,144.0
95011,237.0,95.0,138.0,141.0
95012,247.0,213.0,153.0,138.0
95013,272.0,140.0,152.0,155.0
95014,262.0,83.0,154.0,150.0
95015,249.0,102.0,147.0,154.0
95016,238.0,89.0,133.0,124.0
95017,246.0,245.0,151.0,146.0
95018,262.0,138.0,144.0,135.0
95019,231.0,97.0,135.0,131.0
95020,248.0,81.0,135.0,148.0
95021,276.0,97.0,156.0,164.0
95022,268.0,98.0,150.0,159.0
95023,250.0,102.0,138.0,143.0
95024,228.0,80.0,140.0,132.0
95025,262.0,147.0,148.0,154.0
95026,266.0,103.0,140.0,153.0
95027,240.0,72.0,143.0,130.0
95028,243.0,93.0,137.0,129.0
95029,237.0,92.0,135.0,129.0
95030,264.0,100.0,142.0,151.0
95031,249.0,143.0,136.0,144.0
95032,264.0,133.0,156.0,141.0
95033,258.0,98.0,138.0,147.0
95034,241.0,128.0,139.0,151.0
95035,266.0,253.0,140.0,152.0
95036,254.0,96.0,134.0,148.0
95037,219.0,124.0,125.0,123.0
95038,238.0,87.0,132.0,135.0
95039,255.0,134.0,143.0,128.0
95040,251.0,79.0,139.0,134.0
95041,249.0,117.0,161.0,140.0
95042,275.0,110.0,159.0,143.0
95043,240.0,115.0,136.0,138.0
95044,258.0,148.0,135.0,158.0
95045,272.0,95.0,154.0,151.0
95046,240.0,102.0,151.0,124.0
95047,255.0,177.0,142.0,148.0
95048,237.0,114.0,131.0,133.0
95049,232.0,93.0,127.0,126.0
95050,273.0,129.0,132.0,137.0
95051,243.0,132.0,129.0,135.0
95052,259.0,98.0,144.0,148.0
95053,266.0,138.0,161.0,144.0
95054,240.0,212.0,129.0,141.0
95055,269.0,111.0,149.0,146.0
95056,250.0,72.0,134.0,141.0
95057,260.0,134.0,146.0,129.0
95058,241.0,209.0,126.0,136.0
95059,244.0,216.0,128.0,144.0
95060,248.0,96.0,144.0,121.0
95061,270.0,93.0,141.0,148.0
95062,236.0,106.0,135.0,128.0
95063,236.0,75.0,133.0,131.0
95064,271.0,223.0,163.0,164.0
95065,226.0,100.0,115.0,121.0
95066,268.0,142.0,147.0,146.0
95067,234.0,134.0,137.0,120.0
95068,270.0,123.0,140.0,155.0
95069,261.0,88.0,139.0,159.0
95070,242.0,172.0,129.0,138.0
95071,226.0,98.0,126.0,136.0
95072,260.0,130.0,137.0,150.0
95073,256.0,82.0,151.0,136.0
95074,270.0,115.0,140.0,134.0
95075,260.0,137.0,145.0,149.0
95076,241.0,89.0,132.0,150.0
95077,239.0,119.0,125.0,140.0
95078,257.0,135.0,137.0,134.0
95079,254.0,94.0,138.0,150.0
95080,237.0,123.0,137.0,132.0
95081,244.0,41.0,138.0,136.0
95082,248.0,85.0,138.0,142.0
95083,259.0,115.0,140.0,143.0
95084,245.0,117.0,134.0,149.0
95085,250.0,89.0,146.0,143.0
95086,233.0,112.0,146.0,143.0
95087,230.0,111.0,119.0,128.0
95088,238.0,104.0,130.0,128.0
95089,259.0,87.0,150.0,138.0
95090,237.0,114.0,136.0,125.0
95091,250.0,111.0,143.0,120.0
95092,252.0,44.0,137.0,141.0
95093,240.0,83.0,128.0,127.0
95094,261.0,106.0,136.0,146.0
95095,285.0,130.0,156.0,168.0
95096,262.0,110.0,149.0,139.0
95097,251.0,106.0,151.0,144.0
95098,229.0,117.0,144.0,111.0
95099,222.0,103.0,122.0,133.0
95100,249.0,115.0,144.0,130.0
95101,242.0,185.0,150.0,142.0
95102,251.0,123.0,141.0,136.0
95103,235.0,72.0,136.0,129.0
95104,267.0,108.0,149.0,140.0
95105,244.0,98.0,138.0,132.0
95106,282.0,118.0,161.0,157.0
95107,234.0,144.0,129.0,119.0
95108,253.0,84.0,146.0,149.0
95109,274.0,139.0,159.0,153.0
95110,253.0,96.0,136.0,138.0
95111,253.0,89.0,148.0,145.0
95112,262.0,71.0,132.0,140.0
95113,260.0,124.0,145.0,143.0
95114,246.0,96.0,145.0,135.0
95115,279.0,125.0,146.0,140.0
95116,242.0,121.0,121.0,140.0
95117,246.0,114.0,139.0,137.0
95118,227.0,88.0,124.0,135.0
95119,245.0,118.0,148.0,125.0
95120,221.0,164.0,126.0,130.0
95121,242.0,105.0,130.0,136.0
95122,251.0,110.0,141.0,144.0
95123,226.0,193.0,134.0,131.0
95124,247.0,113.0,138.0,134.0
95125,271.0,75.0,151.0,155.0
95126,258.0,108.0,148.0,140.0
95127,252.0,75.0,148.0,136.0
95128,287.0,155.0,169.0,157.0
95129,256.0,72.0,146.0,138.0
95130,274.0,119.0,141.0,156.0
95131,263.0,134.0,131.0,136.0
95132,249.0,142.0,129.0,132.0
95133,268.0,121.0,154.0,160.0
95134,264.0,101.0,159.0,154.0
95135,269.0,128.0,149.0,154.0
95136,240.0,117.0,139.0,142.0
95137,264.0,86.0,146.0,129.0
95138,243.0,123.0,134.0,128.0
95139,247.0,73.0,127.0,139.0
95140,229.0,198.0,123.0,134.0
95141,270.0,125.0,147.0,162.0
95142,251.0,215.0,161.0,148.0
95143,258.0,130.0,129.0,143.0
95144,248.0,103.0,120.0,120.0
95145,264.0,150.0,148.0,155.0
95146,257.0,119.0,133.0,156.0
95147,259.0,121.0,147.0,151.0
95148,246.0,104.0,143.0,139.0
95149,243.0,103.0,143.0,135.0
95150,243.0,119.0,146.0,139.0
95151,257.0,119.0,145.0,151.0
95152,275.0,91.0,159.0,154.0
95153,271.0,63.0,153.0,149.0
95154,258.0,93.0,149.0,150.0
95155,263.0,140.0,152.0,137.0
95156,279.0,87.0,155.0,158.0
95157,286.0,183.0,156.0,158.0
95158,233.0,103.0,127.0,130.0
95159,235.0,180.0,135.0,147.0
95160,260.0,123.0,162.0,144.0
95161,273.0,125.0,145.0,165.0
95162,241.0,206.0,139.0,120.0
95163,237.0,200.0,123.0,127.0
95164,256.0,145.0,139.0,141.0
95165,268.0,154.0,151.0,150.0
95166,259.0,131.0,122.0,135.0
95167,246.0,82.0,120.0,132.0
95168,238.0,102.0,123.0,111.0
95169,240.0,114.0,145.0,127.0
95170,242.0,94.0,140.0,138.0
95171,255.0,113.0,130.0,142.0
95172,241.0,152.0,133.0,130.0
95173,262.0,134.0,147.0,132.0
95174,275.0,78.0,152.0,135.0
95175,270.0,110.0,157.0,132.0
95176,228.0,137.0,133.0,121.0
95177,250.0,94.0,130.0,138.0
95178,246.0,136.0,145.0,133.0
95179,233.0,123.0,139.0,125.0
95180,262.0,143.0,148.0,151.0
95181,232.0,99.0,131.0,123.0
95182,259.0,104.0,166.0,154.0
95183,238.0,113.0,134.0,109.0
95184,247.0,97.0,124.0,132.0
95185,266.0,101.0,154.0,156.0
95186,241.0,128.0,148.0,127.0
95187,245.0,93.0,146.0,143.0
95188,216.0,112.0,117.0,125.0
95189,264.0,250.0,172.0,153.0
95190,250.0,40.0,145.0,144.0
95191,252.0,83.0,143.0,133.0
95192,254.0,149.0,145.0,142.0
95193,247.0,69.0,138.0,137.0
95194,278.0,103.0,147.0,158.0
95195,253.0,72.0,149.0,135.0
95196,250.0,100.0,136.0,132.0
95197,236.0,207.0,153.0,132.0
95198,252.0,109.0,151.0,138.0
95199,242.0,142.0,149.0,138.0
95200,259.0,146.0,146.0,158.0
95201,245.0,131.0,149.0,136.0
95202,260.0,86.0,141.0,152.0
95203,250.0,115.0,140.0,163.0
95204,241.0,205.0,143.0,131.0
95205,254.0,250.0,146.0,162.0
95206,253.0,103.0,133.0,148.0
95207,242.0,199.0,129.0,152.0
95208,258.0,106.0,159.0,132.0
95209,253.0,134.0,126.0,148.0
95210,254.0,135.0,138.0,139.0
95211,255.0,123.0,142.0,135.0
95212,266.0,182.0,144.0,153.0
95213,240.0,134.0,131.0,131.0
95214,235.0,96.0,126.0,133.0
95215,239.0,98.0,130.0,139.0
95216,283.0,149.0,166.0,157.0
95217,247.0,65.0,134.0,146.0
95218,287.0,142.0,174.0,163.0
95219,255.0,102.0,155.0,138.0
95220,230.0,89.0,117.0,136.0
95221,266.0,132.0,146.0,157.0
95222,243.0,78.0,136.0,138.0
95223,265.0,129.0,155.0,154.0
95224,247.0,210.0,147.0,128.0
95225,255.0,132.0,155.0,143.0
95226,264.0,97.0,136.0,166.0
95227,268.0,110.0,149.0,139.0
95228,258.0,152.0,151.0,141.0
95229,253.0,94.0,144.0,135.0
95230,254.0,123.0,142.0,142.0
95231,240.0,131.0,124.0,141.0
95232,250.0,106.0,117.0,163.0
95233,263.0,127.0,157.0,148.0
95234,227.0,73.0,123.0,133.0
95235,242.0,95.0,117.0,141.0
95236,258.0,97.0,131.0,145.0
95237,252.0,63.0,149.0,140.0
95238,238.0,202.0,123.0,144.0
95239,222.0,106.0,118.0,120.0
95240,251.0,129.0,128.0,140.0
95241,241.0,86.0,148.0,146.0
95242,243.0,211.0,123.0,143.0
95243,229.0,197.0,124.0,133.0
95244,239.0,115.0,121.0,132.0
95245,239.0,68.0,142.0,139.0
95246,270.0,93.0,144.0,154.0
95247,239.0,179.0,141.0,134.0
95248,244.0,124.0,121.0,129.0
95249,260.0,212.0,143.0,138.0
95250,277.0,100.0,146.0,152.0
95251,256.0,134.0,120.0,144.0
95252,235.0,196.0,128.0,125.0
95253,223.0,117.0,122.0,124.0
95254,237.0,98.0,127.0,139.0
95255,253.0,116.0,157.0,140.0
95256,251.0,167.0,156.0,128.0
95257,246.0,90.0,137.0,130.0
95258,240.0,67.0,141.0,139.0
95259,249.0,111.0,147.0,151.0
95260,242.0,116.0,117.0,144.0
95261,268.0,69.0,169.0,155.0
95262,243.0,101.0,137.0,130.0
95263,250.0,87.0,121.0,144.0
95264,248.0,99.0,125.0,134.0
95265,276.0,131.0,155.0,148.0
95266,231.0,99.0,127.0,120.0
95267,249.0,112.0,139.0,143.0
95268,249.0,104.0,137.0,135.0
95269,258.0,127.0,153.0,155.0
95270,277.0,65.0,156.0,153.0
95271,257.0,101.0,137.0,131.0
95272,235.0,124.0,122.0,133.0
95273,247.0,79.0,137.0,126.0
95274,268.0,87.0,137.0,158.0
95275,261.0,90.0,142.0,145.0
95276,254.0,137.0,132.0,142.0
95277,251.0,135.0,142.0,135.0
95278,252.0,58.0,136.0,150.0
95279,249.0,108.0,130.0,125.0
95280,279.0,113.0,164.0,152.0
95281,263.0,96.0,156.0,136.0
95282,231.0,111.0,127.0,130.0
95283,246.0,127.0,144.0,160.0
95284,275.0,100.0,161.0,163.0
95285,228.0,154.0,119.0,120.0
95286,263.0,149.0,138.0,148.0
95287,243.0,144.0,161.0,132.0
95288,241.0,82.0,137.0,132.0
95289,247.0,83.0,145.0,136.0
95290,234.0,78.0,139.0,124.0
95291,257.0,88.0,148.0,147.0
95292,244.0,105.0,140.0,134.0
95293,233.0,132.0,136.0,138.0
95294,260.0,223.0,154.0,143.0
95295,254.0,223.0,139.0,128.0
95296,281.0,128.0,147.0,143.0
95297,250.0,125.0,145.0,154.0
95298,264.0,106.0,149.0,157.0
95299,259.0,120.0,148.0,152.0
95300,266.0,113.0,150.0,129.0
95301,250.0,97.0,155.0,147.0
95302,230.0,138.0,121.0,122.0
95303,222.0,188.0,129.0,122.0
95304,266.0,104.0,141.0,144.0
95305,240.0,87.0,138.0,150.0
95306,264.0,93.0,155.0,147.0
95307,233.0,92.0,125.0,138.0
95308,258.0,106.0,152.0,133.0
95309,237.0,81.0,136.0,129.0
95310,261.0,156.0,156.0,162.0
95311,246.0,123.0,142.0,139.0
95312,250.0,97.0,127.0,121.0
95313,251.0,154.0,139.0,141.0
95314,238.0,208.0,150.0,141.0
95315,243.0,181.0,139.0,137.0
95316,251.0,79.0,137.0,144.0
95317,245.0,156.0,133.0,158.0
95318,220.0,101.0,127.0,128.0
95319,249.0,135.0,143.0,137.0
95320,263.0,102.0,160.0,155.0
95321,231.0,145.0,108.0,125.0
95322,258.0,111.0,134.0,157.0
95323,240.0,140.0,150.0,132.0
95324,242.0,94.0,140.0,133.0
95325,225.0,121.0,128.0,129.0
95326,266.0,117.0,176.0,138.0
95327,264.0,133.0,152.0,132.0
95328,252.0,129.0,139.0,146.0
95329,261.0,74.0,132.0,159.0
95330,285.0,116.0,142.0,163.0
95331,254.0,105.0,150.0,154.0
95332,237.0,90.0,136.0,139.0
95333,264.0,155.0,146.0,152.0
95334,250.0,108.0,147.0,135.0
95335,232.0,120.0,138.0,146.0
95336,248.0,126.0,134.0,141.0
95337,234.0,106.0,134.0,131.0
95338,246.0,65.0,133.0,136.0
95339,249.0,153.0,142.0,136.0
95340,261.0,248.0,131.0,161.0
95341,241.0,115.0,118.0,129.0
95342,231.0,126.0,137.0,116.0
95343,264.0,173.0,130.0,144.0
95344,250.0,123.0,123.0,137.0
95345,259.0,84.0,139.0,146.0
95346,259.0,86.0,138.0,166.0
95347,274.0,134.0,161.0,159.0
95348,249.0,108.0,135.0,140.0
95349,273.0,125.0,161.0,155.0
95350,264.0,226.0,156.0,136.0
95351,242.0,118.0,131.0,127.0
95352,272.0,106.0,158.0,150.0
95353,225.0,98.0,130.0,118.0
95354,250.0,102.0,136.0,139.0
95355,238.0,100.0,132.0,141.0
95356,261.0,114.0,149.0,143.0
95357,249.0,155.0,140.0,143.0
95358,239.0,104.0,140.0,136.0
95359,252.0,113.0,146.0,144.0
95360,255.0,56.0,142.0,144.0
95361,251.0,101.0,135.0,131.0
95362,251.0,113.0,151.0,142.0
95363,246.0,93.0,139.0,139.0
95364,233.0,112.0,130.0,130.0
95365,227.0,173.0,128.0,131.0
95366,239.0,73.0,130.0,129.0
95367,271.0,126.0,147.0,158.0
95368,250.0,70.0,144.0,153.0
95369,253.0,88.0,149.0,147.0
95370,241.0,107.0,133.0,118.0
95371,261.0,121.0,150.0,141.0
95372,275.0,134.0,161.0,168.0
95373,249.0,121.0,138.0,142.0
95374,246.0,104.0,131.0,135.0
95375,236.0,113.0,126.0,139.0
95376,235.0,95.0,145.0,129.0
95377,269.0,226.0,155.0,148.0
95378,259.0,94.0,136.0,137.0
95379,278.0,68.0,160.0,140.0
95380,243.0,122.0,129.0,135.0
95381,263.0,109.0,143.0,169.0
95382,262.0,144.0,138.0,133.0
95383,265.0,99.0,147.0,151.0
95384,219.0,90.0,134.0,119.0
95385,268.0,133.0,148.0,136.0
95386,262.0,142.0,160.0,149.0
95387,256.0,149.0,141.0,134.0
95388,269.0,90.0,150.0,143.0
95389,212.0,94.0,116.0,128.0
95390,235.0,96.0,125.0,130.0
95391,238.0,79.0,125.0,130.0
95392,230.0,100.0,135.0,131.0
95393,251.0,122.0,144.0,130.0
95394,279.0,128.0,146.0,167.0
95395,258.0,154.0,126.0,133.0
95396,257.0,172.0,140.0,138.0
95397,235.0,87.0,129.0,133.0
95398,269.0,97.0,152.0,146.0
95399,266.0,114.0,153.0,142.0
95400,241.0,156.0,132.0,131.0
95401,235.0,151.0,137.0,135.0
95402,274.0,229.0,158.0,154.0
95403,237.0,121.0,145.0,132.0
95404,260.0,86.0,138.0,151.0
95405,253.0,83.0,138.0,133.0
95406,244.0,73.0,129.0,130.0
95407,258.0,130.0,134.0,141.0
95408,240.0,208.0,131.0,128.0
95409,233.0,106.0,134.0,129.0
95410,245.0,125.0,145.0,129.0
95411,224.0,117.0,139.0,131.0
95412,252.0,117.0,137.0,142.0
95413,252.0,86.0,138.0,136.0
95414,239.0,114.0,140.0,137.0
95415,251.0,83.0,141.0,147.0
95416,256.0,145.0,144.0,153.0
95417,249.0,158.0,144.0,137.0
95418,273.0,152.0,161.0,157.0
95419,233.0,106.0,134.0,135.0
95420,240.0,92.0,133.0,134.0
95421,254.0,219.0,123.0,133.0
95422,239.0,89.0,133.0,122.0
95423,245.0,88.0,129.0,129.0
95424,267.0,99.0,145.0,149.0
95425,254.0,214.0,137.0,148.0
95426,248.0,238.0,140.0,149.0
95427,217.0,76.0,119.0,117.0
95428,254.0,86.0,144.0,141.0
95429,237.0,101.0,130.0,141.0
95430,266.0,124.0,157.0,158.0
95431,274.0,173.0,165.0,162.0
95432,220.0,109.0,115.0,117.0
95433,235.0,115.0,127.0,136.0
95434,240.0,85.0,146.0,142.0
95435,270.0,121.0,161.0,152.0
95436,250.0,106.0,143.0,148.0
95437,252.0,91.0,139.0,137.0
95438,280.0,133.0,169.0,163.0
95439,233.0,125.0,134.0,135.0
95440,237.0,116.0,132.0,136.0
95441,233.0,208.0,137.0,116.0
95442,237.0,143.0,131.0,140.0
95443,278.0,132.0,161.0,162.0
95444,266.0,149.0,140.0,170.0
95445,261.0,99.0,135.0,137.0
95446,268.0,104.0,157.0,147.0
95447,245.0,133.0,156.0,148.0
95448,252.0,147.0,129.0,147.0
95449,246.0,128.0,145.0,144.0
95450,235.0,235.0,138.0,140.0
95451,251.0,98.0,142.0,129.0
95452,255.0,77.0,151.0,146.0
95453,267.0,101.0,145.0,152.0
95454,234.0,86.0,134.0,123.0
95455,238.0,98.0,125.0,139.0
95456,269.0,67.0,147.0,159.0
95457,249.0,112.0,153.0,141.0
95458,230.0,126.0,125.0,126.0
95459,246.0,126.0,136.0,134.0
95460,259.0,100.0,144.0,141.0
95461,225.0,85.0,117.0,113.0
95462,242.0,116.0,142.0,148.0
95463,247.0,82.0,135.0,140.0
95464,256.0,216.0,150.0,151.0
95465,216.0,93.0,122.0,113.0
95466,256.0,146.0,134.0,151.0
95467,245.0,111.0,148.0,138.0
95468,273.0,163.0,159.0,149.0
95469,256.0,114.0,132.0,143.0
95470,246.0,84.0,130.0,151.0
95471,242.0,85.0,140.0,129.0
95472,264.0,139.0,144.0,139.0
95473,249.0,81.0,136.0,135.0
95474,250.0,201.0,149.0,143.0
95475,237.0,83.0,141.0,125.0
95476,248.0,102.0,125.0,122.0
95477,239.0,106.0,135.0,136.0
95478,242.0,216.0,133.0,134.0
95479,268.0,89.0,167.0,150.0
95480,266.0,93.0,154.0,146.0
95481,242.0,64.0,136.0,128.0
95482,255.0,127.0,146.0,127.0
95483,272.0,87.0,161.0,140.0
95484,251.0,137.0,148.0,141.0
95485,263.0,121.0,151.0,135.0
95486,239.0,139.0,138.0,154.0
95487,245.0,67.0,141.0,130.0
95488,263.0,117.0,132.0,153.0
95489,271.0,92.0,148.0,159.0
95490,240.0,154.0,137.0,139.0
95491,242.0,153.0,143.0,151.0
95492,264.0,103.0,148.0,136.0
95493,253.0,117.0,158.0,140.0
95494,266.0,97.0,156.0,140.0
95495,248.0,143.0,151.0,139.0
95496,241.0,97.0,136.0,150.0
95497,229.0,95.0,125.0,125.0
95498,239.0,166.0,141.0,144.0
95499,266.0,97.0,152.0,157.0
95500,238.0,146.0,128.0,145.0
95501,236.0,97.0,140.0,139.0
95502,228.0,90.0,129.0,140.0
95503,248.0,210.0,135.0,162.0
95504,244.0,100.0,151.0,141.0
95505,256.0,134.0,130.0,136.0
95506,257.0,137.0,126.0,137.0
95507,263.0,149.0,150.0,160.0
95508,236.0,100.0,127.0,123.0
95509,265.0,105.0,153.0,159.0
95510,267.0,114.0,141.0,150.0
95511,271.0,118.0,145.0,170.0
95512,271.0,96.0,165.0,157.0
95513,242.0,93.0,133.0,134.0
95514,251.0,114.0,154.0,154.0
95515,267.0,104.0,140.0,154.0
95516,262.0,81.0,134.0,147.0
95517,258.0,101.0,148.0,131.0
95518,239.0,103.0,139.0,138.0
95519,266.0,74.0,154.0,154.0
95520,279.0,117.0,155.0,142.0
95521,235.0,89.0,139.0,130.0
95522,254.0,122.0,137.0,134.0
95523,240.0,206.0,139.0,135.0
95524,254.0,104.0,142.0,134.0
95525,253.0,123.0,136.0,137.0
95526,234.0,74.0,144.0,129.0
95527,249.0,89.0,146.0,144.0
95528,263.0,91.0,159.0,155.0
95529,240.0,112.0,120.0,133.0
95530,254.0,119.0,129.0,157.0
95531,231.0,88.0,121.0,138.0
95532,258.0,88.0,155.0,151.0
95533,254.0,122.0,153.0,157.0
95534,258.0,114.0,143.0,154.0
95535,250.0,95.0,145.0,130.0
95536,250.0,134.0,149.0,139.0
95537,258.0,131.0,144.0,154.0
95538,270.0,115.0,153.0,143.0
95539,223.0,139.0,118.0,140.0
95540,257.0,109.0,154.0,134.0
95541,236.0,103.0,138.0,135.0
95542,257.0,126.0,143.0,130.0
95543,246.0,88.0,137.0,140.0
95544,256.0,102.0,134.0,131.0
95545,267.0,101.0,162.0,142.0
95546,253.0,132.0,154.0,130.0
95547,232.0,206.0,117.0,126.0
95548,244.0,90.0,145.0,131.0
95549,267.0,55.0,153.0,153.0
95550,219.0,99.0,113.0,121.0
95551,240.0,100.0,140.0,129.0
95552,239.0,81.0,132.0,146.0
95553,253.0,92.0,148.0,159.0
95554,231.0,105.0,132.0,133.0
95555,235.0,126.0,137.0,131.0
95556,257.0,114.0,145.0,144.0
95557,244.0,109.0,128.0,126.0
95558,267.0,158.0,138.0,166.0
95559,237.0,98.0,139.0,158.0
95560,271.0,126.0,159.0,174.0
95561,262.0,108.0,152.0,140.0
95562,239.0,166.0,127.0,135.0
95563,231.0,113.0,128.0,130.0
95564,233.0,139.0,116.0,135.0
95565,238.0,94.0,113.0,134.0
95566,258.0,126.0,137.0,147.0
95567,247.0,94.0,131.0,155.0
95568,257.0,123.0,151.0,155.0
95569,258.0,114.0,143.0,143.0
95570,259.0,111.0,141.0,154.0
95571,269.0,130.0,150.0,144.0
95572,248.0,117.0,135.0,157.0
95573,257.0,120.0,148.0,148.0
95574,258.0,135.0,128.0,141.0
95575,261.0,157.0,153.0,142.0
95576,255.0,95.0,143.0,137.0
95577,240.0,102.0,153.0,153.0
95578,239.0,126.0,139.0,138.0
95579,266.0,110.0,144.0,154.0
95580,230.0,102.0,117.0,129.0
95581,254.0,139.0,124.0,150.0
95582,242.0,125.0,126.0,128.0
95583,224.0,80.0,130.0,136.0
95584,236.0,85.0,141.0,126.0
95585,242.0,123.0,139.0,140.0
95586,255.0,113.0,143.0,143.0
95587,242.0,98.0,147.0,120.0
95588,241.0,103.0,129.0,144.0
95589,244.0,94.0,121.0,140.0
95590,262.0,140.0,157.0,147.0
95591,272.0,125.0,138.0,160.0
95592,227.0,105.0,121.0,118.0
95593,247.0,130.0,144.0,132.0
95594,239.0,236.0,110.0,133.0
95595,250.0,90.0,142.0,141.0
95596,260.0,139.0,132.0,162.0
95597,228.0,101.0,123.0,129.0
95598,244.0,70.0,135.0,128.0
95599,261.0,101.0,126.0,156.0
95600,233.0,96.0,112.0,128.0
95601,268.0,174.0,160.0,146.0
95602,249.0,85.0,145.0,140.0
95603,253.0,128.0,129.0,147.0
95604,262.0,97.0,146.0,129.0
95605,269.0,155.0,149.0,155.0
95606,252.0,93.0,130.0,147.0
95607,260.0,111.0,149.0,145.0
95608,257.0,111.0,133.0,147.0
95609,255.0,107.0,152.0,150.0
95610,241.0,86.0,143.0,144.0
95611,251.0,166.0,143.0,138.0
95612,248.0,154.0,125.0,141.0
95613,228.0,132.0,123.0,128.0
95614,255.0,155.0,137.0,136.0
95615,249.0,125.0,132.0,138.0
95616,219.0,195.0,117.0,128.0
95617,260.0,92.0,142.0,147.0
95618,272.0,146.0,146.0,148.0
95619,258.0,77.0,143.0,162.0
95620,268.0,106.0,134.0,170.0
95621,251.0,188.0,132.0,138.0
95622,260.0,116.0,140.0,141.0
95623,249.0,104.0,128.0,140.0
95624,252.0,89.0,143.0,153.0
95625,250.0,110.0,147.0,132.0
95626,230.0,105.0,131.0,144.0
95627,245.0,126.0,135.0,138.0
95628,274.0,100.0,165.0,147.0
95629,254.0,182.0,141.0,144.0
95630,247.0,80.0,129.0,129.0
95631,240.0,107.0,121.0,135.0
95632,260.0,105.0,131.0,148.0
95633,278.0,146.0,162.0,147.0
95634,251.0,92.0,150.0,131.0
95635,263.0,167.0,170.0,139.0
95636,270.0,118.0,149.0,155.0
95637,249.0,94.0,140.0,143.0
95638,246.0,83.0,141.0,149.0
95639,242.0,103.0,127.0,116.0
95640,270.0,207.0,157.0,151.0
95641,262.0,94.0,152.0,162.0
95642,248.0,66.0,159.0,146.0
95643,261.0,63.0,163.0,154.0
95644,253.0,87.0,149.0,149.0
95645,296.0,125.0,166.0,173.0
95646,242.0,103.0,144.0,129.0
95647,275.0,251.0,158.0,164.0
95648,241.0,72.0,144.0,123.0
95649,260.0,62.0,151.0,147.0
95650,252.0,156.0,146.0,136.0
95651,247.0,73.0,125.0,147.0
95652,250.0,111.0,126.0,135.0
95653,273.0,70.0,169.0,169.0
95654,250.0,117.0,136.0,141.0
95655,252.0,141.0,130.0,137.0
95656,254.0,129.0,164.0,138.0
95657,263.0,156.0,143.0,156.0
95658,259.0,123.0,140.0,152.0
95659,231.0,136.0,138.0,126.0
95660,241.0,102.0,140.0,151.0
95661,238.0,115.0,123.0,134.0
95662,234.0,116.0,129.0,138.0
95663,235.0,216.0,137.0,137.0
95664,237.0,126.0,130.0,131.0
95665,235.0,189.0,127.0,131.0
95666,221.0,175.0,118.0,131.0
95667,235.0,128.0,132.0,125.0
95668,252.0,151.0,146.0,145.0
95669,253.0,152.0,154.0,138.0
95670,238.0,89.0,136.0,132.0
95671,267.0,104.0,143.0,149.0
95672,244.0,86.0,128.0,140.0
95673,254.0,134.0,149.0,134.0
95674,251.0,109.0,142.0,147.0
95675,249.0,114.0,130.0,139.0
95676,275.0,139.0,154.0,149.0
95677,248.0,94.0,133.0,137.0
95678,255.0,75.0,167.0,138.0
95679,258.0,80.0,145.0,147.0
95680,261.0,97.0,150.0,147.0
95681,247.0,100.0,130.0,134.0
95682,260.0,101.0,147.0,141.0
95683,246.0,100.0,143.0,140.0
95684,272.0,121.0,164.0,151.0
95685,274.0,103.0,141.0,151.0
95686,241.0,115.0,135.0,137.0
95687,263.0,126.0,155.0,149.0
95688,268.0,163.0,164.0,150.0
95689,233.0,105.0,119.0,136.0
95690,254.0,98.0,145.0,149.0
95691,230.0,77.0,116.0,133.0
95692,237.0,69.0,126.0,127.0
95693,257.0,112.0,151.0,150.0
95694,251.0,210.0,128.0,124.0
95695,245.0,145.0,140.0,131.0
95696,251.0,90.0,135.0,144.0
95697,222.0,111.0,106.0,122.0
95698,249.0,101.0,136.0,147.0
95699,245.0,238.0,145.0,147.0
95700,264.0,74.0,132.0,143.0
95701,267.0,135.0,145.0,153.0
95702,262.0,119.0,154.0,156.0
95703,239.0,93.0,123.0,139.0
95704,237.0,99.0,125.0,135.0
95705,228.0,151.0,128.0,123.0
95706,258.0,104.0,149.0,147.0
95707,252.0,95.0,139.0,150.0
95708,246.0,123.0,135.0,135.0
95709,240.0,154.0,135.0,140.0
95710,251.0,111.0,139.0,148.0
95711,253.0,118.0,125.0,136.0
95712,264.0,114.0,159.0,151.0
95713,278.0,75.0,166.0,151.0
95714,250.0,74.0,145.0,142.0
95715,226.0,112.0,124.0,137.0
95716,261.0,128.0,140.0,130.0
95717,245.0,91.0,147.0,138.0
95718,238.0,93.0,125.0,135.0
95719,240.0,127.0,135.0,131.0
95720,251.0,82.0,147.0,143.0
95721,255.0,104.0,137.0,153.0
95722,281.0,128.0,164.0,166.0
95723,258.0,96.0,154.0,139.0
95724,236.0,113.0,134.0,138.0
95725,232.0,206.0,135.0,126.0
95726,247.0,86.0,133.0,135.0
95727,245.0,152.0,138.0,133.0
95728,227.0,87.0,116.0,145.0
95729,252.0,172.0,136.0,150.0
95730,258.0,71.0,141.0,138.0
95731,269.0,115.0,169.0,157.0
95732,243.0,67.0,139.0,134.0
95733,246.0,168.0,134.0,145.0
95734,254.0,158.0,133.0,147.0
95735,256.0,114.0,152.0,147.0
95736,262.0,117.0,151.0,149.0
95737,271.0,111.0,149.0,165.0
95738,269.0,79.0,161.0,144.0
95739,258.0,62.0,144.0,146.0
95740,250.0,100.0,126.0,155.0
95741,267.0,125.0,153.0,137.0
95742,245.0,125.0,133.0,123.0
95743,234.0,109.0,126.0,128.0
95744,236.0,76.0,133.0,138.0
95745,244.0,121.0,151.0,131.0
95746,254.0,93.0,140.0,144.0
95747,269.0,135.0,149.0,164.0
95748,257.0,103.0,142.0,145.0
95749,256.0,242.0,150.0,150.0
95750,256.0,126.0,139.0,139.0
95751,242.0,121.0,132.0,130.0
95752,242.0,103.0,128.0,139.0
95753,267.0,151.0,147.0,142.0
95754,231.0,72.0,129.0,128.0
95755,248.0,112.0,135.0,151.0
95756,250.0,178.0,145.0,137.0
95757,266.0,120.0,140.0,149.0
95758,268.0,172.0,143.0,154.0
95759,223.0,104.0,135.0,115.0
95760,256.0,116.0,150.0,151.0
95761,258.0,103.0,139.0,139.0
95762,249.0,121.0,143.0,124.0
95763,263.0,142.0,149.0,155.0
95764,217.0,184.0,128.0,139.0
95765,245.0,84.0,142.0,131.0
95766,255.0,124.0,158.0,141.0
95767,262.0,139.0,145.0,158.0
95768,230.0,193.0,147.0,126.0
95769,257.0,111.0,130.0,141.0
95770,223.0,98.0,126.0,124.0
95771,261.0,136.0,148.0,155.0
95772,267.0,120.0,150.0,153.0
95773,244.0,152.0,125.0,145.0
95774,224.0,157.0,118.0,131.0
95775,228.0,104.0,120.0,122.0
95776,244.0,118.0,137.0,142.0
95777,238.0,98.0,143.0,131.0
95778,243.0,211.0,142.0,143.0
95779,241.0,102.0,128.0,127.0
95780,268.0,105.0,149.0,158.0
95781,238.0,103.0,127.0,131.0
95782,229.0,115.0,128.0,130.0
95783,271.0,234.0,162.0,153.0
95784,239.0,50.0,131.0,138.0
95785,242.0,65.0,132.0,134.0
95786,234.0,125.0,133.0,144.0
95787,273.0,107.0,143.0,163.0
95788,240.0,93.0,141.0,128.0
95789,273.0,86.0,162.0,140.0
95790,254.0,154.0,149.0,150.0
95791,215.0,93.0,120.0,123.0
95792,263.0,134.0,144.0,149.0
95793,260.0,166.0,137.0,157.0
95794,252.0,67.0,151.0,133.0
95795,239.0,121.0,134.0,141.0
95796,258.0,116.0,150.0,148.0
95797,235.0,123.0,133.0,117.0
95798,243.0,122.0,134.0,144.0
95799,246.0,131.0,129.0,125.0
95800,249.0,246.0,149.0,132.0
95801,250.0,113.0,127.0,131.0
95802,249.0,134.0,147.0,132.0
95803,257.0,112.0,156.0,141.0
95804,237.0,206.0,132.0,129.0
95805,252.0,187.0,158.0,129.0
95806,255.0,150.0,149.0,145.0
95807,251.0,139.0,151.0,144.0
95808,234.0,129.0,132.0,132.0
95809,232.0,135.0,124.0,124.0
95810,261.0,89.0,146.0,145.0
95811,246.0,109.0,138.0,138.0
95812,229.0,225.0,141.0,122.0
95813,227.0,86.0,131.0,127.0
95814,255.0,110.0,140.0,156.0
95815,256.0,91.0,119.0,125.0
95816,264.0,86.0,138.0,138.0
95817,250.0,109.0,154.0,132.0
95818,254.0,131.0,153.0,147.0
95819,227.0,121.0,129.0,125.0
95820,251.0,112.0,133.0,131.0
95821,266.0,121.0,148.0,166.0
95822,278.0,134.0,152.0,140.0
95823,242.0,79.0,126.0,149.0
95824,252.0,103.0,132.0,130.0
95825,236.0,115.0,151.0,130.0
95826,244.0,128.0,141.0,147.0
95827,234.0,107.0,125.0,128.0
95828,240.0,218.0,137.0,139.0
95829,256.0,121.0,153.0,144.0
95830,260.0,70.0,166.0,145.0
95831,271.0,200.0,139.0,155.0
95832,236.0,108.0,137.0,132.0
95833,266.0,143.0,149.0,155.0
95834,252.0,90.0,137.0,141.0
95835,230.0,107.0,123.0,124.0
95836,241.0,90.0,132.0,126.0
95837,264.0,149.0,150.0,149.0
95838,268.0,97.0,154.0,160.0
95839,249.0,112.0,138.0,127.0
95840,265.0,146.0,163.0,142.0
95841,279.0,137.0,152.0,142.0
95842,277.0,151.0,155.0,173.0
95843,240.0,110.0,132.0,141.0
95844,263.0,146.0,158.0,135.0
95845,269.0,146.0,150.0,151.0
95846,239.0,87.0,136.0,131.0
95847,242.0,135.0,130.0,124.0
95848,247.0,86.0,135.0,146.0
95849,229.0,179.0,119.0,129.0
95850,256.0,127.0,143.0,155.0
95851,258.0,141.0,157.0,135.0
95852,222.0,113.0,126.0,120.0
95853,244.0,77.0,147.0,143.0
95854,236.0,124.0,118.0,138.0
95855,246.0,97.0,130.0,128.0
95856,246.0,114.0,127.0,142.0
95857,251.0,145.0,134.0,144.0
95858,239.0,218.0,139.0,135.0
95859,260.0,131.0,125.0,124.0
95860,227.0,90.0,126.0,140.0
95861,257.0,103.0,153.0,144.0
95862,257.0,95.0,151.0,143.0
95863,257.0,123.0,143.0,145.0
95864,222.0,105.0,133.0,118.0
95865,253.0,133.0,139.0,153.0
95866,262.0,186.0,153.0,130.0
95867,274.0,150.0,146.0,148.0
95868,225.0,189.0,129.0,120.0
95869,247.0,122.0,145.0,148.0
95870,233.0,87.0,122.0,133.0
95871,253.0,67.0,145.0,141.0
95872,246.0,90.0,146.0,144.0
95873,260.0,148.0,139.0,148.0
95874,267.0,101.0,156.0,145.0
95875,229.0,100.0,131.0,122.0
95876,279.0,160.0,160.0,152.0
95877,239.0,208.0,126.0,137.0
95878,238.0,109.0,133.0,127.0
95879,257.0,123.0,137.0,136.0
95880,267.0,135.0,146.0,155.0
95881,251.0,102.0,148.0,138.0
95882,271.0,94.0,133.0,140.0
95883,266.0,142.0,145.0,147.0
95884,226.0,96.0,121.0,132.0
95885,274.0,108.0,160.0,159.0
95886,249.0,120.0,139.0,143.0
95887,261.0,128.0,134.0,153.0
95888,277.0,139.0,161.0,164.0
95889,245.0,116.0,129.0,148.0
95890,264.0,127.0,141.0,145.0
95891,275.0,108.0,165.0,142.0
95892,258.0,114.0,136.0,153.0
95893,237.0,123.0,136.0,135.0
95894,247.0,108.0,154.0,133.0
95895,259.0,118.0,145.0,138.0
95896,270.0,138.0,139.0,156.0
95897,254.0,92.0,122.0,148.0
95898,254.0,98.0,135.0,146.0
95899,261.0,91.0,141.0,138.0
95900,227.0,126.0,123.0,132.0
95901,239.0,204.0,121.0,140.0
95902,242.0,114.0,136.0,147.0
95903,246.0,130.0,146.0,137.0
95904,243.0,222.0,153.0,133.0
95905,251.0,106.0,130.0,131.0
95906,229.0,102.0,138.0,127.0
95907,267.0,143.0,141.0,151.0
95908,246.0,141.0,126.0,145.0
95909,271.0,123.0,153.0,162.0
95910,240.0,226.0,151.0,129.0
95911,243.0,102.0,125.0,129.0
95912,255.0,138.0,130.0,146.0
95913,260.0,145.0,148.0,139.0
95914,284.0,118.0,168.0,147.0
95915,270.0,88.0,150.0,142.0
95916,236.0,128.0,144.0,131.0
95917,261.0,89.0,137.0,142.0
95918,274.0,146.0,137.0,153.0
95919,246.0,103.0,140.0,140.0
95920,243.0,126.0,140.0,129.0
95921,269.0,111.0,148.0,157.0
95922,264.0,99.0,141.0,165.0
95923,240.0,100.0,143.0,127.0
95924,265.0,107.0,159.0,143.0
95925,260.0,95.0,150.0,122.0
95926,244.0,119.0,134.0,154.0
95927,248.0,141.0,133.0,147.0
95928,256.0,72.0,153.0,144.0
95929,263.0,106.0,159.0,144.0
95930,229.0,86.0,112.0,134.0
95931,267.0,103.0,166.0,142.0
95932,275.0,102.0,138.0,162.0
95933,254.0,59.0,148.0,137.0
95934,249.0,144.0,140.0,139.0
95935,254.0,115.0,153.0,128.0
95936,252.0,86.0,147.0,142.0
95937,236.0,124.0,137.0,131.0
95938,281.0,109.0,151.0,169.0
95939,224.0,99.0,125.0,123.0
95940,243.0,133.0,138.0,143.0
95941,272.0,148.0,164.0,163.0
95942,233.0,133.0,115.0,136.0
95943,255.0,245.0,146.0,141.0
95944,248.0,149.0,147.0,138.0
95945,235.0,208.0,145.0,130.0
95946,269.0,154.0,162.0,165.0
95947,251.0,130.0,130.0,153.0
95948,246.0,102.0,143.0,131.0
95949,244.0,152.0,125.0,126.0
95950,235.0,86.0,127.0,138.0
95951,249.0,95.0,132.0,138.0
95952,260.0,143.0,143.0,144.0
95953,277.0,114.0,160.0,173.0
95954,233.0,199.0,136.0,136.0
95955,247.0,128.0,133.0,147.0
95956,233.0,194.0,135.0,120.0
95957,271.0,123.0,157.0,134.0
95958,245.0,197.0,153.0,139.0
95959,266.0,97.0,155.0,156.0
95960,252.0,92.0,127.0,145.0
95961,248.0,114.0,148.0,143.0
95962,267.0,154.0,137.0,160.0
95963,244.0,106.0,146.0,150.0
95964,266.0,80.0,147.0,151.0
95965,252.0,114.0,154.0,134.0
95966,246.0,229.0,151.0,130.0
95967,254.0,112.0,138.0,155.0
95968,253.0,84.0,133.0,145.0
95969,285.0,156.0,156.0,158.0
95970,260.0,130.0,142.0,142.0
95971,269.0,98.0,147.0,152.0
95972,220.0,148.0,122.0,125.0
95973,276.0,145.0,152.0,136.0
95974,231.0,89.0,137.0,121.0
95975,239.0,111.0,147.0,125.0
95976,267.0,163.0,158.0,138.0
95977,221.0,115.0,117.0,135.0
95978,228.0,92.0,128.0,119.0
95979,251.0,110.0,153.0,130.0
95980,246.0,103.0,129.0,131.0
95981,252.0,101.0,140.0,140.0
95982,272.0,142.0,145.0,152.0
95983,254.0,132.0,132.0,138.0
95984,228.0,134.0,122.0,137.0
95985,241.0,88.0,152.0,138.0
95986,257.0,106.0,148.0,145.0
95987,245.0,73.0,114.0,146.0
95988,276.0,102.0,163.0,149.0
95989,245.0,122.0,129.0,134.0
95990,232.0,143.0,125.0,119.0
95991,250.0,208.0,151.0,132.0
95992,246.0,114.0,133.0,130.0
95993,258.0,100.0,140.0,136.0
95994,240.0,92.0,128.0,128.0
95995,230.0,204.0,135.0,131.0
95996,229.0,100.0,120.0,132.0
95997,230.0,162.0,112.0,130.0
95998,236.0,86.0,118.0,129.0
95999,259.0,152.0,138.0,158.0
96000,258.0,99.0,141.0,138.0
96001,248.0,77.0,149.0,141.0
96002,247.0,132.0,142.0,141.0
96003,230.0,107.0,124.0,114.0
96004,219.0,83.0,123.0,118.0
96005,256.0,129.0,142.0,142.0
96006,241.0,125.0,129.0,132.0
96007,236.0,92.0,124.0,128.0
96008,244.0,133.0,145.0,142.0
96009,275.0,83.0,157.0,163.0
96010,231.0,101.0,126.0,125.0
96011,256.0,106.0,136.0,158.0
96012,247.0,104.0,147.0,135.0
96013,255.0,113.0,148.0,156.0
96014,258.0,77.0,145.0,149.0
96015,237.0,115.0,132.0,129.0
96016,230.0,72.0,145.0,123.0
96017,264.0,133.0,151.0,143.0
96018,258.0,111.0,160.0,140.0
96019,267.0,149.0,151.0,162.0
96020,258.0,102.0,151.0,146.0
96021,259.0,110.0,139.0,142.0
96022,251.0,90.0,130.0,124.0
96023,235.0,109.0,134.0,131.0
96024,275.0,120.0,155.0,170.0
96025,237.0,96.0,120.0,138.0
96026,247.0,122.0,128.0,131.0
96027,258.0,137.0,155.0,158.0
96028,258.0,150.0,131.0,146.0
96029,269.0,170.0,151.0,152.0
96030,245.0,133.0,137.0,137.0
96031,228.0,112.0,133.0,132.0
96032,237.0,139.0,143.0,133.0
96033,258.0,105.0,157.0,138.0
96034,246.0,96.0,127.0,135.0
96035,253.0,119.0,134.0,136.0
96036,258.0,93.0,134.0,155.0
96037,243.0,188.0,142.0,126.0
96038,254.0,230.0,137.0,139.0
96039,266.0,145.0,151.0,141.0
96040,254.0,76.0,130.0,137.0
96041,255.0,125.0,144.0,149.0
96042,263.0,107.0,142.0,134.0
96043,258.0,99.0,152.0,145.0
96044,259.0,99.0,149.0,129.0
96045,256.0,139.0,136.0,146.0
96046,261.0,160.0,148.0,144.0
96047,227.0,177.0,119.0,141.0
96048,261.0,161.0,143.0,140.0
96049,253.0,109.0,139.0,154.0
96050,255.0,100.0,139.0,135.0
96051,244.0,48.0,140.0,122.0
96052,257.0,123.0,150.0,136.0
96053,242.0,84.0,126.0,126.0
96054,241.0,217.0,139.0,134.0
96055,243.0,118.0,146.0,131.0
96056,252.0,193.0,141.0,155.0
96057,273.0,108.0,163.0,149.0
96058,249.0,100.0,127.0,141.0
96059,236.0,100.0,149.0,128.0
96060,260.0,70.0,148.0,147.0
96061,238.0,99.0,135.0,134.0
96062,245.0,203.0,158.0,128.0
96063,250.0,76.0,123.0,130.0
96064,257.0,125.0,144.0,140.0
96065,211.0,207.0,122.0,116.0
96066,246.0,211.0,146.0,137.0
96067,254.0,81.0,151.0,155.0
96068,244.0,108.0,139.0,150.0
96069,261.0,105.0,135.0,159.0
96070,261.0,95.0,153.0,153.0
96071,248.0,91.0,147.0,143.0
96072,259.0,152.0,136.0,148.0
96073,257.0,93.0,147.0,153.0
96074,250.0,121.0,133.0,133.0
96075,255.0,179.0,140.0,143.0
96076,249.0,117.0,138.0,135.0
96077,235.0,75.0,129.0,127.0
96078,249.0,102.0,140.0,141.0
96079,255.0,136.0,137.0,155.0
96080,277.0,105.0,151.0,168.0
96081,223.0,195.0,129.0,137.0
96082,238.0,87.0,131.0,128.0
96083,252.0,100.0,141.0,149.0
96084,246.0,108.0,137.0,146.0
96085,265.0,132.0,153.0,135.0
96086,274.0,104.0,156.0,149.0
96087,287.0,169.0,169.0,147.0
96088,235.0,102.0,122.0,131.0
96089,262.0,141.0,161.0,146.0
96090,250.0,143.0,140.0,137.0
96091,255.0,82.0,143.0,141.0
96092,241.0,132.0,119.0,130.0
96093,247.0,168.0,140.0,136.0
96094,233.0,83.0,129.0,130.0
96095,256.0,222.0,144.0,141.0
96096,232.0,109.0,123.0,126.0
96097,263.0,188.0,141.0,153.0
96098,263.0,98.0,155.0,155.0
96099,264.0,85.0,151.0,145.0
96100,261.0,143.0,133.0,159.0
96101,245.0,79.0,141.0,138.0
96102,257.0,118.0,141.0,161.0
96103,230.0,120.0,143.0,134.0
96104,250.0,210.0,133.0,139.0
96105,235.0,93.0,132.0,148.0
96106,233.0,80.0,127.0,147.0
96107,233.0,126.0,144.0,133.0
96108,257.0,224.0,151.0,140.0
96109,273.0,68.0,154.0,153.0
96110,232.0,67.0,125.0,127.0
96111,231.0,80.0,120.0,144.0
96112,260.0,130.0,146.0,148.0
96113,243.0,145.0,144.0,140.0
96114,241.0,128.0,121.0,140.0
96115,274.0,114.0,149.0,149.0
96116,240.0,98.0,136.0,133.0
96117,270.0,152.0,148.0,155.0
96118,233.0,145.0,130.0,145.0
96119,252.0,138.0,138.0,148.0
96120,240.0,74.0,137.0,139.0
96121,208.0,115.0,124.0,109.0
96122,238.0,83.0,147.0,132.0
96123,240.0,109.0,129.0,130.0
96124,254.0,107.0,134.0,154.0
96125,260.0,126.0,138.0,144.0
96126,249.0,138.0,147.0,141.0
96127,254.0,111.0,142.0,136.0
96128,244.0,121.0,147.0,135.0
96129,252.0,101.0,128.0,142.0
96130,263.0,134.0,149.0,146.0
96131,254.0,114.0,147.0,138.0
96132,257.0,119.0,149.0,136.0
96133,291.0,146.0,175.0,168.0
96134,250.0,103.0,140.0,148.0
96135,260.0,93.0,138.0,156.0
96136,241.0,86.0,141.0,133.0
96137,255.0,92.0,139.0,148.0
96138,233.0,116.0,136.0,115.0
96139,241.0,92.0,123.0,117.0
96140,241.0,102.0,139.0,134.0
96141,225.0,117.0,127.0,132.0
96142,255.0,98.0,153.0,150.0
96143,249.0,110.0,141.0,151.0
96144,257.0,103.0,132.0,145.0
96145,235.0,106.0,130.0,127.0
96146,233.0,118.0,137.0,127.0
96147,236.0,97.0,140.0,126.0
96148,238.0,103.0,134.0,125.0
96149,254.0,180.0,153.0,151.0
96150,256.0,116.0,142.0,147.0
96151,265.0,108.0,157.0,159.0
96152,261.0,95.0,146.0,156.0
96153,237.0,114.0,133.0,132.0
96154,254.0,106.0,137.0,132.0
96155,237.0,234.0,125.0,140.0
96156,230.0,105.0,126.0,139.0
96157,240.0,113.0,146.0,129.0
96158,259.0,95.0,150.0,140.0
96159,240.0,164.0,138.0,139.0
96160,257.0,220.0,150.0,141.0
96161,248.0,102.0,145.0,133.0
96162,241.0,90.0,136.0,125.0
96163,265.0,120.0,140.0,138.0
96164,252.0,97.0,132.0,136.0
96165,257.0,112.0,143.0,144.0
96166,248.0,156.0,145.0,134.0
96167,261.0,213.0,143.0,131.0
96168,225.0,132.0,129.0,128.0
96169,253.0,127.0,147.0,152.0
96170,249.0,87.0,135.0,140.0
96171,253.0,82.0,148.0,142.0
96172,255.0,107.0,131.0,154.0
96173,221.0,118.0,122.0,136.0
96174,237.0,214.0,130.0,124.0
96175,273.0,158.0,152.0,151.0
96176,251.0,112.0,141.0,132.0
96177,248.0,91.0,132.0,129.0
96178,243.0,124.0,135.0,139.0
96179,263.0,94.0,155.0,146.0
96180,244.0,203.0,135.0,136.0
96181,256.0,145.0,143.0,137.0
96182,252.0,92.0,138.0,145.0
96183,269.0,105.0,164.0,157.0
96184,217.0,106.0,128.0,120.0
96185,235.0,95.0,121.0,130.0
96186,241.0,105.0,118.0,141.0
96187,243.0,98.0,140.0,147.0
96188,243.0,112.0,156.0,137.0
96189,236.0,105.0,133.0,128.0
96190,260.0,97.0,140.0,158.0
96191,268.0,120.0,148.0,145.0
96192,261.0,110.0,141.0,142.0
96193,255.0,126.0,130.0,151.0
96194,260.0,97.0,139.0,145.0
96195,243.0,118.0,136.0,142.0
96196,252.0,93.0,146.0,147.0
96197,265.0,116.0,143.0,149.0
96198,250.0,108.0,136.0,136.0
96199,254.0,177.0,137.0,149.0
96200,247.0,99.0,131.0,152.0
96201,238.0,94.0,130.0,132.0
96202,268.0,122.0,143.0,141.0
96203,246.0,86.0,127.0,137.0
96204,271.0,124.0,138.0,155.0
96205,247.0,146.0,137.0,131.0
96206,246.0,156.0,135.0,150.0
96207,267.0,166.0,146.0,140.0
96208,229.0,88.0,127.0,129.0
96209,235.0,57.0,130.0,136.0
96210,232.0,126.0,136.0,129.0
96211,245.0,54.0,130.0,128.0
96212,247.0,111.0,136.0,144.0
96213,243.0,126.0,125.0,136.0
96214,253.0,92.0,128.0,153.0
96215,255.0,143.0,129.0,134.0
96216,244.0,82.0,135.0,129.0
96217,236.0,97.0,131.0,128.0
96218,240.0,66.0,117.0,128.0
96219,266.0,113.0,158.0,152.0
96220,253.0,85.0,136.0,139.0
96221,231.0,73.0,142.0,123.0
96222,253.0,138.0,157.0,137.0
96223,252.0,129.0,142.0,148.0
96224,255.0,126.0,140.0,144.0
96225,255.0,125.0,139.0,148.0
96226,262.0,93.0,147.0,128.0
96227,257.0,112.0,154.0,142.0
96228,248.0,127.0,142.0,145.0
96229,282.0,62.0,158.0,170.0
96230,243.0,127.0,133.0,138.0
96231,262.0,134.0,138.0,131.0
96232,261.0,130.0,133.0,157.0
96233,242.0,62.0,141.0,155.0
96234,257.0,241.0,148.0,139.0
96235,267.0,94.0,146.0,137.0
96236,243.0,152.0,134.0,141.0
96237,244.0,108.0,148.0,151.0
96238,242.0,62.0,153.0,149.0
96239,266.0,148.0,149.0,147.0
96240,240.0,118.0,126.0,139.0
96241,270.0,118.0,164.0,147.0
96242,269.0,126.0,140.0,151.0
96243,246.0,91.0,136.0,135.0
96244,265.0,110.0,149.0,141.0
96245,231.0,125.0,130.0,124.0
96246,273.0,103.0,158.0,158.0
96247,259.0,168.0,136.0,150.0
96248,255.0,129.0,138.0,134.0
96249,242.0,109.0,136.0,131.0
96250,241.0,106.0,146.0,129.0
96251,245.0,135.0,146.0,135.0
96252,243.0,152.0,135.0,134.0
96253,258.0,115.0,141.0,153.0
96254,250.0,97.0,137.0,149.0
96255,247.0,79.0,127.0,138.0
96256,251.0,117.0,128.0,138.0
96257,241.0,116.0,135.0,143.0
96258,236.0,64.0,130.0,138.0
96259,249.0,113.0,150.0,142.0
96260,245.0,86.0,141.0,143.0
96261,264.0,236.0,153.0,151.0
96262,242.0,214.0,129.0,147.0
96263,236.0,59.0,134.0,132.0
96264,277.0,104.0,171.0,150.0
96265,247.0,123.0,139.0,132.0
96266,260.0,142.0,146.0,148.0
96267,256.0,165.0,150.0,143.0
96268,235.0,109.0,131.0,140.0
96269,252.0,87.0,143.0,153.0
96270,245.0,97.0,135.0,135.0
96271,225.0,98.0,134.0,138.0
96272,251.0,132.0,128.0,141.0
96273,254.0,140.0,151.0,145.0
96274,253.0,134.0,144.0,151.0
96275,269.0,135.0,153.0,133.0
96276,251.0,115.0,134.0,136.0
96277,240.0,130.0,133.0,123.0
96278,211.0,108.0,118.0,131.0
96279,251.0,79.0,143.0,136.0
96280,233.0,177.0,145.0,139.0
96281,242.0,155.0,153.0,135.0
96282,237.0,100.0,143.0,124.0
96283,244.0,144.0,145.0,137.0
96284,261.0,93.0,135.0,148.0
96285,252.0,124.0,145.0,149.0
96286,287.0,73.0,145.0,182.0
96287,235.0,51.0,124.0,122.0
96288,250.0,93.0,133.0,141.0
96289,250.0,159.0,140.0,134.0
96290,261.0,164.0,143.0,138.0
96291,245.0,91.0,132.0,144.0
96292,251.0,123.0,144.0,122.0
96293,259.0,106.0,143.0,144.0
96294,245.0,91.0,121.0,137.0
96295,261.0,93.0,129.0,148.0
96296,227.0,132.0,142.0,139.0
96297,244.0,125.0,125.0,136.0
96298,257.0,211.0,145.0,139.0
96299,241.0,136.0,149.0,143.0
96300,243.0,93.0,142.0,129.0
96301,244.0,104.0,126.0,129.0
96302,267.0,248.0,159.0,147.0
96303,239.0,86.0,133.0,147.0
96304,248.0,184.0,141.0,135.0
96305,265.0,105.0,147.0,147.0
96306,228.0,89.0,140.0,117.0
96307,254.0,127.0,160.0,158.0
96308,244.0,136.0,130.0,153.0
96309,255.0,225.0,140.0,141.0
96310,215.0,90.0,109.0,118.0
96311,257.0,120.0,137.0,147.0
96312,251.0,76.0,145.0,152.0
96313,249.0,113.0,148.0,145.0
96314,224.0,108.0,120.0,124.0
96315,240.0,123.0,143.0,131.0
96316,251.0,117.0,147.0,141.0
96317,268.0,131.0,158.0,162.0
96318,261.0,229.0,144.0,152.0
96319,242.0,90.0,135.0,143.0
96320,233.0,97.0,143.0,136.0
96321,261.0,138.0,143.0,145.0
96322,263.0,111.0,135.0,160.0
96323,246.0,91.0,137.0,136.0
96324,255.0,116.0,143.0,146.0
96325,265.0,222.0,160.0,145.0
96326,265.0,133.0,155.0,145.0
96327,239.0,106.0,147.0,130.0
96328,255.0,126.0,153.0,148.0
96329,265.0,133.0,152.0,156.0
96330,246.0,110.0,124.0,131.0
96331,267.0,135.0,156.0,148.0
96332,237.0,135.0,138.0,134.0
96333,255.0,119.0,146.0,145.0
96334,248.0,122.0,137.0,151.0
96335,224.0,113.0,119.0,118.0
96336,260.0,135.0,152.0,155.0
96337,252.0,113.0,142.0,148.0
96338,258.0,117.0,157.0,139.0
96339,242.0,108.0,137.0,127.0
96340,255.0,121.0,147.0,165.0
96341,240.0,120.0,130.0,141.0
96342,254.0,99.0,136.0,154.0
96343,236.0,140.0,134.0,140.0
96344,242.0,108.0,150.0,142.0
96345,242.0,102.0,137.0,142.0
96346,240.0,117.0,120.0,140.0
96347,270.0,95.0,152.0,150.0
96348,256.0,95.0,148.0,136.0
96349,226.0,87.0,144.0,126.0
96350,233.0,194.0,130.0,131.0
96351,238.0,108.0,136.0,137.0
96352,241.0,199.0,141.0,148.0
96353,257.0,120.0,126.0,142.0
96354,256.0,74.0,149.0,153.0
96355,251.0,139.0,139.0,135.0
96356,260.0,92.0,156.0,159.0
96357,254.0,212.0,146.0,133.0
96358,260.0,113.0,148.0,141.0
96359,293.0,111.0,180.0,170.0
96360,251.0,194.0,144.0,130.0
96361,263.0,118.0,150.0,147.0
96362,239.0,57.0,134.0,134.0
96363,273.0,124.0,158.0,139.0
96364,247.0,82.0,141.0,140.0
96365,247.0,184.0,141.0,122.0
96366,250.0,117.0,138.0,143.0
96367,251.0,159.0,147.0,147.0
96368,239.0,176.0,134.0,133.0
96369,267.0,101.0,153.0,145.0
96370,278.0,130.0,164.0,166.0
96371,260.0,99.0,159.0,147.0
96372,258.0,182.0,149.0,144.0
96373,249.0,121.0,141.0,135.0
96374,261.0,124.0,155.0,146.0
96375,265.0,199.0,152.0,144.0
96376,250.0,98.0,148.0,148.0
96377,231.0,103.0,126.0,132.0
96378,253.0,75.0,147.0,150.0
96379,235.0,76.0,114.0,128.0
96380,259.0,156.0,142.0,132.0
96381,249.0,132.0,116.0,156.0
96382,245.0,112.0,149.0,144.0
96383,245.0,112.0,146.0,145.0
96384,249.0,109.0,127.0,143.0
96385,281.0,129.0,166.0,158.0
96386,264.0,190.0,140.0,140.0
96387,240.0,113.0,122.0,122.0
96388,250.0,99.0,135.0,141.0
96389,267.0,177.0,136.0,140.0
96390,262.0,117.0,155.0,164.0
96391,244.0,149.0,135.0,138.0
96392,249.0,137.0,144.0,132.0
96393,245.0,124.0,141.0,148.0
96394,248.0,84.0,145.0,154.0
96395,246.0,81.0,151.0,144.0
96396,269.0,183.0,141.0,138.0
96397,242.0,114.0,152.0,124.0
96398,268.0,184.0,162.0,140.0
96399,235.0,72.0,123.0,124.0
96400,229.0,85.0,124.0,124.0
96401,266.0,143.0,148.0,155.0
96402,228.0,199.0,131.0,118.0
96403,262.0,148.0,157.0,155.0
96404,260.0,121.0,160.0,146.0
96405,245.0,187.0,139.0,134.0
96406,253.0,118.0,146.0,144.0
96407,254.0,111.0,146.0,146.0
96408,262.0,142.0,150.0,157.0
96409,243.0,78.0,136.0,145.0
96410,239.0,97.0,136.0,123.0
96411,238.0,136.0,138.0,114.0
96412,245.0,119.0,135.0,114.0
96413,249.0,85.0,131.0,142.0
96414,262.0,240.0,160.0,155.0
96415,236.0,177.0,142.0,121.0
96416,260.0,118.0,156.0,146.0
96417,234.0,127.0,128.0,143.0
96418,247.0,122.0,132.0,129.0
96419,241.0,82.0,131.0,144.0
96420,246.0,142.0,139.0,137.0
96421,278.0,177.0,148.0,156.0
96422,261.0,166.0,151.0,146.0
96423,273.0,130.0,162.0,158.0
96424,254.0,126.0,144.0,143.0
96425,250.0,180.0,149.0,161.0
96426,269.0,121.0,160.0,172.0
96427,240.0,88.0,140.0,134.0
96428,222.0,116.0,123.0,125.0
96429,266.0,152.0,151.0,146.0
96430,241.0,93.0,118.0,145.0
96431,248.0,100.0,141.0,137.0
96432,254.0,122.0,154.0,144.0
96433,266.0,132.0,136.0,141.0
96434,228.0,113.0,130.0,131.0
96435,256.0,145.0,144.0,144.0
96436,254.0,171.0,143.0,136.0
96437,254.0,50.0,148.0,136.0
96438,224.0,98.0,128.0,117.0
96439,259.0,106.0,152.0,146.0
96440,253.0,115.0,153.0,137.0
96441,251.0,109.0,142.0,129.0
96442,270.0,106.0,155.0,160.0
96443,249.0,165.0,142.0,148.0
96444,233.0,143.0,120.0,127.0
96445,257.0,60.0,148.0,148.0
96446,257.0,131.0,149.0,128.0
96447,239.0,72.0,131.0,137.0
96448,252.0,110.0,135.0,149.0
96449,247.0,172.0,131.0,140.0
96450,252.0,86.0,139.0,125.0
96451,253.0,90.0,142.0,123.0
96452,248.0,80.0,125.0,133.0
96453,270.0,229.0,138.0,139.0
96454,247.0,114.0,138.0,130.0
96455,274.0,83.0,144.0,152.0
96456,246.0,104.0,145.0,140.0
96457,271.0,79.0,154.0,153.0
96458,259.0,163.0,147.0,145.0
96459,232.0,83.0,116.0,132.0
96460,252.0,131.0,139.0,145.0
96461,242.0,93.0,125.0,130.0
96462,285.0,126.0,160.0,156.0
96463,223.0,63.0,119.0,121.0
96464,264.0,163.0,167.0,145.0
96465,250.0,90.0,131.0,137.0
96466,241.0,68.0,138.0,141.0
96467,250.0,123.0,140.0,139.0
96468,285.0,134.0,159.0,170.0
96469,264.0,84.0,142.0,160.0
96470,271.0,139.0,162.0,140.0
96471,243.0,67.0,134.0,143.0
96472,265.0,153.0,136.0,139.0
96473,245.0,115.0,146.0,131.0
96474,235.0,81.0,127.0,114.0
96475,231.0,79.0,128.0,133.0
96476,256.0,88.0,158.0,145.0
96477,261.0,108.0,140.0,142.0
96478,246.0,108.0,145.0,124.0
96479,263.0,171.0,148.0,163.0
96480,240.0,134.0,135.0,127.0
96481,224.0,212.0,129.0,121.0
96482,249.0,150.0,134.0,139.0
96483,237.0,84.0,133.0,143.0
96484,232.0,121.0,125.0,129.0
96485,253.0,92.0,129.0,142.0
96486,255.0,97.0,139.0,137.0
96487,235.0,87.0,146.0,146.0
96488,242.0,101.0,119.0,137.0
96489,229.0,116.0,136.0,132.0
96490,238.0,90.0,130.0,137.0
96491,284.0,104.0,148.0,163.0
96492,266.0,124.0,151.0,140.0
96493,269.0,118.0,131.0,143.0
96494,255.0,88.0,138.0,150.0
96495,251.0,91.0,154.0,133.0
96496,249.0,105.0,149.0,147.0
96497,236.0,99.0,140.0,119.0
96498,237.0,113.0,132.0,132.0
96499,241.0,111.0,142.0,146.0
96500,230.0,199.0,140.0,136.0
96501,229.0,108.0,125.0,124.0
96502,256.0,117.0,151.0,136.0
96503,224.0,95.0,123.0,140.0
96504,252.0,67.0,131.0,144.0
96505,241.0,208.0,133.0,134.0
96506,239.0,142.0,135.0,132.0
96507,239.0,92.0,123.0,131.0
96508,244.0,85.0,146.0,145.0
96509,255.0,86.0,133.0,140.0
96510,251.0,105.0,128.0,146.0
96511,270.0,153.0,154.0,158.0
96512,242.0,116.0,147.0,128.0
96513,231.0,93.0,124.0,131.0
96514,273.0,84.0,160.0,143.0
96515,225.0,66.0,114.0,125.0
96516,247.0,116.0,135.0,144.0
96517,238.0,129.0,130.0,133.0
96518,257.0,110.0,141.0,147.0
96519,270.0,103.0,164.0,151.0
96520,224.0,179.0,130.0,136.0
96521,255.0,109.0,146.0,128.0
96522,235.0,104.0,140.0,150.0
96523,260.0,128.0,139.0,159.0
96524,216.0,104.0,123.0,123.0
96525,243.0,192.0,146.0,136.0
96526,258.0,96.0,141.0,145.0
96527,259.0,159.0,154.0,141.0
96528,234.0,107.0,144.0,126.0
96529,257.0,122.0,144.0,158.0
96530,236.0,108.0,132.0,141.0
96531,237.0,102.0,151.0,126.0
96532,257.0,150.0,153.0,138.0
96533,274.0,83.0,158.0,155.0
96534,257.0,60.0,124.0,150.0
96535,250.0,121.0,153.0,138.0
96536,262.0,95.0,141.0,142.0
96537,262.0,146.0,148.0,153.0
96538,278.0,109.0,164.0,168.0
96539,255.0,86.0,143.0,139.0
96540,219.0,218.0,123.0,125.0
96541,234.0,107.0,126.0,121.0
96542,267.0,100.0,139.0,148.0
96543,254.0,141.0,138.0,145.0
96544,270.0,108.0,146.0,155.0
96545,267.0,80.0,143.0,159.0
96546,263.0,106.0,146.0,152.0
96547,250.0,104.0,151.0,137.0
96548,250.0,222.0,143.0,131.0
96549,245.0,131.0,127.0,146.0
96550,251.0,122.0,129.0,140.0
96551,242.0,140.0,141.0,144.0
96552,259.0,61.0,151.0,140.0
96553,255.0,130.0,141.0,155.0
96554,248.0,168.0,129.0,137.0
96555,245.0,127.0,140.0,153.0
96556,250.0,148.0,142.0,138.0
96557,242.0,110.0,133.0,129.0
96558,249.0,84.0,128.0,144.0
96559,253.0,134.0,146.0,133.0
96560,264.0,122.0,160.0,133.0
96561,247.0,169.0,146.0,143.0
96562,244.0,88.0,134.0,141.0
96563,257.0,130.0,148.0,130.0
96564,247.0,190.0,140.0,137.0
96565,252.0,74.0,143.0,141.0
96566,237.0,87.0,137.0,135.0
96567,248.0,127.0,125.0,139.0
96568,252.0,106.0,138.0,143.0
96569,259.0,103.0,150.0,155.0
96570,241.0,121.0,129.0,140.0
96571,236.0,119.0,132.0,125.0
96572,271.0,122.0,152.0,148.0
96573,273.0,152.0,147.0,151.0
96574,238.0,79.0,137.0,134.0
96575,266.0,126.0,156.0,153.0
96576,243.0,94.0,133.0,136.0
96577,247.0,81.0,147.0,142.0
96578,253.0,155.0,132.0,150.0
96579,237.0,212.0,136.0,129.0
96580,251.0,133.0,142.0,142.0
96581,248.0,145.0,145.0,142.0
96582,296.0,149.0,163.0,155.0
96583,216.0,105.0,115.0,133.0
96584,256.0,213.0,145.0,155.0
96585,274.0,101.0,148.0,162.0
96586,268.0,145.0,137.0,163.0
96587,254.0,94.0,146.0,155.0
96588,263.0,93.0,130.0,154.0
96589,242.0,106.0,135.0,132.0
96590,259.0,98.0,148.0,138.0
96591,230.0,105.0,119.0,121.0
96592,235.0,142.0,123.0,119.0
96593,241.0,210.0,116.0,151.0
96594,281.0,139.0,138.0,161.0
96595,251.0,137.0,144.0,133.0
96596,248.0,124.0,129.0,130.0
96597,270.0,94.0,164.0,157.0
96598,242.0,98.0,139.0,137.0
96599,264.0,89.0,147.0,148.0
96600,256.0,128.0,138.0,138.0
96601,268.0,72.0,153.0,153.0
96602,259.0,105.0,165.0,165.0
96603,259.0,109.0,148.0,157.0
96604,262.0,103.0,146.0,147.0
96605,269.0,111.0,166.0,154.0
96606,230.0,211.0,122.0,119.0
96607,245.0,93.0,145.0,139.0
96608,247.0,88.0,143.0,145.0
96609,225.0,116.0,122.0,134.0
96610,256.0,87.0,145.0,148.0
96611,264.0,150.0,132.0,137.0
96612,267.0,202.0,158.0,161.0
96613,255.0,144.0,147.0,147.0
96614,251.0,177.0,144.0,128.0
96615,242.0,115.0,134.0,136.0
96616,254.0,234.0,143.0,154.0
96617,275.0,128.0,150.0,155.0
96618,266.0,127.0,140.0,159.0
96619,264.0,106.0,134.0,159.0
96620,255.0,79.0,155.0,147.0
96621,261.0,94.0,157.0,143.0
96622,249.0,112.0,130.0,134.0
96623,246.0,207.0,153.0,135.0
96624,273.0,94.0,156.0,152.0
96625,216.0,111.0,114.0,106.0
96626,255.0,130.0,141.0,142.0
96627,279.0,128.0,146.0,166.0
96628,242.0,117.0,143.0,132.0
96629,240.0,118.0,127.0,130.0
96630,265.0,237.0,152.0,146.0
96631,225.0,135.0,132.0,125.0
96632,249.0,66.0,144.0,141.0
96633,260.0,215.0,139.0,144.0
96634,260.0,229.0,143.0,143.0
96635,241.0,214.0,132.0,137.0
96636,260.0,151.0,147.0,133.0
96637,266.0,212.0,161.0,138.0
96638,237.0,80.0,145.0,140.0
96639,282.0,86.0,165.0,144.0
96640,263.0,131.0,148.0,140.0
96641,258.0,129.0,131.0,146.0
96642,256.0,240.0,156.0,150.0
96643,251.0,95.0,145.0,151.0
96644,277.0,123.0,147.0,152.0
96645,245.0,126.0,146.0,137.0
96646,250.0,123.0,148.0,139.0
96647,261.0,260.0,150.0,145.0
96648,255.0,168.0,130.0,149.0
96649,270.0,168.0,172.0,154.0
96650,233.0,111.0,130.0,119.0
96651,224.0,84.0,121.0,126.0
96652,259.0,117.0,152.0,146.0
96653,280.0,68.0,167.0,161.0
96654,237.0,88.0,132.0,129.0
96655,272.0,129.0,137.0,151.0
96656,230.0,130.0,136.0,121.0
96657,249.0,240.0,139.0,136.0
96658,256.0,66.0,152.0,141.0
96659,261.0,129.0,140.0,134.0
96660,247.0,124.0,129.0,133.0
96661,248.0,115.0,149.0,148.0
96662,251.0,215.0,145.0,139.0
96663,245.0,111.0,135.0,149.0
96664,237.0,118.0,142.0,130.0
96665,263.0,159.0,153.0,142.0
96666,276.0,98.0,163.0,159.0
96667,249.0,146.0,142.0,135.0
96668,242.0,90.0,149.0,142.0
96669,223.0,191.0,132.0,134.0
96670,249.0,90.0,137.0,136.0
96671,243.0,148.0,150.0,135.0
96672,231.0,131.0,135.0,131.0
96673,260.0,68.0,156.0,147.0
96674,237.0,113.0,118.0,118.0
96675,230.0,89.0,129.0,134.0
96676,254.0,148.0,145.0,137.0
96677,254.0,114.0,135.0,131.0
96678,261.0,122.0,141.0,150.0
96679,256.0,173.0,136.0,139.0
96680,249.0,141.0,139.0,149.0
96681,251.0,115.0,136.0,136.0
96682,269.0,106.0,151.0,161.0
96683,251.0,92.0,127.0,137.0
96684,256.0,100.0,146.0,145.0
96685,260.0,250.0,158.0,151.0
96686,251.0,130.0,133.0,130.0
96687,275.0,114.0,169.0,141.0
96688,257.0,110.0,132.0,148.0
96689,264.0,72.0,163.0,147.0
96690,237.0,90.0,142.0,120.0
96691,251.0,129.0,153.0,140.0
96692,255.0,135.0,136.0,145.0
96693,258.0,247.0,134.0,137.0
96694,240.0,90.0,123.0,130.0
96695,256.0,85.0,136.0,140.0
96696,236.0,150.0,134.0,120.0
96697,268.0,168.0,142.0,150.0
96698,233.0,169.0,135.0,131.0
96699,265.0,236.0,151.0,150.0
96700,260.0,82.0,146.0,145.0
96701,290.0,95.0,165.0,173.0
96702,247.0,235.0,149.0,142.0
96703,243.0,110.0,135.0,141.0
96704,227.0,122.0,124.0,112.0
96705,254.0,99.0,139.0,152.0
96706,260.0,117.0,160.0,148.0
96707,243.0,93.0,148.0,142.0
96708,264.0,179.0,147.0,155.0
96709,256.0,95.0,136.0,141.0
96710,243.0,215.0,121.0,132.0
96711,267.0,126.0,157.0,132.0
96712,242.0,77.0,133.0,141.0
96713,261.0,106.0,152.0,155.0
96714,254.0,178.0,124.0,147.0
96715,229.0,49.0,120.0,132.0
96716,263.0,156.0,147.0,142.0
96717,257.0,113.0,140.0,145.0
96718,250.0,107.0,126.0,128.0
96719,248.0,97.0,133.0,116.0
96720,254.0,127.0,133.0,122.0
96721,267.0,121.0,163.0,145.0
96722,240.0,101.0,133.0,138.0
96723,248.0,108.0,132.0,129.0
96724,224.0,119.0,122.0,116.0
96725,257.0,103.0,155.0,142.0
96726,247.0,118.0,126.0,140.0
96727,242.0,86.0,132.0,133.0
96728,273.0,124.0,138.0,149.0
96729,260.0,152.0,150.0,150.0
96730,224.0,114.0,128.0,121.0
96731,231.0,222.0,126.0,119.0
96732,224.0,193.0,139.0,129.0
96733,249.0,141.0,132.0,132.0
96734,238.0,77.0,133.0,134.0
96735,260.0,97.0,149.0,152.0
96736,252.0,99.0,136.0,119.0
96737,259.0,87.0,150.0,132.0
96738,248.0,103.0,146.0,132.0
96739,273.0,129.0,147.0,144.0
96740,246.0,72.0,129.0,145.0
96741,250.0,211.0,147.0,148.0
96742,235.0,113.0,145.0,129.0
96743,235.0,91.0,149.0,134.0
96744,257.0,104.0,153.0,152.0
96745,250.0,77.0,138.0,145.0
96746,246.0,132.0,132.0,137.0
96747,240.0,98.0,134.0,144.0
96748,232.0,125.0,125.0,118.0
96749,240.0,120.0,131.0,135.0
96750,249.0,113.0,124.0,140.0
96751,262.0,115.0,145.0,145.0
96752,240.0,215.0,140.0,150.0
96753,244.0,133.0,153.0,146.0
96754,253.0,105.0,135.0,128.0
96755,233.0,206.0,122.0,131.0
96756,276.0,148.0,158.0,142.0
96757,238.0,99.0,125.0,140.0
96758,239.0,143.0,141.0,131.0
96759,258.0,97.0,135.0,144.0
96760,238.0,115.0,137.0,128.0
96761,263.0,55.0,152.0,156.0
96762,251.0,163.0,145.0,138.0
96763,233.0,119.0,131.0,134.0
96764,287.0,189.0,138.0,158.0
96765,245.0,106.0,131.0,137.0
96766,246.0,151.0,133.0,134.0
96767,242.0,187.0,134.0,144.0
96768,226.0,58.0,116.0,115.0
96769,257.0,132.0,142.0,133.0
96770,236.0,116.0,125.0,148.0
96771,265.0,98.0,153.0,158.0
96772,246.0,139.0,155.0,137.0
96773,244.0,105.0,139.0,124.0
96774,249.0,112.0,129.0,150.0
96775,259.0,126.0,141.0,151.0
96776,240.0,91.0,132.0,133.0
96777,253.0,99.0,135.0,155.0
96778,243.0,79.0,140.0,129.0
96779,258.0,67.0,161.0,150.0
96780,266.0,141.0,155.0,155.0
96781,267.0,120.0,156.0,142.0
96782,242.0,118.0,138.0,130.0
96783,243.0,84.0,117.0,138.0
96784,217.0,81.0,125.0,120.0
96785,256.0,80.0,141.0,139.0
96786,250.0,135.0,143.0,147.0
96787,246.0,123.0,123.0,132.0
96788,233.0,178.0,122.0,135.0
96789,243.0,124.0,131.0,136.0
96790,226.0,112.0,122.0,126.0
96791,268.0,79.0,153.0,146.0
96792,258.0,222.0,153.0,135.0
96793,263.0,153.0,142.0,142.0
96794,241.0,176.0,121.0,153.0
96795,254.0,132.0,145.0,157.0
96796,265.0,155.0,151.0,144.0
96797,241.0,127.0,138.0,112.0
96798,244.0,108.0,135.0,134.0
96799,230.0,129.0,131.0,134.0
96800,265.0,97.0,147.0,143.0
96801,268.0,122.0,149.0,142.0
96802,246.0,53.0,121.0,137.0
96803,274.0,103.0,141.0,168.0
96804,239.0,113.0,146.0,132.0
96805,242.0,121.0,134.0,132.0
96806,249.0,147.0,137.0,146.0
96807,250.0,154.0,131.0,130.0
96808,231.0,128.0,120.0,136.0
96809,246.0,86.0,152.0,138.0
96810,251.0,107.0,147.0,135.0
96811,268.0,113.0,136.0,157.0
96812,250.0,66.0,136.0,147.0
96813,264.0,98.0,146.0,148.0
96814,261.0,107.0,145.0,140.0
96815,260.0,102.0,140.0,143.0
96816,278.0,135.0,152.0,148.0
96817,259.0,130.0,140.0,156.0
96818,253.0,103.0,133.0,137.0
96819,242.0,46.0,130.0,141.0
96820,268.0,85.0,142.0,146.0
96821,248.0,97.0,149.0,150.0
96822,259.0,87.0,147.0,157.0
96823,231.0,102.0,130.0,122.0
96824,249.0,146.0,139.0,148.0
96825,246.0,106.0,135.0,153.0
96826,263.0,215.0,165.0,149.0
96827,234.0,68.0,115.0,123.0
96828,249.0,113.0,155.0,152.0
96829,238.0,99.0,131.0,121.0
96830,252.0,64.0,144.0,137.0
96831,265.0,99.0,136.0,138.0
96832,244.0,134.0,147.0,157.0
96833,249.0,74.0,126.0,141.0
96834,236.0,137.0,141.0,138.0
96835,233.0,100.0,119.0,135.0
96836,272.0,224.0,159.0,144.0
96837,274.0,118.0,149.0,152.0
96838,251.0,51.0,140.0,124.0
96839,251.0,114.0,151.0,146.0
96840,249.0,218.0,153.0,149.0
96841,237.0,97.0,128.0,135.0
96842,268.0,84.0,148.0,171.0
96843,249.0,125.0,130.0,132.0
96844,264.0,80.0,144.0,157.0
96845,239.0,107.0,128.0,134.0
96846,242.0,129.0,127.0,139.0
96847,255.0,134.0,148.0,145.0
96848,240.0,79.0,134.0,140.0
96849,253.0,111.0,145.0,126.0
96850,285.0,111.0,161.0,159.0
96851,239.0,122.0,132.0,138.0
96852,224.0,117.0,119.0,128.0
96853,250.0,139.0,151.0,154.0
96854,260.0,113.0,147.0,155.0
96855,240.0,163.0,135.0,143.0
96856,281.0,88.0,150.0,165.0
96857,267.0,240.0,150.0,146.0
96858,253.0,83.0,137.0,129.0
96859,259.0,125.0,150.0,146.0
96860,273.0,232.0,147.0,160.0
96861,252.0,211.0,137.0,152.0
96862,249.0,94.0,135.0,133.0
96863,234.0,125.0,130.0,124.0
96864,240.0,82.0,129.0,136.0
96865,242.0,79.0,126.0,129.0
96866,254.0,93.0,155.0,149.0
96867,246.0,196.0,133.0,142.0
96868,242.0,209.0,147.0,143.0
96869,251.0,157.0,142.0,162.0
96870,240.0,206.0,136.0,138.0
96871,239.0,76.0,138.0,138.0
96872,251.0,106.0,157.0,145.0
96873,253.0,104.0,134.0,157.0
96874,244.0,105.0,142.0,144.0
96875,265.0,91.0,152.0,151.0
96876,251.0,110.0,135.0,152.0
96877,257.0,140.0,144.0,142.0
96878,266.0,141.0,150.0,145.0
96879,257.0,108.0,138.0,128.0
96880,242.0,135.0,126.0,132.0
96881,243.0,87.0,128.0,139.0
96882,241.0,221.0,134.0,130.0
96883,255.0,54.0,146.0,155.0
96884,248.0,69.0,128.0,139.0
96885,227.0,78.0,110.0,117.0
96886,244.0,131.0,131.0,115.0
96887,280.0,126.0,153.0,158.0
96888,248.0,104.0,143.0,152.0
96889,268.0,175.0,146.0,152.0
96890,250.0,118.0,148.0,141.0
96891,282.0,136.0,158.0,171.0
96892,255.0,69.0,141.0,143.0
96893,241.0,132.0,124.0,131.0
96894,246.0,165.0,140.0,135.0
96895,234.0,76.0,145.0,130.0
96896,261.0,113.0,136.0,137.0
96897,237.0,115.0,131.0,132.0
96898,262.0,157.0,140.0,154.0
96899,235.0,121.0,136.0,124.0
96900,258.0,151.0,148.0,157.0
96901,235.0,131.0,125.0,148.0
96902,253.0,80.0,144.0,146.0
96903,234.0,99.0,134.0,128.0
96904,271.0,119.0,154.0,149.0
96905,240.0,75.0,136.0,137.0
96906,245.0,157.0,138.0,143.0
96907,254.0,87.0,144.0,147.0
96908,241.0,108.0,136.0,127.0
96909,221.0,102.0,132.0,123.0
96910,244.0,131.0,137.0,125.0
96911,258.0,125.0,156.0,136.0
96912,241.0,112.0,139.0,137.0
96913,257.0,149.0,134.0,146.0
96914,271.0,105.0,154.0,134.0
96915,264.0,104.0,141.0,125.0
96916,234.0,75.0,133.0,130.0
96917,238.0,211.0,144.0,130.0
96918,257.0,221.0,138.0,136.0
96919,236.0,109.0,132.0,125.0
96920,221.0,134.0,140.0,119.0
96921,258.0,90.0,160.0,153.0
96922,262.0,100.0,156.0,149.0
96923,266.0,106.0,142.0,154.0
96924,268.0,111.0,152.0,140.0
96925,250.0,71.0,134.0,128.0
96926,261.0,61.0,159.0,163.0
96927,249.0,90.0,125.0,140.0
96928,233.0,137.0,132.0,129.0
96929,248.0,111.0,122.0,151.0
96930,250.0,122.0,132.0,137.0
96931,253.0,114.0,138.0,143.0
96932,240.0,78.0,124.0,138.0
96933,266.0,132.0,149.0,135.0
96934,255.0,106.0,132.0,145.0
96935,250.0,111.0,133.0,141.0
96936,253.0,211.0,146.0,123.0
96937,245.0,136.0,137.0,131.0
96938,243.0,146.0,134.0,135.0
96939,232.0,130.0,143.0,132.0
96940,229.0,71.0,131.0,120.0
96941,280.0,131.0,157.0,153.0
96942,250.0,107.0,129.0,138.0
96943,247.0,214.0,143.0,140.0
96944,239.0,126.0,130.0,126.0
96945,230.0,96.0,129.0,133.0
96946,245.0,86.0,136.0,138.0
96947,261.0,120.0,163.0,148.0
96948,242.0,127.0,135.0,132.0
96949,243.0,126.0,145.0,135.0
96950,268.0,118.0,167.0,141.0
96951,264.0,127.0,149.0,149.0
96952,243.0,134.0,143.0,147.0
96953,241.0,121.0,125.0,138.0
96954,255.0,98.0,150.0,143.0
96955,256.0,100.0,144.0,146.0
96956,259.0,124.0,153.0,139.0
96957,258.0,119.0,145.0,152.0
96958,249.0,138.0,151.0,129.0
96959,248.0,97.0,139.0,138.0
96960,229.0,110.0,126.0,133.0
96961,259.0,190.0,162.0,130.0
96962,247.0,68.0,142.0,132.0
96963,247.0,136.0,124.0,129.0
96964,242.0,159.0,138.0,134.0
96965,253.0,109.0,122.0,142.0
96966,251.0,84.0,163.0,128.0
96967,251.0,86.0,131.0,143.0
96968,257.0,126.0,156.0,137.0
96969,237.0,203.0,142.0,138.0
96970,254.0,88.0,129.0,131.0
96971,240.0,92.0,133.0,146.0
96972,264.0,134.0,147.0,158.0
96973,249.0,169.0,130.0,141.0
96974,267.0,69.0,161.0,155.0
96975,247.0,97.0,141.0,144.0
96976,276.0,116.0,167.0,160.0
96977,244.0,152.0,134.0,134.0
96978,249.0,111.0,149.0,147.0
96979,238.0,150.0,136.0,127.0
96980,256.0,93.0,124.0,151.0
96981,223.0,65.0,145.0,125.0
96982,258.0,171.0,149.0,140.0
96983,224.0,76.0,138.0,128.0
96984,247.0,128.0,144.0,142.0
96985,263.0,223.0,148.0,151.0
96986,243.0,115.0,130.0,136.0
96987,266.0,115.0,151.0,142.0
96988,263.0,138.0,152.0,143.0
96989,214.0,106.0,136.0,126.0
96990,241.0,119.0,134.0,134.0
96991,272.0,78.0,150.0,154.0
96992,273.0,105.0,144.0,155.0
96993,258.0,121.0,145.0,141.0
96994,232.0,110.0,147.0,130.0
96995,242.0,61.0,149.0,129.0
96996,248.0,203.0,135.0,145.0
96997,277.0,98.0,162.0,162.0
96998,270.0,238.0,163.0,179.0
96999,250.0,133.0,139.0,140.0
97000,246.0,157.0,152.0,146.0
97001,241.0,154.0,141.0,137.0
97002,255.0,116.0,144.0,152.0
97003,281.0,102.0,172.0,144.0
97004,261.0,63.0,157.0,147.0
97005,252.0,105.0,142.0,137.0
97006,266.0,132.0,144.0,159.0
97007,253.0,139.0,155.0,131.0
97008,254.0,108.0,135.0,138.0
97009,280.0,102.0,156.0,165.0
97010,236.0,74.0,140.0,132.0
97011,254.0,236.0,139.0,137.0
97012,259.0,113.0,144.0,141.0
97013,240.0,150.0,133.0,123.0
97014,257.0,113.0,143.0,154.0
97015,269.0,179.0,163.0,160.0
97016,242.0,111.0,135.0,142.0
97017,228.0,76.0,135.0,131.0
97018,237.0,129.0,125.0,135.0
97019,232.0,144.0,128.0,137.0
97020,252.0,143.0,133.0,137.0
97021,238.0,124.0,122.0,147.0
97022,243.0,117.0,144.0,134.0
97023,251.0,114.0,155.0,143.0
97024,238.0,93.0,138.0,127.0
97025,249.0,129.0,148.0,134.0
97026,253.0,107.0,144.0,153.0
97027,240.0,145.0,124.0,146.0
97028,235.0,147.0,118.0,125.0
97029,261.0,147.0,119.0,154.0
97030,243.0,114.0,144.0,134.0
97031,260.0,155.0,143.0,138.0
97032,231.0,97.0,129.0,135.0
97033,253.0,116.0,135.0,149.0
97034,254.0,106.0,129.0,149.0
97035,238.0,92.0,136.0,138.0
97036,260.0,75.0,161.0,139.0
97037,260.0,130.0,139.0,155.0
97038,245.0,97.0,137.0,149.0
97039,270.0,92.0,146.0,162.0
97040,259.0,160.0,147.0,157.0
97041,263.0,118.0,138.0,148.0
97042,242.0,195.0,141.0,135.0
97043,213.0,159.0,125.0,122.0
97044,254.0,121.0,144.0,155.0
97045,260.0,158.0,156.0,157.0
97046,251.0,101.0,153.0,134.0
97047,229.0,147.0,135.0,149.0
97048,256.0,110.0,136.0,142.0
97049,247.0,104.0,135.0,133.0
97050,258.0,140.0,139.0,148.0
97051,258.0,90.0,150.0,146.0
97052,264.0,99.0,152.0,139.0
97053,259.0,126.0,137.0,139.0
97054,252.0,80.0,135.0,129.0
97055,258.0,92.0,125.0,141.0
97056,243.0,113.0,148.0,126.0
97057,246.0,98.0,135.0,130.0
97058,257.0,215.0,140.0,126.0
97059,241.0,152.0,133.0,134.0
97060,252.0,203.0,130.0,152.0
97061,235.0,113.0,127.0,128.0
97062,244.0,212.0,129.0,148.0
97063,260.0,110.0,148.0,150.0
97064,263.0,118.0,155.0,149.0
97065,253.0,79.0,158.0,136.0
97066,249.0,107.0,130.0,136.0
97067,254.0,107.0,140.0,134.0
97068,267.0,170.0,152.0,154.0
97069,243.0,104.0,147.0,148.0
97070,270.0,79.0,168.0,160.0
97071,242.0,79.0,123.0,140.0
97072,220.0,99.0,122.0,121.0
97073,239.0,118.0,134.0,136.0
97074,244.0,116.0,133.0,142.0
97075,259.0,139.0,146.0,140.0
97076,255.0,99.0,135.0,146.0
97077,240.0,120.0,132.0,131.0
97078,269.0,109.0,152.0,145.0
97079,251.0,76.0,146.0,147.0
97080,241.0,102.0,131.0,130.0
97081,240.0,114.0,125.0,126.0
97082,254.0,125.0,143.0,133.0
97083,245.0,96.0,148.0,142.0
97084,237.0,163.0,131.0,135.0
97085,233.0,104.0,121.0,144.0
97086,244.0,97.0,140.0,132.0
97087,263.0,193.0,141.0,155.0
97088,260.0,74.0,164.0,138.0
97089,263.0,120.0,140.0,158.0
97090,259.0,110.0,134.0,138.0
97091,251.0,124.0,149.0,129.0
97092,249.0,96.0,127.0,146.0
97093,259.0,106.0,169.0,147.0
97094,245.0,96.0,131.0,135.0
97095,263.0,100.0,144.0,139.0
97096,228.0,90.0,131.0,114.0
97097,254.0,205.0,145.0,145.0
97098,224.0,115.0,127.0,127.0
97099,238.0,120.0,133.0,133.0
97100,306.0,165.0,177.0,165.0
97101,270.0,223.0,148.0,162.0
97102,230.0,69.0,145.0,133.0
97103,250.0,161.0,138.0,135.0
97104,219.0,77.0,119.0,110.0
97105,236.0,116.0,126.0,128.0
97106,237.0,102.0,120.0,121.0
97107,235.0,104.0,124.0,141.0
97108,253.0,121.0,142.0,138.0
97109,266.0,87.0,139.0,150.0
97110,236.0,199.0,133.0,132.0
97111,251.0,95.0,136.0,143.0
97112,261.0,105.0,154.0,157.0
97113,238.0,90.0,136.0,135.0
97114,247.0,129.0,137.0,143.0
97115,268.0,130.0,144.0,159.0
97116,234.0,93.0,142.0,137.0
97117,251.0,98.0,129.0,147.0
97118,244.0,236.0,152.0,123.0
97119,252.0,94.0,137.0,128.0
97120,250.0,108.0,143.0,139.0
97121,242.0,206.0,155.0,134.0
97122,271.0,92.0,161.0,140.0
97123,254.0,72.0,157.0,146.0
97124,273.0,93.0,157.0,159.0
97125,245.0,83.0,129.0,144.0
97126,242.0,128.0,134.0,142.0
97127,246.0,126.0,140.0,144.0
97128,248.0,91.0,144.0,148.0
97129,243.0,126.0,139.0,142.0
97130,264.0,104.0,142.0,150.0
97131,265.0,123.0,133.0,149.0
97132,246.0,131.0,133.0,141.0
97133,252.0,86.0,137.0,151.0
97134,246.0,153.0,137.0,152.0
97135,248.0,124.0,145.0,129.0
97136,260.0,86.0,157.0,124.0
97137,262.0,107.0,152.0,132.0
97138,239.0,107.0,118.0,140.0
97139,241.0,206.0,126.0,128.0
97140,253.0,78.0,140.0,156.0
97141,250.0,128.0,134.0,123.0
97142,238.0,135.0,130.0,126.0
97143,248.0,151.0,150.0,147.0
97144,244.0,134.0,144.0,136.0
97145,241.0,133.0,138.0,132.0
97146,259.0,141.0,147.0,135.0
97147,252.0,79.0,130.0,143.0
97148,282.0,127.0,162.0,143.0
97149,261.0,118.0,138.0,146.0
97150,251.0,103.0,134.0,128.0
97151,255.0,123.0,158.0,143.0
97152,274.0,73.0,159.0,162.0
97153,249.0,96.0,141.0,134.0
97154,271.0,91.0,157.0,150.0
97155,249.0,126.0,143.0,140.0
97156,248.0,114.0,147.0,138.0
97157,256.0,119.0,150.0,147.0
97158,226.0,82.0,127.0,126.0
97159,244.0,179.0,137.0,142.0
97160,233.0,102.0,130.0,120.0
97161,240.0,79.0,145.0,143.0
97162,244.0,128.0,125.0,127.0
97163,228.0,128.0,136.0,142.0
97164,244.0,83.0,127.0,144.0
97165,235.0,119.0,139.0,140.0
97166,255.0,162.0,141.0,135.0
97167,258.0,187.0,145.0,136.0
97168,225.0,133.0,122.0,116.0
97169,238.0,120.0,147.0,124.0
97170,245.0,101.0,133.0,135.0
97171,253.0,99.0,132.0,146.0
97172,253.0,99.0,133.0,149.0
97173,246.0,139.0,134.0,133.0
97174,256.0,124.0,149.0,157.0
97175,245.0,209.0,147.0,126.0
97176,269.0,135.0,150.0,146.0
97177,247.0,153.0,143.0,144.0
97178,247.0,102.0,138.0,141.0
97179,256.0,85.0,152.0,142.0
97180,256.0,248.0,147.0,141.0
97181,245.0,85.0,135.0,143.0
97182,247.0,97.0,148.0,138.0
97183,252.0,97.0,127.0,131.0
97184,259.0,111.0,152.0,160.0
97185,259.0,76.0,135.0,151.0
97186,234.0,59.0,122.0,140.0
97187,245.0,99.0,132.0,139.0
97188,253.0,93.0,140.0,135.0
97189,237.0,114.0,134.0,141.0
97190,245.0,106.0,138.0,131.0
97191,261.0,123.0,155.0,150.0
97192,258.0,105.0,133.0,132.0
97193,247.0,107.0,132.0,150.0
97194,257.0,107.0,133.0,135.0
97195,260.0,84.0,141.0,151.0
97196,263.0,204.0,151.0,138.0
97197,240.0,116.0,133.0,141.0
97198,240.0,118.0,151.0,127.0
97199,224.0,75.0,124.0,126.0
97200,263.0,89.0,129.0,162.0
97201,237.0,100.0,142.0,143.0
97202,248.0,107.0,139.0,132.0
97203,268.0,107.0,159.0,156.0
97204,275.0,111.0,159.0,140.0
97205,284.0,127.0,156.0,142.0
97206,249.0,128.0,152.0,148.0
97207,247.0,94.0,133.0,148.0
97208,251.0,165.0,126.0,136.0
97209,255.0,123.0,141.0,146.0
97210,235.0,71.0,128.0,141.0
97211,258.0,60.0,153.0,143.0
97212,245.0,112.0,129.0,137.0
97213,236.0,111.0,125.0,141.0
97214,234.0,116.0,123.0,131.0
97215,257.0,102.0,139.0,137.0
97216,265.0,108.0,152.0,159.0
97217,229.0,93.0,134.0,140.0
97218,264.0,131.0,143.0,166.0
97219,260.0,125.0,131.0,150.0
97220,249.0,110.0,129.0,140.0
97221,255.0,111.0,150.0,152.0
97222,236.0,156.0,129.0,140.0
97223,241.0,143.0,146.0,139.0
97224,239.0,123.0,129.0,132.0
97225,256.0,67.0,154.0,144.0
97226,246.0,120.0,127.0,152.0
97227,275.0,146.0,150.0,165.0
97228,284.0,131.0,155.0,185.0
97229,263.0,141.0,153.0,145.0
97230,269.0,108.0,161.0,139.0
97231,259.0,200.0,145.0,143.0
97232,249.0,104.0,144.0,137.0
97233,239.0,97.0,128.0,120.0
97234,284.0,143.0,166.0,152.0
97235,243.0,65.0,127.0,139.0
97236,254.0,99.0,156.0,123.0
97237,239.0,112.0,140.0,135.0
97238,257.0,115.0,132.0,143.0
97239,255.0,155.0,143.0,151.0
97240,244.0,109.0,130.0,150.0
97241,267.0,128.0,141.0,151.0
97242,266.0,183.0,153.0,152.0
97243,241.0,151.0,138.0,145.0
97244,255.0,128.0,133.0,142.0
97245,250.0,123.0,134.0,128.0
97246,242.0,124.0,128.0,145.0
97247,235.0,86.0,137.0,129.0
97248,261.0,227.0,151.0,138.0
97249,272.0,160.0,143.0,164.0
97250,242.0,73.0,135.0,137.0
97251,251.0,104.0,148.0,137.0
97252,244.0,163.0,143.0,142.0
97253,260.0,128.0,145.0,145.0
97254,235.0,121.0,130.0,143.0
97255,248.0,247.0,140.0,149.0
97256,269.0,127.0,155.0,156.0
97257,240.0,238.0,121.0,134.0
97258,261.0,259.0,149.0,150.0
97259,259.0,182.0,133.0,143.0
97260,224.0,88.0,125.0,123.0
97261,239.0,98.0,119.0,137.0
97262,251.0,79.0,158.0,147.0
97263,269.0,107.0,156.0,149.0
97264,256.0,207.0,146.0,153.0
97265,269.0,245.0,151.0,152.0
97266,238.0,88.0,139.0,128.0
97267,252.0,75.0,147.0,151.0
97268,237.0,93.0,137.0,134.0
97269,241.0,104.0,145.0,134.0
97270,222.0,181.0,120.0,139.0
97271,273.0,142.0,150.0,154.0
97272,251.0,141.0,138.0,146.0
97273,257.0,61.0,136.0,144.0
97274,263.0,111.0,145.0,150.0
97275,256.0,139.0,136.0,132.0
97276,225.0,198.0,133.0,133.0
97277,244.0,74.0,140.0,144.0
97278,254.0,109.0,160.0,144.0
97279,260.0,70.0,140.0,148.0
97280,217.0,64.0,124.0,119.0
97281,240.0,112.0,133.0,146.0
97282,266.0,87.0,143.0,158.0
97283,225.0,109.0,123.0,126.0
97284,265.0,116.0,158.0,154.0
97285,263.0,127.0,147.0,142.0
97286,248.0,138.0,134.0,134.0
97287,246.0,91.0,130.0,122.0
97288,275.0,204.0,165.0,150.0
97289,254.0,85.0,124.0,134.0
97290,274.0,109.0,154.0,155.0
97291,256.0,135.0,140.0,139.0
97292,287.0,120.0,159.0,150.0
97293,246.0,51.0,152.0,143.0
97294,228.0,109.0,138.0,120.0
97295,257.0,123.0,152.0,142.0
97296,230.0,118.0,132.0,120.0
97297,268.0,128.0,136.0,153.0
97298,223.0,110.0,118.0,133.0
97299,278.0,130.0,148.0,157.0
97300,236.0,94.0,135.0,138.0
97301,255.0,147.0,145.0,142.0
97302,246.0,98.0,137.0,131.0
97303,261.0,103.0,156.0,152.0
97304,250.0,121.0,137.0,144.0
97305,249.0,114.0,136.0,133.0
97306,268.0,65.0,166.0,162.0
97307,247.0,102.0,123.0,128.0
97308,234.0,129.0,138.0,129.0
97309,230.0,93.0,130.0,135.0
97310,245.0,68.0,136.0,152.0
97311,245.0,219.0,147.0,136.0
97312,252.0,97.0,133.0,140.0
97313,254.0,106.0,145.0,152.0
97314,243.0,91.0,137.0,136.0
97315,251.0,77.0,137.0,142.0
97316,291.0,132.0,179.0,173.0
97317,238.0,78.0,119.0,138.0
97318,235.0,124.0,138.0,128.0
97319,248.0,125.0,146.0,143.0
97320,256.0,115.0,150.0,158.0
97321,253.0,109.0,138.0,162.0
97322,241.0,111.0,136.0,142.0
97323,234.0,172.0,137.0,137.0
97324,255.0,217.0,133.0,155.0
97325,227.0,117.0,121.0,115.0
97326,263.0,101.0,147.0,143.0
97327,263.0,120.0,145.0,160.0
97328,230.0,130.0,120.0,124.0
97329,274.0,170.0,153.0,136.0
97330,233.0,85.0,137.0,130.0
97331,234.0,153.0,129.0,123.0
97332,266.0,98.0,141.0,163.0
97333,264.0,257.0,137.0,141.0
97334,251.0,244.0,142.0,145.0
97335,268.0,79.0,143.0,145.0
97336,261.0,97.0,155.0,138.0
97337,256.0,130.0,148.0,146.0
97338,227.0,90.0,127.0,132.0
97339,263.0,146.0,159.0,149.0
97340,258.0,91.0,139.0,141.0
97341,240.0,105.0,142.0,143.0
97342,259.0,127.0,133.0,149.0
97343,232.0,89.0,115.0,147.0
97344,239.0,94.0,127.0,136.0
97345,232.0,115.0,128.0,129.0
97346,284.0,106.0,158.0,156.0
97347,249.0,105.0,149.0,149.0
97348,257.0,105.0,136.0,145.0
97349,275.0,176.0,170.0,150.0
97350,256.0,252.0,146.0,139.0
97351,241.0,88.0,128.0,138.0
97352,239.0,83.0,116.0,143.0
97353,240.0,110.0,143.0,150.0
97354,261.0,148.0,151.0,153.0
97355,258.0,113.0,130.0,142.0
97356,251.0,160.0,130.0,125.0
97357,224.0,77.0,131.0,116.0
97358,231.0,135.0,127.0,122.0
97359,238.0,76.0,116.0,138.0
97360,227.0,119.0,132.0,124.0
97361,228.0,102.0,120.0,108.0
97362,239.0,218.0,139.0,144.0
97363,231.0,104.0,131.0,123.0
97364,256.0,118.0,157.0,145.0
97365,224.0,142.0,118.0,118.0
97366,260.0,76.0,140.0,147.0
97367,248.0,116.0,137.0,134.0
97368,233.0,115.0,147.0,127.0
97369,235.0,142.0,130.0,130.0
97370,232.0,112.0,123.0,138.0
97371,251.0,148.0,153.0,141.0
97372,229.0,97.0,115.0,144.0
97373,263.0,101.0,148.0,138.0
97374,284.0,107.0,160.0,149.0
97375,266.0,145.0,134.0,161.0
97376,236.0,60.0,132.0,134.0
97377,265.0,162.0,146.0,142.0
97378,250.0,136.0,139.0,127.0
97379,249.0,99.0,145.0,135.0
97380,262.0,136.0,142.0,146.0
97381,268.0,133.0,137.0,139.0
97382,251.0,95.0,139.0,130.0
97383,256.0,98.0,134.0,154.0
97384,258.0,136.0,155.0,145.0
97385,240.0,75.0,141.0,140.0
97386,253.0,125.0,147.0,146.0
97387,237.0,179.0,126.0,135.0
97388,222.0,90.0,137.0,138.0
97389,251.0,135.0,120.0,133.0
97390,247.0,153.0,127.0,144.0
97391,267.0,146.0,161.0,153.0
97392,245.0,126.0,126.0,142.0
97393,260.0,171.0,134.0,156.0
97394,237.0,136.0,138.0,142.0
97395,260.0,81.0,156.0,140.0
97396,245.0,72.0,141.0,133.0
97397,257.0,116.0,133.0,132.0
97398,285.0,133.0,168.0,152.0
97399,229.0,96.0,136.0,133.0
97400,241.0,94.0,143.0,123.0
97401,232.0,88.0,118.0,138.0
97402,271.0,149.0,152.0,150.0
97403,264.0,159.0,157.0,148.0
97404,253.0,113.0,126.0,129.0
97405,250.0,121.0,140.0,139.0
97406,237.0,131.0,140.0,145.0
97407,261.0,164.0,151.0,142.0
97408,242.0,83.0,147.0,136.0
97409,283.0,129.0,162.0,164.0
97410,259.0,55.0,147.0,161.0
97411,252.0,126.0,137.0,141.0
97412,243.0,79.0,135.0,133.0
97413,271.0,103.0,172.0,155.0
97414,233.0,82.0,118.0,142.0
97415,229.0,110.0,128.0,117.0
97416,249.0,106.0,148.0,137.0
97417,215.0,72.0,111.0,131.0
97418,266.0,221.0,140.0,137.0
97419,245.0,135.0,152.0,138.0
97420,238.0,134.0,141.0,137.0
97421,241.0,94.0,136.0,138.0
97422,272.0,117.0,156.0,157.0
97423,238.0,118.0,148.0,138.0
97424,271.0,116.0,147.0,152.0
97425,270.0,109.0,136.0,147.0
97426,242.0,122.0,145.0,144.0
97427,262.0,94.0,166.0,145.0
97428,248.0,65.0,139.0,126.0
97429,241.0,78.0,149.0,140.0
97430,234.0,104.0,128.0,128.0
97431,246.0,73.0,123.0,133.0
97432,236.0,152.0,122.0,135.0
97433,249.0,92.0,132.0,122.0
97434,255.0,112.0,133.0,143.0
97435,274.0,121.0,133.0,145.0
97436,223.0,97.0,129.0,125.0
97437,267.0,116.0,144.0,148.0
97438,235.0,110.0,137.0,133.0
97439,256.0,142.0,129.0,142.0
97440,269.0,161.0,160.0,151.0
97441,256.0,98.0,149.0,147.0
97442,233.0,98.0,131.0,128.0
97443,260.0,153.0,147.0,139.0
97444,253.0,104.0,135.0,139.0
97445,252.0,119.0,133.0,142.0
97446,233.0,213.0,134.0,133.0
97447,246.0,76.0,158.0,133.0
97448,244.0,71.0,140.0,135.0
97449,262.0,125.0,158.0,144.0
97450,261.0,148.0,140.0,133.0
97451,246.0,218.0,148.0,146.0
97452,255.0,52.0,145.0,147.0
97453,236.0,142.0,139.0,115.0
97454,248.0,96.0,144.0,140.0
97455,268.0,91.0,142.0,146.0
97456,276.0,273.0,159.0,162.0
97457,239.0,98.0,122.0,140.0
97458,253.0,114.0,144.0,132.0
97459,278.0,110.0,150.0,157.0
97460,235.0,173.0,129.0,135.0
97461,260.0,222.0,141.0,129.0
97462,245.0,145.0,131.0,144.0
97463,258.0,249.0,144.0,155.0
97464,252.0,82.0,145.0,132.0
97465,256.0,130.0,138.0,124.0
97466,259.0,86.0,131.0,146.0
97467,266.0,176.0,148.0,142.0
97468,233.0,102.0,136.0,135.0
97469,263.0,127.0,152.0,156.0
97470,275.0,84.0,165.0,153.0
97471,249.0,91.0,128.0,138.0
97472,239.0,91.0,123.0,128.0
97473,268.0,110.0,168.0,139.0
97474,261.0,110.0,146.0,153.0
97475,238.0,100.0,147.0,133.0
97476,237.0,76.0,139.0,133.0
97477,250.0,107.0,134.0,124.0
97478,251.0,188.0,125.0,147.0
97479,263.0,123.0,155.0,145.0
97480,244.0,65.0,146.0,129.0
97481,256.0,105.0,147.0,134.0
97482,267.0,167.0,144.0,150.0
97483,252.0,103.0,139.0,151.0
97484,256.0,67.0,135.0,151.0
97485,258.0,134.0,144.0,146.0
97486,242.0,121.0,138.0,142.0
97487,250.0,92.0,137.0,141.0
97488,248.0,64.0,141.0,142.0
97489,235.0,121.0,136.0,129.0
97490,253.0,117.0,148.0,128.0
97491,249.0,153.0,142.0,154.0
97492,268.0,81.0,159.0,153.0
97493,231.0,134.0,121.0,121.0
97494,248.0,211.0,153.0,132.0
97495,246.0,114.0,141.0,130.0
97496,262.0,157.0,139.0,135.0
97497,242.0,132.0,147.0,134.0
97498,245.0,124.0,146.0,142.0
97499,252.0,128.0,148.0,122.0
97500,261.0,160.0,147.0,150.0
97501,224.0,90.0,119.0,125.0
97502,254.0,136.0,137.0,151.0
97503,227.0,65.0,135.0,144.0
97504,251.0,104.0,137.0,144.0
97505,227.0,124.0,130.0,122.0
97506,223.0,144.0,127.0,130.0
97507,239.0,60.0,137.0,134.0
97508,261.0,80.0,150.0,138.0
97509,250.0,117.0,121.0,135.0
97510,239.0,103.0,143.0,125.0
97511,278.0,98.0,172.0,152.0
97512,264.0,114.0,145.0,149.0
97513,265.0,128.0,169.0,147.0
97514,256.0,144.0,142.0,139.0
97515,243.0,193.0,143.0,125.0
97516,257.0,121.0,146.0,127.0
97517,284.0,161.0,146.0,150.0
97518,259.0,117.0,131.0,139.0
97519,245.0,65.0,133.0,135.0
97520,260.0,105.0,148.0,153.0
97521,253.0,142.0,140.0,144.0
97522,219.0,85.0,124.0,123.0
97523,263.0,125.0,137.0,152.0
97524,255.0,71.0,148.0,138.0
97525,250.0,111.0,147.0,144.0
97526,292.0,117.0,159.0,158.0
97527,283.0,123.0,170.0,146.0
97528,245.0,104.0,124.0,131.0
97529,247.0,89.0,141.0,139.0
97530,259.0,115.0,138.0,155.0
97531,269.0,117.0,140.0,155.0
97532,278.0,112.0,151.0,152.0
97533,265.0,138.0,158.0,134.0
97534,228.0,194.0,137.0,125.0
97535,237.0,129.0,142.0,128.0
97536,287.0,122.0,168.0,168.0
97537,266.0,248.0,153.0,147.0
97538,261.0,130.0,148.0,143.0
97539,278.0,111.0,156.0,158.0
97540,236.0,134.0,143.0,135.0
97541,232.0,100.0,138.0,124.0
97542,215.0,92.0,105.0,131.0
97543,249.0,104.0,128.0,151.0
97544,260.0,249.0,157.0,144.0
97545,247.0,134.0,124.0,146.0
97546,218.0,88.0,122.0,124.0
97547,240.0,107.0,134.0,132.0
97548,250.0,149.0,140.0,126.0
97549,273.0,101.0,152.0,155.0
97550,274.0,124.0,160.0,141.0
97551,253.0,118.0,162.0,141.0
97552,253.0,96.0,140.0,143.0
97553,248.0,87.0,141.0,120.0
97554,265.0,112.0,137.0,151.0
97555,247.0,205.0,144.0,146.0
97556,258.0,216.0,151.0,149.0
97557,257.0,194.0,126.0,136.0
97558,270.0,97.0,147.0,152.0
97559,235.0,144.0,124.0,135.0
97560,234.0,82.0,123.0,123.0
97561,233.0,124.0,129.0,130.0
97562,253.0,242.0,138.0,137.0
97563,260.0,131.0,149.0,147.0
97564,252.0,120.0,142.0,149.0
97565,268.0,251.0,163.0,149.0
97566,247.0,112.0,157.0,147.0
97567,284.0,101.0,158.0,157.0
97568,247.0,106.0,147.0,149.0
97569,242.0,93.0,144.0,140.0
97570,239.0,65.0,128.0,135.0
97571,273.0,134.0,150.0,147.0
97572,227.0,83.0,138.0,130.0
97573,265.0,90.0,145.0,163.0
97574,249.0,122.0,139.0,137.0
97575,268.0,76.0,143.0,150.0
97576,250.0,118.0,143.0,140.0
97577,255.0,114.0,135.0,144.0
97578,250.0,61.0,135.0,141.0
97579,252.0,230.0,161.0,161.0
97580,242.0,85.0,146.0,141.0
97581,244.0,204.0,133.0,138.0
97582,250.0,148.0,137.0,133.0
97583,246.0,101.0,134.0,121.0
97584,254.0,135.0,137.0,138.0
97585,248.0,122.0,123.0,137.0
97586,237.0,109.0,133.0,129.0
97587,259.0,237.0,143.0,154.0
97588,230.0,80.0,139.0,131.0
97589,263.0,136.0,132.0,154.0
97590,274.0,129.0,159.0,146.0
97591,239.0,202.0,133.0,141.0
97592,263.0,230.0,161.0,147.0
97593,267.0,118.0,141.0,149.0
97594,260.0,101.0,140.0,160.0
97595,252.0,125.0,142.0,135.0
97596,254.0,116.0,150.0,128.0
97597,261.0,108.0,148.0,150.0
97598,254.0,124.0,138.0,138.0
97599,259.0,131.0,149.0,147.0
97600,259.0,128.0,157.0,149.0
97601,256.0,96.0,153.0,138.0
97602,257.0,143.0,155.0,153.0
97603,243.0,108.0,150.0,157.0
97604,303.0,109.0,173.0,168.0
97605,252.0,89.0,136.0,147.0
97606,263.0,142.0,144.0,141.0
97607,267.0,124.0,144.0,155.0
97608,255.0,81.0,134.0,134.0
97609,244.0,97.0,143.0,140.0
97610,223.0,111.0,132.0,113.0
97611,240.0,214.0,159.0,150.0
97612,244.0,212.0,144.0,138.0
97613,248.0,70.0,153.0,143.0
97614,242.0,122.0,139.0,124.0
97615,247.0,96.0,136.0,140.0
97616,265.0,109.0,143.0,153.0
97617,275.0,135.0,158.0,148.0
97618,244.0,86.0,147.0,140.0
97619,289.0,248.0,171.0,183.0
97620,252.0,162.0,151.0,140.0
97621,239.0,93.0,131.0,126.0
97622,225.0,80.0,129.0,124.0
97623,230.0,101.0,125.0,124.0
97624,255.0,106.0,145.0,133.0
97625,241.0,102.0,140.0,125.0
97626,262.0,100.0,146.0,155.0
97627,242.0,117.0,136.0,133.0
97628,254.0,85.0,142.0,143.0
97629,262.0,94.0,151.0,139.0
97630,264.0,152.0,136.0,154.0
97631,253.0,102.0,140.0,153.0
97632,269.0,113.0,167.0,147.0
97633,264.0,120.0,148.0,145.0
97634,255.0,136.0,145.0,144.0
97635,241.0,90.0,128.0,128.0
97636,254.0,130.0,140.0,128.0
97637,262.0,141.0,145.0,132.0
97638,223.0,110.0,118.0,117.0
97639,258.0,126.0,158.0,153.0
97640,238.0,109.0,123.0,135.0
97641,237.0,197.0,144.0,128.0
97642,248.0,112.0,141.0,137.0
97643,257.0,128.0,123.0,156.0
97644,259.0,90.0,138.0,154.0
97645,229.0,69.0,130.0,125.0
97646,261.0,103.0,154.0,146.0
97647,262.0,142.0,161.0,136.0
97648,242.0,134.0,131.0,138.0
97649,277.0,240.0,156.0,151.0
97650,244.0,119.0,149.0,147.0
97651,269.0,86.0,147.0,137.0
97652,270.0,143.0,135.0,171.0
97653,268.0,63.0,149.0,156.0
97654,280.0,101.0,135.0,167.0
97655,234.0,71.0,135.0,120.0
97656,257.0,118.0,146.0,149.0
97657,230.0,65.0,126.0,130.0
97658,271.0,131.0,156.0,160.0
97659,276.0,107.0,157.0,144.0
97660,259.0,133.0,148.0,138.0
97661,248.0,101.0,155.0,143.0
97662,226.0,103.0,129.0,130.0
97663,261.0,147.0,149.0,133.0
97664,244.0,104.0,146.0,156.0
97665,263.0,166.0,160.0,137.0
97666,234.0,106.0,133.0,127.0
97667,269.0,160.0,145.0,159.0
97668,259.0,153.0,143.0,145.0
97669,238.0,93.0,133.0,129.0
97670,225.0,132.0,129.0,122.0
97671,272.0,66.0,146.0,153.0
97672,261.0,56.0,143.0,147.0
97673,268.0,97.0,150.0,131.0
97674,253.0,93.0,139.0,148.0
97675,241.0,95.0,144.0,137.0
97676,248.0,119.0,154.0,135.0
97677,260.0,78.0,136.0,132.0
97678,273.0,186.0,142.0,156.0
97679,263.0,131.0,144.0,143.0
97680,246.0,102.0,145.0,135.0
97681,240.0,135.0,122.0,144.0
97682,242.0,97.0,138.0,122.0
97683,254.0,135.0,144.0,141.0
97684,238.0,64.0,138.0,147.0
97685,277.0,120.0,154.0,162.0
97686,243.0,146.0,126.0,133.0
97687,253.0,112.0,138.0,144.0
97688,232.0,102.0,133.0,131.0
97689,252.0,139.0,158.0,142.0
97690,218.0,97.0,114.0,121.0
97691,222.0,76.0,123.0,125.0
97692,250.0,78.0,131.0,148.0
97693,253.0,121.0,137.0,131.0
97694,218.0,117.0,129.0,124.0
97695,246.0,115.0,138.0,152.0
97696,233.0,105.0,137.0,118.0
97697,239.0,106.0,118.0,133.0
97698,245.0,100.0,145.0,135.0
97699,259.0,135.0,140.0,140.0
97700,242.0,77.0,135.0,133.0
97701,267.0,90.0,146.0,144.0
97702,234.0,158.0,130.0,134.0
97703,224.0,112.0,120.0,128.0
97704,232.0,91.0,140.0,135.0
97705,251.0,140.0,137.0,144.0
97706,250.0,114.0,134.0,138.0
97707,230.0,85.0,134.0,116.0
97708,239.0,84.0,135.0,131.0
97709,247.0,115.0,153.0,143.0
97710,251.0,128.0,134.0,126.0
97711,251.0,91.0,142.0,151.0
97712,256.0,209.0,147.0,148.0
97713,248.0,107.0,127.0,147.0
97714,243.0,90.0,141.0,145.0
97715,256.0,119.0,140.0,133.0
97716,242.0,204.0,130.0,133.0
97717,252.0,214.0,125.0,151.0
97718,251.0,104.0,128.0,144.0
97719,241.0,103.0,137.0,141.0
97720,243.0,99.0,137.0,133.0
97721,253.0,106.0,136.0,136.0
97722,260.0,139.0,149.0,138.0
97723,257.0,95.0,140.0,170.0
97724,240.0,96.0,125.0,139.0
97725,250.0,116.0,138.0,138.0
97726,259.0,96.0,163.0,151.0
97727,260.0,146.0,137.0,151.0
97728,250.0,119.0,140.0,146.0
97729,263.0,105.0,140.0,151.0
97730,246.0,115.0,141.0,154.0
97731,256.0,99.0,143.0,138.0
97732,246.0,106.0,141.0,130.0
97733,238.0,94.0,145.0,133.0
97734,249.0,140.0,138.0,140.0
97735,262.0,113.0,143.0,153.0
97736,271.0,129.0,146.0,153.0
97737,246.0,119.0,128.0,148.0
97738,252.0,134.0,155.0,144.0
97739,240.0,212.0,108.0,133.0
97740,244.0,124.0,146.0,137.0
97741,245.0,144.0,125.0,135.0
97742,245.0,218.0,130.0,148.0
97743,249.0,167.0,136.0,145.0
97744,244.0,84.0,123.0,133.0
97745,239.0,89.0,144.0,132.0
97746,247.0,90.0,133.0,136.0
97747,239.0,74.0,145.0,123.0
97748,223.0,102.0,125.0,120.0
97749,257.0,86.0,142.0,138.0
97750,234.0,111.0,124.0,126.0
97751,257.0,89.0,146.0,158.0
97752,244.0,95.0,122.0,138.0
97753,244.0,135.0,147.0,143.0
97754,249.0,153.0,146.0,147.0
97755,234.0,101.0,139.0,139.0
97756,269.0,165.0,142.0,150.0
97757,262.0,119.0,139.0,140.0
97758,233.0,90.0,132.0,121.0
97759,255.0,108.0,142.0,143.0
97760,259.0,140.0,150.0,150.0
97761,261.0,96.0,141.0,158.0
97762,253.0,94.0,141.0,130.0
97763,244.0,137.0,145.0,139.0
97764,242.0,140.0,144.0,130.0
97765,255.0,127.0,153.0,144.0
97766,248.0,146.0,133.0,135.0
97767,227.0,83.0,110.0,125.0
97768,254.0,120.0,146.0,146.0
97769,253.0,158.0,140.0,126.0
97770,245.0,72.0,133.0,132.0
97771,264.0,96.0,144.0,156.0
97772,247.0,54.0,140.0,148.0
97773,248.0,55.0,149.0,145.0
97774,255.0,235.0,148.0,140.0
97775,240.0,103.0,145.0,136.0
97776,262.0,243.0,149.0,142.0
97777,249.0,105.0,141.0,139.0
97778,236.0,122.0,130.0,135.0
97779,262.0,205.0,153.0,152.0
97780,265.0,120.0,166.0,151.0
97781,253.0,104.0,153.0,151.0
97782,263.0,103.0,147.0,144.0
97783,244.0,96.0,128.0,144.0
97784,252.0,118.0,127.0,147.0
97785,250.0,84.0,132.0,139.0
97786,280.0,149.0,166.0,154.0
97787,263.0,110.0,142.0,150.0
97788,218.0,115.0,118.0,127.0
97789,254.0,49.0,127.0,144.0
97790,228.0,97.0,132.0,133.0
97791,237.0,100.0,133.0,130.0
97792,278.0,107.0,172.0,153.0
97793,222.0,209.0,126.0,124.0
97794,266.0,90.0,158.0,156.0
97795,247.0,140.0,129.0,137.0
97796,245.0,135.0,136.0,124.0
97797,247.0,238.0,152.0,139.0
97798,249.0,79.0,130.0,139.0
97799,259.0,168.0,137.0,141.0
97800,252.0,93.0,130.0,138.0
97801,268.0,110.0,143.0,167.0
97802,262.0,90.0,139.0,144.0
97803,253.0,150.0,139.0,159.0
97804,253.0,94.0,150.0,152.0
97805,259.0,79.0,141.0,139.0
97806,259.0,112.0,144.0,136.0
97807,266.0,115.0,159.0,157.0
97808,248.0,218.0,147.0,135.0
97809,232.0,94.0,132.0,143.0
97810,229.0,96.0,139.0,122.0
97811,247.0,121.0,153.0,139.0
97812,234.0,109.0,129.0,118.0
97813,229.0,108.0,129.0,136.0
97814,242.0,215.0,132.0,142.0
97815,239.0,84.0,127.0,149.0
97816,271.0,215.0,160.0,146.0
97817,266.0,153.0,148.0,148.0
97818,257.0,137.0,147.0,147.0
97819,243.0,166.0,141.0,139.0
97820,263.0,141.0,144.0,151.0
97821,241.0,70.0,140.0,129.0
97822,258.0,98.0,151.0,145.0
97823,249.0,81.0,136.0,136.0
97824,257.0,126.0,140.0,142.0
97825,232.0,76.0,132.0,125.0
97826,230.0,99.0,106.0,135.0
97827,258.0,236.0,133.0,149.0
97828,234.0,193.0,137.0,129.0
97829,255.0,152.0,140.0,136.0
97830,261.0,223.0,136.0,151.0
97831,258.0,109.0,133.0,149.0
97832,222.0,66.0,149.0,124.0
97833,264.0,110.0,145.0,148.0
97834,256.0,131.0,162.0,151.0
97835,234.0,152.0,137.0,142.0
97836,259.0,129.0,150.0,156.0
97837,257.0,143.0,143.0,138.0
97838,228.0,89.0,122.0,128.0
97839,240.0,93.0,126.0,130.0
97840,241.0,136.0,129.0,132.0
97841,252.0,116.0,143.0,137.0
97842,271.0,125.0,160.0,155.0
97843,257.0,143.0,136.0,136.0
97844,268.0,92.0,157.0,159.0
97845,250.0,100.0,143.0,133.0
97846,241.0,122.0,132.0,139.0
97847,241.0,111.0,137.0,133.0
97848,241.0,113.0,130.0,146.0
97849,253.0,79.0,150.0,144.0
97850,264.0,135.0,149.0,141.0
97851,269.0,152.0,140.0,148.0
97852,240.0,167.0,125.0,136.0
97853,260.0,168.0,136.0,138.0
97854,245.0,87.0,136.0,150.0
97855,230.0,129.0,131.0,134.0
97856,247.0,87.0,131.0,125.0
97857,254.0,140.0,141.0,134.0
97858,237.0,78.0,143.0,143.0
97859,247.0,68.0,130.0,141.0
97860,253.0,104.0,132.0,137.0
97861,262.0,81.0,145.0,146.0
97862,278.0,161.0,159.0,142.0
97863,256.0,90.0,147.0,156.0
97864,246.0,96.0,147.0,131.0
97865,236.0,63.0,137.0,133.0
97866,260.0,127.0,154.0,149.0
97867,241.0,110.0,135.0,124.0
97868,246.0,119.0,140.0,144.0
97869,246.0,74.0,143.0,146.0
97870,233.0,78.0,144.0,133.0
97871,222.0,103.0,126.0,128.0
97872,249.0,93.0,138.0,140.0
97873,257.0,124.0,135.0,149.0
97874,235.0,111.0,122.0,127.0
97875,238.0,116.0,134.0,132.0
97876,268.0,118.0,148.0,158.0
97877,226.0,80.0,126.0,128.0
97878,239.0,63.0,136.0,138.0
97879,246.0,92.0,134.0,144.0
97880,280.0,167.0,151.0,147.0
97881,256.0,110.0,150.0,126.0
97882,272.0,130.0,150.0,153.0
97883,265.0,130.0,148.0,143.0
97884,270.0,126.0,138.0,146.0
97885,267.0,94.0,146.0,140.0
97886,250.0,152.0,136.0,134.0
97887,254.0,167.0,129.0,141.0
97888,232.0,85.0,134.0,118.0
97889,250.0,126.0,137.0,137.0
97890,235.0,105.0,128.0,139.0
97891,272.0,91.0,164.0,164.0
97892,258.0,111.0,138.0,153.0
97893,258.0,97.0,154.0,135.0
97894,248.0,172.0,150.0,140.0
97895,254.0,158.0,145.0,140.0
97896,255.0,114.0,133.0,155.0
97897,251.0,124.0,147.0,153.0
97898,270.0,120.0,155.0,157.0
97899,250.0,76.0,152.0,150.0
97900,239.0,107.0,151.0,137.0
97901,240.0,91.0,137.0,147.0
97902,234.0,83.0,135.0,130.0
97903,236.0,107.0,122.0,143.0
97904,268.0,77.0,157.0,144.0
97905,257.0,86.0,148.0,149.0
97906,262.0,140.0,145.0,145.0
97907,233.0,100.0,133.0,132.0
97908,289.0,199.0,172.0,171.0
97909,241.0,78.0,151.0,134.0
97910,246.0,93.0,145.0,131.0
97911,238.0,94.0,138.0,133.0
97912,261.0,128.0,139.0,139.0
97913,276.0,101.0,155.0,141.0
97914,237.0,158.0,138.0,150.0
97915,253.0,58.0,137.0,132.0
97916,270.0,132.0,140.0,147.0
97917,243.0,138.0,149.0,143.0
97918,249.0,99.0,137.0,140.0
97919,235.0,137.0,129.0,142.0
97920,236.0,83.0,146.0,140.0
97921,264.0,129.0,146.0,150.0
97922,249.0,129.0,161.0,126.0
97923,262.0,174.0,140.0,147.0
97924,262.0,124.0,141.0,141.0
97925,232.0,133.0,127.0,141.0
97926,266.0,108.0,139.0,159.0
97927,237.0,83.0,137.0,111.0
97928,245.0,111.0,126.0,133.0
97929,267.0,113.0,146.0,148.0
97930,240.0,67.0,143.0,141.0
97931,254.0,85.0,138.0,139.0
97932,269.0,106.0,151.0,159.0
97933,238.0,82.0,119.0,132.0
97934,252.0,104.0,127.0,148.0
97935,258.0,81.0,163.0,140.0
97936,259.0,84.0,151.0,146.0
97937,249.0,58.0,144.0,136.0
97938,257.0,226.0,144.0,139.0
97939,237.0,156.0,136.0,123.0
97940,257.0,105.0,143.0,148.0
97941,247.0,120.0,142.0,150.0
97942,257.0,117.0,138.0,142.0
97943,238.0,133.0,140.0,132.0
97944,272.0,133.0,150.0,156.0
97945,260.0,135.0,133.0,149.0
97946,254.0,241.0,150.0,150.0
97947,246.0,96.0,139.0,143.0
97948,252.0,93.0,146.0,152.0
97949,276.0,97.0,157.0,162.0
97950,261.0,119.0,135.0,143.0
97951,245.0,99.0,131.0,133.0
97952,243.0,129.0,146.0,138.0
97953,255.0,137.0,136.0,160.0
97954,274.0,168.0,149.0,156.0
97955,263.0,114.0,147.0,148.0
97956,248.0,134.0,134.0,139.0
97957,220.0,119.0,128.0,126.0
97958,245.0,126.0,136.0,138.0
97959,262.0,117.0,142.0,143.0
97960,273.0,131.0,155.0,134.0
97961,259.0,112.0,151.0,148.0
97962,253.0,94.0,145.0,153.0
97963,264.0,140.0,150.0,148.0
97964,254.0,102.0,153.0,135.0
97965,243.0,97.0,146.0,122.0
97966,263.0,115.0,151.0,152.0
97967,253.0,122.0,133.0,141.0
97968,245.0,76.0,133.0,130.0
97969,244.0,38.0,142.0,128.0
97970,243.0,125.0,121.0,143.0
97971,245.0,116.0,123.0,131.0
97972,242.0,120.0,137.0,130.0
97973,264.0,92.0,154.0,144.0
97974,252.0,96.0,138.0,137.0
97975,259.0,89.0,140.0,144.0
97976,265.0,146.0,148.0,145.0
97977,267.0,101.0,144.0,151.0
97978,217.0,90.0,124.0,120.0
97979,250.0,58.0,144.0,124.0
97980,269.0,126.0,147.0,153.0
97981,260.0,133.0,158.0,133.0
97982,249.0,132.0,121.0,140.0
97983,247.0,109.0,140.0,151.0
97984,267.0,204.0,148.0,143.0
97985,250.0,136.0,143.0,155.0
97986,244.0,92.0,129.0,141.0
97987,238.0,118.0,132.0,134.0
97988,237.0,149.0,144.0,131.0
97989,235.0,102.0,147.0,137.0
97990,240.0,216.0,130.0,135.0
97991,251.0,130.0,159.0,132.0
97992,255.0,202.0,147.0,151.0
97993,247.0,81.0,135.0,139.0
97994,244.0,98.0,143.0,127.0
97995,229.0,107.0,130.0,128.0
97996,225.0,72.0,142.0,129.0
97997,225.0,187.0,121.0,123.0
97998,243.0,89.0,135.0,147.0
97999,243.0,131.0,143.0,154.0
98000,216.0,147.0,108.0,126.0
98001,262.0,80.0,140.0,150.0
98002,268.0,130.0,138.0,146.0
98003,235.0,87.0,148.0,112.0
98004,259.0,78.0,137.0,144.0
98005,260.0,124.0,143.0,153.0
98006,259.0,93.0,152.0,144.0
98007,256.0,103.0,150.0,144.0
98008,259.0,172.0,148.0,157.0
98009,264.0,78.0,135.0,144.0
98010,236.0,99.0,132.0,126.0
98011,228.0,104.0,126.0,119.0
98012,236.0,108.0,145.0,133.0
98013,256.0,119.0,142.0,150.0
98014,268.0,159.0,159.0,148.0
98015,243.0,127.0,139.0,134.0
98016,244.0,105.0,137.0,153.0
98017,245.0,97.0,136.0,127.0
98018,235.0,168.0,129.0,125.0
98019,248.0,68.0,136.0,148.0
98020,239.0,96.0,152.0,126.0
98021,266.0,123.0,159.0,154.0
98022,249.0,124.0,142.0,143.0
98023,255.0,124.0,145.0,137.0
98024,251.0,124.0,144.0,143.0
98025,258.0,133.0,134.0,140.0
98026,284.0,118.0,167.0,164.0
98027,233.0,128.0,112.0,143.0
98028,252.0,132.0,139.0,131.0
98029,232.0,85.0,136.0,126.0
98030,242.0,142.0,142.0,135.0
98031,242.0,89.0,137.0,136.0
98032,257.0,131.0,152.0,149.0
98033,258.0,97.0,153.0,144.0
98034,271.0,201.0,148.0,161.0
98035,254.0,156.0,145.0,130.0
98036,264.0,111.0,157.0,151.0
98037,241.0,143.0,136.0,136.0
98038,233.0,84.0,127.0,138.0
98039,233.0,102.0,129.0,137.0
98040,279.0,108.0,160.0,157.0
98041,269.0,97.0,148.0,129.0
98042,238.0,127.0,147.0,127.0
98043,267.0,233.0,156.0,157.0
98044,261.0,203.0,144.0,140.0
98045,241.0,75.0,132.0,130.0
98046,243.0,109.0,135.0,139.0
98047,216.0,78.0,127.0,123.0
98048,260.0,127.0,139.0,135.0
98049,226.0,83.0,121.0,129.0
98050,242.0,85.0,135.0,150.0
98051,263.0,141.0,133.0,140.0
98052,251.0,100.0,141.0,122.0
98053,237.0,113.0,139.0,134.0
98054,264.0,105.0,141.0,138.0
98055,249.0,154.0,129.0,153.0
98056,229.0,74.0,119.0,129.0
98057,244.0,139.0,138.0,134.0
98058,247.0,126.0,138.0,133.0
98059,255.0,118.0,134.0,154.0
98060,244.0,96.0,134.0,131.0
98061,254.0,111.0,137.0,144.0
98062,238.0,125.0,135.0,138.0
98063,234.0,202.0,142.0,115.0
98064,247.0,129.0,145.0,135.0
98065,243.0,147.0,136.0,142.0
98066,246.0,135.0,140.0,129.0
98067,237.0,110.0,127.0,141.0
98068,264.0,133.0,154.0,140.0
98069,254.0,198.0,144.0,135.0
98070,239.0,122.0,133.0,138.0
98071,253.0,125.0,139.0,147.0
98072,245.0,151.0,139.0,147.0
98073,241.0,204.0,134.0,131.0
98074,261.0,82.0,131.0,154.0
98075,263.0,97.0,156.0,136.0
98076,259.0,177.0,133.0,145.0
98077,251.0,95.0,135.0,145.0
98078,239.0,110.0,130.0,138.0
98079,264.0,110.0,160.0,138.0
98080,240.0,108.0,131.0,134.0
98081,242.0,49.0,145.0,133.0
98082,251.0,222.0,137.0,134.0
98083,255.0,164.0,137.0,138.0
98084,275.0,119.0,141.0,156.0
98085,257.0,225.0,164.0,131.0
98086,264.0,232.0,156.0,131.0
98087,243.0,111.0,153.0,137.0
98088,245.0,95.0,149.0,120.0
98089,251.0,154.0,153.0,127.0
98090,283.0,145.0,149.0,161.0
98091,255.0,72.0,134.0,140.0
98092,261.0,215.0,164.0,127.0
98093,248.0,123.0,147.0,145.0
98094,234.0,150.0,141.0,139.0
98095,262.0,100.0,133.0,151.0
98096,229.0,100.0,124.0,121.0
98097,234.0,109.0,133.0,137.0
98098,238.0,142.0,125.0,142.0
98099,275.0,138.0,165.0,161.0
98100,257.0,77.0,147.0,150.0
98101,259.0,77.0,151.0,144.0
98102,250.0,86.0,128.0,150.0
98103,231.0,120.0,133.0,130.0
98104,223.0,81.0,120.0,123.0
98105,237.0,83.0,136.0,129.0
98106,248.0,95.0,144.0,143.0
98107,243.0,107.0,129.0,131.0
98108,250.0,119.0,138.0,137.0
98109,255.0,121.0,142.0,142.0
98110,216.0,179.0,137.0,122.0
98111,267.0,129.0,144.0,162.0
98112,245.0,74.0,136.0,140.0
98113,236.0,90.0,133.0,133.0
98114,214.0,92.0,128.0,131.0
98115,249.0,96.0,131.0,131.0
98116,246.0,83.0,158.0,134.0
98117,241.0,118.0,145.0,123.0
98118,230.0,76.0,135.0,123.0
98119,246.0,67.0,136.0,133.0
98120,245.0,137.0,148.0,128.0
98121,266.0,129.0,155.0,148.0
98122,244.0,125.0,140.0,142.0
98123,247.0,87.0,144.0,136.0
98124,234.0,102.0,132.0,114.0
98125,259.0,136.0,151.0,128.0
98126,265.0,87.0,144.0,153.0
98127,249.0,71.0,135.0,135.0
98128,256.0,135.0,140.0,151.0
98129,233.0,120.0,119.0,145.0
98130,274.0,140.0,153.0,148.0
98131,260.0,96.0,144.0,133.0
98132,252.0,93.0,133.0,157.0
98133,241.0,127.0,138.0,140.0
98134,231.0,66.0,130.0,121.0
98135,274.0,111.0,155.0,151.0
98136,241.0,112.0,128.0,135.0
98137,261.0,241.0,158.0,149.0
98138,229.0,106.0,132.0,125.0
98139,259.0,123.0,141.0,154.0
98140,228.0,95.0,136.0,133.0
98141,268.0,107.0,151.0,166.0
98142,236.0,112.0,136.0,143.0
98143,258.0,114.0,149.0,147.0
98144,239.0,122.0,139.0,136.0
98145,230.0,203.0,126.0,133.0
98146,274.0,144.0,148.0,152.0
98147,271.0,105.0,156.0,152.0
98148,249.0,125.0,154.0,146.0
98149,259.0,78.0,154.0,156.0
98150,229.0,84.0,122.0,136.0
98151,260.0,121.0,139.0,153.0
98152,252.0,93.0,128.0,124.0
98153,240.0,109.0,124.0,131.0
98154,266.0,114.0,146.0,161.0
98155,263.0,155.0,154.0,162.0
98156,237.0,93.0,134.0,123.0
98157,241.0,115.0,139.0,135.0
98158,258.0,112.0,146.0,147.0
98159,243.0,130.0,126.0,141.0
98160,254.0,108.0,123.0,142.0
98161,226.0,192.0,126.0,134.0
98162,256.0,113.0,128.0,146.0
98163,266.0,160.0,141.0,136.0
98164,242.0,47.0,150.0,139.0
98165,268.0,153.0,138.0,160.0
98166,256.0,230.0,152.0,149.0
98167,263.0,91.0,160.0,146.0
98168,265.0,139.0,151.0,137.0
98169,249.0,81.0,134.0,146.0
98170,236.0,125.0,120.0,118.0
98171,240.0,130.0,133.0,140.0
98172,227.0,126.0,130.0,131.0
98173,239.0,71.0,127.0,138.0
98174,274.0,240.0,152.0,150.0
98175,242.0,71.0,156.0,136.0
98176,240.0,107.0,131.0,124.0
98177,252.0,93.0,143.0,136.0
98178,231.0,138.0,126.0,135.0
98179,258.0,112.0,143.0,144.0
98180,237.0,93.0,130.0,126.0
98181,229.0,84.0,124.0,129.0
98182,247.0,92.0,141.0,145.0
98183,245.0,156.0,134.0,143.0
98184,262.0,184.0,145.0,127.0
98185,236.0,100.0,132.0,133.0
98186,267.0,119.0,150.0,148.0
98187,285.0,248.0,160.0,158.0
98188,266.0,131.0,133.0,142.0
98189,242.0,215.0,127.0,139.0
98190,240.0,109.0,131.0,136.0
98191,243.0,194.0,142.0,119.0
98192,261.0,212.0,144.0,153.0
98193,236.0,74.0,126.0,132.0
98194,252.0,140.0,138.0,142.0
98195,256.0,104.0,135.0,142.0
98196,247.0,150.0,136.0,141.0
98197,224.0,139.0,125.0,126.0
98198,233.0,96.0,127.0,132.0
98199,259.0,159.0,159.0,143.0
98200,241.0,211.0,129.0,132.0
98201,240.0,136.0,125.0,145.0
98202,260.0,221.0,165.0,148.0
98203,236.0,99.0,132.0,143.0
98204,239.0,108.0,127.0,152.0
98205,248.0,199.0,135.0,138.0
98206,224.0,105.0,130.0,132.0
98207,241.0,114.0,143.0,139.0
98208,248.0,107.0,150.0,142.0
98209,235.0,88.0,136.0,151.0
98210,236.0,110.0,127.0,137.0
98211,236.0,116.0,125.0,127.0
98212,284.0,111.0,152.0,164.0
98213,254.0,123.0,143.0,147.0
98214,279.0,127.0,157.0,155.0
98215,240.0,129.0,128.0,136.0
98216,245.0,146.0,156.0,136.0
98217,247.0,119.0,136.0,124.0
98218,247.0,99.0,133.0,150.0
98219,230.0,111.0,135.0,126.0
98220,238.0,112.0,124.0,121.0
98221,249.0,114.0,129.0,133.0
98222,244.0,135.0,123.0,120.0
98223,235.0,200.0,137.0,126.0
98224,253.0,106.0,145.0,131.0
98225,273.0,89.0,164.0,143.0
98226,248.0,119.0,137.0,130.0
98227,256.0,107.0,142.0,153.0
98228,251.0,94.0,141.0,132.0
98229,216.0,129.0,129.0,111.0
98230,288.0,139.0,149.0,165.0
98231,238.0,137.0,132.0,121.0
98232,264.0,85.0,160.0,149.0
98233,253.0,160.0,148.0,145.0
98234,248.0,216.0,140.0,162.0
98235,231.0,198.0,132.0,133.0
98236,263.0,231.0,150.0,149.0
98237,247.0,107.0,143.0,142.0
98238,263.0,89.0,164.0,159.0
98239,265.0,68.0,155.0,154.0
98240,244.0,122.0,133.0,136.0
98241,247.0,120.0,139.0,123.0
98242,247.0,116.0,125.0,138.0
98243,259.0,113.0,156.0,137.0
98244,249.0,139.0,146.0,139.0
98245,260.0,107.0,152.0,157.0
98246,231.0,104.0,125.0,139.0
98247,239.0,142.0,130.0,143.0
98248,263.0,183.0,168.0,152.0
98249,256.0,89.0,137.0,149.0
98250,262.0,89.0,156.0,146.0
98251,246.0,128.0,140.0,128.0
98252,231.0,92.0,126.0,127.0
98253,238.0,73.0,121.0,124.0
98254,255.0,83.0,134.0,134.0
98255,236.0,110.0,136.0,135.0
98256,235.0,95.0,138.0,132.0
98257,227.0,102.0,119.0,127.0
98258,250.0,129.0,138.0,140.0
98259,261.0,84.0,148.0,149.0
98260,237.0,148.0,135.0,134.0
98261,258.0,110.0,148.0,141.0
98262,243.0,136.0,144.0,135.0
98263,249.0,126.0,132.0,142.0
98264,246.0,121.0,131.0,123.0
98265,233.0,146.0,146.0,125.0
98266,240.0,110.0,127.0,140.0
98267,248.0,87.0,126.0,134.0
98268,246.0,142.0,127.0,139.0
98269,242.0,76.0,131.0,133.0
98270,243.0,86.0,140.0,139.0
98271,249.0,118.0,143.0,148.0
98272,252.0,236.0,135.0,139.0
98273,227.0,98.0,120.0,121.0
98274,246.0,87.0,139.0,161.0
98275,265.0,156.0,151.0,142.0
98276,267.0,158.0,141.0,139.0
98277,270.0,153.0,151.0,156.0
98278,270.0,138.0,154.0,160.0
98279,251.0,126.0,123.0,135.0
98280,241.0,109.0,139.0,126.0
98281,255.0,204.0,143.0,144.0
98282,267.0,146.0,148.0,164.0
98283,242.0,105.0,127.0,142.0
98284,250.0,105.0,137.0,144.0
98285,255.0,85.0,161.0,150.0
98286,231.0,103.0,128.0,137.0
98287,261.0,83.0,153.0,134.0
98288,248.0,70.0,141.0,151.0
98289,268.0,137.0,157.0,145.0
98290,228.0,86.0,119.0,146.0
98291,261.0,110.0,144.0,151.0
98292,248.0,136.0,144.0,137.0
98293,246.0,68.0,135.0,117.0
98294,252.0,161.0,144.0,158.0
98295,262.0,121.0,155.0,136.0
98296,237.0,92.0,133.0,128.0
98297,227.0,86.0,140.0,118.0
98298,242.0,181.0,132.0,126.0
98299,251.0,132.0,154.0,159.0
98300,256.0,113.0,132.0,137.0
98301,224.0,197.0,126.0,144.0
98302,198.0,112.0,105.0,123.0
98303,257.0,111.0,142.0,145.0
98304,267.0,104.0,162.0,149.0
98305,261.0,117.0,138.0,130.0
98306,256.0,163.0,139.0,133.0
98307,228.0,133.0,139.0,118.0
98308,248.0,135.0,153.0,126.0
98309,250.0,98.0,154.0,137.0
98310,246.0,122.0,127.0,138.0
98311,260.0,105.0,142.0,147.0
98312,264.0,117.0,164.0,150.0
98313,249.0,112.0,142.0,148.0
98314,263.0,124.0,159.0,148.0
98315,264.0,105.0,158.0,158.0
98316,277.0,122.0,165.0,161.0
98317,219.0,133.0,120.0,139.0
98318,247.0,140.0,135.0,147.0
98319,232.0,104.0,125.0,133.0
98320,253.0,135.0,152.0,146.0
98321,213.0,118.0,126.0,121.0
98322,262.0,154.0,149.0,140.0
98323,259.0,228.0,137.0,153.0
98324,233.0,60.0,129.0,129.0
98325,226.0,130.0,122.0,130.0
98326,273.0,105.0,152.0,154.0
98327,268.0,164.0,143.0,164.0
98328,266.0,103.0,156.0,139.0
98329,247.0,78.0,138.0,124.0
98330,236.0,116.0,140.0,130.0
98331,241.0,211.0,134.0,137.0
98332,250.0,119.0,144.0,132.0
98333,228.0,133.0,126.0,126.0
98334,252.0,98.0,144.0,148.0
98335,219.0,83.0,117.0,118.0
98336,261.0,72.0,155.0,150.0
98337,249.0,86.0,136.0,147.0
98338,268.0,206.0,162.0,166.0
98339,262.0,140.0,159.0,152.0
98340,244.0,120.0,119.0,128.0
98341,263.0,137.0,145.0,151.0
98342,252.0,181.0,143.0,135.0
98343,265.0,114.0,146.0,150.0
98344,248.0,138.0,150.0,139.0
98345,228.0,94.0,141.0,134.0
98346,242.0,87.0,126.0,148.0
98347,245.0,98.0,139.0,131.0
98348,219.0,105.0,132.0,134.0
98349,223.0,116.0,129.0,119.0
98350,209.0,152.0,104.0,117.0
98351,249.0,115.0,132.0,147.0
98352,254.0,104.0,146.0,140.0
98353,242.0,91.0,145.0,133.0
98354,253.0,133.0,135.0,144.0
98355,253.0,113.0,114.0,145.0
98356,276.0,149.0,150.0,148.0
98357,260.0,116.0,141.0,149.0
98358,254.0,117.0,145.0,156.0
98359,250.0,141.0,150.0,132.0
98360,241.0,113.0,145.0,148.0
98361,233.0,82.0,148.0,134.0
98362,248.0,90.0,149.0,134.0
98363,233.0,132.0,117.0,132.0
98364,250.0,95.0,143.0,158.0
98365,247.0,218.0,132.0,131.0
98366,251.0,109.0,142.0,152.0
98367,249.0,62.0,148.0,148.0
98368,283.0,114.0,161.0,157.0
98369,251.0,132.0,141.0,131.0
98370,252.0,217.0,149.0,133.0
98371,263.0,123.0,151.0,160.0
98372,225.0,105.0,127.0,134.0
98373,238.0,106.0,121.0,139.0
98374,255.0,124.0,121.0,151.0
98375,263.0,54.0,157.0,143.0
98376,250.0,118.0,146.0,149.0
98377,249.0,121.0,130.0,160.0
98378,271.0,111.0,151.0,156.0
98379,246.0,165.0,142.0,137.0
98380,251.0,135.0,133.0,133.0
98381,248.0,50.0,146.0,136.0
98382,255.0,84.0,125.0,125.0
98383,255.0,79.0,144.0,146.0
98384,255.0,171.0,165.0,136.0
98385,250.0,138.0,131.0,140.0
98386,250.0,89.0,151.0,143.0
98387,268.0,144.0,151.0,147.0
98388,266.0,84.0,132.0,143.0
98389,248.0,220.0,148.0,138.0
98390,235.0,90.0,130.0,142.0
98391,233.0,125.0,136.0,154.0
98392,246.0,93.0,147.0,142.0
98393,242.0,119.0,138.0,136.0
98394,221.0,95.0,132.0,124.0
98395,231.0,87.0,138.0,122.0
98396,252.0,170.0,150.0,134.0
98397,261.0,123.0,129.0,152.0
98398,276.0,166.0,161.0,141.0
98399,256.0,119.0,143.0,166.0
98400,238.0,98.0,142.0,142.0
98401,258.0,136.0,153.0,160.0
98402,239.0,110.0,117.0,132.0
98403,259.0,69.0,144.0,159.0
98404,231.0,124.0,125.0,135.0
98405,241.0,219.0,128.0,133.0
98406,229.0,207.0,120.0,140.0
98407,265.0,112.0,168.0,152.0
98408,244.0,87.0,126.0,123.0
98409,274.0,97.0,146.0,143.0
98410,266.0,113.0,156.0,159.0
98411,239.0,82.0,130.0,138.0
98412,238.0,113.0,146.0,131.0
98413,261.0,109.0,139.0,151.0
98414,256.0,106.0,152.0,147.0
98415,243.0,123.0,131.0,137.0
98416,255.0,151.0,149.0,163.0
98417,249.0,140.0,146.0,140.0
98418,248.0,73.0,134.0,142.0
98419,256.0,101.0,151.0,138.0
98420,243.0,89.0,120.0,139.0
98421,233.0,95.0,132.0,137.0
98422,255.0,127.0,132.0,145.0
98423,239.0,88.0,134.0,138.0
98424,260.0,103.0,143.0,148.0
98425,259.0,127.0,166.0,150.0
98426,246.0,130.0,138.0,145.0
98427,243.0,136.0,149.0,157.0
98428,236.0,75.0,129.0,136.0
98429,242.0,138.0,128.0,138.0
98430,238.0,104.0,139.0,131.0
98431,249.0,93.0,137.0,136.0
98432,268.0,127.0,155.0,145.0
98433,236.0,111.0,131.0,137.0
98434,254.0,103.0,141.0,151.0
98435,277.0,95.0,149.0,132.0
98436,253.0,146.0,136.0,144.0
98437,248.0,107.0,131.0,132.0
98438,238.0,100.0,131.0,141.0
98439,239.0,118.0,134.0,141.0
98440,221.0,75.0,135.0,125.0
98441,238.0,90.0,125.0,139.0
98442,261.0,76.0,148.0,154.0
98443,244.0,112.0,135.0,131.0
98444,257.0,112.0,139.0,145.0
98445,212.0,77.0,130.0,131.0
98446,237.0,77.0,145.0,134.0
98447,250.0,138.0,146.0,137.0
98448,246.0,168.0,133.0,137.0
98449,236.0,71.0,126.0,133.0
98450,253.0,132.0,147.0,154.0
98451,250.0,101.0,124.0,142.0
98452,245.0,104.0,129.0,132.0
98453,260.0,99.0,149.0,142.0
98454,211.0,119.0,120.0,115.0
98455,250.0,115.0,143.0,136.0
98456,240.0,211.0,134.0,137.0
98457,237.0,108.0,121.0,143.0
98458,222.0,121.0,131.0,112.0
98459,247.0,106.0,149.0,141.0
98460,247.0,109.0,148.0,140.0
98461,230.0,102.0,138.0,130.0
98462,233.0,105.0,135.0,123.0
98463,238.0,113.0,157.0,132.0
98464,241.0,114.0,150.0,138.0
98465,255.0,69.0,123.0,150.0
98466,273.0,143.0,181.0,158.0
98467,253.0,122.0,138.0,145.0
98468,273.0,54.0,145.0,161.0
98469,259.0,136.0,151.0,147.0
98470,234.0,141.0,134.0,130.0
98471,249.0,92.0,143.0,133.0
98472,239.0,138.0,139.0,148.0
98473,236.0,74.0,123.0,123.0
98474,254.0,223.0,149.0,138.0
98475,265.0,132.0,152.0,148.0
98476,243.0,103.0,128.0,137.0
98477,246.0,133.0,142.0,151.0
98478,251.0,136.0,135.0,125.0
98479,242.0,131.0,141.0,137.0
98480,254.0,175.0,135.0,144.0
98481,242.0,136.0,129.0,138.0
98482,245.0,203.0,139.0,144.0
98483,239.0,69.0,133.0,130.0
98484,240.0,127.0,123.0,132.0
98485,282.0,145.0,157.0,161.0
98486,261.0,135.0,147.0,141.0
98487,280.0,102.0,162.0,156.0
98488,222.0,77.0,127.0,129.0
98489,220.0,64.0,131.0,114.0
98490,253.0,128.0,142.0,133.0
98491,265.0,94.0,133.0,157.0
98492,234.0,110.0,138.0,133.0
98493,262.0,122.0,145.0,137.0
98494,222.0,95.0,124.0,131.0
98495,231.0,108.0,138.0,124.0
98496,258.0,94.0,150.0,157.0
98497,232.0,95.0,129.0,128.0
98498,274.0,175.0,158.0,147.0
98499,253.0,105.0,130.0,141.0
98500,258.0,109.0,124.0,140.0
98501,231.0,77.0,119.0,130.0
98502,255.0,126.0,136.0,147.0
98503,266.0,128.0,143.0,152.0
98504,251.0,95.0,147.0,135.0
98505,240.0,116.0,122.0,123.0
98506,234.0,123.0,141.0,127.0
98507,253.0,120.0,141.0,136.0
98508,272.0,193.0,152.0,166.0
98509,243.0,96.0,134.0,144.0
98510,245.0,86.0,139.0,148.0
98511,233.0,105.0,134.0,129.0
98512,252.0,104.0,152.0,143.0
98513,245.0,103.0,147.0,132.0
98514,241.0,107.0,136.0,142.0
98515,244.0,101.0,130.0,152.0
98516,233.0,123.0,123.0,140.0
98517,263.0,127.0,129.0,160.0
98518,243.0,132.0,139.0,125.0
98519,237.0,121.0,127.0,141.0
98520,260.0,98.0,146.0,147.0
98521,251.0,101.0,133.0,161.0
98522,247.0,120.0,141.0,138.0
98523,252.0,96.0,153.0,142.0
98524,232.0,90.0,133.0,132.0
98525,266.0,92.0,153.0,150.0
98526,253.0,103.0,145.0,137.0
98527,227.0,120.0,129.0,127.0
98528,220.0,47.0,121.0,110.0
98529,247.0,92.0,134.0,138.0
98530,238.0,115.0,127.0,139.0
98531,262.0,134.0,153.0,144.0
98532,264.0,144.0,142.0,156.0
98533,223.0,174.0,133.0,142.0
98534,234.0,101.0,137.0,127.0
98535,236.0,60.0,123.0,122.0
98536,255.0,145.0,153.0,133.0
98537,259.0,165.0,159.0,152.0
98538,255.0,123.0,138.0,149.0
98539,251.0,87.0,146.0,144.0
98540,248.0,140.0,146.0,132.0
98541,255.0,98.0,145.0,151.0
98542,230.0,113.0,134.0,121.0
98543,247.0,93.0,129.0,140.0
98544,230.0,118.0,136.0,126.0
98545,270.0,92.0,145.0,140.0
98546,250.0,90.0,141.0,125.0
98547,254.0,128.0,146.0,145.0
98548,258.0,91.0,159.0,156.0
98549,243.0,132.0,126.0,132.0
98550,256.0,87.0,152.0,143.0
98551,252.0,141.0,144.0,128.0
98552,269.0,176.0,157.0,155.0
98553,254.0,103.0,150.0,142.0
98554,247.0,209.0,150.0,131.0
98555,248.0,218.0,131.0,126.0
98556,251.0,159.0,127.0,135.0
98557,230.0,86.0,134.0,119.0
98558,249.0,113.0,145.0,134.0
98559,269.0,84.0,165.0,141.0
98560,261.0,115.0,134.0,133.0
98561,259.0,124.0,144.0,132.0
98562,247.0,85.0,148.0,141.0
98563,251.0,96.0,137.0,139.0
98564,245.0,124.0,132.0,136.0
98565,263.0,199.0,150.0,147.0
98566,254.0,202.0,146.0,146.0
98567,239.0,187.0,130.0,131.0
98568,259.0,217.0,141.0,145.0
98569,270.0,228.0,153.0,148.0
98570,281.0,154.0,157.0,157.0
98571,261.0,77.0,157.0,161.0
98572,248.0,93.0,131.0,134.0
98573,257.0,88.0,154.0,144.0
98574,265.0,221.0,143.0,147.0
98575,248.0,204.0,133.0,156.0
98576,267.0,257.0,161.0,158.0
98577,239.0,124.0,132.0,132.0
98578,257.0,199.0,158.0,159.0
98579,265.0,114.0,150.0,147.0
98580,262.0,136.0,140.0,144.0
98581,251.0,93.0,143.0,145.0
98582,238.0,118.0,139.0,130.0
98583,246.0,137.0,158.0,140.0
98584,264.0,95.0,163.0,144.0
98585,239.0,131.0,136.0,128.0
98586,247.0,105.0,148.0,136.0
98587,242.0,199.0,141.0,144.0
98588,241.0,113.0,131.0,129.0
98589,259.0,97.0,134.0,132.0
98590,245.0,108.0,130.0,145.0
98591,258.0,234.0,173.0,158.0
98592,250.0,138.0,143.0,134.0
98593,262.0,85.0,145.0,156.0
98594,269.0,113.0,142.0,162.0
98595,244.0,86.0,137.0,138.0
98596,255.0,158.0,134.0,152.0
98597,232.0,99.0,134.0,118.0
98598,242.0,94.0,129.0,131.0
98599,252.0,115.0,147.0,123.0
98600,256.0,130.0,147.0,136.0
98601,227.0,35.0,134.0,128.0
98602,271.0,108.0,147.0,163.0
98603,232.0,68.0,132.0,142.0
98604,269.0,92.0,167.0,147.0
98605,249.0,83.0,137.0,141.0
98606,271.0,113.0,158.0,143.0
98607,240.0,106.0,134.0,141.0
98608,261.0,119.0,145.0,149.0
98609,267.0,119.0,159.0,154.0
98610,278.0,133.0,164.0,164.0
98611,238.0,71.0,137.0,127.0
98612,273.0,130.0,159.0,152.0
98613,231.0,222.0,126.0,146.0
98614,254.0,224.0,150.0,148.0
98615,252.0,133.0,125.0,146.0
98616,256.0,109.0,151.0,154.0
98617,232.0,128.0,131.0,135.0
98618,239.0,124.0,138.0,132.0
98619,230.0,227.0,137.0,130.0
98620,271.0,110.0,159.0,151.0
98621,278.0,128.0,148.0,164.0
98622,245.0,97.0,150.0,132.0
98623,258.0,141.0,142.0,147.0
98624,248.0,177.0,149.0,140.0
98625,276.0,119.0,162.0,149.0
98626,231.0,82.0,115.0,120.0
98627,259.0,86.0,143.0,136.0
98628,251.0,121.0,151.0,137.0
98629,236.0,76.0,136.0,124.0
98630,228.0,101.0,130.0,126.0
98631,242.0,102.0,133.0,136.0
98632,248.0,114.0,142.0,137.0
98633,253.0,81.0,146.0,146.0
98634,249.0,108.0,129.0,152.0
98635,253.0,87.0,135.0,150.0
98636,251.0,111.0,142.0,129.0
98637,258.0,133.0,141.0,154.0
98638,239.0,122.0,133.0,143.0
98639,263.0,80.0,153.0,151.0
98640,252.0,113.0,147.0,134.0
98641,259.0,84.0,152.0,136.0
98642,258.0,121.0,151.0,141.0
98643,257.0,106.0,150.0,144.0
98644,256.0,228.0,136.0,145.0
98645,235.0,61.0,130.0,129.0
98646,233.0,88.0,139.0,130.0
98647,242.0,98.0,146.0,128.0
98648,261.0,216.0,151.0,146.0
98649,243.0,103.0,138.0,136.0
98650,259.0,117.0,153.0,137.0
98651,250.0,108.0,132.0,135.0
98652,263.0,136.0,134.0,154.0
98653,246.0,133.0,140.0,145.0
98654,225.0,96.0,126.0,114.0
98655,259.0,80.0,152.0,149.0
98656,254.0,101.0,138.0,163.0
98657,282.0,146.0,151.0,171.0
98658,236.0,87.0,138.0,132.0
98659,273.0,126.0,149.0,158.0
98660,256.0,82.0,154.0,145.0
98661,264.0,142.0,148.0,141.0
98662,244.0,114.0,141.0,143.0
98663,237.0,113.0,131.0,122.0
98664,259.0,136.0,155.0,155.0
98665,258.0,104.0,137.0,147.0
98666,246.0,219.0,130.0,129.0
98667,228.0,201.0,142.0,140.0
98668,254.0,72.0,137.0,141.0
98669,237.0,108.0,132.0,139.0
98670,246.0,110.0,140.0,136.0
98671,248.0,106.0,132.0,136.0
98672,257.0,78.0,147.0,148.0
98673,249.0,83.0,136.0,135.0
98674,263.0,129.0,134.0,146.0
98675,251.0,124.0,135.0,142.0
98676,268.0,85.0,142.0,152.0
98677,254.0,116.0,152.0,138.0
98678,268.0,131.0,152.0,149.0
98679,250.0,211.0,153.0,141.0
98680,259.0,220.0,135.0,137.0
98681,266.0,148.0,149.0,149.0
98682,253.0,136.0,138.0,158.0
98683,244.0,102.0,137.0,147.0
98684,273.0,169.0,143.0,155.0
98685,273.0,95.0,166.0,136.0
98686,223.0,74.0,143.0,116.0
98687,262.0,61.0,169.0,142.0
98688,245.0,118.0,146.0,148.0
98689,247.0,92.0,135.0,141.0
98690,244.0,217.0,151.0,126.0
98691,255.0,233.0,150.0,143.0
98692,273.0,107.0,150.0,148.0
98693,238.0,115.0,127.0,136.0
98694,252.0,145.0,121.0,137.0
98695,259.0,135.0,139.0,149.0
98696,247.0,105.0,141.0,142.0
98697,249.0,106.0,130.0,129.0
98698,240.0,81.0,139.0,143.0
98699,275.0,243.0,150.0,138.0
98700,249.0,134.0,143.0,143.0
98701,232.0,99.0,123.0,141.0
98702,260.0,87.0,152.0,143.0
98703,267.0,100.0,148.0,143.0
98704,246.0,97.0,137.0,128.0
98705,258.0,112.0,145.0,154.0
98706,248.0,121.0,134.0,134.0
98707,273.0,153.0,154.0,169.0
98708,282.0,136.0,151.0,152.0
98709,253.0,134.0,143.0,143.0
98710,225.0,77.0,134.0,127.0
98711,249.0,224.0,139.0,144.0
98712,252.0,119.0,141.0,158.0
98713,244.0,52.0,147.0,126.0
98714,272.0,241.0,154.0,167.0
98715,274.0,144.0,146.0,152.0
98716,256.0,117.0,141.0,148.0
98717,250.0,169.0,129.0,145.0
98718,245.0,90.0,132.0,134.0
98719,258.0,94.0,145.0,147.0
98720,256.0,109.0,134.0,144.0
98721,264.0,122.0,146.0,138.0
98722,236.0,70.0,128.0,139.0
98723,245.0,126.0,129.0,133.0
98724,259.0,110.0,147.0,131.0
98725,235.0,113.0,133.0,121.0
98726,257.0,78.0,141.0,136.0
98727,249.0,225.0,153.0,145.0
98728,224.0,86.0,120.0,116.0
98729,256.0,141.0,142.0,146.0
98730,253.0,109.0,134.0,127.0
98731,249.0,104.0,142.0,149.0
98732,285.0,101.0,174.0,165.0
98733,262.0,234.0,140.0,147.0
98734,249.0,73.0,141.0,127.0
98735,235.0,132.0,127.0,129.0
98736,256.0,119.0,144.0,144.0
98737,239.0,197.0,132.0,138.0
98738,286.0,147.0,165.0,157.0
98739,254.0,127.0,124.0,136.0
98740,275.0,101.0,152.0,167.0
98741,265.0,128.0,147.0,150.0
98742,252.0,80.0,144.0,124.0
98743,236.0,126.0,135.0,133.0
98744,271.0,95.0,153.0,139.0
98745,245.0,102.0,121.0,149.0
98746,253.0,118.0,139.0,146.0
98747,257.0,139.0,139.0,143.0
98748,261.0,97.0,152.0,146.0
98749,251.0,102.0,143.0,151.0
98750,257.0,131.0,137.0,147.0
98751,262.0,222.0,159.0,160.0
98752,254.0,134.0,141.0,146.0
98753,243.0,169.0,131.0,136.0
98754,255.0,127.0,136.0,156.0
98755,246.0,82.0,135.0,141.0
98756,290.0,163.0,162.0,161.0
98757,241.0,123.0,123.0,128.0
98758,275.0,153.0,159.0,158.0
98759,256.0,228.0,139.0,150.0
98760,241.0,207.0,147.0,151.0
98761,262.0,104.0,144.0,138.0
98762,254.0,128.0,144.0,131.0
98763,248.0,78.0,131.0,146.0
98764,249.0,87.0,136.0,130.0
98765,228.0,109.0,124.0,124.0
98766,240.0,102.0,132.0,136.0
98767,238.0,91.0,131.0,135.0
98768,247.0,166.0,131.0,143.0
98769,248.0,109.0,122.0,126.0
98770,254.0,99.0,137.0,136.0
98771,287.0,135.0,171.0,167.0
98772,261.0,235.0,150.0,144.0
98773,254.0,74.0,142.0,140.0
98774,234.0,85.0,134.0,135.0
98775,260.0,119.0,143.0,140.0
98776,253.0,96.0,151.0,147.0
98777,245.0,144.0,138.0,138.0
98778,236.0,211.0,133.0,134.0
98779,259.0,215.0,158.0,149.0
98780,244.0,127.0,137.0,147.0
98781,260.0,118.0,137.0,139.0
98782,245.0,107.0,150.0,140.0
98783,258.0,65.0,132.0,140.0
98784,270.0,124.0,145.0,150.0
98785,271.0,83.0,152.0,151.0
98786,251.0,133.0,146.0,148.0
98787,251.0,81.0,146.0,144.0
98788,244.0,138.0,136.0,120.0
98789,274.0,145.0,155.0,171.0
98790,250.0,99.0,138.0,145.0
98791,272.0,139.0,152.0,162.0
98792,242.0,94.0,137.0,137.0
98793,235.0,122.0,126.0,128.0
98794,272.0,91.0,158.0,150.0
98795,267.0,108.0,159.0,142.0
98796,233.0,53.0,136.0,133.0
98797,228.0,116.0,127.0,124.0
98798,250.0,110.0,128.0,147.0
98799,241.0,202.0,131.0,127.0
98800,249.0,102.0,138.0,130.0
98801,262.0,117.0,167.0,162.0
98802,267.0,147.0,162.0,154.0
98803,229.0,97.0,134.0,124.0
98804,228.0,23.0,134.0,120.0
98805,265.0,155.0,160.0,148.0
98806,247.0,82.0,155.0,142.0
98807,236.0,146.0,124.0,140.0
98808,244.0,121.0,146.0,149.0
98809,245.0,96.0,154.0,135.0
98810,279.0,141.0,142.0,153.0
98811,231.0,87.0,133.0,127.0
98812,263.0,125.0,139.0,155.0
98813,233.0,87.0,141.0,128.0
98814,268.0,138.0,149.0,145.0
98815,276.0,104.0,154.0,155.0
98816,245.0,99.0,147.0,143.0
98817,238.0,92.0,132.0,136.0
98818,255.0,144.0,155.0,147.0
98819,248.0,134.0,132.0,145.0
98820,260.0,127.0,149.0,154.0
98821,258.0,163.0,141.0,152.0
98822,257.0,219.0,145.0,134.0
98823,257.0,88.0,140.0,147.0
98824,254.0,128.0,137.0,152.0
98825,248.0,157.0,117.0,136.0
98826,223.0,127.0,117.0,127.0
98827,265.0,85.0,158.0,153.0
98828,257.0,113.0,143.0,146.0
98829,255.0,139.0,125.0,142.0
98830,252.0,141.0,137.0,149.0
98831,256.0,76.0,147.0,143.0
98832,252.0,95.0,154.0,138.0
98833,234.0,128.0,136.0,120.0
98834,246.0,128.0,143.0,148.0
98835,258.0,98.0,147.0,155.0
98836,250.0,143.0,128.0,147.0
98837,248.0,95.0,125.0,131.0
98838,244.0,106.0,150.0,142.0
98839,243.0,66.0,138.0,133.0
98840,244.0,78.0,134.0,147.0
98841,235.0,205.0,139.0,128.0
98842,246.0,104.0,130.0,148.0
98843,258.0,118.0,127.0,139.0
98844,241.0,93.0,128.0,152.0
98845,271.0,167.0,157.0,136.0
98846,235.0,91.0,123.0,136.0
98847,238.0,76.0,137.0,123.0
98848,260.0,220.0,148.0,152.0
98849,250.0,104.0,136.0,156.0
98850,271.0,58.0,145.0,155.0
98851,235.0,110.0,146.0,125.0
98852,256.0,79.0,137.0,137.0
98853,252.0,111.0,134.0,136.0
98854,261.0,122.0,143.0,155.0
98855,249.0,136.0,131.0,137.0
98856,261.0,57.0,145.0,133.0
98857,262.0,106.0,154.0,137.0
98858,244.0,69.0,140.0,130.0
98859,242.0,148.0,135.0,130.0
98860,249.0,95.0,145.0,155.0
98861,243.0,128.0,141.0,134.0
98862,266.0,107.0,149.0,135.0
98863,249.0,81.0,145.0,138.0
98864,246.0,105.0,125.0,133.0
98865,227.0,106.0,130.0,120.0
98866,230.0,128.0,121.0,128.0
98867,245.0,104.0,129.0,140.0
98868,252.0,61.0,152.0,151.0
98869,255.0,128.0,153.0,141.0
98870,250.0,125.0,130.0,133.0
98871,245.0,118.0,146.0,145.0
98872,231.0,131.0,127.0,115.0
98873,254.0,137.0,151.0,141.0
98874,247.0,50.0,146.0,140.0
98875,263.0,109.0,155.0,168.0
98876,266.0,198.0,149.0,154.0
98877,233.0,115.0,128.0,119.0
98878,260.0,118.0,145.0,146.0
98879,254.0,114.0,140.0,143.0
98880,220.0,87.0,126.0,122.0
98881,254.0,125.0,140.0,142.0
98882,257.0,112.0,151.0,151.0
98883,248.0,95.0,139.0,149.0
98884,232.0,94.0,117.0,132.0
98885,261.0,100.0,143.0,132.0
98886,233.0,82.0,148.0,143.0
98887,244.0,158.0,136.0,143.0
98888,226.0,98.0,119.0,122.0
98889,268.0,113.0,154.0,154.0
98890,242.0,80.0,134.0,139.0
98891,248.0,99.0,157.0,147.0
98892,264.0,111.0,149.0,154.0
98893,228.0,198.0,124.0,131.0
98894,264.0,158.0,160.0,157.0
98895,256.0,87.0,157.0,135.0
98896,227.0,182.0,129.0,122.0
98897,233.0,103.0,126.0,121.0
98898,254.0,93.0,130.0,145.0
98899,228.0,122.0,124.0,112.0
98900,242.0,91.0,121.0,138.0
98901,253.0,93.0,151.0,136.0
98902,254.0,133.0,136.0,145.0
98903,251.0,127.0,136.0,144.0
98904,231.0,121.0,143.0,123.0
98905,273.0,88.0,143.0,158.0
98906,266.0,115.0,149.0,161.0
98907,267.0,134.0,152.0,161.0
98908,238.0,79.0,131.0,132.0
98909,252.0,64.0,135.0,141.0
98910,249.0,142.0,128.0,160.0
98911,250.0,106.0,131.0,137.0
98912,237.0,119.0,128.0,135.0
98913,263.0,140.0,142.0,145.0
98914,244.0,121.0,134.0,142.0
98915,247.0,62.0,129.0,140.0
98916,259.0,98.0,151.0,137.0
98917,262.0,97.0,164.0,151.0
98918,275.0,55.0,160.0,146.0
98919,253.0,217.0,133.0,150.0
98920,270.0,114.0,143.0,154.0
98921,253.0,83.0,132.0,140.0
98922,241.0,133.0,135.0,130.0
98923,260.0,92.0,160.0,130.0
98924,243.0,204.0,146.0,138.0
98925,235.0,129.0,139.0,129.0
98926,252.0,88.0,133.0,152.0
98927,243.0,133.0,120.0,127.0
98928,257.0,155.0,137.0,143.0
98929,269.0,115.0,139.0,146.0
98930,248.0,111.0,141.0,134.0
98931,233.0,77.0,125.0,131.0
98932,237.0,110.0,138.0,128.0
98933,263.0,152.0,128.0,147.0
98934,261.0,102.0,149.0,141.0
98935,242.0,110.0,143.0,135.0
98936,256.0,115.0,158.0,143.0
98937,255.0,80.0,148.0,141.0
98938,263.0,225.0,152.0,166.0
98939,265.0,102.0,157.0,159.0
98940,233.0,116.0,136.0,126.0
98941,251.0,84.0,139.0,142.0
98942,241.0,129.0,148.0,131.0
98943,271.0,116.0,155.0,147.0
98944,270.0,90.0,139.0,165.0
98945,242.0,115.0,150.0,119.0
98946,238.0,199.0,130.0,143.0
98947,261.0,148.0,145.0,147.0
98948,242.0,101.0,139.0,154.0
98949,263.0,160.0,166.0,133.0
98950,266.0,159.0,145.0,152.0
98951,260.0,79.0,163.0,151.0
98952,273.0,105.0,140.0,156.0
98953,244.0,117.0,140.0,143.0
98954,229.0,108.0,125.0,117.0
98955,250.0,113.0,133.0,140.0
98956,261.0,125.0,148.0,159.0
98957,212.0,133.0,122.0,127.0
98958,238.0,98.0,128.0,141.0
98959,217.0,110.0,124.0,129.0
98960,236.0,226.0,134.0,129.0
98961,225.0,85.0,132.0,111.0
98962,254.0,170.0,156.0,138.0
98963,258.0,222.0,146.0,153.0
98964,254.0,86.0,156.0,136.0
98965,259.0,92.0,129.0,143.0
98966,257.0,179.0,129.0,145.0
98967,273.0,129.0,156.0,158.0
98968,262.0,87.0,146.0,150.0
98969,270.0,157.0,144.0,170.0
98970,238.0,67.0,121.0,145.0
98971,244.0,128.0,136.0,143.0
98972,255.0,105.0,125.0,132.0
98973,246.0,123.0,121.0,148.0
98974,233.0,188.0,139.0,139.0
98975,273.0,142.0,160.0,158.0
98976,255.0,134.0,136.0,144.0
98977,268.0,262.0,166.0,143.0
98978,243.0,133.0,142.0,133.0
98979,266.0,113.0,152.0,156.0
98980,255.0,109.0,138.0,150.0
98981,271.0,88.0,159.0,158.0
98982,224.0,109.0,119.0,132.0
98983,235.0,116.0,139.0,125.0
98984,233.0,106.0,106.0,138.0
98985,274.0,126.0,163.0,151.0
98986,246.0,109.0,138.0,147.0
98987,239.0,66.0,141.0,135.0
98988,247.0,126.0,142.0,143.0
98989,264.0,90.0,142.0,161.0
98990,217.0,95.0,110.0,117.0
98991,236.0,117.0,124.0,141.0
98992,258.0,97.0,145.0,128.0
98993,238.0,113.0,127.0,125.0
98994,243.0,202.0,145.0,139.0
98995,249.0,114.0,126.0,135.0
98996,270.0,112.0,140.0,163.0
98997,269.0,91.0,146.0,146.0
98998,238.0,171.0,127.0,137.0
98999,235.0,98.0,134.0,130.0
99000,257.0,124.0,145.0,148.0
99001,246.0,87.0,140.0,140.0
99002,260.0,145.0,145.0,151.0
99003,258.0,111.0,149.0,137.0
99004,234.0,104.0,143.0,140.0
99005,249.0,211.0,143.0,144.0
99006,248.0,102.0,137.0,136.0
99007,274.0,200.0,172.0,136.0
99008,250.0,112.0,135.0,127.0
99009,251.0,210.0,146.0,142.0
99010,223.0,119.0,140.0,131.0
99011,242.0,91.0,142.0,147.0
99012,253.0,207.0,136.0,152.0
99013,231.0,99.0,121.0,142.0
99014,243.0,145.0,141.0,134.0
99015,242.0,148.0,131.0,130.0
99016,263.0,90.0,158.0,146.0
99017,230.0,74.0,124.0,155.0
99018,263.0,79.0,161.0,137.0
99019,255.0,111.0,146.0,121.0
99020,243.0,108.0,133.0,132.0
99021,259.0,92.0,144.0,143.0
99022,254.0,150.0,141.0,140.0
99023,231.0,89.0,127.0,115.0
99024,236.0,98.0,133.0,132.0
99025,263.0,115.0,135.0,135.0
99026,256.0,73.0,154.0,155.0
99027,265.0,111.0,140.0,142.0
99028,264.0,183.0,161.0,145.0
99029,258.0,140.0,157.0,139.0
99030,250.0,109.0,134.0,143.0
99031,238.0,70.0,127.0,119.0
99032,258.0,110.0,138.0,128.0
99033,235.0,103.0,137.0,118.0
99034,226.0,132.0,111.0,120.0
99035,268.0,97.0,151.0,150.0
99036,243.0,74.0,136.0,141.0
99037,238.0,147.0,124.0,142.0
99038,251.0,97.0,140.0,130.0
99039,244.0,97.0,133.0,139.0
99040,248.0,140.0,143.0,146.0
99041,239.0,121.0,132.0,125.0
99042,253.0,130.0,134.0,131.0
99043,272.0,142.0,159.0,141.0
99044,236.0,93.0,131.0,133.0
99045,253.0,132.0,148.0,136.0
99046,252.0,96.0,137.0,146.0
99047,236.0,154.0,125.0,118.0
99048,274.0,144.0,147.0,152.0
99049,265.0,122.0,142.0,141.0
99050,224.0,118.0,114.0,127.0
99051,253.0,142.0,147.0,145.0
99052,247.0,83.0,142.0,132.0
99053,274.0,146.0,153.0,178.0
99054,263.0,126.0,151.0,147.0
99055,255.0,100.0,133.0,154.0
99056,239.0,71.0,149.0,135.0
99057,261.0,78.0,150.0,142.0
99058,224.0,123.0,125.0,124.0
99059,241.0,91.0,141.0,138.0
99060,270.0,137.0,151.0,154.0
99061,259.0,64.0,151.0,150.0
99062,272.0,98.0,153.0,151.0
99063,273.0,161.0,167.0,160.0
99064,238.0,70.0,119.0,137.0
99065,250.0,182.0,141.0,147.0
99066,239.0,75.0,155.0,134.0
99067,252.0,64.0,146.0,123.0
99068,237.0,93.0,128.0,124.0
99069,242.0,88.0,146.0,144.0
99070,280.0,95.0,159.0,162.0
99071,239.0,159.0,143.0,128.0
99072,242.0,214.0,134.0,137.0
99073,254.0,149.0,153.0,148.0
99074,265.0,124.0,156.0,140.0
99075,272.0,88.0,160.0,152.0
99076,230.0,146.0,134.0,115.0
99077,223.0,105.0,117.0,132.0
99078,252.0,108.0,139.0,127.0
99079,244.0,67.0,134.0,141.0
99080,251.0,137.0,145.0,151.0
99081,240.0,106.0,126.0,136.0
99082,256.0,124.0,148.0,147.0
99083,249.0,115.0,137.0,136.0
99084,234.0,99.0,150.0,120.0
99085,263.0,163.0,150.0,152.0
99086,239.0,203.0,130.0,136.0
99087,269.0,96.0,133.0,155.0
99088,263.0,138.0,147.0,135.0
99089,248.0,115.0,136.0,138.0
99090,232.0,101.0,122.0,135.0
99091,233.0,136.0,146.0,122.0
99092,243.0,224.0,141.0,124.0
99093,219.0,131.0,121.0,121.0
99094,269.0,92.0,143.0,150.0
99095,243.0,112.0,151.0,139.0
99096,243.0,120.0,134.0,137.0
99097,249.0,132.0,141.0,140.0
99098,270.0,109.0,155.0,136.0
99099,258.0,128.0,159.0,158.0
99100,250.0,146.0,136.0,136.0
99101,227.0,117.0,120.0,123.0
99102,256.0,149.0,151.0,148.0
99103,258.0,129.0,144.0,158.0
99104,276.0,162.0,150.0,174.0
99105,236.0,105.0,142.0,144.0
99106,260.0,103.0,155.0,139.0
99107,217.0,77.0,120.0,142.0
99108,265.0,114.0,153.0,127.0
99109,262.0,72.0,151.0,148.0
99110,237.0,119.0,122.0,142.0
99111,252.0,123.0,144.0,157.0
99112,246.0,166.0,134.0,145.0
99113,254.0,95.0,140.0,149.0
99114,258.0,228.0,127.0,142.0
99115,230.0,131.0,126.0,138.0
99116,246.0,199.0,139.0,137.0
99117,266.0,138.0,128.0,158.0
99118,225.0,167.0,137.0,128.0
99119,240.0,98.0,136.0,131.0
99120,236.0,138.0,133.0,128.0
99121,257.0,101.0,146.0,141.0
99122,216.0,103.0,122.0,124.0
99123,254.0,90.0,152.0,138.0
99124,248.0,208.0,145.0,136.0
99125,261.0,142.0,147.0,140.0
99126,260.0,129.0,141.0,149.0
99127,284.0,253.0,172.0,168.0
99128,259.0,103.0,145.0,145.0
99129,273.0,67.0,153.0,147.0
99130,267.0,78.0,155.0,132.0
99131,257.0,137.0,137.0,148.0
99132,262.0,93.0,150.0,153.0
99133,237.0,101.0,143.0,125.0
99134,247.0,144.0,136.0,143.0
99135,256.0,146.0,143.0,150.0
99136,240.0,68.0,138.0,139.0
99137,258.0,115.0,150.0,144.0
99138,254.0,67.0,160.0,150.0
99139,252.0,134.0,141.0,128.0
99140,258.0,86.0,143.0,137.0
99141,258.0,112.0,142.0,135.0
99142,252.0,92.0,132.0,142.0
99143,281.0,95.0,162.0,152.0
99144,267.0,119.0,147.0,151.0
99145,229.0,185.0,130.0,107.0
99146,253.0,120.0,137.0,140.0
99147,255.0,141.0,150.0,130.0
99148,237.0,81.0,135.0,130.0
99149,276.0,203.0,161.0,166.0
99150,246.0,155.0,150.0,131.0
99151,256.0,254.0,148.0,140.0
99152,252.0,87.0,146.0,147.0
99153,244.0,103.0,126.0,146.0
99154,233.0,106.0,121.0,131.0
99155,258.0,74.0,142.0,145.0
99156,258.0,252.0,133.0,140.0
99157,254.0,95.0,151.0,141.0
99158,239.0,98.0,140.0,134.0
99159,273.0,70.0,160.0,134.0
99160,274.0,102.0,141.0,148.0
99161,242.0,118.0,137.0,153.0
99162,267.0,95.0,134.0,136.0
99163,245.0,71.0,142.0,141.0
99164,254.0,118.0,125.0,135.0
99165,273.0,179.0,154.0,151.0
99166,240.0,220.0,143.0,133.0
99167,254.0,111.0,128.0,151.0
99168,247.0,121.0,132.0,155.0
99169,250.0,92.0,130.0,140.0
99170,229.0,68.0,142.0,132.0
99171,241.0,88.0,123.0,134.0
99172,253.0,75.0,145.0,132.0
99173,251.0,81.0,137.0,150.0
99174,234.0,106.0,125.0,135.0
99175,237.0,104.0,143.0,119.0
99176,244.0,210.0,140.0,142.0
99177,257.0,126.0,147.0,154.0
99178,272.0,121.0,149.0,155.0
99179,242.0,116.0,139.0,132.0
99180,242.0,84.0,150.0,145.0
99181,235.0,115.0,125.0,143.0
99182,234.0,113.0,137.0,123.0
99183,243.0,113.0,140.0,138.0
99184,273.0,234.0,152.0,143.0
99185,237.0,94.0,117.0,121.0
99186,259.0,110.0,155.0,139.0
99187,225.0,125.0,133.0,132.0
99188,261.0,225.0,140.0,147.0
99189,222.0,95.0,120.0,119.0
99190,266.0,117.0,144.0,147.0
99191,228.0,103.0,137.0,119.0
99192,242.0,213.0,142.0,142.0
99193,247.0,132.0,139.0,136.0
99194,261.0,118.0,146.0,155.0
99195,267.0,127.0,133.0,152.0
99196,262.0,159.0,134.0,148.0
99197,262.0,102.0,146.0,139.0
99198,255.0,147.0,126.0,141.0
99199,260.0,145.0,149.0,145.0
99200,236.0,116.0,121.0,126.0
99201,249.0,113.0,141.0,152.0
99202,238.0,91.0,128.0,125.0
99203,269.0,139.0,156.0,145.0
99204,257.0,150.0,155.0,152.0
99205,248.0,127.0,145.0,137.0
99206,248.0,120.0,141.0,151.0
99207,263.0,82.0,149.0,150.0
99208,225.0,134.0,129.0,123.0
99209,246.0,142.0,143.0,141.0
99210,229.0,83.0,125.0,136.0
99211,246.0,149.0,136.0,128.0
99212,246.0,115.0,136.0,139.0
99213,233.0,86.0,133.0,117.0
99214,259.0,131.0,150.0,145.0
99215,263.0,165.0,157.0,148.0
99216,245.0,103.0,147.0,152.0
99217,247.0,136.0,140.0,135.0
99218,256.0,102.0,129.0,140.0
99219,263.0,131.0,148.0,148.0
99220,260.0,112.0,133.0,150.0
99221,259.0,146.0,137.0,144.0
99222,250.0,142.0,134.0,130.0
99223,237.0,40.0,135.0,137.0
99224,248.0,77.0,149.0,130.0
99225,253.0,82.0,148.0,153.0
99226,262.0,106.0,165.0,147.0
99227,227.0,148.0,123.0,132.0
99228,246.0,127.0,146.0,150.0
99229,273.0,125.0,141.0,160.0
99230,251.0,202.0,127.0,134.0
99231,248.0,108.0,127.0,148.0
99232,266.0,94.0,173.0,154.0
99233,213.0,104.0,121.0,124.0
99234,248.0,217.0,143.0,152.0
99235,220.0,63.0,120.0,133.0
99236,259.0,93.0,152.0,142.0
99237,264.0,131.0,153.0,150.0
99238,249.0,136.0,149.0,129.0
99239,243.0,124.0,135.0,159.0
99240,255.0,76.0,139.0,154.0
99241,237.0,213.0,116.0,131.0
99242,255.0,139.0,146.0,147.0
99243,225.0,107.0,136.0,119.0
99244,250.0,154.0,129.0,153.0
99245,258.0,83.0,150.0,143.0
99246,230.0,125.0,121.0,132.0
99247,272.0,114.0,169.0,156.0
99248,264.0,137.0,156.0,164.0
99249,247.0,88.0,124.0,151.0
99250,264.0,131.0,141.0,149.0
99251,254.0,127.0,142.0,148.0
99252,249.0,98.0,144.0,132.0
99253,251.0,129.0,138.0,142.0
99254,265.0,236.0,136.0,143.0
99255,264.0,221.0,178.0,155.0
99256,267.0,103.0,144.0,155.0
99257,278.0,61.0,146.0,165.0
99258,289.0,131.0,172.0,159.0
99259,255.0,112.0,127.0,128.0
99260,256.0,130.0,147.0,154.0
99261,235.0,69.0,128.0,135.0
99262,276.0,250.0,142.0,155.0
99263,260.0,209.0,141.0,148.0
99264,262.0,105.0,142.0,152.0
99265,234.0,88.0,127.0,123.0
99266,243.0,102.0,136.0,132.0
99267,247.0,96.0,127.0,128.0
99268,238.0,85.0,139.0,138.0
99269,247.0,128.0,145.0,132.0
99270,262.0,231.0,150.0,146.0
99271,249.0,218.0,142.0,120.0
99272,266.0,140.0,149.0,145.0
99273,272.0,114.0,147.0,152.0
99274,237.0,87.0,138.0,139.0
99275,238.0,138.0,140.0,133.0
99276,249.0,101.0,139.0,137.0
99277,255.0,76.0,151.0,139.0
99278,243.0,94.0,142.0,130.0
99279,248.0,107.0,140.0,139.0
99280,270.0,59.0,163.0,157.0
99281,235.0,64.0,127.0,131.0
99282,239.0,108.0,133.0,117.0
99283,248.0,103.0,137.0,129.0
99284,256.0,126.0,166.0,141.0
99285,263.0,85.0,143.0,153.0
99286,266.0,118.0,147.0,154.0
99287,238.0,97.0,129.0,133.0
99288,228.0,74.0,134.0,122.0
99289,253.0,130.0,153.0,152.0
99290,253.0,162.0,146.0,129.0
99291,273.0,109.0,140.0,146.0
99292,221.0,100.0,128.0,101.0
99293,268.0,209.0,155.0,162.0
99294,252.0,92.0,131.0,148.0
99295,238.0,112.0,139.0,135.0
99296,237.0,163.0,140.0,142.0
99297,230.0,203.0,110.0,113.0
99298,263.0,236.0,152.0,142.0
99299,250.0,218.0,129.0,137.0
99300,227.0,200.0,122.0,126.0
99301,267.0,103.0,150.0,166.0
99302,229.0,84.0,128.0,141.0
99303,248.0,85.0,138.0,149.0
99304,246.0,99.0,137.0,135.0
99305,257.0,111.0,150.0,133.0
99306,257.0,87.0,151.0,148.0
99307,246.0,130.0,147.0,159.0
99308,270.0,76.0,165.0,158.0
99309,271.0,97.0,143.0,145.0
99310,269.0,165.0,150.0,149.0
99311,229.0,75.0,130.0,127.0
99312,271.0,145.0,155.0,152.0
99313,240.0,150.0,134.0,137.0
99314,266.0,106.0,167.0,161.0
99315,277.0,110.0,155.0,145.0
99316,264.0,133.0,142.0,158.0
99317,270.0,135.0,139.0,176.0
99318,269.0,78.0,148.0,147.0
99319,252.0,78.0,153.0,140.0
99320,254.0,103.0,158.0,141.0
99321,244.0,108.0,136.0,155.0
99322,260.0,165.0,155.0,140.0
99323,249.0,88.0,136.0,132.0
99324,249.0,172.0,145.0,156.0
99325,255.0,112.0,139.0,134.0
99326,229.0,107.0,134.0,117.0
99327,254.0,111.0,143.0,149.0
99328,240.0,127.0,148.0,129.0
99329,241.0,122.0,143.0,148.0
99330,242.0,101.0,145.0,134.0
99331,249.0,86.0,141.0,158.0
99332,286.0,106.0,164.0,172.0
99333,238.0,103.0,135.0,142.0
99334,243.0,115.0,119.0,143.0
99335,239.0,144.0,132.0,136.0
99336,257.0,91.0,147.0,164.0
99337,246.0,96.0,144.0,129.0
99338,242.0,72.0,132.0,133.0
99339,275.0,97.0,159.0,149.0
99340,254.0,210.0,145.0,144.0
99341,224.0,104.0,116.0,132.0
99342,239.0,78.0,143.0,147.0
99343,273.0,135.0,185.0,164.0
99344,248.0,92.0,149.0,138.0
99345,251.0,116.0,143.0,145.0
99346,263.0,132.0,154.0,137.0
99347,263.0,77.0,150.0,150.0
99348,249.0,124.0,128.0,151.0
99349,238.0,92.0,129.0,152.0
99350,277.0,127.0,165.0,152.0
99351,248.0,37.0,146.0,127.0
99352,257.0,114.0,133.0,141.0
99353,251.0,143.0,133.0,133.0
99354,252.0,184.0,135.0,147.0
99355,235.0,109.0,116.0,140.0
99356,239.0,89.0,134.0,141.0
99357,233.0,108.0,128.0,130.0
99358,256.0,147.0,149.0,123.0
99359,236.0,113.0,133.0,135.0
99360,230.0,102.0,124.0,133.0
99361,243.0,138.0,135.0,139.0
99362,249.0,106.0,132.0,154.0
99363,214.0,63.0,114.0,116.0
99364,240.0,126.0,133.0,131.0
99365,256.0,146.0,132.0,152.0
99366,265.0,137.0,140.0,155.0
99367,249.0,182.0,130.0,133.0
99368,276.0,127.0,144.0,134.0
99369,246.0,90.0,140.0,125.0
99370,232.0,58.0,130.0,126.0
99371,239.0,78.0,125.0,126.0
99372,260.0,137.0,143.0,149.0
99373,262.0,119.0,145.0,161.0
99374,269.0,228.0,158.0,136.0
99375,257.0,104.0,144.0,156.0
99376,252.0,127.0,142.0,143.0
99377,242.0,86.0,147.0,131.0
99378,251.0,120.0,131.0,132.0
99379,250.0,130.0,136.0,143.0
99380,240.0,109.0,131.0,133.0
99381,262.0,98.0,141.0,149.0
99382,247.0,62.0,147.0,149.0
99383,251.0,95.0,147.0,136.0
99384,257.0,114.0,145.0,152.0
99385,239.0,93.0,125.0,122.0
99386,238.0,93.0,127.0,142.0
99387,225.0,112.0,130.0,135.0
99388,260.0,120.0,155.0,142.0
99389,260.0,119.0,145.0,136.0
99390,249.0,78.0,138.0,149.0
99391,254.0,128.0,143.0,139.0
99392,259.0,128.0,153.0,154.0
99393,228.0,202.0,136.0,113.0
99394,235.0,103.0,127.0,138.0
99395,262.0,89.0,149.0,145.0
99396,266.0,156.0,143.0,131.0
99397,247.0,127.0,138.0,137.0
99398,243.0,208.0,139.0,143.0
99399,243.0,132.0,126.0,139.0
99400,253.0,144.0,159.0,133.0
99401,266.0,105.0,146.0,144.0
99402,225.0,76.0,133.0,130.0
99403,247.0,83.0,155.0,145.0
99404,254.0,136.0,144.0,154.0
99405,258.0,90.0,139.0,140.0
99406,276.0,80.0,156.0,153.0
99407,236.0,84.0,124.0,140.0
99408,258.0,113.0,148.0,140.0
99409,275.0,107.0,155.0,155.0
99410,263.0,109.0,156.0,150.0
99411,250.0,99.0,142.0,142.0
99412,248.0,147.0,127.0,148.0
99413,265.0,141.0,141.0,138.0
99414,232.0,94.0,112.0,135.0
99415,245.0,77.0,142.0,126.0
99416,271.0,82.0,158.0,155.0
99417,252.0,61.0,134.0,149.0
99418,238.0,136.0,138.0,138.0
99419,244.0,105.0,133.0,128.0
99420,254.0,101.0,151.0,142.0
99421,229.0,99.0,121.0,136.0
99422,243.0,211.0,130.0,140.0
99423,236.0,85.0,141.0,131.0
99424,240.0,152.0,133.0,123.0
99425,239.0,66.0,145.0,137.0
99426,246.0,116.0,126.0,137.0
99427,245.0,230.0,136.0,138.0
99428,232.0,122.0,130.0,128.0
99429,261.0,108.0,148.0,151.0
99430,235.0,98.0,126.0,134.0
99431,269.0,131.0,155.0,160.0
99432,259.0,185.0,153.0,139.0
99433,273.0,120.0,159.0,166.0
99434,224.0,101.0,132.0,132.0
99435,261.0,166.0,130.0,148.0
99436,245.0,111.0,143.0,146.0
99437,254.0,116.0,145.0,130.0
99438,246.0,121.0,123.0,145.0
99439,263.0,117.0,128.0,158.0
99440,233.0,91.0,139.0,128.0
99441,248.0,118.0,139.0,130.0
99442,227.0,85.0,142.0,141.0
99443,251.0,215.0,160.0,146.0
99444,230.0,135.0,121.0,138.0
99445,248.0,115.0,124.0,137.0
99446,231.0,71.0,123.0,129.0
99447,227.0,112.0,142.0,117.0
99448,260.0,70.0,152.0,158.0
99449,263.0,113.0,149.0,153.0
99450,251.0,143.0,139.0,128.0
99451,229.0,121.0,112.0,137.0
99452,246.0,117.0,138.0,133.0
99453,238.0,116.0,136.0,137.0
99454,247.0,116.0,142.0,136.0
99455,251.0,132.0,122.0,142.0
99456,248.0,143.0,141.0,144.0
99457,258.0,104.0,146.0,155.0
99458,248.0,119.0,149.0,121.0
99459,243.0,232.0,145.0,149.0
99460,286.0,115.0,163.0,147.0
99461,262.0,51.0,153.0,136.0
99462,242.0,94.0,119.0,137.0
99463,255.0,100.0,142.0,161.0
99464,230.0,143.0,129.0,123.0
99465,249.0,111.0,148.0,140.0
99466,256.0,102.0,137.0,137.0
99467,235.0,91.0,123.0,126.0
99468,268.0,110.0,144.0,146.0
99469,254.0,107.0,151.0,125.0
99470,239.0,105.0,125.0,110.0
99471,258.0,153.0,134.0,147.0
99472,247.0,97.0,137.0,136.0
99473,245.0,109.0,126.0,120.0
99474,257.0,131.0,143.0,138.0
99475,258.0,85.0,150.0,141.0
99476,238.0,151.0,129.0,127.0
99477,237.0,130.0,135.0,144.0
99478,263.0,113.0,140.0,146.0
99479,231.0,129.0,127.0,135.0
99480,265.0,116.0,144.0,155.0
99481,248.0,118.0,136.0,139.0
99482,238.0,199.0,133.0,146.0
99483,243.0,114.0,139.0,136.0
99484,253.0,104.0,151.0,128.0
99485,244.0,208.0,134.0,126.0
99486,239.0,86.0,124.0,130.0
99487,251.0,106.0,134.0,141.0
99488,246.0,110.0,136.0,137.0
99489,271.0,156.0,158.0,165.0
99490,233.0,140.0,123.0,132.0
99491,250.0,73.0,124.0,148.0
99492,251.0,112.0,126.0,149.0
99493,229.0,167.0,126.0,133.0
99494,247.0,97.0,140.0,146.0
99495,252.0,226.0,145.0,132.0
99496,229.0,105.0,142.0,122.0
99497,265.0,131.0,134.0,143.0
99498,265.0,103.0,153.0,142.0
99499,233.0,91.0,131.0,130.0
99500,246.0,109.0,132.0,140.0
99501,250.0,57.0,148.0,149.0
99502,252.0,59.0,129.0,142.0
99503,240.0,110.0,140.0,129.0
99504,259.0,113.0,148.0,131.0
99505,237.0,110.0,147.0,138.0
99506,273.0,100.0,153.0,153.0
99507,231.0,121.0,127.0,119.0
99508,254.0,112.0,135.0,134.0
99509,263.0,98.0,127.0,150.0
99510,237.0,82.0,125.0,121.0
99511,243.0,141.0,148.0,155.0
99512,242.0,107.0,144.0,130.0
99513,226.0,115.0,140.0,116.0
99514,243.0,114.0,126.0,133.0
99515,238.0,101.0,131.0,127.0
99516,262.0,89.0,140.0,142.0
99517,235.0,137.0,138.0,143.0
99518,260.0,89.0,153.0,145.0
99519,249.0,146.0,138.0,152.0
99520,245.0,79.0,134.0,136.0
99521,243.0,99.0,146.0,152.0
99522,229.0,87.0,127.0,132.0
99523,245.0,136.0,144.0,129.0
99524,244.0,86.0,135.0,130.0
99525,263.0,103.0,134.0,145.0
99526,251.0,109.0,139.0,143.0
99527,249.0,139.0,151.0,150.0
99528,261.0,133.0,143.0,137.0
99529,269.0,95.0,125.0,153.0
99530,271.0,238.0,160.0,158.0
99531,268.0,139.0,152.0,145.0
99532,267.0,121.0,145.0,144.0
99533,237.0,114.0,149.0,133.0
99534,262.0,112.0,136.0,148.0
99535,251.0,153.0,148.0,151.0
99536,270.0,128.0,156.0,168.0
99537,253.0,232.0,146.0,151.0
99538,240.0,145.0,132.0,137.0
99539,252.0,128.0,126.0,147.0
99540,249.0,126.0,131.0,130.0
99541,271.0,90.0,167.0,160.0
99542,262.0,145.0,150.0,155.0
99543,252.0,113.0,146.0,131.0
99544,270.0,112.0,165.0,146.0
99545,247.0,87.0,146.0,142.0
99546,242.0,73.0,134.0,131.0
99547,248.0,100.0,151.0,132.0
99548,261.0,88.0,156.0,139.0
99549,239.0,87.0,121.0,130.0
99550,242.0,141.0,130.0,135.0
99551,267.0,105.0,147.0,144.0
99552,224.0,199.0,132.0,131.0
99553,259.0,118.0,144.0,152.0
99554,237.0,66.0,139.0,130.0
99555,244.0,113.0,125.0,135.0
99556,251.0,101.0,137.0,121.0
99557,237.0,104.0,128.0,135.0
99558,264.0,152.0,145.0,146.0
99559,274.0,136.0,153.0,144.0
99560,256.0,118.0,140.0,147.0
99561,254.0,116.0,151.0,132.0
99562,251.0,103.0,149.0,152.0
99563,252.0,73.0,153.0,140.0
99564,250.0,89.0,141.0,138.0
99565,252.0,105.0,134.0,149.0
99566,272.0,133.0,135.0,161.0
99567,241.0,128.0,134.0,144.0
99568,264.0,167.0,139.0,153.0
99569,237.0,95.0,119.0,127.0
99570,264.0,107.0,160.0,157.0
99571,256.0,106.0,140.0,144.0
99572,257.0,214.0,145.0,151.0
99573,252.0,140.0,131.0,140.0
99574,238.0,118.0,140.0,140.0
99575,251.0,76.0,151.0,130.0
99576,231.0,97.0,136.0,135.0
99577,241.0,110.0,121.0,137.0
99578,258.0,70.0,138.0,138.0
99579,242.0,105.0,138.0,145.0
99580,257.0,124.0,135.0,155.0
99581,235.0,102.0,128.0,128.0
99582,248.0,124.0,134.0,144.0
99583,249.0,112.0,124.0,139.0
99584,267.0,99.0,158.0,157.0
99585,269.0,120.0,155.0,141.0
99586,241.0,95.0,141.0,143.0
99587,251.0,221.0,156.0,152.0
99588,240.0,96.0,141.0,146.0
99589,254.0,136.0,159.0,138.0
99590,233.0,100.0,125.0,128.0
99591,279.0,175.0,147.0,167.0
99592,251.0,93.0,155.0,146.0
99593,250.0,87.0,137.0,154.0
99594,267.0,95.0,143.0,151.0
99595,253.0,230.0,146.0,135.0
99596,264.0,90.0,161.0,138.0
99597,250.0,89.0,152.0,133.0
99598,257.0,119.0,152.0,143.0
99599,269.0,229.0,150.0,142.0
99600,264.0,85.0,159.0,145.0
99601,251.0,74.0,116.0,134.0
99602,238.0,104.0,145.0,140.0
99603,260.0,130.0,130.0,144.0
99604,238.0,100.0,129.0,140.0
99605,249.0,130.0,143.0,136.0
99606,240.0,125.0,122.0,132.0
99607,252.0,106.0,138.0,155.0
99608,226.0,76.0,127.0,131.0
99609,246.0,85.0,132.0,115.0
99610,264.0,125.0,160.0,146.0
99611,251.0,132.0,137.0,146.0
99612,277.0,190.0,153.0,145.0
99613,246.0,110.0,135.0,144.0
99614,295.0,188.0,146.0,173.0
99615,246.0,102.0,142.0,133.0
99616,259.0,124.0,149.0,148.0
99617,257.0,87.0,143.0,151.0
99618,251.0,87.0,151.0,129.0
99619,247.0,88.0,130.0,136.0
99620,240.0,109.0,139.0,133.0
99621,244.0,71.0,131.0,131.0
99622,251.0,129.0,130.0,141.0
99623,264.0,63.0,152.0,155.0
99624,238.0,171.0,148.0,129.0
99625,238.0,69.0,141.0,133.0
99626,221.0,70.0,118.0,123.0
99627,244.0,116.0,144.0,129.0
99628,253.0,121.0,144.0,142.0
99629,245.0,145.0,137.0,139.0
99630,248.0,134.0,131.0,149.0
99631,264.0,105.0,167.0,140.0
99632,256.0,160.0,150.0,151.0
99633,254.0,132.0,151.0,143.0
99634,226.0,76.0,118.0,121.0
99635,240.0,152.0,152.0,123.0
99636,241.0,141.0,144.0,144.0
99637,252.0,84.0,136.0,131.0
99638,252.0,95.0,130.0,137.0
99639,255.0,145.0,139.0,152.0
99640,232.0,78.0,129.0,131.0
99641,247.0,135.0,135.0,148.0
99642,253.0,90.0,126.0,145.0
99643,248.0,95.0,141.0,148.0
99644,237.0,78.0,126.0,135.0
99645,273.0,126.0,159.0,166.0
99646,260.0,127.0,136.0,145.0
99647,238.0,85.0,125.0,137.0
99648,281.0,119.0,152.0,141.0
99649,257.0,222.0,161.0,134.0
99650,254.0,125.0,144.0,151.0
99651,253.0,110.0,141.0,160.0
99652,247.0,128.0,136.0,126.0
99653,238.0,142.0,128.0,141.0
99654,256.0,175.0,138.0,141.0
99655,259.0,145.0,147.0,142.0
99656,248.0,140.0,138.0,139.0
99657,248.0,120.0,146.0,134.0
99658,224.0,57.0,135.0,122.0
99659,263.0,122.0,163.0,160.0
99660,257.0,121.0,151.0,132.0
99661,264.0,134.0,151.0,157.0
99662,256.0,161.0,154.0,147.0
99663,239.0,85.0,145.0,138.0
99664,256.0,90.0,122.0,148.0
99665,277.0,159.0,164.0,163.0
99666,254.0,113.0,140.0,137.0
99667,252.0,149.0,135.0,131.0
99668,249.0,227.0,143.0,144.0
99669,249.0,159.0,139.0,134.0
99670,259.0,53.0,151.0,147.0
99671,222.0,94.0,125.0,119.0
99672,240.0,84.0,127.0,131.0
99673,246.0,116.0,125.0,144.0
99674,261.0,146.0,142.0,146.0
99675,240.0,163.0,152.0,136.0
99676,254.0,43.0,126.0,145.0
99677,249.0,76.0,165.0,147.0
99678,254.0,126.0,139.0,146.0
99679,243.0,40.0,155.0,133.0
99680,269.0,136.0,151.0,156.0
99681,250.0,73.0,133.0,134.0
99682,247.0,146.0,126.0,137.0
99683,246.0,84.0,142.0,142.0
99684,265.0,115.0,143.0,147.0
99685,285.0,121.0,165.0,171.0
99686,245.0,134.0,137.0,126.0
99687,249.0,95.0,144.0,149.0
99688,264.0,74.0,151.0,137.0
99689,268.0,132.0,147.0,144.0
99690,256.0,127.0,148.0,146.0
99691,260.0,91.0,150.0,160.0
99692,241.0,103.0,134.0,133.0
99693,255.0,117.0,133.0,132.0
99694,254.0,133.0,132.0,144.0
99695,251.0,109.0,137.0,151.0
99696,229.0,117.0,132.0,132.0
99697,243.0,98.0,126.0,146.0
99698,270.0,135.0,147.0,134.0
99699,239.0,114.0,125.0,134.0
99700,240.0,195.0,123.0,114.0
99701,243.0,113.0,139.0,145.0
99702,249.0,107.0,149.0,136.0
99703,255.0,116.0,144.0,150.0
99704,244.0,200.0,139.0,130.0
99705,251.0,89.0,144.0,154.0
99706,236.0,86.0,133.0,142.0
99707,267.0,111.0,158.0,140.0
99708,234.0,79.0,141.0,119.0
99709,214.0,155.0,115.0,104.0
99710,246.0,107.0,136.0,139.0
99711,264.0,167.0,146.0,143.0
99712,249.0,127.0,125.0,134.0
99713,260.0,260.0,154.0,160.0
99714,271.0,271.0,158.0,156.0
99715,246.0,86.0,131.0,134.0
99716,258.0,247.0,146.0,145.0
99717,245.0,65.0,138.0,140.0
99718,263.0,126.0,149.0,169.0
99719,251.0,135.0,151.0,136.0
99720,230.0,123.0,131.0,115.0
99721,250.0,87.0,129.0,137.0
99722,257.0,245.0,146.0,134.0
99723,231.0,132.0,132.0,138.0
99724,248.0,232.0,140.0,144.0
99725,263.0,140.0,135.0,146.0
99726,254.0,83.0,135.0,130.0
99727,253.0,114.0,143.0,151.0
99728,251.0,105.0,147.0,154.0
99729,270.0,134.0,141.0,160.0
99730,243.0,100.0,135.0,140.0
99731,253.0,150.0,132.0,146.0
99732,254.0,96.0,154.0,134.0
99733,239.0,97.0,138.0,139.0
99734,228.0,46.0,138.0,135.0
99735,247.0,105.0,143.0,142.0
99736,251.0,117.0,135.0,139.0
99737,273.0,120.0,166.0,150.0
99738,271.0,233.0,149.0,161.0
99739,245.0,84.0,147.0,145.0
99740,257.0,140.0,146.0,146.0
99741,249.0,137.0,146.0,140.0
99742,255.0,130.0,141.0,144.0
99743,239.0,114.0,135.0,130.0
99744,241.0,119.0,138.0,127.0
99745,259.0,94.0,138.0,151.0
99746,252.0,132.0,159.0,146.0
99747,262.0,102.0,153.0,150.0
99748,257.0,98.0,133.0,147.0
99749,240.0,103.0,143.0,132.0
99750,266.0,124.0,158.0,137.0
99751,229.0,119.0,139.0,145.0
99752,244.0,69.0,139.0,116.0
99753,250.0,85.0,145.0,148.0
99754,241.0,84.0,130.0,149.0
99755,261.0,103.0,143.0,149.0
99756,224.0,104.0,114.0,127.0
99757,240.0,102.0,143.0,137.0
99758,259.0,106.0,151.0,154.0
99759,264.0,115.0,156.0,151.0
99760,235.0,45.0,137.0,135.0
99761,233.0,135.0,138.0,146.0
99762,270.0,148.0,152.0,154.0
99763,261.0,122.0,132.0,146.0
99764,237.0,130.0,132.0,130.0
99765,258.0,134.0,122.0,136.0
99766,246.0,88.0,140.0,138.0
99767,248.0,215.0,142.0,154.0
99768,253.0,126.0,138.0,154.0
99769,245.0,100.0,139.0,126.0
99770,231.0,97.0,118.0,133.0
99771,240.0,117.0,143.0,134.0
99772,246.0,130.0,140.0,147.0
99773,256.0,127.0,123.0,143.0
99774,238.0,141.0,136.0,130.0
99775,241.0,121.0,145.0,132.0
99776,253.0,80.0,149.0,136.0
99777,248.0,127.0,132.0,131.0
99778,247.0,100.0,152.0,146.0
99779,262.0,166.0,166.0,152.0
99780,263.0,66.0,148.0,148.0
99781,239.0,87.0,132.0,131.0
99782,257.0,84.0,144.0,154.0
99783,250.0,148.0,141.0,126.0
99784,258.0,143.0,145.0,154.0
99785,267.0,59.0,165.0,158.0
99786,238.0,125.0,141.0,144.0
99787,250.0,99.0,140.0,148.0
99788,245.0,100.0,132.0,131.0
99789,230.0,93.0,146.0,140.0
99790,238.0,88.0,128.0,144.0
99791,218.0,189.0,123.0,110.0
99792,272.0,130.0,153.0,141.0
99793,231.0,111.0,120.0,124.0
99794,211.0,104.0,104.0,121.0
99795,246.0,151.0,134.0,146.0
99796,243.0,130.0,146.0,136.0
99797,260.0,102.0,138.0,136.0
99798,263.0,71.0,153.0,154.0
99799,227.0,98.0,131.0,120.0
99800,257.0,113.0,145.0,143.0
99801,245.0,89.0,137.0,125.0
99802,272.0,95.0,149.0,162.0
99803,245.0,120.0,135.0,147.0
99804,234.0,118.0,130.0,127.0
99805,245.0,127.0,120.0,125.0
99806,252.0,77.0,136.0,156.0
99807,253.0,101.0,122.0,148.0
99808,227.0,95.0,123.0,120.0
99809,263.0,123.0,157.0,141.0
99810,243.0,170.0,159.0,129.0
99811,247.0,142.0,130.0,135.0
99812,235.0,54.0,147.0,120.0
99813,260.0,88.0,136.0,140.0
99814,241.0,104.0,123.0,133.0
99815,249.0,125.0,144.0,139.0
99816,271.0,114.0,145.0,151.0
99817,220.0,77.0,121.0,132.0
99818,256.0,141.0,155.0,164.0
99819,249.0,99.0,116.0,143.0
99820,234.0,111.0,151.0,125.0
99821,249.0,121.0,156.0,138.0
99822,240.0,123.0,127.0,140.0
99823,245.0,99.0,130.0,143.0
99824,240.0,138.0,139.0,130.0
99825,248.0,70.0,136.0,153.0
99826,242.0,93.0,141.0,145.0
99827,260.0,90.0,135.0,130.0
99828,262.0,125.0,152.0,168.0
99829,265.0,139.0,140.0,147.0
99830,258.0,108.0,148.0,154.0
99831,237.0,123.0,140.0,132.0
99832,262.0,181.0,144.0,148.0
99833,234.0,123.0,129.0,140.0
99834,263.0,150.0,133.0,142.0
99835,232.0,110.0,134.0,133.0
99836,254.0,159.0,133.0,134.0
99837,226.0,92.0,125.0,124.0
99838,247.0,158.0,140.0,138.0
99839,277.0,138.0,161.0,154.0
99840,244.0,121.0,133.0,151.0
99841,253.0,119.0,142.0,141.0
99842,261.0,98.0,158.0,136.0
99843,239.0,80.0,141.0,131.0
99844,225.0,115.0,143.0,114.0
99845,249.0,113.0,131.0,140.0
99846,258.0,218.0,145.0,140.0
99847,254.0,106.0,133.0,122.0
99848,263.0,112.0,149.0,158.0
99849,241.0,114.0,128.0,144.0
99850,260.0,169.0,141.0,133.0
99851,254.0,136.0,145.0,131.0
99852,279.0,97.0,157.0,155.0
99853,247.0,88.0,136.0,140.0
99854,263.0,129.0,141.0,157.0
99855,259.0,227.0,141.0,131.0
99856,251.0,226.0,148.0,135.0
99857,270.0,129.0,151.0,141.0
99858,248.0,85.0,152.0,149.0
99859,256.0,163.0,144.0,141.0
99860,252.0,120.0,143.0,143.0
99861,273.0,119.0,153.0,164.0
99862,267.0,104.0,143.0,148.0
99863,256.0,146.0,143.0,152.0
99864,254.0,106.0,122.0,125.0
99865,245.0,136.0,145.0,133.0
99866,246.0,152.0,130.0,138.0
99867,269.0,130.0,152.0,154.0
99868,260.0,104.0,147.0,140.0
99869,261.0,112.0,154.0,159.0
99870,239.0,143.0,141.0,139.0
99871,261.0,99.0,145.0,150.0
99872,230.0,70.0,137.0,134.0
99873,245.0,208.0,127.0,142.0
99874,271.0,211.0,159.0,153.0
99875,251.0,100.0,141.0,144.0
99876,274.0,134.0,152.0,130.0
99877,259.0,101.0,133.0,157.0
99878,255.0,90.0,136.0,140.0
99879,254.0,132.0,132.0,124.0
99880,246.0,153.0,127.0,135.0
99881,244.0,166.0,130.0,143.0
99882,250.0,101.0,123.0,144.0
99883,235.0,67.0,128.0,114.0
99884,254.0,149.0,149.0,146.0
99885,264.0,147.0,139.0,144.0
99886,294.0,145.0,161.0,153.0
99887,285.0,127.0,170.0,176.0
99888,218.0,105.0,131.0,121.0
99889,241.0,209.0,136.0,137.0
99890,253.0,202.0,137.0,154.0
99891,252.0,220.0,144.0,148.0
99892,259.0,124.0,155.0,157.0
99893,255.0,82.0,154.0,147.0
99894,262.0,103.0,145.0,140.0
99895,240.0,122.0,121.0,130.0
99896,224.0,81.0,111.0,123.0
99897,257.0,181.0,152.0,138.0
99898,242.0,133.0,134.0,137.0
99899,258.0,84.0,145.0,133.0
99900,246.0,65.0,134.0,150.0
99901,239.0,111.0,133.0,141.0
99902,243.0,211.0,143.0,132.0
99903,275.0,143.0,160.0,156.0
99904,254.0,158.0,146.0,148.0
99905,273.0,88.0,160.0,151.0
99906,256.0,171.0,139.0,130.0
99907,223.0,97.0,124.0,125.0
99908,257.0,83.0,140.0,150.0
99909,255.0,118.0,149.0,148.0
99910,258.0,227.0,141.0,142.0
99911,241.0,213.0,153.0,130.0
99912,267.0,47.0,154.0,142.0
99913,250.0,130.0,150.0,132.0
99914,257.0,176.0,145.0,135.0
99915,242.0,226.0,137.0,132.0
99916,269.0,111.0,136.0,151.0
99917,236.0,119.0,134.0,139.0
99918,237.0,102.0,127.0,132.0
99919,243.0,96.0,144.0,133.0
99920,257.0,89.0,131.0,142.0
99921,230.0,67.0,123.0,127.0
99922,241.0,129.0,130.0,138.0
99923,213.0,108.0,120.0,121.0
99924,254.0,103.0,138.0,147.0
99925,237.0,89.0,154.0,138.0
99926,255.0,119.0,143.0,149.0
99927,261.0,100.0,156.0,144.0
99928,234.0,206.0,136.0,135.0
99929,245.0,217.0,129.0,135.0
99930,261.0,139.0,150.0,135.0
99931,248.0,109.0,125.0,131.0
99932,245.0,90.0,140.0,139.0
99933,242.0,121.0,143.0,135.0
99934,229.0,143.0,127.0,121.0
99935,256.0,137.0,141.0,140.0
99936,227.0,142.0,134.0,136.0
99937,247.0,117.0,144.0,144.0
99938,242.0,172.0,136.0,140.0
99939,265.0,110.0,147.0,144.0
99940,254.0,51.0,141.0,143.0
99941,247.0,117.0,142.0,144.0
99942,268.0,73.0,159.0,160.0
99943,254.0,125.0,138.0,136.0
99944,258.0,116.0,144.0,140.0
99945,251.0,133.0,137.0,138.0
99946,255.0,213.0,126.0,148.0
99947,248.0,206.0,147.0,136.0
99948,259.0,129.0,127.0,137.0
99949,258.0,139.0,127.0,150.0
99950,219.0,80.0,118.0,123.0
99951,253.0,128.0,149.0,152.0
99952,248.0,94.0,142.0,126.0
99953,249.0,199.0,130.0,132.0
99954,241.0,123.0,133.0,122.0
99955,278.0,136.0,176.0,159.0
99956,267.0,120.0,154.0,144.0
99957,232.0,106.0,128.0,144.0
99958,247.0,84.0,139.0,146.0
99959,257.0,95.0,146.0,126.0
99960,242.0,122.0,124.0,139.0
99961,243.0,111.0,146.0,132.0
99962,274.0,124.0,155.0,156.0
99963,257.0,98.0,143.0,152.0
99964,227.0,89.0,134.0,136.0
99965,275.0,131.0,139.0,153.0
99966,252.0,189.0,141.0,145.0
99967,262.0,104.0,158.0,146.0
99968,231.0,100.0,130.0,131.0
99969,260.0,118.0,154.0,149.0
99970,266.0,155.0,154.0,147.0
99971,263.0,110.0,147.0,151.0
99972,275.0,115.0,165.0,152.0
99973,249.0,86.0,136.0,141.0
99974,249.0,64.0,136.0,151.0
99975,237.0,94.0,140.0,127.0
99976,253.0,172.0,133.0,144.0
99977,247.0,92.0,142.0,140.0
99978,274.0,80.0,148.0,165.0
99979,255.0,97.0,149.0,134.0
99980,255.0,149.0,137.0,162.0
99981,251.0,150.0,147.0,143.0
99982,252.0,125.0,136.0,129.0
99983,253.0,93.0,142.0,135.0
99984,235.0,95.0,141.0,128.0
99985,246.0,71.0,130.0,133.0
99986,259.0,132.0,151.0,146.0
99987,248.0,136.0,120.0,137.0
99988,221.0,221.0,118.0,120.0
99989,229.0,98.0,117.0,126.0
99990,259.0,115.0,153.0,140.0
99991,263.0,125.0,139.0,127.0
99992,255.0,100.0,147.0,141.0
99993,247.0,199.0,138.0,134.0
99994,268.0,138.0,146.0,153.0
99995,229.0,102.0,123.0,120.0
99996,225.0,110.0,117.0,137.0
99997,225.0,79.0,125.0,140.0
99998,247.0,139.0,144.0,146.0
99999,237.0,109.0,147.0,131.0
100000,243.0,193.0,128.0,120.0
100001,254.0,120.0,151.0,142.0
100002,257.0,73.0,136.0,151.0
100003,262.0,140.0,152.0,146.0
100004,237.0,203.0,131.0,132.0
100005,254.0,128.0,131.0,155.0
100006,226.0,79.0,131.0,134.0
100007,267.0,105.0,134.0,151.0
100008,264.0,113.0,143.0,150.0
100009,251.0,217.0,156.0,145.0
100010,263.0,145.0,158.0,144.0
100011,272.0,102.0,140.0,161.0
100012,253.0,91.0,131.0,140.0
100013,264.0,140.0,150.0,151.0
100014,237.0,163.0,125.0,138.0
100015,264.0,125.0,145.0,144.0
100016,261.0,123.0,154.0,144.0
100017,260.0,115.0,133.0,157.0
100018,249.0,120.0,139.0,134.0
100019,257.0,223.0,150.0,139.0
100020,250.0,124.0,132.0,132.0
100021,265.0,138.0,159.0,141.0
100022,243.0,115.0,140.0,147.0
100023,261.0,106.0,161.0,146.0
100024,247.0,102.0,137.0,150.0
100025,256.0,119.0,146.0,136.0
100026,247.0,172.0,139.0,139.0
100027,238.0,161.0,147.0,124.0
100028,243.0,209.0,149.0,135.0
100029,259.0,145.0,145.0,143.0
100030,267.0,142.0,164.0,150.0
100031,240.0,77.0,130.0,133.0
100032,252.0,133.0,138.0,142.0
100033,235.0,102.0,119.0,127.0
100034,232.0,95.0,138.0,125.0
100035,233.0,98.0,142.0,125.0
100036,234.0,48.0,134.0,126.0
100037,249.0,236.0,142.0,136.0
100038,243.0,119.0,139.0,138.0
100039,258.0,95.0,152.0,142.0
100040,236.0,82.0,149.0,137.0
100041,241.0,96.0,140.0,133.0
100042,264.0,145.0,148.0,157.0
100043,283.0,124.0,141.0,160.0
100044,262.0,99.0,157.0,147.0
100045,242.0,125.0,140.0,126.0
100046,236.0,137.0,124.0,129.0
100047,238.0,118.0,139.0,130.0
100048,272.0,153.0,132.0,165.0
100049,246.0,98.0,138.0,152.0
100050,260.0,111.0,146.0,138.0
100051,232.0,92.0,137.0,129.0
100052,267.0,150.0,146.0,139.0
100053,248.0,143.0,144.0,140.0
100054,244.0,237.0,137.0,143.0
100055,246.0,118.0,144.0,128.0
100056,233.0,75.0,132.0,130.0
100057,258.0,127.0,144.0,141.0
100058,239.0,127.0,115.0,124.0
100059,269.0,126.0,141.0,148.0
100060,229.0,118.0,136.0,128.0
100061,237.0,127.0,151.0,134.0
100062,250.0,116.0,156.0,148.0
100063,242.0,89.0,137.0,121.0
100064,276.0,127.0,161.0,155.0
100065,253.0,145.0,137.0,148.0
100066,247.0,163.0,135.0,145.0
100067,223.0,153.0,132.0,131.0
100068,250.0,93.0,117.0,146.0
100069,264.0,106.0,145.0,160.0
100070,256.0,122.0,140.0,143.0
100071,263.0,128.0,153.0,143.0
100072,274.0,140.0,153.0,145.0
100073,254.0,107.0,137.0,145.0
100074,225.0,124.0,121.0,123.0
100075,254.0,135.0,134.0,139.0
100076,244.0,63.0,147.0,137.0
100077,229.0,99.0,132.0,127.0
100078,228.0,199.0,134.0,139.0
100079,260.0,231.0,155.0,147.0
100080,255.0,116.0,136.0,154.0
100081,240.0,83.0,125.0,148.0
100082,239.0,111.0,142.0,123.0
100083,258.0,125.0,135.0,146.0
100084,240.0,151.0,138.0,146.0
100085,246.0,216.0,126.0,133.0
100086,259.0,87.0,159.0,158.0
100087,250.0,124.0,145.0,136.0
100088,265.0,213.0,149.0,155.0
100089,234.0,86.0,124.0,119.0
100090,250.0,123.0,140.0,132.0
100091,269.0,178.0,156.0,148.0
100092,224.0,107.0,132.0,126.0
100093,247.0,126.0,140.0,130.0
100094,263.0,84.0,146.0,148.0
100095,270.0,86.0,149.0,165.0
100096,248.0,152.0,130.0,137.0
100097,264.0,131.0,160.0,148.0
100098,242.0,120.0,119.0,133.0
100099,248.0,138.0,121.0,141.0
100100,256.0,121.0,137.0,148.0
100101,226.0,82.0,131.0,130.0
100102,246.0,83.0,131.0,135.0
100103,259.0,115.0,147.0,138.0
100104,259.0,119.0,159.0,140.0
100105,237.0,118.0,123.0,137.0
100106,259.0,241.0,164.0,139.0
100107,269.0,113.0,142.0,166.0
100108,245.0,120.0,138.0,143.0
100109,267.0,108.0,153.0,160.0
100110,249.0,96.0,148.0,140.0
100111,263.0,105.0,144.0,145.0
100112,237.0,78.0,144.0,130.0
100113,239.0,114.0,127.0,122.0
100114,252.0,221.0,164.0,128.0
100115,226.0,86.0,134.0,120.0
100116,268.0,77.0,137.0,149.0
100117,268.0,87.0,152.0,167.0
100118,277.0,91.0,144.0,156.0
100119,258.0,72.0,137.0,146.0
100120,258.0,103.0,143.0,135.0
100121,235.0,97.0,128.0,136.0
100122,238.0,97.0,124.0,128.0
100123,243.0,103.0,139.0,127.0
100124,230.0,93.0,138.0,136.0
100125,252.0,99.0,156.0,136.0
100126,240.0,114.0,132.0,147.0
100127,245.0,113.0,137.0,142.0
100128,242.0,124.0,130.0,141.0
100129,247.0,111.0,127.0,132.0
100130,235.0,122.0,127.0,133.0
100131,253.0,183.0,142.0,141.0
100132,257.0,94.0,136.0,137.0
100133,245.0,158.0,126.0,141.0
100134,240.0,112.0,123.0,135.0
100135,259.0,112.0,138.0,149.0
100136,240.0,98.0,140.0,124.0
100137,292.0,146.0,151.0,145.0
100138,262.0,224.0,136.0,141.0
100139,232.0,193.0,137.0,140.0
100140,249.0,73.0,151.0,133.0
100141,259.0,41.0,150.0,152.0
100142,255.0,161.0,149.0,145.0
100143,236.0,90.0,126.0,140.0
100144,248.0,87.0,137.0,125.0
100145,262.0,140.0,151.0,140.0
100146,244.0,215.0,136.0,137.0
100147,244.0,104.0,136.0,143.0
100148,251.0,109.0,156.0,153.0
100149,271.0,67.0,146.0,147.0
100150,252.0,93.0,119.0,159.0
100151,256.0,165.0,132.0,137.0
100152,260.0,123.0,149.0,151.0
100153,235.0,179.0,127.0,126.0
100154,265.0,109.0,143.0,147.0
100155,246.0,129.0,153.0,150.0
100156,239.0,216.0,147.0,135.0
100157,260.0,66.0,145.0,151.0
100158,264.0,114.0,146.0,148.0
100159,259.0,153.0,137.0,145.0
100160,264.0,104.0,142.0,150.0
100161,242.0,85.0,133.0,141.0
100162,240.0,124.0,138.0,136.0
100163,234.0,101.0,135.0,141.0
100164,254.0,148.0,128.0,149.0
100165,240.0,125.0,142.0,132.0
100166,243.0,117.0,147.0,130.0
100167,250.0,125.0,133.0,123.0
100168,236.0,105.0,136.0,129.0
100169,243.0,106.0,138.0,140.0
100170,251.0,134.0,120.0,127.0
100171,238.0,93.0,138.0,141.0
100172,263.0,172.0,147.0,146.0
100173,267.0,95.0,157.0,154.0
100174,234.0,110.0,127.0,132.0
100175,234.0,76.0,128.0,133.0
100176,240.0,138.0,150.0,133.0
100177,248.0,134.0,140.0,149.0
100178,262.0,90.0,155.0,157.0
100179,250.0,134.0,137.0,134.0
100180,266.0,179.0,159.0,156.0
100181,249.0,228.0,147.0,127.0
100182,252.0,104.0,159.0,148.0
100183,260.0,147.0,147.0,152.0
100184,252.0,144.0,144.0,139.0
100185,249.0,108.0,128.0,144.0
100186,251.0,140.0,140.0,137.0
100187,253.0,122.0,153.0,135.0
100188,264.0,120.0,141.0,146.0
100189,247.0,131.0,131.0,149.0
100190,246.0,173.0,139.0,122.0
100191,256.0,93.0,152.0,158.0
100192,237.0,58.0,133.0,142.0
100193,240.0,123.0,131.0,126.0
100194,254.0,123.0,134.0,151.0
100195,266.0,144.0,156.0,142.0
100196,255.0,96.0,146.0,150.0
100197,220.0,89.0,137.0,117.0
100198,237.0,126.0,138.0,140.0
100199,267.0,85.0,150.0,155.0
100200,235.0,112.0,137.0,131.0
100201,238.0,160.0,133.0,122.0
100202,236.0,87.0,135.0,125.0
100203,266.0,124.0,157.0,144.0
100204,263.0,132.0,125.0,144.0
100205,262.0,113.0,155.0,148.0
100206,244.0,130.0,137.0,139.0
100207,251.0,126.0,127.0,136.0
100208,251.0,132.0,159.0,136.0
100209,257.0,124.0,147.0,146.0
100210,256.0,107.0,153.0,144.0
100211,265.0,113.0,143.0,144.0
100212,253.0,204.0,138.0,152.0
100213,236.0,92.0,138.0,150.0
100214,225.0,134.0,124.0,114.0
100215,237.0,110.0,138.0,142.0
100216,263.0,180.0,156.0,153.0
100217,235.0,90.0,152.0,140.0
100218,254.0,137.0,135.0,152.0
100219,257.0,115.0,154.0,134.0
100220,236.0,195.0,139.0,117.0
100221,270.0,123.0,162.0,135.0
100222,247.0,111.0,133.0,122.0
100223,242.0,100.0,154.0,143.0
100224,271.0,102.0,141.0,137.0
100225,257.0,137.0,144.0,147.0
100226,252.0,134.0,153.0,146.0
100227,263.0,243.0,151.0,157.0
100228,269.0,102.0,156.0,164.0
100229,250.0,95.0,150.0,126.0
100230,271.0,198.0,154.0,147.0
100231,251.0,38.0,142.0,143.0
100232,243.0,73.0,141.0,133.0
100233,250.0,78.0,155.0,136.0
100234,285.0,137.0,160.0,168.0
100235,243.0,91.0,132.0,142.0
100236,259.0,99.0,137.0,137.0
100237,246.0,84.0,130.0,138.0
100238,249.0,135.0,148.0,139.0
100239,264.0,237.0,160.0,156.0
100240,257.0,106.0,144.0,133.0
100241,238.0,112.0,129.0,147.0
100242,269.0,112.0,155.0,150.0
100243,244.0,62.0,139.0,147.0
100244,231.0,100.0,126.0,130.0
100245,222.0,88.0,146.0,132.0
100246,246.0,134.0,115.0,141.0
100247,273.0,117.0,156.0,140.0
100248,261.0,204.0,149.0,150.0
100249,260.0,157.0,132.0,136.0
100250,255.0,104.0,147.0,138.0
100251,253.0,88.0,138.0,151.0
100252,236.0,130.0,136.0,134.0
100253,272.0,92.0,160.0,148.0
100254,252.0,108.0,149.0,141.0
100255,244.0,99.0,122.0,146.0
100256,248.0,102.0,138.0,139.0
100257,260.0,232.0,155.0,160.0
100258,278.0,99.0,169.0,159.0
100259,251.0,210.0,146.0,137.0
100260,259.0,192.0,147.0,156.0
100261,223.0,52.0,109.0,124.0
100262,244.0,190.0,141.0,140.0
100263,267.0,149.0,151.0,135.0
100264,251.0,131.0,129.0,132.0
100265,247.0,113.0,141.0,123.0
100266,243.0,144.0,144.0,147.0
100267,260.0,120.0,136.0,147.0
100268,244.0,100.0,140.0,140.0
100269,268.0,117.0,162.0,143.0
100270,244.0,106.0,142.0,130.0
100271,265.0,89.0,148.0,145.0
100272,268.0,132.0,135.0,149.0
100273,234.0,123.0,138.0,118.0
100274,249.0,94.0,145.0,132.0
100275,236.0,142.0,127.0,141.0
100276,232.0,95.0,137.0,142.0
100277,241.0,106.0,131.0,147.0
100278,236.0,81.0,120.0,146.0
100279,258.0,89.0,139.0,148.0
100280,283.0,129.0,158.0,164.0
100281,280.0,149.0,163.0,159.0
100282,267.0,133.0,143.0,142.0
100283,250.0,95.0,149.0,143.0
100284,220.0,124.0,111.0,127.0
100285,255.0,151.0,150.0,136.0
100286,241.0,123.0,127.0,132.0
100287,227.0,87.0,133.0,120.0
100288,245.0,168.0,127.0,160.0
100289,264.0,215.0,154.0,137.0
100290,276.0,157.0,152.0,155.0
100291,253.0,98.0,148.0,144.0
100292,232.0,92.0,142.0,137.0
100293,262.0,116.0,145.0,149.0
100294,253.0,108.0,128.0,138.0
100295,263.0,109.0,165.0,152.0
100296,252.0,103.0,152.0,140.0
100297,249.0,119.0,142.0,137.0
100298,250.0,101.0,130.0,149.0
100299,253.0,110.0,132.0,138.0
100300,236.0,144.0,139.0,114.0
100301,266.0,144.0,134.0,144.0
100302,257.0,127.0,152.0,154.0
100303,262.0,131.0,172.0,141.0
100304,252.0,124.0,129.0,138.0
100305,249.0,94.0,149.0,146.0
100306,253.0,137.0,149.0,122.0
100307,237.0,154.0,129.0,125.0
100308,249.0,74.0,131.0,131.0
100309,271.0,112.0,145.0,157.0
100310,237.0,61.0,131.0,129.0
100311,245.0,103.0,136.0,149.0
100312,240.0,95.0,132.0,139.0
100313,244.0,119.0,131.0,142.0
100314,261.0,117.0,144.0,155.0
100315,254.0,121.0,139.0,129.0
100316,235.0,206.0,129.0,124.0
100317,263.0,99.0,136.0,147.0
100318,263.0,63.0,146.0,148.0
100319,236.0,120.0,130.0,137.0
100320,277.0,185.0,148.0,155.0
100321,256.0,96.0,151.0,139.0
100322,254.0,119.0,163.0,141.0
100323,269.0,237.0,153.0,146.0
100324,263.0,153.0,146.0,141.0
100325,240.0,90.0,137.0,134.0
100326,244.0,79.0,145.0,159.0
100327,230.0,76.0,111.0,132.0
100328,255.0,118.0,148.0,147.0
100329,247.0,122.0,143.0,147.0
100330,261.0,151.0,130.0,148.0
100331,256.0,126.0,120.0,141.0
100332,225.0,113.0,134.0,129.0
100333,264.0,79.0,160.0,160.0
100334,264.0,145.0,152.0,170.0
100335,260.0,133.0,143.0,138.0
100336,272.0,116.0,162.0,154.0
100337,259.0,168.0,137.0,159.0
100338,261.0,128.0,148.0,150.0
100339,252.0,133.0,138.0,140.0
100340,219.0,107.0,123.0,117.0
100341,247.0,88.0,146.0,142.0
100342,249.0,72.0,148.0,139.0
100343,252.0,95.0,148.0,151.0
100344,255.0,96.0,158.0,151.0
100345,245.0,116.0,147.0,142.0
100346,235.0,79.0,127.0,132.0
100347,247.0,112.0,139.0,154.0
100348,243.0,116.0,147.0,127.0
100349,224.0,85.0,125.0,125.0
100350,282.0,160.0,162.0,164.0
100351,272.0,134.0,156.0,150.0
100352,254.0,91.0,145.0,151.0
100353,226.0,73.0,118.0,121.0
100354,242.0,101.0,122.0,143.0
100355,274.0,141.0,170.0,158.0
100356,245.0,108.0,140.0,138.0
100357,269.0,103.0,156.0,143.0
100358,266.0,139.0,145.0,151.0
100359,246.0,173.0,134.0,134.0
100360,246.0,101.0,130.0,153.0
100361,249.0,86.0,140.0,134.0
100362,264.0,123.0,151.0,155.0
100363,261.0,137.0,135.0,152.0
100364,218.0,79.0,108.0,119.0
100365,248.0,80.0,137.0,142.0
100366,240.0,121.0,130.0,135.0
100367,225.0,104.0,126.0,127.0
100368,264.0,125.0,154.0,163.0
100369,285.0,146.0,163.0,161.0
100370,256.0,122.0,150.0,135.0
100371,259.0,100.0,150.0,145.0
100372,257.0,71.0,134.0,141.0
100373,256.0,112.0,135.0,167.0
100374,240.0,155.0,141.0,130.0
100375,254.0,93.0,142.0,140.0
100376,228.0,112.0,119.0,119.0
100377,264.0,137.0,154.0,148.0
100378,219.0,109.0,127.0,114.0
100379,255.0,105.0,136.0,151.0
100380,263.0,89.0,155.0,145.0
100381,245.0,119.0,143.0,137.0
100382,237.0,122.0,137.0,128.0
100383,244.0,102.0,155.0,142.0
100384,242.0,150.0,135.0,138.0
100385,258.0,106.0,147.0,137.0
100386,249.0,107.0,142.0,144.0
100387,251.0,95.0,145.0,142.0
100388,246.0,149.0,150.0,140.0
100389,235.0,137.0,142.0,130.0
100390,247.0,213.0,158.0,140.0
100391,250.0,149.0,132.0,139.0
100392,259.0,115.0,144.0,147.0
100393,253.0,133.0,149.0,159.0
100394,269.0,104.0,153.0,154.0
100395,228.0,69.0,134.0,122.0
100396,228.0,89.0,124.0,134.0
100397,268.0,143.0,158.0,133.0
100398,245.0,177.0,143.0,133.0
100399,249.0,126.0,143.0,141.0
100400,234.0,66.0,124.0,141.0
100401,228.0,70.0,123.0,137.0
100402,248.0,82.0,145.0,155.0
100403,246.0,110.0,148.0,139.0
100404,274.0,115.0,143.0,157.0
100405,246.0,165.0,142.0,127.0
100406,243.0,56.0,136.0,131.0
100407,243.0,127.0,125.0,128.0
100408,267.0,47.0,151.0,145.0
100409,255.0,144.0,144.0,135.0
100410,252.0,124.0,140.0,137.0
100411,265.0,128.0,159.0,141.0
100412,249.0,80.0,146.0,150.0
100413,280.0,116.0,172.0,155.0
100414,241.0,141.0,135.0,130.0
100415,263.0,170.0,137.0,130.0
100416,237.0,210.0,127.0,139.0
100417,246.0,227.0,137.0,150.0
100418,241.0,125.0,126.0,137.0
100419,246.0,148.0,146.0,123.0
100420,255.0,135.0,149.0,156.0
100421,249.0,139.0,141.0,136.0
100422,278.0,106.0,165.0,145.0
100423,233.0,188.0,142.0,133.0
100424,254.0,147.0,159.0,140.0
100425,248.0,97.0,126.0,148.0
100426,243.0,136.0,120.0,134.0
100427,280.0,171.0,166.0,157.0
100428,235.0,107.0,121.0,131.0
100429,239.0,118.0,140.0,126.0
100430,242.0,131.0,153.0,144.0
100431,265.0,142.0,155.0,145.0
100432,255.0,73.0,131.0,144.0
100433,232.0,102.0,137.0,135.0
100434,231.0,128.0,126.0,120.0
100435,252.0,86.0,156.0,149.0
100436,258.0,120.0,142.0,149.0
100437,270.0,104.0,141.0,139.0
100438,244.0,57.0,151.0,152.0
100439,266.0,201.0,155.0,137.0
100440,238.0,83.0,132.0,150.0
100441,238.0,105.0,136.0,136.0
100442,265.0,126.0,153.0,145.0
100443,252.0,74.0,155.0,151.0
100444,229.0,127.0,134.0,119.0
100445,236.0,72.0,134.0,125.0
100446,280.0,170.0,157.0,162.0
100447,247.0,63.0,146.0,145.0
100448,247.0,126.0,143.0,142.0
100449,251.0,218.0,151.0,147.0
100450,233.0,109.0,135.0,133.0
100451,242.0,122.0,129.0,133.0
100452,290.0,118.0,165.0,172.0
100453,249.0,75.0,147.0,142.0
100454,245.0,130.0,144.0,135.0
100455,252.0,111.0,134.0,151.0
100456,249.0,88.0,150.0,140.0
100457,239.0,110.0,134.0,151.0
100458,269.0,109.0,146.0,135.0
100459,241.0,104.0,143.0,136.0
100460,246.0,141.0,129.0,135.0
100461,235.0,50.0,133.0,136.0
100462,266.0,92.0,164.0,151.0
100463,232.0,203.0,129.0,127.0
100464,263.0,130.0,170.0,145.0
100465,236.0,65.0,117.0,122.0
100466,249.0,123.0,136.0,144.0
100467,237.0,119.0,137.0,138.0
100468,242.0,92.0,143.0,146.0
100469,250.0,116.0,131.0,143.0
100470,238.0,59.0,128.0,122.0
100471,269.0,164.0,144.0,160.0
100472,283.0,160.0,151.0,141.0
100473,239.0,80.0,117.0,131.0
100474,239.0,92.0,142.0,125.0
100475,263.0,129.0,149.0,143.0
100476,265.0,109.0,137.0,137.0
100477,257.0,122.0,164.0,127.0
100478,240.0,198.0,148.0,144.0
100479,241.0,128.0,136.0,135.0
100480,260.0,91.0,145.0,143.0
100481,252.0,107.0,132.0,135.0
100482,254.0,97.0,159.0,135.0
100483,246.0,95.0,135.0,133.0
100484,252.0,128.0,130.0,143.0
100485,242.0,127.0,132.0,138.0
100486,276.0,126.0,171.0,136.0
100487,244.0,86.0,143.0,134.0
100488,238.0,107.0,147.0,139.0
100489,254.0,118.0,133.0,147.0
100490,227.0,112.0,125.0,124.0
100491,229.0,130.0,128.0,123.0
100492,272.0,72.0,167.0,159.0
100493,244.0,65.0,136.0,139.0
100494,242.0,126.0,138.0,132.0
100495,246.0,58.0,136.0,140.0
100496,253.0,82.0,141.0,138.0
100497,247.0,116.0,138.0,152.0
100498,261.0,118.0,130.0,141.0
100499,268.0,156.0,155.0,147.0
100500,252.0,169.0,137.0,135.0
100501,240.0,152.0,130.0,130.0
100502,228.0,201.0,135.0,144.0
100503,254.0,85.0,140.0,150.0
100504,253.0,101.0,130.0,141.0
100505,248.0,121.0,128.0,136.0
100506,257.0,201.0,138.0,135.0
100507,261.0,164.0,132.0,140.0
100508,258.0,96.0,161.0,146.0
100509,247.0,90.0,130.0,125.0
100510,256.0,102.0,147.0,133.0
100511,275.0,148.0,155.0,159.0
100512,231.0,129.0,127.0,128.0
100513,273.0,127.0,147.0,158.0
100514,252.0,112.0,141.0,146.0
100515,236.0,102.0,147.0,140.0
100516,256.0,123.0,135.0,137.0
100517,261.0,112.0,144.0,154.0
100518,229.0,108.0,134.0,117.0
100519,248.0,116.0,144.0,137.0
100520,253.0,142.0,141.0,147.0
100521,238.0,61.0,148.0,129.0
100522,236.0,116.0,138.0,131.0
100523,250.0,132.0,133.0,154.0
100524,253.0,100.0,126.0,139.0
100525,253.0,92.0,140.0,155.0
100526,261.0,75.0,133.0,154.0
100527,275.0,150.0,155.0,145.0
100528,264.0,135.0,147.0,139.0
100529,247.0,120.0,150.0,127.0
100530,241.0,109.0,143.0,140.0
100531,235.0,72.0,140.0,119.0
100532,262.0,80.0,151.0,153.0
100533,271.0,129.0,157.0,147.0
100534,235.0,108.0,133.0,125.0
100535,253.0,108.0,140.0,131.0
100536,251.0,80.0,145.0,132.0
100537,260.0,259.0,134.0,133.0
100538,254.0,109.0,157.0,158.0
100539,263.0,127.0,160.0,154.0
100540,258.0,78.0,142.0,153.0
100541,243.0,119.0,133.0,138.0
100542,254.0,113.0,137.0,139.0
100543,250.0,145.0,139.0,148.0
100544,255.0,106.0,141.0,140.0
100545,272.0,97.0,145.0,157.0
100546,257.0,96.0,147.0,147.0
100547,241.0,163.0,126.0,132.0
100548,229.0,118.0,126.0,139.0
100549,234.0,110.0,124.0,128.0
100550,237.0,165.0,132.0,135.0
100551,269.0,255.0,154.0,165.0
100552,263.0,249.0,160.0,149.0
100553,234.0,95.0,129.0,143.0
100554,265.0,145.0,160.0,173.0
100555,260.0,105.0,152.0,146.0
100556,241.0,65.0,115.0,139.0
100557,270.0,125.0,143.0,141.0
100558,252.0,126.0,139.0,147.0
100559,248.0,108.0,144.0,129.0
100560,268.0,108.0,151.0,158.0
100561,260.0,72.0,153.0,159.0
100562,229.0,136.0,111.0,133.0
100563,253.0,132.0,142.0,153.0
100564,262.0,107.0,144.0,162.0
100565,251.0,154.0,151.0,148.0
100566,245.0,120.0,157.0,148.0
100567,251.0,105.0,119.0,129.0
100568,246.0,94.0,146.0,137.0
100569,258.0,91.0,137.0,141.0
100570,244.0,76.0,142.0,147.0
100571,251.0,101.0,133.0,138.0
100572,222.0,100.0,120.0,126.0
100573,225.0,80.0,117.0,125.0
100574,239.0,80.0,147.0,134.0
100575,259.0,166.0,140.0,138.0
100576,271.0,109.0,157.0,162.0
100577,251.0,106.0,150.0,147.0
100578,231.0,91.0,118.0,127.0
100579,264.0,95.0,140.0,142.0
100580,242.0,108.0,139.0,144.0
100581,262.0,99.0,154.0,154.0
100582,214.0,65.0,128.0,125.0
100583,256.0,146.0,129.0,140.0
100584,254.0,56.0,150.0,140.0
100585,219.0,117.0,118.0,108.0
100586,230.0,143.0,124.0,136.0
100587,243.0,98.0,137.0,142.0
100588,271.0,184.0,135.0,159.0
100589,270.0,111.0,133.0,143.0
100590,259.0,98.0,146.0,156.0
100591,262.0,126.0,142.0,144.0
100592,273.0,147.0,131.0,152.0
100593,229.0,162.0,124.0,127.0
100594,244.0,207.0,140.0,142.0
100595,236.0,199.0,135.0,116.0
100596,253.0,111.0,154.0,135.0
100597,276.0,125.0,151.0,156.0
100598,263.0,129.0,153.0,140.0
100599,244.0,96.0,142.0,128.0
100600,254.0,242.0,131.0,144.0
100601,252.0,122.0,141.0,154.0
100602,234.0,175.0,123.0,123.0
100603,256.0,78.0,139.0,157.0
100604,266.0,110.0,148.0,149.0
100605,249.0,241.0,150.0,138.0
100606,227.0,220.0,120.0,127.0
100607,264.0,103.0,164.0,136.0
100608,240.0,92.0,130.0,153.0
100609,260.0,126.0,160.0,139.0
100610,231.0,68.0,127.0,133.0
100611,248.0,99.0,136.0,124.0
100612,258.0,98.0,154.0,145.0
100613,264.0,98.0,142.0,161.0
100614,258.0,118.0,148.0,156.0
100615,297.0,121.0,189.0,167.0
100616,248.0,102.0,141.0,144.0
100617,241.0,91.0,138.0,145.0
100618,239.0,81.0,128.0,122.0
100619,244.0,127.0,124.0,131.0
100620,235.0,117.0,139.0,141.0
100621,250.0,122.0,134.0,138.0
100622,246.0,100.0,152.0,137.0
100623,255.0,115.0,151.0,133.0
100624,250.0,92.0,148.0,144.0
100625,227.0,196.0,133.0,128.0
100626,264.0,131.0,140.0,138.0
100627,248.0,166.0,155.0,145.0
100628,238.0,134.0,134.0,137.0
100629,249.0,108.0,132.0,159.0
100630,255.0,80.0,161.0,146.0
100631,250.0,152.0,147.0,142.0
100632,245.0,112.0,135.0,120.0
100633,251.0,87.0,136.0,133.0
100634,251.0,183.0,141.0,139.0
100635,250.0,136.0,129.0,147.0
100636,237.0,101.0,131.0,134.0
100637,249.0,88.0,139.0,157.0
100638,238.0,75.0,146.0,139.0
100639,258.0,141.0,161.0,129.0
100640,230.0,97.0,128.0,133.0
100641,243.0,108.0,133.0,139.0
100642,238.0,134.0,132.0,136.0
100643,262.0,123.0,123.0,146.0
100644,265.0,148.0,145.0,161.0
100645,262.0,107.0,140.0,144.0
100646,283.0,116.0,170.0,160.0
100647,251.0,99.0,140.0,142.0
100648,242.0,128.0,124.0,125.0
100649,240.0,156.0,128.0,121.0
100650,244.0,213.0,138.0,140.0
100651,236.0,128.0,139.0,144.0
100652,258.0,134.0,138.0,142.0
100653,237.0,95.0,132.0,136.0
100654,273.0,76.0,142.0,175.0
100655,266.0,94.0,158.0,159.0
100656,251.0,119.0,129.0,133.0
100657,259.0,98.0,131.0,151.0
100658,238.0,193.0,147.0,135.0
100659,222.0,110.0,134.0,114.0
100660,259.0,91.0,142.0,150.0
100661,269.0,141.0,151.0,155.0
100662,253.0,152.0,144.0,152.0
100663,271.0,123.0,148.0,155.0
100664,258.0,203.0,140.0,145.0
100665,250.0,119.0,141.0,140.0
100666,250.0,240.0,142.0,154.0
100667,242.0,121.0,127.0,130.0
100668,250.0,130.0,149.0,157.0
100669,223.0,85.0,133.0,120.0
100670,272.0,98.0,162.0,166.0
100671,255.0,79.0,135.0,140.0
100672,269.0,74.0,135.0,150.0
100673,232.0,148.0,138.0,130.0
100674,247.0,125.0,133.0,129.0
100675,276.0,154.0,160.0,164.0
100676,250.0,95.0,139.0,139.0
100677,243.0,96.0,150.0,130.0
100678,233.0,114.0,135.0,118.0
100679,224.0,103.0,131.0,125.0
100680,258.0,84.0,145.0,146.0
100681,255.0,76.0,143.0,141.0
100682,267.0,186.0,146.0,146.0
100683,262.0,136.0,135.0,144.0
100684,248.0,97.0,145.0,151.0
100685,246.0,103.0,134.0,142.0
100686,238.0,207.0,108.0,124.0
100687,279.0,181.0,142.0,151.0
100688,261.0,152.0,149.0,126.0
100689,250.0,125.0,132.0,130.0
100690,240.0,56.0,139.0,131.0
100691,239.0,102.0,127.0,143.0
100692,240.0,114.0,148.0,122.0
100693,251.0,99.0,141.0,136.0
100694,244.0,103.0,143.0,131.0
100695,251.0,126.0,140.0,132.0
100696,226.0,73.0,125.0,123.0
100697,244.0,107.0,111.0,137.0
100698,223.0,126.0,114.0,117.0
100699,263.0,117.0,131.0,164.0
100700,246.0,123.0,136.0,124.0
100701,254.0,120.0,153.0,147.0
100702,271.0,138.0,158.0,154.0
100703,216.0,130.0,120.0,111.0
100704,248.0,114.0,152.0,129.0
100705,222.0,121.0,122.0,121.0
100706,243.0,86.0,138.0,142.0
100707,264.0,145.0,142.0,145.0
100708,250.0,121.0,138.0,142.0
100709,251.0,90.0,148.0,143.0
100710,248.0,72.0,151.0,148.0
100711,239.0,92.0,134.0,136.0
100712,249.0,101.0,135.0,137.0
100713,248.0,127.0,133.0,143.0
100714,223.0,84.0,127.0,127.0
100715,241.0,213.0,146.0,149.0
100716,240.0,94.0,140.0,132.0
100717,252.0,111.0,140.0,140.0
100718,278.0,130.0,179.0,152.0
100719,234.0,118.0,136.0,128.0
100720,265.0,125.0,147.0,137.0
100721,241.0,105.0,136.0,136.0
100722,237.0,130.0,142.0,139.0
100723,249.0,107.0,141.0,148.0
100724,241.0,145.0,135.0,115.0
100725,260.0,101.0,145.0,143.0
100726,220.0,69.0,138.0,112.0
100727,240.0,107.0,137.0,127.0
100728,230.0,140.0,124.0,132.0
100729,254.0,131.0,135.0,146.0
100730,239.0,126.0,134.0,132.0
100731,242.0,116.0,146.0,140.0
100732,260.0,92.0,145.0,145.0
100733,265.0,80.0,146.0,150.0
100734,259.0,127.0,150.0,128.0
100735,244.0,68.0,146.0,137.0
100736,221.0,70.0,122.0,129.0
100737,245.0,206.0,144.0,146.0
100738,244.0,71.0,156.0,132.0
100739,226.0,90.0,123.0,130.0
100740,249.0,114.0,151.0,144.0
100741,249.0,130.0,141.0,139.0
100742,271.0,100.0,136.0,158.0
100743,251.0,91.0,138.0,133.0
100744,256.0,125.0,135.0,147.0
100745,243.0,82.0,140.0,135.0
100746,253.0,119.0,148.0,129.0
100747,256.0,246.0,155.0,141.0
100748,232.0,123.0,123.0,132.0
100749,254.0,96.0,141.0,132.0
100750,261.0,80.0,142.0,152.0
100751,240.0,122.0,128.0,135.0
100752,275.0,243.0,163.0,144.0
100753,233.0,113.0,121.0,139.0
100754,230.0,128.0,124.0,134.0
100755,261.0,115.0,142.0,134.0
100756,271.0,133.0,159.0,155.0
100757,251.0,98.0,143.0,132.0
100758,271.0,117.0,141.0,155.0
100759,221.0,106.0,121.0,128.0
100760,240.0,112.0,141.0,127.0
100761,234.0,64.0,117.0,136.0
100762,253.0,109.0,136.0,140.0
100763,255.0,144.0,142.0,151.0
100764,253.0,82.0,154.0,143.0
100765,250.0,124.0,142.0,143.0
100766,250.0,138.0,149.0,144.0
100767,241.0,90.0,130.0,149.0
100768,264.0,107.0,150.0,143.0
100769,235.0,108.0,138.0,132.0
100770,266.0,155.0,150.0,156.0
100771,257.0,146.0,157.0,140.0
100772,252.0,142.0,154.0,130.0
100773,283.0,108.0,171.0,169.0
100774,246.0,133.0,146.0,154.0
100775,265.0,80.0,134.0,149.0
100776,261.0,114.0,139.0,160.0
100777,245.0,141.0,140.0,127.0
100778,247.0,156.0,136.0,128.0
100779,244.0,107.0,153.0,131.0
100780,231.0,88.0,134.0,123.0
100781,237.0,78.0,133.0,138.0
100782,262.0,90.0,155.0,148.0
100783,241.0,124.0,134.0,137.0
100784,242.0,109.0,146.0,141.0
100785,277.0,203.0,142.0,159.0
100786,230.0,111.0,133.0,132.0
100787,272.0,152.0,153.0,159.0
100788,269.0,148.0,166.0,162.0
100789,266.0,97.0,141.0,152.0
100790,225.0,78.0,127.0,117.0
100791,249.0,95.0,145.0,137.0
100792,266.0,118.0,136.0,165.0
100793,268.0,112.0,135.0,168.0
100794,267.0,125.0,152.0,160.0
100795,248.0,110.0,128.0,119.0
100796,240.0,81.0,138.0,138.0
100797,247.0,175.0,135.0,137.0
100798,229.0,108.0,121.0,131.0
100799,244.0,81.0,151.0,141.0
100800,251.0,129.0,132.0,138.0
100801,231.0,110.0,131.0,138.0
100802,262.0,97.0,161.0,150.0
100803,242.0,84.0,143.0,140.0
100804,265.0,223.0,142.0,144.0
100805,255.0,129.0,139.0,139.0
100806,247.0,142.0,148.0,141.0
100807,235.0,101.0,132.0,116.0
100808,249.0,73.0,164.0,152.0
100809,271.0,243.0,158.0,146.0
100810,276.0,89.0,166.0,152.0
100811,262.0,93.0,142.0,141.0
100812,271.0,125.0,165.0,145.0
100813,272.0,111.0,157.0,140.0
100814,230.0,126.0,138.0,146.0
100815,256.0,99.0,140.0,147.0
100816,246.0,83.0,151.0,136.0
100817,254.0,118.0,114.0,130.0
100818,272.0,169.0,160.0,157.0
100819,237.0,130.0,140.0,139.0
100820,255.0,124.0,153.0,139.0
100821,265.0,45.0,139.0,147.0
100822,262.0,171.0,149.0,170.0
100823,261.0,106.0,156.0,138.0
100824,263.0,203.0,140.0,139.0
100825,250.0,76.0,142.0,154.0
100826,248.0,129.0,151.0,132.0
100827,249.0,159.0,133.0,148.0
100828,257.0,113.0,127.0,142.0
100829,239.0,105.0,132.0,138.0
100830,251.0,123.0,144.0,137.0
100831,240.0,177.0,134.0,131.0
100832,239.0,122.0,133.0,142.0
100833,244.0,95.0,144.0,134.0
100834,236.0,91.0,143.0,122.0
100835,252.0,145.0,131.0,155.0
100836,251.0,156.0,134.0,141.0
100837,277.0,152.0,173.0,152.0
100838,244.0,129.0,136.0,133.0
100839,265.0,119.0,143.0,149.0
100840,234.0,211.0,147.0,136.0
100841,244.0,108.0,136.0,135.0
100842,250.0,118.0,140.0,144.0
100843,252.0,169.0,141.0,143.0
100844,271.0,119.0,157.0,149.0
100845,238.0,166.0,130.0,129.0
100846,245.0,160.0,143.0,131.0
100847,249.0,107.0,129.0,128.0
100848,255.0,96.0,130.0,139.0
100849,275.0,191.0,151.0,156.0
100850,240.0,107.0,138.0,145.0
100851,249.0,116.0,140.0,140.0
100852,255.0,97.0,148.0,143.0
100853,251.0,172.0,138.0,133.0
100854,250.0,114.0,153.0,134.0
100855,255.0,115.0,160.0,150.0
100856,235.0,84.0,127.0,142.0
100857,257.0,107.0,145.0,137.0
100858,253.0,113.0,140.0,148.0
100859,264.0,111.0,148.0,139.0
100860,242.0,114.0,140.0,135.0
100861,238.0,97.0,137.0,126.0
100862,260.0,99.0,134.0,157.0
100863,220.0,84.0,121.0,110.0
100864,257.0,133.0,149.0,133.0
100865,243.0,125.0,135.0,138.0
100866,269.0,127.0,139.0,157.0
100867,257.0,113.0,155.0,158.0
100868,258.0,197.0,138.0,153.0
100869,244.0,133.0,138.0,126.0
100870,264.0,103.0,163.0,148.0
100871,263.0,68.0,166.0,151.0
100872,246.0,102.0,143.0,132.0
100873,262.0,156.0,145.0,138.0
100874,240.0,121.0,143.0,133.0
100875,273.0,89.0,139.0,169.0
100876,266.0,96.0,145.0,144.0
100877,271.0,104.0,148.0,158.0
100878,236.0,114.0,144.0,120.0
100879,282.0,120.0,157.0,147.0
100880,259.0,141.0,137.0,137.0
100881,256.0,86.0,151.0,145.0
100882,261.0,149.0,134.0,159.0
100883,255.0,110.0,143.0,149.0
100884,263.0,85.0,155.0,152.0
100885,251.0,163.0,143.0,141.0
100886,265.0,117.0,163.0,147.0
100887,255.0,221.0,145.0,138.0
100888,240.0,64.0,121.0,132.0
100889,259.0,156.0,141.0,128.0
100890,234.0,121.0,139.0,145.0
100891,242.0,154.0,148.0,139.0
100892,227.0,119.0,117.0,127.0
100893,228.0,44.0,129.0,138.0
100894,230.0,113.0,131.0,131.0
100895,235.0,83.0,137.0,132.0
100896,267.0,119.0,149.0,157.0
100897,240.0,94.0,148.0,125.0
100898,257.0,231.0,146.0,136.0
100899,258.0,90.0,140.0,134.0
100900,245.0,86.0,131.0,139.0
100901,241.0,99.0,145.0,135.0
100902,262.0,153.0,135.0,147.0
100903,268.0,144.0,141.0,154.0
100904,251.0,87.0,133.0,135.0
100905,262.0,118.0,151.0,145.0
100906,236.0,78.0,135.0,137.0
100907,260.0,88.0,151.0,139.0
100908,276.0,150.0,161.0,154.0
100909,247.0,123.0,145.0,144.0
100910,235.0,87.0,129.0,128.0
100911,260.0,94.0,142.0,153.0
100912,238.0,88.0,144.0,142.0
100913,241.0,133.0,131.0,133.0
100914,244.0,226.0,149.0,129.0
100915,216.0,76.0,130.0,116.0
100916,247.0,171.0,134.0,147.0
100917,249.0,248.0,138.0,141.0
100918,232.0,231.0,137.0,131.0
100919,252.0,158.0,150.0,132.0
100920,253.0,120.0,149.0,147.0
100921,235.0,88.0,135.0,142.0
100922,255.0,98.0,143.0,149.0
100923,242.0,101.0,130.0,140.0
100924,245.0,98.0,140.0,130.0
100925,250.0,140.0,146.0,147.0
100926,272.0,139.0,146.0,166.0
100927,266.0,121.0,151.0,161.0
100928,245.0,94.0,155.0,126.0
100929,263.0,233.0,135.0,147.0
100930,262.0,104.0,143.0,143.0
100931,225.0,116.0,123.0,119.0
100932,232.0,88.0,124.0,146.0
100933,235.0,97.0,119.0,134.0
100934,261.0,154.0,146.0,159.0
100935,273.0,167.0,157.0,168.0
100936,242.0,118.0,146.0,134.0
100937,244.0,190.0,147.0,135.0
100938,253.0,108.0,137.0,135.0
100939,279.0,107.0,156.0,149.0
100940,271.0,88.0,153.0,153.0
100941,263.0,110.0,149.0,144.0
100942,251.0,98.0,147.0,139.0
100943,248.0,111.0,133.0,138.0
100944,265.0,89.0,142.0,150.0
100945,238.0,129.0,133.0,120.0
100946,260.0,100.0,145.0,150.0
100947,233.0,128.0,134.0,127.0
100948,249.0,112.0,141.0,126.0
100949,255.0,116.0,137.0,139.0
100950,249.0,95.0,144.0,151.0
100951,231.0,138.0,140.0,126.0
100952,255.0,130.0,142.0,144.0
100953,235.0,120.0,131.0,130.0
100954,246.0,79.0,142.0,151.0
100955,254.0,96.0,139.0,145.0
100956,277.0,156.0,168.0,138.0
100957,255.0,167.0,145.0,156.0
100958,269.0,124.0,158.0,161.0
100959,238.0,77.0,128.0,144.0
100960,245.0,97.0,131.0,128.0
100961,260.0,103.0,154.0,158.0
100962,260.0,215.0,154.0,136.0
100963,265.0,220.0,153.0,150.0
100964,249.0,106.0,138.0,146.0
100965,241.0,78.0,123.0,135.0
100966,204.0,84.0,118.0,113.0
100967,217.0,123.0,120.0,117.0
100968,259.0,127.0,139.0,132.0
100969,225.0,79.0,120.0,127.0
100970,262.0,204.0,143.0,139.0
100971,259.0,114.0,160.0,161.0
100972,263.0,154.0,153.0,154.0
100973,250.0,135.0,144.0,135.0
100974,248.0,78.0,125.0,133.0
100975,268.0,103.0,160.0,152.0
100976,245.0,214.0,136.0,149.0
100977,227.0,109.0,118.0,129.0
100978,236.0,153.0,147.0,131.0
100979,233.0,124.0,133.0,127.0
100980,245.0,104.0,141.0,130.0
100981,254.0,70.0,144.0,143.0
100982,266.0,128.0,149.0,145.0
100983,247.0,67.0,142.0,136.0
100984,261.0,88.0,152.0,145.0
100985,262.0,61.0,154.0,155.0
100986,221.0,99.0,132.0,126.0
100987,239.0,73.0,148.0,134.0
100988,236.0,119.0,135.0,136.0
100989,264.0,69.0,156.0,154.0
100990,260.0,172.0,163.0,137.0
100991,243.0,97.0,133.0,151.0
100992,267.0,108.0,145.0,150.0
100993,255.0,137.0,143.0,139.0
100994,252.0,220.0,142.0,139.0
100995,281.0,104.0,149.0,163.0
100996,248.0,113.0,146.0,147.0
100997,261.0,142.0,157.0,147.0
100998,258.0,114.0,159.0,142.0
100999,249.0,105.0,140.0,132.0
101000,259.0,115.0,132.0,141.0
101001,252.0,108.0,149.0,150.0
101002,252.0,126.0,129.0,143.0
101003,209.0,125.0,125.0,118.0
101004,268.0,242.0,154.0,151.0
101005,273.0,117.0,161.0,153.0
101006,226.0,121.0,141.0,127.0
101007,253.0,148.0,121.0,145.0
101008,283.0,140.0,148.0,162.0
101009,269.0,225.0,143.0,151.0
101010,233.0,91.0,124.0,124.0
101011,262.0,228.0,146.0,136.0
101012,244.0,107.0,139.0,141.0
101013,250.0,145.0,155.0,137.0
101014,231.0,127.0,140.0,130.0
101015,262.0,96.0,141.0,142.0
101016,250.0,64.0,157.0,140.0
101017,233.0,104.0,131.0,131.0
101018,273.0,224.0,148.0,163.0
101019,268.0,93.0,144.0,143.0
101020,248.0,135.0,139.0,146.0
101021,224.0,159.0,126.0,120.0
101022,251.0,102.0,135.0,149.0
101023,263.0,166.0,148.0,153.0
101024,270.0,146.0,136.0,149.0
101025,275.0,97.0,153.0,165.0
101026,226.0,191.0,135.0,138.0
101027,275.0,106.0,157.0,150.0
101028,241.0,120.0,137.0,138.0
101029,262.0,128.0,140.0,150.0
101030,241.0,88.0,146.0,131.0
101031,267.0,86.0,156.0,140.0
101032,246.0,91.0,155.0,135.0
101033,238.0,107.0,127.0,133.0
101034,254.0,72.0,147.0,138.0
101035,273.0,122.0,160.0,171.0
101036,218.0,78.0,126.0,122.0
101037,233.0,112.0,133.0,141.0
101038,258.0,80.0,141.0,144.0
101039,263.0,137.0,146.0,140.0
101040,237.0,93.0,136.0,130.0
101041,244.0,136.0,132.0,144.0
101042,257.0,79.0,155.0,149.0
101043,243.0,114.0,127.0,140.0
101044,264.0,98.0,144.0,148.0
101045,261.0,74.0,175.0,141.0
101046,260.0,124.0,146.0,132.0
101047,233.0,76.0,135.0,137.0
101048,252.0,169.0,141.0,135.0
101049,259.0,97.0,154.0,148.0
101050,232.0,128.0,121.0,123.0
101051,243.0,144.0,146.0,141.0
101052,243.0,90.0,144.0,146.0
101053,238.0,97.0,123.0,125.0
101054,244.0,114.0,141.0,128.0
101055,225.0,67.0,124.0,129.0
101056,253.0,79.0,140.0,149.0
101057,272.0,155.0,164.0,150.0
101058,262.0,106.0,138.0,146.0
101059,259.0,188.0,151.0,161.0
101060,233.0,102.0,131.0,128.0
101061,261.0,125.0,141.0,137.0
101062,250.0,109.0,145.0,142.0
101063,259.0,109.0,151.0,140.0
101064,253.0,118.0,140.0,132.0
101065,280.0,86.0,166.0,159.0
101066,268.0,258.0,150.0,152.0
101067,248.0,107.0,148.0,136.0
101068,247.0,108.0,143.0,132.0
101069,263.0,161.0,152.0,157.0
101070,251.0,106.0,132.0,151.0
101071,244.0,107.0,138.0,126.0
101072,244.0,76.0,134.0,130.0
101073,251.0,156.0,136.0,133.0
101074,251.0,106.0,132.0,124.0
101075,236.0,129.0,141.0,132.0
101076,235.0,116.0,122.0,131.0
101077,263.0,97.0,153.0,132.0
101078,239.0,90.0,135.0,128.0
101079,251.0,223.0,153.0,147.0
101080,263.0,94.0,149.0,155.0
101081,227.0,84.0,110.0,128.0
101082,212.0,88.0,121.0,123.0
101083,257.0,119.0,145.0,143.0
101084,259.0,109.0,147.0,130.0
101085,236.0,106.0,142.0,139.0
101086,272.0,104.0,134.0,159.0
101087,270.0,191.0,157.0,142.0
101088,237.0,143.0,111.0,136.0
101089,257.0,97.0,134.0,139.0
101090,250.0,78.0,163.0,147.0
101091,253.0,109.0,146.0,145.0
101092,247.0,137.0,152.0,136.0
101093,276.0,128.0,151.0,173.0
101094,249.0,174.0,142.0,133.0
101095,244.0,104.0,137.0,138.0
101096,277.0,125.0,157.0,152.0
101097,227.0,105.0,135.0,131.0
101098,248.0,121.0,130.0,135.0
101099,249.0,145.0,156.0,128.0
101100,247.0,111.0,144.0,147.0
101101,267.0,155.0,150.0,154.0
101102,241.0,92.0,127.0,136.0
101103,256.0,132.0,145.0,149.0
101104,227.0,62.0,134.0,116.0
101105,240.0,119.0,124.0,119.0
101106,261.0,103.0,160.0,143.0
101107,229.0,98.0,130.0,126.0
101108,266.0,121.0,160.0,148.0
101109,265.0,99.0,145.0,140.0
101110,271.0,141.0,151.0,155.0
101111,248.0,53.0,132.0,144.0
101112,241.0,199.0,149.0,141.0
101113,242.0,205.0,138.0,141.0
101114,270.0,82.0,150.0,163.0
101115,249.0,135.0,136.0,145.0
101116,235.0,123.0,133.0,128.0
101117,260.0,191.0,156.0,148.0
101118,236.0,129.0,132.0,136.0
101119,243.0,90.0,129.0,123.0
101120,231.0,112.0,129.0,119.0
101121,238.0,99.0,148.0,134.0
101122,267.0,129.0,145.0,171.0
101123,248.0,142.0,125.0,135.0
101124,266.0,80.0,148.0,144.0
101125,254.0,110.0,144.0,141.0
101126,258.0,143.0,149.0,153.0
101127,256.0,108.0,150.0,148.0
101128,246.0,142.0,146.0,130.0
101129,244.0,76.0,138.0,142.0
101130,280.0,147.0,160.0,162.0
101131,237.0,98.0,135.0,128.0
101132,243.0,89.0,126.0,117.0
101133,267.0,117.0,143.0,154.0
101134,257.0,82.0,141.0,148.0
101135,222.0,103.0,136.0,119.0
101136,247.0,162.0,137.0,148.0
101137,255.0,143.0,133.0,140.0
101138,254.0,106.0,146.0,143.0
101139,243.0,106.0,135.0,134.0
101140,261.0,79.0,151.0,140.0
101141,280.0,89.0,154.0,153.0
101142,247.0,131.0,147.0,144.0
101143,255.0,115.0,138.0,150.0
101144,256.0,157.0,144.0,150.0
101145,232.0,148.0,134.0,122.0
101146,257.0,84.0,142.0,153.0
101147,250.0,117.0,155.0,138.0
101148,243.0,165.0,124.0,136.0
101149,229.0,195.0,124.0,136.0
101150,258.0,96.0,128.0,143.0
101151,255.0,85.0,144.0,131.0
101152,263.0,122.0,151.0,159.0
101153,238.0,91.0,129.0,128.0
101154,267.0,94.0,156.0,161.0
101155,259.0,53.0,130.0,158.0
101156,241.0,113.0,141.0,129.0
101157,242.0,205.0,130.0,144.0
101158,229.0,133.0,124.0,131.0
101159,247.0,129.0,145.0,157.0
101160,246.0,139.0,137.0,132.0
101161,243.0,195.0,137.0,137.0
101162,264.0,216.0,149.0,139.0
101163,231.0,135.0,140.0,127.0
101164,260.0,156.0,160.0,151.0
101165,256.0,122.0,158.0,144.0
101166,242.0,111.0,129.0,145.0
101167,250.0,249.0,147.0,144.0
101168,235.0,126.0,135.0,133.0
101169,231.0,110.0,136.0,131.0
101170,246.0,130.0,127.0,134.0
101171,243.0,114.0,126.0,148.0
101172,264.0,217.0,153.0,156.0
101173,259.0,129.0,150.0,153.0
101174,263.0,104.0,144.0,153.0
101175,252.0,124.0,139.0,152.0
101176,261.0,97.0,140.0,164.0
101177,230.0,97.0,123.0,128.0
101178,240.0,90.0,132.0,126.0
101179,232.0,101.0,119.0,139.0
101180,246.0,93.0,119.0,132.0
101181,263.0,232.0,140.0,142.0
101182,257.0,128.0,141.0,146.0
101183,201.0,104.0,105.0,113.0
101184,267.0,138.0,150.0,155.0
101185,240.0,146.0,125.0,126.0
101186,261.0,161.0,143.0,156.0
101187,232.0,115.0,127.0,134.0
101188,250.0,108.0,137.0,134.0
101189,229.0,99.0,122.0,141.0
101190,245.0,104.0,125.0,141.0
101191,246.0,68.0,146.0,143.0
101192,239.0,100.0,131.0,148.0
101193,226.0,208.0,122.0,127.0
101194,276.0,129.0,158.0,147.0
101195,247.0,109.0,135.0,138.0
101196,228.0,86.0,121.0,118.0
101197,290.0,160.0,173.0,158.0
101198,274.0,155.0,155.0,147.0
101199,241.0,119.0,139.0,139.0
101200,245.0,78.0,138.0,128.0
101201,242.0,134.0,134.0,134.0
101202,280.0,109.0,163.0,162.0
101203,237.0,115.0,130.0,149.0
101204,256.0,94.0,123.0,143.0
101205,266.0,122.0,159.0,140.0
101206,246.0,100.0,141.0,125.0
101207,231.0,200.0,130.0,131.0
101208,268.0,237.0,155.0,155.0
101209,253.0,151.0,156.0,150.0
101210,241.0,102.0,139.0,150.0
101211,257.0,106.0,125.0,141.0
101212,246.0,79.0,141.0,122.0
101213,276.0,103.0,144.0,150.0
101214,250.0,129.0,143.0,133.0
101215,241.0,97.0,148.0,130.0
101216,231.0,130.0,127.0,139.0
101217,238.0,111.0,145.0,118.0
101218,250.0,119.0,138.0,141.0
101219,262.0,102.0,146.0,149.0
101220,239.0,80.0,131.0,134.0
101221,254.0,100.0,157.0,147.0
101222,241.0,118.0,110.0,141.0
101223,246.0,88.0,125.0,146.0
101224,255.0,73.0,134.0,149.0
101225,258.0,126.0,156.0,128.0
101226,255.0,96.0,131.0,137.0
101227,259.0,107.0,132.0,149.0
101228,241.0,92.0,107.0,144.0
101229,261.0,120.0,132.0,156.0
101230,271.0,136.0,163.0,148.0
101231,251.0,183.0,139.0,141.0
101232,238.0,134.0,155.0,134.0
101233,232.0,127.0,125.0,145.0
101234,258.0,108.0,140.0,151.0
101235,254.0,141.0,141.0,146.0
101236,235.0,126.0,137.0,135.0
101237,264.0,139.0,146.0,149.0
101238,244.0,136.0,136.0,127.0
101239,240.0,106.0,140.0,126.0
101240,247.0,128.0,135.0,130.0
101241,248.0,91.0,141.0,128.0
101242,239.0,105.0,137.0,144.0
101243,247.0,102.0,142.0,139.0
101244,249.0,173.0,151.0,146.0
101245,241.0,140.0,115.0,129.0
101246,259.0,89.0,141.0,155.0
101247,272.0,111.0,141.0,157.0
101248,254.0,77.0,145.0,153.0
101249,236.0,78.0,139.0,120.0
101250,247.0,172.0,138.0,146.0
101251,266.0,136.0,140.0,149.0
101252,235.0,84.0,118.0,130.0
101253,241.0,59.0,135.0,132.0
101254,263.0,141.0,141.0,135.0
101255,270.0,168.0,143.0,152.0
101256,256.0,156.0,144.0,145.0
101257,240.0,100.0,126.0,137.0
101258,239.0,98.0,132.0,141.0
101259,252.0,120.0,145.0,127.0
101260,254.0,132.0,157.0,151.0
101261,280.0,130.0,153.0,168.0
101262,261.0,134.0,147.0,150.0
101263,246.0,117.0,137.0,130.0
101264,228.0,94.0,128.0,121.0
101265,285.0,147.0,158.0,176.0
101266,267.0,158.0,149.0,131.0
101267,237.0,140.0,128.0,123.0
101268,257.0,140.0,118.0,144.0
101269,244.0,238.0,130.0,137.0
101270,252.0,97.0,114.0,152.0
101271,270.0,264.0,155.0,159.0
101272,260.0,139.0,144.0,133.0
101273,282.0,143.0,166.0,173.0
101274,291.0,159.0,188.0,162.0
101275,265.0,128.0,151.0,148.0
101276,256.0,145.0,146.0,134.0
101277,257.0,111.0,145.0,139.0
101278,240.0,88.0,132.0,145.0
101279,260.0,123.0,135.0,143.0
101280,260.0,230.0,147.0,147.0
101281,249.0,107.0,150.0,141.0
101282,246.0,96.0,138.0,138.0
101283,271.0,136.0,151.0,158.0
101284,255.0,93.0,144.0,157.0
101285,242.0,40.0,132.0,130.0
101286,258.0,101.0,131.0,142.0
101287,252.0,77.0,156.0,140.0
101288,236.0,112.0,136.0,140.0
101289,250.0,219.0,146.0,149.0
101290,238.0,129.0,124.0,139.0
101291,253.0,138.0,133.0,146.0
101292,262.0,138.0,159.0,148.0
101293,279.0,140.0,143.0,161.0
101294,261.0,147.0,147.0,155.0
101295,243.0,110.0,152.0,135.0
101296,252.0,86.0,129.0,153.0
101297,263.0,110.0,141.0,145.0
101298,245.0,130.0,140.0,139.0
101299,238.0,94.0,135.0,129.0
101300,258.0,174.0,150.0,127.0
101301,224.0,126.0,134.0,123.0
101302,243.0,111.0,140.0,135.0
101303,247.0,222.0,144.0,132.0
101304,241.0,124.0,135.0,140.0
101305,227.0,100.0,122.0,135.0
101306,258.0,184.0,152.0,154.0
101307,252.0,121.0,132.0,138.0
101308,258.0,137.0,140.0,152.0
101309,225.0,88.0,128.0,123.0
101310,232.0,105.0,127.0,140.0
101311,248.0,115.0,137.0,133.0
101312,245.0,76.0,144.0,141.0
101313,262.0,133.0,131.0,148.0
101314,249.0,90.0,132.0,142.0
101315,249.0,168.0,144.0,139.0
101316,220.0,58.0,133.0,114.0
101317,246.0,84.0,143.0,139.0
101318,281.0,161.0,135.0,162.0
101319,235.0,111.0,117.0,129.0
101320,252.0,82.0,134.0,137.0
101321,258.0,133.0,146.0,153.0
101322,254.0,132.0,149.0,143.0
101323,254.0,226.0,147.0,142.0
101324,258.0,96.0,139.0,146.0
101325,248.0,106.0,136.0,121.0
101326,263.0,133.0,125.0,136.0
101327,273.0,143.0,144.0,162.0
101328,234.0,99.0,136.0,126.0
101329,261.0,188.0,139.0,151.0
101330,261.0,98.0,147.0,147.0
101331,242.0,200.0,139.0,136.0
101332,246.0,75.0,134.0,141.0
101333,264.0,113.0,141.0,149.0
101334,239.0,100.0,131.0,134.0
101335,260.0,86.0,148.0,128.0
101336,234.0,97.0,144.0,134.0
101337,249.0,107.0,144.0,134.0
101338,251.0,117.0,143.0,136.0
101339,250.0,209.0,130.0,126.0
101340,243.0,143.0,136.0,121.0
101341,258.0,105.0,136.0,148.0
101342,237.0,124.0,132.0,129.0
101343,224.0,143.0,123.0,121.0
101344,236.0,81.0,123.0,134.0
101345,231.0,68.0,128.0,135.0
101346,254.0,95.0,145.0,144.0
101347,248.0,72.0,142.0,139.0
101348,262.0,179.0,136.0,144.0
101349,245.0,107.0,117.0,141.0
101350,240.0,128.0,140.0,124.0
101351,266.0,101.0,159.0,166.0
101352,257.0,84.0,145.0,136.0
101353,262.0,119.0,160.0,137.0
101354,257.0,257.0,150.0,139.0
101355,252.0,223.0,147.0,134.0
101356,249.0,101.0,133.0,138.0
101357,242.0,146.0,123.0,143.0
101358,243.0,119.0,144.0,149.0
101359,243.0,169.0,143.0,125.0
101360,250.0,127.0,143.0,144.0
101361,262.0,148.0,145.0,139.0
101362,259.0,95.0,149.0,144.0
101363,250.0,131.0,140.0,145.0
101364,243.0,104.0,146.0,135.0
101365,253.0,82.0,144.0,140.0
101366,269.0,133.0,160.0,149.0
101367,254.0,106.0,125.0,142.0
101368,239.0,184.0,147.0,133.0
101369,232.0,69.0,115.0,130.0
101370,255.0,130.0,146.0,157.0
101371,251.0,131.0,141.0,155.0
101372,256.0,215.0,145.0,147.0
101373,235.0,121.0,139.0,135.0
101374,251.0,77.0,146.0,141.0
101375,256.0,98.0,148.0,142.0
101376,252.0,84.0,137.0,140.0
101377,254.0,147.0,143.0,152.0
101378,273.0,132.0,148.0,159.0
101379,257.0,110.0,141.0,133.0
101380,258.0,224.0,133.0,152.0
101381,254.0,134.0,132.0,147.0
101382,271.0,110.0,150.0,163.0
101383,258.0,147.0,145.0,144.0
101384,238.0,129.0,138.0,139.0
101385,239.0,142.0,135.0,126.0
101386,241.0,117.0,129.0,130.0
101387,278.0,186.0,152.0,156.0
101388,247.0,146.0,131.0,142.0
101389,244.0,112.0,130.0,132.0
101390,231.0,105.0,128.0,127.0
101391,248.0,93.0,139.0,133.0
101392,235.0,80.0,125.0,134.0
101393,237.0,134.0,131.0,125.0
101394,254.0,71.0,141.0,129.0
101395,249.0,59.0,154.0,147.0
101396,264.0,103.0,149.0,152.0
101397,263.0,150.0,148.0,148.0
101398,272.0,102.0,154.0,156.0
101399,266.0,81.0,147.0,148.0
101400,255.0,130.0,132.0,153.0
101401,258.0,111.0,154.0,135.0
101402,252.0,122.0,152.0,133.0
101403,264.0,152.0,144.0,144.0
101404,269.0,70.0,151.0,168.0
101405,243.0,203.0,139.0,129.0
101406,257.0,153.0,144.0,151.0
101407,248.0,105.0,134.0,141.0
101408,264.0,135.0,137.0,139.0
101409,250.0,99.0,152.0,137.0
101410,244.0,84.0,141.0,144.0
101411,270.0,112.0,154.0,159.0
101412,252.0,140.0,151.0,131.0
101413,254.0,131.0,134.0,153.0
101414,251.0,46.0,135.0,135.0
101415,253.0,110.0,143.0,149.0
101416,256.0,94.0,156.0,146.0
101417,251.0,137.0,145.0,134.0
101418,265.0,209.0,140.0,142.0
101419,231.0,106.0,127.0,120.0
101420,246.0,97.0,134.0,144.0
101421,234.0,84.0,136.0,134.0
101422,236.0,115.0,111.0,130.0
101423,241.0,111.0,133.0,128.0
101424,241.0,116.0,129.0,119.0
101425,268.0,145.0,157.0,154.0
101426,254.0,106.0,138.0,138.0
101427,240.0,98.0,144.0,135.0
101428,263.0,205.0,148.0,142.0
101429,241.0,83.0,147.0,111.0
101430,231.0,98.0,122.0,122.0
101431,239.0,136.0,132.0,138.0
101432,260.0,89.0,141.0,140.0
101433,251.0,112.0,155.0,146.0
101434,246.0,131.0,139.0,130.0
101435,246.0,103.0,138.0,138.0
101436,255.0,72.0,150.0,147.0
101437,263.0,73.0,150.0,159.0
101438,249.0,135.0,131.0,128.0
101439,240.0,165.0,132.0,141.0
101440,264.0,264.0,165.0,137.0
101441,237.0,71.0,133.0,137.0
101442,223.0,105.0,124.0,134.0
101443,279.0,132.0,164.0,163.0
101444,240.0,90.0,127.0,128.0
101445,241.0,104.0,145.0,127.0
101446,236.0,199.0,125.0,135.0
101447,236.0,200.0,112.0,127.0
101448,236.0,79.0,133.0,124.0
101449,258.0,156.0,138.0,152.0
101450,268.0,229.0,138.0,154.0
101451,248.0,164.0,141.0,142.0
101452,245.0,82.0,138.0,145.0
101453,216.0,86.0,130.0,116.0
101454,277.0,135.0,166.0,160.0
101455,265.0,155.0,140.0,145.0
101456,204.0,80.0,124.0,106.0
101457,247.0,87.0,141.0,142.0
101458,254.0,90.0,153.0,141.0
101459,259.0,136.0,159.0,159.0
101460,266.0,141.0,150.0,141.0
101461,256.0,219.0,144.0,145.0
101462,241.0,111.0,127.0,144.0
101463,242.0,99.0,134.0,136.0
101464,239.0,82.0,139.0,133.0
101465,257.0,77.0,138.0,155.0
101466,236.0,78.0,146.0,147.0
101467,239.0,85.0,130.0,137.0
101468,247.0,220.0,151.0,146.0
101469,239.0,150.0,133.0,136.0
101470,229.0,75.0,125.0,126.0
101471,226.0,112.0,110.0,128.0
101472,249.0,126.0,137.0,141.0
101473,281.0,64.0,145.0,147.0
101474,258.0,79.0,146.0,130.0
101475,275.0,103.0,166.0,168.0
101476,263.0,109.0,136.0,130.0
101477,252.0,141.0,149.0,153.0
101478,261.0,95.0,139.0,145.0
101479,270.0,215.0,131.0,139.0
101480,248.0,130.0,133.0,139.0
101481,256.0,123.0,132.0,137.0
101482,239.0,135.0,124.0,136.0
101483,270.0,69.0,154.0,163.0
101484,237.0,97.0,150.0,134.0
101485,263.0,99.0,143.0,134.0
101486,247.0,105.0,142.0,151.0
101487,268.0,124.0,176.0,166.0
101488,274.0,118.0,170.0,136.0
101489,265.0,101.0,136.0,169.0
101490,228.0,72.0,133.0,129.0
101491,266.0,109.0,151.0,157.0
101492,250.0,110.0,139.0,128.0
101493,270.0,151.0,146.0,170.0
101494,239.0,112.0,129.0,151.0
101495,242.0,68.0,134.0,125.0
101496,236.0,85.0,111.0,131.0
101497,246.0,90.0,134.0,137.0
101498,234.0,147.0,123.0,133.0
101499,233.0,190.0,134.0,136.0
101500,254.0,131.0,133.0,143.0
101501,235.0,87.0,140.0,136.0
101502,255.0,144.0,139.0,140.0
101503,266.0,147.0,155.0,161.0
101504,249.0,93.0,141.0,146.0
101505,305.0,123.0,157.0,166.0
101506,260.0,142.0,134.0,153.0
101507,233.0,132.0,133.0,125.0
101508,225.0,132.0,140.0,121.0
101509,259.0,107.0,146.0,149.0
101510,235.0,98.0,137.0,132.0
101511,250.0,126.0,147.0,120.0
101512,262.0,122.0,155.0,139.0
101513,270.0,141.0,181.0,162.0
101514,243.0,91.0,147.0,134.0
101515,248.0,105.0,142.0,138.0
101516,274.0,96.0,162.0,148.0
101517,242.0,135.0,133.0,141.0
101518,246.0,107.0,141.0,144.0
101519,252.0,132.0,144.0,129.0
101520,251.0,249.0,125.0,123.0
101521,225.0,61.0,128.0,121.0
101522,234.0,98.0,126.0,132.0
101523,246.0,127.0,126.0,144.0
101524,247.0,90.0,144.0,132.0
101525,263.0,133.0,155.0,155.0
101526,235.0,71.0,123.0,135.0
101527,257.0,114.0,137.0,151.0
101528,243.0,145.0,135.0,142.0
101529,251.0,138.0,149.0,143.0
101530,261.0,201.0,146.0,157.0
101531,257.0,121.0,143.0,131.0
101532,230.0,133.0,125.0,128.0
101533,275.0,112.0,166.0,151.0
101534,238.0,93.0,131.0,139.0
101535,228.0,108.0,124.0,129.0
101536,251.0,83.0,150.0,148.0
101537,247.0,212.0,141.0,144.0
101538,264.0,127.0,151.0,130.0
101539,230.0,116.0,137.0,125.0
101540,273.0,190.0,146.0,163.0
101541,253.0,70.0,152.0,141.0
101542,251.0,124.0,143.0,132.0
101543,236.0,66.0,135.0,128.0
101544,258.0,117.0,149.0,148.0
101545,243.0,85.0,148.0,146.0
101546,252.0,130.0,140.0,125.0
101547,258.0,109.0,143.0,164.0
101548,239.0,96.0,127.0,150.0
101549,242.0,82.0,151.0,140.0
101550,257.0,104.0,136.0,146.0
101551,274.0,110.0,144.0,159.0
101552,246.0,102.0,130.0,137.0
101553,265.0,132.0,140.0,146.0
101554,245.0,81.0,138.0,126.0
101555,217.0,109.0,126.0,115.0
101556,263.0,112.0,133.0,156.0
101557,239.0,111.0,131.0,132.0
101558,250.0,215.0,147.0,148.0
101559,268.0,97.0,150.0,138.0
101560,271.0,113.0,146.0,159.0
101561,259.0,171.0,142.0,139.0
101562,225.0,120.0,127.0,135.0
101563,268.0,150.0,143.0,154.0
101564,245.0,236.0,135.0,136.0
101565,248.0,76.0,130.0,129.0
101566,244.0,88.0,129.0,127.0
101567,258.0,194.0,159.0,150.0
101568,282.0,111.0,157.0,139.0
101569,274.0,125.0,161.0,158.0
101570,250.0,126.0,135.0,135.0
101571,267.0,152.0,140.0,160.0
101572,259.0,121.0,147.0,145.0
101573,245.0,102.0,132.0,142.0
101574,261.0,99.0,129.0,160.0
101575,244.0,149.0,139.0,154.0
101576,239.0,107.0,126.0,149.0
101577,269.0,123.0,149.0,156.0
101578,261.0,102.0,160.0,146.0
101579,240.0,126.0,132.0,147.0
101580,242.0,98.0,125.0,140.0
101581,271.0,87.0,155.0,164.0
101582,230.0,61.0,111.0,139.0
101583,254.0,128.0,126.0,147.0
101584,269.0,121.0,160.0,161.0
101585,237.0,110.0,136.0,135.0
101586,241.0,85.0,147.0,140.0
101587,246.0,80.0,144.0,137.0
101588,239.0,120.0,145.0,134.0
101589,241.0,128.0,136.0,128.0
101590,242.0,106.0,130.0,140.0
101591,229.0,96.0,133.0,135.0
101592,274.0,133.0,142.0,145.0
101593,250.0,91.0,149.0,132.0
101594,248.0,91.0,140.0,141.0
101595,243.0,127.0,147.0,140.0
101596,282.0,114.0,163.0,153.0
101597,248.0,76.0,131.0,155.0
101598,247.0,124.0,134.0,128.0
101599,259.0,86.0,148.0,160.0
101600,258.0,135.0,139.0,136.0
101601,242.0,110.0,142.0,145.0
101602,247.0,135.0,134.0,135.0
101603,265.0,127.0,163.0,155.0
101604,233.0,116.0,126.0,140.0
101605,259.0,103.0,149.0,151.0
101606,231.0,125.0,129.0,137.0
101607,248.0,218.0,138.0,145.0
101608,252.0,73.0,135.0,155.0
101609,244.0,120.0,135.0,143.0
101610,267.0,149.0,159.0,149.0
101611,257.0,225.0,148.0,150.0
101612,246.0,86.0,143.0,151.0
101613,242.0,123.0,139.0,122.0
101614,227.0,45.0,123.0,133.0
101615,217.0,91.0,115.0,116.0
101616,257.0,113.0,137.0,148.0
101617,269.0,103.0,138.0,160.0
101618,254.0,101.0,149.0,153.0
101619,269.0,83.0,143.0,155.0
101620,249.0,110.0,119.0,148.0
101621,241.0,80.0,147.0,128.0
101622,255.0,97.0,130.0,134.0
101623,236.0,91.0,144.0,135.0
101624,235.0,231.0,136.0,137.0
101625,236.0,105.0,127.0,126.0
101626,236.0,142.0,127.0,140.0
101627,245.0,128.0,131.0,130.0
101628,263.0,144.0,137.0,152.0
101629,241.0,126.0,117.0,126.0
101630,251.0,96.0,143.0,136.0
101631,240.0,43.0,142.0,139.0
101632,240.0,71.0,134.0,144.0
101633,253.0,97.0,136.0,135.0
101634,243.0,63.0,137.0,131.0
101635,251.0,111.0,143.0,148.0
101636,256.0,97.0,142.0,128.0
101637,251.0,106.0,139.0,157.0
101638,266.0,65.0,149.0,157.0
101639,233.0,125.0,131.0,118.0
101640,243.0,112.0,122.0,126.0
101641,238.0,54.0,128.0,128.0
101642,280.0,155.0,165.0,150.0
101643,243.0,107.0,129.0,137.0
101644,267.0,124.0,152.0,142.0
101645,251.0,199.0,125.0,124.0
101646,284.0,103.0,154.0,157.0
101647,237.0,93.0,128.0,125.0
101648,260.0,108.0,129.0,138.0
101649,252.0,123.0,137.0,151.0
101650,261.0,89.0,158.0,150.0
101651,255.0,148.0,142.0,141.0
101652,280.0,161.0,168.0,154.0
101653,235.0,99.0,125.0,133.0
101654,275.0,152.0,158.0,166.0
101655,223.0,72.0,130.0,143.0
101656,230.0,96.0,128.0,115.0
101657,242.0,93.0,138.0,146.0
101658,253.0,119.0,130.0,136.0
101659,263.0,118.0,148.0,148.0
101660,264.0,110.0,139.0,154.0
101661,252.0,107.0,135.0,151.0
101662,241.0,155.0,133.0,148.0
101663,262.0,115.0,159.0,147.0
101664,253.0,127.0,134.0,146.0
101665,248.0,104.0,145.0,147.0
101666,249.0,103.0,131.0,147.0
101667,241.0,113.0,141.0,136.0
101668,257.0,139.0,137.0,130.0
101669,238.0,105.0,120.0,134.0
101670,252.0,113.0,140.0,122.0
101671,262.0,142.0,149.0,142.0
101672,244.0,122.0,137.0,132.0
101673,238.0,104.0,138.0,125.0
101674,258.0,94.0,134.0,134.0
101675,273.0,122.0,166.0,174.0
101676,259.0,76.0,144.0,138.0
101677,258.0,98.0,161.0,153.0
101678,276.0,51.0,152.0,152.0
101679,261.0,164.0,156.0,156.0
101680,252.0,152.0,137.0,133.0
101681,226.0,83.0,126.0,115.0
101682,239.0,150.0,137.0,133.0
101683,250.0,147.0,136.0,144.0
101684,245.0,110.0,151.0,157.0
101685,255.0,85.0,155.0,131.0
101686,238.0,144.0,129.0,137.0
101687,228.0,98.0,110.0,123.0
101688,248.0,76.0,120.0,137.0
101689,236.0,85.0,141.0,132.0
101690,236.0,89.0,130.0,135.0
101691,261.0,143.0,133.0,153.0
101692,258.0,133.0,120.0,158.0
101693,261.0,107.0,153.0,156.0
101694,241.0,108.0,153.0,138.0
101695,261.0,88.0,147.0,147.0
101696,260.0,128.0,157.0,145.0
101697,252.0,91.0,141.0,142.0
101698,241.0,170.0,141.0,135.0
101699,255.0,108.0,145.0,147.0
101700,258.0,92.0,145.0,146.0
101701,266.0,138.0,146.0,143.0
101702,238.0,68.0,127.0,125.0
101703,245.0,161.0,125.0,129.0
101704,261.0,79.0,152.0,152.0
101705,260.0,140.0,145.0,145.0
101706,258.0,106.0,133.0,142.0
101707,268.0,82.0,145.0,160.0
101708,243.0,116.0,129.0,145.0
101709,255.0,54.0,141.0,133.0
101710,275.0,131.0,150.0,158.0
101711,250.0,91.0,124.0,137.0
101712,256.0,90.0,160.0,148.0
101713,260.0,93.0,146.0,142.0
101714,252.0,142.0,140.0,143.0
101715,238.0,82.0,123.0,135.0
101716,247.0,82.0,139.0,139.0
101717,241.0,110.0,147.0,138.0
101718,235.0,78.0,124.0,144.0
101719,276.0,93.0,149.0,150.0
101720,240.0,140.0,136.0,146.0
101721,236.0,154.0,132.0,137.0
101722,245.0,80.0,138.0,134.0
101723,257.0,99.0,150.0,152.0
101724,263.0,96.0,137.0,140.0
101725,231.0,119.0,111.0,128.0
101726,257.0,125.0,142.0,137.0
101727,256.0,230.0,147.0,138.0
101728,250.0,224.0,119.0,136.0
101729,252.0,158.0,138.0,140.0
101730,268.0,136.0,156.0,163.0
101731,218.0,144.0,122.0,116.0
101732,239.0,82.0,130.0,137.0
101733,241.0,132.0,131.0,135.0
101734,242.0,114.0,136.0,129.0
101735,248.0,115.0,132.0,141.0
101736,233.0,113.0,146.0,128.0
101737,250.0,141.0,138.0,133.0
101738,246.0,80.0,145.0,141.0
101739,245.0,102.0,130.0,129.0
101740,261.0,115.0,168.0,156.0
101741,263.0,230.0,143.0,159.0
101742,260.0,84.0,142.0,131.0
101743,236.0,62.0,123.0,127.0
101744,286.0,100.0,164.0,161.0
101745,272.0,149.0,142.0,160.0
101746,232.0,57.0,134.0,120.0
101747,243.0,124.0,157.0,130.0
101748,261.0,129.0,155.0,120.0
101749,234.0,163.0,121.0,135.0
101750,242.0,69.0,148.0,136.0
101751,240.0,128.0,123.0,136.0
101752,302.0,142.0,153.0,177.0
101753,226.0,113.0,127.0,119.0
101754,262.0,168.0,156.0,146.0
101755,231.0,89.0,127.0,142.0
101756,289.0,117.0,158.0,152.0
101757,256.0,126.0,129.0,145.0
101758,241.0,116.0,140.0,141.0
101759,257.0,116.0,136.0,151.0
101760,247.0,117.0,143.0,146.0
101761,273.0,96.0,170.0,174.0
101762,252.0,112.0,145.0,144.0
101763,257.0,179.0,146.0,136.0
101764,251.0,207.0,144.0,145.0
101765,247.0,204.0,142.0,149.0
101766,258.0,127.0,140.0,152.0
101767,260.0,142.0,147.0,134.0
101768,281.0,101.0,146.0,156.0
101769,245.0,79.0,147.0,151.0
101770,242.0,170.0,123.0,145.0
101771,231.0,97.0,134.0,123.0
101772,244.0,121.0,136.0,141.0
101773,251.0,64.0,146.0,146.0
101774,244.0,85.0,138.0,145.0
101775,231.0,103.0,144.0,133.0
101776,277.0,90.0,142.0,157.0
101777,262.0,222.0,146.0,138.0
101778,238.0,158.0,138.0,132.0
101779,251.0,147.0,141.0,148.0
101780,234.0,131.0,126.0,140.0
101781,245.0,145.0,133.0,134.0
101782,244.0,47.0,143.0,120.0
101783,247.0,90.0,138.0,137.0
101784,251.0,123.0,151.0,138.0
101785,262.0,151.0,135.0,139.0
101786,234.0,76.0,147.0,144.0
101787,247.0,99.0,139.0,122.0
101788,252.0,115.0,145.0,130.0
101789,266.0,124.0,131.0,144.0
101790,267.0,229.0,166.0,147.0
101791,241.0,108.0,132.0,130.0
101792,231.0,75.0,127.0,138.0
101793,259.0,129.0,145.0,140.0
101794,254.0,74.0,126.0,143.0
101795,258.0,112.0,146.0,136.0
101796,238.0,74.0,136.0,137.0
101797,231.0,117.0,138.0,131.0
101798,256.0,137.0,140.0,154.0
101799,239.0,103.0,141.0,137.0
101800,238.0,67.0,135.0,138.0
101801,263.0,114.0,157.0,137.0
101802,267.0,122.0,138.0,149.0
101803,246.0,83.0,136.0,128.0
101804,244.0,101.0,127.0,130.0
101805,231.0,97.0,137.0,138.0
101806,245.0,154.0,137.0,136.0
101807,254.0,138.0,134.0,140.0
101808,242.0,98.0,122.0,129.0
101809,255.0,140.0,138.0,143.0
101810,272.0,100.0,140.0,144.0
101811,264.0,100.0,150.0,134.0
101812,257.0,237.0,148.0,137.0
101813,275.0,109.0,160.0,150.0
101814,235.0,152.0,132.0,133.0
101815,242.0,136.0,136.0,126.0
101816,250.0,125.0,144.0,148.0
101817,258.0,127.0,133.0,137.0
101818,256.0,136.0,133.0,145.0
101819,250.0,97.0,144.0,140.0
101820,227.0,104.0,123.0,124.0
101821,227.0,111.0,108.0,124.0
101822,246.0,112.0,139.0,128.0
101823,251.0,120.0,135.0,137.0
101824,244.0,130.0,140.0,143.0
101825,238.0,98.0,141.0,145.0
101826,244.0,99.0,140.0,151.0
101827,251.0,113.0,145.0,140.0
101828,251.0,101.0,130.0,141.0
101829,248.0,194.0,140.0,132.0
101830,276.0,242.0,152.0,156.0
101831,242.0,138.0,145.0,145.0
101832,263.0,104.0,158.0,155.0
101833,259.0,106.0,146.0,138.0
101834,267.0,106.0,155.0,145.0
101835,256.0,123.0,145.0,144.0
101836,257.0,128.0,138.0,150.0
101837,242.0,110.0,132.0,139.0
101838,258.0,146.0,151.0,136.0
101839,242.0,110.0,138.0,128.0
101840,255.0,151.0,144.0,143.0
101841,262.0,72.0,154.0,154.0
101842,255.0,139.0,143.0,134.0
101843,255.0,112.0,143.0,156.0
101844,253.0,138.0,127.0,134.0
101845,244.0,106.0,116.0,136.0
101846,270.0,54.0,157.0,148.0
101847,248.0,187.0,146.0,135.0
101848,253.0,137.0,132.0,129.0
101849,234.0,80.0,131.0,141.0
101850,256.0,85.0,139.0,157.0
101851,255.0,139.0,144.0,138.0
101852,277.0,255.0,148.0,151.0
101853,248.0,161.0,129.0,146.0
101854,259.0,168.0,143.0,134.0
101855,257.0,84.0,159.0,139.0
101856,220.0,102.0,128.0,111.0
101857,242.0,107.0,127.0,139.0
101858,256.0,97.0,148.0,153.0
101859,241.0,94.0,132.0,140.0
101860,237.0,105.0,123.0,118.0
101861,238.0,73.0,138.0,132.0
101862,246.0,92.0,139.0,143.0
101863,243.0,100.0,142.0,117.0
101864,231.0,114.0,135.0,131.0
101865,239.0,66.0,138.0,123.0
101866,222.0,135.0,117.0,129.0
101867,242.0,108.0,125.0,128.0
101868,241.0,127.0,127.0,119.0
101869,232.0,107.0,133.0,116.0
101870,265.0,118.0,143.0,157.0
101871,254.0,96.0,145.0,139.0
101872,238.0,105.0,128.0,141.0
101873,273.0,95.0,153.0,141.0
101874,249.0,82.0,138.0,157.0
101875,263.0,93.0,129.0,149.0
101876,258.0,95.0,136.0,145.0
101877,275.0,103.0,151.0,159.0
101878,257.0,173.0,145.0,128.0
101879,246.0,122.0,140.0,149.0
101880,239.0,74.0,131.0,135.0
101881,247.0,127.0,140.0,141.0
101882,241.0,139.0,129.0,139.0
101883,228.0,94.0,144.0,127.0
101884,246.0,65.0,151.0,148.0
101885,239.0,72.0,141.0,153.0
101886,239.0,152.0,163.0,128.0
101887,225.0,87.0,123.0,123.0
101888,262.0,115.0,155.0,155.0
101889,256.0,117.0,142.0,150.0
101890,260.0,120.0,151.0,141.0
101891,269.0,104.0,169.0,157.0
101892,250.0,106.0,151.0,133.0
101893,257.0,179.0,154.0,148.0
101894,249.0,105.0,129.0,140.0
101895,255.0,160.0,142.0,139.0
101896,242.0,218.0,133.0,135.0
101897,254.0,105.0,131.0,143.0
101898,260.0,104.0,155.0,160.0
101899,243.0,82.0,136.0,137.0
101900,239.0,112.0,137.0,106.0
101901,253.0,136.0,136.0,147.0
101902,261.0,99.0,135.0,142.0
101903,273.0,105.0,145.0,154.0
101904,247.0,89.0,142.0,147.0
101905,233.0,76.0,134.0,136.0
101906,276.0,101.0,140.0,157.0
101907,267.0,126.0,144.0,162.0
101908,247.0,125.0,138.0,122.0
101909,261.0,170.0,140.0,145.0
101910,270.0,117.0,150.0,151.0
101911,255.0,133.0,129.0,142.0
101912,261.0,92.0,145.0,160.0
101913,238.0,192.0,136.0,142.0
101914,259.0,107.0,149.0,138.0
101915,253.0,118.0,161.0,156.0
101916,256.0,110.0,135.0,146.0
101917,246.0,78.0,136.0,137.0
101918,274.0,141.0,144.0,156.0
101919,224.0,81.0,113.0,134.0
101920,250.0,118.0,146.0,143.0
101921,236.0,73.0,128.0,127.0
101922,245.0,117.0,136.0,134.0
101923,260.0,181.0,125.0,160.0
101924,262.0,79.0,165.0,139.0
101925,246.0,111.0,134.0,148.0
101926,260.0,62.0,152.0,146.0
101927,246.0,109.0,137.0,126.0
101928,262.0,82.0,148.0,148.0
101929,221.0,91.0,113.0,117.0
101930,246.0,112.0,139.0,139.0
101931,225.0,95.0,121.0,129.0
101932,254.0,107.0,152.0,152.0
101933,237.0,152.0,147.0,142.0
101934,244.0,131.0,131.0,148.0
101935,255.0,121.0,134.0,137.0
101936,244.0,113.0,141.0,142.0
101937,239.0,107.0,143.0,135.0
101938,238.0,148.0,143.0,123.0
101939,256.0,66.0,156.0,152.0
101940,279.0,142.0,153.0,170.0
101941,249.0,143.0,129.0,132.0
101942,229.0,115.0,123.0,131.0
101943,277.0,138.0,153.0,156.0
101944,262.0,124.0,146.0,149.0
101945,238.0,79.0,132.0,144.0
101946,249.0,215.0,139.0,130.0
101947,232.0,74.0,129.0,129.0
101948,246.0,157.0,138.0,137.0
101949,247.0,135.0,139.0,156.0
101950,239.0,147.0,139.0,146.0
101951,236.0,127.0,134.0,133.0
101952,257.0,178.0,137.0,131.0
101953,230.0,108.0,138.0,118.0
101954,235.0,103.0,137.0,120.0
101955,275.0,114.0,152.0,166.0
101956,251.0,137.0,142.0,144.0
101957,260.0,123.0,144.0,142.0
101958,245.0,111.0,143.0,135.0
101959,257.0,110.0,144.0,152.0
101960,262.0,117.0,155.0,156.0
101961,250.0,151.0,150.0,151.0
101962,252.0,139.0,139.0,129.0
101963,243.0,59.0,147.0,132.0
101964,264.0,145.0,166.0,132.0
101965,233.0,75.0,133.0,129.0
101966,249.0,125.0,134.0,134.0
101967,239.0,135.0,140.0,133.0
101968,245.0,71.0,150.0,143.0
101969,248.0,99.0,143.0,127.0
101970,237.0,100.0,115.0,137.0
101971,268.0,111.0,158.0,148.0
101972,253.0,115.0,139.0,143.0
101973,257.0,110.0,143.0,135.0
101974,275.0,174.0,163.0,162.0
101975,253.0,121.0,118.0,152.0
101976,252.0,143.0,144.0,158.0
101977,251.0,98.0,141.0,147.0
101978,255.0,69.0,147.0,142.0
101979,253.0,176.0,134.0,154.0
101980,255.0,99.0,129.0,142.0
101981,264.0,130.0,160.0,152.0
101982,249.0,105.0,138.0,157.0
101983,242.0,208.0,128.0,142.0
101984,257.0,126.0,140.0,144.0
101985,252.0,205.0,124.0,139.0
101986,241.0,102.0,126.0,144.0
101987,256.0,139.0,160.0,130.0
101988,268.0,141.0,156.0,163.0
101989,257.0,163.0,138.0,145.0
101990,268.0,219.0,149.0,143.0
101991,275.0,169.0,129.0,151.0
101992,266.0,214.0,140.0,163.0
101993,249.0,91.0,131.0,137.0
101994,252.0,166.0,144.0,133.0
101995,235.0,195.0,123.0,135.0
101996,249.0,126.0,136.0,134.0
101997,257.0,139.0,144.0,141.0
101998,258.0,81.0,145.0,134.0
101999,266.0,97.0,159.0,158.0
102000,242.0,93.0,136.0,128.0
102001,257.0,104.0,173.0,152.0
102002,253.0,172.0,133.0,140.0
102003,280.0,106.0,142.0,152.0
102004,244.0,127.0,130.0,137.0
102005,251.0,84.0,141.0,144.0
102006,243.0,116.0,121.0,150.0
102007,251.0,126.0,158.0,137.0
102008,259.0,104.0,153.0,152.0
102009,250.0,86.0,142.0,136.0
102010,276.0,171.0,166.0,151.0
102011,251.0,130.0,134.0,137.0
102012,264.0,150.0,145.0,138.0
102013,260.0,103.0,130.0,150.0
102014,263.0,139.0,150.0,137.0
102015,252.0,97.0,137.0,169.0
102016,262.0,153.0,153.0,131.0
102017,224.0,161.0,132.0,121.0
102018,248.0,75.0,142.0,128.0
102019,241.0,65.0,136.0,138.0
102020,226.0,143.0,122.0,116.0
102021,245.0,111.0,142.0,129.0
102022,257.0,77.0,145.0,136.0
102023,267.0,141.0,153.0,137.0
102024,231.0,125.0,121.0,121.0
102025,255.0,122.0,147.0,140.0
102026,258.0,99.0,138.0,143.0
102027,258.0,82.0,143.0,146.0
102028,239.0,207.0,128.0,138.0
102029,277.0,185.0,148.0,154.0
102030,255.0,112.0,140.0,148.0
102031,235.0,114.0,123.0,128.0
102032,278.0,117.0,162.0,151.0
102033,254.0,101.0,156.0,142.0
102034,238.0,136.0,134.0,124.0
102035,273.0,133.0,148.0,151.0
102036,253.0,110.0,151.0,131.0
102037,226.0,50.0,118.0,127.0
102038,228.0,72.0,126.0,123.0
102039,256.0,93.0,148.0,135.0
102040,259.0,258.0,148.0,167.0
102041,237.0,236.0,132.0,133.0
102042,236.0,103.0,146.0,135.0
102043,273.0,160.0,148.0,150.0
102044,228.0,108.0,125.0,126.0
102045,267.0,135.0,153.0,145.0
102046,261.0,140.0,127.0,137.0
102047,241.0,67.0,122.0,133.0
102048,229.0,118.0,132.0,133.0
102049,254.0,164.0,149.0,153.0
102050,245.0,118.0,139.0,134.0
102051,229.0,89.0,130.0,135.0
102052,231.0,73.0,128.0,130.0
102053,261.0,116.0,156.0,154.0
102054,267.0,232.0,150.0,167.0
102055,269.0,32.0,162.0,143.0
102056,241.0,204.0,140.0,141.0
102057,262.0,230.0,147.0,131.0
102058,243.0,109.0,134.0,132.0
102059,254.0,98.0,131.0,150.0
102060,242.0,111.0,125.0,144.0
102061,249.0,131.0,146.0,135.0
102062,237.0,96.0,129.0,137.0
102063,250.0,114.0,150.0,155.0
102064,261.0,123.0,146.0,136.0
102065,246.0,131.0,128.0,124.0
102066,251.0,155.0,140.0,159.0
102067,255.0,135.0,145.0,139.0
102068,275.0,124.0,166.0,143.0
102069,243.0,114.0,146.0,141.0
102070,256.0,123.0,152.0,133.0
102071,260.0,143.0,153.0,150.0
102072,249.0,110.0,138.0,137.0
102073,241.0,148.0,140.0,133.0
102074,261.0,217.0,147.0,151.0
102075,228.0,91.0,113.0,138.0
102076,263.0,234.0,140.0,166.0
102077,226.0,196.0,114.0,125.0
102078,247.0,223.0,134.0,128.0
102079,250.0,226.0,142.0,143.0
102080,231.0,105.0,134.0,139.0
102081,240.0,232.0,141.0,134.0
102082,241.0,165.0,125.0,124.0
102083,250.0,61.0,131.0,153.0
102084,260.0,141.0,144.0,153.0
102085,234.0,52.0,124.0,135.0
102086,273.0,99.0,144.0,150.0
102087,261.0,170.0,144.0,144.0
102088,271.0,152.0,139.0,137.0
102089,261.0,79.0,134.0,148.0
102090,240.0,89.0,125.0,144.0
102091,247.0,66.0,130.0,133.0
102092,266.0,143.0,127.0,162.0
102093,282.0,107.0,162.0,152.0
102094,225.0,91.0,116.0,122.0
102095,257.0,134.0,133.0,153.0
102096,255.0,116.0,133.0,154.0
102097,252.0,83.0,131.0,147.0
102098,254.0,116.0,125.0,155.0
102099,245.0,57.0,139.0,137.0
102100,225.0,66.0,134.0,126.0
102101,252.0,102.0,145.0,145.0
102102,262.0,96.0,146.0,131.0
102103,243.0,155.0,121.0,129.0
102104,279.0,109.0,147.0,149.0
102105,239.0,96.0,132.0,128.0
102106,252.0,103.0,153.0,140.0
102107,246.0,105.0,131.0,150.0
102108,262.0,122.0,149.0,143.0
102109,224.0,81.0,116.0,133.0
102110,226.0,124.0,136.0,125.0
102111,251.0,88.0,136.0,143.0
102112,246.0,112.0,133.0,139.0
102113,262.0,106.0,144.0,163.0
102114,238.0,135.0,150.0,122.0
102115,250.0,90.0,122.0,144.0
102116,275.0,143.0,150.0,153.0
102117,261.0,114.0,134.0,138.0
102118,258.0,87.0,138.0,148.0
102119,241.0,91.0,136.0,136.0
102120,228.0,88.0,109.0,136.0
102121,238.0,175.0,144.0,142.0
102122,242.0,103.0,142.0,150.0
102123,227.0,115.0,120.0,127.0
102124,217.0,56.0,113.0,121.0
102125,242.0,97.0,132.0,128.0
102126,260.0,130.0,150.0,151.0
102127,267.0,151.0,149.0,161.0
102128,239.0,60.0,141.0,131.0
102129,230.0,77.0,134.0,134.0
102130,283.0,131.0,153.0,167.0
102131,236.0,135.0,123.0,126.0
102132,280.0,118.0,166.0,137.0
102133,252.0,136.0,158.0,133.0
102134,250.0,142.0,134.0,146.0
102135,276.0,78.0,147.0,146.0
102136,248.0,137.0,154.0,137.0
102137,260.0,51.0,151.0,156.0
102138,225.0,90.0,123.0,138.0
102139,230.0,100.0,119.0,121.0
102140,239.0,104.0,139.0,140.0
102141,236.0,102.0,127.0,132.0
102142,256.0,61.0,144.0,146.0
102143,252.0,129.0,146.0,144.0
102144,256.0,167.0,154.0,132.0
102145,257.0,116.0,141.0,154.0
102146,265.0,109.0,149.0,159.0
102147,224.0,110.0,131.0,117.0
102148,251.0,149.0,145.0,154.0
102149,232.0,189.0,144.0,132.0
102150,257.0,140.0,142.0,150.0
102151,253.0,105.0,138.0,143.0
102152,246.0,96.0,138.0,124.0
102153,238.0,195.0,131.0,135.0
102154,235.0,200.0,133.0,135.0
102155,230.0,130.0,145.0,121.0
102156,250.0,111.0,126.0,152.0
102157,251.0,129.0,140.0,135.0
102158,250.0,86.0,130.0,143.0
102159,247.0,93.0,135.0,137.0
102160,232.0,155.0,127.0,124.0
102161,275.0,132.0,145.0,152.0
102162,248.0,125.0,142.0,146.0
102163,249.0,88.0,136.0,143.0
102164,241.0,75.0,144.0,128.0
102165,243.0,164.0,125.0,136.0
102166,246.0,59.0,154.0,142.0
102167,245.0,96.0,137.0,141.0
102168,248.0,224.0,130.0,138.0
102169,256.0,92.0,137.0,147.0
102170,248.0,159.0,138.0,138.0
102171,250.0,134.0,124.0,144.0
102172,267.0,102.0,151.0,153.0
102173,254.0,112.0,139.0,129.0
102174,255.0,82.0,134.0,147.0
102175,234.0,195.0,122.0,139.0
102176,234.0,68.0,131.0,120.0
102177,268.0,111.0,155.0,146.0
102178,262.0,103.0,156.0,134.0
102179,249.0,121.0,146.0,138.0
102180,250.0,94.0,142.0,134.0
102181,257.0,108.0,149.0,147.0
102182,237.0,103.0,141.0,131.0
102183,256.0,113.0,141.0,148.0
102184,234.0,133.0,130.0,134.0
102185,259.0,221.0,155.0,138.0
102186,241.0,110.0,142.0,131.0
102187,231.0,130.0,146.0,124.0
102188,258.0,135.0,146.0,138.0
102189,233.0,142.0,119.0,132.0
102190,264.0,154.0,154.0,151.0
102191,257.0,126.0,131.0,138.0
102192,242.0,132.0,147.0,139.0
102193,236.0,72.0,126.0,136.0
102194,259.0,113.0,142.0,141.0
102195,252.0,70.0,145.0,134.0
102196,247.0,201.0,138.0,133.0
102197,228.0,116.0,137.0,124.0
102198,273.0,214.0,153.0,175.0
102199,253.0,100.0,132.0,147.0
102200,245.0,151.0,149.0,139.0
102201,244.0,214.0,145.0,148.0
102202,240.0,61.0,121.0,143.0
102203,273.0,100.0,148.0,158.0
102204,226.0,159.0,117.0,121.0
102205,239.0,103.0,120.0,125.0
102206,255.0,131.0,136.0,138.0
102207,243.0,66.0,127.0,147.0
102208,261.0,110.0,141.0,151.0
102209,261.0,90.0,143.0,142.0
102210,262.0,133.0,159.0,142.0
102211,250.0,91.0,152.0,125.0
102212,256.0,141.0,134.0,149.0
102213,248.0,91.0,149.0,131.0
102214,230.0,120.0,135.0,121.0
102215,249.0,113.0,133.0,131.0
102216,279.0,237.0,153.0,152.0
102217,279.0,120.0,161.0,154.0
102218,239.0,77.0,139.0,121.0
102219,234.0,141.0,117.0,132.0
102220,271.0,119.0,161.0,162.0
102221,251.0,224.0,155.0,149.0
102222,237.0,102.0,135.0,134.0
102223,268.0,139.0,147.0,156.0
102224,251.0,149.0,144.0,150.0
102225,258.0,134.0,151.0,141.0
102226,260.0,169.0,149.0,150.0
102227,266.0,108.0,157.0,154.0
102228,231.0,111.0,126.0,134.0
102229,279.0,162.0,161.0,166.0
102230,240.0,110.0,134.0,153.0
102231,241.0,109.0,143.0,131.0
102232,263.0,119.0,162.0,156.0
102233,239.0,94.0,140.0,152.0
102234,232.0,77.0,127.0,122.0
102235,231.0,111.0,131.0,134.0
102236,242.0,127.0,133.0,130.0
102237,239.0,115.0,135.0,133.0
102238,267.0,144.0,160.0,178.0
102239,256.0,97.0,147.0,141.0
102240,245.0,111.0,148.0,134.0
102241,258.0,149.0,138.0,145.0
102242,246.0,110.0,135.0,146.0
102243,261.0,121.0,144.0,135.0
102244,254.0,97.0,152.0,142.0
102245,264.0,88.0,156.0,156.0
102246,262.0,217.0,141.0,148.0
102247,252.0,115.0,144.0,133.0
102248,233.0,103.0,121.0,131.0
102249,278.0,156.0,145.0,157.0
102250,238.0,74.0,112.0,137.0
102251,246.0,98.0,148.0,134.0
102252,236.0,121.0,136.0,122.0
102253,269.0,119.0,153.0,156.0
102254,267.0,135.0,160.0,148.0
102255,262.0,158.0,132.0,156.0
102256,239.0,90.0,131.0,133.0
102257,230.0,159.0,122.0,138.0
102258,268.0,111.0,150.0,150.0
102259,261.0,112.0,154.0,135.0
102260,244.0,104.0,146.0,131.0
102261,246.0,116.0,139.0,124.0
102262,269.0,148.0,142.0,154.0
102263,252.0,113.0,151.0,126.0
102264,257.0,132.0,135.0,160.0
102265,245.0,107.0,144.0,138.0
102266,236.0,86.0,126.0,130.0
102267,236.0,86.0,131.0,131.0
102268,232.0,129.0,135.0,129.0
102269,246.0,121.0,129.0,137.0
102270,276.0,93.0,161.0,162.0
102271,254.0,104.0,159.0,135.0
102272,255.0,37.0,145.0,157.0
102273,254.0,124.0,132.0,144.0
102274,269.0,168.0,147.0,151.0
102275,234.0,142.0,144.0,119.0
102276,227.0,60.0,110.0,117.0
102277,261.0,135.0,141.0,138.0
102278,235.0,88.0,127.0,136.0
102279,246.0,129.0,149.0,133.0
102280,239.0,74.0,137.0,140.0
102281,271.0,230.0,142.0,152.0
102282,243.0,80.0,123.0,135.0
102283,248.0,168.0,136.0,139.0
102284,243.0,94.0,142.0,130.0
102285,247.0,88.0,145.0,144.0
102286,269.0,108.0,161.0,155.0
102287,274.0,124.0,148.0,143.0
102288,251.0,92.0,136.0,143.0
102289,252.0,134.0,143.0,135.0
102290,252.0,111.0,136.0,138.0
102291,249.0,130.0,149.0,145.0
102292,254.0,98.0,169.0,138.0
102293,268.0,90.0,157.0,160.0
102294,229.0,85.0,137.0,129.0
102295,260.0,64.0,155.0,153.0
102296,260.0,67.0,152.0,149.0
102297,246.0,67.0,147.0,138.0
102298,250.0,152.0,129.0,144.0
102299,251.0,96.0,142.0,145.0
102300,252.0,99.0,131.0,152.0
102301,244.0,125.0,144.0,147.0
102302,238.0,91.0,131.0,136.0
102303,254.0,129.0,139.0,136.0
102304,252.0,133.0,155.0,143.0
102305,229.0,88.0,133.0,124.0
102306,239.0,157.0,131.0,135.0
102307,222.0,101.0,115.0,123.0
102308,251.0,111.0,135.0,144.0
102309,253.0,137.0,136.0,145.0
102310,251.0,125.0,157.0,122.0
102311,233.0,97.0,124.0,124.0
102312,250.0,143.0,139.0,137.0
102313,242.0,124.0,114.0,140.0
102314,245.0,118.0,144.0,144.0
102315,260.0,95.0,130.0,136.0
102316,275.0,110.0,160.0,151.0
102317,244.0,106.0,135.0,140.0
102318,238.0,94.0,126.0,147.0
102319,268.0,130.0,147.0,159.0
102320,227.0,222.0,126.0,124.0
102321,261.0,137.0,135.0,157.0
102322,262.0,92.0,148.0,155.0
102323,257.0,113.0,139.0,134.0
102324,223.0,103.0,127.0,122.0
102325,247.0,109.0,155.0,142.0
102326,262.0,112.0,157.0,156.0
102327,280.0,131.0,173.0,161.0
102328,288.0,115.0,166.0,156.0
102329,249.0,100.0,144.0,139.0
102330,244.0,121.0,135.0,150.0
102331,247.0,92.0,127.0,131.0
102332,250.0,152.0,130.0,142.0
102333,258.0,121.0,146.0,150.0
102334,224.0,137.0,129.0,110.0
102335,240.0,209.0,133.0,135.0
102336,285.0,169.0,175.0,161.0
102337,236.0,80.0,124.0,126.0
102338,251.0,103.0,143.0,121.0
102339,261.0,118.0,143.0,152.0
102340,226.0,91.0,122.0,126.0
102341,229.0,106.0,140.0,132.0
102342,212.0,72.0,107.0,108.0
102343,247.0,214.0,145.0,148.0
102344,239.0,110.0,131.0,128.0
102345,266.0,133.0,146.0,149.0
102346,242.0,141.0,122.0,133.0
102347,254.0,171.0,141.0,133.0
102348,223.0,85.0,120.0,126.0
102349,254.0,78.0,134.0,148.0
102350,231.0,107.0,137.0,115.0
102351,249.0,84.0,136.0,149.0
102352,218.0,79.0,112.0,112.0
102353,231.0,109.0,131.0,112.0
102354,269.0,155.0,137.0,150.0
102355,260.0,228.0,149.0,155.0
102356,253.0,82.0,151.0,123.0
102357,238.0,201.0,120.0,132.0
102358,245.0,110.0,140.0,141.0
102359,285.0,150.0,155.0,151.0
102360,248.0,204.0,139.0,151.0
102361,249.0,78.0,144.0,133.0
102362,249.0,123.0,127.0,141.0
102363,248.0,94.0,133.0,145.0
102364,253.0,82.0,136.0,130.0
102365,254.0,68.0,147.0,139.0
102366,258.0,104.0,143.0,152.0
102367,268.0,102.0,158.0,148.0
102368,244.0,97.0,129.0,140.0
102369,251.0,119.0,151.0,133.0
102370,234.0,94.0,137.0,127.0
102371,242.0,96.0,140.0,140.0
102372,245.0,97.0,121.0,151.0
102373,247.0,109.0,147.0,122.0
102374,250.0,144.0,155.0,137.0
102375,255.0,118.0,133.0,150.0
102376,266.0,215.0,160.0,145.0
102377,270.0,97.0,133.0,152.0
102378,270.0,124.0,151.0,141.0
102379,239.0,124.0,125.0,132.0
102380,273.0,110.0,146.0,147.0
102381,246.0,122.0,129.0,146.0
102382,270.0,101.0,147.0,153.0
102383,256.0,137.0,139.0,151.0
102384,261.0,123.0,140.0,138.0
102385,270.0,233.0,148.0,155.0
102386,252.0,96.0,137.0,144.0
102387,254.0,84.0,152.0,145.0
102388,250.0,165.0,160.0,126.0
102389,254.0,137.0,143.0,147.0
102390,272.0,126.0,151.0,143.0
102391,215.0,130.0,113.0,113.0
102392,260.0,91.0,153.0,156.0
102393,262.0,140.0,150.0,147.0
102394,245.0,205.0,145.0,152.0
102395,246.0,147.0,142.0,134.0
102396,245.0,139.0,133.0,139.0
102397,226.0,83.0,132.0,114.0
102398,235.0,92.0,120.0,123.0
102399,262.0,106.0,140.0,160.0
102400,271.0,107.0,153.0,144.0
102401,267.0,139.0,139.0,146.0
102402,247.0,106.0,140.0,144.0
102403,268.0,144.0,152.0,165.0
102404,271.0,87.0,165.0,154.0
102405,240.0,85.0,140.0,132.0
102406,266.0,119.0,145.0,157.0
102407,254.0,115.0,141.0,133.0
102408,246.0,96.0,150.0,128.0
102409,275.0,146.0,147.0,146.0
102410,260.0,91.0,151.0,133.0
102411,230.0,101.0,122.0,129.0
102412,234.0,131.0,123.0,117.0
102413,232.0,117.0,126.0,132.0
102414,229.0,89.0,128.0,124.0
102415,244.0,115.0,132.0,141.0
102416,264.0,95.0,155.0,158.0
102417,244.0,128.0,138.0,145.0
102418,243.0,141.0,148.0,136.0
102419,248.0,83.0,139.0,141.0
102420,222.0,91.0,121.0,140.0
102421,235.0,186.0,142.0,130.0
102422,247.0,110.0,129.0,140.0
102423,258.0,124.0,139.0,139.0
102424,277.0,258.0,154.0,143.0
102425,246.0,105.0,137.0,137.0
102426,246.0,90.0,136.0,125.0
102427,252.0,91.0,138.0,141.0
102428,248.0,119.0,137.0,135.0
102429,233.0,201.0,135.0,125.0
102430,235.0,104.0,137.0,132.0
102431,239.0,65.0,134.0,133.0
102432,244.0,121.0,145.0,124.0
102433,256.0,143.0,153.0,148.0
102434,261.0,138.0,147.0,143.0
102435,248.0,67.0,147.0,142.0
102436,258.0,121.0,120.0,153.0
102437,241.0,238.0,135.0,139.0
102438,228.0,65.0,135.0,119.0
102439,219.0,111.0,120.0,122.0
102440,245.0,141.0,146.0,140.0
102441,256.0,99.0,147.0,162.0
102442,284.0,173.0,161.0,148.0
102443,234.0,205.0,128.0,133.0
102444,248.0,219.0,145.0,144.0
102445,267.0,229.0,134.0,141.0
102446,266.0,124.0,148.0,145.0
102447,247.0,247.0,153.0,144.0
102448,248.0,143.0,144.0,141.0
102449,253.0,79.0,125.0,133.0
102450,248.0,138.0,146.0,148.0
102451,254.0,111.0,143.0,136.0
102452,245.0,143.0,139.0,142.0
102453,245.0,65.0,145.0,154.0
102454,268.0,139.0,168.0,139.0
102455,245.0,109.0,135.0,153.0
102456,255.0,122.0,143.0,136.0
102457,253.0,80.0,153.0,130.0
102458,233.0,132.0,121.0,134.0
102459,268.0,176.0,152.0,155.0
102460,235.0,79.0,127.0,123.0
102461,263.0,119.0,137.0,166.0
102462,263.0,140.0,141.0,159.0
102463,252.0,112.0,149.0,146.0
102464,226.0,90.0,142.0,130.0
102465,222.0,96.0,118.0,119.0
102466,263.0,153.0,145.0,144.0
102467,243.0,135.0,138.0,150.0
102468,258.0,92.0,154.0,138.0
102469,266.0,131.0,147.0,143.0
102470,254.0,95.0,134.0,150.0
102471,260.0,138.0,150.0,164.0
102472,248.0,104.0,130.0,137.0
102473,261.0,148.0,145.0,143.0
102474,256.0,115.0,152.0,150.0
102475,251.0,152.0,136.0,154.0
102476,235.0,141.0,126.0,130.0
102477,252.0,123.0,142.0,131.0
102478,226.0,92.0,115.0,124.0
102479,235.0,89.0,138.0,127.0
102480,229.0,78.0,129.0,131.0
102481,260.0,90.0,153.0,138.0
102482,250.0,169.0,147.0,138.0
102483,234.0,93.0,141.0,140.0
102484,259.0,104.0,139.0,157.0
102485,261.0,82.0,140.0,157.0
102486,278.0,124.0,165.0,159.0
102487,269.0,103.0,169.0,130.0
102488,245.0,135.0,134.0,144.0
102489,289.0,115.0,167.0,145.0
102490,264.0,109.0,130.0,144.0
102491,271.0,113.0,147.0,172.0
102492,239.0,105.0,136.0,137.0
102493,245.0,116.0,129.0,124.0
102494,224.0,97.0,135.0,137.0
102495,240.0,83.0,140.0,132.0
102496,266.0,70.0,146.0,148.0
102497,270.0,150.0,150.0,150.0
102498,237.0,141.0,142.0,126.0
102499,239.0,93.0,125.0,140.0
102500,238.0,147.0,118.0,146.0
102501,255.0,111.0,150.0,129.0
102502,224.0,190.0,118.0,127.0
102503,264.0,103.0,138.0,155.0
102504,245.0,56.0,138.0,132.0
102505,241.0,169.0,144.0,141.0
102506,224.0,99.0,119.0,128.0
102507,243.0,139.0,126.0,145.0
102508,281.0,105.0,155.0,150.0
102509,243.0,103.0,140.0,136.0
102510,234.0,91.0,146.0,147.0
102511,226.0,132.0,119.0,111.0
102512,233.0,110.0,131.0,126.0
102513,255.0,138.0,149.0,150.0
102514,252.0,80.0,146.0,146.0
102515,256.0,96.0,150.0,142.0
102516,262.0,88.0,136.0,140.0
102517,244.0,104.0,125.0,148.0
102518,250.0,88.0,131.0,153.0
102519,235.0,86.0,138.0,123.0
102520,233.0,87.0,122.0,139.0
102521,236.0,106.0,140.0,134.0
102522,256.0,227.0,152.0,154.0
102523,238.0,209.0,115.0,132.0
102524,233.0,52.0,135.0,132.0
102525,237.0,163.0,137.0,135.0
102526,247.0,125.0,145.0,132.0
102527,303.0,154.0,174.0,164.0
102528,243.0,145.0,132.0,143.0
102529,258.0,149.0,145.0,140.0
102530,242.0,102.0,132.0,132.0
102531,250.0,178.0,133.0,152.0
102532,240.0,89.0,136.0,126.0
102533,250.0,93.0,140.0,162.0
102534,256.0,139.0,137.0,135.0
102535,264.0,128.0,134.0,159.0
102536,256.0,118.0,136.0,154.0
102537,243.0,111.0,133.0,137.0
102538,255.0,138.0,144.0,161.0
102539,250.0,115.0,141.0,129.0
102540,250.0,116.0,139.0,140.0
102541,258.0,120.0,152.0,142.0
102542,250.0,94.0,146.0,141.0
102543,261.0,105.0,152.0,132.0
102544,255.0,76.0,144.0,149.0
102545,227.0,86.0,122.0,115.0
102546,268.0,92.0,158.0,154.0
102547,254.0,143.0,136.0,152.0
102548,226.0,92.0,136.0,120.0
102549,239.0,149.0,145.0,135.0
102550,226.0,109.0,127.0,130.0
102551,232.0,125.0,121.0,148.0
102552,241.0,203.0,124.0,141.0
102553,241.0,147.0,117.0,126.0
102554,258.0,126.0,150.0,159.0
102555,235.0,101.0,133.0,130.0
102556,246.0,63.0,128.0,139.0
102557,239.0,202.0,133.0,130.0
102558,247.0,113.0,143.0,147.0
102559,228.0,98.0,135.0,133.0
102560,252.0,102.0,146.0,144.0
102561,274.0,101.0,162.0,151.0
102562,233.0,98.0,132.0,131.0
102563,254.0,131.0,149.0,151.0
102564,242.0,62.0,148.0,136.0
102565,236.0,139.0,149.0,143.0
102566,242.0,109.0,148.0,129.0
102567,268.0,127.0,148.0,147.0
102568,270.0,97.0,153.0,162.0
102569,273.0,132.0,169.0,157.0
102570,263.0,84.0,143.0,148.0
102571,261.0,69.0,140.0,155.0
102572,244.0,104.0,143.0,142.0
102573,251.0,147.0,132.0,141.0
102574,245.0,117.0,144.0,140.0
102575,232.0,95.0,126.0,136.0
102576,261.0,122.0,150.0,142.0
102577,265.0,118.0,150.0,140.0
102578,259.0,101.0,174.0,141.0
102579,230.0,135.0,117.0,117.0
102580,266.0,127.0,143.0,144.0
102581,222.0,130.0,130.0,127.0
102582,260.0,83.0,140.0,139.0
102583,245.0,112.0,132.0,129.0
102584,271.0,129.0,148.0,150.0
102585,247.0,101.0,142.0,150.0
102586,261.0,110.0,140.0,134.0
102587,248.0,201.0,119.0,140.0
102588,268.0,121.0,150.0,160.0
102589,221.0,85.0,120.0,113.0
102590,229.0,83.0,120.0,127.0
102591,230.0,123.0,138.0,115.0
102592,258.0,129.0,163.0,147.0
102593,253.0,167.0,139.0,144.0
102594,250.0,144.0,126.0,144.0
102595,247.0,186.0,145.0,137.0
102596,265.0,241.0,146.0,154.0
102597,259.0,113.0,140.0,154.0
102598,280.0,156.0,158.0,153.0
102599,244.0,53.0,132.0,134.0
102600,243.0,97.0,124.0,139.0
102601,260.0,116.0,167.0,153.0
102602,247.0,146.0,146.0,127.0
102603,259.0,80.0,142.0,136.0
102604,253.0,95.0,136.0,140.0
102605,261.0,130.0,152.0,132.0
102606,259.0,165.0,155.0,134.0
102607,256.0,130.0,151.0,152.0
102608,272.0,81.0,145.0,149.0
102609,228.0,107.0,127.0,138.0
102610,262.0,104.0,154.0,148.0
102611,251.0,129.0,137.0,144.0
102612,256.0,119.0,147.0,141.0
102613,286.0,123.0,154.0,159.0
102614,270.0,105.0,139.0,147.0
102615,242.0,90.0,124.0,130.0
102616,265.0,154.0,159.0,145.0
102617,257.0,101.0,134.0,133.0
102618,243.0,87.0,152.0,121.0
102619,235.0,59.0,126.0,130.0
102620,263.0,105.0,139.0,153.0
102621,237.0,99.0,136.0,132.0
102622,232.0,43.0,128.0,120.0
102623,247.0,107.0,144.0,138.0
102624,229.0,127.0,121.0,126.0
102625,247.0,108.0,136.0,144.0
102626,241.0,211.0,124.0,145.0
102627,242.0,90.0,136.0,142.0
102628,247.0,134.0,158.0,145.0
102629,246.0,77.0,139.0,117.0
102630,259.0,91.0,152.0,150.0
102631,260.0,80.0,141.0,141.0
102632,257.0,138.0,140.0,146.0
102633,264.0,112.0,138.0,160.0
102634,233.0,89.0,139.0,114.0
102635,240.0,137.0,138.0,133.0
102636,258.0,93.0,147.0,157.0
102637,266.0,105.0,151.0,148.0
102638,266.0,116.0,141.0,148.0
102639,260.0,114.0,149.0,134.0
102640,252.0,96.0,131.0,148.0
102641,242.0,144.0,121.0,142.0
102642,242.0,171.0,149.0,139.0
102643,259.0,169.0,136.0,147.0
102644,256.0,139.0,138.0,139.0
102645,247.0,117.0,140.0,132.0
102646,247.0,118.0,129.0,133.0
102647,275.0,166.0,143.0,135.0
102648,235.0,98.0,135.0,126.0
102649,254.0,91.0,151.0,147.0
102650,267.0,237.0,152.0,169.0
102651,233.0,103.0,124.0,125.0
102652,253.0,83.0,151.0,157.0
102653,245.0,128.0,142.0,134.0
102654,261.0,130.0,163.0,146.0
102655,244.0,175.0,143.0,137.0
102656,287.0,168.0,180.0,162.0
102657,241.0,208.0,135.0,130.0
102658,234.0,139.0,129.0,130.0
102659,233.0,207.0,135.0,117.0
102660,265.0,101.0,156.0,139.0
102661,248.0,71.0,127.0,151.0
102662,227.0,143.0,125.0,134.0
102663,260.0,101.0,156.0,153.0
102664,240.0,113.0,122.0,141.0
102665,243.0,87.0,117.0,138.0
102666,237.0,148.0,132.0,138.0
102667,231.0,142.0,123.0,138.0
102668,210.0,85.0,119.0,113.0
102669,234.0,91.0,135.0,143.0
102670,222.0,112.0,121.0,117.0
102671,275.0,129.0,161.0,142.0
102672,229.0,106.0,131.0,128.0
102673,231.0,72.0,135.0,134.0
102674,279.0,153.0,159.0,159.0
102675,269.0,85.0,143.0,172.0
102676,224.0,57.0,132.0,128.0
102677,233.0,118.0,145.0,130.0
102678,239.0,92.0,135.0,146.0
102679,244.0,242.0,130.0,141.0
102680,256.0,129.0,135.0,154.0
102681,239.0,64.0,129.0,141.0
102682,246.0,56.0,136.0,146.0
102683,264.0,99.0,140.0,139.0
102684,223.0,109.0,129.0,118.0
102685,259.0,95.0,136.0,143.0
102686,247.0,136.0,135.0,139.0
102687,244.0,94.0,142.0,150.0
102688,248.0,69.0,127.0,125.0
102689,271.0,108.0,147.0,159.0
102690,242.0,208.0,136.0,141.0
102691,267.0,113.0,148.0,144.0
102692,257.0,150.0,139.0,146.0
102693,236.0,100.0,121.0,127.0
102694,244.0,123.0,139.0,127.0
102695,251.0,84.0,147.0,135.0
102696,241.0,152.0,149.0,125.0
102697,237.0,203.0,140.0,139.0
102698,266.0,146.0,146.0,158.0
102699,274.0,131.0,149.0,169.0
102700,241.0,107.0,123.0,131.0
102701,240.0,123.0,137.0,146.0
102702,243.0,117.0,134.0,132.0
102703,247.0,81.0,143.0,149.0
102704,247.0,111.0,146.0,134.0
102705,235.0,120.0,124.0,127.0
102706,287.0,99.0,174.0,166.0
102707,262.0,125.0,150.0,142.0
102708,237.0,61.0,139.0,132.0
102709,253.0,104.0,147.0,143.0
102710,242.0,96.0,133.0,138.0
102711,230.0,133.0,127.0,125.0
102712,244.0,117.0,150.0,137.0
102713,269.0,246.0,153.0,146.0
102714,237.0,83.0,127.0,144.0
102715,241.0,82.0,136.0,134.0
102716,246.0,81.0,120.0,151.0
102717,235.0,103.0,127.0,143.0
102718,254.0,75.0,154.0,138.0
102719,249.0,97.0,152.0,146.0
102720,253.0,96.0,148.0,150.0
102721,253.0,117.0,141.0,145.0
102722,249.0,134.0,127.0,149.0
102723,284.0,118.0,152.0,176.0
102724,266.0,89.0,149.0,152.0
102725,232.0,95.0,141.0,124.0
102726,246.0,103.0,132.0,148.0
102727,224.0,107.0,107.0,126.0
102728,264.0,135.0,137.0,139.0
102729,224.0,132.0,126.0,125.0
102730,246.0,114.0,134.0,155.0
102731,241.0,173.0,133.0,141.0
102732,246.0,124.0,132.0,144.0
102733,248.0,171.0,146.0,119.0
102734,246.0,123.0,128.0,147.0
102735,251.0,218.0,132.0,135.0
102736,253.0,138.0,151.0,145.0
102737,245.0,115.0,133.0,129.0
102738,249.0,107.0,135.0,136.0
102739,240.0,97.0,148.0,140.0
102740,271.0,100.0,158.0,157.0
102741,238.0,97.0,123.0,125.0
102742,230.0,67.0,129.0,140.0
102743,227.0,100.0,115.0,137.0
102744,244.0,98.0,141.0,128.0
102745,256.0,218.0,138.0,139.0
102746,267.0,106.0,162.0,155.0
102747,259.0,111.0,141.0,142.0
102748,255.0,41.0,129.0,154.0
102749,249.0,237.0,129.0,131.0
102750,268.0,111.0,148.0,126.0
102751,263.0,93.0,150.0,153.0
102752,251.0,137.0,144.0,161.0
102753,239.0,203.0,153.0,122.0
102754,236.0,95.0,143.0,130.0
102755,247.0,115.0,143.0,140.0
102756,256.0,120.0,153.0,140.0
102757,247.0,80.0,150.0,136.0
102758,259.0,135.0,135.0,147.0
102759,263.0,110.0,153.0,154.0
102760,220.0,97.0,127.0,111.0
102761,256.0,77.0,168.0,139.0
102762,240.0,115.0,131.0,124.0
102763,254.0,112.0,143.0,143.0
102764,248.0,103.0,138.0,132.0
102765,275.0,121.0,148.0,157.0
102766,277.0,234.0,155.0,169.0
102767,255.0,66.0,136.0,146.0
102768,226.0,122.0,123.0,129.0
102769,252.0,124.0,146.0,146.0
102770,263.0,118.0,150.0,150.0
102771,273.0,121.0,147.0,172.0
102772,247.0,114.0,147.0,132.0
102773,251.0,102.0,124.0,134.0
102774,248.0,67.0,140.0,145.0
102775,247.0,60.0,148.0,157.0
102776,265.0,145.0,140.0,147.0
102777,277.0,92.0,162.0,160.0
102778,266.0,167.0,147.0,160.0
102779,243.0,201.0,146.0,138.0
102780,275.0,145.0,157.0,151.0
102781,274.0,114.0,145.0,144.0
102782,254.0,92.0,131.0,136.0
102783,272.0,112.0,149.0,151.0
102784,239.0,103.0,126.0,140.0
102785,245.0,110.0,137.0,152.0
102786,251.0,119.0,132.0,146.0
102787,254.0,148.0,139.0,137.0
102788,266.0,155.0,145.0,143.0
102789,247.0,100.0,141.0,142.0
102790,244.0,72.0,131.0,134.0
102791,259.0,118.0,151.0,141.0
102792,251.0,116.0,149.0,139.0
102793,246.0,118.0,126.0,148.0
102794,241.0,116.0,138.0,121.0
102795,225.0,125.0,127.0,129.0
102796,252.0,182.0,141.0,127.0
102797,251.0,139.0,135.0,143.0
102798,258.0,155.0,149.0,137.0
102799,258.0,100.0,155.0,139.0
102800,253.0,112.0,144.0,133.0
102801,236.0,113.0,130.0,139.0
102802,263.0,87.0,139.0,146.0
102803,248.0,117.0,136.0,144.0
102804,260.0,117.0,144.0,153.0
102805,262.0,173.0,141.0,139.0
102806,251.0,83.0,142.0,131.0
102807,263.0,102.0,157.0,136.0
102808,259.0,103.0,142.0,145.0
102809,247.0,126.0,149.0,139.0
102810,256.0,147.0,129.0,152.0
102811,244.0,94.0,147.0,132.0
102812,256.0,146.0,136.0,139.0
102813,255.0,143.0,137.0,134.0
102814,259.0,199.0,133.0,162.0
102815,255.0,103.0,142.0,148.0
102816,242.0,127.0,136.0,129.0
102817,215.0,68.0,115.0,125.0
102818,264.0,110.0,148.0,134.0
102819,248.0,202.0,142.0,147.0
102820,244.0,92.0,125.0,140.0
102821,244.0,130.0,135.0,139.0
102822,243.0,83.0,138.0,153.0
102823,245.0,62.0,142.0,129.0
102824,254.0,110.0,138.0,148.0
102825,235.0,86.0,113.0,122.0
102826,252.0,80.0,142.0,155.0
102827,215.0,122.0,128.0,119.0
102828,240.0,109.0,124.0,153.0
102829,217.0,118.0,114.0,126.0
102830,240.0,57.0,124.0,140.0
102831,240.0,127.0,135.0,116.0
102832,237.0,151.0,143.0,141.0
102833,231.0,91.0,117.0,130.0
102834,259.0,81.0,124.0,142.0
102835,263.0,102.0,123.0,134.0
102836,290.0,105.0,159.0,163.0
102837,266.0,155.0,149.0,154.0
102838,252.0,148.0,151.0,136.0
102839,249.0,88.0,136.0,131.0
102840,255.0,172.0,161.0,153.0
102841,275.0,85.0,151.0,154.0
102842,264.0,95.0,141.0,156.0
102843,261.0,116.0,136.0,149.0
102844,253.0,59.0,148.0,160.0
102845,242.0,109.0,140.0,129.0
102846,245.0,140.0,131.0,133.0
102847,236.0,136.0,137.0,138.0
102848,257.0,171.0,149.0,138.0
102849,267.0,90.0,150.0,137.0
102850,259.0,104.0,158.0,129.0
102851,258.0,78.0,147.0,139.0
102852,245.0,134.0,141.0,135.0
102853,238.0,175.0,121.0,139.0
102854,264.0,130.0,146.0,153.0
102855,226.0,100.0,121.0,118.0
102856,273.0,238.0,164.0,151.0
102857,269.0,143.0,146.0,148.0
102858,255.0,115.0,147.0,146.0
102859,231.0,144.0,129.0,127.0
102860,242.0,98.0,134.0,124.0
102861,269.0,101.0,164.0,159.0
102862,243.0,106.0,140.0,126.0
102863,237.0,100.0,127.0,132.0
102864,261.0,123.0,145.0,139.0
102865,235.0,94.0,131.0,124.0
102866,239.0,131.0,136.0,148.0
102867,239.0,101.0,133.0,129.0
102868,239.0,98.0,135.0,124.0
102869,268.0,249.0,159.0,149.0
102870,249.0,162.0,120.0,138.0
102871,230.0,76.0,131.0,133.0
102872,240.0,117.0,125.0,124.0
102873,255.0,136.0,160.0,139.0
102874,248.0,119.0,136.0,142.0
102875,255.0,99.0,141.0,142.0
102876,237.0,151.0,143.0,125.0
102877,262.0,116.0,144.0,173.0
102878,248.0,104.0,149.0,140.0
102879,262.0,104.0,152.0,141.0
102880,242.0,120.0,134.0,144.0
102881,237.0,90.0,117.0,117.0
102882,227.0,85.0,131.0,122.0
102883,229.0,155.0,132.0,137.0
102884,224.0,51.0,130.0,139.0
102885,229.0,96.0,122.0,128.0
102886,246.0,80.0,151.0,141.0
102887,234.0,91.0,123.0,128.0
102888,218.0,105.0,117.0,129.0
102889,255.0,110.0,133.0,165.0
102890,240.0,147.0,155.0,137.0
102891,237.0,131.0,126.0,146.0
102892,250.0,79.0,155.0,144.0
102893,232.0,71.0,123.0,127.0
102894,259.0,113.0,147.0,136.0
102895,266.0,131.0,154.0,145.0
102896,259.0,132.0,156.0,139.0
102897,239.0,84.0,144.0,135.0
102898,267.0,231.0,158.0,134.0
102899,260.0,128.0,148.0,155.0
102900,246.0,122.0,148.0,139.0
102901,255.0,205.0,135.0,142.0
102902,233.0,136.0,129.0,135.0
102903,267.0,88.0,154.0,155.0
102904,274.0,119.0,166.0,135.0
102905,263.0,126.0,140.0,156.0
102906,248.0,106.0,140.0,137.0
102907,247.0,88.0,129.0,144.0
102908,260.0,121.0,144.0,140.0
102909,243.0,112.0,121.0,135.0
102910,226.0,91.0,122.0,136.0
102911,252.0,149.0,131.0,142.0
102912,239.0,130.0,126.0,150.0
102913,248.0,137.0,131.0,127.0
102914,269.0,135.0,151.0,145.0
102915,272.0,138.0,156.0,136.0
102916,273.0,144.0,174.0,156.0
102917,258.0,68.0,160.0,142.0
102918,235.0,90.0,120.0,140.0
102919,256.0,140.0,146.0,145.0
102920,257.0,132.0,138.0,139.0
102921,248.0,140.0,130.0,124.0
102922,246.0,73.0,154.0,134.0
102923,226.0,92.0,129.0,126.0
102924,238.0,103.0,139.0,127.0
102925,249.0,122.0,133.0,148.0
102926,237.0,115.0,133.0,137.0
102927,252.0,124.0,153.0,140.0
102928,258.0,62.0,154.0,147.0
102929,253.0,217.0,168.0,148.0
102930,253.0,186.0,141.0,142.0
102931,246.0,109.0,153.0,131.0
102932,247.0,140.0,132.0,142.0
102933,232.0,103.0,133.0,118.0
102934,247.0,207.0,144.0,133.0
102935,237.0,92.0,134.0,134.0
102936,239.0,212.0,144.0,122.0
102937,242.0,141.0,124.0,138.0
102938,243.0,72.0,136.0,126.0
102939,249.0,85.0,150.0,134.0
102940,225.0,77.0,128.0,141.0
102941,236.0,84.0,126.0,133.0
102942,239.0,89.0,142.0,132.0
102943,244.0,118.0,130.0,145.0
102944,284.0,118.0,166.0,169.0
102945,246.0,135.0,137.0,141.0
102946,243.0,104.0,143.0,140.0
102947,271.0,147.0,153.0,133.0
102948,245.0,94.0,149.0,144.0
102949,252.0,144.0,138.0,145.0
102950,232.0,102.0,135.0,140.0
102951,253.0,167.0,162.0,163.0
102952,253.0,213.0,152.0,147.0
102953,235.0,201.0,129.0,134.0
102954,261.0,121.0,140.0,137.0
102955,258.0,119.0,141.0,150.0
102956,266.0,136.0,171.0,130.0
102957,256.0,109.0,128.0,141.0
102958,244.0,84.0,137.0,130.0
102959,241.0,124.0,134.0,130.0
102960,222.0,86.0,126.0,115.0
102961,269.0,154.0,151.0,137.0
102962,236.0,84.0,150.0,129.0
102963,243.0,99.0,137.0,132.0
102964,242.0,117.0,136.0,138.0
102965,231.0,60.0,115.0,138.0
102966,252.0,132.0,146.0,140.0
102967,236.0,131.0,138.0,128.0
102968,251.0,105.0,137.0,143.0
102969,249.0,75.0,132.0,129.0
102970,267.0,115.0,146.0,155.0
102971,247.0,129.0,134.0,127.0
102972,262.0,114.0,143.0,142.0
102973,273.0,145.0,156.0,138.0
102974,249.0,108.0,145.0,148.0
102975,249.0,121.0,133.0,130.0
102976,232.0,87.0,125.0,122.0
102977,247.0,144.0,143.0,142.0
102978,250.0,98.0,140.0,129.0
102979,237.0,209.0,148.0,128.0
102980,271.0,161.0,148.0,138.0
102981,250.0,225.0,134.0,146.0
102982,254.0,151.0,155.0,145.0
102983,244.0,85.0,145.0,142.0
102984,247.0,141.0,133.0,151.0
102985,252.0,124.0,146.0,141.0
102986,259.0,91.0,149.0,119.0
102987,253.0,119.0,133.0,141.0
102988,241.0,97.0,110.0,144.0
102989,232.0,206.0,124.0,138.0
102990,246.0,162.0,132.0,143.0
102991,272.0,131.0,137.0,152.0
102992,231.0,140.0,142.0,117.0
102993,239.0,168.0,131.0,128.0
102994,268.0,153.0,131.0,142.0
102995,235.0,60.0,139.0,154.0
102996,251.0,85.0,134.0,126.0
102997,269.0,104.0,141.0,149.0
102998,229.0,147.0,107.0,133.0
102999,273.0,151.0,152.0,147.0
103000,236.0,233.0,144.0,124.0
103001,244.0,137.0,135.0,136.0
103002,253.0,121.0,144.0,138.0
103003,257.0,80.0,147.0,161.0
103004,261.0,122.0,157.0,146.0
103005,231.0,47.0,130.0,123.0
103006,262.0,101.0,134.0,129.0
103007,231.0,218.0,132.0,123.0
103008,222.0,92.0,117.0,125.0
103009,257.0,125.0,142.0,141.0
103010,240.0,68.0,134.0,142.0
103011,250.0,131.0,142.0,139.0
103012,285.0,138.0,158.0,164.0
103013,247.0,111.0,119.0,132.0
103014,252.0,131.0,143.0,133.0
103015,254.0,82.0,131.0,131.0
103016,287.0,102.0,161.0,159.0
103017,246.0,130.0,135.0,137.0
103018,274.0,69.0,161.0,158.0
103019,239.0,118.0,118.0,142.0
103020,238.0,100.0,140.0,133.0
103021,245.0,103.0,147.0,141.0
103022,238.0,157.0,125.0,132.0
103023,248.0,77.0,136.0,137.0
103024,234.0,127.0,127.0,124.0
103025,240.0,201.0,126.0,133.0
103026,262.0,103.0,149.0,142.0
103027,279.0,160.0,142.0,161.0
103028,234.0,118.0,136.0,135.0
103029,249.0,77.0,146.0,137.0
103030,248.0,130.0,124.0,147.0
103031,261.0,90.0,144.0,158.0
103032,243.0,213.0,155.0,136.0
103033,250.0,160.0,127.0,136.0
103034,239.0,97.0,139.0,118.0
103035,239.0,96.0,136.0,120.0
103036,237.0,205.0,142.0,136.0
103037,257.0,126.0,142.0,128.0
103038,230.0,104.0,128.0,136.0
103039,254.0,96.0,137.0,135.0
103040,245.0,97.0,129.0,136.0
103041,260.0,70.0,150.0,138.0
103042,258.0,117.0,135.0,137.0
103043,266.0,102.0,160.0,153.0
103044,242.0,130.0,139.0,124.0
103045,240.0,70.0,137.0,126.0
103046,259.0,139.0,147.0,138.0
103047,256.0,92.0,156.0,142.0
103048,273.0,130.0,150.0,150.0
103049,255.0,91.0,145.0,162.0
103050,271.0,107.0,167.0,137.0
103051,242.0,110.0,135.0,133.0
103052,270.0,223.0,169.0,151.0
103053,245.0,102.0,151.0,137.0
103054,279.0,164.0,168.0,162.0
103055,235.0,185.0,130.0,133.0
103056,251.0,155.0,125.0,149.0
103057,251.0,162.0,142.0,134.0
103058,231.0,132.0,123.0,137.0
103059,257.0,130.0,145.0,154.0
103060,245.0,91.0,149.0,147.0
103061,234.0,117.0,140.0,138.0
103062,264.0,114.0,149.0,161.0
103063,234.0,76.0,141.0,121.0
103064,243.0,60.0,144.0,143.0
103065,246.0,58.0,145.0,140.0
103066,247.0,120.0,149.0,153.0
103067,266.0,120.0,167.0,153.0
103068,279.0,162.0,167.0,154.0
103069,250.0,121.0,139.0,130.0
103070,221.0,81.0,119.0,129.0
103071,227.0,121.0,107.0,122.0
103072,238.0,127.0,132.0,135.0
103073,248.0,89.0,143.0,146.0
103074,242.0,93.0,123.0,141.0
103075,284.0,104.0,158.0,165.0
103076,232.0,79.0,138.0,133.0
103077,261.0,109.0,133.0,136.0
103078,265.0,161.0,152.0,144.0
103079,250.0,110.0,136.0,141.0
103080,213.0,91.0,114.0,120.0
103081,267.0,134.0,143.0,138.0
103082,225.0,95.0,127.0,132.0
103083,261.0,111.0,155.0,151.0
103084,240.0,126.0,139.0,147.0
103085,251.0,76.0,146.0,136.0
103086,262.0,114.0,152.0,146.0
103087,245.0,67.0,133.0,148.0
103088,244.0,99.0,132.0,141.0
103089,243.0,189.0,138.0,125.0
103090,246.0,85.0,127.0,141.0
103091,256.0,138.0,138.0,146.0
103092,262.0,161.0,148.0,155.0
103093,239.0,132.0,145.0,136.0
103094,257.0,195.0,154.0,134.0
103095,224.0,84.0,127.0,128.0
103096,231.0,196.0,141.0,128.0
103097,238.0,208.0,124.0,132.0
103098,269.0,120.0,143.0,148.0
103099,268.0,122.0,155.0,152.0
103100,252.0,103.0,124.0,138.0
103101,244.0,96.0,142.0,134.0
103102,259.0,222.0,150.0,131.0
103103,246.0,85.0,137.0,125.0
103104,255.0,92.0,131.0,137.0
103105,251.0,129.0,131.0,139.0
103106,260.0,113.0,150.0,160.0
103107,252.0,93.0,133.0,144.0
103108,258.0,126.0,137.0,142.0
103109,236.0,99.0,142.0,124.0
103110,222.0,146.0,129.0,119.0
103111,246.0,93.0,141.0,138.0
103112,209.0,71.0,114.0,121.0
103113,258.0,186.0,141.0,151.0
103114,249.0,112.0,150.0,157.0
103115,225.0,77.0,113.0,118.0
103116,248.0,102.0,123.0,152.0
103117,278.0,243.0,160.0,137.0
103118,235.0,200.0,134.0,129.0
103119,244.0,146.0,141.0,140.0
103120,248.0,96.0,138.0,150.0
103121,258.0,83.0,139.0,151.0
103122,240.0,93.0,140.0,132.0
103123,262.0,104.0,145.0,144.0
103124,254.0,161.0,141.0,143.0
103125,257.0,71.0,152.0,153.0
103126,276.0,240.0,149.0,154.0
103127,262.0,226.0,151.0,142.0
103128,238.0,107.0,126.0,141.0
103129,239.0,112.0,131.0,134.0
103130,242.0,101.0,145.0,134.0
103131,264.0,135.0,145.0,138.0
103132,235.0,120.0,131.0,131.0
103133,261.0,101.0,151.0,144.0
103134,277.0,277.0,159.0,164.0
103135,229.0,92.0,140.0,137.0
103136,235.0,93.0,135.0,149.0
103137,265.0,109.0,134.0,145.0
103138,262.0,208.0,147.0,147.0
103139,247.0,228.0,131.0,127.0
103140,257.0,126.0,146.0,150.0
103141,247.0,147.0,137.0,136.0
103142,262.0,159.0,145.0,138.0
103143,259.0,133.0,133.0,138.0
103144,249.0,135.0,148.0,144.0
103145,225.0,84.0,125.0,139.0
103146,254.0,251.0,150.0,140.0
103147,249.0,106.0,132.0,138.0
103148,240.0,67.0,140.0,132.0
103149,267.0,81.0,148.0,162.0
103150,250.0,118.0,142.0,139.0
103151,240.0,56.0,143.0,145.0
103152,245.0,115.0,136.0,137.0
103153,249.0,103.0,137.0,135.0
103154,250.0,118.0,128.0,149.0
103155,244.0,83.0,154.0,116.0
103156,239.0,112.0,144.0,141.0
103157,266.0,104.0,157.0,142.0
103158,258.0,130.0,154.0,149.0
103159,258.0,218.0,150.0,147.0
103160,244.0,154.0,144.0,133.0
103161,265.0,184.0,145.0,147.0
103162,244.0,85.0,138.0,141.0
103163,246.0,112.0,131.0,135.0
103164,256.0,134.0,155.0,147.0
103165,264.0,103.0,158.0,157.0
103166,259.0,137.0,143.0,159.0
103167,239.0,238.0,125.0,141.0
103168,232.0,54.0,141.0,130.0
103169,283.0,62.0,161.0,168.0
103170,238.0,87.0,125.0,145.0
103171,255.0,96.0,144.0,147.0
103172,226.0,189.0,131.0,123.0
103173,259.0,113.0,159.0,140.0
103174,237.0,202.0,150.0,135.0
103175,262.0,119.0,136.0,153.0
103176,262.0,97.0,147.0,143.0
103177,242.0,189.0,145.0,156.0
103178,267.0,135.0,158.0,137.0
103179,251.0,94.0,141.0,149.0
103180,258.0,105.0,137.0,138.0
103181,234.0,103.0,128.0,123.0
103182,231.0,118.0,121.0,137.0
103183,270.0,115.0,146.0,144.0
103184,225.0,91.0,120.0,127.0
103185,252.0,111.0,153.0,134.0
103186,263.0,122.0,146.0,145.0
103187,250.0,139.0,153.0,128.0
103188,236.0,164.0,122.0,136.0
103189,233.0,69.0,137.0,144.0
103190,250.0,99.0,146.0,148.0
103191,255.0,111.0,146.0,145.0
103192,258.0,134.0,149.0,140.0
103193,242.0,47.0,129.0,136.0
103194,227.0,77.0,115.0,138.0
103195,241.0,96.0,133.0,128.0
103196,245.0,88.0,136.0,119.0
103197,240.0,115.0,134.0,132.0
103198,268.0,95.0,144.0,154.0
103199,232.0,158.0,126.0,123.0
103200,240.0,130.0,126.0,139.0
103201,235.0,99.0,136.0,144.0
103202,256.0,101.0,137.0,142.0
103203,237.0,144.0,135.0,135.0
103204,224.0,113.0,139.0,124.0
103205,245.0,100.0,130.0,142.0
103206,255.0,122.0,142.0,145.0
103207,245.0,89.0,129.0,145.0
103208,246.0,89.0,125.0,147.0
103209,232.0,82.0,141.0,140.0
103210,274.0,136.0,170.0,165.0
103211,253.0,180.0,150.0,143.0
103212,225.0,169.0,123.0,130.0
103213,241.0,80.0,122.0,130.0
103214,234.0,95.0,129.0,136.0
103215,270.0,143.0,152.0,150.0
103216,276.0,126.0,171.0,172.0
103217,277.0,116.0,161.0,168.0
103218,230.0,81.0,122.0,131.0
103219,244.0,122.0,138.0,143.0
103220,240.0,94.0,132.0,129.0
103221,238.0,98.0,125.0,120.0
103222,241.0,214.0,130.0,134.0
103223,257.0,113.0,135.0,149.0
103224,248.0,106.0,114.0,140.0
103225,278.0,142.0,164.0,163.0
103226,237.0,113.0,127.0,139.0
103227,263.0,167.0,150.0,154.0
103228,244.0,115.0,145.0,144.0
103229,256.0,163.0,145.0,144.0
103230,239.0,149.0,130.0,140.0
103231,255.0,223.0,124.0,162.0
103232,226.0,122.0,125.0,129.0
103233,264.0,123.0,129.0,149.0
103234,257.0,116.0,140.0,161.0
103235,238.0,104.0,115.0,139.0
103236,256.0,96.0,158.0,129.0
103237,253.0,220.0,138.0,149.0
103238,262.0,132.0,139.0,151.0
103239,264.0,111.0,152.0,164.0
103240,227.0,86.0,133.0,123.0
103241,258.0,107.0,148.0,166.0
103242,257.0,90.0,145.0,161.0
103243,254.0,99.0,132.0,142.0
103244,245.0,112.0,129.0,134.0
103245,257.0,136.0,135.0,148.0
103246,259.0,146.0,139.0,151.0
103247,236.0,93.0,153.0,126.0
103248,250.0,120.0,154.0,148.0
103249,261.0,81.0,159.0,143.0
103250,297.0,142.0,164.0,171.0
103251,251.0,125.0,128.0,139.0
103252,252.0,145.0,123.0,146.0
103253,251.0,116.0,144.0,142.0
103254,252.0,70.0,148.0,131.0
103255,253.0,96.0,131.0,147.0
103256,253.0,129.0,155.0,129.0
103257,262.0,129.0,160.0,150.0
103258,238.0,110.0,133.0,138.0
103259,249.0,114.0,129.0,152.0
103260,258.0,110.0,146.0,161.0
103261,255.0,116.0,134.0,150.0
103262,251.0,133.0,147.0,148.0
103263,258.0,102.0,130.0,151.0
103264,231.0,159.0,125.0,129.0
103265,250.0,223.0,138.0,139.0
103266,272.0,112.0,148.0,162.0
103267,261.0,142.0,126.0,136.0
103268,263.0,103.0,154.0,150.0
103269,232.0,53.0,123.0,126.0
103270,269.0,93.0,140.0,146.0
103271,248.0,103.0,133.0,127.0
103272,243.0,93.0,125.0,149.0
103273,229.0,106.0,128.0,128.0
103274,254.0,113.0,140.0,145.0
103275,233.0,206.0,136.0,134.0
103276,253.0,126.0,131.0,145.0
103277,253.0,121.0,152.0,142.0
103278,260.0,108.0,139.0,150.0
103279,261.0,112.0,141.0,156.0
103280,220.0,120.0,123.0,116.0
103281,242.0,113.0,135.0,134.0
103282,232.0,148.0,131.0,128.0
103283,267.0,140.0,158.0,151.0
103284,263.0,125.0,162.0,149.0
103285,265.0,102.0,149.0,164.0
103286,265.0,202.0,152.0,147.0
103287,225.0,74.0,112.0,138.0
103288,266.0,226.0,148.0,144.0
103289,243.0,130.0,125.0,139.0
103290,266.0,63.0,169.0,146.0
103291,268.0,160.0,151.0,168.0
103292,269.0,120.0,153.0,144.0
103293,217.0,190.0,131.0,124.0
103294,266.0,100.0,141.0,164.0
103295,273.0,239.0,154.0,154.0
103296,261.0,129.0,155.0,152.0
103297,260.0,126.0,157.0,136.0
103298,245.0,106.0,129.0,140.0
103299,242.0,210.0,135.0,139.0
103300,251.0,118.0,150.0,135.0
103301,265.0,163.0,147.0,146.0
103302,236.0,87.0,133.0,151.0
103303,234.0,88.0,133.0,144.0
103304,250.0,127.0,129.0,140.0
103305,238.0,84.0,136.0,129.0
103306,240.0,127.0,131.0,141.0
103307,236.0,141.0,132.0,131.0
103308,243.0,120.0,135.0,134.0
103309,268.0,140.0,145.0,149.0
103310,244.0,108.0,144.0,158.0
103311,265.0,108.0,154.0,143.0
103312,247.0,109.0,154.0,140.0
103313,253.0,116.0,142.0,137.0
103314,269.0,109.0,150.0,158.0
103315,237.0,122.0,131.0,145.0
103316,244.0,113.0,133.0,140.0
103317,243.0,157.0,146.0,133.0
103318,274.0,192.0,147.0,163.0
103319,235.0,233.0,130.0,146.0
103320,241.0,83.0,145.0,145.0
103321,262.0,79.0,142.0,156.0
103322,232.0,125.0,119.0,128.0
103323,232.0,114.0,125.0,132.0
103324,266.0,152.0,156.0,148.0
103325,264.0,97.0,153.0,159.0
103326,251.0,167.0,134.0,152.0
103327,245.0,117.0,142.0,142.0
103328,241.0,211.0,130.0,126.0
103329,247.0,172.0,149.0,134.0
103330,227.0,93.0,140.0,138.0
103331,236.0,103.0,135.0,126.0
103332,234.0,193.0,137.0,128.0
103333,225.0,191.0,135.0,111.0
103334,256.0,223.0,136.0,150.0
103335,256.0,134.0,138.0,136.0
103336,272.0,156.0,146.0,161.0
103337,252.0,131.0,141.0,142.0
103338,260.0,97.0,157.0,166.0
103339,265.0,125.0,152.0,152.0
103340,244.0,223.0,139.0,138.0
103341,233.0,119.0,135.0,132.0
103342,237.0,98.0,139.0,126.0
103343,243.0,66.0,141.0,145.0
103344,242.0,90.0,137.0,122.0
103345,242.0,121.0,134.0,145.0
103346,245.0,66.0,150.0,121.0
103347,247.0,119.0,143.0,137.0
103348,229.0,84.0,117.0,122.0
103349,259.0,167.0,130.0,154.0
103350,226.0,97.0,130.0,127.0
103351,246.0,120.0,127.0,137.0
103352,231.0,114.0,136.0,118.0
103353,234.0,100.0,146.0,125.0
103354,244.0,214.0,148.0,134.0
103355,237.0,96.0,130.0,146.0
103356,252.0,97.0,148.0,133.0
103357,235.0,106.0,141.0,118.0
103358,243.0,91.0,122.0,140.0
103359,259.0,80.0,129.0,145.0
103360,252.0,97.0,155.0,144.0
103361,244.0,210.0,135.0,138.0
103362,229.0,120.0,136.0,132.0
103363,245.0,38.0,127.0,131.0
103364,224.0,174.0,142.0,133.0
103365,260.0,93.0,144.0,136.0
103366,232.0,97.0,132.0,123.0
103367,243.0,116.0,122.0,138.0
103368,274.0,111.0,154.0,151.0
103369,251.0,92.0,138.0,150.0
103370,256.0,113.0,136.0,133.0
103371,257.0,131.0,133.0,169.0
103372,232.0,82.0,122.0,128.0
103373,251.0,78.0,128.0,135.0
103374,231.0,117.0,135.0,125.0
103375,250.0,141.0,129.0,151.0
103376,234.0,127.0,125.0,122.0
103377,269.0,118.0,144.0,167.0
103378,261.0,96.0,144.0,140.0
103379,276.0,99.0,150.0,143.0
103380,234.0,78.0,135.0,134.0
103381,225.0,109.0,130.0,142.0
103382,218.0,62.0,139.0,120.0
103383,245.0,139.0,139.0,151.0
103384,242.0,103.0,138.0,143.0
103385,242.0,116.0,136.0,135.0
103386,247.0,136.0,128.0,139.0
103387,272.0,103.0,161.0,144.0
103388,255.0,109.0,152.0,135.0
103389,254.0,122.0,160.0,149.0
103390,245.0,106.0,150.0,143.0
103391,259.0,122.0,146.0,136.0
103392,257.0,96.0,159.0,151.0
103393,258.0,177.0,149.0,154.0
103394,230.0,101.0,144.0,133.0
103395,229.0,82.0,125.0,112.0
103396,270.0,154.0,139.0,146.0
103397,266.0,139.0,163.0,131.0
103398,232.0,62.0,116.0,138.0
103399,262.0,79.0,153.0,153.0
103400,245.0,137.0,138.0,140.0
103401,238.0,111.0,133.0,131.0
103402,235.0,134.0,117.0,133.0
103403,229.0,113.0,128.0,116.0
103404,255.0,157.0,140.0,149.0
103405,246.0,147.0,155.0,155.0
103406,254.0,93.0,145.0,152.0
103407,255.0,112.0,123.0,130.0
103408,259.0,81.0,158.0,133.0
103409,254.0,122.0,133.0,134.0
103410,227.0,113.0,114.0,132.0
103411,266.0,86.0,153.0,141.0
103412,274.0,161.0,136.0,152.0
103413,261.0,110.0,132.0,152.0
103414,259.0,62.0,151.0,136.0
103415,258.0,56.0,158.0,135.0
103416,234.0,204.0,136.0,123.0
103417,258.0,138.0,141.0,134.0
103418,264.0,145.0,153.0,141.0
103419,229.0,118.0,117.0,127.0
103420,266.0,138.0,142.0,149.0
103421,266.0,145.0,141.0,146.0
103422,257.0,83.0,136.0,140.0
103423,236.0,155.0,140.0,137.0
103424,249.0,134.0,142.0,137.0
103425,272.0,126.0,156.0,134.0
103426,238.0,152.0,126.0,139.0
103427,251.0,148.0,131.0,135.0
103428,269.0,113.0,154.0,155.0
103429,240.0,136.0,135.0,117.0
103430,247.0,62.0,123.0,136.0
103431,249.0,119.0,133.0,130.0
103432,231.0,117.0,132.0,127.0
103433,247.0,66.0,141.0,146.0
103434,250.0,201.0,140.0,129.0
103435,235.0,103.0,138.0,141.0
103436,262.0,110.0,144.0,136.0
103437,255.0,147.0,139.0,151.0
103438,234.0,135.0,131.0,128.0
103439,239.0,124.0,132.0,127.0
103440,251.0,207.0,141.0,133.0
103441,247.0,114.0,125.0,135.0
103442,236.0,51.0,128.0,116.0
103443,254.0,96.0,155.0,136.0
103444,269.0,162.0,156.0,152.0
103445,273.0,121.0,153.0,147.0
103446,251.0,93.0,143.0,161.0
103447,242.0,132.0,135.0,136.0
103448,244.0,119.0,139.0,145.0
103449,255.0,85.0,156.0,134.0
103450,225.0,99.0,132.0,120.0
103451,230.0,103.0,137.0,125.0
103452,243.0,213.0,148.0,142.0
103453,232.0,95.0,125.0,120.0
103454,237.0,90.0,130.0,143.0
103455,254.0,90.0,138.0,131.0
103456,255.0,93.0,129.0,142.0
103457,239.0,84.0,145.0,135.0
103458,275.0,126.0,139.0,148.0
103459,265.0,93.0,150.0,159.0
103460,245.0,97.0,128.0,140.0
103461,250.0,126.0,137.0,143.0
103462,267.0,119.0,147.0,151.0
103463,256.0,127.0,139.0,149.0
103464,265.0,165.0,165.0,153.0
103465,237.0,223.0,131.0,125.0
103466,231.0,217.0,142.0,136.0
103467,270.0,110.0,145.0,154.0
103468,242.0,124.0,135.0,123.0
103469,253.0,123.0,131.0,149.0
103470,240.0,211.0,132.0,120.0
103471,254.0,114.0,147.0,137.0
103472,255.0,106.0,132.0,150.0
103473,235.0,76.0,128.0,121.0
103474,226.0,121.0,122.0,122.0
103475,247.0,152.0,136.0,128.0
103476,231.0,106.0,141.0,131.0
103477,244.0,70.0,153.0,160.0
103478,249.0,139.0,144.0,134.0
103479,262.0,136.0,143.0,140.0
103480,254.0,112.0,143.0,145.0
103481,262.0,132.0,142.0,137.0
103482,262.0,96.0,159.0,132.0
103483,259.0,86.0,145.0,157.0
103484,262.0,82.0,133.0,157.0
103485,253.0,97.0,138.0,143.0
103486,271.0,118.0,146.0,153.0
103487,254.0,99.0,140.0,141.0
103488,252.0,116.0,149.0,145.0
103489,261.0,142.0,150.0,135.0
103490,262.0,120.0,152.0,153.0
103491,261.0,159.0,138.0,157.0
103492,247.0,111.0,142.0,146.0
103493,237.0,86.0,141.0,136.0
103494,275.0,110.0,153.0,154.0
103495,237.0,92.0,138.0,120.0
103496,234.0,99.0,130.0,134.0
103497,255.0,141.0,154.0,142.0
103498,259.0,91.0,147.0,155.0
103499,237.0,111.0,149.0,125.0
103500,265.0,157.0,137.0,157.0
103501,252.0,121.0,147.0,132.0
103502,249.0,150.0,147.0,151.0
103503,235.0,184.0,136.0,119.0
103504,261.0,135.0,153.0,162.0
103505,239.0,100.0,129.0,136.0
103506,276.0,127.0,174.0,160.0
103507,253.0,111.0,135.0,147.0
103508,251.0,135.0,132.0,130.0
103509,274.0,105.0,157.0,150.0
103510,269.0,100.0,157.0,151.0
103511,253.0,87.0,153.0,130.0
103512,246.0,117.0,141.0,141.0
103513,244.0,143.0,161.0,138.0
103514,259.0,120.0,145.0,135.0
103515,251.0,72.0,115.0,155.0
103516,261.0,164.0,148.0,154.0
103517,251.0,93.0,153.0,160.0
103518,245.0,106.0,130.0,142.0
103519,231.0,62.0,123.0,131.0
103520,242.0,108.0,126.0,121.0
103521,267.0,125.0,152.0,148.0
103522,263.0,132.0,151.0,145.0
103523,241.0,91.0,135.0,132.0
103524,251.0,90.0,154.0,131.0
103525,232.0,137.0,125.0,119.0
103526,259.0,194.0,149.0,149.0
103527,243.0,116.0,115.0,151.0
103528,249.0,95.0,149.0,139.0
103529,275.0,103.0,143.0,160.0
103530,240.0,156.0,145.0,140.0
103531,264.0,116.0,166.0,148.0
103532,258.0,124.0,151.0,145.0
103533,257.0,129.0,158.0,140.0
103534,260.0,216.0,140.0,154.0
103535,265.0,114.0,156.0,160.0
103536,258.0,106.0,141.0,136.0
103537,256.0,110.0,141.0,138.0
103538,237.0,106.0,148.0,135.0
103539,221.0,141.0,123.0,132.0
103540,258.0,117.0,144.0,146.0
103541,240.0,109.0,137.0,152.0
103542,282.0,122.0,169.0,158.0
103543,235.0,105.0,142.0,136.0
103544,249.0,95.0,142.0,141.0
103545,236.0,133.0,128.0,140.0
103546,241.0,195.0,143.0,134.0
103547,229.0,127.0,137.0,126.0
103548,262.0,120.0,139.0,149.0
103549,265.0,118.0,147.0,156.0
103550,249.0,124.0,131.0,122.0
103551,228.0,105.0,133.0,133.0
103552,251.0,150.0,134.0,142.0
103553,252.0,92.0,147.0,125.0
103554,245.0,117.0,121.0,132.0
103555,242.0,116.0,137.0,137.0
103556,248.0,120.0,127.0,146.0
103557,240.0,175.0,118.0,127.0
103558,228.0,112.0,124.0,121.0
103559,244.0,130.0,128.0,134.0
103560,246.0,129.0,134.0,132.0
103561,294.0,90.0,170.0,165.0
103562,228.0,83.0,126.0,152.0
103563,268.0,110.0,158.0,161.0
103564,260.0,121.0,141.0,162.0
103565,219.0,110.0,115.0,117.0
103566,246.0,193.0,136.0,136.0
103567,243.0,152.0,134.0,126.0
103568,260.0,140.0,146.0,151.0
103569,249.0,61.0,138.0,133.0
103570,243.0,103.0,135.0,124.0
103571,258.0,109.0,145.0,159.0
103572,272.0,120.0,152.0,137.0
103573,253.0,121.0,139.0,135.0
103574,266.0,111.0,162.0,147.0
103575,240.0,193.0,134.0,139.0
103576,225.0,123.0,130.0,130.0
103577,253.0,63.0,142.0,150.0
103578,248.0,104.0,134.0,148.0
103579,248.0,119.0,136.0,138.0
103580,252.0,159.0,141.0,147.0
103581,247.0,97.0,135.0,139.0
103582,250.0,112.0,140.0,142.0
103583,256.0,89.0,147.0,149.0
103584,265.0,177.0,154.0,136.0
103585,249.0,123.0,125.0,143.0
103586,255.0,166.0,142.0,145.0
103587,245.0,123.0,143.0,135.0
103588,260.0,132.0,139.0,141.0
103589,228.0,129.0,127.0,131.0
103590,243.0,126.0,131.0,130.0
103591,260.0,142.0,144.0,152.0
103592,224.0,99.0,127.0,133.0
103593,228.0,54.0,139.0,125.0
103594,243.0,58.0,148.0,121.0
103595,260.0,144.0,160.0,151.0
103596,258.0,73.0,150.0,137.0
103597,257.0,105.0,149.0,135.0
103598,271.0,111.0,151.0,149.0
103599,246.0,90.0,128.0,125.0
103600,258.0,103.0,131.0,140.0
103601,235.0,112.0,135.0,129.0
103602,236.0,92.0,146.0,132.0
103603,256.0,129.0,151.0,142.0
103604,260.0,119.0,163.0,135.0
103605,275.0,142.0,156.0,160.0
103606,258.0,98.0,143.0,149.0
103607,239.0,114.0,133.0,133.0
103608,254.0,102.0,149.0,153.0
103609,266.0,134.0,156.0,148.0
103610,251.0,222.0,149.0,138.0
103611,243.0,135.0,138.0,122.0
103612,247.0,112.0,139.0,138.0
103613,244.0,107.0,139.0,143.0
103614,249.0,118.0,128.0,137.0
103615,250.0,142.0,128.0,151.0
103616,243.0,116.0,147.0,138.0
103617,243.0,75.0,127.0,141.0
103618,280.0,98.0,174.0,149.0
103619,254.0,109.0,146.0,133.0
103620,238.0,103.0,138.0,139.0
103621,253.0,114.0,141.0,144.0
103622,251.0,123.0,148.0,140.0
103623,267.0,94.0,139.0,150.0
103624,265.0,228.0,147.0,152.0
103625,258.0,125.0,133.0,142.0
103626,241.0,128.0,142.0,135.0
103627,256.0,77.0,145.0,151.0
103628,251.0,131.0,158.0,136.0
103629,279.0,146.0,163.0,151.0
103630,249.0,141.0,123.0,145.0
103631,263.0,117.0,144.0,150.0
103632,251.0,127.0,133.0,146.0
103633,241.0,104.0,135.0,140.0
103634,251.0,149.0,133.0,144.0
103635,256.0,130.0,151.0,143.0
103636,257.0,231.0,132.0,135.0
103637,247.0,94.0,147.0,135.0
103638,235.0,119.0,133.0,134.0
103639,269.0,118.0,164.0,136.0
103640,270.0,199.0,137.0,150.0
103641,244.0,76.0,125.0,131.0
103642,248.0,142.0,148.0,140.0
103643,258.0,130.0,136.0,156.0
103644,241.0,103.0,134.0,145.0
103645,249.0,90.0,146.0,122.0
103646,266.0,99.0,152.0,158.0
103647,284.0,118.0,164.0,156.0
103648,251.0,76.0,137.0,143.0
103649,264.0,156.0,150.0,155.0
103650,236.0,108.0,136.0,133.0
103651,258.0,139.0,131.0,142.0
103652,266.0,123.0,160.0,152.0
103653,254.0,90.0,142.0,139.0
103654,227.0,111.0,126.0,123.0
103655,256.0,120.0,137.0,137.0
103656,241.0,102.0,150.0,127.0
103657,250.0,160.0,137.0,137.0
103658,265.0,152.0,152.0,148.0
103659,237.0,94.0,135.0,132.0
103660,270.0,179.0,142.0,144.0
103661,252.0,102.0,138.0,157.0
103662,254.0,94.0,149.0,146.0
103663,258.0,107.0,143.0,135.0
103664,216.0,121.0,120.0,135.0
103665,257.0,150.0,147.0,139.0
103666,254.0,106.0,143.0,150.0
103667,240.0,128.0,137.0,138.0
103668,258.0,225.0,155.0,154.0
103669,273.0,119.0,155.0,146.0
103670,252.0,98.0,147.0,142.0
103671,247.0,103.0,134.0,145.0
103672,260.0,108.0,163.0,149.0
103673,266.0,113.0,148.0,160.0
103674,237.0,79.0,136.0,131.0
103675,263.0,145.0,136.0,142.0
103676,258.0,210.0,151.0,145.0
103677,276.0,106.0,146.0,151.0
103678,236.0,236.0,154.0,134.0
103679,252.0,135.0,139.0,133.0
103680,242.0,49.0,133.0,139.0
103681,243.0,156.0,137.0,129.0
103682,251.0,104.0,135.0,143.0
103683,267.0,196.0,149.0,155.0
103684,262.0,99.0,130.0,134.0
103685,238.0,100.0,129.0,128.0
103686,237.0,81.0,147.0,121.0
103687,252.0,164.0,141.0,152.0
103688,257.0,113.0,134.0,146.0
103689,242.0,157.0,139.0,142.0
103690,234.0,125.0,142.0,148.0
103691,244.0,119.0,152.0,142.0
103692,227.0,93.0,128.0,137.0
103693,281.0,89.0,161.0,171.0
103694,255.0,88.0,157.0,141.0
103695,239.0,70.0,142.0,132.0
103696,239.0,211.0,139.0,143.0
103697,267.0,182.0,154.0,142.0
103698,265.0,94.0,162.0,155.0
103699,260.0,135.0,141.0,152.0
103700,248.0,94.0,140.0,112.0
103701,236.0,81.0,125.0,150.0
103702,251.0,94.0,154.0,140.0
103703,239.0,112.0,140.0,133.0
103704,247.0,75.0,139.0,125.0
103705,280.0,114.0,140.0,158.0
103706,260.0,126.0,155.0,139.0
103707,221.0,218.0,130.0,122.0
103708,248.0,126.0,136.0,123.0
103709,235.0,96.0,139.0,137.0
103710,245.0,101.0,139.0,130.0
103711,254.0,140.0,134.0,151.0
103712,231.0,92.0,129.0,126.0
103713,255.0,208.0,135.0,130.0
103714,273.0,138.0,161.0,155.0
103715,229.0,142.0,130.0,130.0
103716,272.0,156.0,151.0,151.0
103717,244.0,122.0,142.0,135.0
103718,262.0,110.0,134.0,149.0
103719,279.0,115.0,155.0,148.0
103720,268.0,181.0,148.0,152.0
103721,247.0,85.0,149.0,142.0
103722,252.0,73.0,155.0,142.0
103723,260.0,49.0,155.0,145.0
103724,247.0,100.0,142.0,139.0
103725,259.0,72.0,150.0,129.0
103726,254.0,138.0,138.0,137.0
103727,222.0,98.0,134.0,116.0
103728,269.0,116.0,143.0,155.0
103729,243.0,86.0,127.0,136.0
103730,267.0,197.0,146.0,144.0
103731,274.0,250.0,155.0,164.0
103732,248.0,92.0,145.0,137.0
103733,269.0,164.0,156.0,145.0
103734,241.0,158.0,137.0,140.0
103735,264.0,110.0,141.0,136.0
103736,273.0,111.0,143.0,169.0
103737,246.0,133.0,151.0,136.0
103738,242.0,108.0,138.0,139.0
103739,247.0,91.0,140.0,150.0
103740,237.0,139.0,132.0,144.0
103741,244.0,49.0,127.0,137.0
103742,260.0,137.0,149.0,152.0
103743,267.0,121.0,160.0,144.0
103744,269.0,112.0,162.0,139.0
103745,245.0,81.0,124.0,142.0
103746,259.0,138.0,148.0,151.0
103747,250.0,109.0,139.0,129.0
103748,228.0,124.0,125.0,109.0
103749,255.0,144.0,146.0,149.0
103750,223.0,100.0,125.0,125.0
103751,257.0,109.0,146.0,140.0
103752,252.0,247.0,152.0,172.0
103753,250.0,160.0,130.0,148.0
103754,264.0,130.0,150.0,148.0
103755,242.0,82.0,131.0,127.0
103756,276.0,128.0,150.0,147.0
103757,259.0,217.0,155.0,151.0
103758,273.0,142.0,145.0,157.0
103759,245.0,95.0,144.0,145.0
103760,225.0,87.0,139.0,128.0
103761,273.0,147.0,151.0,153.0
103762,240.0,112.0,128.0,133.0
103763,263.0,136.0,147.0,143.0
103764,228.0,159.0,125.0,137.0
103765,242.0,138.0,146.0,139.0
103766,270.0,194.0,144.0,158.0
103767,259.0,71.0,159.0,166.0
103768,251.0,79.0,139.0,141.0
103769,241.0,121.0,154.0,141.0
103770,260.0,110.0,146.0,148.0
103771,243.0,132.0,149.0,151.0
103772,253.0,35.0,149.0,126.0
103773,254.0,102.0,141.0,150.0
103774,240.0,67.0,129.0,135.0
103775,256.0,212.0,144.0,150.0
103776,258.0,98.0,141.0,134.0
103777,252.0,73.0,146.0,142.0
103778,248.0,87.0,123.0,131.0
103779,258.0,99.0,139.0,135.0
103780,237.0,165.0,123.0,138.0
103781,255.0,162.0,150.0,144.0
103782,253.0,246.0,143.0,157.0
103783,241.0,144.0,147.0,136.0
103784,231.0,70.0,130.0,125.0
103785,260.0,236.0,160.0,141.0
103786,238.0,102.0,139.0,136.0
103787,260.0,115.0,153.0,167.0
103788,244.0,107.0,139.0,144.0
103789,244.0,88.0,130.0,117.0
103790,271.0,122.0,155.0,152.0
103791,249.0,104.0,141.0,132.0
103792,223.0,90.0,125.0,136.0
103793,252.0,95.0,150.0,146.0
103794,269.0,122.0,150.0,147.0
103795,261.0,118.0,137.0,146.0
103796,233.0,85.0,119.0,121.0
103797,242.0,135.0,136.0,137.0
103798,258.0,79.0,152.0,149.0
103799,249.0,116.0,141.0,136.0
103800,234.0,97.0,128.0,125.0
103801,263.0,96.0,160.0,133.0
103802,250.0,142.0,134.0,133.0
103803,239.0,99.0,137.0,139.0
103804,256.0,126.0,133.0,140.0
103805,246.0,87.0,143.0,139.0
103806,263.0,135.0,149.0,151.0
103807,265.0,112.0,138.0,151.0
103808,252.0,121.0,145.0,137.0
103809,240.0,158.0,141.0,139.0
103810,241.0,76.0,130.0,123.0
103811,263.0,95.0,142.0,143.0
103812,222.0,104.0,135.0,120.0
103813,243.0,112.0,117.0,129.0
103814,242.0,121.0,150.0,129.0
103815,213.0,103.0,119.0,126.0
103816,269.0,93.0,133.0,151.0
103817,251.0,158.0,152.0,132.0
103818,248.0,67.0,130.0,146.0
103819,250.0,57.0,140.0,127.0
103820,254.0,83.0,128.0,152.0
103821,251.0,122.0,148.0,147.0
103822,242.0,161.0,135.0,124.0
103823,252.0,145.0,160.0,134.0
103824,245.0,109.0,152.0,130.0
103825,278.0,127.0,149.0,168.0
103826,258.0,156.0,153.0,143.0
103827,245.0,81.0,133.0,136.0
103828,250.0,190.0,141.0,147.0
103829,223.0,94.0,130.0,129.0
103830,230.0,122.0,129.0,115.0
103831,244.0,124.0,140.0,147.0
103832,248.0,97.0,149.0,138.0
103833,250.0,110.0,148.0,129.0
103834,285.0,172.0,154.0,162.0
103835,265.0,105.0,152.0,136.0
103836,254.0,134.0,151.0,141.0
103837,246.0,198.0,141.0,139.0
103838,238.0,98.0,127.0,132.0
103839,238.0,122.0,152.0,130.0
103840,246.0,111.0,126.0,134.0
103841,236.0,107.0,139.0,141.0
103842,249.0,85.0,140.0,143.0
103843,260.0,82.0,139.0,148.0
103844,230.0,124.0,125.0,125.0
103845,248.0,117.0,119.0,136.0
103846,228.0,134.0,133.0,129.0
103847,261.0,132.0,128.0,128.0
103848,292.0,141.0,172.0,164.0
103849,240.0,122.0,125.0,138.0
103850,259.0,102.0,141.0,151.0
103851,230.0,98.0,132.0,141.0
103852,245.0,140.0,130.0,138.0
103853,240.0,80.0,146.0,132.0
103854,258.0,119.0,152.0,144.0
103855,249.0,94.0,131.0,137.0
103856,251.0,158.0,142.0,145.0
103857,246.0,115.0,137.0,119.0
103858,260.0,127.0,143.0,142.0
103859,255.0,117.0,137.0,150.0
103860,266.0,92.0,152.0,130.0
103861,260.0,107.0,154.0,143.0
103862,236.0,92.0,114.0,139.0
103863,229.0,119.0,125.0,121.0
103864,238.0,203.0,140.0,131.0
103865,244.0,209.0,124.0,124.0
103866,239.0,105.0,135.0,131.0
103867,228.0,96.0,120.0,126.0
103868,229.0,97.0,130.0,138.0
103869,236.0,142.0,149.0,136.0
103870,252.0,124.0,134.0,139.0
103871,278.0,91.0,157.0,147.0
103872,257.0,130.0,143.0,139.0
103873,246.0,95.0,142.0,128.0
103874,269.0,132.0,162.0,148.0
103875,252.0,98.0,138.0,147.0
103876,234.0,135.0,132.0,128.0
103877,261.0,129.0,141.0,139.0
103878,237.0,73.0,138.0,106.0
103879,242.0,200.0,132.0,136.0
103880,220.0,132.0,128.0,117.0
103881,234.0,81.0,121.0,126.0
103882,274.0,152.0,157.0,145.0
103883,265.0,115.0,143.0,146.0
103884,229.0,92.0,132.0,139.0
103885,230.0,135.0,114.0,132.0
103886,252.0,144.0,134.0,146.0
103887,243.0,126.0,132.0,148.0
103888,265.0,179.0,140.0,151.0
103889,242.0,216.0,137.0,119.0
103890,233.0,92.0,126.0,148.0
103891,283.0,121.0,167.0,164.0
103892,249.0,105.0,135.0,152.0
103893,260.0,111.0,132.0,127.0
103894,278.0,164.0,171.0,162.0
103895,242.0,111.0,141.0,126.0
103896,238.0,125.0,138.0,149.0
103897,266.0,179.0,134.0,148.0
103898,265.0,120.0,142.0,139.0
103899,242.0,201.0,151.0,139.0
103900,248.0,121.0,147.0,138.0
103901,248.0,95.0,149.0,151.0
103902,230.0,69.0,136.0,142.0
103903,239.0,159.0,125.0,134.0
103904,269.0,104.0,158.0,160.0
103905,234.0,115.0,141.0,130.0
103906,240.0,162.0,127.0,119.0
103907,256.0,102.0,137.0,141.0
103908,248.0,127.0,144.0,149.0
103909,252.0,126.0,144.0,152.0
103910,262.0,103.0,134.0,146.0
103911,257.0,86.0,134.0,137.0
103912,258.0,99.0,143.0,148.0
103913,243.0,199.0,143.0,138.0
103914,256.0,101.0,119.0,124.0
103915,208.0,59.0,116.0,121.0
103916,250.0,149.0,142.0,153.0
103917,250.0,108.0,144.0,147.0
103918,232.0,93.0,135.0,134.0
103919,246.0,106.0,138.0,131.0
103920,264.0,103.0,153.0,155.0
103921,244.0,104.0,116.0,144.0
103922,232.0,115.0,118.0,132.0
103923,249.0,202.0,143.0,137.0
103924,298.0,159.0,166.0,163.0
103925,263.0,78.0,167.0,152.0
103926,255.0,135.0,142.0,135.0
103927,260.0,102.0,148.0,139.0
103928,274.0,104.0,149.0,163.0
103929,263.0,146.0,144.0,166.0
103930,265.0,146.0,145.0,136.0
103931,249.0,74.0,137.0,137.0
103932,244.0,149.0,139.0,139.0
103933,248.0,154.0,153.0,136.0
103934,238.0,101.0,139.0,132.0
103935,228.0,101.0,130.0,133.0
103936,254.0,90.0,150.0,141.0
103937,246.0,109.0,131.0,148.0
103938,231.0,103.0,114.0,136.0
103939,235.0,108.0,127.0,135.0
103940,235.0,102.0,131.0,123.0
103941,234.0,116.0,152.0,130.0
103942,248.0,128.0,143.0,141.0
103943,257.0,162.0,138.0,133.0
103944,234.0,113.0,125.0,126.0
103945,238.0,97.0,118.0,128.0
103946,224.0,115.0,121.0,127.0
103947,269.0,170.0,146.0,153.0
103948,246.0,96.0,144.0,126.0
103949,226.0,122.0,133.0,127.0
103950,270.0,132.0,150.0,163.0
103951,255.0,144.0,136.0,153.0
103952,247.0,78.0,149.0,126.0
103953,250.0,41.0,151.0,132.0
103954,268.0,152.0,146.0,150.0
103955,247.0,138.0,131.0,139.0
103956,271.0,100.0,167.0,151.0
103957,237.0,148.0,121.0,133.0
103958,245.0,119.0,136.0,128.0
103959,241.0,146.0,153.0,141.0
103960,246.0,80.0,152.0,128.0
103961,243.0,144.0,134.0,137.0
103962,279.0,135.0,161.0,146.0
103963,228.0,108.0,131.0,114.0
103964,257.0,101.0,146.0,138.0
103965,256.0,131.0,151.0,147.0
103966,237.0,120.0,136.0,155.0
103967,281.0,106.0,159.0,161.0
103968,242.0,126.0,142.0,143.0
103969,255.0,103.0,133.0,132.0
103970,242.0,109.0,139.0,137.0
103971,277.0,117.0,168.0,141.0
103972,249.0,123.0,124.0,153.0
103973,262.0,66.0,149.0,140.0
103974,227.0,63.0,129.0,118.0
103975,252.0,129.0,145.0,131.0
103976,242.0,124.0,135.0,124.0
103977,261.0,222.0,145.0,155.0
103978,263.0,75.0,152.0,145.0
103979,252.0,92.0,148.0,146.0
103980,254.0,120.0,143.0,138.0
103981,250.0,125.0,125.0,155.0
103982,233.0,77.0,143.0,146.0
103983,261.0,142.0,138.0,150.0
103984,243.0,137.0,125.0,145.0
103985,247.0,92.0,136.0,149.0
103986,250.0,86.0,152.0,135.0
103987,262.0,133.0,140.0,138.0
103988,225.0,192.0,125.0,128.0
103989,225.0,105.0,128.0,122.0
103990,263.0,124.0,145.0,139.0
103991,266.0,83.0,152.0,148.0
103992,258.0,155.0,150.0,140.0
103993,223.0,191.0,126.0,113.0
103994,241.0,91.0,141.0,134.0
103995,258.0,113.0,151.0,150.0
103996,262.0,92.0,157.0,150.0
103997,251.0,224.0,154.0,141.0
103998,241.0,128.0,137.0,140.0
103999,232.0,85.0,117.0,125.0
104000,242.0,100.0,146.0,139.0
104001,288.0,158.0,179.0,173.0
104002,250.0,107.0,133.0,137.0
104003,266.0,125.0,154.0,153.0
104004,235.0,121.0,113.0,140.0
104005,246.0,238.0,137.0,138.0
104006,233.0,106.0,130.0,136.0
104007,234.0,123.0,129.0,118.0
104008,264.0,110.0,155.0,140.0
104009,262.0,77.0,144.0,149.0
104010,222.0,84.0,121.0,115.0
104011,259.0,119.0,147.0,146.0
104012,264.0,75.0,152.0,143.0
104013,260.0,92.0,135.0,148.0
104014,232.0,92.0,137.0,130.0
104015,241.0,117.0,152.0,131.0
104016,279.0,142.0,149.0,152.0
104017,256.0,47.0,146.0,144.0
104018,230.0,140.0,132.0,122.0
104019,259.0,107.0,139.0,146.0
104020,241.0,63.0,154.0,133.0
104021,265.0,129.0,148.0,146.0
104022,229.0,98.0,120.0,133.0
104023,244.0,132.0,136.0,141.0
104024,262.0,98.0,153.0,126.0
104025,234.0,99.0,145.0,144.0
104026,248.0,112.0,137.0,136.0
104027,234.0,200.0,152.0,133.0
104028,234.0,147.0,121.0,128.0
104029,247.0,125.0,145.0,139.0
104030,241.0,107.0,123.0,144.0
104031,261.0,148.0,149.0,147.0
104032,252.0,90.0,139.0,135.0
104033,255.0,83.0,122.0,147.0
104034,281.0,125.0,158.0,155.0
104035,254.0,97.0,143.0,149.0
104036,234.0,131.0,126.0,112.0
104037,240.0,94.0,131.0,140.0
104038,267.0,120.0,150.0,154.0
104039,236.0,225.0,141.0,138.0
104040,260.0,195.0,131.0,153.0
104041,232.0,126.0,128.0,124.0
104042,244.0,153.0,148.0,132.0
104043,243.0,84.0,142.0,134.0
104044,237.0,92.0,139.0,136.0
104045,247.0,87.0,138.0,141.0
104046,262.0,137.0,152.0,151.0
104047,272.0,132.0,152.0,153.0
104048,250.0,135.0,127.0,139.0
104049,258.0,105.0,139.0,143.0
104050,263.0,131.0,137.0,137.0
104051,244.0,126.0,135.0,139.0
104052,250.0,88.0,152.0,135.0
104053,248.0,132.0,140.0,140.0
104054,257.0,159.0,154.0,131.0
104055,243.0,140.0,141.0,136.0
104056,248.0,101.0,139.0,142.0
104057,259.0,225.0,160.0,148.0
104058,232.0,98.0,139.0,135.0
104059,245.0,108.0,147.0,139.0
104060,280.0,241.0,157.0,157.0
104061,245.0,203.0,135.0,132.0
104062,239.0,131.0,134.0,130.0
104063,258.0,98.0,149.0,156.0
104064,249.0,78.0,134.0,140.0
104065,256.0,97.0,138.0,141.0
104066,258.0,116.0,132.0,138.0
104067,254.0,119.0,131.0,145.0
104068,249.0,119.0,145.0,142.0
104069,241.0,108.0,124.0,138.0
104070,242.0,89.0,126.0,134.0
104071,254.0,125.0,159.0,140.0
104072,245.0,84.0,135.0,134.0
104073,257.0,168.0,141.0,141.0
104074,251.0,160.0,127.0,151.0
104075,258.0,122.0,156.0,129.0
104076,229.0,98.0,116.0,134.0
104077,278.0,251.0,160.0,166.0
104078,221.0,117.0,128.0,120.0
104079,253.0,118.0,138.0,143.0
104080,242.0,79.0,128.0,142.0
104081,250.0,105.0,155.0,136.0
104082,242.0,110.0,120.0,131.0
104083,254.0,149.0,129.0,141.0
104084,246.0,166.0,134.0,139.0
104085,256.0,138.0,158.0,148.0
104086,245.0,157.0,134.0,129.0
104087,262.0,127.0,145.0,155.0
104088,246.0,201.0,134.0,140.0
104089,245.0,112.0,143.0,131.0
104090,253.0,109.0,139.0,136.0
104091,239.0,85.0,128.0,145.0
104092,260.0,155.0,162.0,153.0
104093,245.0,110.0,147.0,135.0
104094,248.0,125.0,132.0,143.0
104095,226.0,147.0,123.0,123.0
104096,238.0,107.0,139.0,140.0
104097,237.0,110.0,128.0,144.0
104098,222.0,139.0,118.0,129.0
104099,235.0,104.0,137.0,139.0
104100,244.0,143.0,144.0,138.0
104101,267.0,126.0,160.0,147.0
104102,233.0,114.0,124.0,119.0
104103,267.0,83.0,154.0,159.0
104104,277.0,126.0,143.0,167.0
104105,233.0,63.0,133.0,131.0
104106,225.0,83.0,131.0,123.0
104107,256.0,150.0,150.0,152.0
104108,255.0,221.0,146.0,141.0
104109,263.0,102.0,147.0,145.0
104110,244.0,103.0,126.0,142.0
104111,252.0,130.0,143.0,141.0
104112,242.0,94.0,129.0,125.0
104113,256.0,117.0,146.0,153.0
104114,256.0,126.0,149.0,136.0
104115,259.0,216.0,149.0,142.0
104116,261.0,218.0,138.0,153.0
104117,235.0,114.0,140.0,131.0
104118,240.0,73.0,135.0,139.0
104119,224.0,116.0,125.0,132.0
104120,241.0,126.0,145.0,127.0
104121,249.0,110.0,138.0,154.0
104122,230.0,93.0,115.0,127.0
104123,247.0,94.0,140.0,150.0
104124,240.0,128.0,128.0,140.0
104125,234.0,121.0,136.0,129.0
104126,251.0,96.0,142.0,124.0
104127,243.0,94.0,136.0,125.0
104128,274.0,120.0,150.0,150.0
104129,238.0,116.0,134.0,138.0
104130,231.0,63.0,127.0,124.0
104131,230.0,98.0,142.0,129.0
104132,254.0,195.0,138.0,147.0
104133,235.0,68.0,134.0,127.0
104134,241.0,133.0,122.0,143.0
104135,274.0,236.0,151.0,161.0
104136,243.0,145.0,136.0,132.0
104137,235.0,90.0,152.0,122.0
104138,240.0,110.0,142.0,120.0
104139,242.0,143.0,123.0,149.0
104140,247.0,95.0,128.0,133.0
104141,261.0,105.0,140.0,138.0
104142,238.0,135.0,135.0,133.0
104143,223.0,70.0,118.0,126.0
104144,258.0,92.0,143.0,138.0
104145,276.0,100.0,151.0,148.0
104146,228.0,100.0,129.0,133.0
104147,248.0,124.0,129.0,145.0
104148,254.0,129.0,150.0,150.0
104149,244.0,109.0,129.0,143.0
104150,270.0,115.0,159.0,150.0
104151,267.0,233.0,159.0,144.0
104152,275.0,119.0,148.0,143.0
104153,258.0,146.0,154.0,161.0
104154,273.0,139.0,151.0,143.0
104155,251.0,104.0,138.0,143.0
104156,250.0,139.0,136.0,145.0
104157,263.0,71.0,147.0,140.0
104158,257.0,116.0,148.0,140.0
104159,275.0,141.0,164.0,141.0
104160,240.0,128.0,117.0,140.0
104161,256.0,125.0,162.0,128.0
104162,245.0,129.0,147.0,142.0
104163,249.0,126.0,149.0,141.0
104164,242.0,96.0,134.0,144.0
104165,236.0,201.0,132.0,141.0
104166,268.0,172.0,150.0,159.0
104167,266.0,107.0,145.0,137.0
104168,261.0,105.0,151.0,133.0
104169,244.0,96.0,136.0,135.0
104170,256.0,141.0,146.0,141.0
104171,242.0,199.0,131.0,124.0
104172,257.0,99.0,153.0,147.0
104173,250.0,134.0,145.0,138.0
104174,252.0,89.0,144.0,136.0
104175,237.0,97.0,118.0,142.0
104176,250.0,98.0,133.0,153.0
104177,240.0,74.0,142.0,136.0
104178,242.0,149.0,127.0,135.0
104179,249.0,108.0,145.0,142.0
104180,270.0,103.0,140.0,161.0
104181,245.0,128.0,145.0,131.0
104182,259.0,67.0,163.0,145.0
104183,249.0,109.0,134.0,138.0
104184,245.0,106.0,131.0,133.0
104185,252.0,105.0,137.0,125.0
104186,247.0,136.0,137.0,139.0
104187,240.0,122.0,116.0,142.0
104188,253.0,84.0,151.0,158.0
104189,232.0,119.0,132.0,141.0
104190,238.0,112.0,140.0,130.0
104191,267.0,113.0,143.0,147.0
104192,286.0,123.0,164.0,155.0
104193,239.0,117.0,133.0,122.0
104194,237.0,124.0,124.0,130.0
104195,261.0,96.0,149.0,134.0
104196,238.0,54.0,141.0,134.0
104197,251.0,92.0,146.0,129.0
104198,249.0,162.0,116.0,133.0
104199,254.0,124.0,141.0,127.0
104200,227.0,180.0,125.0,142.0
104201,246.0,91.0,129.0,138.0
104202,245.0,163.0,129.0,139.0
104203,255.0,62.0,156.0,149.0
104204,268.0,116.0,153.0,157.0
104205,238.0,134.0,127.0,133.0
104206,245.0,171.0,145.0,148.0
104207,253.0,135.0,135.0,157.0
104208,244.0,120.0,121.0,141.0
104209,241.0,134.0,135.0,141.0
104210,266.0,122.0,150.0,150.0
104211,258.0,214.0,133.0,150.0
104212,238.0,116.0,145.0,122.0
104213,246.0,155.0,136.0,135.0
104214,272.0,140.0,155.0,154.0
104215,257.0,229.0,158.0,154.0
104216,241.0,170.0,129.0,144.0
104217,254.0,101.0,137.0,128.0
104218,243.0,120.0,140.0,131.0
104219,262.0,84.0,146.0,164.0
104220,246.0,101.0,141.0,131.0
104221,245.0,214.0,158.0,137.0
104222,250.0,213.0,147.0,144.0
104223,234.0,85.0,117.0,126.0
104224,233.0,104.0,149.0,154.0
104225,252.0,94.0,131.0,137.0
104226,253.0,127.0,144.0,147.0
104227,251.0,157.0,138.0,136.0
104228,265.0,239.0,160.0,146.0
104229,240.0,104.0,146.0,136.0
104230,248.0,117.0,142.0,129.0
104231,257.0,121.0,141.0,143.0
104232,243.0,107.0,142.0,144.0
104233,262.0,69.0,152.0,145.0
104234,247.0,159.0,149.0,128.0
104235,229.0,96.0,122.0,138.0
104236,227.0,91.0,119.0,131.0
104237,272.0,121.0,153.0,146.0
104238,274.0,127.0,174.0,143.0
104239,260.0,141.0,150.0,147.0
104240,246.0,109.0,142.0,144.0
104241,246.0,117.0,123.0,135.0
104242,262.0,148.0,140.0,161.0
104243,267.0,104.0,145.0,153.0
104244,225.0,140.0,131.0,136.0
104245,245.0,142.0,140.0,144.0
104246,264.0,114.0,151.0,141.0
104247,283.0,101.0,160.0,180.0
104248,224.0,45.0,116.0,131.0
104249,247.0,93.0,151.0,144.0
104250,225.0,84.0,115.0,134.0
104251,236.0,183.0,113.0,136.0
104252,253.0,116.0,142.0,127.0
104253,254.0,85.0,160.0,147.0
104254,261.0,150.0,158.0,134.0
104255,224.0,143.0,118.0,132.0
104256,228.0,76.0,121.0,125.0
104257,244.0,102.0,132.0,130.0
104258,231.0,121.0,127.0,119.0
104259,245.0,99.0,123.0,140.0
104260,256.0,136.0,152.0,156.0
104261,244.0,72.0,125.0,123.0
104262,250.0,133.0,150.0,140.0
104263,231.0,103.0,122.0,123.0
104264,244.0,172.0,121.0,146.0
104265,247.0,158.0,154.0,149.0
104266,247.0,101.0,149.0,141.0
104267,248.0,130.0,121.0,133.0
104268,253.0,197.0,145.0,146.0
104269,264.0,101.0,144.0,135.0
104270,248.0,106.0,137.0,149.0
104271,264.0,135.0,160.0,148.0
104272,224.0,89.0,139.0,121.0
104273,229.0,171.0,117.0,122.0
104274,267.0,60.0,141.0,153.0
104275,262.0,117.0,144.0,155.0
104276,244.0,107.0,134.0,142.0
104277,278.0,168.0,158.0,151.0
104278,266.0,114.0,155.0,146.0
104279,256.0,140.0,148.0,153.0
104280,239.0,120.0,138.0,143.0
104281,282.0,125.0,157.0,154.0
104282,238.0,96.0,141.0,145.0
104283,265.0,107.0,138.0,150.0
104284,251.0,88.0,144.0,125.0
104285,246.0,97.0,136.0,139.0
104286,248.0,96.0,138.0,154.0
104287,254.0,82.0,148.0,133.0
104288,255.0,88.0,146.0,155.0
104289,241.0,121.0,133.0,140.0
104290,263.0,143.0,157.0,144.0
104291,252.0,130.0,148.0,144.0
104292,258.0,74.0,136.0,136.0
104293,223.0,96.0,120.0,120.0
104294,230.0,106.0,138.0,127.0
104295,270.0,101.0,154.0,155.0
104296,260.0,101.0,148.0,145.0
104297,273.0,105.0,148.0,166.0
104298,264.0,240.0,129.0,144.0
104299,222.0,125.0,135.0,128.0
104300,243.0,207.0,130.0,136.0
104301,247.0,123.0,133.0,147.0
104302,271.0,76.0,154.0,164.0
104303,269.0,122.0,124.0,154.0
104304,260.0,127.0,138.0,154.0
104305,250.0,120.0,153.0,131.0
104306,266.0,65.0,144.0,157.0
104307,279.0,129.0,159.0,134.0
104308,233.0,86.0,140.0,131.0
104309,270.0,114.0,162.0,152.0
104310,259.0,118.0,150.0,129.0
104311,252.0,196.0,142.0,128.0
104312,249.0,112.0,152.0,150.0
104313,238.0,89.0,136.0,113.0
104314,241.0,102.0,137.0,142.0
104315,256.0,77.0,141.0,154.0
104316,273.0,139.0,156.0,153.0
104317,239.0,86.0,138.0,133.0
104318,223.0,116.0,118.0,124.0
104319,248.0,111.0,133.0,148.0
104320,243.0,132.0,144.0,147.0
104321,262.0,99.0,154.0,143.0
104322,268.0,108.0,165.0,153.0
104323,259.0,149.0,157.0,150.0
104324,276.0,189.0,169.0,160.0
104325,239.0,97.0,121.0,134.0
104326,239.0,95.0,128.0,134.0
104327,243.0,95.0,130.0,134.0
104328,273.0,183.0,154.0,145.0
104329,242.0,114.0,127.0,146.0
104330,261.0,130.0,154.0,163.0
104331,266.0,96.0,143.0,161.0
104332,270.0,154.0,146.0,151.0
104333,255.0,127.0,147.0,122.0
104334,251.0,210.0,139.0,134.0
104335,242.0,102.0,122.0,127.0
104336,257.0,95.0,150.0,148.0
104337,259.0,110.0,141.0,143.0
104338,234.0,108.0,131.0,130.0
104339,235.0,91.0,127.0,129.0
104340,267.0,165.0,139.0,157.0
104341,258.0,105.0,141.0,131.0
104342,252.0,129.0,144.0,135.0
104343,253.0,167.0,146.0,150.0
104344,243.0,127.0,130.0,133.0
104345,249.0,120.0,132.0,134.0
104346,253.0,88.0,142.0,150.0
104347,262.0,98.0,153.0,143.0
104348,259.0,123.0,166.0,155.0
104349,234.0,151.0,127.0,127.0
104350,234.0,96.0,124.0,140.0
104351,238.0,162.0,136.0,142.0
104352,243.0,98.0,145.0,134.0
104353,246.0,125.0,137.0,144.0
104354,264.0,139.0,149.0,148.0
104355,243.0,129.0,134.0,134.0
104356,274.0,108.0,143.0,156.0
104357,260.0,122.0,138.0,150.0
104358,247.0,164.0,139.0,136.0
104359,253.0,108.0,147.0,136.0
104360,261.0,127.0,140.0,145.0
104361,232.0,154.0,132.0,138.0
104362,249.0,116.0,157.0,139.0
104363,260.0,71.0,130.0,160.0
104364,236.0,69.0,141.0,128.0
104365,250.0,161.0,136.0,137.0
104366,236.0,98.0,132.0,123.0
104367,255.0,109.0,146.0,144.0
104368,243.0,106.0,127.0,137.0
104369,262.0,252.0,161.0,151.0
104370,252.0,127.0,146.0,136.0
104371,272.0,125.0,149.0,150.0
104372,253.0,115.0,145.0,160.0
104373,258.0,93.0,149.0,146.0
104374,281.0,151.0,158.0,165.0
104375,252.0,156.0,147.0,148.0
104376,252.0,94.0,146.0,153.0
104377,243.0,114.0,140.0,147.0
104378,273.0,136.0,137.0,161.0
104379,233.0,91.0,132.0,126.0
104380,255.0,117.0,150.0,142.0
104381,270.0,130.0,152.0,171.0
104382,249.0,118.0,144.0,137.0
104383,253.0,119.0,133.0,143.0
104384,245.0,105.0,146.0,153.0
104385,256.0,149.0,140.0,145.0
104386,245.0,99.0,139.0,150.0
104387,249.0,118.0,149.0,150.0
104388,249.0,95.0,140.0,141.0
104389,258.0,63.0,139.0,153.0
104390,233.0,89.0,132.0,138.0
104391,249.0,113.0,141.0,141.0
104392,226.0,65.0,120.0,120.0
104393,239.0,86.0,141.0,130.0
104394,220.0,180.0,126.0,130.0
104395,257.0,109.0,166.0,143.0
104396,283.0,176.0,147.0,180.0
104397,247.0,109.0,142.0,149.0
104398,257.0,101.0,147.0,138.0
104399,252.0,163.0,136.0,139.0
104400,247.0,111.0,115.0,136.0
104401,254.0,79.0,145.0,140.0
104402,240.0,114.0,131.0,135.0
104403,245.0,110.0,129.0,127.0
104404,250.0,116.0,133.0,132.0
104405,278.0,159.0,166.0,161.0
104406,231.0,83.0,139.0,132.0
104407,268.0,124.0,143.0,138.0
104408,267.0,135.0,146.0,169.0
104409,246.0,209.0,121.0,120.0
104410,267.0,95.0,148.0,148.0
104411,241.0,68.0,141.0,140.0
104412,243.0,108.0,147.0,132.0
104413,257.0,91.0,133.0,127.0
104414,249.0,93.0,129.0,131.0
104415,270.0,126.0,156.0,157.0
104416,248.0,140.0,137.0,132.0
104417,233.0,130.0,140.0,126.0
104418,255.0,184.0,152.0,146.0
104419,274.0,95.0,163.0,156.0
104420,268.0,103.0,146.0,136.0
104421,264.0,141.0,149.0,165.0
104422,267.0,101.0,153.0,153.0
104423,256.0,130.0,139.0,131.0
104424,252.0,126.0,131.0,151.0
104425,235.0,135.0,153.0,139.0
104426,259.0,151.0,141.0,150.0
104427,250.0,160.0,140.0,144.0
104428,243.0,128.0,123.0,138.0
104429,247.0,119.0,139.0,141.0
104430,226.0,103.0,124.0,125.0
104431,247.0,147.0,135.0,140.0
104432,229.0,80.0,135.0,128.0
104433,232.0,93.0,125.0,129.0
104434,244.0,95.0,150.0,142.0
104435,252.0,124.0,140.0,139.0
104436,252.0,147.0,148.0,127.0
104437,234.0,113.0,144.0,133.0
104438,275.0,122.0,152.0,145.0
104439,257.0,98.0,133.0,148.0
104440,259.0,113.0,136.0,151.0
104441,240.0,135.0,125.0,139.0
104442,259.0,127.0,151.0,159.0
104443,255.0,136.0,146.0,136.0
104444,252.0,127.0,151.0,139.0
104445,248.0,96.0,138.0,146.0
104446,240.0,61.0,143.0,131.0
104447,278.0,128.0,151.0,144.0
104448,245.0,105.0,135.0,139.0
104449,261.0,116.0,148.0,157.0
104450,255.0,146.0,155.0,146.0
104451,231.0,149.0,124.0,129.0
104452,260.0,161.0,145.0,143.0
104453,259.0,84.0,148.0,154.0
104454,228.0,79.0,126.0,131.0
104455,263.0,89.0,145.0,148.0
104456,264.0,94.0,138.0,165.0
104457,240.0,89.0,134.0,130.0
104458,242.0,109.0,112.0,123.0
104459,251.0,125.0,151.0,122.0
104460,259.0,44.0,147.0,134.0
104461,249.0,123.0,145.0,145.0
104462,252.0,94.0,133.0,156.0
104463,265.0,110.0,139.0,134.0
104464,243.0,116.0,123.0,141.0
104465,258.0,127.0,152.0,137.0
104466,255.0,107.0,150.0,129.0
104467,254.0,222.0,129.0,148.0
104468,258.0,112.0,140.0,147.0
104469,259.0,62.0,148.0,144.0
104470,253.0,141.0,145.0,145.0
104471,250.0,93.0,143.0,134.0
104472,255.0,213.0,150.0,149.0
104473,273.0,236.0,154.0,155.0
104474,248.0,207.0,137.0,135.0
104475,243.0,93.0,137.0,150.0
104476,254.0,134.0,135.0,150.0
104477,242.0,99.0,134.0,132.0
104478,249.0,110.0,133.0,135.0
104479,236.0,77.0,127.0,136.0
104480,286.0,88.0,154.0,175.0
104481,263.0,117.0,131.0,148.0
104482,264.0,148.0,152.0,147.0
104483,240.0,105.0,139.0,125.0
104484,247.0,100.0,136.0,144.0
104485,256.0,218.0,156.0,140.0
104486,241.0,113.0,130.0,138.0
104487,244.0,110.0,133.0,149.0
104488,253.0,85.0,151.0,142.0
104489,248.0,103.0,150.0,133.0
104490,239.0,160.0,133.0,125.0
104491,228.0,116.0,132.0,130.0
104492,266.0,69.0,150.0,138.0
104493,271.0,130.0,134.0,155.0
104494,248.0,129.0,143.0,145.0
104495,269.0,105.0,149.0,145.0
104496,235.0,116.0,128.0,130.0
104497,242.0,86.0,122.0,137.0
104498,263.0,136.0,145.0,142.0
104499,232.0,96.0,138.0,131.0
104500,226.0,95.0,135.0,121.0
104501,272.0,232.0,165.0,158.0
104502,277.0,171.0,140.0,155.0
104503,264.0,121.0,138.0,148.0
104504,265.0,101.0,136.0,150.0
104505,249.0,73.0,136.0,154.0
104506,246.0,127.0,145.0,150.0
104507,252.0,85.0,142.0,137.0
104508,280.0,107.0,154.0,144.0
104509,266.0,141.0,145.0,148.0
104510,248.0,133.0,137.0,143.0
104511,253.0,113.0,129.0,149.0
104512,263.0,143.0,138.0,140.0
104513,268.0,150.0,150.0,147.0
104514,232.0,98.0,135.0,134.0
104515,257.0,139.0,144.0,142.0
104516,278.0,104.0,165.0,172.0
104517,237.0,89.0,127.0,122.0
104518,255.0,121.0,130.0,139.0
104519,244.0,120.0,130.0,139.0
104520,213.0,66.0,119.0,116.0
104521,256.0,125.0,142.0,133.0
104522,247.0,145.0,138.0,143.0
104523,243.0,96.0,146.0,145.0
104524,265.0,120.0,149.0,152.0
104525,236.0,82.0,147.0,135.0
104526,264.0,127.0,144.0,146.0
104527,237.0,95.0,126.0,130.0
104528,240.0,125.0,132.0,142.0
104529,248.0,119.0,140.0,134.0
104530,255.0,125.0,148.0,143.0
104531,230.0,103.0,119.0,124.0
104532,265.0,137.0,141.0,141.0
104533,263.0,124.0,154.0,133.0
104534,250.0,170.0,145.0,153.0
104535,253.0,80.0,134.0,146.0
104536,262.0,126.0,142.0,145.0
104537,258.0,111.0,137.0,142.0
104538,256.0,122.0,144.0,135.0
104539,253.0,155.0,161.0,139.0
104540,248.0,96.0,139.0,142.0
104541,233.0,119.0,127.0,134.0
104542,249.0,164.0,144.0,125.0
104543,250.0,70.0,131.0,138.0
104544,245.0,91.0,138.0,144.0
104545,256.0,79.0,144.0,142.0
104546,229.0,102.0,126.0,127.0
104547,263.0,95.0,132.0,151.0
104548,279.0,131.0,157.0,161.0
104549,251.0,224.0,139.0,143.0
104550,234.0,101.0,124.0,132.0
104551,239.0,111.0,130.0,136.0
104552,261.0,114.0,157.0,139.0
104553,262.0,54.0,149.0,145.0
104554,259.0,116.0,149.0,146.0
104555,262.0,150.0,141.0,155.0
104556,237.0,103.0,134.0,119.0
104557,235.0,106.0,113.0,133.0
104558,262.0,112.0,154.0,137.0
104559,242.0,116.0,157.0,134.0
104560,249.0,95.0,144.0,135.0
104561,277.0,117.0,150.0,161.0
104562,253.0,136.0,143.0,141.0
104563,263.0,83.0,128.0,172.0
104564,242.0,122.0,143.0,139.0
104565,275.0,154.0,164.0,152.0
104566,251.0,116.0,135.0,148.0
104567,249.0,135.0,135.0,134.0
104568,253.0,116.0,147.0,131.0
104569,241.0,146.0,143.0,126.0
104570,246.0,110.0,141.0,149.0
104571,223.0,68.0,124.0,124.0
104572,240.0,105.0,144.0,132.0
104573,244.0,91.0,131.0,147.0
104574,220.0,114.0,127.0,129.0
104575,247.0,192.0,144.0,137.0
104576,263.0,122.0,145.0,141.0
104577,260.0,141.0,147.0,140.0
104578,233.0,102.0,116.0,136.0
104579,244.0,110.0,144.0,123.0
104580,228.0,103.0,126.0,119.0
104581,260.0,153.0,122.0,154.0
104582,245.0,89.0,144.0,146.0
104583,256.0,98.0,132.0,141.0
104584,246.0,99.0,135.0,143.0
104585,223.0,83.0,127.0,111.0
104586,257.0,102.0,149.0,151.0
104587,240.0,100.0,152.0,137.0
104588,249.0,118.0,139.0,147.0
104589,260.0,99.0,151.0,150.0
104590,253.0,149.0,150.0,142.0
104591,245.0,98.0,129.0,130.0
104592,248.0,140.0,139.0,151.0
104593,249.0,110.0,152.0,157.0
104594,241.0,105.0,125.0,132.0
104595,273.0,91.0,155.0,153.0
104596,265.0,119.0,156.0,149.0
104597,266.0,81.0,159.0,160.0
104598,252.0,154.0,137.0,142.0
104599,248.0,108.0,149.0,138.0
104600,275.0,94.0,146.0,153.0
104601,236.0,132.0,132.0,127.0
104602,245.0,128.0,136.0,136.0
104603,249.0,89.0,134.0,133.0
104604,262.0,117.0,140.0,146.0
104605,232.0,99.0,113.0,139.0
104606,267.0,125.0,158.0,156.0
104607,247.0,157.0,141.0,139.0
104608,273.0,100.0,160.0,149.0
104609,297.0,95.0,164.0,176.0
104610,240.0,110.0,139.0,125.0
104611,233.0,87.0,134.0,142.0
104612,262.0,129.0,122.0,139.0
104613,242.0,95.0,141.0,145.0
104614,234.0,105.0,125.0,123.0
104615,265.0,135.0,141.0,160.0
104616,270.0,77.0,162.0,153.0
104617,277.0,140.0,155.0,141.0
104618,245.0,110.0,145.0,138.0
104619,247.0,164.0,127.0,131.0
104620,260.0,79.0,143.0,165.0
104621,273.0,131.0,149.0,156.0
104622,267.0,209.0,162.0,160.0
104623,251.0,88.0,129.0,134.0
104624,235.0,115.0,122.0,122.0
104625,266.0,69.0,146.0,136.0
104626,231.0,132.0,132.0,131.0
104627,246.0,104.0,133.0,152.0
104628,270.0,126.0,154.0,149.0
104629,259.0,86.0,142.0,136.0
104630,247.0,153.0,125.0,139.0
104631,257.0,72.0,142.0,153.0
104632,266.0,155.0,158.0,151.0
104633,258.0,115.0,153.0,143.0
104634,241.0,101.0,142.0,137.0
104635,270.0,108.0,153.0,159.0
104636,269.0,122.0,141.0,147.0
104637,239.0,134.0,145.0,135.0
104638,231.0,121.0,129.0,110.0
104639,244.0,123.0,133.0,136.0
104640,245.0,82.0,137.0,137.0
104641,241.0,77.0,138.0,133.0
104642,229.0,97.0,129.0,124.0
104643,227.0,114.0,132.0,126.0
104644,268.0,99.0,168.0,135.0
104645,221.0,132.0,123.0,130.0
104646,262.0,124.0,149.0,131.0
104647,240.0,141.0,147.0,131.0
104648,246.0,126.0,142.0,127.0
104649,236.0,104.0,140.0,115.0
104650,247.0,81.0,141.0,140.0
104651,245.0,189.0,125.0,148.0
104652,265.0,135.0,137.0,146.0
104653,240.0,142.0,130.0,141.0
104654,225.0,119.0,119.0,124.0
104655,241.0,115.0,139.0,130.0
104656,227.0,71.0,125.0,120.0
104657,262.0,114.0,141.0,153.0
104658,274.0,113.0,152.0,140.0
104659,244.0,123.0,136.0,136.0
104660,268.0,157.0,149.0,157.0
104661,232.0,114.0,135.0,141.0
104662,243.0,81.0,139.0,144.0
104663,255.0,89.0,130.0,126.0
104664,257.0,77.0,148.0,147.0
104665,247.0,102.0,139.0,143.0
104666,259.0,87.0,130.0,145.0
104667,253.0,64.0,138.0,151.0
104668,257.0,50.0,143.0,141.0
104669,243.0,94.0,146.0,143.0
104670,260.0,152.0,146.0,139.0
104671,260.0,72.0,152.0,147.0
104672,238.0,96.0,134.0,143.0
104673,262.0,101.0,158.0,154.0
104674,239.0,95.0,142.0,130.0
104675,222.0,87.0,121.0,113.0
104676,240.0,199.0,149.0,136.0
104677,251.0,116.0,137.0,135.0
104678,255.0,177.0,152.0,147.0
104679,249.0,93.0,145.0,149.0
104680,239.0,94.0,134.0,132.0
104681,238.0,133.0,133.0,125.0
104682,234.0,69.0,135.0,125.0
104683,231.0,130.0,133.0,131.0
104684,261.0,88.0,141.0,137.0
104685,257.0,126.0,130.0,158.0
104686,251.0,107.0,150.0,142.0
104687,235.0,61.0,143.0,121.0
104688,244.0,65.0,135.0,139.0
104689,263.0,105.0,155.0,154.0
104690,224.0,78.0,119.0,143.0
104691,254.0,107.0,142.0,154.0
104692,248.0,95.0,133.0,143.0
104693,245.0,170.0,140.0,127.0
104694,267.0,241.0,158.0,139.0
104695,259.0,43.0,156.0,146.0
104696,252.0,101.0,134.0,146.0
104697,249.0,90.0,145.0,149.0
104698,251.0,122.0,127.0,140.0
104699,245.0,122.0,139.0,130.0
104700,222.0,100.0,127.0,124.0
104701,231.0,123.0,118.0,129.0
104702,237.0,103.0,121.0,133.0
104703,236.0,119.0,138.0,136.0
104704,272.0,144.0,149.0,157.0
104705,244.0,72.0,138.0,124.0
104706,240.0,132.0,130.0,122.0
104707,252.0,100.0,141.0,142.0
104708,250.0,96.0,148.0,125.0
104709,244.0,156.0,137.0,141.0
104710,252.0,127.0,138.0,143.0
104711,249.0,170.0,144.0,137.0
104712,228.0,99.0,119.0,116.0
104713,259.0,142.0,137.0,157.0
104714,263.0,67.0,141.0,163.0
104715,241.0,104.0,144.0,128.0
104716,247.0,110.0,130.0,140.0
104717,260.0,146.0,148.0,151.0
104718,219.0,201.0,122.0,118.0
104719,243.0,111.0,135.0,138.0
104720,264.0,140.0,158.0,154.0
104721,274.0,104.0,160.0,150.0
104722,252.0,104.0,136.0,144.0
104723,238.0,105.0,138.0,145.0
104724,235.0,136.0,121.0,137.0
104725,250.0,120.0,146.0,148.0
104726,225.0,124.0,123.0,114.0
104727,234.0,105.0,125.0,131.0
104728,279.0,96.0,163.0,152.0
104729,261.0,133.0,141.0,148.0
104730,241.0,77.0,134.0,130.0
104731,261.0,154.0,144.0,156.0
104732,251.0,117.0,130.0,136.0
104733,273.0,75.0,139.0,165.0
104734,252.0,134.0,143.0,133.0
104735,258.0,125.0,158.0,151.0
104736,242.0,96.0,128.0,130.0
104737,252.0,137.0,131.0,146.0
104738,249.0,94.0,138.0,136.0
104739,264.0,137.0,143.0,152.0
104740,244.0,146.0,123.0,145.0
104741,251.0,93.0,144.0,139.0
104742,224.0,104.0,125.0,135.0
104743,259.0,98.0,139.0,135.0
104744,249.0,132.0,134.0,129.0
104745,258.0,133.0,136.0,131.0
104746,226.0,128.0,139.0,126.0
104747,242.0,123.0,134.0,135.0
104748,246.0,152.0,149.0,136.0
104749,221.0,108.0,113.0,124.0
104750,259.0,80.0,144.0,158.0
104751,253.0,116.0,134.0,147.0
104752,248.0,69.0,132.0,121.0
104753,259.0,129.0,158.0,142.0
104754,235.0,68.0,132.0,140.0
104755,262.0,129.0,142.0,133.0
104756,232.0,80.0,129.0,132.0
104757,234.0,98.0,130.0,128.0
104758,283.0,105.0,157.0,154.0
104759,265.0,151.0,139.0,149.0
104760,254.0,146.0,140.0,142.0
104761,249.0,135.0,149.0,135.0
104762,255.0,88.0,134.0,148.0
104763,251.0,93.0,139.0,137.0
104764,256.0,109.0,152.0,146.0
104765,255.0,107.0,133.0,152.0
104766,264.0,108.0,157.0,134.0
104767,246.0,124.0,130.0,153.0
104768,263.0,96.0,156.0,153.0
104769,255.0,129.0,147.0,152.0
104770,278.0,117.0,150.0,156.0
104771,249.0,110.0,159.0,136.0
104772,261.0,123.0,144.0,151.0
104773,252.0,104.0,140.0,138.0
104774,253.0,104.0,147.0,136.0
104775,246.0,154.0,146.0,133.0
104776,229.0,94.0,126.0,122.0
104777,229.0,212.0,134.0,120.0
104778,236.0,197.0,133.0,128.0
104779,235.0,94.0,129.0,123.0
104780,249.0,158.0,129.0,137.0
104781,244.0,122.0,144.0,138.0
104782,260.0,170.0,136.0,156.0
104783,256.0,120.0,139.0,147.0
104784,253.0,179.0,131.0,145.0
104785,245.0,115.0,142.0,144.0
104786,242.0,156.0,132.0,137.0
104787,255.0,71.0,139.0,151.0
104788,254.0,127.0,147.0,139.0
104789,255.0,111.0,141.0,147.0
104790,222.0,67.0,120.0,111.0
104791,236.0,93.0,130.0,110.0
104792,264.0,138.0,151.0,159.0
104793,249.0,87.0,135.0,170.0
104794,255.0,114.0,150.0,147.0
104795,261.0,146.0,143.0,140.0
104796,260.0,93.0,140.0,161.0
104797,246.0,127.0,153.0,134.0
104798,244.0,114.0,142.0,143.0
104799,239.0,99.0,138.0,149.0
104800,263.0,70.0,152.0,157.0
104801,260.0,152.0,141.0,151.0
104802,249.0,204.0,147.0,134.0
104803,249.0,176.0,142.0,137.0
104804,238.0,45.0,139.0,133.0
104805,239.0,92.0,145.0,135.0
104806,247.0,106.0,144.0,135.0
104807,233.0,112.0,115.0,132.0
104808,255.0,104.0,152.0,148.0
104809,277.0,198.0,143.0,161.0
104810,242.0,111.0,138.0,142.0
104811,265.0,134.0,157.0,146.0
104812,251.0,124.0,126.0,143.0
104813,262.0,114.0,151.0,152.0
104814,252.0,114.0,147.0,132.0
104815,262.0,160.0,148.0,155.0
104816,234.0,100.0,140.0,121.0
104817,226.0,71.0,119.0,127.0
104818,266.0,97.0,155.0,141.0
104819,265.0,234.0,149.0,160.0
104820,274.0,133.0,143.0,146.0
104821,268.0,131.0,151.0,157.0
104822,246.0,124.0,133.0,144.0
104823,239.0,103.0,129.0,136.0
104824,266.0,107.0,150.0,149.0
104825,261.0,98.0,137.0,157.0
104826,240.0,137.0,138.0,135.0
104827,268.0,132.0,159.0,154.0
104828,243.0,121.0,130.0,127.0
104829,270.0,130.0,153.0,151.0
104830,270.0,134.0,152.0,151.0
104831,249.0,107.0,144.0,139.0
104832,259.0,159.0,144.0,136.0
104833,247.0,115.0,148.0,144.0
104834,242.0,110.0,141.0,135.0
104835,238.0,84.0,123.0,142.0
104836,250.0,130.0,141.0,143.0
104837,261.0,165.0,144.0,138.0
104838,255.0,63.0,153.0,137.0
104839,242.0,57.0,140.0,158.0
104840,252.0,120.0,141.0,141.0
104841,248.0,98.0,142.0,135.0
104842,228.0,86.0,130.0,122.0
104843,267.0,114.0,157.0,166.0
104844,270.0,133.0,153.0,156.0
104845,245.0,60.0,140.0,149.0
104846,230.0,138.0,131.0,122.0
104847,264.0,241.0,130.0,141.0
104848,240.0,83.0,115.0,124.0
104849,244.0,80.0,139.0,133.0
104850,227.0,112.0,118.0,123.0
104851,232.0,156.0,129.0,124.0
104852,234.0,100.0,131.0,128.0
104853,260.0,80.0,145.0,148.0
104854,258.0,159.0,146.0,145.0
104855,235.0,101.0,141.0,133.0
104856,282.0,93.0,165.0,155.0
104857,236.0,76.0,130.0,125.0
104858,268.0,95.0,139.0,148.0
104859,265.0,90.0,153.0,159.0
104860,249.0,97.0,138.0,141.0
104861,251.0,87.0,130.0,129.0
104862,252.0,144.0,137.0,124.0
104863,248.0,73.0,134.0,132.0
104864,252.0,89.0,150.0,124.0
104865,257.0,121.0,142.0,143.0
104866,252.0,90.0,134.0,138.0
104867,261.0,89.0,149.0,137.0
104868,260.0,192.0,145.0,133.0
104869,281.0,167.0,144.0,160.0
104870,250.0,117.0,130.0,141.0
104871,257.0,126.0,156.0,131.0
104872,235.0,110.0,146.0,139.0
104873,263.0,110.0,153.0,160.0
104874,246.0,147.0,127.0,136.0
104875,250.0,138.0,145.0,146.0
104876,269.0,94.0,149.0,152.0
104877,253.0,127.0,140.0,135.0
104878,275.0,121.0,153.0,165.0
104879,255.0,127.0,147.0,133.0
104880,243.0,95.0,131.0,132.0
104881,279.0,113.0,149.0,157.0
104882,252.0,142.0,139.0,123.0
104883,267.0,109.0,146.0,144.0
104884,255.0,217.0,132.0,139.0
104885,257.0,141.0,148.0,149.0
104886,229.0,101.0,123.0,137.0
104887,263.0,95.0,162.0,152.0
104888,235.0,76.0,133.0,128.0
104889,246.0,128.0,127.0,138.0
104890,287.0,140.0,162.0,158.0
104891,267.0,133.0,137.0,138.0
104892,252.0,143.0,122.0,136.0
104893,246.0,112.0,151.0,135.0
104894,248.0,114.0,145.0,129.0
104895,250.0,227.0,150.0,139.0
104896,267.0,123.0,140.0,146.0
104897,266.0,134.0,143.0,157.0
104898,280.0,116.0,155.0,158.0
104899,262.0,103.0,158.0,138.0
104900,278.0,121.0,150.0,159.0
104901,234.0,132.0,125.0,139.0
104902,262.0,121.0,158.0,141.0
104903,250.0,134.0,138.0,135.0
104904,238.0,100.0,135.0,123.0
104905,266.0,98.0,146.0,154.0
104906,258.0,152.0,139.0,146.0
104907,246.0,140.0,139.0,146.0
104908,260.0,144.0,145.0,135.0
104909,232.0,109.0,133.0,130.0
104910,243.0,125.0,149.0,150.0
104911,278.0,277.0,161.0,148.0
104912,262.0,136.0,132.0,127.0
104913,243.0,116.0,128.0,134.0
104914,258.0,120.0,139.0,152.0
104915,276.0,113.0,161.0,172.0
104916,267.0,117.0,138.0,143.0
104917,247.0,123.0,132.0,144.0
104918,233.0,96.0,133.0,115.0
104919,236.0,118.0,132.0,131.0
104920,262.0,69.0,152.0,154.0
104921,239.0,140.0,154.0,134.0
104922,236.0,50.0,133.0,122.0
104923,263.0,225.0,146.0,138.0
104924,258.0,137.0,145.0,150.0
104925,231.0,121.0,134.0,138.0
104926,236.0,80.0,138.0,129.0
104927,242.0,118.0,132.0,136.0
104928,262.0,117.0,149.0,145.0
104929,246.0,213.0,141.0,130.0
104930,237.0,109.0,146.0,129.0
104931,236.0,129.0,116.0,140.0
104932,240.0,107.0,131.0,150.0
104933,231.0,79.0,137.0,138.0
104934,240.0,148.0,129.0,129.0
104935,237.0,112.0,153.0,136.0
104936,232.0,133.0,108.0,127.0
104937,231.0,123.0,129.0,130.0
104938,268.0,106.0,143.0,151.0
104939,256.0,111.0,152.0,139.0
104940,248.0,118.0,131.0,135.0
104941,241.0,84.0,142.0,129.0
104942,255.0,115.0,141.0,145.0
104943,251.0,112.0,130.0,141.0
104944,243.0,97.0,138.0,130.0
104945,244.0,79.0,142.0,136.0
104946,257.0,134.0,135.0,126.0
104947,244.0,102.0,132.0,125.0
104948,251.0,94.0,145.0,146.0
104949,238.0,148.0,128.0,120.0
104950,243.0,141.0,126.0,138.0
104951,249.0,154.0,148.0,146.0
104952,259.0,226.0,144.0,155.0
104953,266.0,89.0,154.0,151.0
104954,245.0,101.0,130.0,128.0
104955,251.0,141.0,136.0,143.0
104956,251.0,128.0,145.0,140.0
104957,268.0,117.0,145.0,152.0
104958,262.0,94.0,145.0,147.0
104959,258.0,102.0,128.0,148.0
104960,256.0,96.0,155.0,141.0
104961,225.0,150.0,140.0,120.0
104962,248.0,149.0,137.0,151.0
104963,244.0,108.0,134.0,143.0
104964,249.0,113.0,140.0,146.0
104965,245.0,86.0,147.0,130.0
104966,237.0,190.0,142.0,133.0
104967,248.0,106.0,131.0,141.0
104968,240.0,122.0,140.0,124.0
104969,261.0,106.0,160.0,140.0
104970,257.0,92.0,131.0,142.0
104971,278.0,151.0,156.0,146.0
104972,264.0,110.0,139.0,147.0
104973,252.0,139.0,150.0,148.0
104974,251.0,135.0,135.0,134.0
104975,252.0,130.0,137.0,128.0
104976,271.0,123.0,155.0,150.0
104977,243.0,80.0,129.0,122.0
104978,250.0,51.0,156.0,146.0
104979,241.0,202.0,143.0,137.0
104980,253.0,114.0,139.0,152.0
104981,241.0,128.0,140.0,133.0
104982,247.0,67.0,135.0,152.0
104983,254.0,122.0,150.0,124.0
104984,258.0,184.0,143.0,150.0
104985,270.0,122.0,162.0,147.0
104986,224.0,90.0,123.0,116.0
104987,245.0,139.0,149.0,131.0
104988,267.0,154.0,158.0,142.0
104989,245.0,126.0,134.0,136.0
104990,248.0,69.0,136.0,139.0
104991,231.0,104.0,121.0,140.0
104992,229.0,113.0,118.0,140.0
104993,240.0,190.0,135.0,140.0
104994,264.0,99.0,144.0,138.0
104995,258.0,86.0,142.0,136.0
104996,234.0,111.0,131.0,138.0
104997,277.0,168.0,161.0,145.0
104998,244.0,148.0,149.0,135.0
104999,236.0,102.0,132.0,124.0
105000,287.0,106.0,158.0,161.0
105001,273.0,113.0,166.0,154.0
105002,242.0,81.0,126.0,136.0
105003,238.0,156.0,142.0,123.0
105004,228.0,96.0,127.0,136.0
105005,247.0,97.0,137.0,135.0
105006,225.0,126.0,105.0,125.0
105007,239.0,109.0,139.0,142.0
105008,265.0,123.0,153.0,153.0
105009,262.0,101.0,146.0,150.0
105010,246.0,116.0,142.0,132.0
105011,255.0,139.0,144.0,138.0
105012,271.0,170.0,152.0,159.0
105013,266.0,117.0,157.0,140.0
105014,259.0,127.0,148.0,141.0
105015,256.0,146.0,140.0,130.0
105016,269.0,109.0,152.0,153.0
105017,251.0,109.0,157.0,139.0
105018,262.0,104.0,140.0,152.0
105019,247.0,73.0,151.0,142.0
105020,254.0,226.0,139.0,133.0
105021,233.0,106.0,144.0,125.0
105022,246.0,86.0,148.0,134.0
105023,251.0,146.0,138.0,140.0
105024,244.0,115.0,139.0,138.0
105025,262.0,144.0,155.0,137.0
105026,260.0,79.0,148.0,130.0
105027,252.0,112.0,138.0,142.0
105028,228.0,110.0,123.0,138.0
105029,256.0,82.0,146.0,138.0
105030,258.0,156.0,140.0,147.0
105031,232.0,101.0,125.0,129.0
105032,232.0,117.0,120.0,131.0
105033,262.0,119.0,141.0,149.0
105034,251.0,103.0,148.0,149.0
105035,252.0,104.0,134.0,131.0
105036,240.0,105.0,138.0,135.0
105037,266.0,161.0,151.0,144.0
105038,235.0,104.0,141.0,137.0
105039,267.0,117.0,154.0,144.0
105040,271.0,106.0,149.0,148.0
105041,239.0,79.0,141.0,135.0
105042,243.0,126.0,123.0,135.0
105043,245.0,81.0,156.0,136.0
105044,255.0,81.0,148.0,139.0
105045,245.0,79.0,151.0,133.0
105046,283.0,160.0,148.0,177.0
105047,266.0,96.0,152.0,140.0
105048,238.0,101.0,112.0,124.0
105049,255.0,65.0,140.0,161.0
105050,249.0,135.0,137.0,155.0
105051,270.0,167.0,167.0,166.0
105052,260.0,133.0,150.0,123.0
105053,243.0,105.0,135.0,130.0
105054,259.0,151.0,145.0,147.0
105055,253.0,133.0,132.0,145.0
105056,265.0,153.0,144.0,154.0
105057,242.0,120.0,147.0,124.0
105058,264.0,91.0,139.0,153.0
105059,260.0,67.0,144.0,150.0
105060,251.0,145.0,138.0,128.0
105061,220.0,113.0,117.0,109.0
105062,280.0,136.0,170.0,153.0
105063,243.0,113.0,142.0,132.0
105064,268.0,93.0,149.0,164.0
105065,262.0,84.0,160.0,144.0
105066,243.0,116.0,122.0,138.0
105067,260.0,125.0,145.0,153.0
105068,251.0,110.0,138.0,139.0
105069,237.0,138.0,140.0,149.0
105070,247.0,141.0,149.0,150.0
105071,252.0,123.0,149.0,129.0
105072,261.0,96.0,149.0,141.0
105073,253.0,140.0,151.0,128.0
105074,243.0,57.0,135.0,137.0
105075,272.0,95.0,148.0,162.0
105076,251.0,121.0,144.0,131.0
105077,258.0,164.0,151.0,149.0
105078,252.0,107.0,142.0,135.0
105079,230.0,58.0,127.0,117.0
105080,271.0,184.0,157.0,148.0
105081,245.0,114.0,138.0,135.0
105082,231.0,117.0,127.0,131.0
105083,255.0,96.0,140.0,141.0
105084,242.0,130.0,137.0,146.0
105085,256.0,140.0,136.0,133.0
105086,254.0,89.0,147.0,141.0
105087,253.0,130.0,148.0,132.0
105088,244.0,78.0,145.0,149.0
105089,224.0,73.0,110.0,126.0
105090,267.0,116.0,146.0,157.0
105091,250.0,88.0,146.0,129.0
105092,240.0,174.0,132.0,119.0
105093,243.0,177.0,136.0,136.0
105094,253.0,135.0,147.0,146.0
105095,256.0,152.0,133.0,138.0
105096,256.0,141.0,130.0,154.0
105097,251.0,99.0,140.0,144.0
105098,260.0,115.0,149.0,139.0
105099,253.0,148.0,152.0,145.0
105100,252.0,96.0,146.0,145.0
105101,254.0,96.0,133.0,141.0
105102,266.0,110.0,164.0,134.0
105103,266.0,103.0,154.0,155.0
105104,280.0,152.0,156.0,157.0
105105,233.0,87.0,136.0,128.0
105106,262.0,100.0,138.0,140.0
105107,276.0,69.0,155.0,135.0
105108,255.0,148.0,150.0,131.0
105109,278.0,135.0,164.0,159.0
105110,231.0,116.0,112.0,131.0
105111,250.0,112.0,150.0,132.0
105112,270.0,129.0,135.0,148.0
105113,232.0,107.0,130.0,138.0
105114,256.0,116.0,154.0,146.0
105115,253.0,103.0,122.0,148.0
105116,263.0,113.0,141.0,144.0
105117,246.0,125.0,155.0,140.0
105118,238.0,77.0,137.0,131.0
105119,258.0,96.0,141.0,152.0
105120,249.0,84.0,138.0,133.0
105121,230.0,98.0,136.0,114.0
105122,242.0,103.0,141.0,133.0
105123,271.0,129.0,145.0,142.0
105124,263.0,136.0,154.0,145.0
105125,257.0,166.0,139.0,142.0
105126,255.0,216.0,141.0,152.0
105127,240.0,88.0,134.0,145.0
105128,263.0,75.0,161.0,139.0
105129,253.0,104.0,148.0,144.0
105130,251.0,105.0,150.0,135.0
105131,245.0,202.0,143.0,125.0
105132,239.0,117.0,135.0,129.0
105133,256.0,82.0,149.0,161.0
105134,266.0,112.0,148.0,148.0
105135,242.0,117.0,125.0,135.0
105136,256.0,135.0,147.0,140.0
105137,248.0,87.0,142.0,146.0
105138,238.0,92.0,133.0,151.0
105139,259.0,117.0,137.0,134.0
105140,238.0,120.0,132.0,152.0
105141,252.0,85.0,146.0,124.0
105142,271.0,110.0,157.0,159.0
105143,253.0,108.0,140.0,138.0
105144,270.0,82.0,162.0,162.0
105145,235.0,102.0,130.0,136.0
105146,244.0,94.0,140.0,125.0
105147,257.0,123.0,140.0,158.0
105148,245.0,81.0,129.0,144.0
105149,264.0,90.0,150.0,153.0
105150,241.0,120.0,142.0,130.0
105151,256.0,102.0,130.0,148.0
105152,256.0,101.0,136.0,146.0
105153,244.0,111.0,139.0,141.0
105154,244.0,220.0,137.0,125.0
105155,242.0,119.0,119.0,129.0
105156,248.0,84.0,147.0,121.0
105157,291.0,107.0,152.0,166.0
105158,253.0,67.0,142.0,136.0
105159,266.0,174.0,142.0,153.0
105160,259.0,98.0,147.0,157.0
105161,284.0,254.0,154.0,182.0
105162,261.0,84.0,155.0,155.0
105163,253.0,92.0,141.0,148.0
105164,243.0,94.0,125.0,132.0
105165,252.0,85.0,140.0,146.0
105166,271.0,138.0,149.0,148.0
105167,282.0,90.0,143.0,162.0
105168,240.0,86.0,148.0,124.0
105169,267.0,152.0,154.0,147.0
105170,245.0,123.0,153.0,135.0
105171,268.0,143.0,153.0,154.0
105172,227.0,93.0,133.0,127.0
105173,233.0,106.0,117.0,122.0
105174,236.0,185.0,139.0,138.0
105175,246.0,88.0,153.0,138.0
105176,247.0,136.0,129.0,134.0
105177,250.0,96.0,122.0,143.0
105178,260.0,124.0,135.0,153.0
105179,239.0,118.0,141.0,136.0
105180,228.0,98.0,131.0,119.0
105181,271.0,141.0,155.0,157.0
105182,238.0,117.0,143.0,132.0
105183,256.0,88.0,147.0,149.0
105184,259.0,117.0,151.0,136.0
105185,242.0,132.0,136.0,144.0
105186,263.0,106.0,158.0,147.0
105187,237.0,93.0,131.0,165.0
105188,244.0,210.0,138.0,141.0
105189,246.0,69.0,139.0,135.0
105190,231.0,78.0,124.0,133.0
105191,256.0,141.0,142.0,151.0
105192,260.0,87.0,152.0,150.0
105193,244.0,151.0,123.0,133.0
105194,246.0,169.0,128.0,128.0
105195,235.0,102.0,130.0,141.0
105196,253.0,203.0,150.0,144.0
105197,258.0,156.0,145.0,148.0
105198,240.0,110.0,112.0,128.0
105199,240.0,102.0,124.0,140.0
105200,258.0,183.0,153.0,139.0
105201,271.0,99.0,161.0,146.0
105202,262.0,125.0,132.0,158.0
105203,255.0,161.0,122.0,145.0
105204,234.0,122.0,138.0,133.0
105205,237.0,131.0,136.0,137.0
105206,260.0,92.0,144.0,157.0
105207,270.0,131.0,155.0,152.0
105208,228.0,95.0,129.0,141.0
105209,247.0,98.0,155.0,139.0
105210,237.0,95.0,132.0,140.0
105211,261.0,121.0,154.0,147.0
105212,237.0,74.0,137.0,125.0
105213,246.0,104.0,147.0,147.0
105214,242.0,112.0,146.0,120.0
105215,251.0,149.0,153.0,142.0
105216,254.0,119.0,154.0,128.0
105217,237.0,117.0,142.0,144.0
105218,242.0,197.0,143.0,140.0
105219,240.0,111.0,128.0,134.0
105220,244.0,73.0,135.0,132.0
105221,253.0,98.0,144.0,149.0
105222,250.0,109.0,147.0,146.0
105223,255.0,118.0,145.0,145.0
105224,239.0,66.0,150.0,144.0
105225,246.0,153.0,132.0,142.0
105226,227.0,197.0,129.0,131.0
105227,255.0,156.0,142.0,147.0
105228,242.0,130.0,126.0,138.0
105229,256.0,52.0,155.0,137.0
105230,232.0,145.0,126.0,116.0
105231,254.0,107.0,152.0,137.0
105232,245.0,113.0,129.0,145.0
105233,266.0,143.0,141.0,151.0
105234,255.0,115.0,136.0,150.0
105235,212.0,110.0,116.0,117.0
105236,267.0,131.0,148.0,136.0
105237,225.0,125.0,124.0,130.0
105238,251.0,93.0,140.0,147.0
105239,263.0,76.0,148.0,162.0
105240,260.0,140.0,145.0,151.0
105241,267.0,80.0,161.0,146.0
105242,235.0,112.0,131.0,138.0
105243,267.0,103.0,167.0,151.0
105244,250.0,72.0,134.0,137.0
105245,242.0,93.0,142.0,128.0
105246,250.0,106.0,137.0,130.0
105247,260.0,127.0,150.0,149.0
105248,240.0,120.0,132.0,129.0
105249,270.0,129.0,151.0,147.0
105250,270.0,103.0,141.0,145.0
105251,268.0,125.0,156.0,139.0
105252,259.0,224.0,142.0,138.0
105253,258.0,196.0,141.0,141.0
105254,269.0,66.0,152.0,144.0
105255,243.0,71.0,137.0,121.0
105256,265.0,116.0,145.0,138.0
105257,240.0,124.0,134.0,134.0
105258,248.0,102.0,136.0,131.0
105259,263.0,152.0,160.0,148.0
105260,266.0,55.0,150.0,160.0
105261,268.0,90.0,135.0,154.0
105262,257.0,104.0,144.0,135.0
105263,241.0,109.0,117.0,131.0
105264,235.0,118.0,139.0,132.0
105265,248.0,125.0,139.0,140.0
105266,248.0,112.0,145.0,122.0
105267,247.0,85.0,131.0,135.0
105268,251.0,117.0,139.0,131.0
105269,249.0,126.0,129.0,132.0
105270,259.0,230.0,141.0,139.0
105271,227.0,111.0,127.0,124.0
105272,228.0,115.0,120.0,120.0
105273,259.0,227.0,134.0,144.0
105274,232.0,81.0,130.0,134.0
105275,264.0,109.0,164.0,117.0
105276,248.0,95.0,140.0,124.0
105277,243.0,117.0,122.0,128.0
105278,255.0,134.0,140.0,148.0
105279,260.0,187.0,146.0,142.0
105280,257.0,132.0,135.0,150.0
105281,243.0,114.0,133.0,127.0
105282,268.0,222.0,155.0,163.0
105283,251.0,89.0,144.0,119.0
105284,262.0,103.0,157.0,139.0
105285,239.0,73.0,128.0,137.0
105286,269.0,188.0,134.0,165.0
105287,246.0,63.0,134.0,132.0
105288,262.0,104.0,145.0,143.0
105289,236.0,167.0,144.0,142.0
105290,261.0,88.0,147.0,151.0
105291,244.0,89.0,144.0,133.0
105292,286.0,179.0,172.0,154.0
105293,245.0,148.0,148.0,140.0
105294,232.0,92.0,123.0,108.0
105295,241.0,85.0,131.0,123.0
105296,234.0,114.0,113.0,134.0
105297,241.0,97.0,147.0,151.0
105298,250.0,166.0,123.0,146.0
105299,246.0,97.0,141.0,131.0
105300,238.0,60.0,129.0,148.0
105301,238.0,138.0,116.0,135.0
105302,246.0,147.0,128.0,136.0
105303,254.0,80.0,146.0,146.0
105304,243.0,105.0,117.0,134.0
105305,232.0,108.0,146.0,140.0
105306,245.0,65.0,152.0,141.0
105307,248.0,110.0,126.0,139.0
105308,231.0,135.0,122.0,119.0
105309,250.0,93.0,146.0,134.0
105310,262.0,161.0,136.0,155.0
105311,246.0,76.0,152.0,124.0
105312,255.0,110.0,155.0,133.0
105313,223.0,147.0,140.0,114.0
105314,252.0,85.0,123.0,145.0
105315,247.0,145.0,130.0,145.0
105316,235.0,122.0,127.0,135.0
105317,265.0,74.0,155.0,152.0
105318,258.0,127.0,150.0,150.0
105319,240.0,122.0,120.0,130.0
105320,236.0,136.0,134.0,139.0
105321,268.0,95.0,154.0,140.0
105322,262.0,93.0,161.0,151.0
105323,268.0,112.0,152.0,146.0
105324,256.0,214.0,162.0,159.0
105325,251.0,121.0,140.0,140.0
105326,254.0,109.0,134.0,135.0
105327,251.0,111.0,127.0,142.0
105328,267.0,123.0,137.0,155.0
105329,259.0,140.0,147.0,146.0
105330,234.0,100.0,124.0,110.0
105331,226.0,102.0,125.0,117.0
105332,257.0,100.0,149.0,152.0
105333,242.0,82.0,149.0,139.0
105334,239.0,149.0,116.0,151.0
105335,254.0,79.0,145.0,134.0
105336,252.0,66.0,137.0,147.0
105337,242.0,129.0,143.0,144.0
105338,264.0,109.0,145.0,149.0
105339,257.0,99.0,159.0,151.0
105340,231.0,130.0,126.0,125.0
105341,236.0,112.0,128.0,126.0
105342,261.0,136.0,154.0,146.0
105343,254.0,110.0,155.0,137.0
105344,231.0,70.0,137.0,130.0
105345,237.0,101.0,140.0,128.0
105346,273.0,120.0,152.0,165.0
105347,268.0,89.0,155.0,168.0
105348,276.0,118.0,151.0,155.0
105349,237.0,110.0,129.0,139.0
105350,242.0,87.0,140.0,147.0
105351,238.0,109.0,129.0,136.0
105352,249.0,92.0,153.0,144.0
105353,253.0,123.0,141.0,139.0
105354,235.0,97.0,127.0,130.0
105355,257.0,87.0,144.0,135.0
105356,236.0,156.0,126.0,129.0
105357,264.0,114.0,158.0,153.0
105358,250.0,106.0,145.0,150.0
105359,287.0,136.0,164.0,181.0
105360,229.0,105.0,134.0,126.0
105361,240.0,82.0,147.0,142.0
105362,267.0,84.0,167.0,144.0
105363,270.0,122.0,145.0,159.0
105364,259.0,112.0,162.0,155.0
105365,242.0,79.0,128.0,126.0
105366,251.0,154.0,145.0,150.0
105367,238.0,105.0,132.0,136.0
105368,252.0,151.0,140.0,150.0
105369,228.0,108.0,122.0,144.0
105370,276.0,108.0,157.0,154.0
105371,265.0,159.0,151.0,157.0
105372,257.0,111.0,144.0,137.0
105373,256.0,115.0,169.0,153.0
105374,255.0,80.0,143.0,155.0
105375,259.0,141.0,135.0,153.0
105376,254.0,105.0,137.0,146.0
105377,231.0,88.0,141.0,125.0
105378,273.0,162.0,151.0,166.0
105379,252.0,84.0,144.0,147.0
105380,258.0,68.0,138.0,142.0
105381,233.0,165.0,147.0,120.0
105382,259.0,148.0,147.0,155.0
105383,251.0,124.0,128.0,140.0
105384,251.0,100.0,138.0,147.0
105385,253.0,207.0,158.0,148.0
105386,250.0,89.0,131.0,134.0
105387,229.0,163.0,146.0,129.0
105388,252.0,98.0,137.0,143.0
105389,270.0,79.0,151.0,160.0
105390,220.0,69.0,126.0,136.0
105391,259.0,172.0,140.0,148.0
105392,238.0,64.0,127.0,138.0
105393,280.0,124.0,147.0,145.0
105394,243.0,119.0,129.0,149.0
105395,249.0,99.0,143.0,144.0
105396,286.0,55.0,170.0,165.0
105397,258.0,109.0,150.0,144.0
105398,238.0,104.0,124.0,134.0
105399,254.0,70.0,161.0,129.0
105400,271.0,116.0,155.0,144.0
105401,248.0,129.0,137.0,146.0
105402,262.0,127.0,155.0,153.0
105403,260.0,119.0,137.0,142.0
105404,231.0,96.0,114.0,145.0
105405,270.0,99.0,150.0,168.0
105406,264.0,151.0,149.0,150.0
105407,262.0,134.0,129.0,125.0
105408,247.0,77.0,143.0,140.0
105409,223.0,194.0,144.0,121.0
105410,245.0,95.0,130.0,139.0
105411,243.0,125.0,128.0,133.0
105412,244.0,126.0,122.0,135.0
105413,267.0,68.0,152.0,156.0
105414,250.0,91.0,155.0,138.0
105415,235.0,59.0,137.0,143.0
105416,249.0,104.0,140.0,141.0
105417,255.0,148.0,131.0,158.0
105418,255.0,122.0,151.0,150.0
105419,234.0,107.0,133.0,130.0
105420,267.0,190.0,152.0,164.0
105421,242.0,66.0,146.0,139.0
105422,230.0,83.0,139.0,138.0
105423,264.0,125.0,138.0,158.0
105424,256.0,116.0,144.0,138.0
105425,258.0,95.0,139.0,143.0
105426,267.0,130.0,158.0,160.0
105427,253.0,60.0,141.0,147.0
105428,246.0,166.0,138.0,135.0
105429,251.0,124.0,134.0,131.0
105430,264.0,89.0,151.0,156.0
105431,244.0,68.0,133.0,136.0
105432,232.0,92.0,127.0,133.0
105433,245.0,91.0,135.0,130.0
105434,235.0,54.0,137.0,128.0
105435,232.0,59.0,147.0,140.0
105436,260.0,83.0,149.0,157.0
105437,235.0,85.0,133.0,129.0
105438,222.0,154.0,110.0,120.0
105439,242.0,118.0,131.0,139.0
105440,274.0,89.0,143.0,149.0
105441,260.0,85.0,123.0,145.0
105442,231.0,105.0,132.0,118.0
105443,244.0,132.0,151.0,134.0
105444,253.0,89.0,137.0,161.0
105445,253.0,121.0,135.0,137.0
105446,237.0,134.0,119.0,128.0
105447,249.0,110.0,141.0,140.0
105448,235.0,117.0,132.0,129.0
105449,251.0,67.0,156.0,150.0
105450,252.0,68.0,144.0,142.0
105451,264.0,59.0,149.0,146.0
105452,251.0,140.0,146.0,135.0
105453,249.0,137.0,137.0,124.0
105454,296.0,112.0,171.0,173.0
105455,277.0,129.0,174.0,165.0
105456,266.0,169.0,149.0,159.0
105457,278.0,150.0,159.0,160.0
105458,260.0,218.0,152.0,154.0
105459,236.0,95.0,143.0,130.0
105460,278.0,239.0,153.0,158.0
105461,235.0,96.0,121.0,134.0
105462,245.0,107.0,135.0,124.0
105463,258.0,127.0,137.0,150.0
105464,242.0,134.0,140.0,145.0
105465,249.0,99.0,144.0,135.0
105466,266.0,119.0,163.0,155.0
105467,242.0,105.0,125.0,119.0
105468,258.0,82.0,148.0,158.0
105469,254.0,100.0,151.0,147.0
105470,260.0,119.0,147.0,125.0
105471,252.0,159.0,147.0,141.0
105472,255.0,128.0,118.0,145.0
105473,252.0,101.0,146.0,130.0
105474,260.0,208.0,144.0,138.0
105475,251.0,148.0,160.0,148.0
105476,258.0,107.0,135.0,132.0
105477,228.0,129.0,135.0,132.0
105478,234.0,100.0,144.0,135.0
105479,246.0,121.0,128.0,134.0
105480,251.0,106.0,152.0,149.0
105481,248.0,154.0,147.0,145.0
105482,258.0,89.0,140.0,154.0
105483,258.0,106.0,150.0,145.0
105484,257.0,115.0,135.0,139.0
105485,278.0,133.0,151.0,162.0
105486,268.0,172.0,146.0,167.0
105487,240.0,172.0,133.0,128.0
105488,252.0,130.0,141.0,142.0
105489,265.0,66.0,127.0,142.0
105490,264.0,134.0,169.0,145.0
105491,244.0,104.0,129.0,141.0
105492,257.0,226.0,143.0,158.0
105493,240.0,107.0,140.0,135.0
105494,248.0,92.0,128.0,140.0
105495,268.0,121.0,162.0,168.0
105496,259.0,225.0,149.0,143.0
105497,246.0,72.0,148.0,141.0
105498,236.0,82.0,124.0,147.0
105499,269.0,141.0,153.0,160.0
105500,252.0,69.0,133.0,137.0
105501,245.0,98.0,138.0,132.0
105502,260.0,113.0,143.0,149.0
105503,273.0,114.0,163.0,168.0
105504,246.0,117.0,131.0,135.0
105505,232.0,132.0,143.0,136.0
105506,253.0,85.0,122.0,161.0
105507,245.0,68.0,134.0,141.0
105508,261.0,160.0,148.0,146.0
105509,259.0,78.0,144.0,137.0
105510,253.0,90.0,143.0,133.0
105511,275.0,118.0,153.0,149.0
105512,233.0,91.0,133.0,132.0
105513,260.0,117.0,148.0,134.0
105514,249.0,124.0,148.0,140.0
105515,242.0,123.0,129.0,136.0
105516,253.0,124.0,128.0,138.0
105517,268.0,147.0,170.0,156.0
105518,258.0,158.0,160.0,136.0
105519,253.0,160.0,154.0,152.0
105520,261.0,87.0,148.0,140.0
105521,230.0,117.0,127.0,127.0
105522,241.0,230.0,141.0,146.0
105523,227.0,85.0,137.0,131.0
105524,246.0,130.0,127.0,147.0
105525,239.0,110.0,131.0,139.0
105526,243.0,93.0,129.0,140.0
105527,259.0,115.0,159.0,150.0
105528,230.0,91.0,112.0,131.0
105529,248.0,135.0,161.0,157.0
105530,241.0,130.0,140.0,141.0
105531,218.0,114.0,114.0,116.0
105532,262.0,160.0,139.0,164.0
105533,242.0,153.0,131.0,126.0
105534,251.0,116.0,155.0,148.0
105535,242.0,107.0,124.0,132.0
105536,261.0,93.0,141.0,142.0
105537,267.0,117.0,160.0,143.0
105538,258.0,152.0,142.0,149.0
105539,262.0,114.0,144.0,147.0
105540,246.0,118.0,126.0,132.0
105541,244.0,102.0,141.0,135.0
105542,262.0,99.0,152.0,145.0
105543,227.0,64.0,130.0,136.0
105544,245.0,117.0,125.0,128.0
105545,255.0,106.0,132.0,157.0
105546,254.0,78.0,140.0,138.0
105547,238.0,85.0,141.0,128.0
105548,260.0,113.0,159.0,158.0
105549,239.0,73.0,135.0,122.0
105550,259.0,115.0,145.0,140.0
105551,251.0,105.0,143.0,144.0
105552,271.0,182.0,130.0,148.0
105553,236.0,123.0,124.0,138.0
105554,271.0,157.0,164.0,155.0
105555,275.0,111.0,154.0,173.0
105556,252.0,113.0,135.0,132.0
105557,267.0,123.0,150.0,151.0
105558,238.0,85.0,143.0,138.0
105559,265.0,82.0,136.0,132.0
105560,240.0,153.0,136.0,133.0
105561,235.0,154.0,126.0,138.0
105562,270.0,120.0,150.0,151.0
105563,244.0,113.0,143.0,121.0
105564,256.0,149.0,142.0,149.0
105565,233.0,85.0,126.0,136.0
105566,276.0,106.0,166.0,153.0
105567,237.0,117.0,130.0,140.0
105568,223.0,138.0,103.0,124.0
105569,258.0,136.0,135.0,137.0
105570,278.0,134.0,144.0,148.0
105571,240.0,81.0,140.0,136.0
105572,253.0,101.0,131.0,157.0
105573,254.0,99.0,146.0,130.0
105574,253.0,105.0,157.0,136.0
105575,250.0,145.0,137.0,145.0
105576,243.0,123.0,132.0,144.0
105577,263.0,95.0,147.0,150.0
105578,262.0,147.0,154.0,142.0
105579,274.0,118.0,159.0,156.0
105580,265.0,90.0,145.0,142.0
105581,260.0,101.0,151.0,158.0
105582,269.0,125.0,131.0,146.0
105583,269.0,102.0,147.0,144.0
105584,249.0,206.0,137.0,137.0
105585,281.0,97.0,147.0,163.0
105586,248.0,88.0,138.0,150.0
105587,243.0,112.0,129.0,128.0
105588,234.0,136.0,139.0,125.0
105589,246.0,106.0,136.0,140.0
105590,283.0,222.0,161.0,145.0
105591,252.0,130.0,140.0,140.0
105592,254.0,106.0,142.0,144.0
105593,239.0,123.0,135.0,129.0
105594,261.0,104.0,157.0,156.0
105595,246.0,122.0,124.0,122.0
105596,245.0,95.0,144.0,141.0
105597,243.0,149.0,143.0,128.0
105598,235.0,112.0,132.0,130.0
105599,264.0,102.0,152.0,152.0
105600,250.0,98.0,140.0,150.0
105601,240.0,128.0,148.0,135.0
105602,256.0,214.0,154.0,161.0
105603,242.0,95.0,124.0,145.0
105604,235.0,96.0,126.0,158.0
105605,257.0,110.0,152.0,145.0
105606,247.0,107.0,149.0,134.0
105607,240.0,111.0,140.0,139.0
105608,242.0,133.0,141.0,126.0
105609,221.0,105.0,119.0,131.0
105610,239.0,94.0,135.0,129.0
105611,244.0,105.0,138.0,135.0
105612,250.0,88.0,146.0,147.0
105613,256.0,106.0,143.0,147.0
105614,236.0,132.0,122.0,137.0
105615,237.0,181.0,129.0,134.0
105616,276.0,88.0,134.0,142.0
105617,245.0,73.0,138.0,137.0
105618,227.0,98.0,113.0,130.0
105619,265.0,171.0,147.0,159.0
105620,243.0,130.0,121.0,136.0
105621,246.0,86.0,147.0,152.0
105622,237.0,59.0,142.0,131.0
105623,236.0,97.0,131.0,130.0
105624,259.0,91.0,158.0,147.0
105625,266.0,93.0,142.0,154.0
105626,254.0,86.0,135.0,153.0
105627,232.0,79.0,132.0,129.0
105628,233.0,111.0,131.0,138.0
105629,254.0,135.0,145.0,141.0
105630,273.0,214.0,151.0,151.0
105631,241.0,214.0,137.0,137.0
105632,260.0,156.0,142.0,135.0
105633,241.0,123.0,130.0,133.0
105634,264.0,154.0,145.0,153.0
105635,255.0,61.0,135.0,147.0
105636,244.0,98.0,136.0,134.0
105637,261.0,174.0,141.0,156.0
105638,242.0,87.0,142.0,154.0
105639,271.0,106.0,142.0,154.0
105640,236.0,87.0,123.0,133.0
105641,246.0,57.0,137.0,123.0
105642,254.0,127.0,149.0,137.0
105643,263.0,102.0,155.0,134.0
105644,242.0,105.0,150.0,129.0
105645,239.0,117.0,138.0,141.0
105646,248.0,89.0,139.0,134.0
105647,254.0,111.0,153.0,134.0
105648,277.0,116.0,150.0,156.0
105649,242.0,64.0,129.0,128.0
105650,249.0,133.0,143.0,141.0
105651,256.0,105.0,161.0,142.0
105652,242.0,54.0,132.0,142.0
105653,273.0,146.0,137.0,153.0
105654,241.0,127.0,141.0,136.0
105655,243.0,119.0,140.0,135.0
105656,262.0,109.0,155.0,146.0
105657,253.0,121.0,136.0,140.0
105658,243.0,151.0,132.0,139.0
105659,239.0,109.0,133.0,126.0
105660,239.0,110.0,127.0,132.0
105661,241.0,122.0,141.0,135.0
105662,249.0,124.0,117.0,130.0
105663,239.0,104.0,115.0,126.0
105664,244.0,108.0,141.0,136.0
105665,265.0,94.0,166.0,166.0
105666,251.0,95.0,136.0,135.0
105667,243.0,102.0,152.0,131.0
105668,245.0,97.0,140.0,137.0
105669,256.0,159.0,139.0,145.0
105670,235.0,119.0,127.0,131.0
105671,255.0,123.0,141.0,155.0
105672,240.0,111.0,125.0,132.0
105673,247.0,127.0,138.0,139.0
105674,273.0,124.0,151.0,148.0
105675,260.0,111.0,148.0,144.0
105676,270.0,91.0,161.0,165.0
105677,232.0,113.0,117.0,153.0
105678,250.0,90.0,141.0,153.0
105679,246.0,74.0,141.0,137.0
105680,249.0,81.0,140.0,151.0
105681,252.0,160.0,129.0,145.0
105682,274.0,157.0,158.0,151.0
105683,278.0,159.0,151.0,168.0
105684,249.0,103.0,158.0,134.0
105685,261.0,89.0,150.0,142.0
105686,246.0,108.0,126.0,148.0
105687,277.0,185.0,161.0,166.0
105688,256.0,104.0,136.0,150.0
105689,237.0,121.0,127.0,139.0
105690,258.0,182.0,143.0,120.0
105691,246.0,97.0,149.0,137.0
105692,249.0,110.0,114.0,132.0
105693,253.0,193.0,156.0,131.0
105694,238.0,105.0,143.0,141.0
105695,260.0,114.0,132.0,134.0
105696,227.0,134.0,116.0,127.0
105697,225.0,107.0,122.0,119.0
105698,221.0,111.0,112.0,112.0
105699,280.0,129.0,148.0,147.0
105700,255.0,127.0,122.0,140.0
105701,257.0,103.0,151.0,135.0
105702,274.0,164.0,151.0,158.0
105703,260.0,112.0,129.0,143.0
105704,251.0,120.0,150.0,131.0
105705,242.0,151.0,142.0,131.0
105706,259.0,148.0,141.0,148.0
105707,241.0,115.0,126.0,148.0
105708,263.0,95.0,144.0,139.0
105709,259.0,106.0,146.0,122.0
105710,270.0,103.0,161.0,151.0
105711,263.0,52.0,159.0,148.0
105712,246.0,96.0,131.0,135.0
105713,230.0,114.0,126.0,122.0
105714,257.0,119.0,147.0,127.0
105715,249.0,152.0,142.0,120.0
105716,241.0,167.0,131.0,121.0
105717,245.0,105.0,141.0,135.0
105718,251.0,114.0,130.0,146.0
105719,240.0,104.0,131.0,138.0
105720,252.0,104.0,143.0,137.0
105721,253.0,119.0,146.0,146.0
105722,233.0,151.0,129.0,134.0
105723,259.0,115.0,144.0,144.0
105724,254.0,122.0,132.0,132.0
105725,265.0,120.0,150.0,137.0
105726,241.0,122.0,133.0,134.0
105727,249.0,119.0,145.0,141.0
105728,266.0,152.0,158.0,145.0
105729,279.0,119.0,170.0,148.0
105730,244.0,107.0,136.0,145.0
105731,278.0,151.0,161.0,143.0
105732,265.0,105.0,163.0,136.0
105733,245.0,214.0,147.0,135.0
105734,257.0,131.0,142.0,143.0
105735,237.0,129.0,129.0,129.0
105736,253.0,100.0,134.0,129.0
105737,251.0,159.0,141.0,140.0
105738,262.0,120.0,154.0,128.0
105739,239.0,52.0,132.0,130.0
105740,232.0,126.0,118.0,139.0
105741,230.0,90.0,136.0,121.0
105742,252.0,128.0,134.0,146.0
105743,231.0,119.0,124.0,133.0
105744,272.0,118.0,151.0,144.0
105745,253.0,130.0,157.0,148.0
105746,244.0,101.0,152.0,128.0
105747,260.0,121.0,145.0,146.0
105748,264.0,137.0,148.0,138.0
105749,255.0,226.0,134.0,135.0
105750,253.0,99.0,149.0,132.0
105751,235.0,181.0,138.0,138.0
105752,229.0,149.0,138.0,115.0
105753,236.0,97.0,127.0,136.0
105754,248.0,149.0,142.0,147.0
105755,263.0,87.0,138.0,154.0
105756,244.0,134.0,126.0,144.0
105757,259.0,100.0,136.0,150.0
105758,256.0,104.0,142.0,136.0
105759,253.0,109.0,147.0,139.0
105760,264.0,83.0,143.0,157.0
105761,255.0,101.0,140.0,137.0
105762,269.0,91.0,162.0,149.0
105763,263.0,118.0,146.0,137.0
105764,261.0,157.0,149.0,151.0
105765,247.0,140.0,136.0,136.0
105766,280.0,114.0,150.0,156.0
105767,255.0,101.0,151.0,142.0
105768,258.0,128.0,135.0,135.0
105769,261.0,87.0,146.0,156.0
105770,246.0,88.0,149.0,143.0
105771,237.0,78.0,117.0,137.0
105772,244.0,90.0,126.0,148.0
105773,252.0,181.0,151.0,139.0
105774,258.0,117.0,144.0,151.0
105775,256.0,115.0,142.0,148.0
105776,223.0,124.0,134.0,129.0
105777,252.0,113.0,135.0,140.0
105778,256.0,105.0,134.0,131.0
105779,255.0,112.0,140.0,141.0
105780,241.0,108.0,123.0,130.0
105781,241.0,60.0,138.0,136.0
105782,239.0,151.0,126.0,134.0
105783,243.0,175.0,134.0,134.0
105784,248.0,129.0,135.0,135.0
105785,251.0,75.0,137.0,155.0
105786,268.0,143.0,143.0,151.0
105787,262.0,104.0,148.0,150.0
105788,261.0,212.0,158.0,165.0
105789,271.0,116.0,172.0,153.0
105790,250.0,160.0,148.0,145.0
105791,263.0,155.0,146.0,150.0
105792,262.0,119.0,146.0,161.0
105793,237.0,101.0,121.0,139.0
105794,256.0,149.0,171.0,150.0
105795,236.0,111.0,133.0,131.0
105796,245.0,117.0,123.0,151.0
105797,242.0,125.0,133.0,123.0
105798,237.0,117.0,109.0,137.0
105799,248.0,82.0,137.0,142.0
105800,233.0,88.0,129.0,128.0
105801,258.0,211.0,139.0,149.0
105802,240.0,78.0,139.0,136.0
105803,259.0,233.0,129.0,145.0
105804,270.0,142.0,154.0,148.0
105805,248.0,72.0,135.0,130.0
105806,244.0,215.0,133.0,140.0
105807,228.0,100.0,121.0,130.0
105808,237.0,71.0,138.0,133.0
105809,237.0,100.0,141.0,134.0
105810,258.0,63.0,141.0,147.0
105811,220.0,70.0,118.0,128.0
105812,265.0,215.0,157.0,162.0
105813,238.0,74.0,131.0,136.0
105814,254.0,88.0,136.0,144.0
105815,250.0,102.0,145.0,143.0
105816,261.0,87.0,152.0,149.0
105817,237.0,79.0,126.0,134.0
105818,273.0,136.0,166.0,150.0
105819,237.0,95.0,123.0,135.0
105820,229.0,81.0,120.0,141.0
105821,254.0,84.0,155.0,150.0
105822,221.0,117.0,114.0,121.0
105823,249.0,132.0,144.0,157.0
105824,257.0,79.0,137.0,154.0
105825,263.0,147.0,163.0,149.0
105826,256.0,102.0,145.0,151.0
105827,253.0,115.0,149.0,126.0
105828,255.0,129.0,140.0,133.0
105829,243.0,103.0,135.0,129.0
105830,239.0,100.0,135.0,142.0
105831,273.0,111.0,148.0,145.0
105832,238.0,105.0,134.0,119.0
105833,224.0,99.0,120.0,120.0
105834,249.0,90.0,147.0,142.0
105835,257.0,184.0,146.0,149.0
105836,251.0,109.0,144.0,148.0
105837,269.0,87.0,165.0,142.0
105838,226.0,192.0,131.0,118.0
105839,249.0,133.0,131.0,149.0
105840,274.0,111.0,139.0,162.0
105841,248.0,110.0,147.0,137.0
105842,261.0,152.0,150.0,140.0
105843,252.0,92.0,133.0,147.0
105844,257.0,111.0,155.0,145.0
105845,252.0,97.0,143.0,135.0
105846,252.0,85.0,141.0,159.0
105847,254.0,101.0,150.0,134.0
105848,224.0,133.0,134.0,125.0
105849,247.0,106.0,128.0,143.0
105850,241.0,84.0,143.0,135.0
105851,262.0,196.0,144.0,154.0
105852,239.0,130.0,129.0,133.0
105853,255.0,83.0,135.0,136.0
105854,260.0,124.0,144.0,145.0
105855,266.0,110.0,154.0,137.0
105856,265.0,78.0,172.0,150.0
105857,231.0,137.0,109.0,132.0
105858,265.0,201.0,149.0,133.0
105859,245.0,82.0,128.0,135.0
105860,248.0,136.0,136.0,159.0
105861,275.0,110.0,162.0,144.0
105862,235.0,73.0,128.0,120.0
105863,230.0,101.0,131.0,111.0
105864,235.0,199.0,137.0,146.0
105865,262.0,144.0,162.0,152.0
105866,228.0,126.0,131.0,116.0
105867,245.0,118.0,136.0,132.0
105868,260.0,188.0,155.0,158.0
105869,253.0,85.0,149.0,140.0
105870,239.0,114.0,135.0,133.0
105871,259.0,207.0,134.0,153.0
105872,263.0,79.0,157.0,151.0
105873,244.0,97.0,140.0,160.0
105874,253.0,117.0,129.0,137.0
105875,268.0,135.0,145.0,137.0
105876,260.0,84.0,163.0,147.0
105877,243.0,83.0,130.0,139.0
105878,246.0,98.0,136.0,137.0
105879,248.0,118.0,135.0,146.0
105880,255.0,95.0,140.0,153.0
105881,259.0,110.0,143.0,147.0
105882,267.0,128.0,137.0,156.0
105883,234.0,119.0,127.0,137.0
105884,247.0,110.0,138.0,146.0
105885,248.0,101.0,131.0,142.0
105886,265.0,83.0,134.0,138.0
105887,232.0,92.0,135.0,134.0
105888,258.0,129.0,144.0,142.0
105889,236.0,132.0,126.0,124.0
105890,251.0,112.0,141.0,158.0
105891,252.0,148.0,143.0,131.0
105892,248.0,215.0,129.0,139.0
105893,243.0,126.0,123.0,155.0
105894,235.0,110.0,130.0,135.0
105895,263.0,76.0,152.0,147.0
105896,256.0,105.0,145.0,142.0
105897,245.0,104.0,133.0,131.0
105898,235.0,99.0,138.0,140.0
105899,261.0,137.0,141.0,147.0
105900,239.0,114.0,116.0,149.0
105901,254.0,232.0,134.0,134.0
105902,243.0,221.0,140.0,133.0
105903,259.0,81.0,144.0,149.0
105904,243.0,102.0,138.0,144.0
105905,256.0,102.0,125.0,130.0
105906,247.0,92.0,114.0,139.0
105907,245.0,100.0,146.0,139.0
105908,243.0,100.0,136.0,146.0
105909,226.0,80.0,123.0,113.0
105910,256.0,126.0,138.0,151.0
105911,242.0,85.0,133.0,138.0
105912,256.0,82.0,144.0,141.0
105913,266.0,101.0,152.0,161.0
105914,255.0,96.0,143.0,136.0
105915,261.0,104.0,144.0,148.0
105916,257.0,84.0,149.0,146.0
105917,289.0,228.0,163.0,175.0
105918,238.0,105.0,125.0,136.0
105919,247.0,165.0,146.0,129.0
105920,253.0,77.0,149.0,128.0
105921,249.0,122.0,153.0,148.0
105922,240.0,125.0,136.0,137.0
105923,257.0,128.0,148.0,135.0
105924,257.0,97.0,135.0,138.0
105925,242.0,111.0,139.0,139.0
105926,264.0,114.0,150.0,150.0
105927,258.0,100.0,152.0,141.0
105928,257.0,115.0,153.0,133.0
105929,229.0,110.0,130.0,119.0
105930,248.0,81.0,133.0,137.0
105931,256.0,116.0,123.0,147.0
105932,251.0,84.0,146.0,145.0
105933,241.0,94.0,133.0,140.0
105934,248.0,183.0,164.0,144.0
105935,256.0,153.0,144.0,144.0
105936,249.0,113.0,145.0,145.0
105937,241.0,128.0,144.0,137.0
105938,251.0,131.0,150.0,140.0
105939,244.0,113.0,144.0,124.0
105940,274.0,174.0,156.0,144.0
105941,273.0,180.0,153.0,167.0
105942,278.0,146.0,155.0,149.0
105943,246.0,76.0,132.0,144.0
105944,246.0,66.0,141.0,144.0
105945,258.0,120.0,149.0,132.0
105946,255.0,123.0,146.0,154.0
105947,261.0,135.0,161.0,138.0
105948,256.0,121.0,150.0,146.0
105949,281.0,155.0,165.0,149.0
105950,261.0,213.0,148.0,145.0
105951,246.0,146.0,119.0,142.0
105952,228.0,114.0,130.0,128.0
105953,231.0,84.0,129.0,130.0
105954,257.0,74.0,149.0,145.0
105955,239.0,109.0,139.0,128.0
105956,244.0,120.0,154.0,145.0
105957,250.0,93.0,148.0,157.0
105958,248.0,144.0,144.0,141.0
105959,241.0,96.0,131.0,146.0
105960,231.0,120.0,136.0,140.0
105961,261.0,64.0,146.0,153.0
105962,235.0,90.0,132.0,125.0
105963,241.0,101.0,112.0,150.0
105964,246.0,149.0,137.0,164.0
105965,235.0,154.0,143.0,135.0
105966,274.0,129.0,157.0,150.0
105967,244.0,202.0,137.0,146.0
105968,234.0,137.0,127.0,134.0
105969,230.0,96.0,126.0,122.0
105970,252.0,155.0,137.0,144.0
105971,263.0,127.0,146.0,156.0
105972,251.0,96.0,148.0,149.0
105973,205.0,182.0,108.0,112.0
105974,254.0,222.0,139.0,135.0
105975,256.0,149.0,151.0,138.0
105976,234.0,96.0,139.0,135.0
105977,242.0,153.0,131.0,142.0
105978,241.0,82.0,133.0,140.0
105979,252.0,114.0,134.0,134.0
105980,241.0,112.0,136.0,139.0
105981,243.0,101.0,145.0,145.0
105982,247.0,131.0,135.0,141.0
105983,228.0,111.0,135.0,127.0
105984,260.0,229.0,148.0,154.0
105985,246.0,209.0,154.0,134.0
105986,258.0,96.0,138.0,130.0
105987,237.0,119.0,120.0,143.0
105988,258.0,158.0,135.0,155.0
105989,255.0,81.0,156.0,131.0
105990,250.0,222.0,133.0,123.0
105991,250.0,158.0,138.0,142.0
105992,254.0,127.0,150.0,133.0
105993,263.0,148.0,138.0,151.0
105994,250.0,100.0,156.0,144.0
105995,223.0,87.0,126.0,121.0
105996,247.0,116.0,137.0,138.0
105997,250.0,119.0,134.0,145.0
105998,241.0,89.0,135.0,131.0
105999,256.0,131.0,133.0,134.0
106000,244.0,117.0,128.0,144.0
106001,257.0,104.0,138.0,150.0
106002,233.0,85.0,147.0,126.0
106003,227.0,76.0,123.0,128.0
106004,267.0,120.0,145.0,145.0
106005,254.0,225.0,129.0,146.0
106006,230.0,64.0,123.0,119.0
106007,260.0,151.0,161.0,126.0
106008,268.0,116.0,152.0,154.0
106009,251.0,94.0,133.0,140.0
106010,244.0,132.0,146.0,128.0
106011,233.0,107.0,137.0,133.0
106012,249.0,125.0,158.0,140.0
106013,252.0,211.0,151.0,147.0
106014,250.0,143.0,144.0,129.0
106015,259.0,64.0,146.0,159.0
106016,247.0,102.0,150.0,144.0
106017,237.0,140.0,133.0,131.0
106018,282.0,130.0,160.0,159.0
106019,238.0,110.0,115.0,130.0
106020,225.0,204.0,132.0,125.0
106021,235.0,119.0,127.0,115.0
106022,268.0,152.0,146.0,149.0
106023,254.0,166.0,142.0,142.0
106024,223.0,116.0,132.0,121.0
106025,225.0,164.0,145.0,132.0
106026,249.0,127.0,143.0,140.0
106027,269.0,153.0,140.0,147.0
106028,290.0,175.0,176.0,156.0
106029,282.0,160.0,153.0,163.0
106030,259.0,92.0,145.0,129.0
106031,241.0,100.0,129.0,139.0
106032,256.0,115.0,136.0,135.0
106033,242.0,136.0,134.0,133.0
106034,272.0,83.0,154.0,145.0
106035,264.0,121.0,141.0,172.0
106036,253.0,106.0,141.0,142.0
106037,278.0,100.0,150.0,153.0
106038,271.0,161.0,156.0,146.0
106039,239.0,113.0,145.0,131.0
106040,251.0,131.0,144.0,137.0
106041,266.0,140.0,146.0,143.0
106042,244.0,50.0,137.0,139.0
106043,248.0,99.0,147.0,142.0
106044,271.0,106.0,154.0,151.0
106045,259.0,227.0,168.0,138.0
106046,255.0,136.0,148.0,142.0
106047,259.0,92.0,132.0,141.0
106048,255.0,85.0,158.0,146.0
106049,268.0,136.0,169.0,152.0
106050,214.0,110.0,119.0,115.0
106051,241.0,98.0,135.0,133.0
106052,238.0,130.0,128.0,117.0
106053,256.0,105.0,143.0,142.0
106054,271.0,112.0,170.0,146.0
106055,236.0,84.0,115.0,128.0
106056,250.0,110.0,122.0,135.0
106057,254.0,228.0,145.0,141.0
106058,246.0,246.0,149.0,166.0
106059,258.0,114.0,155.0,144.0
106060,223.0,159.0,127.0,135.0
106061,247.0,144.0,138.0,134.0
106062,250.0,140.0,143.0,159.0
106063,237.0,70.0,141.0,128.0
106064,267.0,109.0,159.0,157.0
106065,255.0,155.0,158.0,145.0
106066,237.0,135.0,122.0,124.0
106067,231.0,76.0,120.0,125.0
106068,265.0,153.0,152.0,159.0
106069,236.0,94.0,121.0,119.0
106070,250.0,119.0,145.0,142.0
106071,241.0,95.0,154.0,120.0
106072,247.0,114.0,150.0,138.0
106073,243.0,148.0,138.0,126.0
106074,238.0,77.0,138.0,135.0
106075,233.0,111.0,119.0,124.0
106076,251.0,137.0,142.0,150.0
106077,224.0,90.0,123.0,122.0
106078,269.0,101.0,150.0,153.0
106079,249.0,85.0,137.0,145.0
106080,257.0,152.0,144.0,157.0
106081,239.0,170.0,129.0,144.0
106082,235.0,113.0,128.0,131.0
106083,218.0,107.0,120.0,134.0
106084,240.0,108.0,128.0,131.0
106085,276.0,113.0,162.0,155.0
106086,245.0,174.0,135.0,147.0
106087,253.0,107.0,141.0,140.0
106088,234.0,93.0,127.0,132.0
106089,243.0,117.0,145.0,136.0
106090,258.0,103.0,147.0,140.0
106091,239.0,70.0,139.0,124.0
106092,259.0,95.0,136.0,153.0
106093,250.0,93.0,148.0,130.0
106094,246.0,106.0,140.0,139.0
106095,255.0,89.0,153.0,141.0
106096,226.0,102.0,124.0,128.0
106097,273.0,113.0,149.0,160.0
106098,269.0,142.0,150.0,164.0
106099,261.0,118.0,145.0,144.0
106100,278.0,119.0,152.0,161.0
106101,272.0,110.0,142.0,146.0
106102,264.0,211.0,137.0,162.0
106103,266.0,137.0,150.0,149.0
106104,261.0,130.0,134.0,145.0
106105,271.0,101.0,150.0,173.0
106106,258.0,115.0,153.0,144.0
106107,230.0,107.0,126.0,151.0
106108,271.0,117.0,158.0,153.0
106109,247.0,115.0,131.0,135.0
106110,223.0,107.0,124.0,118.0
106111,247.0,127.0,131.0,135.0
106112,235.0,89.0,121.0,134.0
106113,288.0,127.0,164.0,155.0
106114,236.0,93.0,143.0,130.0
106115,272.0,134.0,153.0,148.0
106116,219.0,135.0,118.0,112.0
106117,241.0,103.0,139.0,137.0
106118,254.0,112.0,131.0,142.0
106119,233.0,118.0,141.0,143.0
106120,260.0,231.0,149.0,135.0
106121,265.0,137.0,160.0,171.0
106122,238.0,112.0,139.0,122.0
106123,256.0,92.0,141.0,151.0
106124,229.0,108.0,130.0,127.0
106125,234.0,135.0,134.0,125.0
106126,250.0,129.0,149.0,129.0
106127,242.0,140.0,133.0,132.0
106128,251.0,127.0,141.0,136.0
106129,257.0,98.0,151.0,138.0
106130,257.0,82.0,138.0,156.0
106131,250.0,91.0,135.0,131.0
106132,250.0,94.0,149.0,134.0
106133,241.0,126.0,134.0,140.0
106134,258.0,84.0,150.0,146.0
106135,253.0,220.0,130.0,143.0
106136,254.0,221.0,129.0,148.0
106137,265.0,97.0,151.0,142.0
106138,230.0,103.0,125.0,132.0
106139,255.0,74.0,143.0,151.0
106140,258.0,65.0,137.0,150.0
106141,246.0,181.0,133.0,126.0
106142,263.0,106.0,150.0,147.0
106143,229.0,126.0,127.0,113.0
106144,280.0,109.0,147.0,149.0
106145,256.0,105.0,149.0,147.0
106146,225.0,95.0,127.0,108.0
106147,231.0,66.0,124.0,141.0
106148,247.0,88.0,145.0,139.0
106149,227.0,131.0,134.0,136.0
106150,252.0,112.0,151.0,127.0
106151,216.0,113.0,121.0,123.0
106152,256.0,111.0,157.0,144.0
106153,298.0,122.0,170.0,164.0
106154,250.0,131.0,141.0,140.0
106155,274.0,114.0,142.0,144.0
106156,250.0,93.0,136.0,136.0
106157,224.0,140.0,130.0,140.0
106158,259.0,119.0,141.0,152.0
106159,247.0,123.0,130.0,137.0
106160,250.0,68.0,130.0,133.0
106161,270.0,121.0,147.0,152.0
106162,245.0,130.0,133.0,145.0
106163,243.0,135.0,126.0,144.0
106164,262.0,118.0,170.0,153.0
106165,245.0,141.0,126.0,141.0
106166,257.0,158.0,149.0,144.0
106167,254.0,135.0,145.0,133.0
106168,263.0,125.0,134.0,140.0
106169,236.0,84.0,132.0,135.0
106170,230.0,120.0,120.0,128.0
106171,250.0,182.0,137.0,145.0
106172,251.0,97.0,144.0,145.0
106173,253.0,84.0,141.0,146.0
106174,258.0,154.0,153.0,141.0
106175,250.0,80.0,136.0,145.0
106176,239.0,128.0,147.0,143.0
106177,250.0,117.0,145.0,129.0
106178,252.0,92.0,117.0,138.0
106179,248.0,96.0,158.0,132.0
106180,268.0,138.0,134.0,151.0
106181,274.0,153.0,145.0,147.0
106182,243.0,115.0,130.0,141.0
106183,237.0,62.0,115.0,125.0
106184,261.0,112.0,148.0,146.0
106185,235.0,100.0,122.0,133.0
106186,251.0,117.0,144.0,143.0
106187,238.0,201.0,145.0,144.0
106188,249.0,59.0,134.0,144.0
106189,255.0,98.0,143.0,162.0
106190,256.0,163.0,144.0,138.0
106191,232.0,124.0,122.0,141.0
106192,224.0,79.0,113.0,139.0
106193,239.0,85.0,153.0,141.0
106194,265.0,186.0,156.0,161.0
106195,259.0,220.0,152.0,145.0
106196,252.0,146.0,140.0,155.0
106197,265.0,110.0,136.0,156.0
106198,257.0,117.0,135.0,156.0
106199,255.0,106.0,132.0,139.0
106200,237.0,103.0,120.0,117.0
106201,250.0,65.0,136.0,133.0
106202,254.0,94.0,141.0,141.0
106203,233.0,142.0,136.0,122.0
106204,268.0,237.0,161.0,142.0
106205,240.0,119.0,132.0,141.0
106206,270.0,75.0,146.0,156.0
106207,252.0,242.0,151.0,137.0
106208,275.0,127.0,143.0,165.0
106209,257.0,87.0,141.0,144.0
106210,258.0,134.0,140.0,136.0
106211,241.0,126.0,146.0,131.0
106212,237.0,88.0,152.0,115.0
106213,244.0,143.0,138.0,135.0
106214,250.0,109.0,150.0,140.0
106215,238.0,138.0,122.0,126.0
106216,239.0,72.0,135.0,138.0
106217,247.0,101.0,125.0,125.0
106218,253.0,104.0,130.0,136.0
106219,242.0,134.0,121.0,132.0
106220,240.0,95.0,133.0,140.0
106221,259.0,97.0,145.0,127.0
106222,219.0,85.0,133.0,124.0
106223,241.0,102.0,124.0,129.0
106224,251.0,179.0,126.0,128.0
106225,270.0,238.0,158.0,159.0
106226,257.0,72.0,133.0,136.0
106227,254.0,121.0,129.0,152.0
106228,275.0,101.0,149.0,160.0
106229,257.0,111.0,138.0,150.0
106230,227.0,124.0,132.0,127.0
106231,262.0,136.0,146.0,154.0
106232,252.0,122.0,141.0,135.0
106233,243.0,143.0,124.0,134.0
106234,263.0,135.0,137.0,146.0
106235,253.0,221.0,148.0,143.0
106236,254.0,112.0,133.0,126.0
106237,254.0,103.0,148.0,136.0
106238,269.0,78.0,161.0,153.0
106239,248.0,84.0,143.0,132.0
106240,243.0,134.0,135.0,136.0
106241,263.0,111.0,155.0,143.0
106242,259.0,132.0,144.0,149.0
106243,266.0,107.0,142.0,144.0
106244,239.0,104.0,142.0,137.0
106245,246.0,104.0,132.0,124.0
106246,233.0,116.0,144.0,127.0
106247,262.0,100.0,151.0,153.0
106248,260.0,120.0,140.0,147.0
106249,242.0,105.0,136.0,134.0
106250,243.0,119.0,139.0,136.0
106251,243.0,98.0,141.0,144.0
106252,251.0,96.0,141.0,151.0
106253,226.0,125.0,114.0,135.0
106254,236.0,129.0,139.0,130.0
106255,260.0,176.0,137.0,153.0
106256,265.0,79.0,142.0,137.0
106257,248.0,112.0,146.0,145.0
106258,250.0,101.0,136.0,143.0
106259,277.0,141.0,140.0,166.0
106260,220.0,118.0,107.0,126.0
106261,246.0,104.0,121.0,139.0
106262,256.0,98.0,145.0,146.0
106263,253.0,136.0,140.0,143.0
106264,262.0,140.0,141.0,148.0
106265,251.0,108.0,130.0,136.0
106266,278.0,245.0,164.0,161.0
106267,224.0,121.0,117.0,128.0
106268,270.0,120.0,154.0,148.0
106269,266.0,102.0,146.0,145.0
106270,266.0,111.0,158.0,151.0
106271,244.0,160.0,136.0,130.0
106272,266.0,100.0,142.0,152.0
106273,263.0,235.0,156.0,160.0
106274,273.0,88.0,171.0,159.0
106275,254.0,117.0,141.0,136.0
106276,249.0,76.0,115.0,140.0
106277,254.0,92.0,142.0,150.0
106278,253.0,109.0,142.0,144.0
106279,257.0,96.0,140.0,152.0
106280,277.0,118.0,154.0,160.0
106281,255.0,135.0,146.0,160.0
106282,239.0,110.0,125.0,127.0
106283,243.0,94.0,138.0,154.0
106284,271.0,104.0,152.0,139.0
106285,239.0,136.0,131.0,137.0
106286,252.0,224.0,147.0,136.0
106287,244.0,66.0,135.0,140.0
106288,262.0,120.0,143.0,146.0
106289,253.0,179.0,128.0,153.0
106290,249.0,131.0,143.0,140.0
106291,229.0,72.0,126.0,118.0
106292,239.0,219.0,141.0,136.0
106293,240.0,74.0,136.0,145.0
106294,235.0,119.0,126.0,153.0
106295,260.0,162.0,149.0,160.0
106296,215.0,110.0,131.0,118.0
106297,274.0,103.0,152.0,157.0
106298,264.0,83.0,155.0,146.0
106299,258.0,98.0,139.0,127.0
106300,257.0,166.0,148.0,140.0
106301,248.0,87.0,140.0,118.0
106302,250.0,146.0,142.0,138.0
106303,244.0,97.0,140.0,152.0
106304,244.0,78.0,137.0,141.0
106305,252.0,92.0,149.0,157.0
106306,248.0,105.0,140.0,140.0
106307,252.0,116.0,126.0,134.0
106308,262.0,119.0,143.0,153.0
106309,245.0,90.0,143.0,130.0
106310,258.0,85.0,140.0,136.0
106311,236.0,105.0,135.0,131.0
106312,254.0,121.0,141.0,137.0
106313,241.0,123.0,137.0,131.0
106314,246.0,101.0,133.0,142.0
106315,253.0,120.0,148.0,144.0
106316,253.0,204.0,155.0,154.0
106317,274.0,137.0,158.0,159.0
106318,256.0,203.0,137.0,133.0
106319,225.0,55.0,120.0,116.0
106320,265.0,104.0,159.0,165.0
106321,250.0,86.0,146.0,135.0
106322,238.0,69.0,138.0,118.0
106323,248.0,91.0,146.0,140.0
106324,265.0,119.0,136.0,141.0
106325,268.0,166.0,159.0,172.0
106326,259.0,126.0,126.0,135.0
106327,269.0,142.0,135.0,139.0
106328,266.0,229.0,147.0,137.0
106329,239.0,162.0,138.0,156.0
106330,249.0,201.0,132.0,141.0
106331,224.0,72.0,133.0,121.0
106332,256.0,131.0,139.0,134.0
106333,248.0,106.0,147.0,140.0
106334,247.0,157.0,124.0,129.0
106335,252.0,77.0,144.0,135.0
106336,263.0,129.0,158.0,130.0
106337,258.0,145.0,140.0,157.0
106338,231.0,124.0,129.0,139.0
106339,250.0,99.0,137.0,132.0
106340,255.0,121.0,155.0,135.0
106341,242.0,123.0,135.0,138.0
106342,247.0,113.0,127.0,140.0
106343,258.0,128.0,143.0,147.0
106344,243.0,116.0,134.0,135.0
106345,248.0,115.0,143.0,138.0
106346,247.0,142.0,143.0,145.0
106347,248.0,123.0,134.0,147.0
106348,251.0,145.0,140.0,136.0
106349,239.0,82.0,129.0,134.0
106350,248.0,81.0,125.0,155.0
106351,250.0,145.0,148.0,147.0
106352,256.0,79.0,136.0,142.0
106353,249.0,106.0,134.0,138.0
106354,274.0,92.0,155.0,154.0
106355,239.0,87.0,137.0,119.0
106356,248.0,177.0,153.0,141.0
106357,227.0,116.0,126.0,133.0
106358,250.0,150.0,140.0,127.0
106359,265.0,149.0,157.0,146.0
106360,223.0,207.0,121.0,135.0
106361,226.0,122.0,120.0,131.0
106362,265.0,180.0,160.0,140.0
106363,237.0,122.0,127.0,130.0
106364,240.0,83.0,130.0,128.0
106365,227.0,124.0,120.0,135.0
106366,251.0,165.0,144.0,148.0
106367,266.0,77.0,145.0,152.0
106368,254.0,66.0,148.0,145.0
106369,250.0,113.0,143.0,152.0
106370,251.0,105.0,135.0,152.0
106371,259.0,128.0,156.0,138.0
106372,247.0,154.0,135.0,137.0
106373,241.0,109.0,134.0,142.0
106374,236.0,115.0,121.0,129.0
106375,241.0,77.0,130.0,133.0
106376,263.0,88.0,148.0,149.0
106377,255.0,130.0,146.0,143.0
106378,237.0,117.0,141.0,131.0
106379,240.0,137.0,125.0,131.0
106380,254.0,103.0,140.0,160.0
106381,270.0,130.0,142.0,149.0
106382,262.0,127.0,147.0,145.0
106383,258.0,114.0,145.0,165.0
106384,251.0,93.0,140.0,138.0
106385,255.0,92.0,150.0,139.0
106386,241.0,94.0,124.0,141.0
106387,218.0,67.0,127.0,129.0
106388,246.0,113.0,135.0,130.0
106389,229.0,78.0,130.0,147.0
106390,248.0,150.0,137.0,144.0
106391,255.0,130.0,139.0,150.0
106392,257.0,89.0,142.0,145.0
106393,270.0,119.0,134.0,147.0
106394,259.0,93.0,153.0,143.0
106395,260.0,118.0,147.0,139.0
106396,221.0,83.0,127.0,132.0
106397,259.0,124.0,142.0,142.0
106398,230.0,121.0,133.0,110.0
106399,229.0,88.0,129.0,125.0
106400,253.0,116.0,140.0,144.0
106401,226.0,138.0,129.0,137.0
106402,249.0,100.0,128.0,135.0
106403,241.0,98.0,137.0,141.0
106404,237.0,133.0,129.0,131.0
106405,246.0,78.0,128.0,144.0
106406,235.0,91.0,131.0,114.0
106407,255.0,107.0,141.0,145.0
106408,242.0,128.0,140.0,133.0
106409,258.0,73.0,164.0,143.0
106410,252.0,119.0,146.0,137.0
106411,244.0,97.0,137.0,139.0
106412,283.0,156.0,152.0,140.0
106413,252.0,118.0,155.0,131.0
106414,230.0,77.0,126.0,127.0
106415,241.0,186.0,133.0,140.0
106416,234.0,119.0,127.0,122.0
106417,248.0,156.0,150.0,142.0
106418,234.0,112.0,143.0,133.0
106419,248.0,111.0,152.0,148.0
106420,249.0,114.0,132.0,134.0
106421,224.0,103.0,119.0,131.0
106422,257.0,118.0,151.0,147.0
106423,252.0,71.0,137.0,159.0
106424,233.0,133.0,142.0,118.0
106425,256.0,96.0,151.0,145.0
106426,253.0,98.0,142.0,135.0
106427,262.0,152.0,147.0,134.0
106428,237.0,108.0,122.0,153.0
106429,227.0,74.0,130.0,118.0
106430,243.0,134.0,135.0,140.0
106431,222.0,92.0,126.0,124.0
106432,248.0,84.0,146.0,133.0
106433,276.0,97.0,160.0,146.0
106434,257.0,119.0,147.0,132.0
106435,241.0,81.0,154.0,126.0
106436,256.0,90.0,165.0,137.0
106437,266.0,240.0,146.0,165.0
106438,245.0,136.0,146.0,138.0
106439,246.0,46.0,134.0,137.0
106440,260.0,110.0,146.0,152.0
106441,256.0,79.0,150.0,160.0
106442,261.0,84.0,145.0,159.0
106443,250.0,121.0,132.0,145.0
106444,259.0,88.0,135.0,155.0
106445,253.0,133.0,132.0,142.0
106446,262.0,68.0,141.0,157.0
106447,273.0,99.0,158.0,148.0
106448,253.0,220.0,150.0,155.0
106449,271.0,128.0,159.0,148.0
106450,252.0,60.0,152.0,156.0
106451,226.0,94.0,143.0,120.0
106452,226.0,128.0,125.0,149.0
106453,257.0,87.0,151.0,139.0
106454,251.0,124.0,146.0,145.0
106455,266.0,145.0,137.0,157.0
106456,251.0,159.0,122.0,142.0
106457,262.0,116.0,154.0,146.0
106458,229.0,79.0,134.0,126.0
106459,250.0,188.0,131.0,142.0
106460,225.0,118.0,138.0,128.0
106461,245.0,110.0,141.0,117.0
106462,264.0,125.0,156.0,148.0
106463,253.0,145.0,141.0,143.0
106464,253.0,105.0,148.0,148.0
106465,262.0,160.0,155.0,133.0
106466,226.0,71.0,119.0,119.0
106467,257.0,107.0,139.0,141.0
106468,265.0,93.0,147.0,140.0
106469,258.0,122.0,153.0,145.0
106470,254.0,119.0,138.0,143.0
106471,237.0,89.0,129.0,127.0
106472,249.0,136.0,148.0,149.0
106473,249.0,119.0,133.0,141.0
106474,248.0,122.0,140.0,135.0
106475,260.0,176.0,152.0,155.0
106476,272.0,134.0,150.0,164.0
106477,250.0,127.0,143.0,158.0
106478,252.0,95.0,151.0,164.0
106479,250.0,102.0,139.0,149.0
106480,253.0,99.0,147.0,154.0
106481,253.0,222.0,146.0,119.0
106482,248.0,103.0,145.0,144.0
106483,264.0,136.0,142.0,159.0
106484,247.0,133.0,116.0,145.0
106485,275.0,137.0,157.0,170.0
106486,242.0,103.0,141.0,126.0
106487,258.0,114.0,138.0,158.0
106488,259.0,155.0,132.0,144.0
106489,225.0,77.0,119.0,134.0
106490,241.0,82.0,129.0,122.0
106491,280.0,151.0,158.0,164.0
106492,242.0,160.0,141.0,127.0
106493,234.0,78.0,130.0,135.0
106494,250.0,141.0,154.0,154.0
106495,266.0,150.0,148.0,134.0
106496,251.0,133.0,131.0,137.0
106497,236.0,94.0,148.0,143.0
106498,243.0,137.0,130.0,146.0
106499,264.0,108.0,148.0,139.0
106500,251.0,111.0,140.0,144.0
106501,239.0,75.0,132.0,125.0
106502,241.0,121.0,139.0,132.0
106503,225.0,89.0,134.0,125.0
106504,236.0,215.0,129.0,140.0
106505,266.0,135.0,144.0,162.0
106506,263.0,180.0,138.0,145.0
106507,246.0,153.0,139.0,137.0
106508,265.0,139.0,144.0,140.0
106509,231.0,73.0,125.0,134.0
106510,239.0,55.0,143.0,129.0
106511,261.0,98.0,146.0,154.0
106512,251.0,101.0,136.0,134.0
106513,264.0,81.0,139.0,151.0
106514,239.0,95.0,142.0,126.0
106515,261.0,113.0,149.0,157.0
106516,289.0,143.0,151.0,172.0
106517,257.0,106.0,135.0,136.0
106518,258.0,120.0,147.0,142.0
106519,276.0,153.0,157.0,159.0
106520,263.0,134.0,138.0,150.0
106521,261.0,175.0,142.0,142.0
106522,255.0,232.0,155.0,152.0
106523,259.0,99.0,154.0,156.0
106524,255.0,125.0,145.0,134.0
106525,251.0,95.0,132.0,158.0
106526,255.0,133.0,157.0,141.0
106527,245.0,107.0,133.0,141.0
106528,245.0,94.0,125.0,130.0
106529,273.0,101.0,155.0,149.0
106530,248.0,126.0,138.0,139.0
106531,244.0,135.0,137.0,135.0
106532,256.0,109.0,144.0,152.0
106533,233.0,147.0,123.0,131.0
106534,252.0,82.0,136.0,134.0
106535,242.0,143.0,136.0,136.0
106536,243.0,108.0,129.0,123.0
106537,230.0,128.0,135.0,118.0
106538,218.0,124.0,122.0,125.0
106539,242.0,100.0,129.0,128.0
106540,278.0,152.0,154.0,159.0
106541,275.0,111.0,160.0,167.0
106542,255.0,116.0,146.0,144.0
106543,253.0,131.0,148.0,133.0
106544,241.0,90.0,129.0,130.0
106545,236.0,71.0,134.0,136.0
106546,243.0,114.0,136.0,133.0
106547,255.0,209.0,147.0,142.0
106548,246.0,104.0,137.0,134.0
106549,236.0,100.0,137.0,117.0
106550,252.0,108.0,129.0,142.0
106551,247.0,127.0,151.0,147.0
106552,262.0,80.0,153.0,159.0
106553,253.0,159.0,128.0,134.0
106554,234.0,126.0,126.0,124.0
106555,250.0,106.0,139.0,127.0
106556,276.0,131.0,170.0,159.0
106557,240.0,97.0,138.0,142.0
106558,237.0,135.0,122.0,128.0
106559,261.0,93.0,149.0,145.0
106560,261.0,88.0,154.0,145.0
106561,255.0,137.0,150.0,144.0
106562,255.0,165.0,131.0,129.0
106563,254.0,108.0,134.0,137.0
106564,247.0,81.0,140.0,147.0
106565,234.0,120.0,132.0,133.0
106566,236.0,64.0,130.0,132.0
106567,257.0,122.0,148.0,132.0
106568,245.0,112.0,132.0,132.0
106569,263.0,111.0,150.0,147.0
106570,261.0,69.0,136.0,124.0
106571,231.0,109.0,136.0,125.0
106572,248.0,127.0,136.0,133.0
106573,261.0,216.0,157.0,133.0
106574,253.0,94.0,146.0,150.0
106575,254.0,107.0,148.0,143.0
106576,253.0,143.0,159.0,134.0
106577,237.0,105.0,124.0,126.0
106578,227.0,77.0,130.0,131.0
106579,252.0,109.0,138.0,124.0
106580,252.0,86.0,121.0,138.0
106581,262.0,90.0,152.0,142.0
106582,263.0,142.0,130.0,140.0
106583,255.0,115.0,139.0,146.0
106584,245.0,105.0,132.0,138.0
106585,236.0,108.0,141.0,144.0
106586,234.0,123.0,133.0,119.0
106587,239.0,73.0,138.0,150.0
106588,272.0,119.0,143.0,155.0
106589,245.0,121.0,125.0,137.0
106590,237.0,63.0,148.0,147.0
106591,274.0,94.0,144.0,152.0
106592,238.0,152.0,143.0,128.0
106593,247.0,145.0,133.0,137.0
106594,263.0,169.0,160.0,145.0
106595,248.0,107.0,150.0,136.0
106596,236.0,98.0,136.0,136.0
106597,252.0,155.0,148.0,131.0
106598,273.0,184.0,155.0,166.0
106599,261.0,143.0,137.0,169.0
106600,240.0,106.0,140.0,138.0
106601,260.0,88.0,138.0,149.0
106602,231.0,102.0,135.0,116.0
106603,248.0,101.0,131.0,138.0
106604,270.0,96.0,156.0,149.0
106605,243.0,135.0,138.0,125.0
106606,247.0,100.0,149.0,139.0
106607,243.0,98.0,139.0,146.0
106608,248.0,129.0,140.0,124.0
106609,250.0,88.0,134.0,122.0
106610,267.0,94.0,154.0,143.0
106611,256.0,144.0,139.0,136.0
106612,252.0,106.0,145.0,138.0
106613,278.0,95.0,151.0,158.0
106614,241.0,115.0,127.0,139.0
106615,249.0,117.0,133.0,137.0
106616,244.0,149.0,155.0,131.0
106617,248.0,111.0,142.0,138.0
106618,267.0,140.0,153.0,161.0
106619,251.0,160.0,141.0,149.0
106620,254.0,114.0,145.0,147.0
106621,255.0,148.0,132.0,144.0
106622,252.0,98.0,135.0,145.0
106623,270.0,144.0,148.0,135.0
106624,260.0,128.0,145.0,148.0
106625,254.0,216.0,140.0,134.0
106626,246.0,107.0,135.0,139.0
106627,247.0,85.0,143.0,141.0
106628,252.0,144.0,138.0,132.0
106629,256.0,109.0,144.0,127.0
106630,246.0,96.0,146.0,128.0
106631,249.0,141.0,139.0,146.0
106632,231.0,120.0,125.0,129.0
106633,248.0,76.0,134.0,141.0
106634,249.0,89.0,133.0,129.0
106635,246.0,98.0,140.0,141.0
106636,253.0,157.0,164.0,137.0
106637,246.0,133.0,140.0,128.0
106638,264.0,98.0,152.0,143.0
106639,230.0,196.0,126.0,118.0
106640,231.0,93.0,136.0,120.0
106641,241.0,121.0,128.0,141.0
106642,244.0,220.0,159.0,141.0
106643,249.0,78.0,134.0,145.0
106644,255.0,129.0,143.0,127.0
106645,245.0,120.0,119.0,140.0
106646,228.0,85.0,146.0,130.0
106647,276.0,117.0,163.0,155.0
106648,271.0,93.0,146.0,146.0
106649,268.0,102.0,153.0,151.0
106650,243.0,121.0,152.0,125.0
106651,236.0,126.0,142.0,132.0
106652,229.0,118.0,133.0,139.0
106653,262.0,109.0,142.0,136.0
106654,220.0,70.0,120.0,117.0
106655,262.0,108.0,139.0,152.0
106656,243.0,160.0,141.0,148.0
106657,272.0,113.0,155.0,155.0
106658,262.0,116.0,163.0,155.0
106659,279.0,80.0,144.0,166.0
106660,240.0,60.0,148.0,142.0
106661,244.0,129.0,131.0,147.0
106662,242.0,134.0,127.0,128.0
106663,264.0,238.0,160.0,146.0
106664,248.0,84.0,138.0,133.0
106665,239.0,70.0,149.0,140.0
106666,248.0,132.0,139.0,136.0
106667,249.0,101.0,131.0,150.0
106668,236.0,146.0,143.0,132.0
106669,253.0,158.0,152.0,141.0
106670,238.0,70.0,149.0,139.0
106671,238.0,99.0,138.0,139.0
106672,271.0,147.0,157.0,153.0
106673,222.0,68.0,117.0,109.0
106674,243.0,158.0,145.0,132.0
106675,257.0,104.0,147.0,137.0
106676,248.0,147.0,146.0,137.0
106677,248.0,57.0,141.0,142.0
106678,260.0,94.0,135.0,139.0
106679,234.0,82.0,130.0,135.0
106680,238.0,96.0,135.0,133.0
106681,265.0,132.0,140.0,138.0
106682,216.0,107.0,124.0,117.0
106683,249.0,123.0,150.0,136.0
106684,257.0,126.0,158.0,134.0
106685,243.0,121.0,148.0,140.0
106686,264.0,133.0,141.0,158.0
106687,260.0,161.0,135.0,148.0
106688,256.0,116.0,139.0,141.0
106689,230.0,106.0,133.0,128.0
106690,250.0,94.0,149.0,146.0
106691,278.0,127.0,152.0,161.0
106692,253.0,113.0,133.0,142.0
106693,270.0,96.0,142.0,134.0
106694,241.0,59.0,143.0,125.0
106695,243.0,102.0,128.0,135.0
106696,266.0,125.0,156.0,152.0
106697,248.0,90.0,146.0,127.0
106698,254.0,90.0,146.0,148.0
106699,243.0,98.0,134.0,124.0
106700,253.0,80.0,140.0,162.0
106701,245.0,121.0,136.0,144.0
106702,263.0,96.0,153.0,149.0
106703,267.0,95.0,163.0,156.0
106704,249.0,124.0,149.0,141.0
106705,264.0,169.0,165.0,150.0
106706,252.0,196.0,138.0,135.0
106707,239.0,63.0,149.0,136.0
106708,247.0,207.0,144.0,134.0
106709,237.0,202.0,142.0,148.0
106710,265.0,74.0,141.0,146.0
106711,236.0,90.0,144.0,143.0
106712,247.0,95.0,144.0,140.0
106713,244.0,109.0,144.0,138.0
106714,263.0,100.0,138.0,138.0
106715,243.0,121.0,130.0,131.0
106716,261.0,100.0,142.0,150.0
106717,243.0,106.0,154.0,143.0
106718,263.0,173.0,136.0,149.0
106719,252.0,225.0,124.0,152.0
106720,259.0,231.0,163.0,153.0
106721,253.0,204.0,138.0,144.0
106722,235.0,132.0,109.0,126.0
106723,257.0,253.0,143.0,139.0
106724,253.0,151.0,139.0,137.0
106725,261.0,157.0,129.0,141.0
106726,255.0,105.0,143.0,148.0
106727,263.0,78.0,161.0,155.0
106728,248.0,104.0,125.0,128.0
106729,260.0,139.0,146.0,149.0
106730,229.0,88.0,137.0,132.0
106731,256.0,138.0,130.0,142.0
106732,221.0,185.0,111.0,118.0
106733,240.0,204.0,140.0,142.0
106734,236.0,130.0,144.0,117.0
106735,232.0,114.0,121.0,123.0
106736,263.0,112.0,142.0,160.0
106737,254.0,130.0,139.0,139.0
106738,226.0,68.0,129.0,130.0
106739,254.0,127.0,151.0,134.0
106740,252.0,130.0,142.0,137.0
106741,268.0,188.0,143.0,155.0
106742,242.0,104.0,128.0,145.0
106743,242.0,85.0,143.0,134.0
106744,242.0,105.0,145.0,143.0
106745,239.0,213.0,124.0,130.0
106746,259.0,103.0,135.0,138.0
106747,250.0,97.0,152.0,140.0
106748,233.0,141.0,125.0,126.0
106749,261.0,100.0,134.0,150.0
106750,271.0,103.0,149.0,148.0
106751,232.0,96.0,131.0,126.0
106752,264.0,129.0,150.0,158.0
106753,241.0,100.0,140.0,140.0
106754,243.0,123.0,149.0,143.0
106755,203.0,127.0,126.0,117.0
106756,240.0,113.0,125.0,133.0
106757,258.0,86.0,144.0,138.0
106758,265.0,118.0,160.0,150.0
106759,264.0,168.0,141.0,165.0
106760,255.0,79.0,151.0,148.0
106761,225.0,72.0,136.0,130.0
106762,235.0,89.0,141.0,140.0
106763,253.0,88.0,141.0,144.0
106764,237.0,109.0,135.0,128.0
106765,258.0,155.0,140.0,151.0
106766,242.0,85.0,146.0,133.0
106767,254.0,128.0,136.0,141.0
106768,256.0,104.0,147.0,154.0
106769,253.0,220.0,133.0,131.0
106770,262.0,71.0,153.0,158.0
106771,248.0,108.0,135.0,149.0
106772,263.0,118.0,146.0,137.0
106773,241.0,119.0,145.0,125.0
106774,268.0,117.0,152.0,157.0
106775,246.0,129.0,144.0,143.0
106776,228.0,52.0,122.0,125.0
106777,215.0,105.0,112.0,131.0
106778,270.0,120.0,150.0,158.0
106779,241.0,116.0,121.0,136.0
106780,257.0,120.0,146.0,150.0
106781,262.0,223.0,137.0,146.0
106782,262.0,107.0,140.0,150.0
106783,264.0,147.0,152.0,154.0
106784,245.0,112.0,149.0,132.0
106785,265.0,153.0,143.0,150.0
106786,247.0,79.0,136.0,134.0
106787,277.0,183.0,150.0,150.0
106788,242.0,99.0,135.0,140.0
106789,225.0,186.0,125.0,124.0
106790,248.0,90.0,120.0,125.0
106791,230.0,104.0,117.0,127.0
106792,268.0,124.0,147.0,157.0
106793,269.0,124.0,151.0,153.0
106794,241.0,118.0,134.0,132.0
106795,239.0,145.0,136.0,130.0
106796,246.0,83.0,134.0,136.0
106797,239.0,214.0,141.0,137.0
106798,258.0,104.0,139.0,135.0
106799,253.0,96.0,142.0,153.0
106800,231.0,126.0,124.0,137.0
106801,257.0,120.0,152.0,142.0
106802,250.0,106.0,135.0,140.0
106803,239.0,114.0,133.0,136.0
106804,238.0,102.0,139.0,138.0
106805,250.0,138.0,136.0,130.0
106806,260.0,117.0,139.0,146.0
106807,251.0,94.0,133.0,144.0
106808,243.0,126.0,123.0,139.0
106809,236.0,99.0,134.0,132.0
106810,260.0,169.0,152.0,156.0
106811,231.0,104.0,124.0,129.0
106812,266.0,101.0,164.0,159.0
106813,230.0,128.0,125.0,128.0
106814,225.0,77.0,119.0,126.0
106815,261.0,159.0,152.0,136.0
106816,216.0,121.0,114.0,136.0
106817,227.0,117.0,119.0,133.0
106818,247.0,115.0,128.0,144.0
106819,237.0,101.0,120.0,141.0
106820,250.0,126.0,152.0,132.0
106821,253.0,77.0,154.0,137.0
106822,293.0,109.0,169.0,137.0
106823,263.0,232.0,155.0,151.0
106824,238.0,92.0,131.0,129.0
106825,258.0,111.0,154.0,146.0
106826,243.0,91.0,137.0,155.0
106827,263.0,78.0,140.0,150.0
106828,263.0,104.0,142.0,154.0
106829,249.0,99.0,143.0,138.0
106830,237.0,108.0,138.0,131.0
106831,260.0,131.0,135.0,140.0
106832,238.0,93.0,129.0,145.0
106833,244.0,111.0,127.0,142.0
106834,246.0,131.0,143.0,132.0
106835,246.0,100.0,153.0,122.0
106836,260.0,120.0,157.0,151.0
106837,246.0,130.0,136.0,149.0
106838,260.0,122.0,151.0,139.0
106839,248.0,128.0,137.0,140.0
106840,225.0,80.0,128.0,119.0
106841,259.0,119.0,157.0,146.0
106842,272.0,151.0,155.0,150.0
106843,266.0,140.0,142.0,135.0
106844,241.0,122.0,135.0,135.0
106845,254.0,223.0,134.0,132.0
106846,262.0,99.0,143.0,158.0
106847,233.0,169.0,130.0,124.0
106848,234.0,94.0,126.0,128.0
106849,251.0,83.0,143.0,142.0
106850,246.0,173.0,131.0,129.0
106851,263.0,108.0,147.0,142.0
106852,239.0,160.0,131.0,139.0
106853,237.0,116.0,130.0,129.0
106854,243.0,115.0,139.0,124.0
106855,253.0,119.0,138.0,143.0
106856,243.0,102.0,143.0,130.0
106857,249.0,160.0,136.0,142.0
106858,238.0,98.0,130.0,135.0
106859,242.0,202.0,134.0,120.0
106860,252.0,97.0,142.0,129.0
106861,249.0,170.0,133.0,133.0
106862,271.0,90.0,169.0,147.0
106863,247.0,111.0,141.0,145.0
106864,244.0,123.0,130.0,123.0
106865,235.0,88.0,134.0,129.0
106866,264.0,129.0,123.0,163.0
106867,227.0,58.0,134.0,127.0
106868,247.0,134.0,129.0,144.0
106869,259.0,89.0,156.0,148.0
106870,257.0,157.0,147.0,137.0
106871,249.0,247.0,152.0,148.0
106872,242.0,83.0,131.0,130.0
106873,219.0,89.0,119.0,123.0
106874,234.0,122.0,126.0,122.0
106875,234.0,117.0,133.0,135.0
106876,256.0,92.0,154.0,148.0
106877,252.0,148.0,136.0,145.0
106878,246.0,112.0,132.0,139.0
106879,257.0,100.0,132.0,124.0
106880,239.0,149.0,138.0,142.0
106881,253.0,92.0,119.0,143.0
106882,236.0,126.0,136.0,138.0
106883,221.0,117.0,124.0,116.0
106884,242.0,131.0,121.0,146.0
106885,249.0,97.0,149.0,137.0
106886,241.0,120.0,133.0,143.0
106887,238.0,111.0,126.0,125.0
106888,251.0,83.0,147.0,153.0
106889,260.0,135.0,140.0,163.0
106890,245.0,121.0,137.0,149.0
106891,253.0,162.0,127.0,128.0
106892,243.0,97.0,133.0,143.0
106893,241.0,112.0,135.0,112.0
106894,259.0,65.0,133.0,153.0
106895,280.0,153.0,153.0,161.0
106896,225.0,84.0,115.0,138.0
106897,251.0,46.0,141.0,137.0
106898,239.0,123.0,123.0,133.0
106899,248.0,108.0,141.0,141.0
106900,242.0,75.0,140.0,130.0
106901,260.0,114.0,152.0,132.0
106902,243.0,149.0,137.0,134.0
106903,234.0,126.0,136.0,134.0
106904,211.0,118.0,119.0,109.0
106905,252.0,111.0,129.0,136.0
106906,240.0,92.0,130.0,128.0
106907,245.0,98.0,140.0,136.0
106908,244.0,105.0,131.0,123.0
106909,243.0,102.0,118.0,130.0
106910,249.0,107.0,137.0,136.0
106911,277.0,126.0,165.0,156.0
106912,248.0,132.0,142.0,154.0
106913,259.0,103.0,133.0,147.0
106914,256.0,117.0,126.0,147.0
106915,254.0,166.0,142.0,151.0
106916,254.0,131.0,145.0,143.0
106917,249.0,130.0,144.0,130.0
106918,250.0,109.0,148.0,143.0
106919,251.0,114.0,139.0,143.0
106920,266.0,97.0,145.0,151.0
106921,245.0,96.0,138.0,138.0
106922,251.0,194.0,138.0,139.0
106923,250.0,215.0,140.0,142.0
106924,253.0,154.0,147.0,143.0
106925,246.0,195.0,144.0,153.0
106926,224.0,68.0,116.0,141.0
106927,255.0,122.0,134.0,144.0
106928,249.0,191.0,126.0,144.0
106929,236.0,117.0,129.0,133.0
106930,244.0,122.0,136.0,122.0
106931,250.0,114.0,132.0,147.0
106932,266.0,142.0,150.0,144.0
106933,239.0,64.0,143.0,136.0
106934,272.0,128.0,150.0,157.0
106935,257.0,122.0,155.0,159.0
106936,243.0,90.0,136.0,125.0
106937,257.0,127.0,149.0,143.0
106938,246.0,82.0,153.0,135.0
106939,269.0,142.0,143.0,144.0
106940,244.0,103.0,127.0,129.0
106941,253.0,107.0,140.0,134.0
106942,230.0,119.0,142.0,132.0
106943,250.0,123.0,133.0,134.0
106944,237.0,89.0,127.0,142.0
106945,238.0,181.0,134.0,129.0
106946,256.0,111.0,141.0,145.0
106947,268.0,103.0,154.0,155.0
106948,283.0,127.0,149.0,163.0
106949,256.0,133.0,138.0,146.0
106950,256.0,102.0,144.0,153.0
106951,254.0,113.0,148.0,146.0
106952,244.0,122.0,151.0,145.0
106953,246.0,138.0,147.0,134.0
106954,250.0,117.0,140.0,142.0
106955,229.0,104.0,125.0,150.0
106956,250.0,129.0,117.0,134.0
106957,244.0,100.0,131.0,134.0
106958,244.0,95.0,132.0,136.0
106959,231.0,119.0,122.0,138.0
106960,273.0,150.0,153.0,141.0
106961,240.0,112.0,146.0,137.0
106962,247.0,79.0,140.0,122.0
106963,267.0,116.0,153.0,147.0
106964,276.0,72.0,157.0,165.0
106965,238.0,62.0,131.0,131.0
106966,232.0,145.0,132.0,126.0
106967,253.0,118.0,140.0,136.0
106968,251.0,119.0,150.0,143.0
106969,251.0,125.0,151.0,139.0
106970,258.0,104.0,142.0,139.0
106971,244.0,164.0,129.0,131.0
106972,235.0,206.0,127.0,130.0
106973,262.0,132.0,142.0,133.0
106974,236.0,98.0,127.0,129.0
106975,251.0,110.0,145.0,145.0
106976,264.0,91.0,156.0,138.0
106977,240.0,121.0,140.0,135.0
106978,272.0,113.0,143.0,170.0
106979,258.0,111.0,153.0,139.0
106980,235.0,136.0,130.0,122.0
106981,240.0,190.0,126.0,128.0
106982,256.0,121.0,147.0,143.0
106983,220.0,79.0,120.0,126.0
106984,231.0,111.0,121.0,134.0
106985,232.0,62.0,134.0,134.0
106986,245.0,115.0,143.0,147.0
106987,255.0,116.0,151.0,136.0
106988,257.0,164.0,142.0,136.0
106989,241.0,82.0,127.0,128.0
106990,269.0,91.0,149.0,155.0
106991,249.0,118.0,146.0,144.0
106992,265.0,103.0,157.0,148.0
106993,264.0,141.0,141.0,161.0
106994,298.0,145.0,168.0,174.0
106995,237.0,93.0,140.0,127.0
106996,224.0,112.0,112.0,133.0
106997,229.0,96.0,126.0,131.0
106998,250.0,218.0,149.0,138.0
106999,247.0,212.0,139.0,128.0
107000,232.0,92.0,137.0,132.0
107001,249.0,144.0,144.0,148.0
107002,257.0,151.0,149.0,154.0
107003,269.0,167.0,174.0,164.0
107004,267.0,145.0,142.0,152.0
107005,240.0,71.0,137.0,131.0
107006,261.0,147.0,132.0,148.0
107007,247.0,92.0,145.0,141.0
107008,256.0,118.0,162.0,139.0
107009,253.0,127.0,137.0,142.0
107010,243.0,199.0,132.0,129.0
107011,250.0,83.0,140.0,139.0
107012,253.0,128.0,141.0,134.0
107013,252.0,137.0,140.0,132.0
107014,233.0,209.0,136.0,131.0
107015,250.0,70.0,136.0,138.0
107016,234.0,110.0,127.0,129.0
107017,276.0,119.0,160.0,150.0
107018,231.0,88.0,130.0,134.0
107019,264.0,121.0,153.0,156.0
107020,239.0,98.0,137.0,128.0
107021,265.0,130.0,155.0,148.0
107022,227.0,136.0,130.0,124.0
107023,232.0,103.0,126.0,127.0
107024,245.0,87.0,141.0,144.0
107025,230.0,147.0,128.0,123.0
107026,256.0,109.0,134.0,132.0
107027,254.0,80.0,130.0,145.0
107028,246.0,127.0,140.0,134.0
107029,282.0,175.0,162.0,155.0
107030,232.0,117.0,128.0,120.0
107031,245.0,102.0,125.0,126.0
107032,252.0,121.0,141.0,126.0
107033,245.0,100.0,145.0,144.0
107034,236.0,88.0,125.0,128.0
107035,256.0,135.0,147.0,143.0
107036,259.0,71.0,148.0,146.0
107037,251.0,123.0,129.0,144.0
107038,236.0,92.0,130.0,147.0
107039,241.0,108.0,130.0,124.0
107040,256.0,108.0,146.0,144.0
107041,246.0,134.0,141.0,140.0
107042,260.0,77.0,149.0,132.0
107043,235.0,107.0,124.0,133.0
107044,260.0,120.0,160.0,158.0
107045,232.0,93.0,140.0,127.0
107046,247.0,142.0,132.0,130.0
107047,256.0,128.0,155.0,144.0
107048,229.0,115.0,129.0,121.0
107049,271.0,17.0,155.0,152.0
107050,248.0,127.0,136.0,141.0
107051,263.0,163.0,151.0,159.0
107052,254.0,101.0,154.0,143.0
107053,255.0,129.0,146.0,144.0
107054,227.0,160.0,132.0,133.0
107055,240.0,72.0,126.0,138.0
107056,268.0,122.0,141.0,155.0
107057,280.0,151.0,140.0,144.0
107058,241.0,108.0,140.0,132.0
107059,248.0,91.0,146.0,131.0
107060,252.0,102.0,130.0,132.0
107061,253.0,146.0,129.0,125.0
107062,287.0,138.0,166.0,161.0
107063,237.0,93.0,135.0,132.0
107064,263.0,104.0,152.0,142.0
107065,248.0,139.0,137.0,137.0
107066,260.0,112.0,165.0,152.0
107067,234.0,118.0,143.0,125.0
107068,241.0,83.0,134.0,128.0
107069,272.0,58.0,155.0,151.0
107070,243.0,156.0,134.0,132.0
107071,267.0,131.0,162.0,143.0
107072,239.0,76.0,131.0,140.0
107073,237.0,112.0,135.0,123.0
107074,239.0,116.0,136.0,131.0
107075,266.0,121.0,144.0,147.0
107076,237.0,69.0,133.0,124.0
107077,273.0,120.0,155.0,149.0
107078,264.0,90.0,149.0,148.0
107079,228.0,81.0,137.0,128.0
107080,233.0,132.0,134.0,123.0
107081,242.0,114.0,140.0,140.0
107082,260.0,120.0,152.0,139.0
107083,268.0,177.0,147.0,152.0
107084,257.0,149.0,133.0,140.0
107085,235.0,118.0,131.0,152.0
107086,277.0,108.0,174.0,153.0
107087,245.0,158.0,132.0,121.0
107088,269.0,152.0,158.0,149.0
107089,273.0,105.0,144.0,161.0
107090,236.0,192.0,137.0,130.0
107091,279.0,140.0,148.0,153.0
107092,256.0,75.0,153.0,145.0
107093,259.0,137.0,152.0,153.0
107094,235.0,88.0,132.0,135.0
107095,248.0,210.0,130.0,133.0
107096,247.0,109.0,137.0,136.0
107097,239.0,119.0,141.0,118.0
107098,252.0,104.0,146.0,149.0
107099,254.0,100.0,142.0,129.0
107100,260.0,93.0,155.0,146.0
107101,254.0,144.0,143.0,147.0
107102,228.0,80.0,119.0,130.0
107103,250.0,213.0,154.0,129.0
107104,244.0,61.0,141.0,139.0
107105,264.0,96.0,148.0,144.0
107106,250.0,215.0,137.0,154.0
107107,244.0,87.0,159.0,127.0
107108,243.0,70.0,134.0,134.0
107109,253.0,86.0,133.0,151.0
107110,235.0,117.0,132.0,128.0
107111,245.0,111.0,127.0,133.0
107112,259.0,132.0,160.0,146.0
107113,251.0,209.0,140.0,137.0
107114,226.0,100.0,119.0,120.0
107115,264.0,89.0,145.0,147.0
107116,252.0,128.0,151.0,144.0
107117,264.0,129.0,153.0,141.0
107118,283.0,97.0,146.0,155.0
107119,253.0,79.0,150.0,149.0
107120,272.0,128.0,158.0,166.0
107121,256.0,124.0,148.0,140.0
107122,240.0,190.0,146.0,130.0
107123,259.0,254.0,148.0,146.0
107124,227.0,98.0,132.0,126.0
107125,261.0,70.0,157.0,139.0
107126,273.0,178.0,138.0,147.0
107127,266.0,179.0,147.0,145.0
107128,236.0,99.0,140.0,139.0
107129,270.0,132.0,137.0,159.0
107130,252.0,177.0,142.0,147.0
107131,240.0,104.0,145.0,131.0
107132,249.0,127.0,136.0,130.0
107133,238.0,135.0,134.0,127.0
107134,265.0,76.0,154.0,146.0
107135,250.0,120.0,145.0,134.0
107136,269.0,200.0,140.0,162.0
107137,244.0,83.0,135.0,131.0
107138,250.0,215.0,141.0,143.0
107139,251.0,160.0,148.0,127.0
107140,267.0,148.0,153.0,151.0
107141,252.0,83.0,157.0,132.0
107142,222.0,130.0,115.0,137.0
107143,266.0,100.0,138.0,149.0
107144,246.0,103.0,144.0,120.0
107145,270.0,151.0,143.0,141.0
107146,261.0,129.0,154.0,140.0
107147,258.0,92.0,129.0,142.0
107148,270.0,117.0,153.0,159.0
107149,253.0,140.0,152.0,138.0
107150,266.0,245.0,137.0,152.0
107151,255.0,102.0,142.0,127.0
107152,249.0,131.0,146.0,130.0
107153,272.0,93.0,150.0,143.0
107154,254.0,145.0,146.0,142.0
107155,254.0,93.0,140.0,149.0
107156,252.0,62.0,146.0,142.0
107157,232.0,200.0,135.0,146.0
107158,269.0,158.0,156.0,142.0
107159,239.0,68.0,134.0,130.0
107160,254.0,81.0,154.0,143.0
107161,252.0,69.0,153.0,156.0
107162,244.0,91.0,138.0,140.0
107163,242.0,104.0,130.0,131.0
107164,247.0,156.0,135.0,147.0
107165,267.0,128.0,157.0,148.0
107166,266.0,95.0,161.0,144.0
107167,253.0,108.0,137.0,135.0
107168,257.0,125.0,140.0,138.0
107169,235.0,87.0,130.0,145.0
107170,220.0,131.0,117.0,121.0
107171,247.0,57.0,130.0,135.0
107172,261.0,111.0,154.0,133.0
107173,266.0,123.0,159.0,143.0
107174,210.0,118.0,103.0,125.0
107175,242.0,101.0,127.0,128.0
107176,229.0,117.0,139.0,124.0
107177,261.0,118.0,149.0,153.0
107178,220.0,90.0,131.0,132.0
107179,238.0,115.0,136.0,132.0
107180,241.0,101.0,131.0,125.0
107181,274.0,116.0,153.0,153.0
107182,255.0,123.0,154.0,131.0
107183,247.0,147.0,141.0,137.0
107184,236.0,142.0,122.0,129.0
107185,254.0,93.0,136.0,144.0
107186,241.0,152.0,139.0,121.0
107187,253.0,119.0,148.0,142.0
107188,267.0,146.0,159.0,138.0
107189,241.0,94.0,131.0,132.0
107190,240.0,131.0,125.0,136.0
107191,267.0,163.0,144.0,142.0
107192,260.0,159.0,144.0,148.0
107193,252.0,132.0,141.0,144.0
107194,243.0,92.0,137.0,125.0
107195,220.0,101.0,129.0,124.0
107196,256.0,80.0,159.0,134.0
107197,258.0,111.0,133.0,153.0
107198,261.0,121.0,149.0,154.0
107199,273.0,141.0,138.0,149.0
107200,233.0,107.0,126.0,132.0
107201,247.0,96.0,146.0,126.0
107202,256.0,112.0,150.0,142.0
107203,295.0,173.0,157.0,160.0
107204,243.0,188.0,145.0,136.0
107205,266.0,152.0,140.0,163.0
107206,250.0,89.0,139.0,150.0
107207,266.0,129.0,146.0,143.0
107208,264.0,137.0,154.0,146.0
107209,247.0,59.0,131.0,155.0
107210,252.0,125.0,158.0,147.0
107211,233.0,105.0,129.0,130.0
107212,243.0,109.0,128.0,128.0
107213,250.0,106.0,142.0,134.0
107214,246.0,82.0,124.0,134.0
107215,245.0,81.0,144.0,149.0
107216,250.0,108.0,136.0,134.0
107217,241.0,129.0,140.0,139.0
107218,250.0,112.0,136.0,146.0
107219,245.0,128.0,136.0,139.0
107220,246.0,90.0,139.0,131.0
107221,245.0,121.0,124.0,141.0
107222,246.0,108.0,138.0,133.0
107223,273.0,146.0,143.0,157.0
107224,242.0,73.0,132.0,123.0
107225,247.0,117.0,132.0,151.0
107226,244.0,122.0,129.0,133.0
107227,261.0,118.0,140.0,148.0
107228,261.0,97.0,162.0,138.0
107229,255.0,120.0,143.0,131.0
107230,255.0,121.0,143.0,135.0
107231,269.0,152.0,158.0,147.0
107232,283.0,103.0,154.0,156.0
107233,234.0,125.0,130.0,126.0
107234,267.0,110.0,146.0,146.0
107235,268.0,94.0,148.0,157.0
107236,263.0,161.0,159.0,157.0
107237,240.0,119.0,131.0,127.0
107238,242.0,124.0,127.0,141.0
107239,262.0,110.0,139.0,164.0
107240,243.0,72.0,134.0,140.0
107241,260.0,82.0,153.0,133.0
107242,266.0,130.0,154.0,161.0
107243,260.0,91.0,137.0,143.0
107244,239.0,98.0,132.0,127.0
107245,253.0,134.0,152.0,143.0
107246,247.0,119.0,143.0,141.0
107247,251.0,105.0,147.0,143.0
107248,272.0,128.0,152.0,147.0
107249,255.0,123.0,145.0,139.0
107250,259.0,95.0,150.0,143.0
107251,241.0,99.0,138.0,142.0
107252,246.0,116.0,132.0,143.0
107253,270.0,87.0,155.0,146.0
107254,239.0,99.0,140.0,139.0
107255,246.0,155.0,137.0,129.0
107256,261.0,98.0,149.0,158.0
107257,256.0,84.0,148.0,144.0
107258,262.0,154.0,163.0,156.0
107259,275.0,143.0,152.0,148.0
107260,256.0,150.0,145.0,155.0
107261,266.0,142.0,155.0,169.0
107262,238.0,117.0,135.0,147.0
107263,254.0,149.0,157.0,150.0
107264,237.0,133.0,136.0,128.0
107265,237.0,81.0,126.0,145.0
107266,245.0,73.0,132.0,145.0
107267,287.0,147.0,140.0,158.0
107268,214.0,69.0,121.0,129.0
107269,258.0,133.0,139.0,149.0
107270,244.0,87.0,146.0,125.0
107271,240.0,90.0,133.0,132.0
107272,253.0,86.0,151.0,143.0
107273,249.0,218.0,143.0,143.0
107274,231.0,105.0,128.0,133.0
107275,250.0,100.0,140.0,149.0
107276,243.0,96.0,149.0,138.0
107277,251.0,177.0,160.0,141.0
107278,259.0,120.0,147.0,132.0
107279,262.0,134.0,152.0,136.0
107280,233.0,97.0,123.0,119.0
107281,279.0,151.0,153.0,167.0
107282,226.0,99.0,133.0,118.0
107283,261.0,91.0,139.0,125.0
107284,264.0,138.0,152.0,163.0
107285,251.0,127.0,139.0,161.0
107286,260.0,189.0,156.0,124.0
107287,250.0,80.0,127.0,142.0
107288,247.0,126.0,130.0,148.0
107289,223.0,108.0,127.0,120.0
107290,272.0,106.0,148.0,152.0
107291,254.0,97.0,143.0,137.0
107292,266.0,82.0,150.0,142.0
107293,256.0,118.0,144.0,128.0
107294,247.0,147.0,149.0,138.0
107295,245.0,161.0,152.0,144.0
107296,273.0,63.0,143.0,150.0
107297,273.0,133.0,151.0,162.0
107298,249.0,101.0,146.0,134.0
107299,230.0,72.0,131.0,129.0
107300,261.0,122.0,143.0,154.0
107301,277.0,99.0,158.0,152.0
107302,239.0,119.0,143.0,130.0
107303,246.0,113.0,149.0,140.0
107304,216.0,76.0,135.0,117.0
107305,258.0,139.0,141.0,148.0
107306,257.0,99.0,133.0,146.0
107307,223.0,124.0,128.0,122.0
107308,261.0,93.0,145.0,156.0
107309,240.0,84.0,134.0,136.0
107310,235.0,141.0,142.0,134.0
107311,260.0,218.0,147.0,150.0
107312,251.0,91.0,155.0,135.0
107313,229.0,122.0,139.0,127.0
107314,263.0,110.0,147.0,142.0
107315,272.0,126.0,141.0,161.0
107316,229.0,106.0,133.0,121.0
107317,264.0,81.0,143.0,162.0
107318,262.0,116.0,131.0,142.0
107319,249.0,99.0,146.0,141.0
107320,246.0,129.0,151.0,156.0
107321,264.0,92.0,152.0,158.0
107322,271.0,94.0,151.0,161.0
107323,229.0,110.0,116.0,130.0
107324,246.0,109.0,131.0,149.0
107325,262.0,169.0,158.0,138.0
107326,269.0,83.0,152.0,166.0
107327,235.0,141.0,125.0,134.0
107328,255.0,142.0,138.0,143.0
107329,243.0,127.0,140.0,132.0
107330,268.0,80.0,132.0,158.0
107331,238.0,90.0,132.0,132.0
107332,266.0,81.0,142.0,145.0
107333,255.0,114.0,159.0,129.0
107334,271.0,154.0,149.0,145.0
107335,251.0,87.0,134.0,135.0
107336,228.0,94.0,128.0,120.0
107337,249.0,205.0,138.0,133.0
107338,225.0,102.0,123.0,109.0
107339,241.0,114.0,140.0,128.0
107340,276.0,81.0,159.0,160.0
107341,243.0,154.0,139.0,138.0
107342,225.0,90.0,144.0,129.0
107343,252.0,104.0,153.0,137.0
107344,270.0,140.0,160.0,154.0
107345,230.0,77.0,128.0,133.0
107346,252.0,122.0,135.0,167.0
107347,266.0,112.0,179.0,151.0
107348,237.0,70.0,147.0,134.0
107349,259.0,227.0,133.0,156.0
107350,262.0,136.0,143.0,143.0
107351,261.0,121.0,161.0,145.0
107352,263.0,141.0,153.0,143.0
107353,257.0,84.0,138.0,138.0
107354,272.0,185.0,130.0,142.0
107355,251.0,96.0,140.0,136.0
107356,253.0,97.0,141.0,135.0
107357,246.0,117.0,123.0,128.0
107358,258.0,101.0,148.0,143.0
107359,261.0,223.0,139.0,148.0
107360,255.0,106.0,144.0,152.0
107361,269.0,67.0,160.0,148.0
107362,259.0,86.0,136.0,143.0
107363,270.0,102.0,151.0,162.0
107364,235.0,57.0,135.0,133.0
107365,230.0,194.0,121.0,129.0
107366,234.0,104.0,111.0,135.0
107367,259.0,135.0,152.0,136.0
107368,251.0,94.0,135.0,153.0
107369,242.0,64.0,131.0,137.0
107370,257.0,105.0,132.0,131.0
107371,249.0,120.0,142.0,134.0
107372,232.0,104.0,125.0,134.0
107373,263.0,117.0,148.0,172.0
107374,252.0,117.0,161.0,148.0
107375,246.0,182.0,134.0,133.0
107376,236.0,119.0,120.0,122.0
107377,265.0,72.0,159.0,152.0
107378,254.0,134.0,138.0,141.0
107379,239.0,117.0,128.0,128.0
107380,247.0,114.0,138.0,142.0
107381,251.0,93.0,142.0,152.0
107382,254.0,76.0,129.0,146.0
107383,243.0,132.0,135.0,150.0
107384,230.0,196.0,143.0,135.0
107385,256.0,85.0,158.0,153.0
107386,285.0,167.0,168.0,169.0
107387,275.0,134.0,144.0,144.0
107388,253.0,130.0,137.0,138.0
107389,262.0,126.0,143.0,139.0
107390,251.0,117.0,143.0,142.0
107391,255.0,132.0,143.0,150.0
107392,263.0,95.0,149.0,146.0
107393,253.0,93.0,163.0,143.0
107394,238.0,106.0,125.0,132.0
107395,250.0,95.0,129.0,139.0
107396,240.0,90.0,143.0,135.0
107397,248.0,133.0,145.0,136.0
107398,237.0,112.0,139.0,144.0
107399,252.0,119.0,157.0,160.0
107400,238.0,134.0,138.0,126.0
107401,248.0,127.0,139.0,146.0
107402,261.0,120.0,151.0,150.0
107403,231.0,92.0,128.0,133.0
107404,270.0,136.0,144.0,128.0
107405,258.0,128.0,120.0,149.0
107406,255.0,101.0,134.0,142.0
107407,243.0,95.0,131.0,142.0
107408,247.0,122.0,152.0,139.0
107409,261.0,127.0,144.0,152.0
107410,268.0,72.0,163.0,149.0
107411,235.0,97.0,122.0,137.0
107412,252.0,117.0,135.0,139.0
107413,254.0,94.0,146.0,142.0
107414,255.0,122.0,153.0,139.0
107415,267.0,130.0,150.0,147.0
107416,254.0,101.0,135.0,147.0
107417,233.0,114.0,128.0,132.0
107418,238.0,125.0,135.0,133.0
107419,249.0,205.0,139.0,146.0
107420,232.0,120.0,136.0,129.0
107421,244.0,136.0,141.0,145.0
107422,270.0,122.0,147.0,138.0
107423,212.0,84.0,108.0,124.0
107424,247.0,110.0,145.0,148.0
107425,246.0,67.0,140.0,141.0
107426,236.0,80.0,126.0,140.0
107427,258.0,73.0,151.0,144.0
107428,264.0,91.0,153.0,147.0
107429,244.0,79.0,159.0,140.0
107430,258.0,112.0,147.0,151.0
107431,272.0,187.0,152.0,152.0
107432,270.0,126.0,148.0,157.0
107433,236.0,134.0,119.0,133.0
107434,230.0,112.0,131.0,142.0
107435,259.0,186.0,143.0,150.0
107436,246.0,111.0,138.0,135.0
107437,257.0,76.0,153.0,150.0
107438,251.0,117.0,145.0,142.0
107439,255.0,117.0,137.0,150.0
107440,259.0,129.0,151.0,143.0
107441,247.0,74.0,148.0,140.0
107442,250.0,152.0,150.0,137.0
107443,272.0,182.0,143.0,147.0
107444,256.0,103.0,138.0,134.0
107445,251.0,99.0,129.0,142.0
107446,250.0,98.0,138.0,132.0
107447,243.0,145.0,141.0,139.0
107448,229.0,111.0,134.0,117.0
107449,263.0,219.0,140.0,153.0
107450,263.0,124.0,146.0,148.0
107451,244.0,110.0,138.0,135.0
107452,248.0,98.0,137.0,145.0
107453,265.0,113.0,145.0,144.0
107454,241.0,95.0,143.0,140.0
107455,265.0,159.0,158.0,153.0
107456,246.0,101.0,146.0,156.0
107457,238.0,83.0,126.0,142.0
107458,253.0,110.0,139.0,156.0
107459,250.0,119.0,140.0,137.0
107460,242.0,207.0,138.0,138.0
107461,263.0,182.0,137.0,151.0
107462,234.0,108.0,128.0,129.0
107463,251.0,114.0,145.0,151.0
107464,257.0,101.0,136.0,152.0
107465,238.0,91.0,138.0,143.0
107466,250.0,131.0,138.0,144.0
107467,261.0,117.0,143.0,147.0
107468,250.0,109.0,138.0,126.0
107469,271.0,119.0,138.0,154.0
107470,243.0,99.0,131.0,124.0
107471,253.0,134.0,152.0,140.0
107472,248.0,78.0,146.0,137.0
107473,265.0,95.0,160.0,135.0
107474,244.0,99.0,137.0,136.0
107475,248.0,94.0,138.0,141.0
107476,268.0,77.0,152.0,166.0
107477,252.0,129.0,142.0,146.0
107478,257.0,100.0,137.0,162.0
107479,266.0,105.0,155.0,148.0
107480,249.0,104.0,147.0,133.0
107481,269.0,87.0,149.0,146.0
107482,226.0,104.0,131.0,120.0
107483,238.0,119.0,123.0,127.0
107484,255.0,179.0,140.0,148.0
107485,255.0,81.0,137.0,134.0
107486,269.0,242.0,161.0,143.0
107487,248.0,158.0,120.0,148.0
107488,237.0,105.0,130.0,131.0
107489,240.0,107.0,131.0,129.0
107490,266.0,229.0,165.0,140.0
107491,294.0,136.0,163.0,169.0
107492,235.0,121.0,143.0,136.0
107493,278.0,155.0,167.0,150.0
107494,244.0,119.0,145.0,141.0
107495,243.0,202.0,140.0,136.0
107496,254.0,134.0,158.0,138.0
107497,237.0,75.0,147.0,131.0
107498,254.0,202.0,143.0,138.0
107499,267.0,171.0,151.0,155.0
107500,254.0,115.0,123.0,130.0
107501,236.0,114.0,138.0,125.0
107502,235.0,79.0,128.0,134.0
107503,234.0,60.0,132.0,142.0
107504,243.0,161.0,143.0,139.0
107505,248.0,82.0,119.0,146.0
107506,262.0,238.0,151.0,151.0
107507,244.0,124.0,139.0,142.0
107508,266.0,134.0,152.0,156.0
107509,248.0,133.0,141.0,138.0
107510,265.0,180.0,145.0,157.0
107511,270.0,147.0,146.0,150.0
107512,269.0,91.0,163.0,155.0
107513,265.0,105.0,143.0,137.0
107514,257.0,106.0,133.0,136.0
107515,274.0,136.0,162.0,160.0
107516,268.0,186.0,151.0,156.0
107517,242.0,116.0,128.0,125.0
107518,264.0,139.0,141.0,149.0
107519,240.0,112.0,137.0,124.0
107520,256.0,116.0,153.0,134.0
107521,255.0,101.0,155.0,161.0
107522,241.0,121.0,132.0,145.0
107523,257.0,119.0,141.0,156.0
107524,253.0,185.0,141.0,134.0
107525,262.0,106.0,148.0,153.0
107526,274.0,141.0,155.0,149.0
107527,239.0,133.0,136.0,127.0
107528,266.0,98.0,140.0,140.0
107529,250.0,88.0,143.0,141.0
107530,255.0,80.0,149.0,156.0
107531,263.0,93.0,149.0,150.0
107532,243.0,109.0,128.0,148.0
107533,260.0,120.0,137.0,145.0
107534,255.0,68.0,136.0,136.0
107535,227.0,80.0,127.0,126.0
107536,253.0,130.0,133.0,142.0
107537,248.0,65.0,144.0,148.0
107538,278.0,127.0,155.0,147.0
107539,249.0,69.0,142.0,138.0
107540,226.0,104.0,128.0,112.0
107541,253.0,114.0,150.0,133.0
107542,257.0,178.0,146.0,140.0
107543,235.0,119.0,136.0,120.0
107544,258.0,91.0,148.0,150.0
107545,258.0,168.0,154.0,136.0
107546,240.0,137.0,106.0,134.0
107547,258.0,104.0,147.0,132.0
107548,233.0,108.0,137.0,126.0
107549,268.0,153.0,147.0,157.0
107550,240.0,105.0,131.0,120.0
107551,233.0,83.0,141.0,122.0
107552,234.0,95.0,148.0,130.0
107553,268.0,149.0,152.0,154.0
107554,276.0,155.0,157.0,153.0
107555,239.0,108.0,129.0,128.0
107556,270.0,158.0,144.0,168.0
107557,257.0,148.0,144.0,135.0
107558,258.0,140.0,153.0,136.0
107559,226.0,87.0,122.0,133.0
107560,237.0,98.0,124.0,131.0
107561,243.0,85.0,141.0,131.0
107562,255.0,110.0,149.0,142.0
107563,243.0,90.0,136.0,137.0
107564,245.0,127.0,136.0,146.0
107565,232.0,113.0,125.0,120.0
107566,266.0,114.0,153.0,136.0
107567,247.0,99.0,135.0,141.0
107568,256.0,110.0,143.0,132.0
107569,244.0,115.0,127.0,144.0
107570,269.0,139.0,153.0,147.0
107571,248.0,92.0,126.0,134.0
107572,248.0,93.0,147.0,130.0
107573,248.0,139.0,140.0,135.0
107574,243.0,109.0,126.0,152.0
107575,243.0,118.0,139.0,133.0
107576,249.0,134.0,150.0,130.0
107577,251.0,112.0,153.0,148.0
107578,258.0,143.0,151.0,148.0
107579,244.0,121.0,145.0,128.0
107580,235.0,76.0,135.0,131.0
107581,235.0,116.0,147.0,130.0
107582,261.0,188.0,148.0,146.0
107583,234.0,83.0,131.0,127.0
107584,266.0,84.0,165.0,155.0
107585,247.0,90.0,145.0,141.0
107586,227.0,75.0,116.0,111.0
107587,262.0,95.0,150.0,139.0
107588,193.0,113.0,101.0,112.0
107589,265.0,164.0,145.0,136.0
107590,246.0,146.0,143.0,158.0
107591,263.0,131.0,159.0,129.0
107592,248.0,121.0,139.0,140.0
107593,247.0,105.0,131.0,144.0
107594,243.0,83.0,137.0,148.0
107595,235.0,105.0,133.0,143.0
107596,256.0,111.0,143.0,146.0
107597,254.0,132.0,150.0,141.0
107598,271.0,127.0,136.0,148.0
107599,248.0,94.0,142.0,131.0
107600,260.0,101.0,138.0,140.0
107601,256.0,128.0,135.0,133.0
107602,252.0,170.0,134.0,146.0
107603,255.0,153.0,146.0,139.0
107604,232.0,73.0,131.0,121.0
107605,265.0,143.0,167.0,144.0
107606,233.0,88.0,149.0,126.0
107607,261.0,112.0,149.0,152.0
107608,249.0,111.0,146.0,128.0
107609,252.0,113.0,155.0,129.0
107610,238.0,98.0,140.0,124.0
107611,258.0,136.0,129.0,142.0
107612,249.0,194.0,136.0,143.0
107613,238.0,97.0,139.0,119.0
107614,243.0,89.0,147.0,129.0
107615,226.0,104.0,125.0,135.0
107616,241.0,66.0,160.0,126.0
107617,247.0,163.0,138.0,126.0
107618,276.0,112.0,147.0,161.0
107619,231.0,97.0,128.0,124.0
107620,228.0,100.0,137.0,123.0
107621,230.0,110.0,133.0,140.0
107622,275.0,79.0,159.0,153.0
107623,245.0,88.0,148.0,148.0
107624,236.0,135.0,125.0,142.0
107625,238.0,103.0,129.0,138.0
107626,243.0,105.0,121.0,138.0
107627,216.0,155.0,112.0,116.0
107628,244.0,122.0,143.0,150.0
107629,249.0,111.0,137.0,140.0
107630,261.0,66.0,156.0,152.0
107631,262.0,95.0,165.0,145.0
107632,234.0,109.0,131.0,115.0
107633,238.0,147.0,113.0,127.0
107634,237.0,133.0,129.0,131.0
107635,247.0,97.0,128.0,137.0
107636,245.0,143.0,145.0,153.0
107637,253.0,136.0,128.0,143.0
107638,275.0,147.0,155.0,152.0
107639,249.0,66.0,146.0,146.0
107640,233.0,84.0,124.0,132.0
107641,239.0,101.0,132.0,127.0
107642,274.0,128.0,149.0,163.0
107643,258.0,161.0,153.0,145.0
107644,255.0,85.0,134.0,143.0
107645,226.0,148.0,123.0,116.0
107646,248.0,183.0,139.0,139.0
107647,260.0,133.0,162.0,140.0
107648,236.0,76.0,128.0,133.0
107649,247.0,81.0,154.0,146.0
107650,259.0,147.0,146.0,138.0
107651,230.0,205.0,149.0,136.0
107652,242.0,98.0,122.0,144.0
107653,266.0,193.0,159.0,163.0
107654,238.0,100.0,135.0,135.0
107655,256.0,106.0,122.0,135.0
107656,236.0,51.0,142.0,133.0
107657,258.0,119.0,138.0,150.0
107658,227.0,110.0,143.0,131.0
107659,241.0,95.0,140.0,128.0
107660,237.0,99.0,120.0,126.0
107661,234.0,98.0,134.0,142.0
107662,275.0,114.0,152.0,151.0
107663,257.0,107.0,143.0,149.0
107664,269.0,119.0,157.0,148.0
107665,246.0,62.0,142.0,134.0
107666,232.0,103.0,132.0,138.0
107667,263.0,129.0,149.0,146.0
107668,276.0,109.0,147.0,144.0
107669,246.0,85.0,133.0,151.0
107670,256.0,103.0,146.0,132.0
107671,246.0,93.0,128.0,137.0
107672,258.0,121.0,155.0,143.0
107673,250.0,184.0,142.0,139.0
107674,251.0,138.0,141.0,148.0
107675,263.0,104.0,148.0,151.0
107676,270.0,126.0,151.0,148.0
107677,259.0,93.0,137.0,161.0
107678,247.0,107.0,126.0,139.0
107679,259.0,114.0,146.0,145.0
107680,254.0,128.0,132.0,137.0
107681,242.0,109.0,151.0,129.0
107682,257.0,72.0,149.0,148.0
107683,248.0,98.0,154.0,145.0
107684,271.0,141.0,162.0,166.0
107685,220.0,128.0,115.0,116.0
107686,258.0,86.0,140.0,148.0
107687,263.0,120.0,153.0,157.0
107688,255.0,217.0,153.0,147.0
107689,252.0,86.0,144.0,135.0
107690,254.0,105.0,135.0,138.0
107691,262.0,76.0,130.0,158.0
107692,239.0,109.0,145.0,142.0
107693,243.0,110.0,127.0,139.0
107694,251.0,102.0,148.0,129.0
107695,246.0,114.0,145.0,133.0
107696,225.0,129.0,128.0,118.0
107697,265.0,116.0,163.0,152.0
107698,243.0,117.0,148.0,142.0
107699,233.0,105.0,139.0,123.0
107700,236.0,85.0,123.0,128.0
107701,257.0,130.0,157.0,129.0
107702,239.0,134.0,137.0,137.0
107703,240.0,124.0,138.0,153.0
107704,250.0,86.0,159.0,149.0
107705,292.0,126.0,169.0,155.0
107706,256.0,115.0,149.0,143.0
107707,241.0,101.0,109.0,132.0
107708,239.0,103.0,122.0,119.0
107709,231.0,130.0,132.0,122.0
107710,258.0,114.0,153.0,143.0
107711,238.0,94.0,130.0,151.0
107712,253.0,134.0,144.0,135.0
107713,259.0,82.0,157.0,141.0
107714,243.0,126.0,134.0,137.0
107715,272.0,136.0,146.0,155.0
107716,258.0,69.0,146.0,149.0
107717,253.0,91.0,143.0,152.0
107718,248.0,108.0,130.0,150.0
107719,256.0,166.0,148.0,140.0
107720,241.0,100.0,140.0,134.0
107721,270.0,106.0,145.0,154.0
107722,230.0,141.0,131.0,127.0
107723,240.0,107.0,129.0,143.0
107724,243.0,192.0,136.0,138.0
107725,242.0,95.0,126.0,130.0
107726,232.0,109.0,143.0,139.0
107727,242.0,90.0,127.0,147.0
107728,244.0,131.0,150.0,136.0
107729,255.0,136.0,143.0,150.0
107730,229.0,189.0,136.0,122.0
107731,270.0,184.0,163.0,141.0
107732,250.0,99.0,127.0,135.0
107733,251.0,126.0,142.0,130.0
107734,243.0,122.0,131.0,127.0
107735,235.0,91.0,117.0,136.0
107736,255.0,83.0,129.0,132.0
107737,235.0,131.0,128.0,135.0
107738,241.0,97.0,129.0,136.0
107739,245.0,105.0,142.0,137.0
107740,243.0,146.0,130.0,141.0
107741,263.0,146.0,147.0,147.0
107742,273.0,85.0,152.0,157.0
107743,260.0,105.0,127.0,145.0
107744,231.0,121.0,137.0,133.0
107745,270.0,149.0,147.0,151.0
107746,225.0,114.0,138.0,140.0
107747,276.0,123.0,156.0,156.0
107748,262.0,94.0,155.0,145.0
107749,271.0,235.0,154.0,155.0
107750,253.0,97.0,136.0,142.0
107751,259.0,85.0,158.0,143.0
107752,253.0,213.0,152.0,140.0
107753,223.0,138.0,134.0,127.0
107754,235.0,61.0,134.0,131.0
107755,243.0,63.0,142.0,145.0
107756,232.0,140.0,145.0,127.0
107757,268.0,114.0,156.0,123.0
107758,231.0,108.0,114.0,136.0
107759,262.0,101.0,149.0,139.0
107760,235.0,108.0,126.0,138.0
107761,253.0,147.0,165.0,141.0
107762,258.0,88.0,134.0,149.0
107763,229.0,147.0,133.0,121.0
107764,225.0,75.0,122.0,125.0
107765,250.0,128.0,145.0,148.0
107766,255.0,84.0,123.0,141.0
107767,236.0,53.0,140.0,123.0
107768,255.0,128.0,143.0,135.0
107769,262.0,116.0,163.0,141.0
107770,260.0,90.0,156.0,153.0
107771,254.0,150.0,130.0,136.0
107772,260.0,159.0,159.0,139.0
107773,243.0,143.0,140.0,136.0
107774,221.0,101.0,116.0,124.0
107775,253.0,97.0,143.0,145.0
107776,254.0,161.0,141.0,144.0
107777,247.0,157.0,146.0,131.0
107778,247.0,79.0,126.0,132.0
107779,281.0,119.0,152.0,148.0
107780,252.0,119.0,140.0,145.0
107781,267.0,102.0,139.0,154.0
107782,267.0,111.0,135.0,154.0
107783,244.0,157.0,146.0,137.0
107784,261.0,121.0,151.0,161.0
107785,272.0,134.0,144.0,139.0
107786,263.0,103.0,148.0,162.0
107787,264.0,174.0,158.0,134.0
107788,237.0,113.0,128.0,135.0
107789,269.0,164.0,162.0,161.0
107790,226.0,92.0,127.0,116.0
107791,264.0,121.0,149.0,149.0
107792,242.0,106.0,129.0,136.0
107793,255.0,134.0,129.0,147.0
107794,295.0,260.0,169.0,172.0
107795,253.0,153.0,155.0,123.0
107796,257.0,100.0,130.0,149.0
107797,250.0,97.0,143.0,154.0
107798,280.0,145.0,166.0,154.0
107799,280.0,125.0,158.0,148.0
107800,245.0,139.0,141.0,142.0
107801,245.0,91.0,149.0,141.0
107802,277.0,121.0,150.0,165.0
107803,241.0,116.0,143.0,124.0
107804,241.0,121.0,129.0,127.0
107805,256.0,92.0,146.0,144.0
107806,263.0,148.0,142.0,150.0
107807,228.0,93.0,115.0,129.0
107808,253.0,224.0,150.0,136.0
107809,269.0,95.0,149.0,156.0
107810,237.0,74.0,127.0,134.0
107811,263.0,137.0,143.0,142.0
107812,255.0,113.0,158.0,140.0
107813,244.0,140.0,139.0,150.0
107814,261.0,102.0,143.0,164.0
107815,252.0,165.0,138.0,142.0
107816,238.0,182.0,129.0,141.0
107817,288.0,87.0,168.0,182.0
107818,244.0,109.0,134.0,142.0
107819,244.0,103.0,132.0,134.0
107820,245.0,162.0,127.0,131.0
107821,243.0,92.0,143.0,143.0
107822,280.0,125.0,157.0,146.0
107823,252.0,149.0,131.0,145.0
107824,243.0,81.0,128.0,138.0
107825,259.0,140.0,126.0,145.0
107826,220.0,72.0,122.0,115.0
107827,267.0,200.0,146.0,153.0
107828,253.0,109.0,135.0,132.0
107829,255.0,124.0,150.0,136.0
107830,256.0,155.0,141.0,138.0
107831,243.0,83.0,145.0,143.0
107832,237.0,103.0,143.0,135.0
107833,259.0,124.0,137.0,156.0
107834,254.0,150.0,137.0,146.0
107835,247.0,111.0,124.0,140.0
107836,253.0,139.0,142.0,125.0
107837,245.0,139.0,128.0,145.0
107838,281.0,119.0,168.0,155.0
107839,257.0,65.0,154.0,160.0
107840,243.0,132.0,139.0,124.0
107841,264.0,115.0,157.0,147.0
107842,268.0,76.0,164.0,139.0
107843,251.0,91.0,155.0,138.0
107844,251.0,97.0,126.0,138.0
107845,257.0,101.0,148.0,151.0
107846,240.0,207.0,139.0,132.0
107847,256.0,92.0,121.0,151.0
107848,236.0,117.0,130.0,141.0
107849,251.0,108.0,136.0,153.0
107850,246.0,89.0,132.0,148.0
107851,233.0,93.0,149.0,142.0
107852,262.0,90.0,150.0,147.0
107853,266.0,138.0,158.0,155.0
107854,245.0,86.0,134.0,136.0
107855,255.0,93.0,149.0,148.0
107856,256.0,117.0,129.0,149.0
107857,251.0,150.0,141.0,137.0
107858,250.0,119.0,147.0,134.0
107859,250.0,89.0,132.0,144.0
107860,251.0,116.0,154.0,133.0
107861,265.0,98.0,141.0,144.0
107862,245.0,108.0,130.0,147.0
107863,266.0,114.0,135.0,157.0
107864,242.0,119.0,134.0,142.0
107865,246.0,141.0,139.0,141.0
107866,266.0,118.0,158.0,153.0
107867,215.0,74.0,121.0,110.0
107868,239.0,106.0,133.0,150.0
107869,248.0,163.0,129.0,143.0
107870,260.0,124.0,137.0,130.0
107871,250.0,102.0,148.0,159.0
107872,280.0,118.0,157.0,149.0
107873,246.0,92.0,144.0,137.0
107874,234.0,61.0,129.0,132.0
107875,225.0,103.0,132.0,109.0
107876,220.0,69.0,130.0,131.0
107877,256.0,146.0,138.0,151.0
107878,239.0,168.0,138.0,123.0
107879,245.0,95.0,124.0,143.0
107880,235.0,108.0,140.0,140.0
107881,233.0,160.0,139.0,144.0
107882,264.0,139.0,147.0,161.0
107883,259.0,92.0,133.0,146.0
107884,242.0,102.0,132.0,137.0
107885,244.0,100.0,126.0,138.0
107886,250.0,143.0,140.0,146.0
107887,280.0,100.0,155.0,165.0
107888,261.0,118.0,146.0,149.0
107889,272.0,197.0,143.0,158.0
107890,259.0,129.0,156.0,132.0
107891,248.0,135.0,127.0,130.0
107892,263.0,100.0,166.0,150.0
107893,253.0,111.0,136.0,131.0
107894,234.0,70.0,125.0,138.0
107895,263.0,102.0,156.0,138.0
107896,252.0,121.0,135.0,133.0
107897,238.0,120.0,136.0,121.0
107898,255.0,140.0,135.0,146.0
107899,237.0,113.0,144.0,129.0
107900,243.0,162.0,123.0,138.0
107901,255.0,165.0,166.0,139.0
107902,235.0,96.0,122.0,128.0
107903,273.0,128.0,145.0,145.0
107904,244.0,125.0,125.0,140.0
107905,247.0,72.0,136.0,138.0
107906,250.0,87.0,147.0,148.0
107907,217.0,84.0,117.0,119.0
107908,241.0,127.0,128.0,137.0
107909,223.0,93.0,120.0,113.0
107910,234.0,120.0,126.0,118.0
107911,267.0,132.0,146.0,155.0
107912,246.0,231.0,145.0,139.0
107913,265.0,88.0,150.0,142.0
107914,249.0,100.0,132.0,136.0
107915,247.0,87.0,146.0,129.0
107916,257.0,133.0,137.0,151.0
107917,256.0,147.0,151.0,138.0
107918,239.0,123.0,136.0,147.0
107919,242.0,122.0,145.0,157.0
107920,244.0,106.0,126.0,150.0
107921,272.0,122.0,161.0,151.0
107922,257.0,125.0,153.0,141.0
107923,225.0,99.0,129.0,144.0
107924,249.0,86.0,143.0,133.0
107925,243.0,66.0,137.0,132.0
107926,239.0,79.0,140.0,131.0
107927,250.0,183.0,148.0,144.0
107928,260.0,93.0,143.0,132.0
107929,229.0,117.0,119.0,134.0
107930,227.0,65.0,136.0,118.0
107931,247.0,146.0,146.0,136.0
107932,253.0,90.0,148.0,140.0
107933,217.0,84.0,123.0,118.0
107934,266.0,189.0,139.0,149.0
107935,219.0,90.0,129.0,135.0
107936,272.0,118.0,134.0,159.0
107937,256.0,110.0,148.0,140.0
107938,242.0,195.0,133.0,126.0
107939,255.0,101.0,130.0,164.0
107940,246.0,97.0,137.0,138.0
107941,239.0,98.0,135.0,141.0
107942,250.0,141.0,155.0,135.0
107943,270.0,120.0,139.0,165.0
107944,218.0,94.0,125.0,129.0
107945,244.0,79.0,145.0,136.0
107946,252.0,86.0,132.0,148.0
107947,248.0,84.0,146.0,142.0
107948,242.0,105.0,137.0,152.0
107949,246.0,113.0,141.0,138.0
107950,236.0,88.0,123.0,134.0
107951,254.0,113.0,142.0,132.0
107952,249.0,231.0,157.0,142.0
107953,253.0,97.0,136.0,140.0
107954,246.0,168.0,141.0,138.0
107955,253.0,136.0,142.0,139.0
107956,286.0,115.0,150.0,156.0
107957,256.0,112.0,143.0,132.0
107958,242.0,61.0,149.0,136.0
107959,267.0,71.0,141.0,158.0
107960,267.0,183.0,146.0,135.0
107961,249.0,108.0,147.0,139.0
107962,280.0,101.0,161.0,147.0
107963,245.0,97.0,133.0,138.0
107964,252.0,101.0,143.0,138.0
107965,267.0,128.0,141.0,153.0
107966,270.0,143.0,143.0,154.0
107967,243.0,120.0,125.0,141.0
107968,247.0,78.0,139.0,150.0
107969,261.0,140.0,151.0,153.0
107970,245.0,105.0,136.0,146.0
107971,234.0,118.0,122.0,135.0
107972,272.0,157.0,164.0,165.0
107973,251.0,120.0,138.0,148.0
107974,259.0,114.0,144.0,142.0
107975,252.0,139.0,151.0,135.0
107976,232.0,143.0,132.0,131.0
107977,242.0,85.0,141.0,141.0
107978,258.0,109.0,148.0,146.0
107979,262.0,111.0,142.0,141.0
107980,263.0,223.0,161.0,130.0
107981,250.0,149.0,145.0,129.0
107982,268.0,92.0,169.0,167.0
107983,260.0,166.0,149.0,129.0
107984,261.0,90.0,140.0,147.0
107985,225.0,146.0,126.0,131.0
107986,248.0,98.0,151.0,139.0
107987,237.0,149.0,132.0,126.0
107988,235.0,111.0,135.0,134.0
107989,221.0,99.0,116.0,117.0
107990,237.0,95.0,130.0,135.0
107991,239.0,130.0,138.0,123.0
107992,245.0,117.0,145.0,135.0
107993,263.0,136.0,161.0,148.0
107994,248.0,102.0,137.0,150.0
107995,240.0,79.0,131.0,137.0
107996,239.0,171.0,130.0,131.0
107997,215.0,89.0,121.0,126.0
107998,264.0,90.0,156.0,145.0
107999,265.0,111.0,133.0,150.0
108000,234.0,100.0,156.0,152.0
108001,254.0,80.0,143.0,142.0
108002,258.0,154.0,135.0,142.0
108003,246.0,103.0,128.0,126.0
108004,248.0,82.0,141.0,131.0
108005,228.0,105.0,137.0,133.0
108006,239.0,63.0,138.0,143.0
108007,249.0,88.0,146.0,133.0
108008,235.0,140.0,134.0,120.0
108009,234.0,113.0,122.0,135.0
108010,260.0,125.0,143.0,148.0
108011,285.0,131.0,151.0,153.0
108012,268.0,145.0,164.0,153.0
108013,270.0,160.0,158.0,139.0
108014,264.0,117.0,142.0,154.0
108015,245.0,97.0,126.0,135.0
108016,273.0,84.0,155.0,165.0
108017,278.0,119.0,144.0,161.0
108018,256.0,119.0,151.0,142.0
108019,274.0,136.0,163.0,146.0
108020,257.0,146.0,149.0,147.0
108021,247.0,213.0,147.0,146.0
108022,257.0,116.0,144.0,141.0
108023,254.0,162.0,140.0,127.0
108024,242.0,102.0,135.0,126.0
108025,237.0,76.0,141.0,134.0
108026,242.0,106.0,124.0,136.0
108027,271.0,142.0,148.0,151.0
108028,253.0,101.0,152.0,145.0
108029,241.0,226.0,149.0,135.0
108030,252.0,107.0,141.0,138.0
108031,274.0,86.0,163.0,159.0
108032,232.0,97.0,116.0,136.0
108033,244.0,114.0,141.0,143.0
108034,261.0,81.0,150.0,141.0
108035,284.0,102.0,167.0,140.0
108036,279.0,152.0,144.0,151.0
108037,264.0,124.0,139.0,152.0
108038,260.0,144.0,142.0,152.0
108039,274.0,116.0,149.0,153.0
108040,237.0,114.0,113.0,129.0
108041,257.0,119.0,142.0,144.0
108042,267.0,121.0,154.0,154.0
108043,226.0,82.0,127.0,134.0
108044,237.0,134.0,137.0,110.0
108045,281.0,120.0,153.0,167.0
108046,259.0,117.0,148.0,140.0
108047,244.0,211.0,144.0,144.0
108048,247.0,107.0,140.0,147.0
108049,255.0,193.0,132.0,147.0
108050,248.0,68.0,144.0,155.0
108051,255.0,76.0,150.0,139.0
108052,258.0,135.0,145.0,138.0
108053,230.0,121.0,130.0,130.0
108054,224.0,108.0,126.0,130.0
108055,268.0,129.0,138.0,158.0
108056,261.0,170.0,145.0,143.0
108057,271.0,124.0,143.0,161.0
108058,250.0,126.0,128.0,140.0
108059,235.0,99.0,114.0,136.0
108060,264.0,121.0,147.0,148.0
108061,268.0,193.0,170.0,146.0
108062,246.0,80.0,148.0,134.0
108063,273.0,140.0,143.0,148.0
108064,257.0,131.0,144.0,145.0
108065,260.0,157.0,150.0,141.0
108066,229.0,109.0,123.0,122.0
108067,237.0,59.0,132.0,127.0
108068,261.0,89.0,138.0,156.0
108069,225.0,111.0,123.0,124.0
108070,248.0,87.0,137.0,141.0
108071,252.0,117.0,154.0,143.0
108072,246.0,126.0,168.0,133.0
108073,250.0,77.0,133.0,137.0
108074,233.0,93.0,141.0,135.0
108075,240.0,114.0,131.0,133.0
108076,272.0,146.0,146.0,163.0
108077,257.0,130.0,147.0,149.0
108078,252.0,56.0,146.0,148.0
108079,257.0,132.0,143.0,143.0
108080,256.0,129.0,155.0,148.0
108081,233.0,197.0,135.0,135.0
108082,238.0,133.0,145.0,132.0
108083,228.0,111.0,123.0,129.0
108084,259.0,139.0,149.0,149.0
108085,255.0,132.0,146.0,141.0
108086,258.0,134.0,145.0,143.0
108087,252.0,133.0,137.0,141.0
108088,250.0,100.0,133.0,144.0
108089,225.0,146.0,113.0,126.0
108090,230.0,168.0,139.0,141.0
108091,260.0,118.0,155.0,150.0
108092,254.0,101.0,141.0,154.0
108093,263.0,113.0,155.0,158.0
108094,254.0,120.0,141.0,144.0
108095,277.0,188.0,169.0,169.0
108096,255.0,139.0,134.0,139.0
108097,244.0,103.0,126.0,132.0
108098,271.0,175.0,159.0,137.0
108099,259.0,136.0,141.0,150.0
108100,243.0,109.0,153.0,133.0
108101,255.0,103.0,145.0,139.0
108102,248.0,170.0,133.0,148.0
108103,247.0,107.0,137.0,138.0
108104,266.0,139.0,143.0,140.0
108105,256.0,210.0,142.0,137.0
108106,268.0,222.0,149.0,148.0
108107,212.0,111.0,124.0,113.0
108108,225.0,102.0,125.0,131.0
108109,244.0,132.0,138.0,151.0
108110,245.0,131.0,136.0,133.0
108111,252.0,156.0,140.0,129.0
108112,240.0,108.0,136.0,130.0
108113,248.0,119.0,138.0,116.0
108114,253.0,143.0,161.0,137.0
108115,241.0,100.0,135.0,130.0
108116,238.0,121.0,124.0,138.0
108117,225.0,121.0,115.0,124.0
108118,238.0,70.0,137.0,132.0
108119,235.0,103.0,134.0,149.0
108120,246.0,81.0,137.0,145.0
108121,240.0,88.0,137.0,135.0
108122,250.0,104.0,141.0,133.0
108123,264.0,130.0,138.0,162.0
108124,253.0,153.0,143.0,147.0
108125,270.0,90.0,145.0,159.0
108126,262.0,108.0,147.0,138.0
108127,233.0,60.0,130.0,126.0
108128,263.0,112.0,151.0,147.0
108129,268.0,123.0,160.0,154.0
108130,243.0,112.0,132.0,142.0
108131,258.0,118.0,154.0,148.0
108132,271.0,153.0,142.0,150.0
108133,262.0,127.0,152.0,123.0
108134,287.0,116.0,160.0,157.0
108135,249.0,145.0,151.0,139.0
108136,257.0,135.0,144.0,150.0
108137,235.0,90.0,112.0,138.0
108138,249.0,166.0,146.0,143.0
108139,243.0,104.0,147.0,132.0
108140,233.0,104.0,144.0,136.0
108141,240.0,103.0,138.0,138.0
108142,291.0,230.0,173.0,160.0
108143,271.0,112.0,150.0,152.0
108144,278.0,108.0,167.0,159.0
108145,257.0,144.0,143.0,152.0
108146,244.0,146.0,130.0,144.0
108147,245.0,103.0,139.0,146.0
108148,251.0,101.0,151.0,138.0
108149,248.0,72.0,126.0,137.0
108150,266.0,110.0,146.0,147.0
108151,227.0,100.0,135.0,139.0
108152,223.0,84.0,126.0,130.0
108153,244.0,87.0,142.0,124.0
108154,256.0,69.0,134.0,145.0
108155,240.0,81.0,133.0,131.0
108156,255.0,83.0,142.0,148.0
108157,272.0,147.0,150.0,169.0
108158,244.0,126.0,136.0,138.0
108159,244.0,119.0,128.0,137.0
108160,273.0,110.0,152.0,158.0
108161,247.0,117.0,146.0,147.0
108162,229.0,94.0,125.0,130.0
108163,250.0,95.0,131.0,130.0
108164,266.0,141.0,142.0,138.0
108165,260.0,101.0,153.0,161.0
108166,261.0,115.0,155.0,148.0
108167,254.0,139.0,136.0,130.0
108168,253.0,75.0,145.0,158.0
108169,246.0,128.0,121.0,130.0
108170,253.0,68.0,146.0,135.0
108171,257.0,117.0,134.0,144.0
108172,234.0,108.0,127.0,135.0
108173,251.0,99.0,137.0,150.0
108174,264.0,110.0,142.0,146.0
108175,238.0,131.0,122.0,121.0
108176,259.0,183.0,135.0,131.0
108177,256.0,134.0,153.0,150.0
108178,257.0,134.0,160.0,145.0
108179,267.0,139.0,149.0,149.0
108180,257.0,113.0,152.0,135.0
108181,250.0,215.0,141.0,128.0
108182,262.0,133.0,133.0,141.0
108183,229.0,89.0,113.0,121.0
108184,254.0,107.0,129.0,143.0
108185,265.0,100.0,140.0,158.0
108186,242.0,88.0,127.0,139.0
108187,246.0,116.0,131.0,148.0
108188,253.0,88.0,153.0,131.0
108189,243.0,105.0,141.0,137.0
108190,227.0,143.0,133.0,132.0
108191,249.0,103.0,149.0,130.0
108192,258.0,124.0,136.0,153.0
108193,280.0,165.0,137.0,140.0
108194,262.0,87.0,150.0,140.0
108195,250.0,177.0,139.0,142.0
108196,237.0,101.0,137.0,120.0
108197,230.0,90.0,134.0,134.0
108198,245.0,120.0,151.0,130.0
108199,241.0,103.0,132.0,125.0
108200,261.0,130.0,146.0,158.0
108201,271.0,147.0,162.0,149.0
108202,225.0,122.0,132.0,123.0
108203,239.0,125.0,144.0,136.0
108204,256.0,103.0,156.0,148.0
108205,264.0,114.0,146.0,163.0
108206,241.0,112.0,128.0,137.0
108207,257.0,121.0,145.0,149.0
108208,254.0,221.0,137.0,145.0
108209,264.0,127.0,143.0,144.0
108210,247.0,102.0,130.0,146.0
108211,242.0,117.0,134.0,147.0
108212,243.0,117.0,128.0,133.0
108213,234.0,139.0,131.0,128.0
108214,243.0,174.0,136.0,130.0
108215,227.0,116.0,130.0,122.0
108216,237.0,81.0,119.0,131.0
108217,223.0,96.0,146.0,130.0
108218,233.0,120.0,147.0,132.0
108219,247.0,193.0,142.0,148.0
108220,220.0,148.0,116.0,132.0
108221,253.0,152.0,137.0,136.0
108222,242.0,136.0,142.0,136.0
108223,244.0,113.0,136.0,141.0
108224,240.0,178.0,132.0,137.0
108225,258.0,142.0,155.0,145.0
108226,246.0,63.0,137.0,136.0
108227,257.0,85.0,138.0,139.0
108228,270.0,146.0,158.0,136.0
108229,255.0,86.0,144.0,155.0
108230,220.0,62.0,137.0,122.0
108231,254.0,135.0,131.0,147.0
108232,283.0,112.0,159.0,163.0
108233,260.0,70.0,136.0,155.0
108234,226.0,69.0,130.0,123.0
108235,255.0,87.0,145.0,147.0
108236,216.0,98.0,124.0,111.0
108237,260.0,92.0,132.0,148.0
108238,259.0,97.0,143.0,140.0
108239,242.0,128.0,134.0,128.0
108240,247.0,92.0,144.0,140.0
108241,240.0,87.0,145.0,141.0
108242,250.0,111.0,134.0,149.0
108243,258.0,75.0,155.0,154.0
108244,250.0,119.0,132.0,142.0
108245,269.0,127.0,132.0,146.0
108246,262.0,152.0,144.0,143.0
108247,250.0,137.0,134.0,139.0
108248,251.0,125.0,152.0,141.0
108249,244.0,109.0,134.0,148.0
108250,241.0,126.0,139.0,139.0
108251,246.0,88.0,130.0,141.0
108252,238.0,104.0,148.0,140.0
108253,241.0,106.0,125.0,147.0
108254,239.0,110.0,126.0,140.0
108255,263.0,100.0,142.0,141.0
108256,242.0,87.0,132.0,140.0
108257,230.0,126.0,124.0,130.0
108258,244.0,139.0,134.0,136.0
108259,239.0,79.0,137.0,138.0
108260,256.0,137.0,139.0,150.0
108261,224.0,107.0,119.0,130.0
108262,261.0,105.0,140.0,145.0
108263,238.0,84.0,133.0,126.0
108264,263.0,155.0,141.0,144.0
108265,265.0,161.0,149.0,152.0
108266,244.0,216.0,133.0,131.0
108267,254.0,108.0,148.0,157.0
108268,269.0,107.0,135.0,159.0
108269,271.0,91.0,148.0,146.0
108270,269.0,160.0,145.0,159.0
108271,247.0,80.0,140.0,136.0
108272,252.0,78.0,135.0,142.0
108273,271.0,141.0,154.0,150.0
108274,262.0,117.0,140.0,135.0
108275,254.0,142.0,136.0,152.0
108276,239.0,149.0,138.0,133.0
108277,260.0,37.0,150.0,146.0
108278,256.0,126.0,152.0,139.0
108279,262.0,107.0,143.0,138.0
108280,281.0,126.0,159.0,154.0
108281,254.0,108.0,139.0,142.0
108282,235.0,111.0,128.0,130.0
108283,248.0,114.0,140.0,136.0
108284,276.0,122.0,160.0,149.0
108285,247.0,211.0,151.0,131.0
108286,260.0,201.0,133.0,164.0
108287,270.0,145.0,151.0,149.0
108288,285.0,84.0,161.0,177.0
108289,257.0,133.0,150.0,141.0
108290,244.0,131.0,129.0,141.0
108291,244.0,107.0,124.0,155.0
108292,264.0,93.0,155.0,159.0
108293,240.0,96.0,130.0,132.0
108294,258.0,138.0,158.0,146.0
108295,262.0,163.0,145.0,161.0
108296,259.0,111.0,166.0,160.0
108297,226.0,106.0,124.0,119.0
108298,244.0,112.0,134.0,129.0
108299,232.0,142.0,132.0,127.0
108300,252.0,126.0,133.0,139.0
108301,238.0,136.0,130.0,128.0
108302,239.0,113.0,123.0,127.0
108303,243.0,92.0,131.0,146.0
108304,258.0,76.0,134.0,145.0
108305,265.0,75.0,141.0,153.0
108306,247.0,191.0,150.0,140.0
108307,251.0,110.0,136.0,140.0
108308,229.0,90.0,143.0,128.0
108309,236.0,131.0,138.0,135.0
108310,244.0,78.0,131.0,147.0
108311,268.0,127.0,157.0,159.0
108312,246.0,154.0,137.0,135.0
108313,257.0,97.0,133.0,136.0
108314,231.0,91.0,131.0,128.0
108315,247.0,82.0,132.0,125.0
108316,276.0,178.0,152.0,153.0
108317,243.0,84.0,139.0,130.0
108318,240.0,71.0,146.0,136.0
108319,251.0,81.0,143.0,145.0
108320,254.0,122.0,138.0,141.0
108321,250.0,109.0,143.0,161.0
108322,256.0,66.0,133.0,135.0
108323,254.0,90.0,142.0,141.0
108324,244.0,87.0,137.0,130.0
108325,259.0,111.0,148.0,139.0
108326,249.0,74.0,142.0,137.0
108327,240.0,101.0,139.0,139.0
108328,258.0,121.0,149.0,140.0
108329,249.0,116.0,134.0,152.0
108330,256.0,73.0,139.0,133.0
108331,229.0,98.0,113.0,130.0
108332,245.0,174.0,135.0,122.0
108333,222.0,107.0,116.0,141.0
108334,263.0,76.0,149.0,153.0
108335,238.0,73.0,140.0,132.0
108336,243.0,94.0,144.0,126.0
108337,287.0,60.0,153.0,171.0
108338,244.0,117.0,133.0,136.0
108339,230.0,67.0,133.0,129.0
108340,255.0,96.0,140.0,144.0
108341,238.0,108.0,132.0,132.0
108342,245.0,113.0,126.0,132.0
108343,243.0,111.0,123.0,138.0
108344,255.0,75.0,153.0,148.0
108345,257.0,96.0,148.0,148.0
108346,251.0,105.0,131.0,125.0
108347,232.0,91.0,120.0,127.0
108348,245.0,88.0,141.0,143.0
108349,237.0,75.0,137.0,117.0
108350,261.0,89.0,159.0,166.0
108351,270.0,107.0,152.0,160.0
108352,257.0,113.0,131.0,128.0
108353,268.0,140.0,147.0,142.0
108354,231.0,165.0,121.0,113.0
108355,261.0,77.0,134.0,143.0
108356,246.0,77.0,133.0,148.0
108357,249.0,123.0,141.0,130.0
108358,240.0,103.0,133.0,142.0
108359,240.0,137.0,126.0,126.0
108360,253.0,80.0,155.0,138.0
108361,254.0,186.0,146.0,148.0
108362,244.0,111.0,132.0,135.0
108363,251.0,98.0,141.0,126.0
108364,259.0,109.0,149.0,150.0
108365,240.0,75.0,119.0,132.0
108366,267.0,85.0,149.0,162.0
108367,241.0,85.0,125.0,146.0
108368,249.0,143.0,143.0,138.0
108369,249.0,66.0,148.0,135.0
108370,261.0,145.0,132.0,152.0
108371,247.0,77.0,131.0,141.0
108372,258.0,98.0,138.0,130.0
108373,270.0,84.0,146.0,160.0
108374,232.0,90.0,127.0,138.0
108375,243.0,107.0,128.0,122.0
108376,250.0,123.0,131.0,159.0
108377,222.0,68.0,125.0,128.0
108378,246.0,224.0,143.0,144.0
108379,238.0,208.0,123.0,135.0
108380,246.0,101.0,135.0,126.0
108381,246.0,110.0,132.0,133.0
108382,246.0,117.0,133.0,152.0
108383,262.0,128.0,145.0,158.0
108384,232.0,141.0,127.0,144.0
108385,262.0,109.0,141.0,144.0
108386,254.0,142.0,130.0,138.0
108387,250.0,77.0,155.0,137.0
108388,273.0,103.0,163.0,152.0
108389,253.0,140.0,135.0,128.0
108390,263.0,55.0,156.0,145.0
108391,266.0,81.0,157.0,150.0
108392,248.0,119.0,144.0,127.0
108393,257.0,90.0,135.0,138.0
108394,254.0,78.0,138.0,141.0
108395,288.0,138.0,153.0,160.0
108396,262.0,134.0,160.0,144.0
108397,255.0,97.0,138.0,150.0
108398,273.0,113.0,146.0,151.0
108399,231.0,102.0,131.0,130.0
108400,257.0,232.0,147.0,150.0
108401,251.0,88.0,159.0,151.0
108402,266.0,150.0,161.0,146.0
108403,247.0,110.0,153.0,148.0
108404,249.0,79.0,143.0,139.0
108405,257.0,121.0,127.0,142.0
108406,262.0,121.0,152.0,143.0
108407,258.0,136.0,152.0,152.0
108408,265.0,95.0,165.0,154.0
108409,245.0,91.0,146.0,130.0
108410,278.0,71.0,157.0,161.0
108411,241.0,120.0,124.0,143.0
108412,257.0,86.0,148.0,130.0
108413,257.0,122.0,154.0,137.0
108414,245.0,88.0,140.0,146.0
108415,252.0,211.0,130.0,149.0
108416,238.0,75.0,137.0,129.0
108417,246.0,90.0,157.0,127.0
108418,242.0,114.0,132.0,132.0
108419,241.0,83.0,132.0,140.0
108420,258.0,84.0,146.0,154.0
108421,251.0,120.0,150.0,134.0
108422,264.0,116.0,163.0,143.0
108423,260.0,86.0,142.0,152.0
108424,233.0,124.0,126.0,130.0
108425,264.0,109.0,152.0,152.0
108426,241.0,87.0,143.0,129.0
108427,237.0,138.0,130.0,151.0
108428,242.0,85.0,137.0,139.0
108429,236.0,115.0,122.0,144.0
108430,249.0,128.0,143.0,146.0
108431,238.0,96.0,132.0,142.0
108432,251.0,104.0,131.0,136.0
108433,257.0,230.0,138.0,153.0
108434,250.0,82.0,137.0,121.0
108435,241.0,78.0,142.0,133.0
108436,243.0,85.0,135.0,151.0
108437,247.0,111.0,138.0,150.0
108438,255.0,141.0,139.0,142.0
108439,257.0,132.0,135.0,132.0
108440,254.0,84.0,142.0,141.0
108441,258.0,126.0,137.0,143.0
108442,262.0,144.0,143.0,148.0
108443,248.0,144.0,139.0,143.0
108444,220.0,106.0,120.0,125.0
108445,254.0,123.0,142.0,143.0
108446,246.0,86.0,134.0,132.0
108447,285.0,103.0,170.0,156.0
108448,266.0,148.0,159.0,157.0
108449,240.0,136.0,120.0,148.0
108450,270.0,137.0,157.0,157.0
108451,249.0,89.0,136.0,159.0
108452,275.0,107.0,143.0,157.0
108453,250.0,122.0,151.0,143.0
108454,244.0,91.0,136.0,141.0
108455,240.0,101.0,129.0,118.0
108456,265.0,90.0,144.0,146.0
108457,253.0,148.0,143.0,129.0
108458,253.0,141.0,149.0,144.0
108459,272.0,128.0,155.0,148.0
108460,251.0,206.0,158.0,135.0
108461,251.0,147.0,138.0,134.0
108462,251.0,79.0,167.0,143.0
108463,255.0,107.0,148.0,146.0
108464,241.0,96.0,140.0,134.0
108465,266.0,146.0,146.0,166.0
108466,262.0,197.0,149.0,151.0
108467,244.0,100.0,137.0,147.0
108468,238.0,114.0,114.0,136.0
108469,246.0,68.0,146.0,145.0
108470,239.0,132.0,129.0,125.0
108471,242.0,132.0,133.0,133.0
108472,231.0,103.0,123.0,144.0
108473,249.0,96.0,142.0,130.0
108474,231.0,117.0,133.0,129.0
108475,265.0,230.0,139.0,144.0
108476,226.0,91.0,135.0,119.0
108477,241.0,139.0,137.0,129.0
108478,248.0,115.0,132.0,127.0
108479,243.0,166.0,137.0,133.0
108480,271.0,129.0,160.0,141.0
108481,242.0,109.0,145.0,136.0
108482,251.0,231.0,135.0,122.0
108483,256.0,98.0,141.0,151.0
108484,249.0,122.0,131.0,132.0
108485,245.0,68.0,136.0,145.0
108486,246.0,205.0,120.0,122.0
108487,257.0,196.0,147.0,151.0
108488,259.0,99.0,155.0,153.0
108489,255.0,163.0,150.0,140.0
108490,240.0,111.0,133.0,134.0
108491,264.0,127.0,152.0,160.0
108492,262.0,144.0,147.0,141.0
108493,238.0,101.0,129.0,137.0
108494,234.0,101.0,135.0,125.0
108495,272.0,152.0,158.0,145.0
108496,250.0,112.0,145.0,125.0
108497,250.0,71.0,122.0,133.0
108498,259.0,107.0,143.0,147.0
108499,266.0,90.0,146.0,161.0
108500,266.0,126.0,144.0,159.0
108501,240.0,80.0,121.0,134.0
108502,263.0,71.0,135.0,150.0
108503,255.0,92.0,142.0,140.0
108504,237.0,114.0,134.0,128.0
108505,237.0,68.0,126.0,149.0
108506,255.0,137.0,144.0,145.0
108507,254.0,85.0,151.0,146.0
108508,234.0,84.0,122.0,143.0
108509,264.0,131.0,154.0,141.0
108510,285.0,116.0,143.0,154.0
108511,258.0,80.0,148.0,143.0
108512,277.0,194.0,153.0,154.0
108513,249.0,117.0,128.0,146.0
108514,243.0,136.0,139.0,138.0
108515,225.0,112.0,122.0,128.0
108516,242.0,84.0,136.0,123.0
108517,262.0,140.0,154.0,145.0
108518,245.0,79.0,140.0,135.0
108519,237.0,89.0,134.0,128.0
108520,267.0,133.0,159.0,141.0
108521,255.0,93.0,138.0,140.0
108522,242.0,89.0,130.0,130.0
108523,274.0,136.0,173.0,154.0
108524,263.0,183.0,148.0,166.0
108525,241.0,110.0,121.0,126.0
108526,259.0,78.0,145.0,140.0
108527,233.0,127.0,129.0,127.0
108528,265.0,91.0,154.0,143.0
108529,263.0,137.0,142.0,146.0
108530,239.0,84.0,157.0,127.0
108531,244.0,136.0,130.0,126.0
108532,256.0,123.0,148.0,147.0
108533,253.0,83.0,129.0,141.0
108534,234.0,131.0,128.0,143.0
108535,228.0,74.0,133.0,122.0
108536,219.0,45.0,134.0,125.0
108537,238.0,121.0,128.0,149.0
108538,258.0,96.0,144.0,122.0
108539,264.0,82.0,139.0,149.0
108540,230.0,229.0,119.0,123.0
108541,266.0,102.0,135.0,158.0
108542,260.0,117.0,155.0,161.0
108543,241.0,97.0,135.0,138.0
108544,228.0,90.0,137.0,118.0
108545,256.0,189.0,160.0,152.0
108546,229.0,97.0,139.0,124.0
108547,277.0,112.0,150.0,146.0
108548,268.0,116.0,153.0,159.0
108549,243.0,112.0,129.0,147.0
108550,299.0,143.0,172.0,168.0
108551,276.0,115.0,155.0,149.0
108552,251.0,89.0,145.0,150.0
108553,232.0,143.0,116.0,126.0
108554,257.0,130.0,136.0,142.0
108555,246.0,104.0,138.0,150.0
108556,265.0,117.0,149.0,161.0
108557,276.0,153.0,166.0,170.0
108558,251.0,137.0,138.0,153.0
108559,249.0,108.0,147.0,137.0
108560,259.0,111.0,144.0,146.0
108561,260.0,168.0,140.0,143.0
108562,252.0,115.0,132.0,147.0
108563,246.0,69.0,139.0,130.0
108564,245.0,135.0,132.0,144.0
108565,245.0,129.0,145.0,128.0
108566,250.0,101.0,129.0,141.0
108567,251.0,121.0,142.0,145.0
108568,219.0,94.0,121.0,104.0
108569,265.0,84.0,143.0,149.0
108570,255.0,99.0,162.0,142.0
108571,282.0,105.0,155.0,166.0
108572,247.0,129.0,133.0,134.0
108573,261.0,82.0,137.0,144.0
108574,264.0,232.0,153.0,167.0
108575,283.0,128.0,156.0,163.0
108576,257.0,78.0,147.0,143.0
108577,258.0,133.0,134.0,142.0
108578,249.0,103.0,134.0,134.0
108579,246.0,184.0,140.0,136.0
108580,247.0,126.0,145.0,139.0
108581,235.0,107.0,116.0,135.0
108582,262.0,112.0,135.0,153.0
108583,265.0,125.0,151.0,144.0
108584,241.0,120.0,131.0,142.0
108585,255.0,134.0,155.0,129.0
108586,262.0,161.0,149.0,144.0
108587,236.0,140.0,129.0,132.0
108588,245.0,155.0,141.0,134.0
108589,253.0,129.0,132.0,154.0
108590,225.0,98.0,133.0,135.0
108591,243.0,96.0,146.0,139.0
108592,242.0,125.0,142.0,131.0
108593,232.0,116.0,118.0,136.0
108594,245.0,121.0,143.0,137.0
108595,267.0,120.0,146.0,138.0
108596,268.0,105.0,144.0,162.0
108597,265.0,103.0,139.0,134.0
108598,250.0,81.0,133.0,142.0
108599,227.0,124.0,138.0,138.0
108600,248.0,207.0,151.0,148.0
108601,250.0,124.0,134.0,146.0
108602,243.0,122.0,140.0,135.0
108603,241.0,77.0,121.0,134.0
108604,261.0,95.0,135.0,148.0
108605,257.0,144.0,143.0,119.0
108606,261.0,109.0,132.0,143.0
108607,236.0,130.0,127.0,137.0
108608,258.0,106.0,163.0,157.0
108609,251.0,117.0,157.0,141.0
108610,280.0,124.0,160.0,144.0
108611,255.0,154.0,142.0,141.0
108612,240.0,89.0,142.0,128.0
108613,247.0,81.0,139.0,133.0
108614,261.0,122.0,159.0,150.0
108615,236.0,93.0,131.0,142.0
108616,226.0,127.0,117.0,120.0
108617,263.0,118.0,126.0,150.0
108618,249.0,115.0,146.0,141.0
108619,247.0,100.0,151.0,137.0
108620,241.0,91.0,140.0,138.0
108621,265.0,138.0,164.0,149.0
108622,281.0,113.0,163.0,160.0
108623,262.0,228.0,154.0,141.0
108624,242.0,136.0,147.0,132.0
108625,247.0,144.0,132.0,146.0
108626,235.0,107.0,115.0,130.0
108627,256.0,117.0,140.0,148.0
108628,225.0,88.0,129.0,132.0
108629,214.0,95.0,122.0,136.0
108630,236.0,141.0,130.0,129.0
108631,250.0,93.0,143.0,142.0
108632,250.0,91.0,155.0,134.0
108633,259.0,157.0,143.0,141.0
108634,252.0,118.0,131.0,128.0
108635,243.0,145.0,132.0,137.0
108636,267.0,78.0,155.0,157.0
108637,245.0,199.0,127.0,138.0
108638,255.0,132.0,137.0,142.0
108639,271.0,226.0,153.0,153.0
108640,243.0,136.0,149.0,153.0
108641,274.0,200.0,141.0,171.0
108642,268.0,112.0,149.0,145.0
108643,268.0,81.0,140.0,161.0
108644,248.0,101.0,138.0,136.0
108645,266.0,100.0,149.0,148.0
108646,269.0,204.0,159.0,141.0
108647,257.0,241.0,148.0,149.0
108648,235.0,139.0,144.0,133.0
108649,248.0,135.0,142.0,133.0
108650,264.0,162.0,143.0,159.0
108651,238.0,122.0,136.0,131.0
108652,270.0,120.0,161.0,147.0
108653,260.0,148.0,134.0,145.0
108654,230.0,145.0,124.0,131.0
108655,251.0,66.0,154.0,141.0
108656,243.0,133.0,145.0,131.0
108657,228.0,81.0,145.0,126.0
108658,242.0,126.0,125.0,136.0
108659,239.0,98.0,123.0,139.0
108660,255.0,110.0,137.0,142.0
108661,234.0,79.0,132.0,137.0
108662,254.0,117.0,144.0,145.0
108663,272.0,77.0,160.0,154.0
108664,249.0,109.0,136.0,131.0
108665,216.0,85.0,122.0,114.0
108666,253.0,221.0,130.0,130.0
108667,244.0,132.0,125.0,148.0
108668,252.0,122.0,132.0,142.0
108669,253.0,115.0,144.0,132.0
108670,253.0,79.0,152.0,145.0
108671,247.0,109.0,152.0,129.0
108672,265.0,225.0,157.0,156.0
108673,258.0,143.0,128.0,147.0
108674,226.0,88.0,129.0,119.0
108675,264.0,109.0,155.0,155.0
108676,246.0,66.0,141.0,144.0
108677,259.0,84.0,148.0,140.0
108678,281.0,203.0,162.0,154.0
108679,268.0,129.0,153.0,146.0
108680,241.0,176.0,134.0,134.0
108681,240.0,88.0,143.0,134.0
108682,241.0,105.0,151.0,132.0
108683,268.0,133.0,153.0,143.0
108684,272.0,146.0,153.0,143.0
108685,254.0,208.0,147.0,142.0
108686,253.0,65.0,151.0,133.0
108687,237.0,115.0,126.0,128.0
108688,251.0,149.0,149.0,145.0
108689,242.0,65.0,124.0,127.0
108690,244.0,90.0,138.0,130.0
108691,254.0,87.0,143.0,164.0
108692,224.0,99.0,119.0,106.0
108693,257.0,82.0,144.0,159.0
108694,244.0,120.0,127.0,135.0
108695,255.0,138.0,140.0,146.0
108696,257.0,89.0,147.0,145.0
108697,263.0,117.0,158.0,136.0
108698,262.0,234.0,154.0,148.0
108699,252.0,135.0,147.0,146.0
108700,236.0,108.0,136.0,128.0
108701,263.0,118.0,150.0,130.0
108702,247.0,156.0,137.0,132.0
108703,219.0,81.0,108.0,140.0
108704,251.0,112.0,146.0,121.0
108705,255.0,88.0,135.0,143.0
108706,283.0,163.0,161.0,161.0
108707,265.0,129.0,142.0,139.0
108708,247.0,80.0,144.0,138.0
108709,265.0,121.0,147.0,138.0
108710,268.0,125.0,158.0,154.0
108711,247.0,79.0,147.0,138.0
108712,232.0,116.0,124.0,127.0
108713,264.0,90.0,154.0,140.0
108714,266.0,85.0,143.0,137.0
108715,260.0,204.0,155.0,140.0
108716,231.0,141.0,125.0,125.0
108717,273.0,117.0,159.0,159.0
108718,256.0,121.0,150.0,138.0
108719,263.0,146.0,140.0,140.0
108720,248.0,167.0,150.0,144.0
108721,243.0,140.0,138.0,120.0
108722,246.0,80.0,139.0,132.0
108723,246.0,82.0,146.0,141.0
108724,273.0,97.0,147.0,150.0
108725,248.0,125.0,139.0,147.0
108726,248.0,146.0,137.0,143.0
108727,250.0,104.0,138.0,120.0
108728,244.0,100.0,136.0,132.0
108729,247.0,211.0,125.0,134.0
108730,246.0,91.0,150.0,143.0
108731,243.0,96.0,135.0,132.0
108732,246.0,72.0,132.0,143.0
108733,256.0,96.0,131.0,145.0
108734,233.0,90.0,137.0,120.0
108735,243.0,139.0,137.0,132.0
108736,262.0,130.0,136.0,141.0
108737,263.0,118.0,139.0,132.0
108738,240.0,149.0,141.0,125.0
108739,241.0,194.0,145.0,142.0
108740,258.0,97.0,157.0,149.0
108741,228.0,54.0,121.0,124.0
108742,257.0,91.0,132.0,142.0
108743,246.0,62.0,129.0,127.0
108744,246.0,82.0,131.0,144.0
108745,247.0,111.0,128.0,129.0
108746,244.0,122.0,140.0,131.0
108747,237.0,122.0,139.0,125.0
108748,257.0,160.0,145.0,143.0
108749,231.0,107.0,136.0,132.0
108750,227.0,142.0,133.0,114.0
108751,243.0,87.0,128.0,124.0
108752,253.0,210.0,147.0,162.0
108753,244.0,78.0,137.0,133.0
108754,242.0,110.0,134.0,130.0
108755,257.0,138.0,146.0,155.0
108756,251.0,149.0,141.0,150.0
108757,229.0,86.0,137.0,129.0
108758,242.0,151.0,153.0,133.0
108759,237.0,131.0,143.0,144.0
108760,252.0,123.0,139.0,158.0
108761,247.0,152.0,136.0,142.0
108762,246.0,157.0,149.0,139.0
108763,240.0,120.0,141.0,136.0
108764,236.0,126.0,138.0,131.0
108765,248.0,113.0,153.0,138.0
108766,252.0,143.0,143.0,157.0
108767,254.0,112.0,149.0,144.0
108768,253.0,155.0,141.0,141.0
108769,248.0,187.0,145.0,130.0
108770,249.0,112.0,129.0,135.0
108771,274.0,132.0,164.0,159.0
108772,288.0,116.0,149.0,174.0
108773,254.0,144.0,141.0,129.0
108774,239.0,106.0,140.0,129.0
108775,269.0,86.0,161.0,136.0
108776,255.0,82.0,149.0,149.0
108777,245.0,66.0,135.0,146.0
108778,226.0,89.0,125.0,120.0
108779,246.0,137.0,145.0,137.0
108780,248.0,117.0,137.0,140.0
108781,246.0,112.0,155.0,137.0
108782,256.0,136.0,146.0,145.0
108783,265.0,90.0,150.0,162.0
108784,265.0,91.0,153.0,151.0
108785,244.0,112.0,142.0,148.0
108786,253.0,101.0,139.0,138.0
108787,261.0,143.0,147.0,141.0
108788,269.0,237.0,153.0,140.0
108789,275.0,94.0,162.0,154.0
108790,250.0,119.0,135.0,131.0
108791,260.0,143.0,159.0,151.0
108792,235.0,99.0,131.0,123.0
108793,260.0,105.0,150.0,152.0
108794,267.0,101.0,149.0,144.0
108795,248.0,113.0,145.0,144.0
108796,275.0,146.0,146.0,154.0
108797,240.0,92.0,120.0,127.0
108798,228.0,117.0,128.0,127.0
108799,250.0,98.0,127.0,151.0
108800,244.0,108.0,145.0,122.0
108801,242.0,87.0,129.0,149.0
108802,259.0,101.0,139.0,154.0
108803,244.0,112.0,133.0,133.0
108804,250.0,100.0,131.0,139.0
108805,233.0,85.0,146.0,136.0
108806,262.0,114.0,140.0,143.0
108807,215.0,171.0,112.0,127.0
108808,278.0,143.0,135.0,161.0
108809,286.0,127.0,170.0,158.0
108810,249.0,102.0,149.0,134.0
108811,244.0,114.0,138.0,134.0
108812,247.0,114.0,146.0,133.0
108813,239.0,126.0,128.0,137.0
108814,265.0,108.0,154.0,153.0
108815,262.0,248.0,150.0,144.0
108816,242.0,108.0,140.0,138.0
108817,252.0,119.0,146.0,148.0
108818,238.0,91.0,134.0,127.0
108819,268.0,108.0,153.0,150.0
108820,255.0,109.0,146.0,133.0
108821,259.0,78.0,136.0,141.0
108822,238.0,146.0,122.0,135.0
108823,258.0,223.0,145.0,144.0
108824,263.0,125.0,148.0,151.0
108825,245.0,128.0,141.0,138.0
108826,237.0,123.0,130.0,129.0
108827,243.0,136.0,119.0,136.0
108828,231.0,89.0,138.0,137.0
108829,252.0,83.0,130.0,137.0
108830,257.0,145.0,134.0,144.0
108831,261.0,108.0,144.0,135.0
108832,260.0,110.0,164.0,140.0
108833,233.0,82.0,140.0,142.0
108834,262.0,110.0,134.0,149.0
108835,249.0,120.0,137.0,122.0
108836,248.0,143.0,138.0,138.0
108837,233.0,76.0,138.0,130.0
108838,241.0,101.0,130.0,130.0
108839,247.0,137.0,144.0,126.0
108840,241.0,29.0,134.0,139.0
108841,263.0,128.0,146.0,161.0
108842,274.0,80.0,152.0,148.0
108843,283.0,99.0,155.0,150.0
108844,264.0,115.0,142.0,148.0
108845,251.0,209.0,150.0,123.0
108846,223.0,92.0,126.0,126.0
108847,241.0,145.0,145.0,123.0
108848,253.0,91.0,156.0,139.0
108849,256.0,113.0,142.0,138.0
108850,257.0,163.0,145.0,149.0
108851,275.0,113.0,157.0,155.0
108852,257.0,107.0,145.0,143.0
108853,261.0,51.0,159.0,138.0
108854,249.0,67.0,126.0,127.0
108855,216.0,107.0,123.0,110.0
108856,244.0,111.0,129.0,133.0
108857,240.0,71.0,140.0,130.0
108858,247.0,140.0,131.0,134.0
108859,272.0,226.0,152.0,139.0
108860,269.0,134.0,156.0,154.0
108861,244.0,119.0,139.0,125.0
108862,248.0,193.0,137.0,135.0
108863,266.0,127.0,158.0,138.0
108864,257.0,144.0,133.0,140.0
108865,250.0,123.0,149.0,141.0
108866,260.0,228.0,130.0,142.0
108867,266.0,82.0,140.0,149.0
108868,242.0,106.0,134.0,133.0
108869,248.0,139.0,140.0,142.0
108870,265.0,103.0,151.0,143.0
108871,244.0,187.0,138.0,139.0
108872,267.0,114.0,141.0,148.0
108873,214.0,107.0,115.0,122.0
108874,215.0,157.0,118.0,118.0
108875,269.0,89.0,150.0,138.0
108876,254.0,108.0,146.0,145.0
108877,264.0,131.0,147.0,155.0
108878,238.0,111.0,135.0,129.0
108879,281.0,222.0,163.0,149.0
108880,255.0,108.0,145.0,135.0
108881,256.0,144.0,153.0,146.0
108882,259.0,124.0,146.0,167.0
108883,246.0,73.0,125.0,138.0
108884,259.0,102.0,145.0,155.0
108885,245.0,128.0,138.0,126.0
108886,244.0,100.0,131.0,133.0
108887,276.0,98.0,152.0,158.0
108888,253.0,176.0,157.0,140.0
108889,234.0,57.0,139.0,137.0
108890,265.0,183.0,130.0,142.0
108891,263.0,131.0,144.0,148.0
108892,273.0,134.0,143.0,152.0
108893,259.0,90.0,139.0,146.0
108894,248.0,157.0,133.0,137.0
108895,246.0,120.0,126.0,147.0
108896,257.0,108.0,143.0,143.0
108897,255.0,123.0,148.0,146.0
108898,260.0,126.0,144.0,141.0
108899,257.0,114.0,145.0,148.0
108900,242.0,75.0,124.0,145.0
108901,268.0,158.0,151.0,142.0
108902,269.0,67.0,161.0,160.0
108903,253.0,117.0,141.0,124.0
108904,254.0,124.0,132.0,140.0
108905,259.0,83.0,146.0,134.0
108906,277.0,237.0,147.0,156.0
108907,243.0,76.0,132.0,126.0
108908,244.0,94.0,153.0,127.0
108909,259.0,106.0,148.0,145.0
108910,256.0,75.0,135.0,139.0
108911,257.0,81.0,145.0,141.0
108912,241.0,134.0,130.0,137.0
108913,265.0,97.0,145.0,142.0
108914,249.0,232.0,136.0,136.0
108915,254.0,109.0,145.0,139.0
108916,242.0,109.0,118.0,137.0
108917,261.0,132.0,157.0,131.0
108918,287.0,165.0,151.0,167.0
108919,249.0,123.0,128.0,136.0
108920,235.0,197.0,146.0,130.0
108921,254.0,158.0,147.0,138.0
108922,253.0,126.0,126.0,141.0
108923,269.0,108.0,166.0,147.0
108924,227.0,58.0,132.0,130.0
108925,250.0,60.0,147.0,125.0
108926,250.0,104.0,140.0,146.0
108927,257.0,178.0,143.0,140.0
108928,251.0,112.0,146.0,145.0
108929,258.0,181.0,154.0,143.0
108930,259.0,86.0,156.0,163.0
108931,268.0,78.0,149.0,161.0
108932,219.0,117.0,120.0,113.0
108933,238.0,143.0,142.0,131.0
108934,246.0,135.0,128.0,140.0
108935,243.0,100.0,130.0,150.0
108936,245.0,82.0,128.0,148.0
108937,240.0,116.0,135.0,139.0
108938,250.0,217.0,141.0,148.0
108939,239.0,168.0,119.0,134.0
108940,268.0,127.0,152.0,139.0
108941,252.0,108.0,138.0,149.0
108942,245.0,98.0,141.0,142.0
108943,228.0,116.0,121.0,127.0
108944,227.0,117.0,115.0,128.0
108945,255.0,126.0,141.0,132.0
108946,260.0,95.0,137.0,159.0
108947,262.0,123.0,157.0,125.0
108948,251.0,90.0,137.0,131.0
108949,244.0,115.0,139.0,141.0
108950,258.0,109.0,139.0,145.0
108951,255.0,120.0,138.0,171.0
108952,274.0,68.0,141.0,151.0
108953,247.0,116.0,146.0,130.0
108954,257.0,152.0,148.0,160.0
108955,265.0,34.0,145.0,150.0
108956,267.0,92.0,143.0,157.0
108957,225.0,73.0,114.0,127.0
108958,267.0,104.0,156.0,148.0
108959,267.0,220.0,138.0,153.0
108960,263.0,148.0,148.0,138.0
108961,262.0,74.0,148.0,144.0
108962,254.0,85.0,139.0,148.0
108963,236.0,113.0,142.0,124.0
108964,245.0,111.0,127.0,130.0
108965,245.0,139.0,137.0,138.0
108966,223.0,138.0,117.0,126.0
108967,274.0,154.0,150.0,157.0
108968,240.0,71.0,143.0,142.0
108969,246.0,87.0,139.0,139.0
108970,249.0,88.0,148.0,132.0
108971,242.0,69.0,142.0,133.0
108972,247.0,144.0,121.0,133.0
108973,251.0,124.0,133.0,145.0
108974,249.0,76.0,127.0,128.0
108975,258.0,194.0,143.0,156.0
108976,264.0,114.0,141.0,142.0
108977,251.0,130.0,146.0,134.0
108978,247.0,117.0,134.0,134.0
108979,251.0,170.0,134.0,142.0
108980,259.0,78.0,136.0,144.0
108981,259.0,104.0,127.0,151.0
108982,255.0,75.0,143.0,151.0
108983,232.0,143.0,120.0,134.0
108984,245.0,104.0,132.0,145.0
108985,252.0,170.0,131.0,153.0
108986,241.0,117.0,137.0,136.0
108987,262.0,99.0,148.0,165.0
108988,244.0,145.0,135.0,128.0
108989,264.0,152.0,150.0,148.0
108990,253.0,130.0,155.0,131.0
108991,251.0,77.0,129.0,137.0
108992,249.0,103.0,138.0,139.0
108993,255.0,168.0,145.0,151.0
108994,254.0,148.0,143.0,152.0
108995,283.0,107.0,157.0,159.0
108996,251.0,100.0,147.0,132.0
108997,236.0,137.0,146.0,118.0
108998,258.0,111.0,128.0,149.0
108999,234.0,132.0,130.0,139.0
109000,267.0,120.0,160.0,149.0
109001,261.0,95.0,150.0,152.0
109002,236.0,68.0,138.0,127.0
109003,246.0,103.0,147.0,120.0
109004,237.0,111.0,130.0,121.0
109005,241.0,144.0,122.0,126.0
109006,263.0,165.0,160.0,157.0
109007,256.0,145.0,134.0,149.0
109008,254.0,156.0,152.0,153.0
109009,288.0,138.0,170.0,146.0
109010,254.0,183.0,149.0,140.0
109011,252.0,128.0,157.0,127.0
109012,243.0,84.0,140.0,143.0
109013,240.0,129.0,139.0,138.0
109014,240.0,69.0,122.0,136.0
109015,242.0,76.0,125.0,142.0
109016,255.0,111.0,142.0,135.0
109017,256.0,111.0,131.0,134.0
109018,255.0,103.0,156.0,135.0
109019,250.0,138.0,157.0,131.0
109020,238.0,130.0,140.0,132.0
109021,213.0,146.0,122.0,103.0
109022,242.0,132.0,135.0,125.0
109023,245.0,213.0,133.0,138.0
109024,231.0,87.0,128.0,135.0
109025,254.0,105.0,140.0,142.0
109026,236.0,121.0,144.0,140.0
109027,241.0,103.0,132.0,150.0
109028,249.0,108.0,151.0,143.0
109029,261.0,128.0,147.0,150.0
109030,238.0,132.0,117.0,132.0
109031,242.0,94.0,143.0,129.0
109032,248.0,102.0,126.0,142.0
109033,266.0,79.0,152.0,131.0
109034,232.0,62.0,136.0,130.0
109035,264.0,117.0,152.0,144.0
109036,263.0,102.0,162.0,137.0
109037,256.0,95.0,140.0,126.0
109038,262.0,149.0,140.0,135.0
109039,238.0,108.0,130.0,122.0
109040,248.0,105.0,145.0,140.0
109041,252.0,153.0,141.0,153.0
109042,252.0,103.0,129.0,137.0
109043,272.0,89.0,148.0,161.0
109044,278.0,105.0,146.0,145.0
109045,275.0,151.0,152.0,155.0
109046,241.0,87.0,149.0,132.0
109047,245.0,148.0,137.0,137.0
109048,251.0,104.0,144.0,138.0
109049,255.0,117.0,158.0,144.0
109050,251.0,131.0,141.0,136.0
109051,265.0,114.0,150.0,150.0
109052,240.0,123.0,136.0,142.0
109053,241.0,204.0,126.0,147.0
109054,253.0,103.0,143.0,149.0
109055,230.0,109.0,131.0,125.0
109056,210.0,91.0,131.0,119.0
109057,235.0,132.0,121.0,131.0
109058,249.0,166.0,144.0,136.0
109059,259.0,105.0,153.0,140.0
109060,250.0,88.0,135.0,133.0
109061,238.0,127.0,134.0,121.0
109062,267.0,135.0,138.0,155.0
109063,234.0,131.0,137.0,129.0
109064,239.0,110.0,135.0,136.0
109065,270.0,114.0,144.0,138.0
109066,247.0,123.0,123.0,135.0
109067,254.0,109.0,149.0,140.0
109068,267.0,224.0,148.0,141.0
109069,253.0,209.0,142.0,134.0
109070,253.0,96.0,131.0,150.0
109071,257.0,193.0,157.0,135.0
109072,256.0,67.0,160.0,143.0
109073,266.0,161.0,146.0,140.0
109074,233.0,190.0,127.0,144.0
109075,259.0,113.0,137.0,165.0
109076,254.0,106.0,142.0,132.0
109077,242.0,135.0,130.0,126.0
109078,250.0,118.0,152.0,149.0
109079,243.0,130.0,128.0,137.0
109080,271.0,120.0,155.0,155.0
109081,256.0,104.0,150.0,130.0
109082,253.0,105.0,136.0,143.0
109083,250.0,145.0,122.0,151.0
109084,228.0,90.0,135.0,125.0
109085,250.0,156.0,142.0,158.0
109086,256.0,124.0,142.0,155.0
109087,246.0,148.0,125.0,135.0
109088,259.0,111.0,139.0,157.0
109089,246.0,95.0,145.0,132.0
109090,260.0,112.0,153.0,147.0
109091,267.0,218.0,149.0,148.0
109092,262.0,204.0,141.0,159.0
109093,254.0,145.0,133.0,146.0
109094,236.0,60.0,137.0,140.0
109095,234.0,128.0,143.0,134.0
109096,255.0,103.0,151.0,149.0
109097,253.0,110.0,148.0,141.0
109098,263.0,129.0,142.0,142.0
109099,259.0,90.0,147.0,147.0
109100,263.0,128.0,147.0,163.0
109101,253.0,105.0,135.0,140.0
109102,272.0,234.0,153.0,153.0
109103,239.0,85.0,137.0,121.0
109104,236.0,75.0,118.0,132.0
109105,279.0,162.0,139.0,156.0
109106,241.0,85.0,129.0,135.0
109107,222.0,102.0,115.0,126.0
109108,308.0,112.0,154.0,173.0
109109,246.0,175.0,150.0,139.0
109110,240.0,112.0,133.0,145.0
109111,270.0,120.0,142.0,149.0
109112,247.0,100.0,149.0,135.0
109113,262.0,97.0,138.0,148.0
109114,247.0,102.0,134.0,133.0
109115,245.0,89.0,130.0,139.0
109116,249.0,115.0,159.0,127.0
109117,257.0,137.0,139.0,142.0
109118,246.0,111.0,142.0,131.0
109119,244.0,115.0,141.0,132.0
109120,269.0,188.0,165.0,156.0
109121,239.0,193.0,129.0,135.0
109122,260.0,129.0,141.0,150.0
109123,263.0,159.0,151.0,150.0
109124,232.0,107.0,135.0,126.0
109125,257.0,109.0,148.0,146.0
109126,247.0,99.0,137.0,134.0
109127,240.0,82.0,113.0,134.0
109128,251.0,112.0,144.0,147.0
109129,228.0,88.0,123.0,133.0
109130,244.0,100.0,134.0,137.0
109131,230.0,94.0,136.0,127.0
109132,241.0,123.0,129.0,131.0
109133,262.0,101.0,147.0,129.0
109134,218.0,160.0,129.0,140.0
109135,255.0,172.0,158.0,142.0
109136,261.0,132.0,156.0,147.0
109137,258.0,127.0,136.0,140.0
109138,240.0,127.0,133.0,146.0
109139,254.0,100.0,158.0,139.0
109140,235.0,169.0,126.0,139.0
109141,258.0,125.0,151.0,163.0
109142,238.0,73.0,139.0,125.0
109143,233.0,88.0,133.0,119.0
109144,259.0,112.0,146.0,157.0
109145,246.0,114.0,141.0,154.0
109146,251.0,144.0,139.0,126.0
109147,252.0,113.0,148.0,154.0
109148,248.0,90.0,153.0,139.0
109149,252.0,142.0,145.0,137.0
109150,247.0,143.0,144.0,137.0
109151,246.0,96.0,133.0,126.0
109152,235.0,99.0,128.0,148.0
109153,258.0,109.0,143.0,147.0
109154,244.0,114.0,136.0,139.0
109155,264.0,106.0,154.0,155.0
109156,241.0,122.0,133.0,128.0
109157,262.0,118.0,140.0,134.0
109158,244.0,114.0,125.0,139.0
109159,242.0,90.0,144.0,136.0
109160,242.0,152.0,138.0,142.0
109161,267.0,100.0,153.0,152.0
109162,245.0,136.0,131.0,128.0
109163,249.0,124.0,129.0,139.0
109164,249.0,79.0,140.0,140.0
109165,247.0,99.0,135.0,152.0
109166,248.0,51.0,144.0,144.0
109167,244.0,123.0,136.0,140.0
109168,247.0,122.0,130.0,142.0
109169,255.0,131.0,135.0,149.0
109170,276.0,175.0,159.0,157.0
109171,250.0,94.0,134.0,139.0
109172,275.0,106.0,162.0,144.0
109173,245.0,100.0,131.0,141.0
109174,245.0,102.0,128.0,142.0
109175,253.0,114.0,147.0,137.0
109176,232.0,103.0,135.0,128.0
109177,255.0,113.0,146.0,126.0
109178,244.0,113.0,130.0,148.0
109179,269.0,130.0,158.0,146.0
109180,234.0,78.0,133.0,139.0
109181,261.0,103.0,138.0,138.0
109182,247.0,77.0,160.0,130.0
109183,264.0,124.0,167.0,131.0
109184,250.0,137.0,134.0,142.0
109185,266.0,221.0,152.0,151.0
109186,249.0,118.0,126.0,130.0
109187,247.0,93.0,148.0,143.0
109188,253.0,68.0,129.0,147.0
109189,251.0,137.0,155.0,143.0
109190,270.0,95.0,150.0,162.0
109191,230.0,88.0,122.0,131.0
109192,253.0,64.0,145.0,124.0
109193,274.0,118.0,150.0,141.0
109194,240.0,93.0,139.0,142.0
109195,256.0,179.0,134.0,129.0
109196,256.0,75.0,146.0,142.0
109197,242.0,105.0,148.0,126.0
109198,263.0,127.0,146.0,156.0
109199,269.0,78.0,159.0,152.0
109200,242.0,126.0,148.0,148.0
109201,224.0,69.0,120.0,131.0
109202,251.0,143.0,148.0,134.0
109203,272.0,143.0,146.0,153.0
109204,241.0,95.0,132.0,134.0
109205,249.0,128.0,151.0,140.0
109206,251.0,86.0,135.0,126.0
109207,265.0,178.0,145.0,142.0
109208,241.0,88.0,127.0,143.0
109209,269.0,120.0,155.0,163.0
109210,267.0,174.0,142.0,146.0
109211,257.0,146.0,157.0,134.0
109212,263.0,142.0,152.0,135.0
109213,243.0,91.0,150.0,132.0
109214,251.0,104.0,155.0,154.0
109215,243.0,103.0,147.0,142.0
109216,250.0,109.0,140.0,131.0
109217,248.0,110.0,138.0,119.0
109218,244.0,67.0,139.0,112.0
109219,230.0,127.0,139.0,133.0
109220,229.0,96.0,134.0,123.0
109221,238.0,126.0,135.0,134.0
109222,261.0,132.0,134.0,141.0
109223,248.0,119.0,151.0,139.0
109224,261.0,126.0,146.0,142.0
109225,241.0,110.0,141.0,157.0
109226,257.0,167.0,140.0,143.0
109227,252.0,122.0,162.0,141.0
109228,243.0,98.0,144.0,148.0
109229,232.0,124.0,132.0,134.0
109230,246.0,147.0,135.0,130.0
109231,289.0,101.0,154.0,157.0
109232,268.0,102.0,138.0,148.0
109233,229.0,87.0,127.0,123.0
109234,224.0,117.0,129.0,128.0
109235,248.0,114.0,133.0,151.0
109236,262.0,125.0,152.0,158.0
109237,245.0,211.0,148.0,139.0
109238,259.0,141.0,145.0,157.0
109239,247.0,49.0,133.0,133.0
109240,243.0,205.0,141.0,133.0
109241,272.0,125.0,155.0,157.0
109242,236.0,236.0,130.0,143.0
109243,250.0,143.0,143.0,144.0
109244,262.0,202.0,162.0,150.0
109245,246.0,90.0,150.0,141.0
109246,266.0,86.0,149.0,146.0
109247,264.0,110.0,142.0,142.0
109248,237.0,114.0,127.0,135.0
109249,254.0,108.0,150.0,132.0
109250,254.0,94.0,131.0,135.0
109251,243.0,130.0,145.0,138.0
109252,258.0,121.0,143.0,144.0
109253,252.0,114.0,132.0,137.0
109254,230.0,91.0,125.0,125.0
109255,250.0,103.0,130.0,139.0
109256,233.0,105.0,133.0,138.0
109257,255.0,175.0,131.0,140.0
109258,251.0,121.0,137.0,150.0
109259,258.0,116.0,147.0,149.0
109260,246.0,122.0,128.0,136.0
109261,235.0,160.0,133.0,132.0
109262,257.0,78.0,141.0,148.0
109263,282.0,132.0,148.0,140.0
109264,241.0,130.0,134.0,141.0
109265,238.0,87.0,143.0,125.0
109266,249.0,101.0,140.0,143.0
109267,244.0,82.0,149.0,141.0
109268,252.0,140.0,137.0,127.0
109269,275.0,146.0,150.0,165.0
109270,246.0,80.0,148.0,142.0
109271,252.0,138.0,138.0,129.0
109272,236.0,81.0,130.0,140.0
109273,244.0,102.0,153.0,144.0
109274,227.0,81.0,132.0,131.0
109275,248.0,122.0,135.0,137.0
109276,274.0,133.0,152.0,152.0
109277,244.0,41.0,156.0,133.0
109278,260.0,155.0,148.0,168.0
109279,226.0,88.0,125.0,122.0
109280,231.0,104.0,137.0,124.0
109281,274.0,124.0,161.0,160.0
109282,251.0,123.0,145.0,138.0
109283,240.0,237.0,151.0,130.0
109284,241.0,93.0,134.0,139.0
109285,255.0,121.0,145.0,146.0
109286,241.0,124.0,135.0,126.0
109287,234.0,85.0,136.0,120.0
109288,243.0,111.0,151.0,136.0
109289,263.0,138.0,127.0,152.0
109290,248.0,95.0,150.0,145.0
109291,231.0,110.0,120.0,127.0
109292,243.0,110.0,138.0,143.0
109293,249.0,226.0,128.0,145.0
109294,236.0,91.0,133.0,132.0
109295,238.0,121.0,134.0,125.0
109296,250.0,109.0,127.0,135.0
109297,259.0,144.0,139.0,133.0
109298,256.0,92.0,144.0,150.0
109299,252.0,96.0,147.0,139.0
109300,260.0,131.0,156.0,153.0
109301,252.0,88.0,156.0,139.0
109302,239.0,100.0,130.0,119.0
109303,261.0,107.0,160.0,136.0
109304,246.0,108.0,144.0,142.0
109305,234.0,90.0,134.0,136.0
109306,246.0,96.0,155.0,142.0
109307,246.0,120.0,137.0,131.0
109308,294.0,113.0,164.0,159.0
109309,229.0,104.0,132.0,136.0
109310,265.0,56.0,142.0,160.0
109311,230.0,74.0,128.0,130.0
109312,240.0,127.0,122.0,146.0
109313,245.0,96.0,140.0,139.0
109314,256.0,157.0,145.0,141.0
109315,284.0,144.0,155.0,160.0
109316,266.0,112.0,157.0,133.0
109317,236.0,122.0,123.0,129.0
109318,251.0,121.0,137.0,138.0
109319,273.0,105.0,142.0,169.0
109320,274.0,162.0,156.0,159.0
109321,210.0,104.0,120.0,111.0
109322,262.0,173.0,147.0,144.0
109323,261.0,89.0,146.0,145.0
109324,254.0,114.0,118.0,150.0
109325,245.0,109.0,154.0,130.0
109326,243.0,91.0,137.0,142.0
109327,243.0,106.0,133.0,144.0
109328,261.0,117.0,146.0,147.0
109329,242.0,211.0,130.0,132.0
109330,221.0,94.0,117.0,122.0
109331,264.0,132.0,143.0,137.0
109332,237.0,89.0,124.0,137.0
109333,242.0,109.0,129.0,132.0
109334,265.0,120.0,146.0,148.0
109335,265.0,112.0,142.0,153.0
109336,258.0,75.0,140.0,141.0
109337,280.0,118.0,159.0,148.0
109338,276.0,110.0,155.0,166.0
109339,254.0,142.0,132.0,146.0
109340,249.0,103.0,133.0,136.0
109341,253.0,85.0,152.0,140.0
109342,239.0,236.0,147.0,129.0
109343,234.0,112.0,129.0,136.0
109344,250.0,85.0,136.0,144.0
109345,243.0,124.0,142.0,132.0
109346,241.0,111.0,141.0,140.0
109347,244.0,118.0,139.0,134.0
109348,277.0,129.0,156.0,153.0
109349,247.0,89.0,137.0,132.0
109350,259.0,156.0,143.0,138.0
109351,254.0,87.0,140.0,141.0
109352,257.0,151.0,124.0,151.0
109353,222.0,79.0,126.0,130.0
109354,266.0,169.0,161.0,146.0
109355,242.0,145.0,120.0,136.0
109356,255.0,95.0,143.0,134.0
109357,257.0,107.0,141.0,157.0
109358,222.0,78.0,130.0,121.0
109359,268.0,184.0,147.0,155.0
109360,252.0,108.0,147.0,142.0
109361,262.0,93.0,162.0,158.0
109362,267.0,232.0,164.0,131.0
109363,250.0,215.0,143.0,157.0
109364,262.0,173.0,157.0,146.0
109365,245.0,122.0,135.0,131.0
109366,254.0,118.0,114.0,152.0
109367,247.0,94.0,131.0,139.0
109368,246.0,122.0,138.0,147.0
109369,252.0,168.0,134.0,139.0
109370,266.0,133.0,168.0,161.0
109371,263.0,176.0,150.0,143.0
109372,272.0,189.0,146.0,147.0
109373,258.0,69.0,123.0,158.0
109374,259.0,137.0,148.0,146.0
109375,273.0,66.0,148.0,155.0
109376,226.0,196.0,129.0,120.0
109377,251.0,75.0,147.0,123.0
109378,231.0,110.0,125.0,126.0
109379,264.0,111.0,133.0,163.0
109380,250.0,105.0,141.0,120.0
109381,264.0,103.0,146.0,154.0
109382,253.0,99.0,145.0,147.0
109383,239.0,77.0,124.0,127.0
109384,257.0,115.0,136.0,152.0
109385,248.0,107.0,139.0,140.0
109386,251.0,88.0,133.0,123.0
109387,261.0,169.0,156.0,151.0
109388,231.0,99.0,127.0,126.0
109389,275.0,103.0,148.0,166.0
109390,276.0,242.0,167.0,159.0
109391,239.0,134.0,145.0,139.0
109392,257.0,155.0,152.0,142.0
109393,237.0,114.0,118.0,136.0
109394,237.0,90.0,123.0,134.0
109395,248.0,97.0,132.0,150.0
109396,245.0,122.0,148.0,134.0
109397,242.0,100.0,147.0,146.0
109398,245.0,108.0,131.0,137.0
109399,260.0,153.0,155.0,150.0
109400,258.0,137.0,144.0,142.0
109401,240.0,126.0,122.0,135.0
109402,247.0,88.0,155.0,153.0
109403,260.0,100.0,155.0,147.0
109404,254.0,163.0,136.0,146.0
109405,269.0,183.0,142.0,142.0
109406,223.0,96.0,122.0,135.0
109407,264.0,225.0,135.0,144.0
109408,234.0,96.0,126.0,123.0
109409,258.0,121.0,135.0,147.0
109410,232.0,108.0,131.0,123.0
109411,231.0,80.0,136.0,133.0
109412,253.0,124.0,133.0,152.0
109413,261.0,121.0,135.0,149.0
109414,277.0,127.0,157.0,153.0
109415,238.0,85.0,132.0,130.0
109416,249.0,116.0,149.0,140.0
109417,247.0,73.0,153.0,143.0
109418,229.0,93.0,142.0,132.0
109419,236.0,107.0,120.0,128.0
109420,249.0,93.0,135.0,134.0
109421,231.0,80.0,140.0,126.0
109422,265.0,64.0,146.0,164.0
109423,272.0,215.0,160.0,157.0
109424,250.0,115.0,147.0,137.0
109425,256.0,89.0,148.0,139.0
109426,227.0,109.0,140.0,125.0
109427,242.0,97.0,131.0,133.0
109428,229.0,122.0,139.0,129.0
109429,249.0,90.0,139.0,131.0
109430,243.0,116.0,134.0,126.0
109431,250.0,120.0,134.0,147.0
109432,243.0,102.0,144.0,148.0
109433,243.0,95.0,141.0,132.0
109434,256.0,137.0,143.0,148.0
109435,229.0,119.0,121.0,126.0
109436,264.0,261.0,159.0,141.0
109437,263.0,108.0,153.0,137.0
109438,255.0,137.0,120.0,142.0
109439,263.0,66.0,144.0,150.0
109440,251.0,105.0,136.0,152.0
109441,247.0,105.0,151.0,141.0
109442,241.0,139.0,127.0,136.0
109443,250.0,98.0,135.0,146.0
109444,243.0,115.0,131.0,133.0
109445,258.0,127.0,145.0,134.0
109446,236.0,83.0,128.0,138.0
109447,230.0,105.0,111.0,140.0
109448,252.0,152.0,138.0,139.0
109449,268.0,236.0,145.0,139.0
109450,236.0,143.0,134.0,129.0
109451,245.0,61.0,151.0,129.0
109452,237.0,137.0,155.0,131.0
109453,253.0,98.0,137.0,144.0
109454,235.0,51.0,124.0,126.0
109455,236.0,100.0,120.0,115.0
109456,220.0,111.0,114.0,122.0
109457,266.0,117.0,154.0,146.0
109458,232.0,125.0,116.0,122.0
109459,242.0,120.0,129.0,133.0
109460,264.0,139.0,132.0,162.0
109461,264.0,139.0,153.0,153.0
109462,242.0,131.0,137.0,150.0
109463,269.0,118.0,167.0,154.0
109464,244.0,95.0,125.0,131.0
109465,254.0,112.0,150.0,153.0
109466,278.0,141.0,161.0,160.0
109467,256.0,177.0,134.0,135.0
109468,235.0,105.0,141.0,142.0
109469,255.0,95.0,134.0,146.0
109470,239.0,149.0,133.0,140.0
109471,239.0,74.0,119.0,129.0
109472,247.0,77.0,130.0,136.0
109473,242.0,76.0,144.0,136.0
109474,251.0,116.0,129.0,142.0
109475,219.0,125.0,127.0,128.0
109476,253.0,76.0,147.0,153.0
109477,259.0,94.0,132.0,158.0
109478,274.0,147.0,153.0,158.0
109479,265.0,87.0,147.0,153.0
109480,264.0,68.0,145.0,153.0
109481,251.0,162.0,133.0,148.0
109482,255.0,97.0,140.0,131.0
109483,263.0,225.0,154.0,157.0
109484,251.0,105.0,151.0,135.0
109485,251.0,100.0,147.0,133.0
109486,250.0,161.0,148.0,136.0
109487,240.0,123.0,136.0,124.0
109488,256.0,172.0,142.0,144.0
109489,261.0,151.0,144.0,150.0
109490,246.0,102.0,134.0,134.0
109491,234.0,150.0,131.0,127.0
109492,241.0,131.0,137.0,137.0
109493,217.0,68.0,114.0,126.0
109494,240.0,173.0,125.0,135.0
109495,235.0,84.0,135.0,136.0
109496,256.0,125.0,159.0,130.0
109497,256.0,122.0,136.0,149.0
109498,239.0,54.0,132.0,125.0
109499,261.0,155.0,137.0,156.0
109500,274.0,130.0,146.0,152.0
109501,250.0,106.0,132.0,141.0
109502,275.0,100.0,145.0,151.0
109503,249.0,102.0,134.0,134.0
109504,271.0,112.0,134.0,163.0
109505,232.0,80.0,136.0,120.0
109506,232.0,146.0,140.0,136.0
109507,230.0,96.0,131.0,128.0
109508,282.0,276.0,150.0,173.0
109509,234.0,100.0,126.0,135.0
109510,260.0,123.0,137.0,147.0
109511,243.0,205.0,146.0,132.0
109512,259.0,146.0,143.0,156.0
109513,244.0,100.0,139.0,151.0
109514,235.0,137.0,114.0,126.0
109515,238.0,103.0,128.0,131.0
109516,230.0,95.0,129.0,118.0
109517,241.0,95.0,141.0,120.0
109518,250.0,88.0,136.0,138.0
109519,259.0,225.0,158.0,128.0
109520,237.0,114.0,134.0,148.0
109521,240.0,82.0,127.0,137.0
109522,257.0,110.0,138.0,143.0
109523,241.0,212.0,131.0,134.0
109524,256.0,89.0,141.0,129.0
109525,249.0,116.0,152.0,146.0
109526,265.0,104.0,144.0,151.0
109527,271.0,51.0,159.0,164.0
109528,257.0,222.0,147.0,140.0
109529,241.0,121.0,128.0,147.0
109530,252.0,99.0,152.0,127.0
109531,247.0,92.0,145.0,148.0
109532,270.0,136.0,141.0,153.0
109533,257.0,70.0,136.0,156.0
109534,254.0,66.0,118.0,147.0
109535,252.0,96.0,135.0,134.0
109536,246.0,131.0,137.0,146.0
109537,244.0,127.0,148.0,122.0
109538,230.0,107.0,128.0,133.0
109539,271.0,142.0,147.0,151.0
109540,248.0,93.0,142.0,144.0
109541,236.0,98.0,134.0,124.0
109542,260.0,117.0,148.0,148.0
109543,268.0,120.0,155.0,147.0
109544,263.0,96.0,158.0,141.0
109545,230.0,115.0,126.0,117.0
109546,246.0,118.0,145.0,126.0
109547,264.0,137.0,143.0,137.0
109548,237.0,103.0,136.0,144.0
109549,256.0,75.0,141.0,145.0
109550,239.0,98.0,140.0,128.0
109551,258.0,126.0,157.0,149.0
109552,252.0,86.0,151.0,142.0
109553,256.0,131.0,147.0,146.0
109554,271.0,117.0,153.0,150.0
109555,260.0,161.0,161.0,130.0
109556,241.0,114.0,142.0,127.0
109557,244.0,85.0,144.0,123.0
109558,235.0,104.0,138.0,136.0
109559,246.0,205.0,138.0,131.0
109560,250.0,213.0,151.0,147.0
109561,239.0,168.0,116.0,131.0
109562,235.0,79.0,125.0,118.0
109563,250.0,97.0,144.0,142.0
109564,277.0,137.0,166.0,166.0
109565,254.0,122.0,154.0,130.0
109566,247.0,126.0,141.0,153.0
109567,239.0,70.0,134.0,135.0
109568,238.0,71.0,151.0,138.0
109569,250.0,109.0,144.0,137.0
109570,273.0,119.0,169.0,143.0
109571,279.0,102.0,164.0,164.0
109572,248.0,71.0,137.0,129.0
109573,261.0,214.0,155.0,151.0
109574,251.0,98.0,139.0,133.0
109575,217.0,143.0,119.0,117.0
109576,258.0,127.0,156.0,141.0
109577,242.0,139.0,135.0,153.0
109578,268.0,108.0,155.0,142.0
109579,235.0,107.0,121.0,131.0
109580,260.0,220.0,155.0,151.0
109581,228.0,87.0,143.0,144.0
109582,244.0,102.0,136.0,144.0
109583,242.0,89.0,146.0,132.0
109584,243.0,165.0,119.0,133.0
109585,260.0,83.0,146.0,127.0
109586,245.0,221.0,130.0,143.0
109587,263.0,93.0,152.0,163.0
109588,251.0,216.0,142.0,146.0
109589,240.0,185.0,144.0,130.0
109590,271.0,85.0,139.0,152.0
109591,250.0,109.0,164.0,125.0
109592,249.0,109.0,144.0,134.0
109593,239.0,70.0,142.0,137.0
109594,258.0,227.0,143.0,155.0
109595,269.0,133.0,150.0,135.0
109596,251.0,107.0,151.0,145.0
109597,238.0,130.0,136.0,129.0
109598,221.0,98.0,129.0,100.0
109599,293.0,177.0,158.0,167.0
109600,233.0,101.0,132.0,134.0
109601,248.0,130.0,125.0,141.0
109602,254.0,62.0,154.0,143.0
109603,248.0,90.0,139.0,136.0
109604,262.0,83.0,149.0,146.0
109605,257.0,100.0,139.0,149.0
109606,236.0,95.0,136.0,130.0
109607,235.0,72.0,131.0,143.0
109608,244.0,102.0,133.0,145.0
109609,271.0,175.0,149.0,154.0
109610,266.0,128.0,172.0,158.0
109611,261.0,125.0,149.0,143.0
109612,250.0,127.0,148.0,146.0
109613,232.0,206.0,129.0,129.0
109614,231.0,90.0,127.0,145.0
109615,254.0,94.0,137.0,143.0
109616,254.0,102.0,152.0,152.0
109617,243.0,34.0,144.0,151.0
109618,237.0,118.0,143.0,132.0
109619,270.0,108.0,162.0,140.0
109620,256.0,173.0,139.0,149.0
109621,244.0,133.0,137.0,137.0
109622,274.0,98.0,149.0,146.0
109623,210.0,152.0,118.0,123.0
109624,232.0,70.0,135.0,116.0
109625,248.0,106.0,123.0,137.0
109626,259.0,108.0,130.0,121.0
109627,255.0,95.0,150.0,141.0
109628,237.0,110.0,132.0,144.0
109629,258.0,87.0,131.0,156.0
109630,224.0,72.0,123.0,117.0
109631,229.0,70.0,132.0,123.0
109632,232.0,95.0,129.0,132.0
109633,253.0,113.0,141.0,155.0
109634,255.0,161.0,140.0,168.0
109635,260.0,150.0,153.0,141.0
109636,256.0,87.0,145.0,132.0
109637,240.0,119.0,126.0,132.0
109638,266.0,149.0,160.0,144.0
109639,253.0,139.0,142.0,136.0
109640,237.0,155.0,130.0,128.0
109641,237.0,96.0,150.0,131.0
109642,262.0,158.0,139.0,146.0
109643,232.0,85.0,125.0,143.0
109644,252.0,91.0,129.0,151.0
109645,268.0,124.0,162.0,156.0
109646,253.0,222.0,153.0,157.0
109647,266.0,94.0,164.0,156.0
109648,254.0,126.0,144.0,141.0
109649,244.0,91.0,140.0,133.0
109650,253.0,139.0,138.0,160.0
109651,240.0,94.0,141.0,123.0
109652,245.0,121.0,138.0,147.0
109653,245.0,92.0,151.0,119.0
109654,260.0,186.0,146.0,148.0
109655,234.0,83.0,129.0,118.0
109656,263.0,106.0,149.0,157.0
109657,257.0,109.0,150.0,136.0
109658,238.0,79.0,147.0,139.0
109659,249.0,151.0,134.0,142.0
109660,254.0,108.0,140.0,141.0
109661,245.0,125.0,135.0,131.0
109662,250.0,118.0,142.0,153.0
109663,269.0,125.0,154.0,150.0
109664,234.0,79.0,122.0,125.0
109665,215.0,89.0,122.0,112.0
109666,289.0,107.0,163.0,158.0
109667,255.0,110.0,131.0,137.0
109668,259.0,85.0,138.0,153.0
109669,272.0,130.0,154.0,175.0
109670,240.0,207.0,131.0,143.0
109671,287.0,146.0,145.0,167.0
109672,246.0,109.0,135.0,148.0
109673,277.0,83.0,146.0,159.0
109674,253.0,99.0,142.0,133.0
109675,275.0,110.0,134.0,150.0
109676,260.0,121.0,145.0,139.0
109677,246.0,112.0,135.0,135.0
109678,234.0,117.0,130.0,127.0
109679,254.0,134.0,143.0,140.0
109680,255.0,146.0,130.0,151.0
109681,232.0,69.0,134.0,135.0
109682,249.0,98.0,130.0,127.0
109683,238.0,112.0,135.0,132.0
109684,220.0,100.0,124.0,126.0
109685,262.0,141.0,152.0,154.0
109686,260.0,106.0,144.0,137.0
109687,259.0,94.0,132.0,145.0
109688,251.0,119.0,146.0,147.0
109689,229.0,72.0,131.0,139.0
109690,265.0,109.0,145.0,156.0
109691,232.0,219.0,115.0,132.0
109692,259.0,99.0,149.0,153.0
109693,268.0,107.0,175.0,149.0
109694,269.0,132.0,151.0,150.0
109695,269.0,138.0,147.0,146.0
109696,270.0,70.0,135.0,147.0
109697,233.0,75.0,150.0,137.0
109698,237.0,201.0,126.0,137.0
109699,259.0,129.0,141.0,141.0
109700,238.0,123.0,146.0,128.0
109701,257.0,139.0,137.0,131.0
109702,259.0,93.0,156.0,134.0
109703,252.0,95.0,149.0,142.0
109704,254.0,88.0,122.0,149.0
109705,251.0,112.0,145.0,153.0
109706,255.0,59.0,150.0,144.0
109707,241.0,101.0,116.0,136.0
109708,246.0,130.0,140.0,130.0
109709,245.0,89.0,141.0,127.0
109710,252.0,121.0,142.0,144.0
109711,238.0,97.0,114.0,132.0
109712,230.0,184.0,129.0,140.0
109713,237.0,134.0,145.0,136.0
109714,252.0,135.0,142.0,140.0
109715,231.0,106.0,145.0,132.0
109716,246.0,144.0,142.0,142.0
109717,266.0,80.0,145.0,151.0
109718,254.0,93.0,139.0,154.0
109719,238.0,91.0,138.0,130.0
109720,259.0,69.0,150.0,141.0
109721,249.0,135.0,135.0,136.0
109722,238.0,84.0,136.0,135.0
109723,261.0,95.0,152.0,145.0
109724,237.0,103.0,130.0,133.0
109725,260.0,104.0,159.0,146.0
109726,246.0,137.0,151.0,140.0
109727,234.0,112.0,124.0,128.0
109728,245.0,239.0,143.0,151.0
109729,271.0,194.0,140.0,151.0
109730,261.0,144.0,145.0,157.0
109731,269.0,81.0,164.0,151.0
109732,242.0,109.0,142.0,138.0
109733,262.0,86.0,150.0,149.0
109734,244.0,83.0,133.0,127.0
109735,228.0,71.0,132.0,127.0
109736,256.0,202.0,142.0,147.0
109737,258.0,119.0,137.0,153.0
109738,242.0,104.0,141.0,140.0
109739,275.0,103.0,156.0,148.0
109740,259.0,150.0,143.0,147.0
109741,255.0,136.0,151.0,143.0
109742,241.0,142.0,135.0,137.0
109743,244.0,103.0,152.0,142.0
109744,235.0,41.0,121.0,136.0
109745,255.0,112.0,137.0,156.0
109746,233.0,230.0,125.0,136.0
109747,263.0,127.0,136.0,150.0
109748,254.0,148.0,129.0,152.0
109749,242.0,79.0,137.0,136.0
109750,252.0,117.0,142.0,134.0
109751,254.0,111.0,147.0,149.0
109752,248.0,120.0,139.0,136.0
109753,236.0,62.0,131.0,138.0
109754,256.0,140.0,164.0,158.0
109755,248.0,117.0,144.0,150.0
109756,258.0,84.0,146.0,156.0
109757,248.0,103.0,141.0,144.0
109758,256.0,115.0,152.0,140.0
109759,268.0,139.0,157.0,138.0
109760,244.0,93.0,138.0,140.0
109761,260.0,108.0,142.0,147.0
109762,261.0,75.0,133.0,149.0
109763,250.0,114.0,130.0,148.0
109764,258.0,98.0,160.0,146.0
109765,265.0,124.0,157.0,136.0
109766,256.0,136.0,135.0,142.0
109767,257.0,127.0,147.0,154.0
109768,236.0,81.0,128.0,126.0
109769,283.0,101.0,150.0,169.0
109770,266.0,139.0,151.0,153.0
109771,242.0,99.0,119.0,134.0
109772,253.0,119.0,146.0,142.0
109773,248.0,172.0,142.0,135.0
109774,263.0,135.0,152.0,147.0
109775,236.0,90.0,138.0,147.0
109776,251.0,121.0,144.0,136.0
109777,292.0,118.0,171.0,172.0
109778,217.0,87.0,136.0,128.0
109779,271.0,121.0,157.0,150.0
109780,268.0,149.0,155.0,152.0
109781,243.0,145.0,137.0,131.0
109782,250.0,81.0,139.0,145.0
109783,244.0,77.0,122.0,138.0
109784,250.0,113.0,151.0,153.0
109785,264.0,90.0,154.0,151.0
109786,274.0,215.0,147.0,153.0
109787,233.0,123.0,137.0,131.0
109788,253.0,142.0,129.0,130.0
109789,243.0,98.0,143.0,141.0
109790,254.0,224.0,153.0,139.0
109791,232.0,97.0,130.0,137.0
109792,264.0,246.0,163.0,139.0
109793,246.0,106.0,137.0,147.0
109794,262.0,145.0,148.0,151.0
109795,268.0,227.0,156.0,142.0
109796,230.0,75.0,128.0,125.0
109797,256.0,79.0,132.0,151.0
109798,259.0,109.0,140.0,156.0
109799,229.0,82.0,110.0,121.0
109800,256.0,131.0,127.0,135.0
109801,262.0,221.0,153.0,151.0
109802,257.0,154.0,159.0,133.0
109803,255.0,146.0,138.0,139.0
109804,245.0,129.0,141.0,137.0
109805,266.0,176.0,147.0,144.0
109806,258.0,124.0,149.0,151.0
109807,256.0,112.0,138.0,139.0
109808,226.0,128.0,126.0,128.0
109809,270.0,128.0,144.0,148.0
109810,268.0,97.0,156.0,143.0
109811,234.0,110.0,135.0,126.0
109812,253.0,109.0,152.0,153.0
109813,260.0,109.0,137.0,143.0
109814,260.0,150.0,143.0,146.0
109815,265.0,102.0,152.0,158.0
109816,262.0,135.0,136.0,151.0
109817,249.0,158.0,147.0,147.0
109818,257.0,136.0,140.0,164.0
109819,244.0,102.0,140.0,156.0
109820,275.0,119.0,143.0,142.0
109821,234.0,121.0,129.0,126.0
109822,231.0,99.0,120.0,124.0
109823,254.0,140.0,134.0,142.0
109824,243.0,79.0,132.0,130.0
109825,233.0,69.0,136.0,123.0
109826,257.0,141.0,148.0,117.0
109827,263.0,98.0,140.0,156.0
109828,248.0,102.0,111.0,156.0
109829,252.0,206.0,150.0,129.0
109830,261.0,132.0,133.0,142.0
109831,260.0,128.0,148.0,148.0
109832,267.0,74.0,148.0,153.0
109833,252.0,98.0,140.0,150.0
109834,256.0,70.0,146.0,138.0
109835,226.0,131.0,148.0,129.0
109836,259.0,97.0,142.0,145.0
109837,258.0,110.0,159.0,153.0
109838,261.0,111.0,149.0,137.0
109839,288.0,119.0,158.0,164.0
109840,273.0,136.0,145.0,157.0
109841,249.0,141.0,140.0,140.0
109842,211.0,80.0,123.0,110.0
109843,246.0,81.0,131.0,139.0
109844,244.0,84.0,136.0,136.0
109845,253.0,118.0,144.0,151.0
109846,250.0,130.0,144.0,144.0
109847,238.0,108.0,140.0,126.0
109848,244.0,136.0,156.0,140.0
109849,254.0,89.0,139.0,129.0
109850,250.0,117.0,136.0,142.0
109851,247.0,122.0,127.0,162.0
109852,248.0,116.0,143.0,140.0
109853,281.0,88.0,159.0,172.0
109854,238.0,84.0,116.0,134.0
109855,233.0,106.0,127.0,131.0
109856,260.0,130.0,129.0,150.0
109857,236.0,108.0,124.0,119.0
109858,248.0,65.0,143.0,132.0
109859,256.0,133.0,150.0,140.0
109860,259.0,78.0,157.0,150.0
109861,251.0,109.0,149.0,145.0
109862,248.0,123.0,154.0,132.0
109863,260.0,69.0,153.0,143.0
109864,260.0,218.0,136.0,135.0
109865,243.0,112.0,135.0,131.0
109866,262.0,115.0,139.0,149.0
109867,244.0,104.0,125.0,119.0
109868,268.0,133.0,139.0,142.0
109869,230.0,230.0,149.0,129.0
109870,267.0,108.0,144.0,163.0
109871,283.0,98.0,176.0,164.0
109872,236.0,94.0,131.0,129.0
109873,254.0,137.0,133.0,137.0
109874,242.0,83.0,133.0,136.0
109875,249.0,88.0,146.0,153.0
109876,246.0,219.0,137.0,122.0
109877,236.0,106.0,152.0,134.0
109878,260.0,122.0,133.0,151.0
109879,246.0,101.0,128.0,149.0
109880,236.0,103.0,133.0,129.0
109881,232.0,88.0,119.0,131.0
109882,264.0,227.0,145.0,156.0
109883,258.0,143.0,137.0,150.0
109884,237.0,105.0,145.0,136.0
109885,254.0,98.0,148.0,138.0
109886,256.0,55.0,131.0,155.0
109887,258.0,101.0,154.0,137.0
109888,252.0,101.0,141.0,144.0
109889,251.0,75.0,130.0,134.0
109890,241.0,93.0,137.0,141.0
109891,250.0,130.0,133.0,135.0
109892,246.0,70.0,143.0,127.0
109893,261.0,107.0,145.0,150.0
109894,271.0,104.0,166.0,142.0
109895,253.0,108.0,144.0,138.0
109896,264.0,177.0,147.0,145.0
109897,212.0,101.0,120.0,116.0
109898,258.0,143.0,140.0,155.0
109899,254.0,86.0,142.0,154.0
109900,246.0,120.0,133.0,151.0
109901,258.0,216.0,159.0,143.0
109902,252.0,102.0,134.0,133.0
109903,264.0,138.0,135.0,149.0
109904,250.0,114.0,146.0,144.0
109905,247.0,110.0,140.0,137.0
109906,246.0,109.0,142.0,120.0
109907,227.0,106.0,137.0,126.0
109908,236.0,199.0,134.0,127.0
109909,245.0,110.0,139.0,138.0
109910,246.0,108.0,125.0,158.0
109911,241.0,100.0,136.0,134.0
109912,260.0,120.0,148.0,144.0
109913,260.0,161.0,151.0,160.0
109914,277.0,132.0,159.0,167.0
109915,262.0,133.0,157.0,140.0
109916,273.0,102.0,145.0,149.0
109917,238.0,108.0,131.0,138.0
109918,237.0,131.0,141.0,122.0
109919,262.0,161.0,146.0,148.0
109920,276.0,92.0,145.0,158.0
109921,248.0,94.0,123.0,139.0
109922,238.0,142.0,131.0,142.0
109923,253.0,143.0,154.0,139.0
109924,273.0,77.0,157.0,139.0
109925,275.0,222.0,141.0,156.0
109926,229.0,119.0,130.0,135.0
109927,254.0,103.0,141.0,150.0
109928,258.0,113.0,157.0,138.0
109929,224.0,87.0,120.0,125.0
109930,243.0,90.0,133.0,126.0
109931,267.0,101.0,156.0,148.0
109932,256.0,147.0,151.0,153.0
109933,246.0,132.0,140.0,135.0
109934,245.0,124.0,144.0,140.0
109935,241.0,89.0,133.0,148.0
109936,233.0,46.0,146.0,132.0
109937,251.0,148.0,126.0,144.0
109938,262.0,130.0,138.0,149.0
109939,263.0,84.0,149.0,152.0
109940,244.0,84.0,135.0,132.0
109941,272.0,113.0,163.0,150.0
109942,262.0,118.0,150.0,133.0
109943,234.0,114.0,131.0,143.0
109944,235.0,114.0,126.0,130.0
109945,242.0,109.0,144.0,142.0
109946,231.0,78.0,139.0,124.0
109947,278.0,156.0,158.0,166.0
109948,265.0,115.0,152.0,146.0
109949,252.0,103.0,135.0,146.0
109950,241.0,104.0,133.0,115.0
109951,248.0,117.0,124.0,147.0
109952,228.0,194.0,125.0,125.0
109953,265.0,128.0,155.0,163.0
109954,236.0,102.0,131.0,148.0
109955,254.0,125.0,117.0,140.0
109956,253.0,102.0,127.0,139.0
109957,261.0,150.0,142.0,149.0
109958,246.0,118.0,133.0,127.0
109959,236.0,101.0,127.0,120.0
109960,257.0,130.0,155.0,131.0
109961,250.0,101.0,150.0,136.0
109962,276.0,72.0,172.0,153.0
109963,256.0,115.0,151.0,146.0
109964,228.0,129.0,126.0,131.0
109965,242.0,109.0,140.0,117.0
109966,253.0,182.0,141.0,139.0
109967,227.0,92.0,117.0,141.0
109968,227.0,70.0,109.0,139.0
109969,246.0,65.0,136.0,145.0
109970,259.0,117.0,132.0,133.0
109971,252.0,79.0,133.0,152.0
109972,274.0,108.0,147.0,158.0
109973,238.0,215.0,130.0,137.0
109974,241.0,111.0,133.0,130.0
109975,281.0,80.0,169.0,162.0
109976,238.0,127.0,135.0,136.0
109977,273.0,159.0,153.0,145.0
109978,255.0,92.0,171.0,141.0
109979,264.0,164.0,134.0,136.0
109980,242.0,86.0,120.0,146.0
109981,270.0,123.0,159.0,149.0
109982,251.0,127.0,152.0,128.0
109983,246.0,95.0,151.0,134.0
109984,241.0,77.0,125.0,130.0
109985,258.0,137.0,160.0,142.0
109986,270.0,112.0,158.0,150.0
109987,271.0,107.0,146.0,157.0
109988,232.0,88.0,126.0,132.0
109989,242.0,163.0,136.0,151.0
109990,238.0,85.0,119.0,136.0
109991,253.0,121.0,154.0,134.0
109992,236.0,59.0,140.0,138.0
109993,249.0,118.0,151.0,150.0
109994,248.0,102.0,152.0,147.0
109995,230.0,99.0,127.0,139.0
109996,253.0,114.0,150.0,137.0
109997,269.0,180.0,157.0,154.0
109998,234.0,106.0,135.0,129.0
109999,260.0,155.0,153.0,144.0
110000,263.0,174.0,144.0,138.0
110001,237.0,140.0,125.0,136.0
110002,243.0,124.0,134.0,130.0
110003,256.0,117.0,128.0,155.0
110004,261.0,122.0,138.0,146.0
110005,256.0,77.0,150.0,138.0
110006,238.0,86.0,129.0,142.0
110007,268.0,120.0,139.0,146.0
110008,259.0,117.0,130.0,145.0
110009,243.0,48.0,149.0,136.0
110010,267.0,116.0,151.0,148.0
110011,268.0,127.0,158.0,163.0
110012,249.0,92.0,136.0,134.0
110013,262.0,140.0,146.0,143.0
110014,259.0,98.0,136.0,139.0
110015,241.0,78.0,123.0,148.0
110016,243.0,79.0,150.0,147.0
110017,248.0,117.0,123.0,138.0
110018,247.0,122.0,130.0,139.0
110019,256.0,117.0,153.0,149.0
110020,239.0,110.0,130.0,138.0
110021,246.0,102.0,147.0,148.0
110022,265.0,124.0,154.0,148.0
110023,251.0,96.0,136.0,128.0
110024,256.0,119.0,148.0,142.0
110025,264.0,154.0,152.0,163.0
110026,225.0,96.0,132.0,133.0
110027,245.0,111.0,143.0,132.0
110028,238.0,96.0,128.0,132.0
110029,255.0,140.0,131.0,149.0
110030,271.0,101.0,163.0,163.0
110031,255.0,114.0,145.0,148.0
110032,287.0,168.0,163.0,162.0
110033,244.0,96.0,145.0,139.0
110034,247.0,125.0,144.0,133.0
110035,256.0,70.0,146.0,143.0
110036,252.0,141.0,153.0,152.0
110037,258.0,72.0,147.0,145.0
110038,241.0,137.0,135.0,131.0
110039,260.0,103.0,154.0,141.0
110040,242.0,95.0,147.0,127.0
110041,236.0,126.0,134.0,137.0
110042,248.0,101.0,125.0,132.0
110043,254.0,136.0,137.0,146.0
110044,241.0,126.0,135.0,146.0
110045,265.0,84.0,166.0,161.0
110046,257.0,131.0,142.0,140.0
110047,279.0,130.0,156.0,165.0
110048,245.0,77.0,130.0,124.0
110049,228.0,116.0,130.0,132.0
110050,247.0,131.0,148.0,136.0
110051,248.0,130.0,142.0,132.0
110052,279.0,147.0,155.0,163.0
110053,270.0,124.0,151.0,152.0
110054,230.0,97.0,129.0,134.0
110055,253.0,100.0,157.0,134.0
110056,238.0,67.0,139.0,146.0
110057,233.0,89.0,131.0,142.0
110058,233.0,78.0,130.0,137.0
110059,245.0,95.0,128.0,140.0
110060,271.0,138.0,141.0,144.0
110061,226.0,76.0,121.0,126.0
110062,253.0,117.0,145.0,148.0
110063,264.0,135.0,137.0,143.0
110064,234.0,87.0,143.0,120.0
110065,241.0,75.0,130.0,146.0
110066,251.0,98.0,139.0,133.0
110067,254.0,121.0,149.0,132.0
110068,262.0,140.0,134.0,163.0
110069,229.0,114.0,142.0,127.0
110070,226.0,96.0,136.0,113.0
110071,251.0,85.0,141.0,129.0
110072,260.0,174.0,153.0,149.0
110073,249.0,124.0,130.0,137.0
110074,240.0,81.0,121.0,128.0
110075,244.0,103.0,139.0,135.0
110076,256.0,118.0,133.0,143.0
110077,233.0,95.0,123.0,123.0
110078,240.0,97.0,146.0,139.0
110079,271.0,114.0,149.0,149.0
110080,258.0,55.0,157.0,156.0
110081,245.0,78.0,150.0,141.0
110082,252.0,149.0,135.0,142.0
110083,217.0,93.0,112.0,118.0
110084,238.0,119.0,131.0,115.0
110085,251.0,115.0,127.0,136.0
110086,250.0,117.0,151.0,143.0
110087,250.0,131.0,137.0,138.0
110088,265.0,161.0,131.0,145.0
110089,272.0,116.0,163.0,143.0
110090,252.0,183.0,147.0,141.0
110091,223.0,82.0,115.0,126.0
110092,263.0,135.0,161.0,129.0
110093,237.0,98.0,127.0,127.0
110094,233.0,135.0,137.0,137.0
110095,245.0,150.0,141.0,137.0
110096,258.0,97.0,149.0,130.0
110097,244.0,143.0,152.0,134.0
110098,256.0,217.0,135.0,162.0
110099,246.0,213.0,141.0,131.0
110100,225.0,111.0,124.0,124.0
110101,269.0,266.0,169.0,160.0
110102,229.0,77.0,124.0,136.0
110103,257.0,129.0,148.0,139.0
110104,248.0,134.0,139.0,139.0
110105,251.0,83.0,144.0,138.0
110106,243.0,158.0,137.0,143.0
110107,252.0,118.0,144.0,145.0
110108,258.0,213.0,152.0,141.0
110109,235.0,67.0,139.0,129.0
110110,274.0,106.0,157.0,138.0
110111,234.0,103.0,131.0,119.0
110112,274.0,91.0,149.0,151.0
110113,256.0,100.0,141.0,126.0
110114,237.0,128.0,135.0,131.0
110115,230.0,114.0,129.0,124.0
110116,248.0,112.0,147.0,143.0
110117,241.0,204.0,137.0,151.0
110118,256.0,112.0,154.0,142.0
110119,250.0,79.0,127.0,136.0
110120,245.0,146.0,131.0,134.0
110121,246.0,124.0,135.0,142.0
110122,227.0,125.0,132.0,139.0
110123,253.0,104.0,143.0,146.0
110124,254.0,120.0,137.0,135.0
110125,241.0,123.0,133.0,140.0
110126,255.0,82.0,144.0,145.0
110127,248.0,132.0,132.0,132.0
110128,237.0,124.0,130.0,134.0
110129,207.0,91.0,117.0,101.0
110130,237.0,75.0,119.0,136.0
110131,240.0,105.0,128.0,121.0
110132,268.0,137.0,159.0,166.0
110133,246.0,102.0,139.0,139.0
110134,243.0,129.0,143.0,134.0
110135,224.0,135.0,127.0,124.0
110136,251.0,79.0,130.0,144.0
110137,247.0,139.0,123.0,137.0
110138,240.0,189.0,140.0,143.0
110139,240.0,105.0,127.0,136.0
110140,250.0,108.0,134.0,147.0
110141,244.0,102.0,130.0,131.0
110142,261.0,98.0,143.0,139.0
110143,227.0,98.0,135.0,122.0
110144,251.0,101.0,142.0,145.0
110145,244.0,110.0,126.0,132.0
110146,256.0,119.0,151.0,132.0
110147,258.0,132.0,144.0,148.0
110148,239.0,103.0,126.0,122.0
110149,238.0,90.0,127.0,121.0
110150,253.0,113.0,126.0,142.0
110151,260.0,123.0,141.0,137.0
110152,253.0,213.0,150.0,137.0
110153,243.0,121.0,140.0,128.0
110154,253.0,89.0,127.0,147.0
110155,237.0,81.0,140.0,131.0
110156,244.0,112.0,125.0,131.0
110157,246.0,73.0,145.0,133.0
110158,255.0,86.0,158.0,137.0
110159,262.0,103.0,135.0,139.0
110160,247.0,75.0,125.0,129.0
110161,251.0,94.0,140.0,114.0
110162,236.0,72.0,137.0,132.0
110163,252.0,64.0,139.0,159.0
110164,276.0,139.0,159.0,166.0
110165,219.0,105.0,133.0,127.0
110166,226.0,109.0,138.0,142.0
110167,230.0,116.0,127.0,133.0
110168,225.0,113.0,136.0,123.0
110169,250.0,99.0,152.0,154.0
110170,247.0,147.0,142.0,141.0
110171,259.0,185.0,149.0,137.0
110172,265.0,105.0,136.0,144.0
110173,245.0,107.0,142.0,133.0
110174,250.0,81.0,142.0,154.0
110175,254.0,122.0,149.0,153.0
110176,250.0,139.0,139.0,140.0
110177,235.0,62.0,127.0,133.0
110178,261.0,133.0,153.0,138.0
110179,226.0,66.0,122.0,141.0
110180,254.0,122.0,150.0,155.0
110181,264.0,95.0,144.0,155.0
110182,257.0,104.0,136.0,165.0
110183,229.0,96.0,122.0,134.0
110184,248.0,91.0,131.0,146.0
110185,253.0,252.0,156.0,140.0
110186,247.0,92.0,140.0,134.0
110187,261.0,144.0,162.0,148.0
110188,267.0,148.0,155.0,149.0
110189,265.0,119.0,141.0,147.0
110190,276.0,93.0,141.0,142.0
110191,246.0,114.0,128.0,123.0
110192,247.0,120.0,139.0,141.0
110193,264.0,103.0,140.0,141.0
110194,262.0,94.0,154.0,139.0
110195,267.0,109.0,156.0,150.0
110196,265.0,90.0,142.0,150.0
110197,244.0,134.0,135.0,134.0
110198,270.0,85.0,149.0,155.0
110199,251.0,118.0,142.0,140.0
110200,245.0,126.0,129.0,147.0
110201,257.0,129.0,129.0,141.0
110202,256.0,83.0,159.0,152.0
110203,243.0,178.0,135.0,133.0
110204,240.0,88.0,125.0,134.0
110205,260.0,105.0,141.0,133.0
110206,236.0,108.0,122.0,114.0
110207,226.0,74.0,115.0,129.0
110208,250.0,147.0,147.0,140.0
110209,258.0,122.0,149.0,158.0
110210,252.0,98.0,135.0,159.0
110211,254.0,81.0,132.0,134.0
110212,255.0,144.0,136.0,159.0
110213,243.0,77.0,134.0,147.0
110214,252.0,101.0,134.0,132.0
110215,238.0,92.0,135.0,124.0
110216,254.0,130.0,153.0,148.0
110217,258.0,92.0,152.0,148.0
110218,235.0,143.0,123.0,122.0
110219,262.0,114.0,140.0,155.0
110220,246.0,118.0,138.0,148.0
110221,260.0,134.0,157.0,149.0
110222,244.0,110.0,119.0,139.0
110223,260.0,87.0,148.0,141.0
110224,273.0,105.0,140.0,165.0
110225,240.0,77.0,130.0,130.0
110226,247.0,87.0,160.0,119.0
110227,246.0,105.0,133.0,134.0
110228,248.0,98.0,137.0,134.0
110229,240.0,98.0,125.0,133.0
110230,252.0,51.0,144.0,134.0
110231,234.0,90.0,135.0,124.0
110232,247.0,94.0,137.0,132.0
110233,266.0,138.0,149.0,171.0
110234,256.0,209.0,146.0,160.0
110235,231.0,121.0,128.0,131.0
110236,249.0,124.0,127.0,142.0
110237,236.0,115.0,127.0,135.0
110238,232.0,122.0,129.0,127.0
110239,255.0,88.0,140.0,125.0
110240,235.0,105.0,137.0,130.0
110241,246.0,178.0,138.0,140.0
110242,254.0,97.0,141.0,152.0
110243,256.0,124.0,147.0,129.0
110244,257.0,121.0,165.0,151.0
110245,238.0,71.0,125.0,129.0
110246,232.0,127.0,144.0,144.0
110247,255.0,154.0,134.0,153.0
110248,234.0,66.0,136.0,125.0
110249,245.0,134.0,134.0,142.0
110250,263.0,128.0,138.0,144.0
110251,235.0,114.0,138.0,130.0
110252,212.0,97.0,126.0,121.0
110253,234.0,156.0,138.0,117.0
110254,269.0,204.0,147.0,150.0
110255,245.0,108.0,135.0,141.0
110256,253.0,102.0,130.0,139.0
110257,272.0,224.0,150.0,149.0
110258,246.0,156.0,156.0,155.0
110259,258.0,118.0,132.0,150.0
110260,251.0,93.0,140.0,127.0
110261,239.0,93.0,141.0,128.0
110262,235.0,157.0,133.0,140.0
110263,248.0,108.0,133.0,151.0
110264,265.0,106.0,149.0,159.0
110265,244.0,131.0,133.0,145.0
110266,235.0,63.0,144.0,129.0
110267,252.0,112.0,138.0,138.0
110268,252.0,117.0,140.0,152.0
110269,257.0,84.0,133.0,166.0
110270,265.0,103.0,153.0,141.0
110271,245.0,105.0,141.0,124.0
110272,231.0,100.0,132.0,134.0
110273,220.0,82.0,115.0,117.0
110274,262.0,103.0,148.0,144.0
110275,261.0,146.0,148.0,139.0
110276,246.0,93.0,127.0,143.0
110277,248.0,103.0,146.0,151.0
110278,267.0,150.0,150.0,152.0
110279,236.0,97.0,141.0,132.0
110280,252.0,148.0,125.0,158.0
110281,251.0,72.0,129.0,148.0
110282,243.0,79.0,137.0,144.0
110283,235.0,110.0,128.0,147.0
110284,241.0,80.0,136.0,127.0
110285,242.0,131.0,132.0,137.0
110286,254.0,77.0,136.0,145.0
110287,270.0,105.0,153.0,161.0
110288,234.0,122.0,140.0,127.0
110289,260.0,84.0,128.0,140.0
110290,231.0,106.0,116.0,135.0
110291,256.0,100.0,146.0,155.0
110292,262.0,136.0,140.0,139.0
110293,265.0,144.0,155.0,146.0
110294,237.0,112.0,124.0,135.0
110295,241.0,115.0,124.0,134.0
110296,236.0,75.0,133.0,145.0
110297,263.0,128.0,144.0,149.0
110298,248.0,91.0,136.0,152.0
110299,220.0,76.0,119.0,126.0
110300,255.0,146.0,127.0,150.0
110301,271.0,126.0,143.0,150.0
110302,232.0,195.0,131.0,126.0
110303,212.0,81.0,100.0,116.0
110304,240.0,121.0,156.0,134.0
110305,238.0,78.0,134.0,138.0
110306,237.0,167.0,137.0,130.0
110307,262.0,136.0,144.0,141.0
110308,228.0,109.0,127.0,123.0
110309,226.0,77.0,128.0,127.0
110310,269.0,152.0,147.0,152.0
110311,250.0,97.0,126.0,131.0
110312,240.0,102.0,130.0,137.0
110313,261.0,81.0,138.0,155.0
110314,239.0,129.0,144.0,136.0
110315,248.0,116.0,148.0,120.0
110316,231.0,81.0,143.0,132.0
110317,244.0,88.0,137.0,135.0
110318,278.0,76.0,159.0,158.0
110319,241.0,74.0,136.0,134.0
110320,234.0,78.0,125.0,135.0
110321,240.0,147.0,138.0,135.0
110322,256.0,82.0,142.0,151.0
110323,252.0,117.0,155.0,147.0
110324,276.0,116.0,169.0,146.0
110325,238.0,95.0,132.0,124.0
110326,247.0,117.0,148.0,157.0
110327,220.0,79.0,123.0,142.0
110328,262.0,101.0,153.0,153.0
110329,259.0,165.0,133.0,143.0
110330,254.0,103.0,150.0,136.0
110331,254.0,98.0,143.0,138.0
110332,225.0,158.0,120.0,121.0
110333,265.0,143.0,148.0,147.0
110334,259.0,117.0,156.0,139.0
110335,257.0,91.0,135.0,136.0
110336,222.0,172.0,128.0,131.0
110337,255.0,153.0,134.0,139.0
110338,254.0,98.0,149.0,149.0
110339,253.0,99.0,143.0,135.0
110340,246.0,130.0,141.0,131.0
110341,251.0,114.0,143.0,146.0
110342,245.0,71.0,139.0,136.0
110343,247.0,131.0,139.0,145.0
110344,258.0,127.0,142.0,145.0
110345,261.0,81.0,143.0,161.0
110346,239.0,63.0,142.0,141.0
110347,293.0,134.0,178.0,166.0
110348,231.0,146.0,137.0,124.0
110349,248.0,120.0,138.0,146.0
110350,277.0,131.0,159.0,168.0
110351,247.0,124.0,131.0,131.0
110352,267.0,102.0,149.0,154.0
110353,256.0,219.0,145.0,155.0
110354,239.0,236.0,142.0,134.0
110355,248.0,160.0,128.0,137.0
110356,237.0,197.0,140.0,142.0
110357,254.0,63.0,157.0,127.0
110358,268.0,138.0,162.0,164.0
110359,245.0,245.0,134.0,148.0
110360,225.0,225.0,135.0,138.0
110361,244.0,137.0,125.0,140.0
110362,259.0,177.0,146.0,139.0
110363,248.0,92.0,131.0,136.0
110364,254.0,116.0,148.0,120.0
110365,226.0,57.0,129.0,121.0
110366,238.0,190.0,135.0,140.0
110367,252.0,108.0,131.0,138.0
110368,238.0,138.0,127.0,123.0
110369,262.0,138.0,162.0,142.0
110370,266.0,100.0,156.0,157.0
110371,258.0,151.0,133.0,143.0
110372,251.0,99.0,155.0,132.0
110373,224.0,109.0,129.0,128.0
110374,250.0,81.0,157.0,131.0
110375,237.0,99.0,130.0,123.0
110376,238.0,96.0,131.0,142.0
110377,215.0,123.0,123.0,121.0
110378,238.0,90.0,127.0,144.0
110379,247.0,109.0,133.0,132.0
110380,270.0,118.0,145.0,142.0
110381,222.0,92.0,118.0,122.0
110382,241.0,112.0,151.0,146.0
110383,237.0,109.0,140.0,139.0
110384,249.0,117.0,148.0,145.0
110385,242.0,138.0,129.0,140.0
110386,266.0,233.0,149.0,148.0
110387,276.0,114.0,150.0,158.0
110388,266.0,152.0,158.0,149.0
110389,271.0,115.0,172.0,155.0
110390,235.0,80.0,148.0,135.0
110391,249.0,136.0,136.0,148.0
110392,239.0,111.0,153.0,119.0
110393,279.0,160.0,139.0,166.0
110394,250.0,121.0,131.0,133.0
110395,220.0,80.0,126.0,132.0
110396,237.0,150.0,143.0,137.0
110397,261.0,77.0,131.0,142.0
110398,246.0,118.0,131.0,128.0
110399,224.0,191.0,122.0,123.0
110400,239.0,92.0,137.0,143.0
110401,246.0,220.0,149.0,137.0
110402,251.0,155.0,144.0,142.0
110403,230.0,110.0,122.0,134.0
110404,252.0,98.0,133.0,150.0
110405,274.0,111.0,148.0,140.0
110406,247.0,122.0,141.0,140.0
110407,229.0,133.0,134.0,115.0
110408,243.0,147.0,139.0,146.0
110409,251.0,109.0,140.0,135.0
110410,237.0,109.0,113.0,142.0
110411,238.0,128.0,130.0,126.0
110412,242.0,140.0,136.0,137.0
110413,229.0,148.0,121.0,123.0
110414,262.0,137.0,150.0,147.0
110415,256.0,104.0,152.0,134.0
110416,235.0,87.0,127.0,125.0
110417,261.0,134.0,151.0,141.0
110418,255.0,109.0,144.0,147.0
110419,246.0,128.0,142.0,133.0
110420,249.0,149.0,122.0,131.0
110421,221.0,127.0,126.0,127.0
110422,262.0,114.0,134.0,147.0
110423,241.0,91.0,128.0,136.0
110424,256.0,134.0,141.0,142.0
110425,236.0,82.0,131.0,134.0
110426,241.0,78.0,140.0,135.0
110427,227.0,56.0,137.0,138.0
110428,248.0,83.0,147.0,130.0
110429,262.0,94.0,133.0,151.0
110430,272.0,161.0,145.0,176.0
110431,258.0,125.0,144.0,143.0
110432,217.0,77.0,120.0,120.0
110433,280.0,145.0,161.0,151.0
110434,257.0,100.0,146.0,156.0
110435,263.0,118.0,153.0,154.0
110436,256.0,169.0,132.0,146.0
110437,245.0,68.0,139.0,149.0
110438,253.0,117.0,143.0,136.0
110439,255.0,174.0,125.0,160.0
110440,260.0,110.0,161.0,156.0
110441,240.0,71.0,140.0,143.0
110442,254.0,116.0,130.0,142.0
110443,255.0,132.0,140.0,138.0
110444,240.0,130.0,138.0,136.0
110445,257.0,97.0,135.0,134.0
110446,243.0,132.0,133.0,130.0
110447,237.0,153.0,133.0,137.0
110448,247.0,108.0,140.0,140.0
110449,262.0,162.0,140.0,152.0
110450,249.0,69.0,133.0,149.0
110451,280.0,102.0,153.0,167.0
110452,247.0,119.0,141.0,147.0
110453,257.0,152.0,132.0,131.0
110454,229.0,106.0,118.0,130.0
110455,260.0,116.0,149.0,154.0
110456,254.0,147.0,140.0,136.0
110457,266.0,148.0,154.0,134.0
110458,259.0,109.0,141.0,143.0
110459,255.0,81.0,146.0,136.0
110460,244.0,100.0,142.0,135.0
110461,265.0,79.0,143.0,153.0
110462,229.0,131.0,129.0,128.0
110463,264.0,121.0,162.0,159.0
110464,267.0,119.0,153.0,149.0
110465,257.0,79.0,146.0,144.0
110466,248.0,60.0,157.0,143.0
110467,247.0,160.0,132.0,128.0
110468,259.0,160.0,137.0,132.0
110469,256.0,119.0,150.0,134.0
110470,243.0,91.0,150.0,135.0
110471,232.0,117.0,130.0,125.0
110472,229.0,99.0,135.0,128.0
110473,242.0,184.0,143.0,139.0
110474,233.0,142.0,139.0,130.0
110475,254.0,213.0,135.0,140.0
110476,221.0,70.0,126.0,124.0
110477,263.0,114.0,141.0,160.0
110478,246.0,162.0,129.0,131.0
110479,253.0,147.0,124.0,138.0
110480,241.0,85.0,126.0,137.0
110481,238.0,143.0,126.0,140.0
110482,259.0,96.0,162.0,145.0
110483,251.0,124.0,137.0,128.0
110484,259.0,108.0,148.0,141.0
110485,249.0,97.0,135.0,144.0
110486,243.0,129.0,127.0,135.0
110487,244.0,138.0,139.0,134.0
110488,260.0,91.0,139.0,149.0
110489,272.0,81.0,162.0,148.0
110490,232.0,116.0,124.0,133.0
110491,278.0,142.0,157.0,169.0
110492,238.0,102.0,145.0,123.0
110493,278.0,99.0,150.0,150.0
110494,252.0,114.0,143.0,143.0
110495,232.0,87.0,126.0,134.0
110496,270.0,144.0,134.0,157.0
110497,260.0,130.0,129.0,142.0
110498,237.0,123.0,133.0,144.0
110499,244.0,112.0,143.0,123.0
110500,244.0,127.0,135.0,130.0
110501,251.0,113.0,146.0,162.0
110502,244.0,123.0,134.0,133.0
110503,250.0,103.0,141.0,151.0
110504,242.0,73.0,144.0,134.0
110505,260.0,100.0,144.0,145.0
110506,247.0,137.0,139.0,146.0
110507,265.0,87.0,152.0,147.0
110508,263.0,134.0,143.0,151.0
110509,268.0,247.0,136.0,146.0
110510,262.0,217.0,158.0,145.0
110511,261.0,121.0,162.0,141.0
110512,224.0,84.0,140.0,137.0
110513,243.0,91.0,131.0,151.0
110514,255.0,114.0,137.0,138.0
110515,254.0,145.0,154.0,135.0
110516,231.0,99.0,133.0,114.0
110517,272.0,118.0,170.0,157.0
110518,257.0,83.0,146.0,139.0
110519,240.0,115.0,132.0,152.0
110520,260.0,99.0,164.0,155.0
110521,263.0,81.0,146.0,143.0
110522,212.0,114.0,128.0,125.0
110523,239.0,119.0,127.0,131.0
110524,252.0,118.0,135.0,141.0
110525,271.0,93.0,139.0,158.0
110526,255.0,133.0,146.0,157.0
110527,244.0,199.0,136.0,132.0
110528,252.0,109.0,144.0,132.0
110529,245.0,141.0,129.0,138.0
110530,218.0,108.0,125.0,111.0
110531,254.0,123.0,163.0,139.0
110532,272.0,145.0,146.0,157.0
110533,243.0,97.0,147.0,136.0
110534,267.0,148.0,141.0,151.0
110535,240.0,156.0,133.0,140.0
110536,257.0,154.0,141.0,150.0
110537,209.0,181.0,117.0,111.0
110538,254.0,63.0,129.0,147.0
110539,247.0,87.0,151.0,132.0
110540,249.0,99.0,152.0,153.0
110541,244.0,85.0,138.0,156.0
110542,246.0,97.0,124.0,135.0
110543,242.0,84.0,136.0,133.0
110544,253.0,95.0,130.0,139.0
110545,236.0,110.0,115.0,128.0
110546,255.0,101.0,151.0,143.0
110547,219.0,119.0,124.0,118.0
110548,260.0,153.0,141.0,148.0
110549,284.0,93.0,157.0,157.0
110550,277.0,92.0,153.0,153.0
110551,250.0,156.0,148.0,148.0
110552,233.0,110.0,133.0,132.0
110553,253.0,136.0,145.0,149.0
110554,249.0,125.0,144.0,143.0
110555,259.0,80.0,169.0,140.0
110556,264.0,106.0,150.0,160.0
110557,253.0,86.0,131.0,131.0
110558,250.0,90.0,139.0,144.0
110559,255.0,73.0,136.0,131.0
110560,249.0,112.0,139.0,135.0
110561,237.0,115.0,118.0,134.0
110562,246.0,93.0,144.0,136.0
110563,255.0,99.0,121.0,146.0
110564,235.0,134.0,123.0,128.0
110565,259.0,113.0,154.0,137.0
110566,246.0,77.0,132.0,136.0
110567,234.0,97.0,119.0,132.0
110568,232.0,80.0,141.0,143.0
110569,258.0,132.0,145.0,146.0
110570,237.0,100.0,139.0,139.0
110571,260.0,74.0,167.0,151.0
110572,261.0,61.0,151.0,153.0
110573,251.0,118.0,150.0,125.0
110574,248.0,90.0,135.0,135.0
110575,256.0,121.0,136.0,129.0
110576,259.0,47.0,148.0,144.0
110577,238.0,157.0,130.0,128.0
110578,258.0,86.0,161.0,129.0
110579,258.0,127.0,158.0,151.0
110580,266.0,119.0,127.0,142.0
110581,255.0,138.0,121.0,162.0
110582,251.0,100.0,138.0,151.0
110583,253.0,121.0,150.0,145.0
110584,251.0,122.0,134.0,139.0
110585,236.0,109.0,134.0,135.0
110586,249.0,135.0,138.0,138.0
110587,256.0,114.0,139.0,156.0
110588,255.0,135.0,147.0,141.0
110589,272.0,111.0,148.0,152.0
110590,238.0,95.0,130.0,148.0
110591,250.0,139.0,141.0,138.0
110592,243.0,78.0,142.0,124.0
110593,245.0,130.0,142.0,145.0
110594,213.0,185.0,125.0,109.0
110595,257.0,75.0,134.0,148.0
110596,249.0,69.0,143.0,128.0
110597,262.0,99.0,154.0,157.0
110598,238.0,109.0,143.0,135.0
110599,260.0,140.0,151.0,143.0
110600,273.0,100.0,142.0,154.0
110601,233.0,154.0,120.0,146.0
110602,236.0,112.0,121.0,140.0
110603,238.0,214.0,122.0,134.0
110604,262.0,119.0,151.0,132.0
110605,248.0,117.0,134.0,132.0
110606,266.0,117.0,160.0,168.0
110607,241.0,108.0,135.0,133.0
110608,223.0,98.0,131.0,121.0
110609,263.0,115.0,143.0,165.0
110610,265.0,68.0,143.0,157.0
110611,257.0,83.0,131.0,147.0
110612,262.0,102.0,153.0,132.0
110613,257.0,186.0,147.0,150.0
110614,266.0,148.0,159.0,142.0
110615,256.0,141.0,143.0,138.0
110616,249.0,96.0,144.0,144.0
110617,257.0,137.0,129.0,140.0
110618,241.0,99.0,132.0,142.0
110619,279.0,116.0,161.0,161.0
110620,233.0,126.0,129.0,133.0
110621,239.0,79.0,126.0,122.0
110622,228.0,110.0,123.0,129.0
110623,256.0,92.0,144.0,140.0
110624,253.0,116.0,147.0,146.0
110625,268.0,146.0,141.0,139.0
110626,255.0,145.0,164.0,139.0
110627,254.0,103.0,141.0,142.0
110628,241.0,109.0,146.0,145.0
110629,278.0,157.0,160.0,153.0
110630,281.0,156.0,157.0,165.0
110631,244.0,117.0,153.0,118.0
110632,249.0,114.0,140.0,141.0
110633,250.0,117.0,135.0,158.0
110634,243.0,65.0,148.0,141.0
110635,237.0,112.0,125.0,142.0
110636,233.0,142.0,127.0,125.0
110637,263.0,97.0,157.0,145.0
110638,261.0,123.0,130.0,156.0
110639,230.0,72.0,134.0,125.0
110640,254.0,133.0,137.0,129.0
110641,263.0,93.0,143.0,143.0
110642,265.0,108.0,159.0,144.0
110643,262.0,78.0,149.0,149.0
110644,243.0,82.0,155.0,139.0
110645,233.0,147.0,130.0,140.0
110646,250.0,98.0,147.0,129.0
110647,233.0,109.0,136.0,121.0
110648,256.0,153.0,147.0,139.0
110649,227.0,96.0,116.0,135.0
110650,229.0,91.0,142.0,120.0
110651,241.0,110.0,125.0,131.0
110652,251.0,99.0,140.0,143.0
110653,242.0,76.0,139.0,145.0
110654,256.0,154.0,139.0,141.0
110655,236.0,86.0,140.0,133.0
110656,249.0,112.0,148.0,138.0
110657,274.0,125.0,159.0,148.0
110658,253.0,109.0,143.0,129.0
110659,229.0,106.0,126.0,122.0
110660,263.0,118.0,139.0,145.0
110661,263.0,115.0,148.0,153.0
110662,277.0,133.0,154.0,148.0
110663,263.0,95.0,143.0,155.0
110664,261.0,85.0,143.0,135.0
110665,236.0,106.0,132.0,130.0
110666,243.0,95.0,145.0,136.0
110667,259.0,142.0,133.0,154.0
110668,243.0,78.0,137.0,125.0
110669,252.0,48.0,144.0,139.0
110670,256.0,116.0,125.0,157.0
110671,260.0,131.0,156.0,150.0
110672,255.0,41.0,138.0,147.0
110673,262.0,153.0,163.0,137.0
110674,270.0,139.0,153.0,148.0
110675,251.0,120.0,146.0,152.0
110676,266.0,75.0,151.0,148.0
110677,223.0,191.0,124.0,122.0
110678,242.0,105.0,131.0,125.0
110679,251.0,82.0,143.0,141.0
110680,250.0,127.0,128.0,152.0
110681,233.0,135.0,128.0,142.0
110682,270.0,130.0,144.0,137.0
110683,233.0,103.0,135.0,125.0
110684,249.0,66.0,152.0,142.0
110685,237.0,123.0,127.0,138.0
110686,280.0,135.0,164.0,144.0
110687,246.0,82.0,136.0,147.0
110688,252.0,74.0,142.0,137.0
110689,253.0,81.0,140.0,137.0
110690,233.0,127.0,135.0,111.0
110691,264.0,131.0,150.0,167.0
110692,241.0,167.0,130.0,126.0
110693,271.0,165.0,160.0,165.0
110694,247.0,116.0,125.0,139.0
110695,229.0,95.0,137.0,122.0
110696,203.0,127.0,113.0,119.0
110697,246.0,100.0,144.0,140.0
110698,291.0,171.0,169.0,158.0
110699,241.0,124.0,125.0,121.0
110700,241.0,132.0,133.0,132.0
110701,236.0,97.0,132.0,137.0
110702,260.0,106.0,158.0,145.0
110703,256.0,109.0,138.0,143.0
110704,238.0,103.0,133.0,136.0
110705,254.0,160.0,151.0,144.0
110706,236.0,83.0,142.0,136.0
110707,260.0,124.0,155.0,157.0
110708,250.0,106.0,143.0,138.0
110709,243.0,136.0,136.0,127.0
110710,272.0,99.0,158.0,157.0
110711,263.0,83.0,143.0,153.0
110712,253.0,100.0,146.0,149.0
110713,274.0,134.0,149.0,158.0
110714,251.0,85.0,145.0,143.0
110715,252.0,164.0,130.0,134.0
110716,247.0,117.0,146.0,126.0
110717,253.0,64.0,134.0,159.0
110718,275.0,149.0,143.0,177.0
110719,243.0,85.0,137.0,133.0
110720,222.0,96.0,112.0,116.0
110721,247.0,105.0,136.0,139.0
110722,268.0,176.0,144.0,147.0
110723,246.0,123.0,120.0,130.0
110724,243.0,81.0,138.0,113.0
110725,268.0,115.0,152.0,149.0
110726,258.0,126.0,154.0,155.0
110727,259.0,147.0,144.0,147.0
110728,261.0,183.0,145.0,136.0
110729,241.0,103.0,147.0,136.0
110730,239.0,112.0,134.0,133.0
110731,242.0,136.0,138.0,142.0
110732,264.0,155.0,150.0,153.0
110733,242.0,94.0,138.0,129.0
110734,228.0,187.0,145.0,137.0
110735,241.0,114.0,123.0,133.0
110736,225.0,62.0,134.0,120.0
110737,224.0,84.0,133.0,126.0
110738,261.0,131.0,144.0,160.0
110739,271.0,80.0,140.0,153.0
110740,242.0,92.0,132.0,144.0
110741,261.0,106.0,144.0,154.0
110742,264.0,107.0,148.0,158.0
110743,232.0,95.0,128.0,125.0
110744,251.0,99.0,146.0,134.0
110745,256.0,157.0,142.0,138.0
110746,252.0,110.0,134.0,151.0
110747,255.0,132.0,133.0,147.0
110748,234.0,108.0,141.0,126.0
110749,253.0,120.0,131.0,138.0
110750,264.0,164.0,135.0,140.0
110751,248.0,113.0,136.0,131.0
110752,259.0,96.0,126.0,146.0
110753,241.0,96.0,139.0,143.0
110754,253.0,125.0,140.0,148.0
110755,284.0,270.0,171.0,149.0
110756,239.0,75.0,140.0,151.0
110757,241.0,122.0,130.0,142.0
110758,254.0,106.0,137.0,140.0
110759,242.0,122.0,127.0,138.0
110760,271.0,135.0,163.0,149.0
110761,263.0,61.0,146.0,150.0
110762,262.0,87.0,125.0,137.0
110763,250.0,62.0,139.0,140.0
110764,244.0,94.0,137.0,128.0
110765,207.0,77.0,104.0,117.0
110766,257.0,88.0,145.0,148.0
110767,236.0,107.0,129.0,134.0
110768,258.0,138.0,139.0,127.0
110769,266.0,106.0,160.0,144.0
110770,266.0,154.0,148.0,153.0
110771,270.0,128.0,155.0,153.0
110772,272.0,103.0,166.0,149.0
110773,236.0,110.0,135.0,136.0
110774,268.0,100.0,150.0,154.0
110775,279.0,95.0,149.0,167.0
110776,259.0,71.0,134.0,140.0
110777,262.0,159.0,150.0,142.0
110778,249.0,105.0,131.0,123.0
110779,269.0,126.0,146.0,144.0
110780,268.0,126.0,156.0,143.0
110781,250.0,122.0,148.0,150.0
110782,233.0,114.0,131.0,131.0
110783,259.0,211.0,162.0,147.0
110784,248.0,141.0,145.0,145.0
110785,263.0,100.0,141.0,167.0
110786,240.0,121.0,135.0,139.0
110787,250.0,129.0,138.0,145.0
110788,248.0,92.0,145.0,139.0
110789,252.0,122.0,141.0,143.0
110790,244.0,94.0,128.0,144.0
110791,228.0,100.0,131.0,132.0
110792,251.0,96.0,137.0,139.0
110793,228.0,98.0,137.0,126.0
110794,276.0,135.0,156.0,161.0
110795,270.0,147.0,132.0,144.0
110796,251.0,132.0,140.0,139.0
110797,259.0,119.0,142.0,148.0
110798,242.0,104.0,147.0,152.0
110799,223.0,116.0,121.0,119.0
110800,262.0,81.0,156.0,149.0
110801,255.0,222.0,143.0,153.0
110802,243.0,72.0,119.0,148.0
110803,229.0,97.0,128.0,123.0
110804,235.0,109.0,135.0,128.0
110805,263.0,168.0,153.0,146.0
110806,267.0,239.0,145.0,145.0
110807,242.0,120.0,135.0,139.0
110808,262.0,128.0,148.0,155.0
110809,270.0,147.0,143.0,159.0
110810,235.0,103.0,123.0,128.0
110811,256.0,93.0,146.0,134.0
110812,276.0,105.0,152.0,150.0
110813,277.0,114.0,144.0,172.0
110814,241.0,188.0,125.0,134.0
110815,261.0,110.0,147.0,144.0
110816,250.0,141.0,136.0,139.0
110817,234.0,88.0,127.0,137.0
110818,238.0,117.0,126.0,138.0
110819,240.0,133.0,137.0,130.0
110820,245.0,138.0,141.0,139.0
110821,260.0,140.0,125.0,154.0
110822,226.0,142.0,119.0,117.0
110823,270.0,152.0,152.0,133.0
110824,252.0,114.0,139.0,133.0
110825,271.0,109.0,155.0,145.0
110826,255.0,75.0,146.0,157.0
110827,233.0,90.0,140.0,137.0
110828,246.0,97.0,132.0,117.0
110829,251.0,141.0,134.0,152.0
110830,246.0,89.0,133.0,150.0
110831,252.0,92.0,147.0,158.0
110832,259.0,127.0,144.0,146.0
110833,240.0,113.0,131.0,146.0
110834,244.0,115.0,147.0,146.0
110835,232.0,115.0,127.0,137.0
110836,262.0,134.0,150.0,149.0
110837,246.0,209.0,130.0,128.0
110838,260.0,86.0,141.0,143.0
110839,250.0,107.0,142.0,138.0
110840,265.0,92.0,169.0,154.0
110841,263.0,84.0,160.0,149.0
110842,251.0,102.0,131.0,139.0
110843,242.0,109.0,150.0,142.0
110844,237.0,100.0,154.0,144.0
110845,252.0,102.0,145.0,124.0
110846,261.0,125.0,132.0,146.0
110847,249.0,105.0,154.0,124.0
110848,247.0,57.0,143.0,139.0
110849,244.0,127.0,134.0,131.0
110850,253.0,123.0,142.0,132.0
110851,248.0,97.0,154.0,134.0
110852,242.0,111.0,127.0,131.0
110853,260.0,66.0,148.0,155.0
110854,258.0,118.0,143.0,138.0
110855,241.0,81.0,135.0,148.0
110856,252.0,66.0,158.0,154.0
110857,247.0,127.0,141.0,142.0
110858,269.0,137.0,145.0,143.0
110859,241.0,142.0,140.0,137.0
110860,255.0,151.0,151.0,156.0
110861,237.0,78.0,122.0,131.0
110862,257.0,114.0,148.0,151.0
110863,270.0,108.0,143.0,152.0
110864,254.0,122.0,142.0,144.0
110865,250.0,127.0,137.0,126.0
110866,239.0,114.0,124.0,132.0
110867,247.0,96.0,138.0,134.0
110868,258.0,126.0,143.0,144.0
110869,258.0,110.0,140.0,139.0
110870,249.0,116.0,132.0,139.0
110871,239.0,76.0,144.0,147.0
110872,264.0,85.0,128.0,149.0
110873,249.0,88.0,137.0,150.0
110874,244.0,104.0,117.0,143.0
110875,252.0,140.0,138.0,156.0
110876,256.0,121.0,134.0,144.0
110877,266.0,128.0,147.0,154.0
110878,236.0,79.0,144.0,131.0
110879,258.0,80.0,156.0,150.0
110880,232.0,104.0,125.0,134.0
110881,254.0,140.0,135.0,143.0
110882,261.0,132.0,160.0,157.0
110883,250.0,139.0,145.0,136.0
110884,251.0,99.0,150.0,145.0
110885,267.0,122.0,151.0,147.0
110886,252.0,212.0,145.0,131.0
110887,255.0,107.0,143.0,150.0
110888,253.0,122.0,143.0,141.0
110889,226.0,124.0,126.0,132.0
110890,226.0,85.0,129.0,134.0
110891,253.0,126.0,136.0,135.0
110892,227.0,88.0,121.0,122.0
110893,259.0,119.0,160.0,143.0
110894,235.0,122.0,136.0,135.0
110895,243.0,108.0,142.0,142.0
110896,238.0,87.0,137.0,134.0
110897,216.0,99.0,116.0,110.0
110898,228.0,143.0,119.0,132.0
110899,258.0,198.0,154.0,147.0
110900,245.0,104.0,130.0,131.0
110901,270.0,207.0,164.0,146.0
110902,261.0,137.0,143.0,162.0
110903,250.0,128.0,158.0,142.0
110904,263.0,164.0,152.0,156.0
110905,273.0,112.0,167.0,150.0
110906,247.0,117.0,133.0,145.0
110907,229.0,192.0,147.0,128.0
110908,264.0,85.0,159.0,162.0
110909,247.0,174.0,142.0,146.0
110910,243.0,122.0,135.0,130.0
110911,241.0,120.0,127.0,129.0
110912,259.0,136.0,148.0,158.0
110913,235.0,100.0,134.0,122.0
110914,264.0,121.0,157.0,157.0
110915,249.0,134.0,151.0,141.0
110916,257.0,108.0,143.0,137.0
110917,268.0,148.0,148.0,135.0
110918,252.0,98.0,150.0,128.0
110919,268.0,126.0,152.0,155.0
110920,224.0,140.0,123.0,139.0
110921,242.0,67.0,141.0,129.0
110922,256.0,111.0,126.0,146.0
110923,264.0,261.0,169.0,159.0
110924,244.0,95.0,165.0,129.0
110925,261.0,170.0,162.0,143.0
110926,231.0,81.0,140.0,145.0
110927,251.0,177.0,137.0,137.0
110928,240.0,73.0,128.0,114.0
110929,224.0,105.0,128.0,130.0
110930,240.0,108.0,145.0,132.0
110931,234.0,116.0,127.0,128.0
110932,235.0,166.0,126.0,122.0
110933,254.0,142.0,143.0,128.0
110934,258.0,134.0,146.0,126.0
110935,257.0,100.0,128.0,140.0
110936,267.0,221.0,155.0,162.0
110937,262.0,142.0,151.0,149.0
110938,248.0,83.0,146.0,147.0
110939,266.0,129.0,132.0,140.0
110940,251.0,99.0,139.0,135.0
110941,235.0,98.0,133.0,124.0
110942,261.0,136.0,156.0,165.0
110943,247.0,124.0,135.0,126.0
110944,279.0,124.0,162.0,168.0
110945,240.0,88.0,128.0,136.0
110946,249.0,133.0,138.0,132.0
110947,241.0,89.0,147.0,134.0
110948,245.0,50.0,142.0,142.0
110949,253.0,82.0,148.0,148.0
110950,274.0,126.0,139.0,152.0
110951,236.0,97.0,130.0,141.0
110952,241.0,124.0,127.0,123.0
110953,237.0,97.0,130.0,126.0
110954,239.0,130.0,138.0,128.0
110955,252.0,181.0,137.0,136.0
110956,255.0,127.0,144.0,140.0
110957,246.0,129.0,151.0,130.0
110958,239.0,98.0,130.0,133.0
110959,236.0,113.0,134.0,136.0
110960,253.0,93.0,135.0,145.0
110961,239.0,94.0,145.0,129.0
110962,255.0,112.0,150.0,137.0
110963,245.0,95.0,136.0,142.0
110964,264.0,134.0,143.0,162.0
110965,262.0,97.0,152.0,145.0
110966,253.0,142.0,153.0,143.0
110967,238.0,136.0,147.0,131.0
110968,257.0,113.0,151.0,132.0
110969,279.0,138.0,151.0,141.0
110970,260.0,133.0,149.0,138.0
110971,256.0,116.0,141.0,139.0
110972,264.0,117.0,147.0,137.0
110973,244.0,131.0,137.0,156.0
110974,236.0,59.0,132.0,137.0
110975,251.0,159.0,134.0,137.0
110976,250.0,108.0,152.0,135.0
110977,240.0,103.0,142.0,136.0
110978,262.0,135.0,152.0,154.0
110979,252.0,231.0,151.0,138.0
110980,257.0,105.0,157.0,131.0
110981,255.0,150.0,151.0,136.0
110982,262.0,99.0,145.0,146.0
110983,250.0,65.0,147.0,143.0
110984,284.0,163.0,157.0,148.0
110985,260.0,218.0,158.0,149.0
110986,258.0,114.0,139.0,141.0
110987,264.0,148.0,136.0,136.0
110988,259.0,63.0,141.0,138.0
110989,263.0,218.0,150.0,159.0
110990,243.0,86.0,135.0,133.0
110991,239.0,139.0,140.0,144.0
110992,246.0,138.0,140.0,147.0
110993,245.0,103.0,132.0,135.0
110994,262.0,129.0,140.0,143.0
110995,245.0,74.0,136.0,135.0
110996,247.0,134.0,140.0,140.0
110997,247.0,115.0,127.0,130.0
110998,273.0,146.0,129.0,149.0
110999,241.0,102.0,133.0,145.0
111000,250.0,78.0,142.0,135.0
111001,248.0,117.0,149.0,142.0
111002,255.0,103.0,149.0,157.0
111003,261.0,210.0,140.0,130.0
111004,250.0,139.0,143.0,127.0
111005,237.0,110.0,132.0,133.0
111006,258.0,107.0,140.0,151.0
111007,249.0,188.0,140.0,134.0
111008,254.0,110.0,147.0,148.0
111009,244.0,116.0,129.0,143.0
111010,252.0,69.0,150.0,141.0
111011,251.0,130.0,154.0,149.0
111012,241.0,140.0,130.0,135.0
111013,241.0,91.0,118.0,126.0
111014,232.0,145.0,124.0,127.0
111015,263.0,124.0,153.0,138.0
111016,250.0,116.0,136.0,148.0
111017,247.0,127.0,119.0,140.0
111018,250.0,96.0,143.0,147.0
111019,234.0,85.0,144.0,132.0
111020,237.0,150.0,132.0,135.0
111021,241.0,121.0,113.0,122.0
111022,268.0,121.0,143.0,151.0
111023,254.0,132.0,124.0,144.0
111024,242.0,94.0,124.0,134.0
111025,261.0,105.0,140.0,138.0
111026,258.0,135.0,142.0,155.0
111027,251.0,112.0,145.0,143.0
111028,249.0,154.0,124.0,148.0
111029,266.0,161.0,149.0,148.0
111030,255.0,147.0,146.0,143.0
111031,247.0,90.0,130.0,131.0
111032,225.0,79.0,125.0,131.0
111033,231.0,118.0,132.0,157.0
111034,245.0,137.0,136.0,141.0
111035,228.0,72.0,129.0,125.0
111036,240.0,112.0,126.0,130.0
111037,276.0,106.0,161.0,170.0
111038,248.0,117.0,148.0,138.0
111039,269.0,118.0,161.0,146.0
111040,252.0,104.0,137.0,140.0
111041,251.0,122.0,149.0,150.0
111042,229.0,89.0,124.0,132.0
111043,253.0,85.0,150.0,139.0
111044,234.0,105.0,137.0,153.0
111045,250.0,124.0,149.0,154.0
111046,268.0,154.0,141.0,144.0
111047,249.0,113.0,141.0,138.0
111048,246.0,116.0,130.0,141.0
111049,247.0,95.0,131.0,139.0
111050,228.0,139.0,135.0,132.0
111051,228.0,140.0,129.0,117.0
111052,264.0,133.0,142.0,147.0
111053,261.0,113.0,157.0,138.0
111054,261.0,132.0,151.0,143.0
111055,283.0,132.0,159.0,163.0
111056,277.0,121.0,147.0,168.0
111057,257.0,114.0,154.0,132.0
111058,240.0,102.0,132.0,143.0
111059,239.0,106.0,140.0,135.0
111060,246.0,84.0,140.0,144.0
111061,239.0,97.0,130.0,128.0
111062,235.0,89.0,131.0,126.0
111063,251.0,127.0,145.0,137.0
111064,234.0,72.0,133.0,122.0
111065,251.0,112.0,147.0,140.0
111066,247.0,166.0,126.0,130.0
111067,263.0,66.0,148.0,153.0
111068,235.0,139.0,136.0,142.0
111069,228.0,109.0,109.0,125.0
111070,247.0,97.0,128.0,145.0
111071,265.0,69.0,152.0,169.0
111072,245.0,154.0,135.0,134.0
111073,245.0,110.0,142.0,135.0
111074,239.0,101.0,142.0,130.0
111075,244.0,113.0,135.0,125.0
111076,263.0,180.0,155.0,148.0
111077,268.0,89.0,159.0,151.0
111078,239.0,91.0,133.0,123.0
111079,239.0,112.0,126.0,137.0
111080,244.0,99.0,154.0,140.0
111081,256.0,99.0,142.0,141.0
111082,259.0,109.0,136.0,140.0
111083,244.0,98.0,134.0,136.0
111084,262.0,114.0,154.0,138.0
111085,237.0,116.0,136.0,121.0
111086,245.0,130.0,139.0,149.0
111087,251.0,132.0,140.0,129.0
111088,255.0,77.0,151.0,146.0
111089,238.0,139.0,127.0,137.0
111090,238.0,119.0,128.0,126.0
111091,236.0,132.0,127.0,140.0
111092,258.0,165.0,145.0,141.0
111093,268.0,125.0,158.0,161.0
111094,241.0,128.0,124.0,147.0
111095,262.0,100.0,150.0,145.0
111096,246.0,104.0,144.0,131.0
111097,231.0,147.0,114.0,124.0
111098,270.0,108.0,153.0,159.0
111099,236.0,147.0,130.0,138.0
111100,268.0,142.0,155.0,141.0
111101,275.0,134.0,146.0,148.0
111102,241.0,97.0,144.0,145.0
111103,222.0,90.0,124.0,133.0
111104,252.0,159.0,140.0,164.0
111105,253.0,129.0,139.0,154.0
111106,248.0,91.0,143.0,130.0
111107,261.0,109.0,154.0,133.0
111108,251.0,86.0,132.0,131.0
111109,263.0,103.0,157.0,158.0
111110,254.0,86.0,147.0,139.0
111111,236.0,78.0,132.0,139.0
111112,215.0,108.0,108.0,125.0
111113,241.0,105.0,129.0,131.0
111114,253.0,119.0,135.0,140.0
111115,246.0,102.0,134.0,138.0
111116,256.0,122.0,133.0,148.0
111117,242.0,80.0,146.0,157.0
111118,240.0,103.0,126.0,145.0
111119,241.0,140.0,140.0,129.0
111120,226.0,84.0,132.0,130.0
111121,258.0,133.0,134.0,154.0
111122,261.0,94.0,140.0,139.0
111123,238.0,111.0,152.0,138.0
111124,250.0,86.0,136.0,136.0
111125,255.0,165.0,146.0,145.0
111126,245.0,125.0,131.0,132.0
111127,255.0,91.0,149.0,157.0
111128,289.0,156.0,168.0,168.0
111129,255.0,146.0,135.0,151.0
111130,242.0,126.0,140.0,135.0
111131,260.0,106.0,153.0,137.0
111132,240.0,145.0,126.0,147.0
111133,264.0,146.0,151.0,132.0
111134,237.0,98.0,128.0,141.0
111135,233.0,109.0,130.0,143.0
111136,259.0,84.0,127.0,144.0
111137,243.0,151.0,143.0,122.0
111138,240.0,126.0,142.0,142.0
111139,247.0,210.0,128.0,136.0
111140,237.0,135.0,141.0,134.0
111141,241.0,129.0,134.0,138.0
111142,257.0,151.0,146.0,147.0
111143,243.0,51.0,124.0,145.0
111144,254.0,118.0,145.0,141.0
111145,266.0,138.0,159.0,142.0
111146,281.0,252.0,178.0,153.0
111147,262.0,141.0,162.0,149.0
111148,223.0,104.0,135.0,135.0
111149,239.0,137.0,129.0,134.0
111150,262.0,111.0,144.0,152.0
111151,251.0,106.0,139.0,137.0
111152,257.0,108.0,124.0,146.0
111153,240.0,149.0,128.0,129.0
111154,246.0,113.0,129.0,121.0
111155,234.0,85.0,134.0,137.0
111156,253.0,77.0,145.0,136.0
111157,253.0,107.0,137.0,153.0
111158,236.0,138.0,141.0,131.0
111159,230.0,102.0,127.0,141.0
111160,277.0,88.0,148.0,159.0
111161,236.0,114.0,129.0,128.0
111162,253.0,98.0,143.0,133.0
111163,280.0,138.0,150.0,151.0
111164,251.0,118.0,150.0,144.0
111165,260.0,196.0,151.0,149.0
111166,258.0,100.0,137.0,162.0
111167,231.0,101.0,138.0,127.0
111168,240.0,85.0,139.0,120.0
111169,250.0,140.0,142.0,149.0
111170,258.0,217.0,140.0,134.0
111171,223.0,137.0,132.0,129.0
111172,245.0,73.0,136.0,155.0
111173,254.0,137.0,158.0,126.0
111174,262.0,116.0,149.0,150.0
111175,265.0,117.0,136.0,143.0
111176,256.0,149.0,151.0,134.0
111177,255.0,131.0,144.0,144.0
111178,258.0,123.0,145.0,146.0
111179,247.0,121.0,138.0,142.0
111180,263.0,107.0,141.0,150.0
111181,241.0,105.0,124.0,143.0
111182,254.0,156.0,148.0,133.0
111183,278.0,134.0,147.0,156.0
111184,235.0,82.0,138.0,133.0
111185,256.0,179.0,147.0,136.0
111186,248.0,73.0,133.0,130.0
111187,251.0,88.0,141.0,146.0
111188,260.0,87.0,155.0,144.0
111189,234.0,120.0,127.0,140.0
111190,235.0,73.0,122.0,117.0
111191,267.0,168.0,143.0,144.0
111192,242.0,221.0,142.0,129.0
111193,266.0,106.0,150.0,139.0
111194,262.0,212.0,148.0,142.0
111195,251.0,224.0,143.0,152.0
111196,258.0,77.0,145.0,138.0
111197,237.0,93.0,126.0,143.0
111198,246.0,92.0,148.0,127.0
111199,253.0,133.0,140.0,148.0
111200,240.0,91.0,142.0,141.0
111201,277.0,129.0,153.0,147.0
111202,229.0,154.0,122.0,121.0
111203,244.0,188.0,124.0,129.0
111204,221.0,117.0,130.0,121.0
111205,246.0,128.0,130.0,137.0
111206,242.0,118.0,127.0,127.0
111207,255.0,111.0,146.0,130.0
111208,260.0,73.0,151.0,142.0
111209,279.0,109.0,160.0,163.0
111210,247.0,97.0,132.0,145.0
111211,266.0,106.0,148.0,158.0
111212,231.0,90.0,121.0,131.0
111213,240.0,118.0,133.0,150.0
111214,267.0,82.0,142.0,151.0
111215,238.0,149.0,126.0,130.0
111216,248.0,76.0,144.0,131.0
111217,269.0,93.0,158.0,168.0
111218,271.0,118.0,158.0,158.0
111219,224.0,84.0,118.0,131.0
111220,237.0,105.0,140.0,131.0
111221,253.0,182.0,140.0,142.0
111222,247.0,92.0,130.0,149.0
111223,252.0,124.0,148.0,152.0
111224,250.0,84.0,152.0,145.0
111225,239.0,198.0,134.0,131.0
111226,241.0,142.0,132.0,137.0
111227,243.0,117.0,140.0,150.0
111228,218.0,84.0,122.0,118.0
111229,252.0,79.0,122.0,148.0
111230,260.0,178.0,143.0,141.0
111231,262.0,90.0,149.0,141.0
111232,280.0,147.0,168.0,160.0
111233,251.0,113.0,152.0,129.0
111234,240.0,84.0,139.0,117.0
111235,230.0,69.0,142.0,137.0
111236,267.0,107.0,161.0,153.0
111237,244.0,112.0,147.0,139.0
111238,241.0,83.0,128.0,131.0
111239,235.0,106.0,141.0,123.0
111240,262.0,85.0,139.0,143.0
111241,245.0,128.0,130.0,144.0
111242,255.0,127.0,131.0,137.0
111243,255.0,144.0,146.0,151.0
111244,251.0,97.0,142.0,152.0
111245,272.0,171.0,140.0,146.0
111246,254.0,119.0,162.0,143.0
111247,243.0,84.0,132.0,136.0
111248,264.0,212.0,130.0,146.0
111249,247.0,124.0,138.0,124.0
111250,260.0,89.0,143.0,159.0
111251,262.0,70.0,140.0,146.0
111252,233.0,88.0,140.0,134.0
111253,242.0,72.0,132.0,129.0
111254,236.0,119.0,127.0,130.0
111255,256.0,109.0,158.0,148.0
111256,255.0,91.0,136.0,135.0
111257,260.0,201.0,141.0,148.0
111258,250.0,201.0,148.0,137.0
111259,259.0,98.0,148.0,138.0
111260,261.0,137.0,155.0,141.0
111261,246.0,80.0,137.0,133.0
111262,256.0,127.0,150.0,156.0
111263,280.0,117.0,154.0,158.0
111264,258.0,122.0,133.0,150.0
111265,224.0,78.0,140.0,112.0
111266,240.0,159.0,132.0,134.0
111267,235.0,98.0,129.0,142.0
111268,251.0,134.0,135.0,139.0
111269,234.0,106.0,119.0,135.0
111270,240.0,96.0,133.0,138.0
111271,223.0,134.0,133.0,128.0
111272,251.0,123.0,132.0,127.0
111273,262.0,101.0,144.0,143.0
111274,270.0,149.0,150.0,153.0
111275,243.0,99.0,144.0,135.0
111276,260.0,155.0,147.0,158.0
111277,238.0,117.0,119.0,144.0
111278,253.0,100.0,151.0,148.0
111279,235.0,104.0,138.0,136.0
111280,284.0,120.0,167.0,167.0
111281,238.0,111.0,138.0,127.0
111282,269.0,144.0,152.0,151.0
111283,232.0,132.0,132.0,136.0
111284,244.0,105.0,142.0,116.0
111285,243.0,104.0,135.0,156.0
111286,233.0,123.0,137.0,134.0
111287,223.0,96.0,122.0,122.0
111288,264.0,104.0,152.0,149.0
111289,238.0,211.0,131.0,136.0
111290,242.0,219.0,153.0,136.0
111291,266.0,144.0,161.0,156.0
111292,220.0,110.0,119.0,121.0
111293,253.0,84.0,142.0,137.0
111294,248.0,96.0,134.0,133.0
111295,237.0,119.0,131.0,121.0
111296,236.0,141.0,128.0,142.0
111297,259.0,72.0,148.0,157.0
111298,246.0,112.0,139.0,121.0
111299,254.0,135.0,135.0,147.0
111300,276.0,105.0,153.0,160.0
111301,243.0,73.0,145.0,130.0
111302,244.0,137.0,134.0,147.0
111303,266.0,107.0,147.0,156.0
111304,237.0,124.0,139.0,131.0
111305,266.0,120.0,141.0,141.0
111306,238.0,106.0,117.0,132.0
111307,245.0,92.0,131.0,143.0
111308,258.0,211.0,153.0,165.0
111309,267.0,107.0,143.0,144.0
111310,267.0,131.0,152.0,149.0
111311,221.0,75.0,137.0,122.0
111312,250.0,96.0,138.0,124.0
111313,242.0,123.0,149.0,127.0
111314,254.0,96.0,144.0,140.0
111315,248.0,128.0,148.0,134.0
111316,275.0,92.0,152.0,152.0
111317,242.0,109.0,142.0,139.0
111318,254.0,116.0,139.0,149.0
111319,236.0,86.0,123.0,131.0
111320,213.0,93.0,116.0,120.0
111321,233.0,98.0,122.0,137.0
111322,255.0,123.0,156.0,152.0
111323,270.0,107.0,153.0,155.0
111324,278.0,154.0,157.0,148.0
111325,273.0,96.0,163.0,143.0
111326,246.0,133.0,127.0,142.0
111327,230.0,100.0,131.0,136.0
111328,225.0,87.0,121.0,129.0
111329,255.0,125.0,138.0,123.0
111330,249.0,97.0,132.0,139.0
111331,253.0,118.0,141.0,139.0
111332,246.0,145.0,137.0,137.0
111333,267.0,96.0,154.0,138.0
111334,245.0,133.0,134.0,134.0
111335,252.0,86.0,146.0,156.0
111336,246.0,106.0,151.0,136.0
111337,252.0,157.0,133.0,133.0
111338,240.0,154.0,132.0,141.0
111339,251.0,158.0,127.0,149.0
111340,249.0,210.0,149.0,136.0
111341,237.0,95.0,144.0,128.0
111342,257.0,221.0,138.0,145.0
111343,274.0,115.0,153.0,144.0
111344,255.0,156.0,155.0,139.0
111345,258.0,149.0,151.0,120.0
111346,231.0,192.0,129.0,119.0
111347,243.0,88.0,132.0,141.0
111348,239.0,103.0,133.0,130.0
111349,259.0,149.0,143.0,137.0
111350,262.0,124.0,144.0,132.0
111351,236.0,110.0,144.0,131.0
111352,281.0,147.0,160.0,153.0
111353,267.0,68.0,142.0,144.0
111354,243.0,104.0,132.0,133.0
111355,249.0,97.0,152.0,128.0
111356,250.0,66.0,136.0,136.0
111357,267.0,120.0,146.0,160.0
111358,253.0,70.0,137.0,124.0
111359,234.0,121.0,131.0,138.0
111360,236.0,117.0,130.0,122.0
111361,240.0,116.0,137.0,132.0
111362,261.0,74.0,142.0,160.0
111363,263.0,105.0,149.0,144.0
111364,280.0,104.0,162.0,162.0
111365,238.0,87.0,139.0,134.0
111366,236.0,83.0,141.0,118.0
111367,231.0,127.0,121.0,115.0
111368,260.0,210.0,144.0,157.0
111369,253.0,105.0,145.0,147.0
111370,266.0,93.0,145.0,146.0
111371,284.0,92.0,163.0,172.0
111372,225.0,54.0,120.0,134.0
111373,232.0,133.0,132.0,140.0
111374,266.0,139.0,149.0,136.0
111375,254.0,97.0,129.0,148.0
111376,266.0,103.0,154.0,141.0
111377,249.0,113.0,124.0,134.0
111378,256.0,144.0,133.0,131.0
111379,252.0,121.0,146.0,133.0
111380,247.0,110.0,141.0,137.0
111381,244.0,148.0,124.0,133.0
111382,252.0,92.0,128.0,141.0
111383,241.0,85.0,142.0,147.0
111384,244.0,232.0,150.0,136.0
111385,238.0,62.0,139.0,131.0
111386,281.0,137.0,156.0,147.0
111387,258.0,87.0,139.0,147.0
111388,271.0,127.0,152.0,148.0
111389,268.0,106.0,158.0,140.0
111390,259.0,136.0,135.0,142.0
111391,235.0,102.0,130.0,136.0
111392,264.0,73.0,140.0,144.0
111393,259.0,114.0,153.0,145.0
111394,244.0,113.0,139.0,138.0
111395,252.0,128.0,139.0,129.0
111396,254.0,135.0,146.0,142.0
111397,247.0,121.0,140.0,144.0
111398,252.0,79.0,148.0,139.0
111399,233.0,122.0,133.0,133.0
111400,254.0,117.0,146.0,136.0
111401,211.0,152.0,108.0,112.0
111402,257.0,237.0,154.0,145.0
111403,227.0,142.0,116.0,142.0
111404,254.0,99.0,133.0,140.0
111405,271.0,238.0,165.0,165.0
111406,261.0,119.0,132.0,156.0
111407,225.0,100.0,128.0,131.0
111408,237.0,104.0,120.0,133.0
111409,260.0,93.0,155.0,145.0
111410,260.0,103.0,143.0,145.0
111411,274.0,105.0,134.0,150.0
111412,240.0,64.0,138.0,135.0
111413,240.0,67.0,133.0,126.0
111414,272.0,90.0,147.0,146.0
111415,271.0,100.0,128.0,162.0
111416,267.0,80.0,162.0,160.0
111417,256.0,149.0,148.0,145.0
111418,281.0,90.0,158.0,156.0
111419,261.0,78.0,145.0,141.0
111420,244.0,111.0,135.0,141.0
111421,240.0,179.0,120.0,123.0
111422,264.0,97.0,152.0,133.0
111423,251.0,108.0,138.0,133.0
111424,262.0,150.0,161.0,156.0
111425,239.0,82.0,125.0,126.0
111426,248.0,107.0,157.0,139.0
111427,220.0,156.0,126.0,126.0
111428,264.0,122.0,156.0,148.0
111429,254.0,101.0,153.0,136.0
111430,243.0,154.0,127.0,141.0
111431,244.0,109.0,140.0,126.0
111432,264.0,126.0,140.0,138.0
111433,243.0,131.0,137.0,135.0
111434,254.0,128.0,143.0,138.0
111435,233.0,167.0,123.0,126.0
111436,232.0,105.0,140.0,108.0
111437,234.0,82.0,140.0,127.0
111438,252.0,107.0,147.0,137.0
111439,236.0,118.0,137.0,137.0
111440,238.0,120.0,143.0,136.0
111441,272.0,111.0,125.0,150.0
111442,244.0,123.0,125.0,145.0
111443,253.0,152.0,160.0,146.0
111444,240.0,114.0,139.0,133.0
111445,268.0,120.0,154.0,157.0
111446,240.0,142.0,135.0,142.0
111447,259.0,146.0,132.0,143.0
111448,254.0,112.0,134.0,141.0
111449,243.0,96.0,123.0,142.0
111450,257.0,125.0,145.0,144.0
111451,259.0,83.0,149.0,151.0
111452,254.0,108.0,133.0,138.0
111453,266.0,141.0,156.0,147.0
111454,239.0,96.0,129.0,133.0
111455,239.0,104.0,146.0,139.0
111456,249.0,146.0,144.0,142.0
111457,231.0,106.0,138.0,132.0
111458,232.0,95.0,128.0,128.0
111459,265.0,58.0,153.0,157.0
111460,257.0,138.0,127.0,153.0
111461,252.0,121.0,141.0,141.0
111462,247.0,151.0,139.0,150.0
111463,251.0,93.0,148.0,131.0
111464,249.0,141.0,152.0,125.0
111465,264.0,133.0,139.0,152.0
111466,248.0,107.0,138.0,144.0
111467,233.0,86.0,126.0,139.0
111468,245.0,99.0,148.0,146.0
111469,245.0,113.0,141.0,144.0
111470,261.0,146.0,144.0,139.0
111471,256.0,140.0,137.0,154.0
111472,245.0,137.0,122.0,115.0
111473,243.0,133.0,140.0,138.0
111474,256.0,107.0,150.0,143.0
111475,245.0,141.0,126.0,129.0
111476,255.0,98.0,132.0,141.0
111477,252.0,86.0,135.0,131.0
111478,252.0,230.0,132.0,142.0
111479,274.0,129.0,148.0,139.0
111480,259.0,248.0,150.0,145.0
111481,249.0,113.0,134.0,135.0
111482,244.0,126.0,156.0,136.0
111483,225.0,78.0,122.0,139.0
111484,268.0,93.0,154.0,142.0
111485,262.0,132.0,149.0,152.0
111486,244.0,88.0,136.0,139.0
111487,249.0,93.0,157.0,135.0
111488,279.0,136.0,153.0,162.0
111489,252.0,101.0,147.0,150.0
111490,232.0,98.0,141.0,131.0
111491,229.0,103.0,129.0,128.0
111492,252.0,124.0,136.0,139.0
111493,241.0,122.0,130.0,135.0
111494,238.0,119.0,140.0,136.0
111495,253.0,105.0,135.0,138.0
111496,256.0,111.0,140.0,137.0
111497,279.0,128.0,153.0,163.0
111498,240.0,88.0,137.0,133.0
111499,257.0,145.0,159.0,147.0
111500,268.0,78.0,149.0,155.0
111501,231.0,100.0,137.0,124.0
111502,259.0,127.0,148.0,150.0
111503,228.0,104.0,127.0,133.0
111504,262.0,143.0,150.0,144.0
111505,254.0,104.0,141.0,144.0
111506,262.0,231.0,139.0,131.0
111507,267.0,141.0,162.0,159.0
111508,255.0,92.0,141.0,151.0
111509,235.0,198.0,127.0,144.0
111510,232.0,142.0,133.0,135.0
111511,273.0,135.0,149.0,165.0
111512,247.0,82.0,138.0,124.0
111513,235.0,76.0,140.0,144.0
111514,259.0,115.0,143.0,150.0
111515,298.0,70.0,165.0,157.0
111516,271.0,141.0,161.0,157.0
111517,244.0,105.0,134.0,128.0
111518,246.0,172.0,115.0,135.0
111519,262.0,145.0,153.0,138.0
111520,255.0,117.0,137.0,152.0
111521,261.0,117.0,163.0,145.0
111522,263.0,99.0,133.0,153.0
111523,212.0,96.0,120.0,114.0
111524,253.0,100.0,148.0,149.0
111525,254.0,127.0,144.0,138.0
111526,279.0,118.0,159.0,172.0
111527,258.0,136.0,158.0,142.0
111528,241.0,129.0,124.0,141.0
111529,276.0,145.0,162.0,170.0
111530,254.0,101.0,129.0,139.0
111531,258.0,101.0,138.0,138.0
111532,233.0,108.0,137.0,139.0
111533,267.0,127.0,151.0,145.0
111534,241.0,135.0,122.0,125.0
111535,280.0,137.0,169.0,146.0
111536,256.0,102.0,136.0,148.0
111537,278.0,161.0,179.0,146.0
111538,273.0,115.0,162.0,151.0
111539,263.0,168.0,148.0,137.0
111540,246.0,118.0,131.0,138.0
111541,242.0,79.0,137.0,133.0
111542,260.0,151.0,135.0,139.0
111543,266.0,69.0,153.0,146.0
111544,276.0,137.0,147.0,135.0
111545,235.0,102.0,137.0,137.0
111546,254.0,120.0,142.0,138.0
111547,258.0,72.0,150.0,148.0
111548,240.0,115.0,153.0,139.0
111549,255.0,129.0,141.0,145.0
111550,245.0,91.0,125.0,144.0
111551,267.0,132.0,161.0,149.0
111552,237.0,108.0,128.0,133.0
111553,258.0,88.0,150.0,148.0
111554,243.0,83.0,137.0,134.0
111555,237.0,117.0,131.0,121.0
111556,222.0,123.0,124.0,119.0
111557,246.0,117.0,134.0,134.0
111558,233.0,122.0,127.0,123.0
111559,250.0,139.0,153.0,143.0
111560,235.0,116.0,145.0,125.0
111561,262.0,115.0,140.0,153.0
111562,240.0,97.0,139.0,132.0
111563,257.0,140.0,135.0,140.0
111564,219.0,121.0,135.0,134.0
111565,268.0,138.0,146.0,156.0
111566,236.0,169.0,149.0,132.0
111567,263.0,113.0,141.0,131.0
111568,276.0,90.0,138.0,157.0
111569,234.0,83.0,138.0,140.0
111570,273.0,114.0,152.0,165.0
111571,269.0,106.0,145.0,125.0
111572,253.0,127.0,144.0,137.0
111573,233.0,143.0,123.0,139.0
111574,248.0,172.0,130.0,146.0
111575,238.0,106.0,135.0,132.0
111576,233.0,103.0,128.0,127.0
111577,245.0,88.0,117.0,132.0
111578,245.0,100.0,141.0,130.0
111579,227.0,108.0,131.0,124.0
111580,253.0,121.0,133.0,146.0
111581,256.0,134.0,148.0,135.0
111582,270.0,118.0,142.0,150.0
111583,244.0,212.0,140.0,139.0
111584,258.0,118.0,155.0,151.0
111585,258.0,111.0,140.0,151.0
111586,265.0,86.0,134.0,145.0
111587,257.0,127.0,138.0,150.0
111588,279.0,92.0,166.0,161.0
111589,263.0,46.0,149.0,152.0
111590,256.0,131.0,142.0,131.0
111591,251.0,97.0,132.0,147.0
111592,262.0,133.0,154.0,145.0
111593,275.0,189.0,176.0,165.0
111594,234.0,77.0,120.0,133.0
111595,270.0,121.0,145.0,144.0
111596,255.0,73.0,156.0,154.0
111597,239.0,123.0,123.0,132.0
111598,270.0,105.0,160.0,141.0
111599,239.0,102.0,137.0,132.0
111600,271.0,153.0,169.0,150.0
111601,256.0,171.0,142.0,140.0
111602,238.0,107.0,132.0,125.0
111603,255.0,191.0,154.0,145.0
111604,281.0,138.0,148.0,148.0
111605,254.0,106.0,145.0,141.0
111606,248.0,130.0,140.0,139.0
111607,275.0,170.0,149.0,148.0
111608,253.0,134.0,154.0,133.0
111609,234.0,105.0,140.0,137.0
111610,253.0,131.0,145.0,149.0
111611,240.0,84.0,135.0,135.0
111612,234.0,99.0,123.0,136.0
111613,246.0,78.0,141.0,149.0
111614,263.0,138.0,145.0,152.0
111615,223.0,109.0,126.0,113.0
111616,228.0,75.0,124.0,128.0
111617,260.0,136.0,141.0,151.0
111618,256.0,127.0,152.0,126.0
111619,258.0,98.0,149.0,139.0
111620,232.0,80.0,142.0,139.0
111621,240.0,77.0,132.0,134.0
111622,240.0,67.0,138.0,128.0
111623,252.0,130.0,152.0,142.0
111624,258.0,94.0,148.0,152.0
111625,264.0,101.0,140.0,144.0
111626,277.0,119.0,157.0,176.0
111627,242.0,117.0,127.0,136.0
111628,271.0,191.0,160.0,156.0
111629,230.0,79.0,121.0,130.0
111630,257.0,156.0,146.0,140.0
111631,258.0,147.0,144.0,148.0
111632,248.0,126.0,149.0,138.0
111633,279.0,149.0,144.0,157.0
111634,247.0,110.0,122.0,146.0
111635,231.0,102.0,146.0,129.0
111636,251.0,108.0,139.0,131.0
111637,248.0,141.0,135.0,136.0
111638,238.0,118.0,141.0,120.0
111639,233.0,118.0,118.0,126.0
111640,260.0,106.0,133.0,148.0
111641,265.0,135.0,140.0,159.0
111642,253.0,136.0,129.0,152.0
111643,255.0,96.0,141.0,151.0
111644,253.0,128.0,140.0,151.0
111645,248.0,94.0,134.0,172.0
111646,233.0,115.0,122.0,132.0
111647,255.0,107.0,143.0,137.0
111648,248.0,84.0,136.0,132.0
111649,259.0,113.0,151.0,140.0
111650,247.0,150.0,136.0,155.0
111651,237.0,106.0,140.0,148.0
111652,264.0,104.0,145.0,157.0
111653,268.0,111.0,157.0,153.0
111654,224.0,122.0,133.0,111.0
111655,267.0,129.0,148.0,143.0
111656,250.0,203.0,142.0,139.0
111657,256.0,214.0,158.0,133.0
111658,246.0,116.0,153.0,140.0
111659,257.0,141.0,137.0,153.0
111660,243.0,77.0,133.0,118.0
111661,232.0,119.0,135.0,124.0
111662,259.0,93.0,158.0,148.0
111663,232.0,91.0,130.0,129.0
111664,258.0,71.0,146.0,144.0
111665,238.0,87.0,130.0,134.0
111666,224.0,114.0,130.0,125.0
111667,224.0,104.0,118.0,127.0
111668,255.0,129.0,136.0,144.0
111669,247.0,111.0,130.0,135.0
111670,270.0,98.0,139.0,153.0
111671,257.0,222.0,135.0,136.0
111672,237.0,59.0,156.0,132.0
111673,250.0,100.0,143.0,137.0
111674,237.0,99.0,151.0,125.0
111675,252.0,118.0,137.0,135.0
111676,243.0,115.0,138.0,123.0
111677,251.0,168.0,127.0,136.0
111678,229.0,73.0,118.0,118.0
111679,237.0,80.0,129.0,150.0
111680,273.0,118.0,142.0,161.0
111681,256.0,131.0,132.0,138.0
111682,248.0,90.0,140.0,156.0
111683,271.0,164.0,148.0,153.0
111684,266.0,78.0,149.0,166.0
111685,247.0,113.0,129.0,141.0
111686,259.0,173.0,145.0,142.0
111687,260.0,86.0,145.0,140.0
111688,251.0,141.0,160.0,135.0
111689,250.0,95.0,140.0,125.0
111690,234.0,120.0,119.0,141.0
111691,237.0,67.0,137.0,131.0
111692,275.0,156.0,154.0,165.0
111693,257.0,107.0,138.0,139.0
111694,269.0,62.0,151.0,153.0
111695,231.0,144.0,134.0,129.0
111696,236.0,202.0,137.0,128.0
111697,246.0,79.0,149.0,127.0
111698,253.0,119.0,151.0,141.0
111699,234.0,115.0,131.0,120.0
111700,238.0,119.0,134.0,153.0
111701,248.0,113.0,143.0,148.0
111702,262.0,126.0,158.0,138.0
111703,245.0,119.0,140.0,132.0
111704,241.0,110.0,137.0,129.0
111705,261.0,168.0,148.0,145.0
111706,251.0,99.0,130.0,142.0
111707,245.0,108.0,154.0,129.0
111708,260.0,99.0,158.0,145.0
111709,231.0,75.0,129.0,125.0
111710,231.0,101.0,139.0,131.0
111711,248.0,95.0,140.0,149.0
111712,254.0,97.0,131.0,148.0
111713,253.0,123.0,150.0,138.0
111714,238.0,91.0,128.0,138.0
111715,254.0,135.0,134.0,146.0
111716,236.0,76.0,137.0,136.0
111717,246.0,107.0,141.0,130.0
111718,245.0,61.0,136.0,133.0
111719,244.0,120.0,124.0,126.0
111720,248.0,97.0,128.0,130.0
111721,245.0,97.0,141.0,155.0
111722,290.0,152.0,162.0,158.0
111723,247.0,164.0,137.0,147.0
111724,269.0,113.0,146.0,160.0
111725,230.0,59.0,137.0,132.0
111726,229.0,62.0,126.0,151.0
111727,263.0,128.0,140.0,161.0
111728,249.0,134.0,145.0,141.0
111729,248.0,101.0,134.0,129.0
111730,234.0,106.0,123.0,126.0
111731,251.0,127.0,150.0,143.0
111732,248.0,101.0,142.0,136.0
111733,249.0,126.0,135.0,140.0
111734,250.0,123.0,149.0,148.0
111735,250.0,126.0,140.0,141.0
111736,257.0,118.0,146.0,155.0
111737,221.0,95.0,129.0,122.0
111738,267.0,76.0,152.0,143.0
111739,254.0,112.0,141.0,145.0
111740,236.0,113.0,130.0,147.0
111741,254.0,135.0,138.0,134.0
111742,250.0,95.0,139.0,128.0
111743,217.0,98.0,127.0,127.0
111744,242.0,94.0,122.0,135.0
111745,258.0,89.0,139.0,151.0
111746,223.0,194.0,127.0,120.0
111747,273.0,80.0,157.0,152.0
111748,230.0,82.0,126.0,134.0
111749,240.0,105.0,143.0,148.0
111750,235.0,67.0,132.0,117.0
111751,273.0,84.0,158.0,146.0
111752,251.0,103.0,136.0,133.0
111753,241.0,105.0,132.0,127.0
111754,250.0,121.0,148.0,148.0
111755,221.0,101.0,122.0,125.0
111756,247.0,127.0,149.0,142.0
111757,241.0,127.0,139.0,132.0
111758,247.0,138.0,127.0,150.0
111759,241.0,180.0,141.0,146.0
111760,247.0,96.0,134.0,140.0
111761,240.0,127.0,128.0,127.0
111762,252.0,122.0,133.0,149.0
111763,250.0,107.0,131.0,134.0
111764,256.0,86.0,153.0,131.0
111765,249.0,146.0,159.0,146.0
111766,245.0,118.0,145.0,126.0
111767,250.0,117.0,130.0,127.0
111768,221.0,94.0,120.0,123.0
111769,271.0,133.0,155.0,156.0
111770,259.0,171.0,138.0,158.0
111771,254.0,109.0,140.0,141.0
111772,254.0,99.0,141.0,143.0
111773,242.0,104.0,143.0,145.0
111774,249.0,118.0,148.0,137.0
111775,305.0,63.0,175.0,170.0
111776,246.0,146.0,133.0,154.0
111777,246.0,78.0,149.0,139.0
111778,245.0,148.0,138.0,144.0
111779,245.0,123.0,140.0,133.0
111780,257.0,187.0,125.0,162.0
111781,265.0,164.0,144.0,143.0
111782,236.0,77.0,128.0,152.0
111783,237.0,115.0,144.0,126.0
111784,249.0,64.0,125.0,148.0
111785,245.0,119.0,138.0,138.0
111786,242.0,128.0,127.0,133.0
111787,270.0,127.0,149.0,147.0
111788,267.0,110.0,141.0,159.0
111789,266.0,134.0,156.0,142.0
111790,252.0,140.0,136.0,145.0
111791,243.0,108.0,134.0,133.0
111792,239.0,113.0,115.0,132.0
111793,238.0,135.0,136.0,128.0
111794,242.0,112.0,151.0,140.0
111795,248.0,104.0,144.0,147.0
111796,264.0,107.0,151.0,145.0
111797,224.0,108.0,121.0,117.0
111798,265.0,84.0,149.0,155.0
111799,269.0,106.0,148.0,157.0
111800,246.0,108.0,149.0,153.0
111801,254.0,115.0,143.0,135.0
111802,239.0,110.0,137.0,143.0
111803,267.0,108.0,152.0,157.0
111804,257.0,134.0,144.0,141.0
111805,262.0,119.0,134.0,153.0
111806,245.0,99.0,137.0,133.0
111807,251.0,89.0,146.0,140.0
111808,255.0,80.0,149.0,139.0
111809,251.0,60.0,147.0,138.0
111810,241.0,81.0,131.0,142.0
111811,236.0,92.0,123.0,135.0
111812,241.0,78.0,128.0,148.0
111813,241.0,111.0,134.0,133.0
111814,233.0,130.0,129.0,134.0
111815,263.0,189.0,145.0,146.0
111816,256.0,148.0,136.0,140.0
111817,260.0,225.0,145.0,141.0
111818,252.0,160.0,131.0,148.0
111819,234.0,111.0,127.0,137.0
111820,266.0,121.0,164.0,142.0
111821,265.0,114.0,138.0,149.0
111822,242.0,93.0,135.0,154.0
111823,252.0,98.0,134.0,139.0
111824,261.0,119.0,147.0,156.0
111825,239.0,138.0,135.0,134.0
111826,249.0,144.0,137.0,131.0
111827,253.0,120.0,132.0,141.0
111828,250.0,56.0,139.0,137.0
111829,279.0,160.0,160.0,153.0
111830,254.0,92.0,148.0,141.0
111831,261.0,90.0,156.0,161.0
111832,243.0,127.0,133.0,122.0
111833,256.0,78.0,133.0,148.0
111834,234.0,122.0,109.0,142.0
111835,260.0,83.0,152.0,144.0
111836,255.0,94.0,144.0,140.0
111837,262.0,144.0,142.0,139.0
111838,260.0,132.0,149.0,148.0
111839,234.0,109.0,131.0,128.0
111840,257.0,115.0,141.0,138.0
111841,271.0,148.0,162.0,155.0
111842,235.0,97.0,150.0,137.0
111843,269.0,177.0,148.0,159.0
111844,256.0,105.0,149.0,157.0
111845,275.0,134.0,143.0,146.0
111846,245.0,105.0,126.0,146.0
111847,240.0,72.0,131.0,144.0
111848,259.0,97.0,145.0,160.0
111849,230.0,114.0,115.0,133.0
111850,236.0,90.0,132.0,121.0
111851,263.0,82.0,147.0,151.0
111852,251.0,107.0,147.0,127.0
111853,234.0,122.0,130.0,123.0
111854,238.0,109.0,125.0,121.0
111855,263.0,177.0,150.0,138.0
111856,244.0,86.0,136.0,142.0
111857,272.0,139.0,156.0,156.0
111858,262.0,106.0,149.0,143.0
111859,279.0,117.0,148.0,164.0
111860,268.0,152.0,142.0,158.0
111861,254.0,111.0,139.0,156.0
111862,249.0,121.0,145.0,151.0
111863,262.0,115.0,155.0,139.0
111864,265.0,127.0,145.0,151.0
111865,229.0,109.0,145.0,139.0
111866,254.0,88.0,131.0,153.0
111867,259.0,77.0,146.0,156.0
111868,239.0,137.0,146.0,132.0
111869,245.0,116.0,152.0,130.0
111870,255.0,152.0,138.0,127.0
111871,244.0,214.0,148.0,127.0
111872,266.0,145.0,141.0,150.0
111873,275.0,165.0,153.0,158.0
111874,252.0,165.0,122.0,130.0
111875,241.0,125.0,132.0,139.0
111876,250.0,63.0,146.0,142.0
111877,242.0,115.0,137.0,141.0
111878,274.0,142.0,177.0,145.0
111879,250.0,125.0,145.0,140.0
111880,269.0,112.0,159.0,146.0
111881,254.0,109.0,129.0,153.0
111882,278.0,120.0,142.0,152.0
111883,245.0,100.0,137.0,154.0
111884,246.0,91.0,138.0,148.0
111885,261.0,97.0,147.0,138.0
111886,263.0,226.0,145.0,144.0
111887,254.0,128.0,150.0,147.0
111888,258.0,136.0,148.0,147.0
111889,254.0,87.0,145.0,135.0
111890,262.0,96.0,157.0,146.0
111891,253.0,107.0,146.0,146.0
111892,233.0,72.0,134.0,130.0
111893,274.0,244.0,152.0,152.0
111894,256.0,106.0,137.0,151.0
111895,252.0,120.0,149.0,148.0
111896,239.0,112.0,132.0,125.0
111897,226.0,119.0,122.0,140.0
111898,263.0,121.0,133.0,157.0
111899,255.0,116.0,152.0,148.0
111900,246.0,123.0,123.0,123.0
111901,256.0,101.0,151.0,142.0
111902,247.0,89.0,141.0,128.0
111903,265.0,112.0,150.0,140.0
111904,236.0,65.0,146.0,123.0
111905,247.0,103.0,136.0,140.0
111906,220.0,75.0,121.0,128.0
111907,256.0,152.0,142.0,133.0
111908,248.0,100.0,141.0,132.0
111909,249.0,109.0,128.0,154.0
111910,252.0,116.0,136.0,142.0
111911,248.0,128.0,124.0,160.0
111912,269.0,197.0,155.0,161.0
111913,244.0,145.0,129.0,140.0
111914,266.0,125.0,151.0,153.0
111915,246.0,122.0,133.0,140.0
111916,241.0,121.0,138.0,130.0
111917,273.0,88.0,169.0,162.0
111918,250.0,151.0,132.0,122.0
111919,231.0,113.0,129.0,132.0
111920,251.0,110.0,147.0,146.0
111921,262.0,163.0,146.0,157.0
111922,256.0,114.0,150.0,136.0
111923,244.0,87.0,140.0,140.0
111924,236.0,79.0,139.0,134.0
111925,247.0,109.0,141.0,147.0
111926,239.0,166.0,125.0,133.0
111927,267.0,129.0,157.0,141.0
111928,229.0,65.0,134.0,140.0
111929,248.0,127.0,142.0,147.0
111930,244.0,90.0,131.0,140.0
111931,223.0,103.0,121.0,131.0
111932,252.0,84.0,140.0,147.0
111933,277.0,127.0,162.0,161.0
111934,256.0,46.0,151.0,146.0
111935,233.0,86.0,130.0,132.0
111936,251.0,150.0,151.0,138.0
111937,237.0,108.0,131.0,131.0
111938,249.0,91.0,137.0,139.0
111939,253.0,95.0,124.0,149.0
111940,236.0,110.0,115.0,135.0
111941,252.0,131.0,114.0,134.0
111942,240.0,207.0,126.0,136.0
111943,263.0,125.0,142.0,147.0
111944,260.0,106.0,141.0,141.0
111945,269.0,122.0,128.0,160.0
111946,239.0,118.0,121.0,143.0
111947,232.0,194.0,137.0,146.0
111948,254.0,130.0,152.0,143.0
111949,243.0,124.0,126.0,133.0
111950,242.0,111.0,134.0,146.0
111951,245.0,170.0,130.0,137.0
111952,247.0,59.0,149.0,149.0
111953,236.0,87.0,127.0,126.0
111954,232.0,84.0,114.0,132.0
111955,255.0,121.0,153.0,136.0
111956,248.0,120.0,143.0,140.0
111957,253.0,117.0,135.0,143.0
111958,248.0,135.0,129.0,150.0
111959,242.0,142.0,130.0,146.0
111960,263.0,145.0,166.0,149.0
111961,268.0,98.0,160.0,154.0
111962,242.0,113.0,137.0,123.0
111963,254.0,134.0,157.0,150.0
111964,244.0,117.0,138.0,143.0
111965,251.0,86.0,132.0,130.0
111966,218.0,69.0,116.0,117.0
111967,258.0,119.0,137.0,146.0
111968,258.0,140.0,123.0,144.0
111969,257.0,98.0,158.0,153.0
111970,241.0,111.0,124.0,136.0
111971,244.0,92.0,137.0,156.0
111972,240.0,94.0,119.0,131.0
111973,257.0,76.0,146.0,151.0
111974,259.0,78.0,133.0,148.0
111975,261.0,152.0,151.0,151.0
111976,265.0,111.0,171.0,162.0
111977,234.0,65.0,136.0,132.0
111978,237.0,121.0,138.0,127.0
111979,279.0,103.0,151.0,161.0
111980,256.0,130.0,146.0,151.0
111981,252.0,90.0,152.0,154.0
111982,234.0,67.0,120.0,139.0
111983,263.0,104.0,150.0,136.0
111984,252.0,108.0,144.0,143.0
111985,254.0,127.0,147.0,141.0
111986,268.0,119.0,156.0,135.0
111987,230.0,73.0,130.0,132.0
111988,277.0,148.0,163.0,158.0
111989,248.0,103.0,140.0,148.0
111990,238.0,95.0,138.0,144.0
111991,257.0,115.0,154.0,136.0
111992,253.0,125.0,135.0,155.0
111993,235.0,86.0,128.0,138.0
111994,240.0,111.0,126.0,147.0
111995,245.0,157.0,152.0,137.0
111996,230.0,131.0,134.0,137.0
111997,258.0,134.0,134.0,142.0
111998,237.0,158.0,128.0,127.0
111999,218.0,114.0,127.0,121.0
112000,245.0,135.0,146.0,138.0
112001,235.0,234.0,132.0,137.0
112002,250.0,68.0,132.0,152.0
112003,263.0,203.0,150.0,150.0
112004,243.0,79.0,130.0,128.0
112005,268.0,220.0,157.0,149.0
112006,239.0,134.0,117.0,138.0
112007,263.0,108.0,146.0,154.0
112008,245.0,159.0,141.0,143.0
112009,267.0,112.0,160.0,157.0
112010,264.0,154.0,147.0,155.0
112011,254.0,122.0,134.0,136.0
112012,242.0,119.0,143.0,144.0
112013,242.0,120.0,142.0,129.0
112014,263.0,107.0,150.0,136.0
112015,271.0,230.0,162.0,130.0
112016,221.0,74.0,127.0,106.0
112017,253.0,164.0,135.0,152.0
112018,249.0,78.0,150.0,136.0
112019,229.0,93.0,118.0,133.0
112020,247.0,114.0,133.0,113.0
112021,268.0,93.0,141.0,151.0
112022,253.0,210.0,139.0,134.0
112023,246.0,101.0,138.0,147.0
112024,235.0,119.0,138.0,133.0
112025,229.0,99.0,133.0,134.0
112026,252.0,102.0,141.0,143.0
112027,251.0,91.0,145.0,144.0
112028,238.0,161.0,127.0,121.0
112029,217.0,117.0,118.0,118.0
112030,252.0,172.0,152.0,134.0
112031,283.0,95.0,157.0,161.0
112032,245.0,131.0,125.0,148.0
112033,259.0,113.0,132.0,159.0
112034,268.0,145.0,135.0,153.0
112035,256.0,146.0,150.0,153.0
112036,268.0,106.0,164.0,145.0
112037,264.0,87.0,149.0,141.0
112038,262.0,162.0,143.0,161.0
112039,234.0,117.0,131.0,137.0
112040,254.0,76.0,148.0,147.0
112041,248.0,118.0,150.0,135.0
112042,239.0,142.0,124.0,141.0
112043,240.0,143.0,141.0,131.0
112044,264.0,100.0,157.0,139.0
112045,257.0,94.0,139.0,137.0
112046,270.0,138.0,136.0,147.0
112047,227.0,62.0,126.0,142.0
112048,271.0,145.0,178.0,152.0
112049,248.0,112.0,139.0,138.0
112050,262.0,78.0,140.0,140.0
112051,226.0,78.0,137.0,130.0
112052,227.0,116.0,108.0,111.0
112053,257.0,113.0,155.0,139.0
112054,249.0,116.0,138.0,137.0
112055,270.0,159.0,156.0,162.0
112056,257.0,125.0,155.0,145.0
112057,227.0,118.0,128.0,125.0
112058,270.0,157.0,159.0,147.0
112059,261.0,102.0,146.0,164.0
112060,239.0,90.0,125.0,126.0
112061,246.0,77.0,146.0,126.0
112062,269.0,115.0,134.0,157.0
112063,239.0,62.0,123.0,145.0
112064,263.0,124.0,144.0,141.0
112065,233.0,99.0,135.0,118.0
112066,280.0,155.0,154.0,158.0
112067,259.0,155.0,140.0,134.0
112068,227.0,89.0,116.0,138.0
112069,262.0,185.0,153.0,149.0
112070,241.0,104.0,136.0,125.0
112071,261.0,77.0,162.0,141.0
112072,262.0,129.0,148.0,155.0
112073,250.0,117.0,165.0,148.0
112074,248.0,121.0,143.0,143.0
112075,247.0,115.0,147.0,139.0
112076,256.0,133.0,139.0,137.0
112077,279.0,126.0,147.0,158.0
112078,247.0,96.0,150.0,139.0
112079,261.0,96.0,138.0,147.0
112080,265.0,104.0,164.0,161.0
112081,256.0,97.0,139.0,145.0
112082,234.0,98.0,125.0,124.0
112083,263.0,119.0,145.0,145.0
112084,262.0,179.0,144.0,151.0
112085,263.0,174.0,151.0,149.0
112086,266.0,137.0,143.0,159.0
112087,245.0,110.0,131.0,122.0
112088,254.0,113.0,147.0,140.0
112089,243.0,223.0,134.0,132.0
112090,249.0,91.0,153.0,147.0
112091,264.0,142.0,151.0,158.0
112092,256.0,90.0,144.0,150.0
112093,256.0,123.0,141.0,146.0
112094,253.0,110.0,136.0,133.0
112095,250.0,168.0,138.0,143.0
112096,250.0,54.0,145.0,147.0
112097,253.0,99.0,150.0,150.0
112098,237.0,114.0,144.0,129.0
112099,260.0,98.0,146.0,149.0
112100,251.0,113.0,142.0,138.0
112101,242.0,148.0,153.0,137.0
112102,257.0,91.0,149.0,148.0
112103,226.0,96.0,111.0,110.0
112104,248.0,92.0,136.0,138.0
112105,263.0,105.0,149.0,140.0
112106,235.0,164.0,125.0,132.0
112107,239.0,121.0,138.0,132.0
112108,251.0,98.0,140.0,137.0
112109,237.0,107.0,114.0,128.0
112110,240.0,62.0,146.0,139.0
112111,231.0,117.0,125.0,142.0
112112,243.0,123.0,125.0,133.0
112113,251.0,68.0,142.0,140.0
112114,268.0,109.0,147.0,152.0
112115,260.0,230.0,151.0,130.0
112116,271.0,117.0,142.0,134.0
112117,227.0,96.0,136.0,131.0
112118,248.0,119.0,125.0,143.0
112119,245.0,104.0,135.0,135.0
112120,245.0,137.0,131.0,137.0
112121,259.0,127.0,138.0,152.0
112122,254.0,118.0,139.0,130.0
112123,266.0,87.0,160.0,157.0
112124,250.0,209.0,139.0,149.0
112125,258.0,94.0,128.0,143.0
112126,260.0,136.0,138.0,146.0
112127,245.0,99.0,137.0,134.0
112128,248.0,101.0,153.0,143.0
112129,265.0,104.0,159.0,155.0
112130,295.0,163.0,156.0,169.0
112131,237.0,64.0,137.0,139.0
112132,236.0,95.0,135.0,131.0
112133,257.0,121.0,158.0,163.0
112134,242.0,95.0,156.0,143.0
112135,236.0,93.0,139.0,141.0
112136,263.0,100.0,147.0,157.0
112137,241.0,131.0,133.0,129.0
112138,243.0,114.0,144.0,133.0
112139,245.0,120.0,136.0,126.0
112140,254.0,117.0,139.0,146.0
112141,258.0,131.0,146.0,157.0
112142,258.0,102.0,149.0,155.0
112143,251.0,139.0,140.0,142.0
112144,260.0,108.0,131.0,142.0
112145,247.0,113.0,144.0,122.0
112146,233.0,96.0,129.0,141.0
112147,234.0,93.0,132.0,134.0
112148,244.0,82.0,139.0,144.0
112149,277.0,131.0,152.0,164.0
112150,243.0,100.0,136.0,135.0
112151,245.0,120.0,140.0,133.0
112152,264.0,105.0,143.0,149.0
112153,260.0,254.0,152.0,147.0
112154,256.0,167.0,130.0,150.0
112155,254.0,130.0,137.0,157.0
112156,254.0,139.0,144.0,146.0
112157,242.0,99.0,142.0,136.0
112158,240.0,108.0,141.0,128.0
112159,248.0,61.0,146.0,142.0
112160,242.0,241.0,154.0,140.0
112161,253.0,119.0,152.0,146.0
112162,244.0,116.0,134.0,143.0
112163,276.0,112.0,154.0,149.0
112164,250.0,109.0,143.0,143.0
112165,237.0,129.0,124.0,115.0
112166,280.0,217.0,163.0,152.0
112167,269.0,116.0,156.0,137.0
112168,234.0,93.0,125.0,136.0
112169,252.0,116.0,143.0,127.0
112170,259.0,122.0,142.0,143.0
112171,267.0,164.0,154.0,142.0
112172,247.0,140.0,138.0,143.0
112173,239.0,152.0,137.0,135.0
112174,253.0,132.0,144.0,151.0
112175,262.0,110.0,152.0,163.0
112176,255.0,130.0,152.0,146.0
112177,248.0,114.0,133.0,150.0
112178,239.0,106.0,143.0,124.0
112179,257.0,120.0,133.0,155.0
112180,242.0,112.0,123.0,134.0
112181,242.0,108.0,145.0,128.0
112182,276.0,113.0,154.0,151.0
112183,240.0,68.0,136.0,139.0
112184,254.0,134.0,159.0,158.0
112185,257.0,78.0,145.0,143.0
112186,259.0,148.0,139.0,130.0
112187,255.0,144.0,134.0,126.0
112188,256.0,120.0,150.0,131.0
112189,239.0,115.0,132.0,140.0
112190,232.0,105.0,137.0,138.0
112191,235.0,172.0,140.0,126.0
112192,251.0,103.0,148.0,140.0
112193,252.0,125.0,143.0,148.0
112194,215.0,102.0,127.0,120.0
112195,254.0,114.0,151.0,144.0
112196,230.0,64.0,120.0,140.0
112197,238.0,215.0,144.0,136.0
112198,256.0,132.0,145.0,143.0
112199,277.0,149.0,154.0,150.0
112200,255.0,116.0,144.0,125.0
112201,224.0,90.0,121.0,130.0
112202,278.0,140.0,153.0,170.0
112203,249.0,108.0,155.0,150.0
112204,263.0,134.0,146.0,143.0
112205,272.0,128.0,156.0,162.0
112206,254.0,140.0,148.0,146.0
112207,221.0,66.0,115.0,135.0
112208,266.0,87.0,146.0,155.0
112209,251.0,74.0,140.0,141.0
112210,254.0,108.0,150.0,141.0
112211,260.0,109.0,149.0,145.0
112212,240.0,107.0,131.0,141.0
112213,261.0,139.0,144.0,147.0
112214,232.0,67.0,132.0,118.0
112215,270.0,110.0,159.0,143.0
112216,252.0,130.0,148.0,151.0
112217,278.0,103.0,170.0,170.0
112218,231.0,200.0,128.0,141.0
112219,260.0,104.0,135.0,160.0
112220,259.0,105.0,142.0,137.0
112221,251.0,80.0,148.0,145.0
112222,252.0,121.0,149.0,155.0
112223,229.0,93.0,125.0,123.0
112224,233.0,111.0,122.0,124.0
112225,263.0,101.0,143.0,137.0
112226,253.0,102.0,140.0,136.0
112227,222.0,87.0,137.0,109.0
112228,244.0,129.0,157.0,132.0
112229,253.0,93.0,149.0,128.0
112230,235.0,116.0,122.0,137.0
112231,258.0,165.0,132.0,149.0
112232,254.0,112.0,145.0,133.0
112233,232.0,82.0,131.0,143.0
112234,254.0,117.0,131.0,153.0
112235,257.0,91.0,129.0,150.0
112236,247.0,105.0,141.0,151.0
112237,263.0,116.0,137.0,139.0
112238,274.0,146.0,162.0,149.0
112239,237.0,90.0,140.0,129.0
112240,275.0,105.0,166.0,158.0
112241,220.0,80.0,127.0,129.0
112242,248.0,118.0,133.0,135.0
112243,262.0,90.0,146.0,140.0
112244,259.0,146.0,141.0,134.0
112245,241.0,134.0,138.0,134.0
112246,265.0,141.0,166.0,153.0
112247,247.0,95.0,143.0,151.0
112248,233.0,219.0,131.0,125.0
112249,242.0,202.0,146.0,129.0
112250,255.0,115.0,141.0,132.0
112251,262.0,127.0,143.0,127.0
112252,263.0,103.0,135.0,149.0
112253,250.0,55.0,159.0,133.0
112254,250.0,86.0,137.0,145.0
112255,264.0,98.0,157.0,131.0
112256,260.0,101.0,150.0,154.0
112257,251.0,97.0,133.0,129.0
112258,249.0,125.0,139.0,134.0
112259,236.0,90.0,145.0,130.0
112260,250.0,76.0,140.0,126.0
112261,237.0,76.0,138.0,133.0
112262,253.0,105.0,136.0,142.0
112263,223.0,109.0,136.0,133.0
112264,277.0,127.0,157.0,160.0
112265,253.0,135.0,138.0,148.0
112266,247.0,203.0,137.0,149.0
112267,243.0,98.0,128.0,138.0
112268,262.0,70.0,139.0,157.0
112269,245.0,77.0,139.0,129.0
112270,239.0,62.0,127.0,132.0
112271,263.0,137.0,150.0,152.0
112272,220.0,77.0,118.0,124.0
112273,266.0,129.0,142.0,144.0
112274,251.0,127.0,141.0,138.0
112275,259.0,91.0,146.0,135.0
112276,239.0,147.0,137.0,134.0
112277,250.0,78.0,151.0,141.0
112278,250.0,74.0,143.0,124.0
112279,255.0,112.0,134.0,139.0
112280,277.0,185.0,148.0,156.0
112281,248.0,95.0,140.0,135.0
112282,243.0,119.0,131.0,143.0
112283,241.0,114.0,135.0,133.0
112284,240.0,130.0,142.0,130.0
112285,254.0,128.0,136.0,139.0
112286,267.0,184.0,136.0,170.0
112287,255.0,78.0,131.0,146.0
112288,242.0,101.0,141.0,133.0
112289,254.0,154.0,147.0,155.0
112290,273.0,76.0,138.0,149.0
112291,255.0,93.0,146.0,154.0
112292,240.0,94.0,139.0,131.0
112293,233.0,164.0,140.0,144.0
112294,255.0,132.0,144.0,144.0
112295,212.0,90.0,115.0,126.0
112296,266.0,91.0,159.0,156.0
112297,219.0,124.0,119.0,123.0
112298,244.0,66.0,140.0,145.0
112299,258.0,125.0,150.0,135.0
112300,266.0,159.0,150.0,145.0
112301,242.0,96.0,126.0,128.0
112302,239.0,194.0,134.0,130.0
112303,235.0,90.0,140.0,117.0
112304,242.0,211.0,127.0,133.0
112305,238.0,131.0,140.0,131.0
112306,244.0,80.0,141.0,132.0
112307,246.0,104.0,132.0,156.0
112308,234.0,132.0,139.0,134.0
112309,255.0,200.0,136.0,150.0
112310,255.0,110.0,149.0,132.0
112311,266.0,130.0,140.0,144.0
112312,257.0,154.0,137.0,150.0
112313,243.0,119.0,128.0,134.0
112314,236.0,107.0,133.0,124.0
112315,247.0,162.0,148.0,142.0
112316,284.0,104.0,160.0,178.0
112317,243.0,81.0,132.0,141.0
112318,228.0,93.0,125.0,119.0
112319,254.0,163.0,148.0,135.0
112320,262.0,98.0,147.0,136.0
112321,263.0,103.0,158.0,140.0
112322,269.0,121.0,158.0,144.0
112323,260.0,104.0,137.0,150.0
112324,246.0,136.0,127.0,140.0
112325,261.0,124.0,142.0,145.0
112326,251.0,116.0,143.0,138.0
112327,251.0,107.0,155.0,149.0
112328,249.0,57.0,143.0,136.0
112329,234.0,89.0,135.0,140.0
112330,238.0,110.0,140.0,134.0
112331,256.0,102.0,139.0,155.0
112332,228.0,88.0,126.0,129.0
112333,266.0,127.0,153.0,153.0
112334,271.0,87.0,148.0,157.0
112335,238.0,125.0,130.0,129.0
112336,226.0,111.0,130.0,118.0
112337,234.0,134.0,135.0,123.0
112338,252.0,157.0,144.0,148.0
112339,256.0,148.0,159.0,149.0
112340,244.0,99.0,147.0,134.0
112341,237.0,129.0,140.0,120.0
112342,237.0,119.0,134.0,143.0
112343,227.0,85.0,127.0,125.0
112344,250.0,77.0,141.0,122.0
112345,255.0,64.0,150.0,146.0
112346,262.0,139.0,138.0,152.0
112347,237.0,124.0,140.0,129.0
112348,255.0,86.0,142.0,135.0
112349,246.0,87.0,141.0,135.0
112350,237.0,95.0,125.0,128.0
112351,263.0,101.0,153.0,149.0
112352,246.0,71.0,129.0,131.0
112353,241.0,105.0,135.0,124.0
112354,259.0,155.0,148.0,167.0
112355,259.0,84.0,145.0,143.0
112356,245.0,64.0,152.0,133.0
112357,236.0,95.0,133.0,140.0
112358,250.0,116.0,148.0,161.0
112359,262.0,148.0,156.0,143.0
112360,266.0,138.0,160.0,162.0
112361,225.0,92.0,131.0,134.0
112362,250.0,142.0,149.0,131.0
112363,255.0,143.0,152.0,139.0
112364,262.0,68.0,144.0,139.0
112365,243.0,131.0,138.0,135.0
112366,244.0,123.0,133.0,137.0
112367,249.0,76.0,133.0,144.0
112368,227.0,74.0,132.0,116.0
112369,243.0,138.0,144.0,134.0
112370,233.0,88.0,118.0,129.0
112371,228.0,123.0,123.0,150.0
112372,252.0,126.0,137.0,141.0
112373,266.0,163.0,145.0,162.0
112374,254.0,96.0,145.0,134.0
112375,240.0,136.0,126.0,135.0
112376,238.0,89.0,130.0,136.0
112377,243.0,107.0,129.0,134.0
112378,247.0,119.0,130.0,153.0
112379,255.0,86.0,149.0,152.0
112380,240.0,145.0,137.0,133.0
112381,264.0,97.0,166.0,144.0
112382,244.0,102.0,145.0,138.0
112383,229.0,118.0,121.0,132.0
112384,252.0,79.0,140.0,154.0
112385,238.0,122.0,115.0,131.0
112386,258.0,99.0,132.0,128.0
112387,255.0,150.0,155.0,140.0
112388,282.0,132.0,163.0,152.0
112389,240.0,101.0,123.0,121.0
112390,243.0,106.0,133.0,143.0
112391,241.0,92.0,155.0,128.0
112392,250.0,111.0,148.0,135.0
112393,249.0,99.0,139.0,134.0
112394,258.0,149.0,141.0,153.0
112395,229.0,134.0,138.0,130.0
112396,242.0,122.0,134.0,131.0
112397,239.0,100.0,134.0,129.0
112398,224.0,116.0,124.0,119.0
112399,256.0,95.0,133.0,151.0
112400,234.0,95.0,126.0,127.0
112401,243.0,91.0,132.0,133.0
112402,287.0,118.0,152.0,154.0
112403,231.0,79.0,124.0,132.0
112404,237.0,133.0,130.0,146.0
112405,265.0,160.0,130.0,147.0
112406,238.0,108.0,132.0,124.0
112407,253.0,202.0,138.0,145.0
112408,271.0,154.0,142.0,150.0
112409,259.0,222.0,148.0,161.0
112410,251.0,118.0,136.0,134.0
112411,241.0,117.0,138.0,141.0
112412,218.0,89.0,128.0,112.0
112413,246.0,107.0,134.0,135.0
112414,272.0,162.0,161.0,171.0
112415,228.0,100.0,136.0,128.0
112416,271.0,135.0,147.0,146.0
112417,254.0,114.0,147.0,136.0
112418,250.0,130.0,147.0,140.0
112419,250.0,96.0,140.0,132.0
112420,236.0,128.0,137.0,133.0
112421,248.0,217.0,152.0,135.0
112422,254.0,92.0,141.0,143.0
112423,263.0,121.0,150.0,146.0
112424,264.0,115.0,151.0,150.0
112425,250.0,99.0,142.0,139.0
112426,235.0,75.0,119.0,136.0
112427,257.0,91.0,132.0,148.0
112428,237.0,145.0,132.0,136.0
112429,279.0,106.0,152.0,152.0
112430,250.0,76.0,138.0,135.0
112431,242.0,78.0,137.0,138.0
112432,246.0,158.0,142.0,148.0
112433,264.0,110.0,149.0,153.0
112434,245.0,118.0,140.0,139.0
112435,234.0,102.0,137.0,133.0
112436,276.0,144.0,155.0,158.0
112437,271.0,96.0,152.0,146.0
112438,253.0,144.0,150.0,156.0
112439,244.0,103.0,119.0,148.0
112440,247.0,121.0,137.0,141.0
112441,251.0,96.0,149.0,142.0
112442,266.0,133.0,150.0,146.0
112443,252.0,98.0,143.0,157.0
112444,236.0,139.0,134.0,136.0
112445,244.0,124.0,132.0,128.0
112446,249.0,109.0,144.0,127.0
112447,249.0,117.0,134.0,140.0
112448,272.0,177.0,153.0,157.0
112449,218.0,117.0,116.0,113.0
112450,256.0,63.0,150.0,156.0
112451,233.0,134.0,129.0,130.0
112452,254.0,109.0,148.0,127.0
112453,268.0,110.0,157.0,143.0
112454,256.0,137.0,138.0,129.0
112455,264.0,119.0,133.0,141.0
112456,232.0,137.0,125.0,139.0
112457,251.0,152.0,150.0,140.0
112458,263.0,103.0,141.0,142.0
112459,234.0,195.0,141.0,131.0
112460,236.0,98.0,126.0,140.0
112461,255.0,96.0,131.0,147.0
112462,225.0,72.0,121.0,135.0
112463,234.0,89.0,134.0,131.0
112464,274.0,129.0,158.0,152.0
112465,240.0,84.0,122.0,108.0
112466,266.0,147.0,154.0,139.0
112467,249.0,89.0,147.0,156.0
112468,249.0,115.0,131.0,143.0
112469,259.0,129.0,161.0,134.0
112470,250.0,97.0,141.0,133.0
112471,251.0,114.0,152.0,133.0
112472,267.0,125.0,152.0,162.0
112473,263.0,185.0,147.0,163.0
112474,237.0,128.0,120.0,138.0
112475,269.0,144.0,150.0,149.0
112476,264.0,93.0,151.0,145.0
112477,265.0,136.0,144.0,178.0
112478,246.0,135.0,133.0,133.0
112479,246.0,111.0,144.0,140.0
112480,249.0,188.0,136.0,142.0
112481,254.0,84.0,147.0,139.0
112482,254.0,133.0,133.0,127.0
112483,241.0,98.0,134.0,126.0
112484,274.0,99.0,161.0,155.0
112485,249.0,215.0,145.0,128.0
112486,254.0,101.0,148.0,139.0
112487,251.0,103.0,138.0,143.0
112488,243.0,135.0,137.0,145.0
112489,226.0,100.0,128.0,122.0
112490,243.0,100.0,140.0,134.0
112491,267.0,183.0,143.0,160.0
112492,272.0,119.0,144.0,154.0
112493,232.0,101.0,129.0,133.0
112494,232.0,91.0,120.0,135.0
112495,276.0,97.0,153.0,159.0
112496,239.0,104.0,127.0,140.0
112497,254.0,130.0,148.0,141.0
112498,243.0,95.0,148.0,137.0
112499,269.0,122.0,160.0,157.0
112500,249.0,88.0,127.0,146.0
112501,255.0,120.0,128.0,160.0
112502,258.0,98.0,160.0,165.0
112503,280.0,165.0,176.0,156.0
112504,229.0,75.0,143.0,121.0
112505,231.0,112.0,140.0,122.0
112506,252.0,114.0,133.0,162.0
112507,280.0,116.0,163.0,150.0
112508,253.0,134.0,130.0,149.0
112509,245.0,107.0,134.0,142.0
112510,243.0,78.0,132.0,127.0
112511,269.0,120.0,155.0,148.0
112512,216.0,56.0,131.0,119.0
112513,243.0,114.0,126.0,127.0
112514,248.0,106.0,130.0,136.0
112515,264.0,126.0,149.0,134.0
112516,237.0,90.0,132.0,145.0
112517,256.0,180.0,145.0,143.0
112518,252.0,177.0,155.0,129.0
112519,255.0,111.0,153.0,148.0
112520,272.0,92.0,160.0,164.0
112521,246.0,146.0,133.0,140.0
112522,264.0,106.0,147.0,145.0
112523,245.0,113.0,137.0,133.0
112524,220.0,106.0,129.0,124.0
112525,239.0,168.0,120.0,128.0
112526,245.0,43.0,155.0,153.0
112527,235.0,102.0,112.0,139.0
112528,267.0,122.0,156.0,145.0
112529,255.0,128.0,144.0,142.0
112530,278.0,153.0,141.0,162.0
112531,243.0,95.0,141.0,146.0
112532,262.0,116.0,150.0,130.0
112533,266.0,97.0,153.0,140.0
112534,262.0,77.0,150.0,151.0
112535,238.0,199.0,143.0,120.0
112536,246.0,110.0,132.0,136.0
112537,238.0,181.0,119.0,116.0
112538,268.0,110.0,156.0,143.0
112539,232.0,83.0,129.0,138.0
112540,254.0,129.0,146.0,139.0
112541,232.0,70.0,144.0,130.0
112542,259.0,104.0,158.0,137.0
112543,262.0,120.0,138.0,148.0
112544,250.0,146.0,139.0,158.0
112545,228.0,74.0,126.0,128.0
112546,242.0,131.0,130.0,130.0
112547,244.0,70.0,128.0,137.0
112548,229.0,84.0,130.0,124.0
112549,228.0,94.0,132.0,145.0
112550,263.0,132.0,153.0,150.0
112551,254.0,80.0,141.0,130.0
112552,261.0,118.0,154.0,144.0
112553,238.0,100.0,117.0,133.0
112554,238.0,123.0,136.0,141.0
112555,241.0,83.0,146.0,138.0
112556,248.0,86.0,139.0,134.0
112557,275.0,116.0,144.0,142.0
112558,253.0,112.0,148.0,148.0
112559,243.0,78.0,129.0,147.0
112560,256.0,131.0,148.0,135.0
112561,268.0,117.0,156.0,168.0
112562,230.0,120.0,122.0,139.0
112563,241.0,113.0,125.0,125.0
112564,284.0,138.0,144.0,160.0
112565,225.0,146.0,124.0,112.0
112566,256.0,147.0,145.0,141.0
112567,245.0,103.0,128.0,148.0
112568,280.0,107.0,147.0,147.0
112569,253.0,124.0,151.0,144.0
112570,252.0,134.0,137.0,138.0
112571,237.0,137.0,136.0,138.0
112572,240.0,121.0,147.0,127.0
112573,262.0,108.0,138.0,140.0
112574,245.0,210.0,126.0,136.0
112575,233.0,115.0,130.0,127.0
112576,257.0,129.0,142.0,142.0
112577,277.0,128.0,152.0,156.0
112578,258.0,98.0,138.0,160.0
112579,231.0,113.0,133.0,144.0
112580,245.0,93.0,128.0,143.0
112581,274.0,109.0,140.0,146.0
112582,267.0,128.0,144.0,163.0
112583,277.0,74.0,151.0,156.0
112584,239.0,108.0,142.0,129.0
112585,237.0,168.0,125.0,125.0
112586,230.0,104.0,131.0,121.0
112587,264.0,218.0,165.0,144.0
112588,240.0,122.0,143.0,153.0
112589,236.0,85.0,143.0,134.0
112590,250.0,110.0,146.0,141.0
112591,244.0,75.0,138.0,139.0
112592,252.0,62.0,138.0,144.0
112593,232.0,80.0,122.0,139.0
112594,255.0,146.0,143.0,137.0
112595,248.0,126.0,153.0,146.0
112596,269.0,86.0,158.0,156.0
112597,246.0,142.0,125.0,135.0
112598,230.0,104.0,136.0,137.0
112599,248.0,129.0,141.0,146.0
112600,251.0,99.0,142.0,144.0
112601,254.0,167.0,132.0,139.0
112602,263.0,163.0,148.0,138.0
112603,267.0,122.0,155.0,149.0
112604,227.0,78.0,123.0,128.0
112605,238.0,109.0,136.0,132.0
112606,243.0,42.0,147.0,143.0
112607,252.0,107.0,161.0,142.0
112608,272.0,136.0,156.0,158.0
112609,248.0,97.0,153.0,133.0
112610,257.0,143.0,139.0,161.0
112611,236.0,93.0,127.0,143.0
112612,232.0,92.0,118.0,138.0
112613,248.0,112.0,154.0,136.0
112614,254.0,105.0,141.0,148.0
112615,248.0,89.0,143.0,147.0
112616,248.0,122.0,130.0,136.0
112617,270.0,97.0,155.0,163.0
112618,228.0,72.0,121.0,133.0
112619,267.0,159.0,146.0,133.0
112620,276.0,127.0,148.0,164.0
112621,223.0,136.0,128.0,128.0
112622,254.0,89.0,129.0,139.0
112623,256.0,101.0,143.0,152.0
112624,235.0,140.0,145.0,135.0
112625,240.0,98.0,124.0,135.0
112626,229.0,111.0,135.0,126.0
112627,246.0,123.0,155.0,129.0
112628,248.0,55.0,133.0,133.0
112629,234.0,87.0,128.0,145.0
112630,264.0,77.0,152.0,148.0
112631,266.0,144.0,135.0,146.0
112632,241.0,81.0,132.0,138.0
112633,236.0,97.0,140.0,150.0
112634,251.0,139.0,137.0,145.0
112635,247.0,138.0,125.0,152.0
112636,255.0,90.0,137.0,140.0
112637,261.0,118.0,141.0,140.0
112638,249.0,89.0,119.0,150.0
112639,245.0,99.0,131.0,131.0
112640,249.0,147.0,130.0,139.0
112641,234.0,85.0,111.0,142.0
112642,242.0,106.0,132.0,125.0
112643,239.0,110.0,134.0,130.0
112644,253.0,114.0,133.0,144.0
112645,259.0,131.0,135.0,146.0
112646,259.0,101.0,138.0,146.0
112647,250.0,91.0,133.0,136.0
112648,241.0,108.0,145.0,145.0
112649,280.0,121.0,149.0,153.0
112650,244.0,104.0,126.0,140.0
112651,255.0,88.0,143.0,137.0
112652,252.0,115.0,154.0,139.0
112653,261.0,111.0,144.0,142.0
112654,251.0,60.0,154.0,144.0
112655,247.0,62.0,131.0,146.0
112656,245.0,146.0,137.0,139.0
112657,267.0,108.0,132.0,148.0
112658,257.0,120.0,154.0,131.0
112659,239.0,158.0,144.0,129.0
112660,251.0,221.0,132.0,135.0
112661,258.0,95.0,135.0,147.0
112662,241.0,135.0,131.0,142.0
112663,248.0,132.0,151.0,132.0
112664,255.0,108.0,143.0,129.0
112665,250.0,153.0,133.0,139.0
112666,235.0,106.0,131.0,137.0
112667,242.0,80.0,139.0,149.0
112668,257.0,131.0,150.0,154.0
112669,256.0,97.0,139.0,139.0
112670,254.0,128.0,148.0,145.0
112671,248.0,103.0,122.0,132.0
112672,245.0,62.0,130.0,136.0
112673,244.0,137.0,130.0,132.0
112674,246.0,122.0,139.0,130.0
112675,250.0,106.0,136.0,152.0
112676,249.0,92.0,144.0,140.0
112677,218.0,83.0,128.0,124.0
112678,255.0,101.0,149.0,149.0
112679,237.0,149.0,140.0,142.0
112680,260.0,121.0,150.0,137.0
112681,260.0,122.0,128.0,144.0
112682,258.0,119.0,148.0,141.0
112683,246.0,128.0,138.0,145.0
112684,249.0,104.0,133.0,128.0
112685,225.0,125.0,112.0,122.0
112686,245.0,116.0,123.0,139.0
112687,259.0,110.0,146.0,144.0
112688,252.0,220.0,132.0,137.0
112689,266.0,90.0,141.0,155.0
112690,250.0,74.0,144.0,138.0
112691,236.0,100.0,131.0,128.0
112692,233.0,82.0,149.0,126.0
112693,238.0,78.0,132.0,134.0
112694,282.0,133.0,142.0,166.0
112695,235.0,82.0,144.0,132.0
112696,248.0,157.0,117.0,135.0
112697,227.0,79.0,127.0,126.0
112698,223.0,135.0,125.0,116.0
112699,267.0,132.0,156.0,154.0
112700,280.0,93.0,133.0,158.0
112701,230.0,87.0,123.0,152.0
112702,243.0,87.0,154.0,139.0
112703,239.0,154.0,141.0,121.0
112704,252.0,96.0,135.0,146.0
112705,274.0,133.0,143.0,148.0
112706,260.0,115.0,151.0,150.0
112707,263.0,109.0,147.0,145.0
112708,265.0,141.0,150.0,163.0
112709,257.0,123.0,144.0,139.0
112710,266.0,133.0,145.0,140.0
112711,267.0,125.0,145.0,131.0
112712,241.0,102.0,123.0,138.0
112713,245.0,126.0,135.0,140.0
112714,235.0,96.0,143.0,116.0
112715,222.0,113.0,129.0,126.0
112716,230.0,121.0,126.0,118.0
112717,236.0,204.0,131.0,135.0
112718,250.0,104.0,129.0,140.0
112719,264.0,233.0,155.0,156.0
112720,255.0,56.0,158.0,149.0
112721,259.0,88.0,160.0,140.0
112722,251.0,95.0,136.0,139.0
112723,260.0,139.0,155.0,139.0
112724,253.0,105.0,150.0,147.0
112725,260.0,160.0,144.0,150.0
112726,232.0,113.0,140.0,124.0
112727,250.0,218.0,153.0,130.0
112728,261.0,157.0,157.0,138.0
112729,261.0,124.0,147.0,151.0
112730,262.0,168.0,139.0,133.0
112731,241.0,113.0,129.0,135.0
112732,262.0,132.0,150.0,154.0
112733,257.0,90.0,150.0,146.0
112734,230.0,152.0,129.0,140.0
112735,251.0,77.0,151.0,141.0
112736,250.0,156.0,152.0,151.0
112737,252.0,143.0,149.0,160.0
112738,246.0,163.0,139.0,135.0
112739,243.0,92.0,136.0,140.0
112740,252.0,230.0,164.0,142.0
112741,220.0,108.0,130.0,119.0
112742,261.0,154.0,146.0,151.0
112743,272.0,105.0,151.0,178.0
112744,256.0,144.0,156.0,139.0
112745,257.0,97.0,163.0,157.0
112746,256.0,143.0,147.0,139.0
112747,261.0,130.0,137.0,141.0
112748,250.0,125.0,139.0,131.0
112749,257.0,100.0,145.0,130.0
112750,229.0,117.0,132.0,135.0
112751,275.0,88.0,154.0,156.0
112752,246.0,174.0,142.0,132.0
112753,280.0,74.0,156.0,150.0
112754,233.0,141.0,146.0,135.0
112755,246.0,243.0,142.0,144.0
112756,257.0,147.0,148.0,141.0
112757,248.0,174.0,143.0,113.0
112758,241.0,131.0,133.0,137.0
112759,260.0,203.0,158.0,151.0
112760,257.0,132.0,144.0,137.0
112761,264.0,121.0,146.0,156.0
112762,257.0,125.0,124.0,145.0
112763,282.0,95.0,170.0,145.0
112764,260.0,156.0,130.0,142.0
112765,231.0,77.0,132.0,133.0
112766,265.0,144.0,144.0,156.0
112767,232.0,77.0,123.0,128.0
112768,257.0,137.0,143.0,146.0
112769,267.0,100.0,150.0,146.0
112770,264.0,98.0,153.0,158.0
112771,255.0,115.0,134.0,140.0
112772,257.0,91.0,147.0,151.0
112773,240.0,186.0,146.0,141.0
112774,266.0,111.0,137.0,144.0
112775,226.0,95.0,134.0,128.0
112776,264.0,144.0,137.0,144.0
112777,247.0,114.0,145.0,137.0
112778,241.0,200.0,140.0,129.0
112779,234.0,103.0,131.0,137.0
112780,236.0,93.0,134.0,127.0
112781,266.0,159.0,149.0,143.0
112782,245.0,96.0,151.0,133.0
112783,255.0,129.0,157.0,140.0
112784,260.0,114.0,149.0,156.0
112785,253.0,111.0,136.0,127.0
112786,236.0,79.0,128.0,131.0
112787,254.0,104.0,141.0,149.0
112788,252.0,168.0,150.0,120.0
112789,276.0,143.0,168.0,145.0
112790,252.0,99.0,144.0,144.0
112791,234.0,79.0,141.0,131.0
112792,250.0,116.0,150.0,141.0
112793,263.0,65.0,152.0,141.0
112794,254.0,155.0,137.0,135.0
112795,267.0,89.0,164.0,158.0
112796,249.0,70.0,140.0,137.0
112797,243.0,104.0,137.0,141.0
112798,224.0,191.0,128.0,139.0
112799,264.0,139.0,159.0,151.0
112800,239.0,89.0,147.0,143.0
112801,260.0,108.0,146.0,150.0
112802,254.0,137.0,141.0,151.0
112803,254.0,144.0,131.0,138.0
112804,248.0,100.0,137.0,125.0
112805,243.0,108.0,143.0,132.0
112806,236.0,99.0,140.0,130.0
112807,266.0,115.0,145.0,154.0
112808,225.0,90.0,130.0,119.0
112809,271.0,149.0,164.0,146.0
112810,222.0,130.0,133.0,133.0
112811,262.0,158.0,148.0,144.0
112812,242.0,131.0,135.0,122.0
112813,259.0,122.0,134.0,139.0
112814,245.0,139.0,150.0,144.0
112815,255.0,123.0,148.0,135.0
112816,246.0,195.0,149.0,133.0
112817,253.0,132.0,140.0,132.0
112818,253.0,78.0,130.0,136.0
112819,242.0,98.0,127.0,140.0
112820,240.0,114.0,144.0,135.0
112821,265.0,122.0,143.0,159.0
112822,241.0,105.0,141.0,143.0
112823,275.0,162.0,158.0,146.0
112824,266.0,143.0,176.0,155.0
112825,260.0,117.0,168.0,149.0
112826,268.0,174.0,137.0,149.0
112827,259.0,111.0,161.0,128.0
112828,240.0,95.0,131.0,135.0
112829,238.0,96.0,150.0,126.0
112830,243.0,117.0,136.0,143.0
112831,267.0,154.0,146.0,165.0
112832,269.0,119.0,158.0,150.0
112833,282.0,82.0,159.0,160.0
112834,244.0,100.0,132.0,141.0
112835,250.0,109.0,145.0,143.0
112836,239.0,95.0,128.0,138.0
112837,225.0,84.0,116.0,122.0
112838,236.0,65.0,143.0,141.0
112839,226.0,121.0,135.0,123.0
112840,262.0,92.0,134.0,149.0
112841,266.0,160.0,137.0,156.0
112842,239.0,98.0,142.0,142.0
112843,242.0,125.0,141.0,143.0
112844,260.0,165.0,151.0,153.0
112845,226.0,97.0,128.0,113.0
112846,251.0,111.0,138.0,132.0
112847,306.0,130.0,173.0,180.0
112848,262.0,150.0,151.0,152.0
112849,248.0,91.0,133.0,152.0
112850,243.0,72.0,130.0,143.0
112851,255.0,201.0,141.0,138.0
112852,233.0,91.0,140.0,126.0
112853,254.0,122.0,133.0,141.0
112854,271.0,109.0,158.0,157.0
112855,270.0,227.0,146.0,159.0
112856,250.0,131.0,135.0,128.0
112857,258.0,74.0,149.0,142.0
112858,262.0,157.0,152.0,148.0
112859,242.0,87.0,132.0,122.0
112860,242.0,125.0,144.0,134.0
112861,249.0,114.0,134.0,135.0
112862,235.0,126.0,132.0,126.0
112863,268.0,130.0,140.0,149.0
112864,255.0,86.0,149.0,134.0
112865,237.0,84.0,137.0,145.0
112866,224.0,105.0,126.0,118.0
112867,235.0,107.0,133.0,140.0
112868,244.0,115.0,112.0,129.0
112869,248.0,87.0,130.0,145.0
112870,242.0,99.0,114.0,142.0
112871,274.0,185.0,155.0,157.0
112872,234.0,85.0,132.0,135.0
112873,260.0,108.0,139.0,154.0
112874,264.0,65.0,143.0,148.0
112875,240.0,91.0,140.0,153.0
112876,282.0,160.0,162.0,138.0
112877,249.0,142.0,135.0,133.0
112878,264.0,91.0,146.0,157.0
112879,256.0,100.0,146.0,134.0
112880,240.0,103.0,130.0,133.0
112881,245.0,107.0,143.0,144.0
112882,241.0,115.0,129.0,130.0
112883,242.0,83.0,143.0,140.0
112884,256.0,89.0,144.0,144.0
112885,276.0,200.0,141.0,156.0
112886,238.0,87.0,132.0,123.0
112887,262.0,116.0,148.0,155.0
112888,240.0,110.0,136.0,142.0
112889,229.0,126.0,117.0,123.0
112890,252.0,141.0,144.0,148.0
112891,247.0,145.0,139.0,141.0
112892,282.0,131.0,160.0,155.0
112893,236.0,65.0,144.0,137.0
112894,263.0,78.0,129.0,142.0
112895,259.0,97.0,141.0,132.0
112896,249.0,121.0,130.0,133.0
112897,251.0,108.0,139.0,133.0
112898,267.0,127.0,142.0,164.0
112899,234.0,134.0,132.0,133.0
112900,243.0,110.0,138.0,136.0
112901,253.0,121.0,148.0,148.0
112902,227.0,105.0,113.0,109.0
112903,243.0,87.0,139.0,123.0
112904,248.0,84.0,135.0,140.0
112905,233.0,149.0,121.0,128.0
112906,239.0,97.0,141.0,144.0
112907,248.0,183.0,122.0,131.0
112908,261.0,103.0,145.0,149.0
112909,255.0,76.0,143.0,148.0
112910,246.0,84.0,151.0,128.0
112911,260.0,94.0,145.0,143.0
112912,248.0,77.0,135.0,140.0
112913,251.0,104.0,154.0,126.0
112914,282.0,107.0,155.0,157.0
112915,247.0,90.0,146.0,139.0
112916,248.0,103.0,131.0,139.0
112917,275.0,102.0,169.0,150.0
112918,231.0,78.0,131.0,126.0
112919,242.0,125.0,143.0,144.0
112920,255.0,87.0,149.0,144.0
112921,262.0,104.0,142.0,162.0
112922,235.0,134.0,135.0,137.0
112923,235.0,101.0,134.0,133.0
112924,260.0,127.0,146.0,157.0
112925,245.0,116.0,128.0,137.0
112926,259.0,104.0,140.0,131.0
112927,248.0,223.0,141.0,145.0
112928,228.0,132.0,115.0,116.0
112929,251.0,114.0,138.0,129.0
112930,260.0,77.0,137.0,159.0
112931,245.0,84.0,134.0,139.0
112932,254.0,100.0,137.0,141.0
112933,247.0,98.0,149.0,139.0
112934,214.0,79.0,116.0,117.0
112935,242.0,109.0,138.0,124.0
112936,247.0,106.0,144.0,139.0
112937,261.0,110.0,138.0,144.0
112938,250.0,102.0,137.0,136.0
112939,237.0,130.0,133.0,139.0
112940,232.0,101.0,117.0,128.0
112941,257.0,111.0,137.0,155.0
112942,270.0,140.0,155.0,154.0
112943,254.0,70.0,127.0,139.0
112944,245.0,172.0,149.0,144.0
112945,249.0,97.0,127.0,135.0
112946,237.0,141.0,133.0,128.0
112947,228.0,106.0,128.0,110.0
112948,248.0,160.0,134.0,138.0
112949,259.0,115.0,145.0,124.0
112950,273.0,86.0,150.0,146.0
112951,263.0,231.0,146.0,151.0
112952,248.0,117.0,126.0,133.0
112953,272.0,186.0,151.0,152.0
112954,254.0,82.0,134.0,140.0
112955,244.0,61.0,150.0,140.0
112956,251.0,91.0,151.0,147.0
112957,245.0,83.0,139.0,140.0
112958,247.0,156.0,144.0,131.0
112959,256.0,106.0,149.0,127.0
112960,267.0,78.0,165.0,148.0
112961,261.0,107.0,137.0,149.0
112962,222.0,110.0,120.0,137.0
112963,253.0,135.0,157.0,141.0
112964,250.0,119.0,130.0,159.0
112965,261.0,135.0,141.0,140.0
112966,250.0,59.0,141.0,142.0
112967,261.0,141.0,132.0,129.0
112968,255.0,53.0,141.0,134.0
112969,232.0,147.0,140.0,130.0
112970,248.0,74.0,152.0,162.0
112971,252.0,105.0,142.0,147.0
112972,277.0,167.0,157.0,151.0
112973,254.0,61.0,135.0,133.0
112974,251.0,129.0,147.0,135.0
112975,244.0,108.0,127.0,138.0
112976,239.0,104.0,139.0,127.0
112977,262.0,204.0,140.0,148.0
112978,260.0,91.0,133.0,145.0
112979,262.0,105.0,137.0,140.0
112980,256.0,111.0,139.0,135.0
112981,257.0,128.0,136.0,140.0
112982,291.0,107.0,160.0,157.0
112983,249.0,83.0,132.0,143.0
112984,272.0,146.0,150.0,154.0
112985,247.0,94.0,135.0,143.0
112986,243.0,105.0,122.0,138.0
112987,238.0,133.0,155.0,148.0
112988,232.0,132.0,127.0,130.0
112989,257.0,107.0,153.0,146.0
112990,235.0,119.0,125.0,133.0
112991,248.0,91.0,151.0,134.0
112992,247.0,86.0,122.0,137.0
112993,226.0,114.0,126.0,134.0
112994,275.0,115.0,171.0,151.0
112995,263.0,160.0,161.0,140.0
112996,231.0,86.0,140.0,132.0
112997,233.0,119.0,117.0,123.0
112998,244.0,98.0,144.0,135.0
112999,240.0,127.0,139.0,129.0
113000,267.0,154.0,154.0,147.0
113001,269.0,126.0,146.0,157.0
113002,267.0,190.0,146.0,154.0
113003,237.0,95.0,138.0,142.0
113004,244.0,109.0,124.0,135.0
113005,240.0,85.0,143.0,138.0
113006,240.0,76.0,130.0,138.0
113007,250.0,100.0,133.0,120.0
113008,269.0,129.0,157.0,150.0
113009,264.0,101.0,146.0,145.0
113010,237.0,89.0,133.0,128.0
113011,256.0,110.0,127.0,142.0
113012,233.0,122.0,136.0,125.0
113013,223.0,100.0,129.0,124.0
113014,283.0,132.0,162.0,157.0
113015,270.0,102.0,145.0,148.0
113016,239.0,66.0,134.0,125.0
113017,259.0,108.0,142.0,140.0
113018,229.0,106.0,124.0,136.0
113019,277.0,121.0,159.0,164.0
113020,251.0,107.0,132.0,141.0
113021,226.0,113.0,132.0,132.0
113022,228.0,149.0,129.0,132.0
113023,246.0,142.0,148.0,132.0
113024,236.0,125.0,129.0,133.0
113025,257.0,146.0,155.0,147.0
113026,220.0,93.0,116.0,115.0
113027,267.0,116.0,149.0,151.0
113028,235.0,151.0,132.0,130.0
113029,247.0,64.0,129.0,143.0
113030,263.0,129.0,159.0,162.0
113031,259.0,117.0,133.0,134.0
113032,253.0,233.0,128.0,141.0
113033,248.0,113.0,135.0,150.0
113034,258.0,100.0,152.0,156.0
113035,257.0,112.0,141.0,148.0
113036,260.0,135.0,147.0,164.0
113037,248.0,115.0,147.0,134.0
113038,237.0,96.0,130.0,148.0
113039,277.0,113.0,154.0,143.0
113040,249.0,116.0,126.0,144.0
113041,237.0,93.0,148.0,107.0
113042,258.0,126.0,143.0,137.0
113043,263.0,104.0,151.0,154.0
113044,229.0,101.0,135.0,122.0
113045,239.0,109.0,138.0,126.0
113046,262.0,231.0,134.0,132.0
113047,260.0,122.0,143.0,139.0
113048,257.0,86.0,157.0,138.0
113049,254.0,124.0,138.0,154.0
113050,249.0,218.0,135.0,137.0
113051,258.0,80.0,152.0,142.0
113052,240.0,97.0,152.0,133.0
113053,253.0,91.0,129.0,139.0
113054,246.0,136.0,146.0,127.0
113055,254.0,68.0,147.0,133.0
113056,252.0,116.0,156.0,140.0
113057,251.0,100.0,138.0,155.0
113058,275.0,140.0,166.0,150.0
113059,266.0,109.0,149.0,138.0
113060,235.0,102.0,129.0,125.0
113061,254.0,141.0,125.0,145.0
113062,243.0,98.0,132.0,132.0
113063,260.0,124.0,138.0,158.0
113064,246.0,81.0,127.0,141.0
113065,240.0,47.0,140.0,140.0
113066,250.0,221.0,138.0,131.0
113067,269.0,106.0,150.0,145.0
113068,266.0,161.0,145.0,147.0
113069,251.0,56.0,131.0,145.0
113070,261.0,121.0,149.0,160.0
113071,238.0,129.0,136.0,133.0
113072,245.0,108.0,155.0,149.0
113073,236.0,148.0,131.0,132.0
113074,254.0,79.0,128.0,127.0
113075,253.0,105.0,138.0,150.0
113076,233.0,106.0,131.0,137.0
113077,256.0,128.0,150.0,157.0
113078,248.0,99.0,139.0,155.0
113079,245.0,98.0,140.0,150.0
113080,247.0,107.0,147.0,142.0
113081,237.0,55.0,131.0,134.0
113082,257.0,96.0,141.0,143.0
113083,269.0,119.0,152.0,164.0
113084,246.0,236.0,135.0,144.0
113085,244.0,115.0,148.0,132.0
113086,250.0,109.0,130.0,128.0
113087,239.0,81.0,141.0,140.0
113088,274.0,133.0,146.0,156.0
113089,255.0,121.0,147.0,132.0
113090,229.0,107.0,131.0,132.0
113091,271.0,162.0,146.0,144.0
113092,234.0,102.0,131.0,126.0
113093,241.0,107.0,147.0,140.0
113094,242.0,130.0,132.0,123.0
113095,269.0,122.0,153.0,155.0
113096,247.0,81.0,149.0,130.0
113097,245.0,81.0,144.0,115.0
113098,245.0,107.0,126.0,140.0
113099,261.0,60.0,151.0,140.0
113100,243.0,94.0,132.0,128.0
113101,240.0,138.0,156.0,141.0
113102,231.0,79.0,127.0,128.0
113103,247.0,95.0,126.0,137.0
113104,253.0,100.0,131.0,148.0
113105,211.0,85.0,122.0,121.0
113106,225.0,134.0,127.0,117.0
113107,241.0,129.0,120.0,133.0
113108,268.0,95.0,141.0,147.0
113109,262.0,113.0,155.0,144.0
113110,250.0,162.0,138.0,142.0
113111,252.0,94.0,126.0,146.0
113112,267.0,101.0,164.0,153.0
113113,235.0,71.0,144.0,123.0
113114,243.0,120.0,133.0,117.0
113115,261.0,124.0,162.0,151.0
113116,247.0,106.0,136.0,135.0
113117,228.0,127.0,132.0,124.0
113118,257.0,138.0,126.0,140.0
113119,242.0,115.0,137.0,128.0
113120,242.0,88.0,140.0,145.0
113121,239.0,138.0,134.0,141.0
113122,275.0,140.0,153.0,129.0
113123,254.0,131.0,151.0,139.0
113124,253.0,93.0,139.0,147.0
113125,244.0,133.0,127.0,139.0
113126,244.0,136.0,136.0,141.0
113127,276.0,118.0,159.0,157.0
113128,259.0,124.0,151.0,144.0
113129,259.0,40.0,156.0,150.0
113130,243.0,109.0,125.0,142.0
113131,268.0,130.0,154.0,163.0
113132,246.0,104.0,139.0,134.0
113133,283.0,122.0,158.0,160.0
113134,259.0,119.0,161.0,139.0
113135,234.0,78.0,136.0,138.0
113136,249.0,124.0,154.0,143.0
113137,270.0,133.0,143.0,154.0
113138,251.0,101.0,141.0,130.0
113139,262.0,97.0,150.0,137.0
113140,234.0,113.0,134.0,118.0
113141,256.0,85.0,144.0,146.0
113142,253.0,138.0,155.0,160.0
113143,260.0,126.0,152.0,143.0
113144,248.0,109.0,152.0,146.0
113145,233.0,80.0,133.0,137.0
113146,261.0,107.0,161.0,153.0
113147,283.0,113.0,156.0,156.0
113148,233.0,141.0,146.0,140.0
113149,265.0,112.0,145.0,157.0
113150,249.0,105.0,146.0,153.0
113151,264.0,118.0,143.0,152.0
113152,235.0,106.0,124.0,134.0
113153,247.0,74.0,139.0,145.0
113154,256.0,105.0,140.0,136.0
113155,252.0,128.0,135.0,142.0
113156,234.0,122.0,130.0,142.0
113157,232.0,126.0,130.0,132.0
113158,237.0,68.0,144.0,129.0
113159,228.0,91.0,126.0,122.0
113160,258.0,116.0,160.0,125.0
113161,242.0,82.0,136.0,127.0
113162,255.0,91.0,137.0,152.0
113163,252.0,79.0,132.0,138.0
113164,247.0,139.0,155.0,137.0
113165,254.0,110.0,144.0,138.0
113166,212.0,101.0,134.0,117.0
113167,257.0,98.0,157.0,133.0
113168,254.0,115.0,148.0,150.0
113169,272.0,137.0,159.0,147.0
113170,231.0,100.0,133.0,125.0
113171,271.0,146.0,168.0,145.0
113172,270.0,143.0,166.0,145.0
113173,255.0,94.0,142.0,149.0
113174,260.0,146.0,143.0,147.0
113175,250.0,123.0,141.0,138.0
113176,252.0,119.0,135.0,136.0
113177,241.0,87.0,124.0,141.0
113178,260.0,160.0,139.0,148.0
113179,239.0,73.0,141.0,130.0
113180,237.0,158.0,128.0,129.0
113181,238.0,92.0,121.0,123.0
113182,256.0,164.0,152.0,146.0
113183,254.0,188.0,160.0,144.0
113184,255.0,173.0,132.0,157.0
113185,274.0,50.0,149.0,156.0
113186,262.0,120.0,164.0,144.0
113187,242.0,150.0,133.0,129.0
113188,239.0,88.0,146.0,127.0
113189,259.0,130.0,167.0,143.0
113190,255.0,95.0,151.0,132.0
113191,252.0,224.0,152.0,140.0
113192,244.0,125.0,133.0,130.0
113193,272.0,135.0,162.0,151.0
113194,252.0,147.0,136.0,145.0
113195,256.0,76.0,151.0,130.0
113196,241.0,106.0,125.0,128.0
113197,247.0,173.0,128.0,149.0
113198,256.0,131.0,139.0,141.0
113199,269.0,106.0,139.0,145.0
113200,255.0,172.0,156.0,152.0
113201,242.0,112.0,138.0,131.0
113202,225.0,120.0,129.0,120.0
113203,238.0,87.0,144.0,136.0
113204,242.0,132.0,126.0,127.0
113205,238.0,150.0,141.0,128.0
113206,239.0,83.0,134.0,138.0
113207,225.0,101.0,130.0,124.0
113208,253.0,78.0,146.0,148.0
113209,246.0,175.0,126.0,144.0
113210,237.0,197.0,122.0,148.0
113211,250.0,127.0,128.0,140.0
113212,264.0,57.0,152.0,158.0
113213,237.0,95.0,137.0,138.0
113214,256.0,57.0,146.0,151.0
113215,246.0,103.0,126.0,124.0
113216,251.0,101.0,150.0,141.0
113217,248.0,118.0,138.0,150.0
113218,241.0,238.0,115.0,140.0
113219,261.0,153.0,149.0,133.0
113220,260.0,204.0,131.0,156.0
113221,273.0,120.0,154.0,138.0
113222,268.0,226.0,154.0,142.0
113223,270.0,126.0,147.0,160.0
113224,241.0,110.0,125.0,135.0
113225,261.0,48.0,146.0,147.0
113226,238.0,106.0,142.0,145.0
113227,235.0,113.0,130.0,138.0
113228,264.0,86.0,148.0,155.0
113229,246.0,97.0,144.0,136.0
113230,237.0,109.0,138.0,130.0
113231,249.0,99.0,136.0,150.0
113232,234.0,66.0,130.0,125.0
113233,290.0,161.0,175.0,166.0
113234,274.0,69.0,138.0,155.0
113235,253.0,108.0,143.0,138.0
113236,234.0,56.0,140.0,144.0
113237,262.0,135.0,131.0,161.0
113238,265.0,142.0,151.0,145.0
113239,225.0,67.0,117.0,125.0
113240,257.0,124.0,140.0,146.0
113241,256.0,154.0,146.0,139.0
113242,273.0,169.0,172.0,142.0
113243,225.0,84.0,130.0,136.0
113244,240.0,61.0,135.0,118.0
113245,257.0,98.0,154.0,136.0
113246,223.0,97.0,143.0,116.0
113247,265.0,152.0,151.0,160.0
113248,258.0,120.0,148.0,142.0
113249,244.0,100.0,123.0,134.0
113250,236.0,96.0,130.0,136.0
113251,274.0,148.0,152.0,148.0
113252,227.0,88.0,122.0,137.0
113253,251.0,137.0,142.0,151.0
113254,227.0,95.0,124.0,116.0
113255,259.0,154.0,144.0,149.0
113256,232.0,123.0,125.0,137.0
113257,225.0,103.0,107.0,134.0
113258,249.0,85.0,138.0,151.0
113259,233.0,78.0,121.0,125.0
113260,251.0,95.0,136.0,132.0
113261,241.0,144.0,126.0,132.0
113262,257.0,122.0,144.0,143.0
113263,251.0,142.0,130.0,130.0
113264,246.0,105.0,148.0,135.0
113265,225.0,92.0,126.0,130.0
113266,249.0,89.0,139.0,146.0
113267,260.0,84.0,145.0,156.0
113268,244.0,87.0,128.0,115.0
113269,249.0,109.0,157.0,134.0
113270,228.0,100.0,143.0,122.0
113271,265.0,109.0,141.0,159.0
113272,273.0,89.0,140.0,155.0
113273,253.0,132.0,153.0,137.0
113274,266.0,186.0,132.0,163.0
113275,245.0,141.0,130.0,129.0
113276,244.0,104.0,131.0,133.0
113277,237.0,88.0,129.0,136.0
113278,261.0,112.0,153.0,141.0
113279,218.0,86.0,126.0,125.0
113280,246.0,132.0,151.0,132.0
113281,247.0,71.0,147.0,138.0
113282,243.0,89.0,143.0,129.0
113283,233.0,64.0,142.0,138.0
113284,261.0,128.0,159.0,155.0
113285,231.0,85.0,120.0,127.0
113286,236.0,32.0,139.0,143.0
113287,215.0,109.0,126.0,99.0
113288,243.0,112.0,138.0,135.0
113289,268.0,124.0,145.0,159.0
113290,242.0,84.0,146.0,135.0
113291,248.0,155.0,129.0,144.0
113292,229.0,103.0,123.0,138.0
113293,214.0,100.0,130.0,111.0
113294,238.0,84.0,130.0,123.0
113295,249.0,124.0,140.0,137.0
113296,237.0,81.0,134.0,129.0
113297,256.0,129.0,152.0,145.0
113298,265.0,150.0,168.0,159.0
113299,249.0,102.0,130.0,142.0
113300,240.0,208.0,132.0,138.0
113301,249.0,173.0,142.0,137.0
113302,268.0,102.0,154.0,149.0
113303,247.0,113.0,146.0,141.0
113304,243.0,198.0,150.0,118.0
113305,251.0,104.0,154.0,141.0
113306,245.0,99.0,142.0,130.0
113307,244.0,110.0,139.0,120.0
113308,264.0,108.0,150.0,152.0
113309,244.0,146.0,128.0,132.0
113310,252.0,58.0,139.0,157.0
113311,230.0,137.0,136.0,129.0
113312,245.0,121.0,142.0,130.0
113313,262.0,138.0,158.0,157.0
113314,250.0,122.0,151.0,131.0
113315,256.0,124.0,142.0,156.0
113316,256.0,232.0,137.0,143.0
113317,241.0,91.0,128.0,144.0
113318,256.0,109.0,144.0,155.0
113319,232.0,134.0,126.0,136.0
113320,246.0,69.0,141.0,144.0
113321,260.0,209.0,156.0,151.0
113322,263.0,106.0,146.0,150.0
113323,244.0,105.0,146.0,138.0
113324,227.0,49.0,122.0,120.0
113325,265.0,129.0,157.0,168.0
113326,224.0,99.0,122.0,123.0
113327,255.0,130.0,146.0,145.0
113328,284.0,104.0,151.0,136.0
113329,281.0,134.0,153.0,167.0
113330,261.0,185.0,142.0,161.0
113331,232.0,98.0,116.0,135.0
113332,254.0,87.0,140.0,136.0
113333,248.0,111.0,148.0,133.0
113334,254.0,224.0,139.0,147.0
113335,237.0,110.0,131.0,131.0
113336,248.0,63.0,129.0,134.0
113337,240.0,69.0,145.0,127.0
113338,249.0,115.0,136.0,131.0
113339,254.0,210.0,146.0,153.0
113340,233.0,56.0,125.0,135.0
113341,263.0,191.0,150.0,147.0
113342,275.0,108.0,169.0,159.0
113343,250.0,202.0,134.0,143.0
113344,252.0,215.0,154.0,143.0
113345,239.0,129.0,129.0,145.0
113346,266.0,111.0,142.0,141.0
113347,248.0,111.0,141.0,132.0
113348,236.0,198.0,137.0,134.0
113349,240.0,125.0,126.0,135.0
113350,263.0,103.0,137.0,157.0
113351,247.0,114.0,149.0,135.0
113352,258.0,101.0,133.0,165.0
113353,279.0,220.0,170.0,152.0
113354,238.0,173.0,144.0,126.0
113355,224.0,102.0,124.0,116.0
113356,259.0,87.0,132.0,151.0
113357,220.0,77.0,118.0,128.0
113358,233.0,117.0,127.0,129.0
113359,229.0,82.0,126.0,132.0
113360,240.0,111.0,138.0,134.0
113361,243.0,81.0,152.0,135.0
113362,268.0,109.0,154.0,147.0
113363,241.0,81.0,128.0,133.0
113364,272.0,120.0,144.0,163.0
113365,239.0,100.0,125.0,126.0
113366,245.0,106.0,128.0,140.0
113367,260.0,164.0,162.0,145.0
113368,251.0,108.0,149.0,150.0
113369,262.0,76.0,151.0,133.0
113370,250.0,96.0,136.0,127.0
113371,257.0,134.0,137.0,146.0
113372,267.0,123.0,145.0,158.0
113373,269.0,116.0,140.0,158.0
113374,248.0,94.0,149.0,136.0
113375,253.0,112.0,132.0,132.0
113376,251.0,215.0,133.0,129.0
113377,240.0,109.0,133.0,133.0
113378,267.0,120.0,145.0,139.0
113379,266.0,126.0,142.0,135.0
113380,245.0,146.0,144.0,148.0
113381,245.0,126.0,149.0,143.0
113382,239.0,173.0,135.0,121.0
113383,247.0,84.0,159.0,137.0
113384,265.0,94.0,149.0,149.0
113385,248.0,160.0,144.0,126.0
113386,245.0,132.0,134.0,134.0
113387,237.0,113.0,121.0,131.0
113388,233.0,198.0,148.0,129.0
113389,238.0,95.0,127.0,158.0
113390,246.0,43.0,143.0,148.0
113391,241.0,80.0,139.0,126.0
113392,249.0,78.0,130.0,144.0
113393,258.0,178.0,144.0,150.0
113394,251.0,97.0,151.0,147.0
113395,245.0,115.0,139.0,139.0
113396,237.0,66.0,140.0,131.0
113397,254.0,130.0,143.0,158.0
113398,260.0,156.0,148.0,153.0
113399,251.0,241.0,145.0,131.0
113400,278.0,103.0,157.0,156.0
113401,249.0,122.0,146.0,135.0
113402,253.0,113.0,137.0,139.0
113403,227.0,106.0,129.0,143.0
113404,239.0,91.0,136.0,125.0
113405,251.0,135.0,134.0,144.0
113406,243.0,107.0,116.0,141.0
113407,238.0,83.0,127.0,128.0
113408,239.0,84.0,146.0,132.0
113409,253.0,67.0,140.0,147.0
113410,245.0,127.0,144.0,131.0
113411,256.0,107.0,163.0,143.0
113412,252.0,95.0,148.0,148.0
113413,254.0,122.0,138.0,147.0
113414,234.0,106.0,135.0,127.0
113415,250.0,112.0,135.0,156.0
113416,241.0,66.0,152.0,128.0
113417,253.0,153.0,140.0,145.0
113418,261.0,102.0,140.0,145.0
113419,251.0,132.0,146.0,143.0
113420,221.0,97.0,138.0,124.0
113421,246.0,81.0,145.0,131.0
113422,258.0,96.0,145.0,148.0
113423,226.0,111.0,129.0,129.0
113424,254.0,104.0,150.0,143.0
113425,248.0,149.0,137.0,133.0
113426,247.0,138.0,140.0,146.0
113427,256.0,141.0,127.0,139.0
113428,254.0,89.0,151.0,144.0
113429,243.0,120.0,137.0,134.0
113430,239.0,113.0,139.0,125.0
113431,258.0,116.0,145.0,145.0
113432,249.0,107.0,140.0,127.0
113433,272.0,82.0,137.0,150.0
113434,270.0,96.0,164.0,181.0
113435,277.0,170.0,164.0,164.0
113436,270.0,156.0,149.0,148.0
113437,235.0,118.0,127.0,130.0
113438,261.0,115.0,157.0,157.0
113439,273.0,170.0,150.0,158.0
113440,249.0,88.0,136.0,138.0
113441,230.0,93.0,121.0,113.0
113442,233.0,70.0,122.0,125.0
113443,247.0,133.0,132.0,131.0
113444,243.0,120.0,137.0,152.0
113445,249.0,84.0,137.0,136.0
113446,246.0,158.0,136.0,142.0
113447,250.0,125.0,131.0,137.0
113448,231.0,127.0,127.0,130.0
113449,256.0,98.0,159.0,163.0
113450,249.0,123.0,140.0,133.0
113451,278.0,137.0,161.0,139.0
113452,265.0,72.0,163.0,138.0
113453,256.0,87.0,148.0,145.0
113454,276.0,77.0,173.0,150.0
113455,263.0,127.0,145.0,145.0
113456,246.0,107.0,131.0,142.0
113457,261.0,75.0,139.0,150.0
113458,248.0,95.0,132.0,143.0
113459,236.0,76.0,132.0,142.0
113460,255.0,134.0,139.0,149.0
113461,244.0,97.0,132.0,142.0
113462,243.0,123.0,135.0,143.0
113463,241.0,120.0,122.0,134.0
113464,263.0,138.0,146.0,145.0
113465,264.0,149.0,133.0,138.0
113466,236.0,76.0,142.0,122.0
113467,277.0,117.0,150.0,150.0
113468,265.0,127.0,134.0,150.0
113469,258.0,116.0,153.0,149.0
113470,256.0,150.0,125.0,146.0
113471,251.0,131.0,144.0,128.0
113472,240.0,47.0,131.0,125.0
113473,244.0,139.0,135.0,120.0
113474,263.0,124.0,145.0,147.0
113475,266.0,133.0,146.0,150.0
113476,232.0,229.0,139.0,135.0
113477,238.0,133.0,136.0,137.0
113478,249.0,82.0,122.0,131.0
113479,248.0,93.0,149.0,146.0
113480,239.0,153.0,147.0,145.0
113481,255.0,81.0,126.0,139.0
113482,238.0,70.0,114.0,142.0
113483,268.0,135.0,143.0,151.0
113484,257.0,101.0,150.0,141.0
113485,245.0,98.0,130.0,135.0
113486,227.0,110.0,124.0,129.0
113487,259.0,135.0,157.0,141.0
113488,229.0,127.0,130.0,120.0
113489,236.0,109.0,128.0,125.0
113490,241.0,89.0,129.0,135.0
113491,260.0,99.0,158.0,144.0
113492,234.0,77.0,123.0,160.0
113493,267.0,94.0,133.0,136.0
113494,249.0,105.0,134.0,139.0
113495,243.0,90.0,136.0,142.0
113496,250.0,116.0,147.0,135.0
113497,237.0,173.0,122.0,127.0
113498,263.0,220.0,158.0,136.0
113499,263.0,109.0,141.0,125.0
113500,261.0,100.0,141.0,124.0
113501,243.0,76.0,124.0,130.0
113502,255.0,81.0,153.0,159.0
113503,249.0,131.0,146.0,155.0
113504,268.0,76.0,174.0,154.0
113505,261.0,103.0,138.0,154.0
113506,253.0,120.0,138.0,138.0
113507,251.0,72.0,151.0,151.0
113508,257.0,157.0,135.0,146.0
113509,226.0,107.0,134.0,133.0
113510,248.0,81.0,142.0,136.0
113511,252.0,116.0,119.0,134.0
113512,257.0,93.0,172.0,132.0
113513,226.0,58.0,119.0,131.0
113514,246.0,84.0,133.0,148.0
113515,235.0,157.0,140.0,124.0
113516,254.0,95.0,150.0,144.0
113517,253.0,122.0,137.0,139.0
113518,244.0,86.0,121.0,150.0
113519,262.0,137.0,137.0,155.0
113520,250.0,76.0,136.0,141.0
113521,248.0,130.0,138.0,157.0
113522,263.0,115.0,141.0,150.0
113523,271.0,100.0,149.0,141.0
113524,221.0,109.0,124.0,122.0
113525,247.0,144.0,122.0,151.0
113526,227.0,104.0,135.0,129.0
113527,252.0,102.0,135.0,161.0
113528,236.0,122.0,136.0,140.0
113529,245.0,119.0,138.0,140.0
113530,267.0,163.0,155.0,148.0
113531,244.0,87.0,150.0,134.0
113532,246.0,93.0,140.0,144.0
113533,246.0,93.0,139.0,147.0
113534,268.0,149.0,151.0,150.0
113535,254.0,80.0,146.0,132.0
113536,238.0,92.0,143.0,126.0
113537,251.0,87.0,137.0,136.0
113538,231.0,112.0,108.0,130.0
113539,253.0,66.0,143.0,130.0
113540,263.0,119.0,130.0,147.0
113541,249.0,102.0,140.0,138.0
113542,249.0,146.0,145.0,151.0
113543,252.0,125.0,137.0,139.0
113544,262.0,85.0,152.0,147.0
113545,237.0,86.0,126.0,138.0
113546,234.0,80.0,120.0,127.0
113547,241.0,218.0,137.0,123.0
113548,255.0,88.0,149.0,143.0
113549,247.0,233.0,131.0,146.0
113550,263.0,145.0,152.0,146.0
113551,236.0,77.0,149.0,139.0
113552,256.0,116.0,152.0,153.0
113553,258.0,150.0,149.0,141.0
113554,237.0,65.0,136.0,140.0
113555,239.0,142.0,119.0,130.0
113556,243.0,62.0,141.0,131.0
113557,245.0,135.0,160.0,130.0
113558,235.0,92.0,136.0,133.0
113559,259.0,114.0,152.0,151.0
113560,248.0,139.0,142.0,135.0
113561,250.0,97.0,137.0,143.0
113562,234.0,98.0,126.0,130.0
113563,260.0,143.0,139.0,171.0
113564,266.0,92.0,142.0,148.0
113565,253.0,114.0,131.0,154.0
113566,232.0,186.0,133.0,132.0
113567,249.0,91.0,136.0,136.0
113568,223.0,51.0,134.0,108.0
113569,257.0,123.0,143.0,143.0
113570,261.0,124.0,131.0,142.0
113571,247.0,104.0,144.0,144.0
113572,242.0,95.0,138.0,142.0
113573,240.0,121.0,137.0,131.0
113574,269.0,169.0,160.0,153.0
113575,251.0,152.0,143.0,135.0
113576,224.0,94.0,122.0,124.0
113577,239.0,39.0,142.0,126.0
113578,251.0,100.0,144.0,126.0
113579,246.0,89.0,147.0,143.0
113580,261.0,128.0,146.0,164.0
113581,232.0,119.0,140.0,131.0
113582,248.0,75.0,135.0,140.0
113583,254.0,232.0,141.0,130.0
113584,264.0,161.0,148.0,155.0
113585,263.0,107.0,151.0,156.0
113586,268.0,128.0,150.0,155.0
113587,267.0,157.0,153.0,163.0
113588,229.0,111.0,120.0,129.0
113589,224.0,101.0,128.0,134.0
113590,265.0,149.0,152.0,146.0
113591,256.0,97.0,160.0,148.0
113592,236.0,107.0,131.0,129.0
113593,246.0,135.0,154.0,140.0
113594,232.0,104.0,136.0,123.0
113595,248.0,90.0,145.0,143.0
113596,252.0,75.0,143.0,146.0
113597,256.0,118.0,160.0,158.0
113598,246.0,134.0,149.0,133.0
113599,238.0,110.0,132.0,133.0
113600,239.0,137.0,136.0,126.0
113601,266.0,107.0,156.0,155.0
113602,269.0,255.0,141.0,155.0
113603,258.0,109.0,144.0,144.0
113604,243.0,124.0,122.0,137.0
113605,249.0,141.0,139.0,141.0
113606,272.0,186.0,148.0,158.0
113607,263.0,143.0,159.0,140.0
113608,244.0,95.0,143.0,136.0
113609,249.0,94.0,146.0,146.0
113610,226.0,107.0,117.0,112.0
113611,243.0,124.0,133.0,143.0
113612,259.0,73.0,153.0,147.0
113613,239.0,89.0,122.0,128.0
113614,235.0,116.0,120.0,134.0
113615,214.0,117.0,108.0,122.0
113616,275.0,133.0,152.0,156.0
113617,236.0,120.0,134.0,134.0
113618,262.0,115.0,151.0,143.0
113619,243.0,131.0,143.0,147.0
113620,214.0,95.0,131.0,138.0
113621,260.0,107.0,132.0,143.0
113622,265.0,131.0,143.0,156.0
113623,254.0,118.0,134.0,142.0
113624,238.0,83.0,130.0,126.0
113625,250.0,218.0,152.0,134.0
113626,249.0,103.0,137.0,138.0
113627,251.0,104.0,149.0,144.0
113628,233.0,129.0,132.0,128.0
113629,235.0,65.0,129.0,151.0
113630,235.0,200.0,121.0,132.0
113631,234.0,100.0,126.0,139.0
113632,223.0,92.0,116.0,105.0
113633,247.0,109.0,144.0,134.0
113634,244.0,91.0,145.0,137.0
113635,250.0,94.0,152.0,139.0
113636,229.0,133.0,130.0,116.0
113637,245.0,122.0,125.0,135.0
113638,256.0,179.0,157.0,139.0
113639,224.0,130.0,116.0,121.0
113640,259.0,93.0,147.0,127.0
113641,244.0,118.0,144.0,129.0
113642,241.0,76.0,125.0,133.0
113643,266.0,105.0,141.0,137.0
113644,240.0,76.0,127.0,135.0
113645,234.0,44.0,144.0,141.0
113646,262.0,95.0,148.0,133.0
113647,236.0,96.0,130.0,130.0
113648,260.0,137.0,156.0,143.0
113649,245.0,115.0,147.0,137.0
113650,255.0,249.0,167.0,162.0
113651,236.0,86.0,138.0,141.0
113652,275.0,124.0,161.0,145.0
113653,235.0,64.0,126.0,135.0
113654,250.0,122.0,137.0,132.0
113655,229.0,80.0,122.0,124.0
113656,242.0,143.0,151.0,131.0
113657,267.0,154.0,151.0,138.0
113658,245.0,108.0,134.0,132.0
113659,246.0,108.0,140.0,137.0
113660,258.0,128.0,148.0,150.0
113661,250.0,128.0,138.0,147.0
113662,266.0,160.0,157.0,154.0
113663,247.0,73.0,137.0,139.0
113664,263.0,92.0,149.0,144.0
113665,243.0,100.0,133.0,139.0
113666,256.0,120.0,137.0,160.0
113667,233.0,99.0,135.0,133.0
113668,236.0,101.0,130.0,142.0
113669,246.0,92.0,129.0,144.0
113670,235.0,84.0,130.0,138.0
113671,261.0,86.0,140.0,152.0
113672,256.0,124.0,144.0,136.0
113673,256.0,147.0,158.0,146.0
113674,255.0,108.0,132.0,148.0
113675,269.0,131.0,146.0,150.0
113676,231.0,119.0,133.0,127.0
113677,275.0,127.0,149.0,148.0
113678,239.0,79.0,138.0,130.0
113679,233.0,114.0,146.0,130.0
113680,227.0,102.0,133.0,127.0
113681,249.0,87.0,141.0,141.0
113682,265.0,233.0,146.0,150.0
113683,258.0,211.0,152.0,158.0
113684,259.0,151.0,147.0,158.0
113685,246.0,111.0,125.0,143.0
113686,251.0,104.0,134.0,142.0
113687,247.0,88.0,134.0,124.0
113688,241.0,190.0,136.0,133.0
113689,214.0,156.0,121.0,118.0
113690,265.0,149.0,147.0,144.0
113691,233.0,119.0,121.0,122.0
113692,242.0,175.0,142.0,131.0
113693,264.0,109.0,145.0,137.0
113694,259.0,118.0,143.0,150.0
113695,252.0,127.0,136.0,140.0
113696,240.0,171.0,134.0,122.0
113697,241.0,87.0,136.0,138.0
113698,240.0,135.0,123.0,124.0
113699,216.0,100.0,122.0,117.0
113700,257.0,92.0,128.0,142.0
113701,273.0,134.0,156.0,148.0
113702,267.0,95.0,151.0,154.0
113703,260.0,65.0,142.0,150.0
113704,223.0,119.0,127.0,123.0
113705,234.0,91.0,127.0,115.0
113706,261.0,169.0,158.0,146.0
113707,251.0,98.0,136.0,137.0
113708,245.0,166.0,146.0,133.0
113709,259.0,142.0,151.0,143.0
113710,240.0,108.0,127.0,133.0
113711,255.0,122.0,118.0,146.0
113712,232.0,97.0,137.0,121.0
113713,263.0,126.0,147.0,137.0
113714,240.0,77.0,130.0,133.0
113715,269.0,90.0,163.0,161.0
113716,242.0,105.0,137.0,140.0
113717,265.0,67.0,151.0,160.0
113718,262.0,151.0,140.0,145.0
113719,243.0,146.0,158.0,159.0
113720,241.0,98.0,124.0,140.0
113721,275.0,119.0,156.0,146.0
113722,225.0,84.0,128.0,142.0
113723,253.0,139.0,152.0,151.0
113724,265.0,117.0,134.0,153.0
113725,250.0,117.0,143.0,134.0
113726,274.0,77.0,159.0,158.0
113727,244.0,113.0,129.0,134.0
113728,260.0,123.0,137.0,144.0
113729,235.0,82.0,131.0,119.0
113730,235.0,185.0,135.0,129.0
113731,247.0,113.0,146.0,142.0
113732,256.0,146.0,136.0,139.0
113733,243.0,104.0,141.0,140.0
113734,263.0,110.0,134.0,132.0
113735,257.0,105.0,144.0,143.0
113736,258.0,222.0,145.0,145.0
113737,241.0,100.0,132.0,142.0
113738,249.0,120.0,135.0,143.0
113739,267.0,236.0,128.0,176.0
113740,259.0,136.0,137.0,140.0
113741,260.0,69.0,153.0,147.0
113742,258.0,100.0,150.0,149.0
113743,244.0,93.0,133.0,141.0
113744,276.0,146.0,157.0,145.0
113745,248.0,94.0,141.0,139.0
113746,239.0,102.0,135.0,133.0
113747,261.0,147.0,155.0,156.0
113748,269.0,90.0,148.0,154.0
113749,246.0,96.0,146.0,132.0
113750,236.0,93.0,135.0,141.0
113751,261.0,150.0,139.0,149.0
113752,243.0,135.0,136.0,130.0
113753,276.0,150.0,168.0,153.0
113754,250.0,115.0,132.0,143.0
113755,256.0,159.0,145.0,143.0
113756,245.0,59.0,128.0,128.0
113757,245.0,142.0,138.0,140.0
113758,254.0,174.0,138.0,140.0
113759,255.0,105.0,143.0,139.0
113760,257.0,114.0,140.0,141.0
113761,227.0,124.0,118.0,129.0
113762,253.0,129.0,129.0,147.0
113763,227.0,136.0,126.0,128.0
113764,239.0,108.0,137.0,120.0
113765,218.0,133.0,122.0,127.0
113766,266.0,99.0,148.0,138.0
113767,239.0,87.0,145.0,152.0
113768,239.0,144.0,145.0,141.0
113769,255.0,112.0,150.0,141.0
113770,225.0,112.0,118.0,131.0
113771,234.0,70.0,130.0,137.0
113772,246.0,141.0,130.0,156.0
113773,227.0,75.0,118.0,124.0
113774,233.0,103.0,132.0,132.0
113775,239.0,137.0,129.0,128.0
113776,256.0,97.0,162.0,152.0
113777,259.0,123.0,146.0,146.0
113778,258.0,134.0,141.0,150.0
113779,239.0,105.0,117.0,127.0
113780,260.0,132.0,162.0,166.0
113781,257.0,96.0,125.0,149.0
113782,246.0,73.0,147.0,139.0
113783,253.0,117.0,141.0,154.0
113784,276.0,86.0,161.0,159.0
113785,233.0,98.0,139.0,138.0
113786,224.0,122.0,127.0,133.0
113787,247.0,117.0,148.0,133.0
113788,276.0,130.0,146.0,159.0
113789,238.0,100.0,141.0,138.0
113790,220.0,85.0,131.0,122.0
113791,275.0,129.0,153.0,159.0
113792,252.0,96.0,140.0,136.0
113793,256.0,231.0,150.0,147.0
113794,246.0,106.0,148.0,114.0
113795,245.0,108.0,150.0,152.0
113796,228.0,124.0,131.0,111.0
113797,239.0,106.0,125.0,126.0
113798,246.0,86.0,148.0,136.0
113799,260.0,120.0,146.0,125.0
113800,236.0,104.0,129.0,135.0
113801,295.0,154.0,167.0,188.0
113802,264.0,122.0,160.0,146.0
113803,251.0,94.0,142.0,150.0
113804,270.0,83.0,161.0,155.0
113805,227.0,137.0,131.0,122.0
113806,234.0,82.0,119.0,140.0
113807,229.0,140.0,135.0,138.0
113808,230.0,76.0,138.0,134.0
113809,246.0,106.0,139.0,140.0
113810,261.0,113.0,146.0,158.0
113811,267.0,101.0,155.0,152.0
113812,240.0,78.0,130.0,136.0
113813,247.0,102.0,140.0,136.0
113814,254.0,120.0,147.0,135.0
113815,239.0,97.0,131.0,140.0
113816,262.0,105.0,140.0,136.0
113817,253.0,73.0,147.0,137.0
113818,271.0,140.0,156.0,163.0
113819,249.0,101.0,141.0,145.0
113820,256.0,144.0,136.0,149.0
113821,254.0,115.0,143.0,138.0
113822,262.0,141.0,152.0,146.0
113823,261.0,83.0,149.0,128.0
113824,277.0,235.0,161.0,169.0
113825,257.0,117.0,142.0,148.0
113826,259.0,151.0,139.0,140.0
113827,243.0,124.0,132.0,146.0
113828,256.0,128.0,146.0,144.0
113829,241.0,101.0,142.0,125.0
113830,243.0,135.0,144.0,137.0
113831,248.0,181.0,159.0,140.0
113832,260.0,139.0,149.0,149.0
113833,235.0,110.0,116.0,115.0
113834,258.0,134.0,145.0,147.0
113835,243.0,133.0,128.0,148.0
113836,257.0,125.0,153.0,146.0
113837,250.0,101.0,153.0,140.0
113838,245.0,82.0,145.0,123.0
113839,240.0,208.0,153.0,137.0
113840,268.0,175.0,158.0,152.0
113841,237.0,85.0,128.0,124.0
113842,246.0,55.0,133.0,150.0
113843,229.0,147.0,132.0,139.0
113844,247.0,93.0,129.0,120.0
113845,247.0,116.0,134.0,132.0
113846,220.0,73.0,119.0,123.0
113847,230.0,52.0,130.0,127.0
113848,244.0,123.0,139.0,137.0
113849,263.0,149.0,156.0,153.0
113850,258.0,107.0,148.0,155.0
113851,265.0,74.0,159.0,139.0
113852,245.0,124.0,143.0,143.0
113853,249.0,123.0,142.0,141.0
113854,268.0,85.0,138.0,156.0
113855,238.0,130.0,135.0,126.0
113856,255.0,94.0,134.0,138.0
113857,228.0,104.0,123.0,136.0
113858,257.0,95.0,148.0,149.0
113859,221.0,54.0,119.0,123.0
113860,277.0,127.0,154.0,151.0
113861,257.0,120.0,147.0,146.0
113862,245.0,114.0,132.0,130.0
113863,233.0,136.0,125.0,123.0
113864,275.0,67.0,159.0,158.0
113865,258.0,104.0,156.0,147.0
113866,262.0,235.0,155.0,130.0
113867,262.0,130.0,154.0,147.0
113868,261.0,105.0,156.0,139.0
113869,260.0,101.0,145.0,133.0
113870,255.0,115.0,145.0,145.0
113871,259.0,74.0,134.0,151.0
113872,243.0,123.0,143.0,140.0
113873,270.0,102.0,143.0,138.0
113874,251.0,88.0,136.0,149.0
113875,248.0,224.0,149.0,159.0
113876,252.0,144.0,135.0,164.0
113877,254.0,108.0,128.0,137.0
113878,246.0,101.0,125.0,132.0
113879,247.0,131.0,151.0,123.0
113880,251.0,112.0,135.0,138.0
113881,257.0,87.0,135.0,159.0
113882,254.0,129.0,150.0,139.0
113883,240.0,114.0,134.0,142.0
113884,253.0,122.0,132.0,146.0
113885,255.0,127.0,151.0,150.0
113886,252.0,215.0,136.0,138.0
113887,241.0,149.0,139.0,130.0
113888,264.0,97.0,141.0,136.0
113889,247.0,74.0,140.0,140.0
113890,250.0,73.0,131.0,144.0
113891,239.0,102.0,134.0,135.0
113892,243.0,98.0,138.0,146.0
113893,249.0,91.0,156.0,140.0
113894,237.0,132.0,122.0,137.0
113895,229.0,98.0,143.0,142.0
113896,261.0,139.0,146.0,149.0
113897,260.0,246.0,165.0,145.0
113898,231.0,87.0,131.0,124.0
113899,246.0,112.0,147.0,135.0
113900,276.0,124.0,163.0,154.0
113901,255.0,146.0,141.0,148.0
113902,263.0,134.0,155.0,136.0
113903,243.0,99.0,143.0,141.0
113904,262.0,97.0,145.0,141.0
113905,240.0,123.0,127.0,138.0
113906,228.0,112.0,106.0,123.0
113907,244.0,125.0,136.0,126.0
113908,254.0,124.0,145.0,136.0
113909,251.0,78.0,149.0,144.0
113910,239.0,143.0,156.0,125.0
113911,252.0,68.0,146.0,152.0
113912,275.0,97.0,163.0,141.0
113913,240.0,123.0,140.0,136.0
113914,245.0,88.0,142.0,132.0
113915,240.0,210.0,140.0,131.0
113916,265.0,79.0,147.0,154.0
113917,257.0,81.0,147.0,150.0
113918,277.0,83.0,159.0,154.0
113919,249.0,158.0,136.0,146.0
113920,216.0,131.0,117.0,125.0
113921,267.0,117.0,120.0,138.0
113922,259.0,222.0,144.0,144.0
113923,236.0,71.0,132.0,135.0
113924,257.0,116.0,147.0,143.0
113925,271.0,81.0,155.0,156.0
113926,279.0,116.0,154.0,142.0
113927,244.0,105.0,128.0,151.0
113928,253.0,147.0,142.0,146.0
113929,259.0,89.0,140.0,151.0
113930,264.0,210.0,166.0,149.0
113931,265.0,76.0,159.0,146.0
113932,246.0,97.0,141.0,157.0
113933,278.0,107.0,151.0,146.0
113934,256.0,134.0,142.0,163.0
113935,258.0,146.0,136.0,147.0
113936,258.0,99.0,156.0,140.0
113937,255.0,124.0,145.0,147.0
113938,230.0,75.0,129.0,129.0
113939,233.0,150.0,125.0,141.0
113940,235.0,114.0,134.0,138.0
113941,268.0,133.0,145.0,146.0
113942,236.0,96.0,143.0,122.0
113943,265.0,96.0,148.0,148.0
113944,260.0,104.0,134.0,131.0
113945,259.0,100.0,134.0,148.0
113946,247.0,208.0,140.0,138.0
113947,257.0,171.0,149.0,150.0
113948,235.0,107.0,120.0,127.0
113949,241.0,91.0,120.0,139.0
113950,266.0,117.0,153.0,158.0
113951,255.0,112.0,144.0,141.0
113952,263.0,104.0,141.0,153.0
113953,241.0,126.0,136.0,137.0
113954,241.0,226.0,132.0,142.0
113955,264.0,121.0,133.0,140.0
113956,233.0,135.0,110.0,128.0
113957,260.0,122.0,160.0,154.0
113958,249.0,96.0,145.0,130.0
113959,244.0,99.0,152.0,133.0
113960,218.0,112.0,121.0,143.0
113961,248.0,130.0,140.0,141.0
113962,252.0,176.0,141.0,154.0
113963,271.0,146.0,144.0,153.0
113964,260.0,162.0,144.0,149.0
113965,247.0,105.0,140.0,142.0
113966,253.0,144.0,134.0,133.0
113967,251.0,129.0,146.0,138.0
113968,259.0,113.0,137.0,151.0
113969,266.0,81.0,157.0,154.0
113970,249.0,120.0,129.0,142.0
113971,226.0,92.0,104.0,121.0
113972,240.0,194.0,133.0,138.0
113973,252.0,83.0,144.0,135.0
113974,247.0,79.0,145.0,148.0
113975,254.0,92.0,159.0,149.0
113976,232.0,103.0,148.0,132.0
113977,246.0,140.0,147.0,148.0
113978,252.0,109.0,151.0,152.0
113979,253.0,104.0,134.0,141.0
113980,240.0,153.0,128.0,145.0
113981,239.0,113.0,131.0,143.0
113982,258.0,114.0,148.0,145.0
113983,252.0,118.0,138.0,150.0
113984,237.0,177.0,130.0,137.0
113985,266.0,126.0,156.0,156.0
113986,241.0,203.0,141.0,134.0
113987,261.0,127.0,144.0,139.0
113988,234.0,77.0,132.0,131.0
113989,249.0,169.0,151.0,148.0
113990,247.0,87.0,127.0,135.0
113991,245.0,124.0,141.0,141.0
113992,244.0,107.0,121.0,142.0
113993,266.0,81.0,140.0,139.0
113994,272.0,127.0,151.0,140.0
113995,254.0,97.0,140.0,145.0
113996,229.0,166.0,133.0,130.0
113997,249.0,85.0,131.0,141.0
113998,261.0,103.0,150.0,139.0
113999,243.0,118.0,149.0,130.0
114000,255.0,213.0,158.0,154.0
114001,246.0,122.0,126.0,148.0
114002,248.0,155.0,138.0,145.0
114003,260.0,122.0,144.0,154.0
114004,236.0,155.0,126.0,115.0
114005,255.0,120.0,132.0,145.0
114006,259.0,125.0,151.0,140.0
114007,255.0,122.0,153.0,145.0
114008,249.0,210.0,153.0,133.0
114009,282.0,108.0,163.0,146.0
114010,241.0,107.0,124.0,140.0
114011,238.0,119.0,121.0,134.0
114012,252.0,87.0,139.0,145.0
114013,246.0,92.0,151.0,142.0
114014,221.0,128.0,132.0,126.0
114015,253.0,127.0,134.0,144.0
114016,246.0,105.0,126.0,130.0
114017,242.0,112.0,134.0,132.0
114018,251.0,107.0,140.0,144.0
114019,246.0,164.0,145.0,149.0
114020,254.0,95.0,145.0,143.0
114021,284.0,106.0,140.0,160.0
114022,256.0,191.0,146.0,141.0
114023,249.0,94.0,136.0,139.0
114024,258.0,70.0,131.0,148.0
114025,261.0,149.0,123.0,139.0
114026,262.0,90.0,129.0,149.0
114027,281.0,128.0,151.0,180.0
114028,266.0,102.0,148.0,161.0
114029,233.0,92.0,141.0,134.0
114030,266.0,103.0,146.0,144.0
114031,250.0,103.0,144.0,143.0
114032,237.0,111.0,137.0,131.0
114033,250.0,133.0,136.0,149.0
114034,257.0,134.0,157.0,131.0
114035,234.0,192.0,124.0,131.0
114036,239.0,78.0,126.0,142.0
114037,253.0,136.0,143.0,136.0
114038,264.0,112.0,152.0,144.0
114039,219.0,63.0,114.0,112.0
114040,250.0,126.0,142.0,144.0
114041,250.0,109.0,135.0,155.0
114042,259.0,105.0,131.0,138.0
114043,263.0,105.0,163.0,148.0
114044,249.0,91.0,152.0,137.0
114045,259.0,153.0,160.0,148.0
114046,235.0,83.0,128.0,136.0
114047,252.0,105.0,150.0,146.0
114048,248.0,102.0,141.0,147.0
114049,271.0,159.0,146.0,148.0
114050,251.0,113.0,148.0,126.0
114051,252.0,113.0,130.0,139.0
114052,231.0,93.0,122.0,139.0
114053,271.0,150.0,145.0,160.0
114054,216.0,78.0,115.0,123.0
114055,255.0,112.0,158.0,143.0
114056,241.0,110.0,135.0,129.0
114057,265.0,103.0,137.0,143.0
114058,259.0,125.0,134.0,134.0
114059,237.0,155.0,145.0,126.0
114060,238.0,128.0,132.0,146.0
114061,262.0,106.0,140.0,149.0
114062,261.0,126.0,130.0,140.0
114063,247.0,108.0,148.0,140.0
114064,245.0,71.0,147.0,138.0
114065,229.0,109.0,134.0,120.0
114066,273.0,126.0,164.0,153.0
114067,226.0,99.0,120.0,136.0
114068,258.0,110.0,153.0,153.0
114069,246.0,123.0,130.0,139.0
114070,235.0,113.0,146.0,140.0
114071,239.0,95.0,133.0,143.0
114072,222.0,120.0,134.0,121.0
114073,259.0,105.0,149.0,149.0
114074,256.0,105.0,148.0,136.0
114075,263.0,160.0,141.0,155.0
114076,239.0,103.0,146.0,134.0
114077,273.0,130.0,159.0,149.0
114078,249.0,71.0,151.0,141.0
114079,277.0,147.0,166.0,162.0
114080,245.0,131.0,144.0,147.0
114081,253.0,157.0,128.0,135.0
114082,230.0,126.0,125.0,129.0
114083,254.0,129.0,137.0,136.0
114084,221.0,88.0,130.0,123.0
114085,255.0,87.0,155.0,139.0
114086,245.0,109.0,130.0,139.0
114087,235.0,110.0,132.0,139.0
114088,233.0,127.0,131.0,134.0
114089,255.0,109.0,149.0,148.0
114090,251.0,81.0,138.0,142.0
114091,267.0,136.0,157.0,137.0
114092,245.0,132.0,130.0,140.0
114093,228.0,214.0,132.0,133.0
114094,236.0,121.0,129.0,154.0
114095,267.0,131.0,146.0,154.0
114096,258.0,160.0,137.0,146.0
114097,239.0,60.0,129.0,121.0
114098,245.0,109.0,145.0,134.0
114099,267.0,141.0,142.0,151.0
114100,249.0,119.0,153.0,136.0
114101,241.0,136.0,139.0,123.0
114102,244.0,200.0,139.0,138.0
114103,249.0,97.0,135.0,139.0
114104,260.0,111.0,152.0,137.0
114105,218.0,99.0,120.0,127.0
114106,241.0,117.0,119.0,133.0
114107,236.0,87.0,130.0,130.0
114108,245.0,200.0,143.0,127.0
114109,248.0,128.0,131.0,141.0
114110,237.0,88.0,128.0,141.0
114111,244.0,70.0,132.0,151.0
114112,251.0,233.0,142.0,152.0
114113,259.0,120.0,152.0,150.0
114114,237.0,81.0,129.0,139.0
114115,273.0,147.0,158.0,132.0
114116,268.0,174.0,154.0,156.0
114117,265.0,159.0,143.0,147.0
114118,258.0,140.0,145.0,160.0
114119,247.0,87.0,136.0,137.0
114120,252.0,155.0,144.0,135.0
114121,255.0,218.0,125.0,143.0
114122,249.0,67.0,144.0,130.0
114123,228.0,52.0,139.0,125.0
114124,262.0,154.0,141.0,145.0
114125,282.0,108.0,158.0,163.0
114126,239.0,170.0,141.0,123.0
114127,247.0,118.0,153.0,151.0
114128,250.0,147.0,142.0,144.0
114129,244.0,83.0,129.0,133.0
114130,249.0,86.0,140.0,130.0
114131,250.0,101.0,139.0,148.0
114132,242.0,96.0,144.0,136.0
114133,228.0,91.0,124.0,126.0
114134,268.0,127.0,160.0,146.0
114135,268.0,120.0,155.0,151.0
114136,243.0,107.0,140.0,120.0
114137,269.0,234.0,161.0,142.0
114138,255.0,132.0,142.0,141.0
114139,211.0,48.0,119.0,127.0
114140,261.0,123.0,148.0,150.0
114141,258.0,96.0,136.0,137.0
114142,246.0,92.0,137.0,128.0
114143,256.0,179.0,138.0,150.0
114144,244.0,107.0,131.0,125.0
114145,240.0,70.0,143.0,142.0
114146,261.0,180.0,135.0,152.0
114147,293.0,143.0,162.0,155.0
114148,244.0,97.0,147.0,141.0
114149,242.0,188.0,142.0,131.0
114150,246.0,116.0,142.0,131.0
114151,252.0,107.0,137.0,135.0
114152,270.0,90.0,155.0,158.0
114153,262.0,134.0,150.0,132.0
114154,235.0,197.0,146.0,136.0
114155,259.0,59.0,159.0,137.0
114156,241.0,93.0,140.0,133.0
114157,241.0,85.0,143.0,141.0
114158,240.0,128.0,141.0,129.0
114159,279.0,111.0,162.0,154.0
114160,232.0,116.0,115.0,134.0
114161,250.0,110.0,145.0,143.0
114162,259.0,73.0,141.0,151.0
114163,262.0,99.0,137.0,135.0
114164,249.0,107.0,143.0,140.0
114165,249.0,68.0,138.0,147.0
114166,245.0,83.0,127.0,126.0
114167,239.0,103.0,123.0,123.0
114168,243.0,74.0,134.0,136.0
114169,243.0,72.0,136.0,138.0
114170,238.0,87.0,143.0,134.0
114171,272.0,140.0,146.0,147.0
114172,246.0,95.0,123.0,135.0
114173,232.0,102.0,128.0,133.0
114174,241.0,137.0,136.0,147.0
114175,266.0,110.0,144.0,136.0
114176,243.0,146.0,126.0,139.0
114177,234.0,108.0,138.0,142.0
114178,252.0,121.0,139.0,137.0
114179,232.0,111.0,137.0,124.0
114180,279.0,131.0,158.0,139.0
114181,260.0,60.0,144.0,151.0
114182,246.0,100.0,155.0,133.0
114183,242.0,93.0,138.0,139.0
114184,250.0,136.0,133.0,138.0
114185,259.0,129.0,149.0,156.0
114186,252.0,112.0,129.0,140.0
114187,213.0,99.0,118.0,131.0
114188,265.0,101.0,165.0,137.0
114189,278.0,68.0,156.0,163.0
114190,278.0,124.0,137.0,157.0
114191,258.0,236.0,149.0,139.0
114192,259.0,89.0,141.0,136.0
114193,259.0,97.0,151.0,148.0
114194,280.0,114.0,147.0,162.0
114195,250.0,115.0,149.0,135.0
114196,261.0,131.0,149.0,139.0
114197,261.0,96.0,135.0,153.0
114198,270.0,166.0,154.0,152.0
114199,250.0,134.0,155.0,126.0
114200,249.0,154.0,129.0,125.0
114201,245.0,84.0,122.0,130.0
114202,264.0,84.0,155.0,158.0
114203,268.0,104.0,160.0,149.0
114204,239.0,107.0,144.0,131.0
114205,256.0,99.0,139.0,140.0
114206,252.0,126.0,152.0,155.0
114207,257.0,116.0,140.0,138.0
114208,243.0,222.0,139.0,140.0
114209,249.0,101.0,127.0,120.0
114210,238.0,70.0,131.0,121.0
114211,284.0,109.0,165.0,150.0
114212,241.0,151.0,136.0,133.0
114213,239.0,81.0,126.0,148.0
114214,264.0,111.0,158.0,137.0
114215,240.0,109.0,136.0,139.0
114216,263.0,186.0,123.0,149.0
114217,248.0,115.0,125.0,127.0
114218,248.0,126.0,113.0,127.0
114219,249.0,113.0,154.0,136.0
114220,270.0,121.0,157.0,156.0
114221,232.0,107.0,134.0,132.0
114222,241.0,114.0,136.0,129.0
114223,262.0,111.0,145.0,128.0
114224,271.0,105.0,163.0,136.0
114225,262.0,92.0,144.0,147.0
114226,219.0,129.0,118.0,129.0
114227,258.0,103.0,143.0,148.0
114228,284.0,90.0,163.0,167.0
114229,246.0,74.0,142.0,135.0
114230,262.0,104.0,148.0,144.0
114231,249.0,87.0,134.0,160.0
114232,234.0,148.0,138.0,137.0
114233,253.0,149.0,141.0,151.0
114234,254.0,112.0,138.0,156.0
114235,262.0,134.0,150.0,145.0
114236,253.0,113.0,143.0,148.0
114237,255.0,97.0,138.0,158.0
114238,223.0,108.0,121.0,131.0
114239,244.0,96.0,139.0,123.0
114240,267.0,156.0,151.0,138.0
114241,252.0,161.0,131.0,152.0
114242,269.0,231.0,149.0,146.0
114243,252.0,83.0,146.0,130.0
114244,251.0,90.0,154.0,144.0
114245,244.0,124.0,132.0,149.0
114246,233.0,88.0,120.0,125.0
114247,259.0,132.0,146.0,149.0
114248,295.0,97.0,170.0,160.0
114249,228.0,139.0,96.0,131.0
114250,266.0,113.0,141.0,149.0
114251,259.0,120.0,142.0,146.0
114252,274.0,129.0,140.0,155.0
114253,248.0,105.0,148.0,131.0
114254,262.0,119.0,151.0,147.0
114255,235.0,116.0,126.0,129.0
114256,277.0,65.0,170.0,156.0
114257,241.0,88.0,135.0,123.0
114258,268.0,149.0,147.0,146.0
114259,252.0,146.0,143.0,154.0
114260,258.0,87.0,156.0,137.0
114261,232.0,89.0,129.0,136.0
114262,251.0,135.0,149.0,135.0
114263,244.0,98.0,138.0,135.0
114264,243.0,86.0,138.0,123.0
114265,240.0,138.0,154.0,123.0
114266,258.0,122.0,138.0,143.0
114267,247.0,183.0,136.0,138.0
114268,249.0,84.0,131.0,155.0
114269,246.0,75.0,140.0,150.0
114270,249.0,98.0,124.0,141.0
114271,266.0,61.0,158.0,139.0
114272,250.0,111.0,141.0,137.0
114273,239.0,104.0,134.0,136.0
114274,247.0,96.0,144.0,157.0
114275,246.0,114.0,138.0,139.0
114276,251.0,82.0,131.0,141.0
114277,269.0,119.0,138.0,147.0
114278,241.0,218.0,149.0,125.0
114279,241.0,129.0,146.0,134.0
114280,244.0,95.0,132.0,137.0
114281,236.0,103.0,121.0,128.0
114282,244.0,57.0,151.0,151.0
114283,236.0,94.0,132.0,133.0
114284,255.0,122.0,171.0,147.0
114285,263.0,92.0,137.0,160.0
114286,255.0,209.0,164.0,143.0
114287,252.0,117.0,150.0,132.0
114288,247.0,135.0,127.0,139.0
114289,246.0,135.0,145.0,140.0
114290,256.0,99.0,131.0,155.0
114291,243.0,128.0,140.0,153.0
114292,247.0,191.0,139.0,142.0
114293,283.0,114.0,156.0,170.0
114294,261.0,152.0,146.0,142.0
114295,242.0,105.0,135.0,131.0
114296,233.0,110.0,123.0,128.0
114297,264.0,143.0,139.0,155.0
114298,253.0,149.0,138.0,136.0
114299,229.0,110.0,110.0,132.0
114300,238.0,93.0,125.0,136.0
114301,257.0,123.0,134.0,148.0
114302,268.0,91.0,153.0,155.0
114303,258.0,132.0,147.0,156.0
114304,238.0,118.0,126.0,129.0
114305,250.0,103.0,121.0,132.0
114306,235.0,110.0,149.0,120.0
114307,255.0,112.0,137.0,139.0
114308,239.0,126.0,129.0,136.0
114309,286.0,142.0,146.0,162.0
114310,245.0,88.0,139.0,147.0
114311,253.0,145.0,134.0,138.0
114312,252.0,96.0,146.0,145.0
114313,248.0,156.0,132.0,159.0
114314,239.0,106.0,129.0,128.0
114315,240.0,122.0,133.0,136.0
114316,294.0,123.0,161.0,186.0
114317,272.0,164.0,156.0,150.0
114318,254.0,89.0,149.0,132.0
114319,234.0,150.0,126.0,132.0
114320,235.0,51.0,126.0,148.0
114321,246.0,104.0,140.0,135.0
114322,252.0,138.0,143.0,160.0
114323,250.0,120.0,137.0,143.0
114324,245.0,165.0,139.0,148.0
114325,242.0,53.0,144.0,136.0
114326,275.0,160.0,168.0,153.0
114327,259.0,106.0,145.0,139.0
114328,252.0,153.0,134.0,141.0
114329,248.0,64.0,126.0,143.0
114330,240.0,203.0,134.0,129.0
114331,270.0,104.0,155.0,145.0
114332,242.0,95.0,135.0,142.0
114333,260.0,219.0,143.0,148.0
114334,232.0,72.0,133.0,132.0
114335,252.0,122.0,147.0,140.0
114336,254.0,117.0,141.0,138.0
114337,246.0,89.0,138.0,131.0
114338,244.0,173.0,123.0,137.0
114339,230.0,103.0,141.0,126.0
114340,233.0,58.0,131.0,136.0
114341,260.0,114.0,141.0,139.0
114342,241.0,110.0,125.0,155.0
114343,254.0,127.0,142.0,143.0
114344,264.0,139.0,154.0,144.0
114345,240.0,89.0,138.0,141.0
114346,241.0,88.0,137.0,123.0
114347,226.0,131.0,135.0,124.0
114348,274.0,146.0,145.0,165.0
114349,255.0,85.0,130.0,142.0
114350,258.0,108.0,142.0,139.0
114351,240.0,192.0,131.0,127.0
114352,248.0,114.0,144.0,144.0
114353,268.0,136.0,141.0,157.0
114354,246.0,132.0,146.0,136.0
114355,256.0,105.0,155.0,136.0
114356,249.0,90.0,144.0,135.0
114357,228.0,111.0,127.0,119.0
114358,237.0,87.0,128.0,125.0
114359,258.0,111.0,141.0,153.0
114360,233.0,88.0,121.0,135.0
114361,278.0,137.0,154.0,161.0
114362,239.0,108.0,128.0,138.0
114363,253.0,101.0,151.0,135.0
114364,235.0,153.0,129.0,135.0
114365,269.0,100.0,134.0,141.0
114366,257.0,84.0,130.0,165.0
114367,238.0,119.0,131.0,129.0
114368,249.0,86.0,133.0,146.0
114369,262.0,127.0,144.0,152.0
114370,271.0,134.0,157.0,152.0
114371,274.0,96.0,169.0,162.0
114372,235.0,112.0,113.0,125.0
114373,228.0,122.0,124.0,107.0
114374,268.0,93.0,156.0,143.0
114375,246.0,118.0,133.0,144.0
114376,251.0,73.0,154.0,151.0
114377,246.0,189.0,143.0,143.0
114378,240.0,115.0,131.0,133.0
114379,266.0,105.0,141.0,146.0
114380,237.0,158.0,127.0,140.0
114381,244.0,77.0,125.0,145.0
114382,244.0,106.0,128.0,138.0
114383,232.0,78.0,131.0,125.0
114384,257.0,127.0,140.0,147.0
114385,261.0,142.0,142.0,153.0
114386,258.0,170.0,141.0,159.0
114387,258.0,99.0,145.0,140.0
114388,260.0,79.0,164.0,142.0
114389,252.0,158.0,149.0,162.0
114390,233.0,101.0,130.0,127.0
114391,253.0,133.0,142.0,133.0
114392,268.0,107.0,166.0,140.0
114393,260.0,103.0,142.0,148.0
114394,244.0,167.0,135.0,147.0
114395,264.0,112.0,147.0,157.0
114396,231.0,94.0,112.0,143.0
114397,236.0,179.0,135.0,135.0
114398,248.0,118.0,134.0,141.0
114399,245.0,81.0,139.0,141.0
114400,291.0,127.0,171.0,167.0
114401,252.0,142.0,132.0,157.0
114402,239.0,96.0,142.0,131.0
114403,245.0,135.0,153.0,144.0
114404,245.0,89.0,150.0,140.0
114405,249.0,124.0,140.0,143.0
114406,250.0,108.0,139.0,146.0
114407,234.0,145.0,119.0,125.0
114408,242.0,94.0,126.0,137.0
114409,254.0,131.0,130.0,131.0
114410,249.0,89.0,144.0,132.0
114411,234.0,100.0,147.0,136.0
114412,250.0,156.0,134.0,137.0
114413,273.0,134.0,138.0,154.0
114414,251.0,102.0,140.0,137.0
114415,221.0,68.0,142.0,120.0
114416,253.0,124.0,138.0,142.0
114417,251.0,88.0,144.0,143.0
114418,228.0,113.0,133.0,126.0
114419,264.0,132.0,148.0,148.0
114420,248.0,91.0,131.0,136.0
114421,250.0,154.0,139.0,137.0
114422,260.0,100.0,142.0,157.0
114423,272.0,137.0,160.0,134.0
114424,236.0,108.0,143.0,139.0
114425,275.0,266.0,156.0,144.0
114426,214.0,99.0,115.0,111.0
114427,265.0,86.0,128.0,152.0
114428,238.0,130.0,139.0,132.0
114429,237.0,205.0,141.0,148.0
114430,237.0,102.0,120.0,133.0
114431,244.0,208.0,136.0,143.0
114432,257.0,120.0,164.0,140.0
114433,262.0,132.0,156.0,159.0
114434,210.0,81.0,104.0,117.0
114435,251.0,110.0,132.0,131.0
114436,252.0,109.0,132.0,141.0
114437,230.0,121.0,126.0,136.0
114438,246.0,94.0,138.0,137.0
114439,248.0,121.0,133.0,143.0
114440,255.0,80.0,134.0,141.0
114441,259.0,113.0,156.0,145.0
114442,238.0,98.0,134.0,134.0
114443,253.0,156.0,150.0,153.0
114444,244.0,95.0,122.0,137.0
114445,232.0,109.0,136.0,123.0
114446,265.0,125.0,141.0,150.0
114447,276.0,96.0,165.0,160.0
114448,261.0,93.0,142.0,149.0
114449,247.0,150.0,141.0,150.0
114450,279.0,153.0,160.0,150.0
114451,249.0,88.0,148.0,126.0
114452,246.0,73.0,131.0,135.0
114453,234.0,77.0,131.0,104.0
114454,252.0,86.0,138.0,154.0
114455,246.0,97.0,146.0,140.0
114456,250.0,218.0,129.0,139.0
114457,245.0,76.0,142.0,149.0
114458,253.0,87.0,157.0,151.0
114459,251.0,216.0,143.0,149.0
114460,261.0,225.0,142.0,155.0
114461,259.0,227.0,125.0,159.0
114462,239.0,86.0,143.0,141.0
114463,267.0,111.0,132.0,142.0
114464,255.0,129.0,155.0,139.0
114465,243.0,147.0,139.0,133.0
114466,277.0,150.0,152.0,180.0
114467,261.0,86.0,152.0,160.0
114468,256.0,169.0,139.0,140.0
114469,238.0,80.0,133.0,145.0
114470,241.0,137.0,130.0,128.0
114471,263.0,94.0,144.0,147.0
114472,307.0,172.0,153.0,175.0
114473,269.0,111.0,140.0,148.0
114474,243.0,114.0,135.0,133.0
114475,295.0,209.0,158.0,168.0
114476,251.0,107.0,142.0,151.0
114477,236.0,127.0,116.0,138.0
114478,253.0,113.0,139.0,151.0
114479,243.0,111.0,129.0,123.0
114480,270.0,109.0,149.0,150.0
114481,245.0,107.0,130.0,143.0
114482,253.0,155.0,155.0,143.0
114483,221.0,136.0,141.0,123.0
114484,253.0,78.0,137.0,153.0
114485,251.0,75.0,133.0,149.0
114486,245.0,92.0,124.0,141.0
114487,245.0,128.0,132.0,134.0
114488,254.0,106.0,127.0,156.0
114489,267.0,125.0,155.0,149.0
114490,248.0,161.0,129.0,143.0
114491,235.0,93.0,133.0,130.0
114492,254.0,97.0,134.0,144.0
114493,263.0,136.0,146.0,147.0
114494,259.0,119.0,137.0,146.0
114495,264.0,128.0,137.0,136.0
114496,261.0,96.0,145.0,142.0
114497,252.0,109.0,146.0,141.0
114498,249.0,127.0,134.0,137.0
114499,240.0,155.0,124.0,146.0
114500,257.0,108.0,144.0,150.0
114501,246.0,118.0,129.0,141.0
114502,252.0,98.0,141.0,146.0
114503,247.0,215.0,138.0,133.0
114504,237.0,83.0,131.0,139.0
114505,256.0,70.0,153.0,146.0
114506,260.0,128.0,135.0,142.0
114507,253.0,209.0,140.0,145.0
114508,239.0,127.0,139.0,134.0
114509,241.0,55.0,128.0,123.0
114510,249.0,94.0,136.0,144.0
114511,248.0,147.0,146.0,143.0
114512,228.0,115.0,112.0,136.0
114513,242.0,196.0,148.0,131.0
114514,220.0,118.0,101.0,121.0
114515,245.0,101.0,128.0,145.0
114516,258.0,116.0,137.0,153.0
114517,253.0,119.0,137.0,147.0
114518,217.0,95.0,111.0,127.0
114519,243.0,115.0,134.0,140.0
114520,246.0,117.0,138.0,135.0
114521,248.0,119.0,120.0,139.0
114522,250.0,75.0,143.0,142.0
114523,251.0,94.0,156.0,140.0
114524,258.0,122.0,136.0,134.0
114525,266.0,222.0,137.0,149.0
114526,240.0,88.0,126.0,128.0
114527,247.0,90.0,143.0,153.0
114528,241.0,81.0,132.0,142.0
114529,257.0,108.0,140.0,132.0
114530,233.0,79.0,134.0,127.0
114531,241.0,130.0,139.0,141.0
114532,260.0,111.0,131.0,145.0
114533,248.0,72.0,134.0,130.0
114534,248.0,98.0,134.0,137.0
114535,256.0,92.0,142.0,145.0
114536,260.0,108.0,141.0,141.0
114537,285.0,94.0,166.0,168.0
114538,265.0,109.0,156.0,170.0
114539,251.0,96.0,135.0,149.0
114540,232.0,84.0,139.0,129.0
114541,239.0,110.0,138.0,146.0
114542,258.0,61.0,158.0,172.0
114543,274.0,115.0,142.0,154.0
114544,264.0,129.0,153.0,149.0
114545,241.0,93.0,130.0,126.0
114546,263.0,144.0,147.0,153.0
114547,234.0,88.0,130.0,124.0
114548,238.0,106.0,138.0,122.0
114549,258.0,87.0,135.0,152.0
114550,256.0,127.0,146.0,146.0
114551,250.0,112.0,150.0,129.0
114552,243.0,66.0,135.0,149.0
114553,249.0,163.0,135.0,137.0
114554,261.0,106.0,141.0,163.0
114555,238.0,182.0,121.0,136.0
114556,253.0,158.0,146.0,145.0
114557,243.0,114.0,128.0,132.0
114558,222.0,175.0,137.0,122.0
114559,254.0,83.0,153.0,145.0
114560,250.0,132.0,131.0,151.0
114561,257.0,44.0,155.0,150.0
114562,234.0,109.0,138.0,119.0
114563,250.0,112.0,151.0,152.0
114564,228.0,167.0,132.0,131.0
114565,252.0,99.0,137.0,136.0
114566,228.0,103.0,134.0,117.0
114567,244.0,117.0,128.0,137.0
114568,261.0,97.0,136.0,137.0
114569,261.0,131.0,144.0,155.0
114570,246.0,101.0,133.0,149.0
114571,245.0,136.0,135.0,136.0
114572,276.0,109.0,155.0,148.0
114573,259.0,60.0,158.0,137.0
114574,235.0,92.0,139.0,111.0
114575,285.0,133.0,167.0,155.0
114576,254.0,136.0,161.0,142.0
114577,258.0,162.0,146.0,153.0
114578,264.0,134.0,149.0,144.0
114579,235.0,87.0,134.0,125.0
114580,257.0,182.0,142.0,147.0
114581,242.0,151.0,131.0,142.0
114582,264.0,102.0,155.0,166.0
114583,245.0,130.0,136.0,122.0
114584,287.0,119.0,168.0,163.0
114585,273.0,84.0,153.0,168.0
114586,270.0,123.0,154.0,153.0
114587,270.0,123.0,149.0,154.0
114588,269.0,150.0,147.0,135.0
114589,261.0,96.0,156.0,133.0
114590,259.0,92.0,142.0,154.0
114591,230.0,78.0,119.0,114.0
114592,233.0,141.0,134.0,133.0
114593,259.0,142.0,143.0,135.0
114594,261.0,133.0,145.0,148.0
114595,227.0,132.0,123.0,126.0
114596,247.0,89.0,153.0,133.0
114597,240.0,128.0,134.0,131.0
114598,250.0,100.0,138.0,141.0
114599,266.0,137.0,137.0,153.0
114600,255.0,148.0,139.0,160.0
114601,224.0,80.0,123.0,121.0
114602,277.0,149.0,161.0,162.0
114603,248.0,112.0,142.0,139.0
114604,247.0,111.0,142.0,147.0
114605,233.0,95.0,130.0,136.0
114606,253.0,65.0,146.0,148.0
114607,237.0,97.0,135.0,133.0
114608,261.0,117.0,146.0,140.0
114609,264.0,107.0,146.0,161.0
114610,258.0,134.0,154.0,151.0
114611,241.0,97.0,139.0,146.0
114612,247.0,107.0,137.0,138.0
114613,229.0,131.0,114.0,127.0
114614,247.0,112.0,140.0,141.0
114615,249.0,100.0,135.0,140.0
114616,259.0,100.0,146.0,152.0
114617,251.0,120.0,136.0,136.0
114618,225.0,84.0,118.0,126.0
114619,226.0,104.0,130.0,131.0
114620,241.0,119.0,140.0,132.0
114621,229.0,90.0,122.0,121.0
114622,258.0,116.0,137.0,154.0
114623,239.0,102.0,128.0,134.0
114624,260.0,78.0,148.0,139.0
114625,250.0,122.0,145.0,142.0
114626,229.0,118.0,125.0,119.0
114627,263.0,153.0,156.0,146.0
114628,226.0,105.0,131.0,136.0
114629,229.0,80.0,148.0,116.0
114630,235.0,63.0,142.0,129.0
114631,260.0,154.0,156.0,139.0
114632,240.0,125.0,120.0,139.0
114633,243.0,165.0,131.0,139.0
114634,224.0,116.0,109.0,128.0
114635,277.0,157.0,145.0,151.0
114636,230.0,101.0,135.0,122.0
114637,252.0,129.0,148.0,129.0
114638,251.0,143.0,149.0,131.0
114639,253.0,96.0,158.0,144.0
114640,236.0,119.0,124.0,135.0
114641,261.0,138.0,159.0,144.0
114642,258.0,87.0,140.0,149.0
114643,220.0,138.0,135.0,128.0
114644,239.0,116.0,126.0,142.0
114645,250.0,148.0,135.0,141.0
114646,281.0,140.0,157.0,154.0
114647,242.0,84.0,130.0,134.0
114648,258.0,96.0,137.0,154.0
114649,250.0,108.0,143.0,124.0
114650,238.0,97.0,130.0,138.0
114651,231.0,130.0,125.0,128.0
114652,255.0,122.0,146.0,129.0
114653,239.0,111.0,131.0,141.0
114654,252.0,124.0,146.0,139.0
114655,235.0,122.0,137.0,136.0
114656,246.0,114.0,137.0,126.0
114657,254.0,80.0,146.0,152.0
114658,232.0,48.0,148.0,119.0
114659,268.0,119.0,157.0,151.0
114660,258.0,119.0,148.0,153.0
114661,248.0,88.0,151.0,136.0
114662,240.0,132.0,138.0,144.0
114663,241.0,107.0,146.0,137.0
114664,262.0,138.0,147.0,140.0
114665,251.0,119.0,143.0,154.0
114666,273.0,147.0,153.0,148.0
114667,239.0,82.0,126.0,126.0
114668,272.0,143.0,158.0,141.0
114669,249.0,124.0,122.0,147.0
114670,244.0,117.0,109.0,138.0
114671,251.0,113.0,127.0,137.0
114672,260.0,113.0,143.0,136.0
114673,226.0,113.0,126.0,126.0
114674,229.0,109.0,127.0,128.0
114675,276.0,116.0,148.0,155.0
114676,250.0,107.0,127.0,144.0
114677,253.0,170.0,159.0,143.0
114678,245.0,91.0,149.0,143.0
114679,261.0,158.0,136.0,147.0
114680,252.0,130.0,156.0,143.0
114681,254.0,100.0,155.0,154.0
114682,247.0,114.0,147.0,133.0
114683,241.0,109.0,137.0,132.0
114684,249.0,114.0,131.0,131.0
114685,259.0,86.0,161.0,146.0
114686,248.0,71.0,155.0,149.0
114687,244.0,97.0,140.0,127.0
114688,234.0,189.0,137.0,129.0
114689,242.0,124.0,128.0,137.0
114690,224.0,82.0,119.0,124.0
114691,241.0,123.0,137.0,126.0
114692,247.0,129.0,127.0,136.0
114693,255.0,98.0,144.0,165.0
114694,237.0,73.0,120.0,133.0
114695,261.0,111.0,141.0,156.0
114696,234.0,127.0,133.0,122.0
114697,266.0,120.0,145.0,140.0
114698,243.0,101.0,129.0,127.0
114699,261.0,92.0,158.0,138.0
114700,258.0,119.0,134.0,156.0
114701,249.0,91.0,159.0,126.0
114702,264.0,118.0,144.0,139.0
114703,279.0,97.0,150.0,151.0
114704,249.0,89.0,144.0,137.0
114705,245.0,128.0,132.0,124.0
114706,248.0,110.0,133.0,132.0
114707,257.0,97.0,151.0,135.0
114708,239.0,58.0,145.0,142.0
114709,233.0,101.0,124.0,130.0
114710,251.0,131.0,141.0,147.0
114711,235.0,89.0,139.0,133.0
114712,270.0,102.0,159.0,162.0
114713,254.0,94.0,158.0,138.0
114714,265.0,165.0,154.0,138.0
114715,248.0,100.0,141.0,142.0
114716,260.0,94.0,142.0,154.0
114717,259.0,77.0,149.0,142.0
114718,260.0,98.0,145.0,139.0
114719,244.0,48.0,130.0,132.0
114720,240.0,106.0,131.0,135.0
114721,247.0,161.0,139.0,135.0
114722,239.0,115.0,125.0,126.0
114723,232.0,115.0,126.0,140.0
114724,228.0,148.0,124.0,122.0
114725,259.0,113.0,148.0,154.0
114726,237.0,112.0,153.0,123.0
114727,258.0,134.0,138.0,141.0
114728,246.0,128.0,140.0,132.0
114729,268.0,109.0,130.0,140.0
114730,231.0,126.0,125.0,116.0
114731,241.0,110.0,148.0,133.0
114732,241.0,123.0,143.0,144.0
114733,252.0,230.0,157.0,148.0
114734,234.0,113.0,135.0,129.0
114735,265.0,91.0,146.0,158.0
114736,238.0,149.0,138.0,142.0
114737,262.0,155.0,145.0,154.0
114738,241.0,72.0,137.0,134.0
114739,259.0,131.0,158.0,144.0
114740,250.0,101.0,140.0,138.0
114741,225.0,94.0,127.0,123.0
114742,259.0,102.0,149.0,159.0
114743,232.0,115.0,134.0,129.0
114744,244.0,147.0,141.0,126.0
114745,251.0,78.0,145.0,147.0
114746,248.0,100.0,152.0,145.0
114747,255.0,122.0,145.0,142.0
114748,277.0,122.0,146.0,163.0
114749,247.0,99.0,142.0,129.0
114750,235.0,84.0,125.0,132.0
114751,261.0,106.0,144.0,170.0
114752,252.0,68.0,123.0,129.0
114753,254.0,148.0,151.0,156.0
114754,254.0,105.0,125.0,137.0
114755,252.0,128.0,148.0,138.0
114756,236.0,102.0,140.0,121.0
114757,210.0,113.0,105.0,114.0
114758,251.0,100.0,139.0,146.0
114759,220.0,189.0,128.0,116.0
114760,262.0,129.0,155.0,149.0
114761,276.0,138.0,151.0,140.0
114762,254.0,150.0,149.0,152.0
114763,255.0,134.0,143.0,139.0
114764,251.0,117.0,131.0,149.0
114765,242.0,127.0,144.0,140.0
114766,228.0,118.0,131.0,117.0
114767,240.0,144.0,159.0,142.0
114768,231.0,48.0,124.0,137.0
114769,249.0,128.0,143.0,129.0
114770,255.0,141.0,142.0,143.0
114771,264.0,177.0,163.0,143.0
114772,252.0,104.0,150.0,141.0
114773,264.0,126.0,143.0,146.0
114774,234.0,99.0,138.0,120.0
114775,253.0,120.0,131.0,145.0
114776,248.0,136.0,138.0,133.0
114777,256.0,114.0,141.0,143.0
114778,275.0,239.0,149.0,158.0
114779,234.0,96.0,150.0,132.0
114780,262.0,168.0,167.0,137.0
114781,242.0,96.0,129.0,124.0
114782,241.0,116.0,147.0,133.0
114783,222.0,58.0,135.0,130.0
114784,232.0,90.0,138.0,122.0
114785,248.0,111.0,140.0,134.0
114786,234.0,69.0,133.0,126.0
114787,234.0,97.0,126.0,141.0
114788,276.0,112.0,166.0,149.0
114789,264.0,124.0,143.0,149.0
114790,265.0,156.0,148.0,146.0
114791,263.0,78.0,149.0,148.0
114792,240.0,111.0,136.0,124.0
114793,266.0,115.0,157.0,140.0
114794,259.0,86.0,145.0,150.0
114795,263.0,104.0,133.0,146.0
114796,266.0,125.0,144.0,150.0
114797,278.0,195.0,167.0,164.0
114798,271.0,102.0,160.0,155.0
114799,247.0,136.0,137.0,144.0
114800,257.0,107.0,149.0,155.0
114801,239.0,174.0,129.0,138.0
114802,242.0,64.0,131.0,138.0
114803,242.0,109.0,145.0,156.0
114804,276.0,144.0,142.0,160.0
114805,275.0,109.0,149.0,148.0
114806,241.0,110.0,130.0,137.0
114807,261.0,149.0,144.0,142.0
114808,235.0,121.0,128.0,121.0
114809,241.0,140.0,133.0,150.0
114810,223.0,89.0,124.0,127.0
114811,239.0,69.0,140.0,144.0
114812,251.0,79.0,143.0,141.0
114813,264.0,81.0,144.0,130.0
114814,230.0,123.0,128.0,133.0
114815,262.0,86.0,143.0,146.0
114816,262.0,102.0,143.0,154.0
114817,252.0,130.0,141.0,130.0
114818,273.0,44.0,145.0,144.0
114819,242.0,122.0,138.0,136.0
114820,244.0,94.0,138.0,149.0
114821,282.0,133.0,156.0,154.0
114822,260.0,154.0,132.0,152.0
114823,244.0,114.0,117.0,143.0
114824,235.0,114.0,124.0,132.0
114825,257.0,110.0,161.0,140.0
114826,256.0,166.0,146.0,136.0
114827,268.0,93.0,167.0,157.0
114828,238.0,94.0,135.0,135.0
114829,247.0,142.0,132.0,138.0
114830,255.0,107.0,140.0,131.0
114831,244.0,208.0,138.0,143.0
114832,223.0,103.0,124.0,118.0
114833,218.0,145.0,120.0,129.0
114834,241.0,155.0,148.0,140.0
114835,235.0,130.0,136.0,136.0
114836,247.0,121.0,136.0,145.0
114837,251.0,103.0,139.0,145.0
114838,219.0,106.0,120.0,129.0
114839,255.0,149.0,148.0,140.0
114840,254.0,143.0,143.0,160.0
114841,254.0,130.0,128.0,132.0
114842,252.0,61.0,151.0,148.0
114843,234.0,100.0,135.0,121.0
114844,261.0,180.0,150.0,135.0
114845,270.0,185.0,172.0,145.0
114846,241.0,94.0,140.0,125.0
114847,236.0,80.0,136.0,134.0
114848,250.0,126.0,142.0,151.0
114849,245.0,130.0,128.0,135.0
114850,250.0,125.0,128.0,129.0
114851,249.0,135.0,147.0,131.0
114852,255.0,93.0,151.0,136.0
114853,242.0,114.0,146.0,133.0
114854,264.0,116.0,143.0,146.0
114855,238.0,94.0,126.0,135.0
114856,265.0,118.0,154.0,154.0
114857,245.0,103.0,129.0,141.0
114858,248.0,88.0,137.0,149.0
114859,227.0,91.0,139.0,134.0
114860,249.0,88.0,159.0,129.0
114861,245.0,122.0,132.0,140.0
114862,257.0,108.0,134.0,151.0
114863,254.0,129.0,136.0,161.0
114864,258.0,84.0,137.0,135.0
114865,267.0,117.0,136.0,154.0
114866,259.0,107.0,144.0,134.0
114867,248.0,110.0,140.0,150.0
114868,242.0,75.0,145.0,143.0
114869,253.0,108.0,147.0,150.0
114870,247.0,98.0,136.0,146.0
114871,250.0,117.0,153.0,143.0
114872,251.0,98.0,125.0,145.0
114873,253.0,92.0,151.0,139.0
114874,241.0,118.0,140.0,147.0
114875,264.0,125.0,148.0,141.0
114876,243.0,132.0,147.0,139.0
114877,249.0,190.0,138.0,140.0
114878,242.0,121.0,116.0,131.0
114879,251.0,161.0,148.0,142.0
114880,275.0,128.0,172.0,139.0
114881,247.0,108.0,150.0,139.0
114882,247.0,163.0,137.0,145.0
114883,235.0,102.0,138.0,129.0
114884,274.0,131.0,148.0,157.0
114885,238.0,91.0,139.0,142.0
114886,255.0,79.0,134.0,145.0
114887,257.0,105.0,146.0,151.0
114888,268.0,104.0,153.0,160.0
114889,250.0,97.0,150.0,142.0
114890,239.0,87.0,128.0,111.0
114891,237.0,112.0,143.0,145.0
114892,227.0,109.0,135.0,140.0
114893,262.0,103.0,137.0,148.0
114894,245.0,110.0,129.0,128.0
114895,256.0,136.0,136.0,150.0
114896,266.0,129.0,164.0,142.0
114897,251.0,99.0,139.0,131.0
114898,248.0,97.0,144.0,122.0
114899,251.0,220.0,139.0,122.0
114900,242.0,200.0,144.0,118.0
114901,264.0,101.0,139.0,153.0
114902,262.0,161.0,145.0,157.0
114903,245.0,115.0,135.0,131.0
114904,253.0,115.0,142.0,140.0
114905,253.0,119.0,140.0,148.0
114906,269.0,102.0,149.0,149.0
114907,231.0,116.0,130.0,133.0
114908,262.0,133.0,141.0,161.0
114909,261.0,126.0,141.0,147.0
114910,255.0,72.0,142.0,151.0
114911,255.0,80.0,128.0,148.0
114912,251.0,152.0,142.0,133.0
114913,259.0,100.0,127.0,150.0
114914,251.0,124.0,130.0,134.0
114915,253.0,105.0,154.0,154.0
114916,243.0,116.0,132.0,130.0
114917,244.0,76.0,135.0,137.0
114918,236.0,111.0,142.0,139.0
114919,242.0,115.0,124.0,142.0
114920,238.0,100.0,131.0,132.0
114921,238.0,78.0,153.0,138.0
114922,236.0,143.0,126.0,149.0
114923,247.0,111.0,148.0,139.0
114924,247.0,199.0,140.0,146.0
114925,259.0,126.0,153.0,139.0
114926,244.0,89.0,144.0,146.0
114927,242.0,50.0,149.0,125.0
114928,268.0,127.0,139.0,136.0
114929,254.0,108.0,148.0,152.0
114930,269.0,168.0,146.0,159.0
114931,248.0,75.0,139.0,148.0
114932,238.0,126.0,123.0,130.0
114933,246.0,119.0,142.0,125.0
114934,264.0,94.0,156.0,155.0
114935,282.0,118.0,166.0,167.0
114936,248.0,157.0,143.0,137.0
114937,239.0,102.0,135.0,137.0
114938,250.0,154.0,134.0,141.0
114939,247.0,105.0,146.0,139.0
114940,241.0,112.0,140.0,128.0
114941,240.0,161.0,142.0,136.0
114942,241.0,124.0,132.0,141.0
114943,262.0,98.0,159.0,146.0
114944,231.0,127.0,127.0,137.0
114945,252.0,109.0,145.0,146.0
114946,248.0,225.0,152.0,131.0
114947,253.0,173.0,136.0,139.0
114948,256.0,103.0,153.0,135.0
114949,248.0,93.0,134.0,132.0
114950,268.0,163.0,159.0,158.0
114951,249.0,72.0,146.0,144.0
114952,267.0,220.0,150.0,162.0
114953,240.0,89.0,137.0,140.0
114954,252.0,118.0,139.0,139.0
114955,236.0,101.0,119.0,138.0
114956,265.0,87.0,158.0,137.0
114957,242.0,96.0,149.0,123.0
114958,237.0,117.0,127.0,142.0
114959,245.0,136.0,136.0,139.0
114960,244.0,117.0,127.0,134.0
114961,268.0,159.0,159.0,149.0
114962,247.0,206.0,158.0,140.0
114963,249.0,74.0,142.0,142.0
114964,234.0,108.0,133.0,133.0
114965,243.0,129.0,129.0,141.0
114966,249.0,84.0,149.0,135.0
114967,240.0,94.0,140.0,156.0
114968,249.0,137.0,136.0,141.0
114969,256.0,226.0,159.0,145.0
114970,247.0,134.0,132.0,160.0
114971,247.0,109.0,144.0,124.0
114972,239.0,106.0,135.0,135.0
114973,224.0,113.0,130.0,130.0
114974,256.0,131.0,153.0,132.0
114975,235.0,60.0,126.0,136.0
114976,261.0,121.0,137.0,151.0
114977,235.0,135.0,139.0,130.0
114978,272.0,121.0,155.0,152.0
114979,232.0,76.0,138.0,132.0
114980,228.0,85.0,129.0,131.0
114981,237.0,149.0,129.0,141.0
114982,229.0,107.0,123.0,134.0
114983,264.0,113.0,148.0,142.0
114984,249.0,132.0,134.0,138.0
114985,257.0,158.0,140.0,156.0
114986,272.0,161.0,150.0,143.0
114987,253.0,122.0,140.0,157.0
114988,238.0,103.0,130.0,126.0
114989,251.0,104.0,142.0,142.0
114990,239.0,142.0,121.0,138.0
114991,231.0,138.0,133.0,122.0
114992,249.0,151.0,140.0,153.0
114993,263.0,122.0,135.0,139.0
114994,260.0,121.0,146.0,140.0
114995,258.0,138.0,150.0,125.0
114996,254.0,98.0,146.0,146.0
114997,228.0,115.0,132.0,123.0
114998,264.0,153.0,150.0,158.0
114999,232.0,98.0,142.0,128.0
115000,246.0,137.0,143.0,138.0
115001,240.0,87.0,121.0,133.0
115002,265.0,86.0,135.0,155.0
115003,260.0,92.0,147.0,148.0
115004,269.0,115.0,149.0,139.0
115005,267.0,76.0,151.0,145.0
115006,253.0,151.0,155.0,135.0
115007,267.0,141.0,153.0,156.0
115008,242.0,122.0,125.0,125.0
115009,226.0,103.0,118.0,121.0
115010,249.0,107.0,141.0,139.0
115011,240.0,122.0,138.0,148.0
115012,238.0,98.0,138.0,137.0
115013,258.0,90.0,144.0,150.0
115014,252.0,105.0,132.0,145.0
115015,255.0,108.0,148.0,164.0
115016,278.0,102.0,156.0,161.0
115017,239.0,119.0,130.0,120.0
115018,217.0,80.0,121.0,115.0
115019,260.0,95.0,124.0,156.0
115020,261.0,97.0,154.0,143.0
115021,253.0,167.0,144.0,135.0
115022,260.0,95.0,136.0,137.0
115023,271.0,74.0,153.0,150.0
115024,255.0,112.0,150.0,150.0
115025,242.0,101.0,149.0,137.0
115026,257.0,102.0,148.0,144.0
115027,255.0,113.0,148.0,143.0
115028,269.0,98.0,155.0,151.0
115029,234.0,104.0,129.0,120.0
115030,226.0,67.0,124.0,121.0
115031,255.0,121.0,142.0,144.0
115032,244.0,120.0,115.0,128.0
115033,256.0,87.0,139.0,139.0
115034,255.0,220.0,147.0,141.0
115035,235.0,102.0,131.0,127.0
115036,255.0,107.0,148.0,148.0
115037,240.0,75.0,139.0,125.0
115038,262.0,86.0,140.0,154.0
115039,269.0,104.0,163.0,159.0
115040,226.0,93.0,113.0,123.0
115041,239.0,149.0,137.0,139.0
115042,263.0,91.0,149.0,149.0
115043,272.0,127.0,162.0,156.0
115044,253.0,137.0,125.0,137.0
115045,257.0,158.0,134.0,154.0
115046,239.0,147.0,133.0,139.0
115047,237.0,200.0,132.0,138.0
115048,252.0,164.0,154.0,137.0
115049,238.0,127.0,127.0,133.0
115050,255.0,94.0,121.0,147.0
115051,268.0,98.0,146.0,139.0
115052,245.0,140.0,130.0,136.0
115053,251.0,137.0,137.0,133.0
115054,245.0,126.0,133.0,153.0
115055,230.0,71.0,136.0,137.0
115056,244.0,52.0,128.0,139.0
115057,267.0,121.0,142.0,144.0
115058,251.0,206.0,138.0,138.0
115059,286.0,97.0,172.0,163.0
115060,252.0,105.0,147.0,131.0
115061,246.0,113.0,132.0,117.0
115062,267.0,158.0,144.0,147.0
115063,260.0,131.0,131.0,150.0
115064,256.0,71.0,143.0,145.0
115065,251.0,126.0,146.0,129.0
115066,246.0,126.0,150.0,152.0
115067,259.0,105.0,130.0,146.0
115068,227.0,113.0,122.0,125.0
115069,263.0,144.0,148.0,134.0
115070,234.0,174.0,134.0,132.0
115071,235.0,102.0,136.0,123.0
115072,232.0,71.0,129.0,128.0
115073,259.0,104.0,151.0,138.0
115074,235.0,111.0,131.0,132.0
115075,253.0,144.0,148.0,136.0
115076,245.0,83.0,133.0,149.0
115077,229.0,101.0,127.0,140.0
115078,240.0,112.0,125.0,130.0
115079,237.0,111.0,144.0,136.0
115080,247.0,84.0,139.0,135.0
115081,248.0,102.0,137.0,134.0
115082,250.0,76.0,147.0,145.0
115083,253.0,170.0,141.0,131.0
115084,247.0,121.0,159.0,143.0
115085,235.0,92.0,132.0,139.0
115086,262.0,95.0,134.0,157.0
115087,266.0,80.0,143.0,153.0
115088,236.0,72.0,150.0,133.0
115089,270.0,130.0,159.0,148.0
115090,290.0,258.0,177.0,156.0
115091,248.0,99.0,137.0,136.0
115092,260.0,130.0,148.0,142.0
115093,226.0,85.0,122.0,126.0
115094,226.0,163.0,129.0,124.0
115095,254.0,141.0,139.0,142.0
115096,276.0,120.0,139.0,153.0
115097,237.0,79.0,131.0,139.0
115098,232.0,109.0,130.0,117.0
115099,258.0,90.0,136.0,143.0
115100,284.0,111.0,149.0,165.0
115101,229.0,201.0,132.0,123.0
115102,237.0,95.0,139.0,132.0
115103,236.0,80.0,139.0,116.0
115104,241.0,98.0,136.0,137.0
115105,282.0,158.0,155.0,148.0
115106,256.0,130.0,146.0,141.0
115107,246.0,75.0,143.0,147.0
115108,253.0,123.0,148.0,149.0
115109,241.0,229.0,142.0,142.0
115110,245.0,78.0,134.0,139.0
115111,223.0,65.0,111.0,121.0
115112,264.0,126.0,147.0,144.0
115113,252.0,173.0,132.0,142.0
115114,278.0,89.0,158.0,152.0
115115,250.0,89.0,147.0,148.0
115116,253.0,104.0,140.0,143.0
115117,238.0,118.0,136.0,140.0
115118,251.0,157.0,138.0,130.0
115119,246.0,205.0,126.0,129.0
115120,247.0,96.0,147.0,139.0
115121,246.0,154.0,133.0,156.0
115122,263.0,124.0,127.0,154.0
115123,246.0,97.0,140.0,136.0
115124,259.0,100.0,147.0,143.0
115125,249.0,90.0,132.0,142.0
115126,289.0,146.0,149.0,163.0
115127,261.0,120.0,145.0,156.0
115128,256.0,141.0,141.0,137.0
115129,272.0,131.0,160.0,158.0
115130,242.0,108.0,136.0,141.0
115131,262.0,125.0,154.0,151.0
115132,249.0,170.0,141.0,128.0
115133,230.0,94.0,133.0,134.0
115134,243.0,70.0,132.0,136.0
115135,251.0,122.0,152.0,132.0
115136,245.0,120.0,114.0,144.0
115137,256.0,128.0,147.0,139.0
115138,270.0,122.0,148.0,155.0
115139,265.0,94.0,138.0,153.0
115140,258.0,141.0,157.0,147.0
115141,243.0,61.0,133.0,127.0
115142,263.0,145.0,136.0,153.0
115143,229.0,90.0,132.0,127.0
115144,237.0,95.0,132.0,121.0
115145,247.0,116.0,132.0,146.0
115146,270.0,155.0,162.0,157.0
115147,239.0,106.0,134.0,132.0
115148,261.0,226.0,142.0,137.0
115149,231.0,143.0,133.0,126.0
115150,238.0,105.0,127.0,125.0
115151,271.0,97.0,159.0,138.0
115152,248.0,86.0,130.0,132.0
115153,269.0,94.0,144.0,151.0
115154,273.0,93.0,134.0,155.0
115155,250.0,77.0,134.0,147.0
115156,245.0,89.0,138.0,131.0
115157,268.0,74.0,160.0,160.0
115158,257.0,73.0,152.0,147.0
115159,254.0,177.0,146.0,138.0
115160,270.0,138.0,145.0,146.0
115161,263.0,147.0,148.0,155.0
115162,231.0,132.0,139.0,133.0
115163,241.0,107.0,139.0,124.0
115164,260.0,151.0,145.0,161.0
115165,259.0,75.0,144.0,145.0
115166,269.0,124.0,156.0,149.0
115167,255.0,73.0,147.0,157.0
115168,263.0,136.0,139.0,144.0
115169,280.0,113.0,140.0,152.0
115170,255.0,129.0,140.0,143.0
115171,251.0,88.0,134.0,138.0
115172,252.0,128.0,147.0,138.0
115173,254.0,169.0,135.0,139.0
115174,263.0,122.0,155.0,156.0
115175,257.0,99.0,149.0,157.0
115176,262.0,89.0,137.0,142.0
115177,246.0,139.0,148.0,138.0
115178,256.0,80.0,141.0,137.0
115179,268.0,154.0,152.0,149.0
115180,238.0,114.0,141.0,137.0
115181,261.0,196.0,146.0,155.0
115182,235.0,123.0,144.0,135.0
115183,245.0,103.0,115.0,136.0
115184,268.0,152.0,154.0,140.0
115185,238.0,113.0,126.0,145.0
115186,240.0,133.0,126.0,129.0
115187,240.0,79.0,132.0,143.0
115188,245.0,166.0,127.0,138.0
115189,266.0,133.0,143.0,148.0
115190,250.0,118.0,148.0,150.0
115191,257.0,104.0,142.0,131.0
115192,247.0,102.0,145.0,129.0
115193,241.0,79.0,128.0,130.0
115194,244.0,98.0,148.0,135.0
115195,261.0,120.0,151.0,163.0
115196,268.0,146.0,160.0,148.0
115197,250.0,209.0,147.0,132.0
115198,244.0,148.0,131.0,151.0
115199,226.0,99.0,134.0,141.0
115200,236.0,159.0,135.0,136.0
115201,223.0,94.0,142.0,119.0
115202,251.0,71.0,149.0,146.0
115203,218.0,86.0,122.0,127.0
115204,262.0,74.0,164.0,137.0
115205,258.0,127.0,140.0,140.0
115206,254.0,109.0,144.0,132.0
115207,263.0,109.0,136.0,146.0
115208,231.0,92.0,128.0,128.0
115209,255.0,101.0,142.0,145.0
115210,259.0,125.0,135.0,153.0
115211,260.0,88.0,137.0,144.0
115212,261.0,112.0,147.0,151.0
115213,252.0,119.0,139.0,152.0
115214,239.0,121.0,139.0,129.0
115215,236.0,93.0,121.0,117.0
115216,256.0,111.0,144.0,146.0
115217,254.0,166.0,138.0,136.0
115218,244.0,107.0,117.0,148.0
115219,233.0,100.0,125.0,139.0
115220,239.0,69.0,116.0,131.0
115221,232.0,78.0,129.0,122.0
115222,264.0,145.0,143.0,157.0
115223,248.0,112.0,138.0,143.0
115224,244.0,148.0,127.0,131.0
115225,253.0,157.0,143.0,151.0
115226,241.0,122.0,134.0,123.0
115227,262.0,107.0,141.0,150.0
115228,246.0,69.0,126.0,129.0
115229,258.0,135.0,141.0,131.0
115230,261.0,107.0,151.0,134.0
115231,226.0,137.0,134.0,123.0
115232,260.0,83.0,146.0,154.0
115233,220.0,115.0,119.0,121.0
115234,262.0,158.0,141.0,146.0
115235,241.0,134.0,125.0,145.0
115236,246.0,119.0,139.0,142.0
115237,228.0,115.0,109.0,134.0
115238,237.0,76.0,126.0,134.0
115239,237.0,123.0,137.0,128.0
115240,250.0,127.0,136.0,144.0
115241,234.0,95.0,113.0,141.0
115242,248.0,95.0,145.0,146.0
115243,265.0,117.0,154.0,148.0
115244,266.0,111.0,153.0,146.0
115245,228.0,112.0,127.0,129.0
115246,240.0,226.0,141.0,129.0
115247,219.0,102.0,120.0,130.0
115248,241.0,132.0,150.0,142.0
115249,234.0,79.0,153.0,117.0
115250,243.0,155.0,139.0,135.0
115251,247.0,90.0,143.0,135.0
115252,274.0,97.0,147.0,151.0
115253,263.0,151.0,146.0,142.0
115254,244.0,112.0,136.0,128.0
115255,247.0,118.0,132.0,145.0
115256,230.0,115.0,126.0,150.0
115257,252.0,90.0,141.0,132.0
115258,263.0,140.0,153.0,152.0
115259,250.0,130.0,145.0,165.0
115260,232.0,149.0,128.0,139.0
115261,256.0,113.0,142.0,125.0
115262,243.0,113.0,144.0,150.0
115263,250.0,169.0,152.0,137.0
115264,272.0,121.0,149.0,143.0
115265,247.0,87.0,124.0,143.0
115266,236.0,106.0,145.0,134.0
115267,237.0,84.0,141.0,123.0
115268,268.0,226.0,157.0,154.0
115269,250.0,114.0,159.0,138.0
115270,253.0,165.0,151.0,141.0
115271,242.0,131.0,124.0,133.0
115272,246.0,158.0,132.0,140.0
115273,250.0,99.0,141.0,147.0
115274,248.0,145.0,134.0,134.0
115275,212.0,65.0,129.0,123.0
115276,265.0,140.0,149.0,156.0
115277,235.0,63.0,133.0,138.0
115278,257.0,113.0,149.0,148.0
115279,246.0,118.0,133.0,127.0
115280,257.0,129.0,144.0,151.0
115281,266.0,131.0,139.0,148.0
115282,229.0,69.0,130.0,118.0
115283,251.0,142.0,128.0,148.0
115284,256.0,94.0,138.0,139.0
115285,241.0,134.0,130.0,141.0
115286,223.0,113.0,123.0,112.0
115287,276.0,96.0,166.0,142.0
115288,255.0,224.0,142.0,154.0
115289,256.0,198.0,130.0,142.0
115290,236.0,89.0,135.0,143.0
115291,257.0,120.0,140.0,152.0
115292,253.0,123.0,132.0,139.0
115293,217.0,113.0,122.0,115.0
115294,247.0,93.0,135.0,134.0
115295,274.0,128.0,141.0,156.0
115296,258.0,68.0,148.0,140.0
115297,239.0,111.0,150.0,133.0
115298,229.0,146.0,119.0,117.0
115299,233.0,88.0,125.0,126.0
115300,275.0,137.0,157.0,149.0
115301,226.0,72.0,122.0,129.0
115302,259.0,116.0,146.0,148.0
115303,258.0,132.0,147.0,144.0
115304,229.0,93.0,126.0,123.0
115305,248.0,130.0,143.0,131.0
115306,247.0,127.0,135.0,149.0
115307,251.0,102.0,125.0,139.0
115308,267.0,163.0,153.0,162.0
115309,237.0,96.0,137.0,119.0
115310,284.0,119.0,165.0,160.0
115311,238.0,188.0,141.0,123.0
115312,253.0,121.0,141.0,130.0
115313,254.0,125.0,158.0,146.0
115314,255.0,144.0,146.0,146.0
115315,243.0,202.0,146.0,146.0
115316,251.0,147.0,129.0,125.0
115317,250.0,98.0,132.0,136.0
115318,265.0,83.0,160.0,151.0
115319,272.0,137.0,155.0,159.0
115320,241.0,121.0,138.0,124.0
115321,240.0,99.0,134.0,138.0
115322,259.0,140.0,145.0,143.0
115323,234.0,82.0,141.0,126.0
115324,237.0,113.0,136.0,133.0
115325,250.0,144.0,144.0,134.0
115326,256.0,129.0,146.0,146.0
115327,246.0,94.0,132.0,142.0
115328,231.0,107.0,125.0,136.0
115329,246.0,131.0,150.0,126.0
115330,241.0,80.0,140.0,143.0
115331,234.0,79.0,127.0,145.0
115332,243.0,103.0,136.0,131.0
115333,250.0,132.0,149.0,136.0
115334,252.0,146.0,130.0,148.0
115335,245.0,110.0,151.0,151.0
115336,217.0,103.0,125.0,130.0
115337,281.0,70.0,163.0,159.0
115338,268.0,109.0,157.0,147.0
115339,263.0,86.0,141.0,126.0
115340,256.0,89.0,155.0,144.0
115341,263.0,136.0,139.0,161.0
115342,235.0,119.0,108.0,137.0
115343,251.0,97.0,136.0,128.0
115344,254.0,141.0,152.0,146.0
115345,246.0,139.0,126.0,151.0
115346,251.0,208.0,129.0,148.0
115347,257.0,107.0,135.0,142.0
115348,235.0,157.0,125.0,135.0
115349,266.0,105.0,148.0,159.0
115350,235.0,89.0,117.0,129.0
115351,239.0,128.0,121.0,123.0
115352,264.0,112.0,156.0,147.0
115353,244.0,141.0,126.0,120.0
115354,265.0,131.0,155.0,151.0
115355,238.0,91.0,140.0,149.0
115356,251.0,159.0,135.0,141.0
115357,259.0,110.0,145.0,154.0
115358,263.0,221.0,157.0,152.0
115359,244.0,178.0,137.0,134.0
115360,251.0,81.0,149.0,131.0
115361,247.0,194.0,138.0,131.0
115362,273.0,144.0,146.0,158.0
115363,250.0,88.0,141.0,139.0
115364,274.0,141.0,155.0,145.0
115365,246.0,109.0,126.0,126.0
115366,265.0,112.0,140.0,149.0
115367,219.0,75.0,117.0,121.0
115368,262.0,75.0,155.0,153.0
115369,261.0,111.0,151.0,153.0
115370,231.0,102.0,122.0,136.0
115371,253.0,147.0,132.0,137.0
115372,235.0,197.0,126.0,131.0
115373,223.0,128.0,127.0,128.0
115374,257.0,100.0,140.0,133.0
115375,254.0,88.0,134.0,148.0
115376,246.0,205.0,139.0,141.0
115377,262.0,99.0,148.0,132.0
115378,264.0,145.0,150.0,136.0
115379,251.0,142.0,137.0,137.0
115380,261.0,91.0,134.0,140.0
115381,252.0,136.0,136.0,146.0
115382,231.0,114.0,130.0,121.0
115383,240.0,117.0,123.0,135.0
115384,272.0,111.0,153.0,144.0
115385,258.0,118.0,148.0,141.0
115386,248.0,234.0,133.0,141.0
115387,265.0,106.0,145.0,150.0
115388,241.0,154.0,138.0,141.0
115389,271.0,95.0,156.0,149.0
115390,261.0,107.0,146.0,152.0
115391,261.0,146.0,147.0,130.0
115392,239.0,102.0,135.0,135.0
115393,267.0,129.0,144.0,152.0
115394,268.0,146.0,158.0,144.0
115395,252.0,76.0,146.0,134.0
115396,249.0,166.0,131.0,129.0
115397,261.0,179.0,145.0,143.0
115398,237.0,152.0,149.0,140.0
115399,246.0,148.0,147.0,132.0
115400,225.0,134.0,128.0,123.0
115401,251.0,75.0,136.0,149.0
115402,232.0,186.0,133.0,134.0
115403,256.0,160.0,146.0,136.0
115404,256.0,120.0,141.0,140.0
115405,236.0,79.0,125.0,133.0
115406,266.0,89.0,144.0,167.0
115407,251.0,100.0,144.0,148.0
115408,234.0,99.0,134.0,126.0
115409,257.0,153.0,150.0,154.0
115410,259.0,230.0,145.0,142.0
115411,267.0,153.0,163.0,139.0
115412,265.0,83.0,136.0,147.0
115413,246.0,158.0,137.0,139.0
115414,241.0,93.0,114.0,149.0
115415,265.0,123.0,143.0,153.0
115416,235.0,121.0,134.0,140.0
115417,225.0,80.0,112.0,133.0
115418,235.0,147.0,140.0,129.0
115419,262.0,126.0,131.0,147.0
115420,233.0,82.0,126.0,140.0
115421,243.0,108.0,141.0,142.0
115422,260.0,95.0,150.0,157.0
115423,269.0,83.0,154.0,150.0
115424,254.0,141.0,132.0,137.0
115425,248.0,107.0,147.0,141.0
115426,246.0,138.0,137.0,149.0
115427,217.0,114.0,132.0,118.0
115428,235.0,116.0,122.0,138.0
115429,236.0,91.0,144.0,141.0
115430,236.0,65.0,143.0,123.0
115431,241.0,201.0,130.0,134.0
115432,266.0,103.0,153.0,152.0
115433,253.0,111.0,153.0,135.0
115434,271.0,141.0,161.0,158.0
115435,258.0,90.0,151.0,137.0
115436,231.0,99.0,127.0,129.0
115437,251.0,117.0,144.0,158.0
115438,256.0,144.0,146.0,144.0
115439,249.0,99.0,139.0,158.0
115440,263.0,115.0,154.0,151.0
115441,243.0,156.0,136.0,128.0
115442,240.0,127.0,123.0,126.0
115443,249.0,91.0,140.0,127.0
115444,266.0,228.0,142.0,130.0
115445,238.0,105.0,138.0,138.0
115446,241.0,193.0,141.0,139.0
115447,258.0,89.0,146.0,149.0
115448,254.0,116.0,131.0,140.0
115449,241.0,87.0,142.0,130.0
115450,233.0,87.0,122.0,136.0
115451,245.0,145.0,132.0,139.0
115452,268.0,101.0,145.0,151.0
115453,250.0,154.0,147.0,144.0
115454,244.0,160.0,139.0,136.0
115455,226.0,94.0,128.0,134.0
115456,241.0,83.0,146.0,144.0
115457,253.0,125.0,147.0,139.0
115458,247.0,132.0,131.0,136.0
115459,243.0,168.0,124.0,129.0
115460,260.0,84.0,152.0,145.0
115461,224.0,77.0,119.0,136.0
115462,271.0,105.0,166.0,157.0
115463,238.0,105.0,136.0,142.0
115464,269.0,125.0,136.0,142.0
115465,263.0,113.0,150.0,142.0
115466,238.0,128.0,146.0,141.0
115467,230.0,159.0,122.0,126.0
115468,246.0,109.0,127.0,142.0
115469,225.0,63.0,129.0,120.0
115470,254.0,214.0,134.0,133.0
115471,249.0,80.0,143.0,143.0
115472,260.0,92.0,150.0,144.0
115473,242.0,138.0,139.0,138.0
115474,289.0,247.0,171.0,151.0
115475,250.0,208.0,142.0,145.0
115476,225.0,107.0,128.0,110.0
115477,251.0,115.0,134.0,142.0
115478,231.0,122.0,136.0,130.0
115479,260.0,123.0,131.0,141.0
115480,270.0,91.0,159.0,148.0
115481,242.0,81.0,152.0,128.0
115482,249.0,121.0,137.0,152.0
115483,237.0,105.0,142.0,123.0
115484,242.0,105.0,141.0,147.0
115485,252.0,138.0,141.0,151.0
115486,249.0,148.0,125.0,144.0
115487,261.0,111.0,149.0,150.0
115488,246.0,117.0,130.0,142.0
115489,241.0,94.0,133.0,122.0
115490,276.0,133.0,156.0,171.0
115491,259.0,116.0,150.0,128.0
115492,264.0,119.0,163.0,145.0
115493,228.0,101.0,137.0,114.0
115494,234.0,103.0,137.0,132.0
115495,266.0,161.0,147.0,157.0
115496,271.0,113.0,171.0,154.0
115497,237.0,123.0,125.0,135.0
115498,253.0,125.0,149.0,157.0
115499,285.0,149.0,149.0,160.0
115500,258.0,88.0,149.0,151.0
115501,257.0,130.0,138.0,134.0
115502,233.0,113.0,131.0,142.0
115503,266.0,67.0,166.0,151.0
115504,227.0,128.0,123.0,133.0
115505,255.0,116.0,150.0,151.0
115506,239.0,78.0,138.0,136.0
115507,231.0,70.0,127.0,142.0
115508,252.0,89.0,142.0,141.0
115509,277.0,149.0,174.0,172.0
115510,240.0,107.0,138.0,139.0
115511,234.0,108.0,130.0,126.0
115512,244.0,137.0,146.0,143.0
115513,265.0,83.0,154.0,131.0
115514,257.0,129.0,144.0,135.0
115515,249.0,111.0,133.0,154.0
115516,255.0,74.0,149.0,152.0
115517,267.0,137.0,142.0,154.0
115518,255.0,182.0,146.0,136.0
115519,249.0,74.0,158.0,127.0
115520,265.0,123.0,157.0,154.0
115521,236.0,99.0,138.0,136.0
115522,264.0,117.0,144.0,141.0
115523,243.0,104.0,133.0,135.0
115524,248.0,63.0,133.0,139.0
115525,266.0,123.0,162.0,149.0
115526,250.0,99.0,142.0,140.0
115527,248.0,108.0,133.0,140.0
115528,251.0,189.0,163.0,139.0
115529,256.0,107.0,148.0,137.0
115530,254.0,113.0,149.0,128.0
115531,247.0,148.0,144.0,141.0
115532,239.0,126.0,117.0,127.0
115533,236.0,124.0,135.0,132.0
115534,264.0,95.0,161.0,149.0
115535,249.0,141.0,137.0,132.0
115536,255.0,99.0,148.0,153.0
115537,238.0,89.0,146.0,125.0
115538,224.0,156.0,115.0,127.0
115539,272.0,130.0,147.0,133.0
115540,264.0,126.0,144.0,129.0
115541,258.0,58.0,131.0,143.0
115542,247.0,128.0,143.0,147.0
115543,278.0,95.0,142.0,180.0
115544,244.0,209.0,129.0,132.0
115545,251.0,95.0,143.0,138.0
115546,257.0,67.0,138.0,152.0
115547,267.0,91.0,146.0,153.0
115548,252.0,132.0,138.0,140.0
115549,238.0,85.0,129.0,135.0
115550,273.0,128.0,160.0,157.0
115551,280.0,126.0,151.0,166.0
115552,243.0,71.0,141.0,131.0
115553,241.0,89.0,135.0,129.0
115554,251.0,144.0,146.0,138.0
115555,269.0,94.0,143.0,147.0
115556,264.0,139.0,148.0,139.0
115557,245.0,119.0,132.0,136.0
115558,262.0,91.0,152.0,140.0
115559,253.0,149.0,137.0,152.0
115560,266.0,115.0,140.0,149.0
115561,255.0,92.0,138.0,147.0
115562,254.0,84.0,133.0,148.0
115563,271.0,88.0,153.0,136.0
115564,266.0,91.0,167.0,164.0
115565,244.0,133.0,132.0,159.0
115566,245.0,110.0,140.0,131.0
115567,264.0,127.0,140.0,156.0
115568,272.0,125.0,154.0,154.0
115569,254.0,101.0,141.0,128.0
115570,250.0,126.0,145.0,149.0
115571,250.0,154.0,140.0,141.0
115572,221.0,126.0,138.0,116.0
115573,242.0,128.0,137.0,141.0
115574,257.0,147.0,139.0,150.0
115575,230.0,126.0,137.0,126.0
115576,236.0,86.0,116.0,135.0
115577,241.0,114.0,137.0,150.0
115578,247.0,98.0,132.0,126.0
115579,245.0,80.0,150.0,140.0
115580,269.0,85.0,146.0,153.0
115581,218.0,95.0,120.0,120.0
115582,244.0,79.0,139.0,135.0
115583,245.0,124.0,130.0,140.0
115584,271.0,85.0,147.0,175.0
115585,251.0,113.0,140.0,146.0
115586,262.0,82.0,135.0,149.0
115587,260.0,76.0,134.0,138.0
115588,282.0,104.0,155.0,154.0
115589,266.0,119.0,145.0,151.0
115590,262.0,148.0,147.0,144.0
115591,240.0,88.0,149.0,130.0
115592,254.0,117.0,133.0,130.0
115593,265.0,158.0,145.0,164.0
115594,248.0,134.0,149.0,133.0
115595,255.0,105.0,146.0,134.0
115596,241.0,87.0,143.0,138.0
115597,249.0,179.0,146.0,130.0
115598,284.0,212.0,181.0,145.0
115599,266.0,79.0,153.0,143.0
115600,243.0,94.0,137.0,131.0
115601,233.0,84.0,129.0,126.0
115602,237.0,130.0,143.0,148.0
115603,258.0,143.0,149.0,157.0
115604,265.0,102.0,150.0,138.0
115605,263.0,139.0,145.0,153.0
115606,262.0,139.0,155.0,151.0
115607,255.0,105.0,155.0,139.0
115608,267.0,102.0,167.0,140.0
115609,252.0,152.0,136.0,150.0
115610,252.0,108.0,154.0,149.0
115611,243.0,125.0,128.0,143.0
115612,249.0,96.0,153.0,128.0
115613,262.0,149.0,153.0,152.0
115614,254.0,109.0,133.0,148.0
115615,238.0,98.0,131.0,139.0
115616,232.0,50.0,127.0,142.0
115617,247.0,90.0,135.0,142.0
115618,236.0,81.0,128.0,134.0
115619,276.0,230.0,165.0,151.0
115620,246.0,110.0,135.0,132.0
115621,246.0,156.0,129.0,137.0
115622,262.0,72.0,137.0,152.0
115623,278.0,108.0,171.0,147.0
115624,233.0,118.0,129.0,136.0
115625,251.0,100.0,156.0,127.0
115626,243.0,120.0,130.0,146.0
115627,263.0,101.0,152.0,149.0
115628,252.0,110.0,145.0,141.0
115629,251.0,72.0,144.0,146.0
115630,252.0,96.0,131.0,137.0
115631,243.0,100.0,127.0,142.0
115632,241.0,155.0,131.0,127.0
115633,233.0,103.0,136.0,135.0
115634,280.0,127.0,150.0,158.0
115635,250.0,96.0,143.0,131.0
115636,234.0,111.0,131.0,130.0
115637,249.0,116.0,149.0,148.0
115638,244.0,61.0,139.0,143.0
115639,279.0,107.0,152.0,157.0
115640,249.0,124.0,136.0,138.0
115641,249.0,102.0,132.0,147.0
115642,246.0,85.0,140.0,153.0
115643,241.0,113.0,116.0,148.0
115644,227.0,69.0,136.0,128.0
115645,251.0,139.0,128.0,134.0
115646,253.0,117.0,145.0,140.0
115647,245.0,107.0,129.0,138.0
115648,254.0,113.0,148.0,137.0
115649,258.0,54.0,141.0,147.0
115650,247.0,123.0,137.0,140.0
115651,247.0,97.0,133.0,132.0
115652,276.0,104.0,151.0,168.0
115653,246.0,109.0,145.0,144.0
115654,210.0,72.0,133.0,121.0
115655,246.0,118.0,142.0,155.0
115656,261.0,90.0,147.0,136.0
115657,261.0,150.0,138.0,138.0
115658,270.0,72.0,164.0,155.0
115659,237.0,167.0,129.0,125.0
115660,235.0,110.0,126.0,138.0
115661,242.0,151.0,134.0,129.0
115662,241.0,99.0,134.0,135.0
115663,281.0,106.0,144.0,158.0
115664,252.0,73.0,149.0,136.0
115665,265.0,96.0,138.0,134.0
115666,270.0,63.0,155.0,155.0
115667,262.0,101.0,143.0,142.0
115668,249.0,82.0,138.0,147.0
115669,254.0,158.0,135.0,127.0
115670,254.0,73.0,143.0,141.0
115671,225.0,124.0,129.0,127.0
115672,276.0,95.0,154.0,138.0
115673,264.0,147.0,144.0,149.0
115674,236.0,82.0,138.0,135.0
115675,230.0,87.0,132.0,110.0
115676,233.0,100.0,130.0,148.0
115677,260.0,132.0,146.0,141.0
115678,258.0,149.0,141.0,150.0
115679,286.0,88.0,147.0,157.0
115680,257.0,101.0,138.0,146.0
115681,257.0,148.0,140.0,150.0
115682,251.0,105.0,126.0,154.0
115683,265.0,133.0,143.0,141.0
115684,243.0,119.0,131.0,146.0
115685,261.0,108.0,152.0,142.0
115686,256.0,75.0,148.0,150.0
115687,229.0,94.0,136.0,136.0
115688,268.0,158.0,146.0,159.0
115689,266.0,132.0,151.0,150.0
115690,250.0,98.0,151.0,124.0
115691,245.0,103.0,142.0,130.0
115692,261.0,88.0,151.0,134.0
115693,238.0,102.0,131.0,145.0
115694,288.0,135.0,157.0,179.0
115695,255.0,107.0,134.0,131.0
115696,260.0,135.0,151.0,146.0
115697,259.0,132.0,148.0,148.0
115698,259.0,189.0,140.0,148.0
115699,271.0,109.0,154.0,145.0
115700,248.0,150.0,134.0,130.0
115701,236.0,81.0,118.0,131.0
115702,275.0,144.0,161.0,152.0
115703,257.0,106.0,134.0,164.0
115704,251.0,105.0,146.0,137.0
115705,233.0,74.0,143.0,137.0
115706,234.0,111.0,123.0,132.0
115707,232.0,94.0,132.0,131.0
115708,266.0,68.0,159.0,159.0
115709,240.0,116.0,119.0,140.0
115710,250.0,126.0,148.0,132.0
115711,245.0,68.0,141.0,140.0
115712,270.0,121.0,140.0,164.0
115713,253.0,132.0,131.0,139.0
115714,246.0,131.0,123.0,130.0
115715,272.0,133.0,149.0,153.0
115716,258.0,114.0,160.0,137.0
115717,258.0,112.0,136.0,156.0
115718,228.0,109.0,128.0,123.0
115719,244.0,171.0,127.0,157.0
115720,243.0,119.0,132.0,134.0
115721,257.0,86.0,162.0,140.0
115722,230.0,198.0,131.0,118.0
115723,239.0,74.0,132.0,127.0
115724,255.0,77.0,149.0,140.0
115725,224.0,114.0,118.0,126.0
115726,249.0,157.0,138.0,148.0
115727,264.0,100.0,156.0,158.0
115728,250.0,130.0,136.0,127.0
115729,253.0,94.0,145.0,137.0
115730,240.0,119.0,117.0,144.0
115731,259.0,162.0,143.0,144.0
115732,250.0,114.0,141.0,145.0
115733,268.0,76.0,156.0,151.0
115734,266.0,141.0,149.0,160.0
115735,257.0,88.0,138.0,155.0
115736,236.0,106.0,127.0,137.0
115737,250.0,95.0,131.0,143.0
115738,278.0,129.0,153.0,142.0
115739,272.0,149.0,146.0,159.0
115740,260.0,98.0,152.0,144.0
115741,257.0,118.0,141.0,145.0
115742,250.0,106.0,144.0,147.0
115743,257.0,133.0,153.0,140.0
115744,247.0,96.0,143.0,136.0
115745,235.0,78.0,125.0,129.0
115746,251.0,94.0,132.0,135.0
115747,284.0,112.0,175.0,162.0
115748,265.0,129.0,141.0,142.0
115749,278.0,111.0,146.0,167.0
115750,237.0,80.0,135.0,130.0
115751,246.0,131.0,138.0,147.0
115752,234.0,113.0,139.0,140.0
115753,249.0,111.0,138.0,142.0
115754,232.0,95.0,132.0,123.0
115755,276.0,124.0,150.0,166.0
115756,262.0,102.0,146.0,147.0
115757,245.0,96.0,140.0,148.0
115758,227.0,207.0,134.0,125.0
115759,254.0,154.0,142.0,150.0
115760,250.0,106.0,139.0,141.0
115761,260.0,240.0,147.0,137.0
115762,218.0,126.0,117.0,125.0
115763,252.0,141.0,145.0,151.0
115764,246.0,119.0,155.0,136.0
115765,244.0,161.0,112.0,137.0
115766,253.0,134.0,136.0,142.0
115767,255.0,77.0,135.0,153.0
115768,247.0,167.0,147.0,143.0
115769,247.0,124.0,142.0,140.0
115770,242.0,93.0,143.0,138.0
115771,257.0,132.0,141.0,136.0
115772,263.0,88.0,141.0,150.0
115773,247.0,211.0,146.0,141.0
115774,235.0,101.0,127.0,138.0
115775,255.0,108.0,139.0,153.0
115776,248.0,119.0,151.0,128.0
115777,245.0,150.0,138.0,140.0
115778,250.0,148.0,142.0,150.0
115779,261.0,124.0,167.0,128.0
115780,242.0,93.0,138.0,132.0
115781,231.0,82.0,139.0,137.0
115782,239.0,135.0,142.0,132.0
115783,270.0,152.0,145.0,165.0
115784,243.0,88.0,149.0,124.0
115785,251.0,124.0,133.0,140.0
115786,241.0,91.0,147.0,141.0
115787,252.0,88.0,148.0,148.0
115788,237.0,120.0,132.0,136.0
115789,246.0,110.0,143.0,139.0
115790,250.0,54.0,144.0,147.0
115791,244.0,109.0,133.0,143.0
115792,232.0,95.0,126.0,138.0
115793,255.0,125.0,154.0,169.0
115794,254.0,107.0,139.0,143.0
115795,254.0,123.0,136.0,152.0
115796,240.0,136.0,138.0,131.0
115797,265.0,109.0,150.0,137.0
115798,224.0,124.0,129.0,127.0
115799,265.0,111.0,146.0,160.0
115800,255.0,233.0,137.0,154.0
115801,232.0,107.0,126.0,119.0
115802,226.0,59.0,130.0,128.0
115803,256.0,112.0,142.0,133.0
115804,272.0,92.0,147.0,165.0
115805,268.0,96.0,149.0,145.0
115806,237.0,98.0,138.0,136.0
115807,256.0,130.0,142.0,156.0
115808,249.0,106.0,140.0,130.0
115809,245.0,240.0,134.0,137.0
115810,230.0,117.0,131.0,137.0
115811,238.0,93.0,135.0,131.0
115812,261.0,214.0,141.0,146.0
115813,251.0,134.0,141.0,144.0
115814,235.0,104.0,142.0,119.0
115815,266.0,119.0,145.0,145.0
115816,249.0,126.0,154.0,137.0
115817,258.0,84.0,149.0,143.0
115818,244.0,149.0,134.0,150.0
115819,268.0,102.0,155.0,148.0
115820,244.0,133.0,129.0,140.0
115821,261.0,130.0,148.0,143.0
115822,261.0,213.0,142.0,158.0
115823,251.0,124.0,142.0,149.0
115824,262.0,139.0,151.0,162.0
115825,260.0,79.0,148.0,157.0
115826,274.0,88.0,154.0,152.0
115827,242.0,83.0,125.0,123.0
115828,254.0,134.0,141.0,142.0
115829,248.0,122.0,127.0,151.0
115830,270.0,134.0,141.0,156.0
115831,260.0,139.0,154.0,165.0
115832,241.0,192.0,137.0,130.0
115833,244.0,114.0,133.0,148.0
115834,254.0,83.0,141.0,139.0
115835,254.0,219.0,127.0,157.0
115836,243.0,77.0,129.0,145.0
115837,274.0,115.0,150.0,155.0
115838,254.0,135.0,138.0,147.0
115839,263.0,126.0,163.0,155.0
115840,251.0,92.0,150.0,134.0
115841,278.0,124.0,170.0,170.0
115842,258.0,101.0,140.0,147.0
115843,250.0,109.0,134.0,135.0
115844,249.0,121.0,130.0,120.0
115845,256.0,108.0,144.0,131.0
115846,256.0,105.0,139.0,133.0
115847,271.0,99.0,152.0,153.0
115848,271.0,77.0,153.0,153.0
115849,266.0,109.0,171.0,158.0
115850,231.0,102.0,119.0,136.0
115851,251.0,126.0,131.0,125.0
115852,245.0,93.0,147.0,140.0
115853,258.0,132.0,133.0,147.0
115854,235.0,212.0,122.0,129.0
115855,236.0,115.0,135.0,132.0
115856,261.0,215.0,155.0,133.0
115857,241.0,78.0,145.0,134.0
115858,260.0,162.0,138.0,148.0
115859,247.0,126.0,140.0,144.0
115860,272.0,162.0,147.0,152.0
115861,257.0,136.0,130.0,133.0
115862,261.0,132.0,146.0,142.0
115863,263.0,142.0,159.0,147.0
115864,246.0,104.0,146.0,137.0
115865,252.0,102.0,142.0,143.0
115866,228.0,73.0,121.0,139.0
115867,255.0,116.0,137.0,150.0
115868,242.0,116.0,143.0,132.0
115869,274.0,79.0,167.0,155.0
115870,270.0,156.0,152.0,155.0
115871,250.0,157.0,128.0,137.0
115872,247.0,112.0,119.0,136.0
115873,227.0,118.0,116.0,124.0
115874,247.0,139.0,134.0,149.0
115875,246.0,89.0,122.0,138.0
115876,242.0,116.0,130.0,133.0
115877,267.0,133.0,151.0,147.0
115878,247.0,212.0,136.0,143.0
115879,247.0,57.0,140.0,142.0
115880,253.0,110.0,148.0,142.0
115881,262.0,60.0,141.0,144.0
115882,276.0,275.0,155.0,175.0
115883,262.0,149.0,147.0,149.0
115884,220.0,83.0,109.0,139.0
115885,265.0,100.0,155.0,147.0
115886,243.0,133.0,129.0,130.0
115887,264.0,150.0,153.0,155.0
115888,269.0,121.0,153.0,151.0
115889,247.0,124.0,136.0,137.0
115890,256.0,126.0,141.0,153.0
115891,245.0,110.0,144.0,129.0
115892,277.0,234.0,155.0,148.0
115893,244.0,119.0,133.0,130.0
115894,254.0,124.0,151.0,142.0
115895,276.0,86.0,150.0,158.0
115896,266.0,78.0,150.0,151.0
115897,264.0,126.0,140.0,168.0
115898,257.0,94.0,129.0,141.0
115899,264.0,138.0,150.0,135.0
115900,246.0,115.0,135.0,146.0
115901,241.0,174.0,139.0,135.0
115902,257.0,227.0,158.0,148.0
115903,260.0,126.0,143.0,147.0
115904,259.0,135.0,146.0,136.0
115905,247.0,105.0,135.0,141.0
115906,230.0,103.0,125.0,131.0
115907,251.0,85.0,154.0,142.0
115908,251.0,121.0,150.0,139.0
115909,258.0,115.0,156.0,150.0
115910,259.0,160.0,138.0,148.0
115911,226.0,113.0,123.0,127.0
115912,239.0,138.0,136.0,135.0
115913,237.0,108.0,133.0,136.0
115914,252.0,90.0,132.0,140.0
115915,228.0,68.0,134.0,137.0
115916,236.0,129.0,128.0,145.0
115917,223.0,99.0,123.0,134.0
115918,251.0,114.0,133.0,150.0
115919,256.0,100.0,136.0,154.0
115920,251.0,88.0,140.0,133.0
115921,262.0,134.0,152.0,155.0
115922,252.0,103.0,135.0,146.0
115923,234.0,68.0,127.0,138.0
115924,241.0,79.0,143.0,136.0
115925,237.0,127.0,139.0,131.0
115926,243.0,90.0,132.0,132.0
115927,260.0,150.0,145.0,158.0
115928,242.0,100.0,124.0,139.0
115929,274.0,140.0,133.0,147.0
115930,241.0,99.0,139.0,128.0
115931,246.0,121.0,144.0,133.0
115932,284.0,113.0,154.0,137.0
115933,257.0,103.0,140.0,146.0
115934,253.0,115.0,147.0,128.0
115935,250.0,93.0,125.0,139.0
115936,265.0,105.0,147.0,144.0
115937,256.0,144.0,139.0,154.0
115938,255.0,51.0,137.0,143.0
115939,262.0,231.0,137.0,162.0
115940,254.0,125.0,157.0,157.0
115941,257.0,69.0,157.0,146.0
115942,250.0,132.0,151.0,149.0
115943,255.0,112.0,139.0,139.0
115944,241.0,149.0,117.0,133.0
115945,228.0,78.0,127.0,138.0
115946,231.0,58.0,134.0,122.0
115947,245.0,145.0,151.0,132.0
115948,233.0,134.0,133.0,125.0
115949,274.0,106.0,147.0,151.0
115950,285.0,85.0,163.0,145.0
115951,278.0,109.0,155.0,154.0
115952,230.0,115.0,137.0,137.0
115953,229.0,77.0,132.0,124.0
115954,258.0,62.0,146.0,146.0
115955,231.0,120.0,136.0,151.0
115956,239.0,130.0,131.0,130.0
115957,256.0,110.0,139.0,133.0
115958,272.0,79.0,154.0,147.0
115959,261.0,115.0,160.0,143.0
115960,254.0,130.0,132.0,135.0
115961,273.0,106.0,164.0,153.0
115962,265.0,110.0,150.0,152.0
115963,245.0,100.0,127.0,146.0
115964,245.0,210.0,138.0,134.0
115965,254.0,210.0,150.0,136.0
115966,241.0,163.0,133.0,137.0
115967,249.0,136.0,141.0,137.0
115968,249.0,86.0,142.0,136.0
115969,248.0,116.0,142.0,149.0
115970,262.0,64.0,131.0,147.0
115971,244.0,85.0,148.0,143.0
115972,245.0,97.0,122.0,135.0
115973,248.0,102.0,138.0,133.0
115974,252.0,107.0,138.0,140.0
115975,236.0,87.0,153.0,125.0
115976,265.0,110.0,158.0,144.0
115977,246.0,213.0,151.0,152.0
115978,240.0,95.0,133.0,141.0
115979,271.0,271.0,152.0,156.0
115980,252.0,156.0,125.0,138.0
115981,238.0,102.0,119.0,122.0
115982,239.0,108.0,135.0,131.0
115983,268.0,121.0,146.0,159.0
115984,263.0,129.0,134.0,152.0
115985,245.0,130.0,135.0,157.0
115986,266.0,138.0,157.0,147.0
115987,262.0,105.0,159.0,144.0
115988,255.0,108.0,129.0,150.0
115989,241.0,83.0,143.0,130.0
115990,229.0,95.0,124.0,139.0
115991,231.0,109.0,136.0,124.0
115992,234.0,153.0,127.0,129.0
115993,253.0,126.0,149.0,135.0
115994,252.0,104.0,143.0,132.0
115995,240.0,128.0,125.0,126.0
115996,245.0,78.0,144.0,139.0
115997,270.0,156.0,142.0,147.0
115998,246.0,118.0,136.0,135.0
115999,247.0,111.0,141.0,141.0
116000,265.0,127.0,146.0,147.0
116001,258.0,139.0,134.0,147.0
116002,240.0,205.0,128.0,133.0
116003,239.0,70.0,130.0,127.0
116004,258.0,120.0,131.0,140.0
116005,261.0,131.0,149.0,144.0
116006,256.0,45.0,144.0,136.0
116007,263.0,123.0,163.0,144.0
116008,256.0,137.0,145.0,141.0
116009,233.0,135.0,138.0,125.0
116010,249.0,69.0,137.0,126.0
116011,227.0,119.0,135.0,117.0
116012,248.0,118.0,141.0,137.0
116013,232.0,199.0,124.0,135.0
116014,244.0,116.0,144.0,147.0
116015,256.0,95.0,139.0,138.0
116016,247.0,122.0,146.0,142.0
116017,228.0,139.0,135.0,137.0
116018,257.0,154.0,147.0,144.0
116019,249.0,214.0,142.0,146.0
116020,237.0,81.0,133.0,135.0
116021,254.0,102.0,137.0,148.0
116022,243.0,78.0,141.0,133.0
116023,235.0,109.0,139.0,121.0
116024,221.0,75.0,136.0,124.0
116025,250.0,121.0,136.0,140.0
116026,267.0,103.0,139.0,171.0
116027,260.0,100.0,146.0,152.0
116028,241.0,110.0,145.0,135.0
116029,237.0,118.0,137.0,145.0
116030,235.0,215.0,120.0,127.0
116031,238.0,102.0,125.0,134.0
116032,288.0,108.0,172.0,164.0
116033,230.0,113.0,136.0,133.0
116034,259.0,143.0,140.0,137.0
116035,245.0,67.0,126.0,138.0
116036,251.0,127.0,151.0,137.0
116037,239.0,92.0,131.0,147.0
116038,264.0,101.0,162.0,152.0
116039,244.0,98.0,147.0,151.0
116040,249.0,146.0,136.0,133.0
116041,248.0,126.0,131.0,141.0
116042,255.0,100.0,150.0,145.0
116043,224.0,73.0,130.0,136.0
116044,267.0,164.0,141.0,141.0
116045,245.0,150.0,134.0,139.0
116046,265.0,204.0,146.0,163.0
116047,253.0,116.0,160.0,146.0
116048,254.0,107.0,161.0,139.0
116049,257.0,140.0,140.0,136.0
116050,248.0,143.0,126.0,123.0
116051,244.0,129.0,142.0,143.0
116052,252.0,83.0,150.0,128.0
116053,229.0,91.0,142.0,126.0
116054,225.0,105.0,125.0,127.0
116055,272.0,87.0,144.0,146.0
116056,250.0,108.0,159.0,148.0
116057,238.0,120.0,120.0,127.0
116058,274.0,136.0,157.0,172.0
116059,250.0,128.0,147.0,146.0
116060,262.0,89.0,153.0,157.0
116061,249.0,168.0,148.0,153.0
116062,236.0,152.0,136.0,139.0
116063,260.0,169.0,141.0,153.0
116064,239.0,113.0,134.0,130.0
116065,251.0,119.0,134.0,140.0
116066,239.0,101.0,130.0,142.0
116067,280.0,110.0,158.0,171.0
116068,270.0,110.0,167.0,149.0
116069,252.0,107.0,131.0,145.0
116070,233.0,93.0,145.0,128.0
116071,236.0,114.0,131.0,138.0
116072,246.0,208.0,143.0,139.0
116073,275.0,145.0,161.0,158.0
116074,260.0,132.0,152.0,144.0
116075,255.0,135.0,131.0,139.0
116076,259.0,151.0,137.0,162.0
116077,238.0,103.0,131.0,130.0
116078,231.0,106.0,138.0,123.0
116079,237.0,44.0,137.0,140.0
116080,263.0,109.0,163.0,151.0
116081,228.0,103.0,135.0,136.0
116082,240.0,69.0,146.0,140.0
116083,250.0,102.0,139.0,138.0
116084,251.0,106.0,150.0,147.0
116085,251.0,137.0,146.0,140.0
116086,281.0,133.0,158.0,155.0
116087,288.0,99.0,171.0,161.0
116088,260.0,116.0,150.0,145.0
116089,245.0,100.0,139.0,134.0
116090,242.0,67.0,146.0,131.0
116091,273.0,113.0,132.0,158.0
116092,260.0,78.0,134.0,149.0
116093,258.0,107.0,153.0,138.0
116094,251.0,129.0,151.0,136.0
116095,250.0,101.0,120.0,149.0
116096,235.0,122.0,130.0,140.0
116097,268.0,167.0,151.0,150.0
116098,230.0,95.0,124.0,117.0
116099,257.0,82.0,144.0,150.0
116100,271.0,166.0,148.0,157.0
116101,247.0,82.0,140.0,154.0
116102,265.0,148.0,156.0,146.0
116103,230.0,75.0,129.0,128.0
116104,266.0,98.0,143.0,146.0
116105,245.0,108.0,129.0,141.0
116106,247.0,81.0,134.0,135.0
116107,232.0,116.0,119.0,134.0
116108,260.0,139.0,145.0,146.0
116109,237.0,127.0,130.0,126.0
116110,249.0,129.0,132.0,147.0
116111,259.0,80.0,157.0,153.0
116112,247.0,128.0,126.0,140.0
116113,247.0,97.0,154.0,145.0
116114,292.0,181.0,172.0,167.0
116115,258.0,115.0,145.0,155.0
116116,262.0,129.0,145.0,150.0
116117,267.0,114.0,140.0,138.0
116118,244.0,99.0,130.0,131.0
116119,261.0,101.0,153.0,149.0
116120,253.0,82.0,132.0,141.0
116121,258.0,135.0,147.0,132.0
116122,264.0,159.0,153.0,158.0
116123,243.0,139.0,139.0,124.0
116124,256.0,236.0,142.0,142.0
116125,225.0,106.0,119.0,139.0
116126,245.0,153.0,153.0,136.0
116127,232.0,152.0,129.0,119.0
116128,233.0,104.0,134.0,144.0
116129,252.0,166.0,130.0,153.0
116130,261.0,158.0,135.0,130.0
116131,257.0,150.0,136.0,141.0
116132,243.0,127.0,141.0,143.0
116133,261.0,135.0,142.0,155.0
116134,243.0,96.0,138.0,148.0
116135,239.0,128.0,140.0,137.0
116136,247.0,88.0,150.0,133.0
116137,254.0,107.0,134.0,145.0
116138,279.0,130.0,147.0,158.0
116139,282.0,122.0,160.0,153.0
116140,278.0,115.0,173.0,166.0
116141,226.0,142.0,121.0,137.0
116142,257.0,122.0,141.0,145.0
116143,241.0,122.0,129.0,136.0
116144,257.0,94.0,134.0,131.0
116145,257.0,92.0,142.0,146.0
116146,278.0,96.0,153.0,165.0
116147,239.0,51.0,143.0,132.0
116148,254.0,83.0,138.0,143.0
116149,230.0,133.0,126.0,124.0
116150,249.0,106.0,148.0,146.0
116151,238.0,74.0,141.0,132.0
116152,252.0,107.0,127.0,159.0
116153,256.0,104.0,139.0,145.0
116154,240.0,104.0,124.0,138.0
116155,223.0,100.0,125.0,125.0
116156,250.0,114.0,136.0,139.0
116157,275.0,182.0,158.0,167.0
116158,256.0,113.0,152.0,138.0
116159,256.0,94.0,140.0,148.0
116160,236.0,117.0,127.0,136.0
116161,251.0,113.0,148.0,139.0
116162,257.0,114.0,160.0,142.0
116163,228.0,73.0,130.0,145.0
116164,245.0,101.0,144.0,128.0
116165,261.0,49.0,148.0,150.0
116166,222.0,92.0,129.0,121.0
116167,234.0,90.0,136.0,136.0
116168,254.0,123.0,137.0,138.0
116169,265.0,233.0,148.0,135.0
116170,281.0,105.0,156.0,157.0
116171,244.0,83.0,149.0,151.0
116172,242.0,137.0,138.0,131.0
116173,253.0,100.0,135.0,153.0
116174,257.0,97.0,156.0,142.0
116175,259.0,99.0,146.0,153.0
116176,247.0,86.0,135.0,142.0
116177,238.0,97.0,135.0,141.0
116178,268.0,36.0,163.0,152.0
116179,246.0,101.0,143.0,154.0
116180,257.0,105.0,133.0,138.0
116181,241.0,74.0,136.0,133.0
116182,263.0,166.0,142.0,144.0
116183,231.0,88.0,132.0,112.0
116184,256.0,97.0,136.0,148.0
116185,247.0,108.0,140.0,138.0
116186,243.0,107.0,137.0,126.0
116187,225.0,120.0,123.0,134.0
116188,251.0,150.0,129.0,149.0
116189,253.0,110.0,141.0,121.0
116190,255.0,87.0,133.0,146.0
116191,237.0,91.0,138.0,144.0
116192,240.0,128.0,125.0,130.0
116193,251.0,98.0,140.0,144.0
116194,252.0,76.0,140.0,137.0
116195,248.0,82.0,146.0,149.0
116196,254.0,103.0,141.0,136.0
116197,239.0,54.0,140.0,128.0
116198,253.0,132.0,145.0,136.0
116199,244.0,243.0,130.0,144.0
116200,228.0,58.0,142.0,126.0
116201,255.0,181.0,141.0,132.0
116202,276.0,169.0,157.0,151.0
116203,240.0,114.0,139.0,132.0
116204,255.0,113.0,151.0,138.0
116205,265.0,154.0,140.0,153.0
116206,263.0,119.0,142.0,145.0
116207,268.0,238.0,151.0,160.0
116208,245.0,102.0,125.0,137.0
116209,253.0,124.0,136.0,148.0
116210,241.0,127.0,148.0,132.0
116211,248.0,118.0,140.0,135.0
116212,248.0,97.0,142.0,132.0
116213,243.0,137.0,147.0,140.0
116214,260.0,89.0,142.0,149.0
116215,250.0,119.0,134.0,163.0
116216,234.0,100.0,121.0,126.0
116217,231.0,110.0,123.0,129.0
116218,234.0,155.0,129.0,130.0
116219,268.0,137.0,158.0,142.0
116220,276.0,149.0,158.0,150.0
116221,242.0,78.0,145.0,132.0
116222,246.0,88.0,141.0,143.0
116223,269.0,119.0,161.0,159.0
116224,260.0,98.0,149.0,142.0
116225,242.0,95.0,138.0,133.0
116226,232.0,64.0,128.0,126.0
116227,221.0,111.0,113.0,121.0
116228,239.0,120.0,136.0,134.0
116229,259.0,84.0,149.0,150.0
116230,230.0,112.0,130.0,127.0
116231,266.0,139.0,150.0,141.0
116232,239.0,94.0,138.0,125.0
116233,260.0,113.0,143.0,147.0
116234,261.0,138.0,143.0,148.0
116235,264.0,132.0,143.0,140.0
116236,268.0,153.0,158.0,146.0
116237,257.0,130.0,139.0,141.0
116238,234.0,206.0,135.0,130.0
116239,242.0,127.0,130.0,122.0
116240,237.0,98.0,141.0,129.0
116241,285.0,93.0,159.0,159.0
116242,254.0,88.0,149.0,150.0
116243,264.0,106.0,145.0,160.0
116244,248.0,165.0,142.0,149.0
116245,249.0,88.0,133.0,144.0
116246,237.0,130.0,133.0,131.0
116247,240.0,92.0,135.0,121.0
116248,283.0,140.0,159.0,162.0
116249,248.0,214.0,148.0,126.0
116250,260.0,168.0,148.0,151.0
116251,242.0,130.0,144.0,137.0
116252,234.0,128.0,134.0,134.0
116253,234.0,112.0,131.0,126.0
116254,248.0,155.0,144.0,132.0
116255,235.0,111.0,122.0,123.0
116256,266.0,129.0,153.0,149.0
116257,265.0,131.0,146.0,161.0
116258,234.0,98.0,138.0,141.0
116259,227.0,192.0,107.0,119.0
116260,254.0,110.0,145.0,140.0
116261,263.0,112.0,136.0,152.0
116262,258.0,125.0,145.0,132.0
116263,246.0,156.0,133.0,145.0
116264,231.0,120.0,147.0,121.0
116265,254.0,95.0,147.0,142.0
116266,271.0,74.0,160.0,156.0
116267,256.0,161.0,132.0,146.0
116268,225.0,83.0,119.0,130.0
116269,254.0,111.0,144.0,133.0
116270,240.0,101.0,134.0,124.0
116271,274.0,239.0,160.0,168.0
116272,257.0,97.0,151.0,145.0
116273,255.0,162.0,143.0,148.0
116274,242.0,111.0,120.0,137.0
116275,268.0,104.0,146.0,147.0
116276,244.0,154.0,145.0,140.0
116277,243.0,124.0,140.0,140.0
116278,247.0,124.0,147.0,140.0
116279,258.0,134.0,141.0,143.0
116280,274.0,112.0,162.0,153.0
116281,230.0,83.0,136.0,126.0
116282,216.0,105.0,111.0,121.0
116283,254.0,96.0,158.0,139.0
116284,228.0,124.0,137.0,131.0
116285,239.0,90.0,145.0,130.0
116286,260.0,97.0,148.0,145.0
116287,256.0,120.0,142.0,141.0
116288,226.0,92.0,121.0,133.0
116289,257.0,110.0,148.0,143.0
116290,266.0,99.0,155.0,130.0
116291,237.0,52.0,138.0,143.0
116292,251.0,138.0,143.0,139.0
116293,240.0,88.0,121.0,133.0
116294,241.0,106.0,131.0,138.0
116295,260.0,129.0,149.0,145.0
116296,254.0,89.0,132.0,138.0
116297,270.0,88.0,151.0,162.0
116298,268.0,102.0,133.0,151.0
116299,222.0,109.0,115.0,133.0
116300,265.0,145.0,150.0,140.0
116301,245.0,115.0,147.0,139.0
116302,259.0,117.0,137.0,140.0
116303,249.0,70.0,140.0,138.0
116304,226.0,130.0,109.0,124.0
116305,238.0,62.0,136.0,138.0
116306,255.0,97.0,151.0,138.0
116307,260.0,86.0,157.0,141.0
116308,243.0,96.0,125.0,131.0
116309,236.0,106.0,135.0,125.0
116310,249.0,129.0,152.0,137.0
116311,255.0,105.0,139.0,137.0
116312,253.0,106.0,146.0,139.0
116313,262.0,131.0,139.0,149.0
116314,250.0,106.0,143.0,159.0
116315,261.0,171.0,154.0,145.0
116316,259.0,94.0,138.0,143.0
116317,234.0,71.0,147.0,132.0
116318,233.0,87.0,118.0,134.0
116319,254.0,131.0,127.0,147.0
116320,246.0,119.0,137.0,149.0
116321,259.0,83.0,134.0,148.0
116322,255.0,131.0,145.0,139.0
116323,250.0,222.0,149.0,132.0
116324,243.0,95.0,131.0,124.0
116325,239.0,112.0,132.0,134.0
116326,255.0,145.0,134.0,151.0
116327,262.0,146.0,148.0,146.0
116328,255.0,170.0,139.0,136.0
116329,259.0,116.0,134.0,149.0
116330,251.0,95.0,142.0,132.0
116331,254.0,105.0,138.0,158.0
116332,215.0,84.0,112.0,103.0
116333,277.0,90.0,171.0,159.0
116334,242.0,122.0,135.0,130.0
116335,239.0,109.0,154.0,125.0
116336,280.0,97.0,149.0,159.0
116337,263.0,143.0,140.0,151.0
116338,232.0,86.0,129.0,133.0
116339,246.0,65.0,129.0,142.0
116340,235.0,125.0,120.0,142.0
116341,237.0,110.0,137.0,128.0
116342,238.0,128.0,138.0,134.0
116343,250.0,78.0,143.0,159.0
116344,235.0,55.0,154.0,133.0
116345,268.0,121.0,137.0,148.0
116346,277.0,96.0,154.0,170.0
116347,220.0,164.0,129.0,120.0
116348,268.0,221.0,143.0,144.0
116349,230.0,82.0,146.0,134.0
116350,232.0,97.0,119.0,133.0
116351,244.0,122.0,142.0,137.0
116352,235.0,122.0,134.0,131.0
116353,241.0,117.0,144.0,138.0
116354,241.0,97.0,133.0,122.0
116355,251.0,204.0,146.0,144.0
116356,242.0,121.0,138.0,134.0
116357,274.0,140.0,144.0,163.0
116358,267.0,153.0,155.0,139.0
116359,235.0,86.0,134.0,128.0
116360,242.0,105.0,139.0,146.0
116361,235.0,116.0,125.0,132.0
116362,233.0,138.0,135.0,117.0
116363,243.0,103.0,141.0,130.0
116364,260.0,81.0,130.0,154.0
116365,239.0,98.0,148.0,141.0
116366,254.0,128.0,161.0,149.0
116367,268.0,141.0,142.0,152.0
116368,230.0,98.0,126.0,145.0
116369,243.0,118.0,129.0,138.0
116370,257.0,125.0,155.0,133.0
116371,277.0,127.0,160.0,148.0
116372,250.0,117.0,132.0,140.0
116373,262.0,106.0,152.0,145.0
116374,247.0,98.0,141.0,147.0
116375,245.0,128.0,148.0,139.0
116376,262.0,103.0,156.0,156.0
116377,228.0,114.0,121.0,124.0
116378,239.0,118.0,126.0,139.0
116379,256.0,90.0,151.0,124.0
116380,241.0,72.0,138.0,116.0
116381,268.0,135.0,159.0,144.0
116382,248.0,110.0,152.0,135.0
116383,237.0,118.0,147.0,132.0
116384,275.0,121.0,165.0,157.0
116385,279.0,151.0,161.0,162.0
116386,243.0,115.0,123.0,130.0
116387,239.0,89.0,131.0,122.0
116388,276.0,108.0,140.0,156.0
116389,244.0,101.0,140.0,140.0
116390,235.0,122.0,123.0,121.0
116391,249.0,127.0,136.0,133.0
116392,230.0,97.0,137.0,125.0
116393,246.0,101.0,145.0,136.0
116394,238.0,134.0,132.0,145.0
116395,251.0,155.0,131.0,146.0
116396,257.0,50.0,161.0,150.0
116397,237.0,96.0,132.0,148.0
116398,233.0,120.0,110.0,141.0
116399,258.0,120.0,143.0,140.0
116400,246.0,114.0,138.0,131.0
116401,238.0,116.0,138.0,140.0
116402,243.0,82.0,136.0,129.0
116403,243.0,82.0,136.0,143.0
116404,259.0,159.0,143.0,147.0
116405,244.0,147.0,120.0,133.0
116406,247.0,144.0,127.0,144.0
116407,263.0,141.0,156.0,151.0
116408,241.0,112.0,128.0,148.0
116409,258.0,156.0,141.0,147.0
116410,255.0,115.0,145.0,131.0
116411,255.0,241.0,143.0,146.0
116412,262.0,160.0,137.0,149.0
116413,235.0,79.0,124.0,147.0
116414,253.0,117.0,141.0,132.0
116415,238.0,105.0,124.0,130.0
116416,250.0,96.0,156.0,132.0
116417,255.0,101.0,137.0,149.0
116418,259.0,107.0,147.0,146.0
116419,289.0,243.0,191.0,162.0
116420,262.0,110.0,152.0,136.0
116421,270.0,161.0,140.0,161.0
116422,242.0,99.0,139.0,140.0
116423,235.0,106.0,145.0,138.0
116424,257.0,140.0,149.0,138.0
116425,247.0,198.0,134.0,150.0
116426,273.0,109.0,149.0,162.0
116427,241.0,136.0,123.0,138.0
116428,247.0,109.0,135.0,155.0
116429,237.0,109.0,124.0,129.0
116430,239.0,71.0,124.0,133.0
116431,240.0,106.0,130.0,128.0
116432,235.0,80.0,126.0,122.0
116433,267.0,94.0,154.0,164.0
116434,236.0,103.0,127.0,135.0
116435,257.0,255.0,142.0,143.0
116436,236.0,97.0,126.0,134.0
116437,269.0,104.0,147.0,137.0
116438,255.0,101.0,132.0,148.0
116439,250.0,210.0,139.0,161.0
116440,238.0,209.0,133.0,132.0
116441,247.0,72.0,146.0,126.0
116442,259.0,100.0,147.0,148.0
116443,235.0,93.0,135.0,138.0
116444,228.0,157.0,129.0,124.0
116445,253.0,190.0,132.0,140.0
116446,215.0,95.0,130.0,129.0
116447,248.0,116.0,155.0,140.0
116448,223.0,113.0,109.0,129.0
116449,236.0,105.0,136.0,129.0
116450,243.0,113.0,145.0,142.0
116451,265.0,104.0,141.0,143.0
116452,224.0,105.0,128.0,122.0
116453,254.0,112.0,142.0,142.0
116454,218.0,109.0,118.0,124.0
116455,262.0,161.0,147.0,143.0
116456,257.0,79.0,158.0,138.0
116457,228.0,136.0,130.0,126.0
116458,245.0,146.0,143.0,140.0
116459,221.0,110.0,116.0,136.0
116460,237.0,140.0,120.0,151.0
116461,253.0,106.0,149.0,151.0
116462,234.0,136.0,121.0,131.0
116463,238.0,101.0,121.0,127.0
116464,258.0,96.0,148.0,156.0
116465,238.0,116.0,131.0,125.0
116466,275.0,132.0,160.0,152.0
116467,264.0,97.0,156.0,162.0
116468,249.0,120.0,154.0,145.0
116469,252.0,128.0,138.0,144.0
116470,255.0,93.0,141.0,150.0
116471,233.0,151.0,123.0,137.0
116472,242.0,134.0,130.0,123.0
116473,239.0,138.0,133.0,130.0
116474,257.0,89.0,144.0,132.0
116475,262.0,70.0,153.0,141.0
116476,227.0,91.0,123.0,125.0
116477,252.0,116.0,123.0,153.0
116478,262.0,114.0,149.0,149.0
116479,234.0,168.0,119.0,128.0
116480,264.0,90.0,168.0,159.0
116481,257.0,160.0,151.0,150.0
116482,266.0,188.0,146.0,156.0
116483,226.0,89.0,126.0,122.0
116484,224.0,94.0,129.0,128.0
116485,220.0,119.0,121.0,124.0
116486,228.0,106.0,141.0,127.0
116487,241.0,64.0,131.0,129.0
116488,246.0,67.0,119.0,138.0
116489,277.0,123.0,165.0,149.0
116490,258.0,105.0,160.0,143.0
116491,257.0,118.0,159.0,146.0
116492,230.0,79.0,128.0,128.0
116493,252.0,143.0,131.0,133.0
116494,253.0,135.0,141.0,143.0
116495,247.0,90.0,141.0,135.0
116496,247.0,112.0,151.0,141.0
116497,236.0,109.0,134.0,129.0
116498,240.0,130.0,139.0,139.0
116499,244.0,114.0,140.0,129.0
116500,248.0,95.0,145.0,146.0
116501,242.0,82.0,137.0,144.0
116502,250.0,95.0,147.0,137.0
116503,249.0,94.0,155.0,140.0
116504,251.0,100.0,140.0,162.0
116505,258.0,124.0,136.0,142.0
116506,238.0,95.0,125.0,129.0
116507,240.0,83.0,137.0,134.0
116508,271.0,95.0,159.0,147.0
116509,249.0,119.0,136.0,137.0
116510,237.0,73.0,132.0,139.0
116511,250.0,100.0,143.0,139.0
116512,233.0,196.0,126.0,134.0
116513,235.0,46.0,135.0,149.0
116514,233.0,121.0,119.0,130.0
116515,243.0,94.0,138.0,148.0
116516,266.0,118.0,156.0,147.0
116517,266.0,61.0,156.0,149.0
116518,250.0,105.0,149.0,134.0
116519,239.0,203.0,137.0,140.0
116520,230.0,64.0,138.0,144.0
116521,253.0,102.0,136.0,158.0
116522,249.0,158.0,138.0,149.0
116523,254.0,110.0,135.0,136.0
116524,254.0,104.0,132.0,135.0
116525,241.0,125.0,128.0,150.0
116526,240.0,92.0,134.0,146.0
116527,224.0,119.0,121.0,129.0
116528,240.0,88.0,137.0,129.0
116529,254.0,59.0,143.0,147.0
116530,243.0,158.0,120.0,135.0
116531,270.0,81.0,155.0,156.0
116532,244.0,130.0,126.0,148.0
116533,260.0,104.0,153.0,147.0
116534,248.0,167.0,148.0,121.0
116535,250.0,105.0,137.0,139.0
116536,251.0,57.0,143.0,142.0
116537,243.0,96.0,141.0,140.0
116538,244.0,124.0,148.0,130.0
116539,250.0,236.0,139.0,147.0
116540,264.0,122.0,161.0,144.0
116541,247.0,101.0,124.0,146.0
116542,261.0,113.0,160.0,132.0
116543,256.0,150.0,151.0,141.0
116544,283.0,131.0,174.0,142.0
116545,220.0,46.0,124.0,127.0
116546,239.0,73.0,132.0,147.0
116547,273.0,139.0,152.0,156.0
116548,267.0,134.0,146.0,145.0
116549,246.0,128.0,141.0,145.0
116550,250.0,117.0,145.0,131.0
116551,260.0,123.0,165.0,145.0
116552,234.0,154.0,133.0,145.0
116553,277.0,83.0,150.0,143.0
116554,248.0,108.0,138.0,147.0
116555,218.0,94.0,130.0,121.0
116556,250.0,187.0,133.0,146.0
116557,264.0,130.0,153.0,141.0
116558,254.0,114.0,142.0,130.0
116559,228.0,79.0,137.0,138.0
116560,231.0,98.0,130.0,122.0
116561,260.0,185.0,124.0,143.0
116562,249.0,138.0,157.0,141.0
116563,268.0,154.0,166.0,157.0
116564,239.0,98.0,137.0,128.0
116565,269.0,161.0,137.0,163.0
116566,235.0,141.0,140.0,145.0
116567,283.0,148.0,171.0,147.0
116568,248.0,149.0,124.0,125.0
116569,255.0,153.0,140.0,133.0
116570,267.0,196.0,156.0,155.0
116571,249.0,133.0,139.0,129.0
116572,233.0,102.0,130.0,140.0
116573,247.0,78.0,127.0,142.0
116574,241.0,105.0,122.0,140.0
116575,275.0,129.0,157.0,151.0
116576,228.0,103.0,123.0,117.0
116577,247.0,103.0,154.0,138.0
116578,248.0,121.0,142.0,139.0
116579,225.0,192.0,135.0,121.0
116580,267.0,96.0,166.0,142.0
116581,271.0,76.0,156.0,155.0
116582,231.0,87.0,136.0,123.0
116583,260.0,132.0,143.0,135.0
116584,269.0,114.0,131.0,142.0
116585,284.0,142.0,159.0,156.0
116586,243.0,117.0,137.0,130.0
116587,252.0,230.0,155.0,147.0
116588,253.0,106.0,145.0,146.0
116589,220.0,65.0,129.0,121.0
116590,255.0,97.0,145.0,137.0
116591,266.0,103.0,156.0,133.0
116592,248.0,89.0,134.0,132.0
116593,239.0,131.0,140.0,133.0
116594,252.0,92.0,151.0,152.0
116595,245.0,156.0,139.0,140.0
116596,250.0,126.0,140.0,133.0
116597,233.0,162.0,136.0,122.0
116598,229.0,201.0,117.0,135.0
116599,213.0,90.0,117.0,118.0
116600,244.0,118.0,139.0,133.0
116601,253.0,107.0,149.0,127.0
116602,246.0,98.0,149.0,126.0
116603,231.0,82.0,139.0,131.0
116604,286.0,241.0,168.0,150.0
116605,249.0,143.0,129.0,137.0
116606,247.0,145.0,153.0,132.0
116607,247.0,141.0,140.0,142.0
116608,248.0,102.0,128.0,144.0
116609,243.0,115.0,143.0,124.0
116610,214.0,93.0,112.0,116.0
116611,257.0,120.0,148.0,157.0
116612,244.0,136.0,132.0,138.0
116613,250.0,89.0,144.0,131.0
116614,249.0,87.0,142.0,146.0
116615,243.0,99.0,151.0,139.0
116616,242.0,85.0,133.0,125.0
116617,241.0,94.0,144.0,132.0
116618,245.0,117.0,134.0,128.0
116619,230.0,75.0,133.0,135.0
116620,244.0,158.0,138.0,135.0
116621,270.0,125.0,153.0,161.0
116622,242.0,117.0,137.0,135.0
116623,226.0,89.0,134.0,133.0
116624,223.0,80.0,141.0,117.0
116625,251.0,146.0,153.0,137.0
116626,246.0,198.0,153.0,139.0
116627,223.0,87.0,131.0,125.0
116628,249.0,79.0,144.0,131.0
116629,256.0,73.0,145.0,140.0
116630,240.0,95.0,122.0,140.0
116631,242.0,183.0,128.0,141.0
116632,229.0,94.0,135.0,129.0
116633,242.0,103.0,129.0,133.0
116634,248.0,135.0,136.0,154.0
116635,242.0,80.0,150.0,150.0
116636,263.0,85.0,155.0,141.0
116637,254.0,153.0,146.0,134.0
116638,232.0,103.0,123.0,128.0
116639,248.0,98.0,149.0,142.0
116640,260.0,136.0,142.0,127.0
116641,227.0,74.0,131.0,131.0
116642,257.0,157.0,139.0,137.0
116643,259.0,136.0,127.0,137.0
116644,251.0,125.0,143.0,148.0
116645,233.0,89.0,136.0,112.0
116646,249.0,133.0,138.0,146.0
116647,258.0,106.0,124.0,137.0
116648,226.0,99.0,127.0,127.0
116649,228.0,78.0,123.0,129.0
116650,242.0,101.0,114.0,134.0
116651,265.0,142.0,137.0,148.0
116652,262.0,76.0,154.0,151.0
116653,262.0,82.0,145.0,146.0
116654,252.0,115.0,141.0,130.0
116655,252.0,126.0,149.0,144.0
116656,235.0,111.0,134.0,134.0
116657,272.0,138.0,148.0,149.0
116658,232.0,129.0,131.0,138.0
116659,251.0,110.0,138.0,132.0
116660,277.0,171.0,162.0,166.0
116661,262.0,122.0,165.0,156.0
116662,259.0,151.0,148.0,149.0
116663,251.0,113.0,141.0,150.0
116664,238.0,130.0,135.0,132.0
116665,261.0,136.0,151.0,127.0
116666,247.0,121.0,147.0,134.0
116667,244.0,107.0,121.0,138.0
116668,238.0,95.0,137.0,130.0
116669,247.0,172.0,137.0,148.0
116670,237.0,204.0,133.0,140.0
116671,266.0,124.0,158.0,155.0
116672,244.0,110.0,136.0,153.0
116673,232.0,75.0,127.0,136.0
116674,234.0,114.0,130.0,141.0
116675,255.0,108.0,142.0,148.0
116676,239.0,185.0,130.0,129.0
116677,263.0,87.0,136.0,144.0
116678,271.0,101.0,165.0,145.0
116679,223.0,112.0,116.0,108.0
116680,246.0,97.0,138.0,135.0
116681,250.0,154.0,141.0,131.0
116682,258.0,152.0,147.0,151.0
116683,260.0,115.0,142.0,166.0
116684,267.0,123.0,155.0,156.0
116685,240.0,127.0,141.0,139.0
116686,237.0,91.0,140.0,134.0
116687,256.0,116.0,128.0,157.0
116688,233.0,77.0,129.0,128.0
116689,245.0,114.0,140.0,137.0
116690,249.0,28.0,135.0,141.0
116691,234.0,119.0,119.0,127.0
116692,240.0,110.0,133.0,124.0
116693,240.0,132.0,142.0,134.0
116694,251.0,106.0,139.0,151.0
116695,220.0,178.0,128.0,127.0
116696,239.0,102.0,122.0,130.0
116697,259.0,160.0,147.0,150.0
116698,253.0,154.0,135.0,149.0
116699,252.0,58.0,139.0,136.0
116700,252.0,93.0,143.0,149.0
116701,278.0,112.0,166.0,138.0
116702,249.0,221.0,149.0,134.0
116703,248.0,124.0,135.0,137.0
116704,247.0,145.0,128.0,133.0
116705,241.0,76.0,129.0,140.0
116706,246.0,180.0,131.0,124.0
116707,264.0,125.0,154.0,143.0
116708,257.0,84.0,141.0,129.0
116709,251.0,85.0,139.0,136.0
116710,258.0,130.0,143.0,147.0
116711,262.0,117.0,145.0,142.0
116712,257.0,95.0,140.0,143.0
116713,243.0,117.0,140.0,130.0
116714,247.0,119.0,126.0,130.0
116715,257.0,96.0,139.0,156.0
116716,265.0,142.0,139.0,153.0
116717,269.0,118.0,150.0,154.0
116718,270.0,89.0,152.0,147.0
116719,284.0,119.0,147.0,162.0
116720,243.0,129.0,148.0,131.0
116721,250.0,150.0,123.0,125.0
116722,230.0,141.0,131.0,133.0
116723,250.0,116.0,123.0,129.0
116724,264.0,112.0,146.0,154.0
116725,251.0,168.0,135.0,138.0
116726,253.0,118.0,118.0,154.0
116727,232.0,122.0,123.0,123.0
116728,249.0,162.0,138.0,130.0
116729,264.0,153.0,157.0,151.0
116730,269.0,104.0,141.0,152.0
116731,244.0,129.0,138.0,117.0
116732,258.0,165.0,139.0,148.0
116733,232.0,85.0,127.0,129.0
116734,266.0,145.0,155.0,150.0
116735,278.0,101.0,141.0,148.0
116736,240.0,136.0,139.0,132.0
116737,222.0,127.0,124.0,132.0
116738,265.0,105.0,149.0,144.0
116739,239.0,134.0,124.0,132.0
116740,253.0,138.0,135.0,151.0
116741,232.0,226.0,132.0,147.0
116742,242.0,141.0,141.0,125.0
116743,226.0,130.0,134.0,119.0
116744,243.0,90.0,125.0,128.0
116745,251.0,120.0,151.0,145.0
116746,273.0,159.0,153.0,150.0
116747,274.0,88.0,170.0,155.0
116748,240.0,87.0,139.0,130.0
116749,263.0,174.0,141.0,142.0
116750,257.0,110.0,149.0,140.0
116751,261.0,120.0,157.0,159.0
116752,238.0,72.0,127.0,138.0
116753,239.0,76.0,139.0,131.0
116754,246.0,112.0,132.0,140.0
116755,244.0,125.0,135.0,143.0
116756,244.0,133.0,145.0,142.0
116757,261.0,168.0,141.0,138.0
116758,244.0,68.0,142.0,130.0
116759,264.0,99.0,140.0,127.0
116760,259.0,65.0,138.0,150.0
116761,250.0,109.0,146.0,140.0
116762,227.0,88.0,133.0,122.0
116763,277.0,165.0,146.0,148.0
116764,254.0,152.0,130.0,154.0
116765,264.0,120.0,156.0,158.0
116766,251.0,80.0,123.0,143.0
116767,229.0,198.0,131.0,131.0
116768,226.0,67.0,133.0,120.0
116769,242.0,96.0,147.0,120.0
116770,264.0,132.0,148.0,144.0
116771,268.0,84.0,166.0,153.0
116772,249.0,128.0,149.0,134.0
116773,266.0,172.0,144.0,147.0
116774,246.0,86.0,136.0,148.0
116775,236.0,83.0,141.0,138.0
116776,245.0,88.0,127.0,126.0
116777,238.0,115.0,136.0,135.0
116778,244.0,79.0,122.0,123.0
116779,236.0,92.0,129.0,141.0
116780,239.0,94.0,129.0,134.0
116781,233.0,90.0,141.0,125.0
116782,228.0,125.0,131.0,123.0
116783,224.0,68.0,131.0,119.0
116784,256.0,126.0,157.0,155.0
116785,238.0,118.0,123.0,133.0
116786,237.0,119.0,134.0,140.0
116787,257.0,124.0,146.0,149.0
116788,243.0,91.0,138.0,145.0
116789,257.0,61.0,156.0,141.0
116790,245.0,161.0,127.0,138.0
116791,247.0,101.0,142.0,130.0
116792,233.0,106.0,128.0,132.0
116793,263.0,159.0,157.0,154.0
116794,236.0,90.0,131.0,127.0
116795,235.0,168.0,129.0,135.0
116796,265.0,76.0,163.0,165.0
116797,253.0,127.0,125.0,141.0
116798,238.0,132.0,138.0,125.0
116799,253.0,111.0,148.0,135.0
116800,239.0,139.0,128.0,137.0
116801,230.0,219.0,133.0,140.0
116802,242.0,148.0,130.0,124.0
116803,247.0,100.0,144.0,138.0
116804,270.0,121.0,154.0,159.0
116805,244.0,112.0,141.0,125.0
116806,232.0,189.0,142.0,126.0
116807,249.0,121.0,143.0,147.0
116808,244.0,117.0,127.0,131.0
116809,244.0,88.0,129.0,152.0
116810,252.0,115.0,122.0,138.0
116811,253.0,127.0,139.0,155.0
116812,269.0,121.0,161.0,159.0
116813,252.0,148.0,142.0,150.0
116814,247.0,56.0,145.0,153.0
116815,241.0,127.0,145.0,140.0
116816,256.0,127.0,145.0,134.0
116817,241.0,115.0,136.0,131.0
116818,253.0,130.0,150.0,134.0
116819,250.0,110.0,131.0,144.0
116820,258.0,106.0,151.0,142.0
116821,248.0,82.0,133.0,136.0
116822,227.0,100.0,119.0,125.0
116823,257.0,111.0,143.0,135.0
116824,238.0,201.0,138.0,141.0
116825,263.0,101.0,154.0,131.0
116826,262.0,170.0,139.0,146.0
116827,244.0,121.0,131.0,135.0
116828,259.0,157.0,143.0,146.0
116829,273.0,156.0,164.0,154.0
116830,234.0,138.0,137.0,128.0
116831,245.0,100.0,131.0,134.0
116832,263.0,90.0,132.0,157.0
116833,230.0,115.0,129.0,126.0
116834,276.0,232.0,153.0,146.0
116835,256.0,165.0,141.0,141.0
116836,233.0,101.0,130.0,131.0
116837,249.0,129.0,135.0,145.0
116838,252.0,103.0,140.0,131.0
116839,260.0,110.0,136.0,124.0
116840,259.0,148.0,129.0,148.0
116841,219.0,137.0,116.0,124.0
116842,243.0,125.0,136.0,147.0
116843,252.0,121.0,140.0,141.0
116844,249.0,163.0,133.0,140.0
116845,270.0,118.0,155.0,173.0
116846,256.0,115.0,144.0,132.0
116847,264.0,138.0,140.0,159.0
116848,240.0,117.0,116.0,146.0
116849,266.0,157.0,158.0,136.0
116850,252.0,94.0,139.0,140.0
116851,237.0,82.0,117.0,136.0
116852,273.0,120.0,163.0,161.0
116853,253.0,130.0,123.0,150.0
116854,249.0,145.0,134.0,136.0
116855,256.0,150.0,130.0,149.0
116856,245.0,88.0,139.0,141.0
116857,256.0,118.0,146.0,141.0
116858,242.0,56.0,116.0,148.0
116859,248.0,228.0,141.0,123.0
116860,255.0,105.0,151.0,151.0
116861,237.0,82.0,122.0,133.0
116862,265.0,89.0,163.0,143.0
116863,268.0,113.0,173.0,159.0
116864,259.0,85.0,130.0,147.0
116865,242.0,129.0,142.0,141.0
116866,256.0,149.0,141.0,155.0
116867,241.0,136.0,122.0,134.0
116868,238.0,93.0,129.0,133.0
116869,284.0,105.0,169.0,153.0
116870,253.0,91.0,148.0,125.0
116871,256.0,163.0,138.0,151.0
116872,243.0,119.0,127.0,142.0
116873,243.0,177.0,144.0,144.0
116874,254.0,111.0,140.0,161.0
116875,244.0,140.0,133.0,140.0
116876,256.0,125.0,139.0,135.0
116877,236.0,119.0,138.0,138.0
116878,272.0,135.0,168.0,143.0
116879,268.0,108.0,144.0,152.0
116880,247.0,51.0,144.0,137.0
116881,244.0,190.0,138.0,144.0
116882,248.0,113.0,151.0,130.0
116883,231.0,158.0,128.0,137.0
116884,256.0,109.0,124.0,142.0
116885,249.0,144.0,149.0,132.0
116886,249.0,104.0,138.0,150.0
116887,266.0,81.0,149.0,158.0
116888,259.0,103.0,139.0,154.0
116889,245.0,89.0,135.0,148.0
116890,269.0,136.0,144.0,156.0
116891,262.0,105.0,141.0,151.0
116892,268.0,104.0,150.0,147.0
116893,264.0,132.0,153.0,148.0
116894,229.0,80.0,123.0,129.0
116895,243.0,106.0,134.0,136.0
116896,257.0,113.0,141.0,145.0
116897,269.0,142.0,149.0,143.0
116898,280.0,126.0,170.0,153.0
116899,241.0,72.0,151.0,138.0
116900,247.0,98.0,139.0,152.0
116901,245.0,145.0,147.0,151.0
116902,231.0,75.0,126.0,135.0
116903,277.0,133.0,164.0,147.0
116904,226.0,75.0,121.0,115.0
116905,215.0,74.0,136.0,127.0
116906,246.0,135.0,138.0,130.0
116907,258.0,108.0,138.0,146.0
116908,288.0,93.0,171.0,165.0
116909,258.0,116.0,125.0,153.0
116910,233.0,101.0,147.0,128.0
116911,243.0,122.0,123.0,145.0
116912,232.0,117.0,131.0,122.0
116913,264.0,137.0,144.0,155.0
116914,257.0,119.0,141.0,157.0
116915,249.0,105.0,131.0,153.0
116916,252.0,71.0,131.0,131.0
116917,265.0,98.0,137.0,151.0
116918,249.0,113.0,146.0,140.0
116919,230.0,69.0,139.0,136.0
116920,238.0,118.0,137.0,136.0
116921,277.0,115.0,161.0,158.0
116922,252.0,151.0,123.0,133.0
116923,255.0,101.0,142.0,149.0
116924,228.0,104.0,134.0,123.0
116925,266.0,121.0,150.0,151.0
116926,235.0,98.0,124.0,123.0
116927,262.0,115.0,144.0,144.0
116928,260.0,121.0,153.0,154.0
116929,252.0,119.0,144.0,143.0
116930,234.0,75.0,131.0,129.0
116931,223.0,113.0,128.0,123.0
116932,235.0,123.0,141.0,121.0
116933,264.0,78.0,160.0,168.0
116934,268.0,115.0,146.0,148.0
116935,291.0,102.0,172.0,149.0
116936,236.0,87.0,122.0,141.0
116937,244.0,96.0,130.0,145.0
116938,279.0,278.0,160.0,167.0
116939,241.0,149.0,143.0,154.0
116940,249.0,87.0,156.0,147.0
116941,249.0,149.0,141.0,137.0
116942,262.0,110.0,155.0,145.0
116943,246.0,99.0,137.0,143.0
116944,238.0,128.0,122.0,143.0
116945,277.0,90.0,156.0,155.0
116946,251.0,90.0,133.0,156.0
116947,248.0,144.0,138.0,148.0
116948,228.0,89.0,121.0,118.0
116949,249.0,141.0,125.0,144.0
116950,239.0,152.0,144.0,139.0
116951,239.0,104.0,139.0,131.0
116952,238.0,127.0,137.0,133.0
116953,263.0,99.0,152.0,137.0
116954,256.0,75.0,132.0,149.0
116955,231.0,87.0,128.0,133.0
116956,222.0,116.0,127.0,131.0
116957,248.0,94.0,127.0,139.0
116958,238.0,140.0,131.0,128.0
116959,247.0,52.0,128.0,132.0
116960,251.0,169.0,135.0,139.0
116961,264.0,88.0,142.0,147.0
116962,245.0,79.0,158.0,133.0
116963,242.0,108.0,132.0,121.0
116964,286.0,142.0,159.0,165.0
116965,255.0,114.0,144.0,149.0
116966,236.0,70.0,130.0,127.0
116967,239.0,89.0,132.0,136.0
116968,236.0,117.0,140.0,133.0
116969,250.0,136.0,148.0,136.0
116970,255.0,107.0,132.0,162.0
116971,224.0,91.0,138.0,137.0
116972,239.0,80.0,135.0,136.0
116973,267.0,125.0,146.0,151.0
116974,227.0,76.0,126.0,132.0
116975,285.0,123.0,151.0,175.0
116976,224.0,109.0,134.0,140.0
116977,249.0,124.0,139.0,143.0
116978,248.0,64.0,143.0,142.0
116979,251.0,148.0,131.0,137.0
116980,264.0,173.0,135.0,151.0
116981,269.0,63.0,157.0,156.0
116982,257.0,130.0,149.0,126.0
116983,265.0,90.0,163.0,143.0
116984,237.0,50.0,140.0,136.0
116985,226.0,51.0,123.0,134.0
116986,232.0,193.0,135.0,130.0
116987,242.0,74.0,137.0,134.0
116988,231.0,141.0,131.0,132.0
116989,223.0,121.0,130.0,121.0
116990,209.0,96.0,116.0,120.0
116991,240.0,123.0,129.0,153.0
116992,241.0,103.0,142.0,154.0
116993,257.0,83.0,138.0,134.0
116994,238.0,89.0,137.0,129.0
116995,246.0,184.0,152.0,140.0
116996,264.0,132.0,144.0,143.0
116997,257.0,90.0,145.0,136.0
116998,273.0,170.0,145.0,150.0
116999,247.0,114.0,139.0,143.0
117000,270.0,98.0,153.0,144.0
117001,256.0,126.0,155.0,148.0
117002,267.0,121.0,150.0,148.0
117003,233.0,100.0,122.0,137.0
117004,253.0,136.0,118.0,164.0
117005,250.0,133.0,128.0,135.0
117006,260.0,169.0,156.0,151.0
117007,266.0,126.0,155.0,149.0
117008,247.0,119.0,137.0,133.0
117009,230.0,92.0,137.0,117.0
117010,267.0,136.0,156.0,157.0
117011,255.0,83.0,151.0,159.0
117012,266.0,131.0,138.0,151.0
117013,235.0,109.0,134.0,136.0
117014,286.0,142.0,157.0,151.0
117015,262.0,73.0,149.0,146.0
117016,268.0,120.0,151.0,148.0
117017,246.0,145.0,128.0,123.0
117018,268.0,234.0,149.0,153.0
117019,242.0,126.0,146.0,133.0
117020,273.0,233.0,161.0,143.0
117021,251.0,204.0,140.0,131.0
117022,263.0,121.0,140.0,153.0
117023,277.0,173.0,159.0,150.0
117024,259.0,109.0,125.0,144.0
117025,264.0,115.0,150.0,145.0
117026,248.0,92.0,151.0,150.0
117027,249.0,110.0,152.0,143.0
117028,261.0,112.0,131.0,149.0
117029,259.0,93.0,150.0,131.0
117030,263.0,120.0,136.0,156.0
117031,234.0,106.0,135.0,121.0
117032,257.0,145.0,154.0,143.0
117033,238.0,64.0,138.0,137.0
117034,270.0,134.0,150.0,153.0
117035,231.0,68.0,128.0,127.0
117036,267.0,119.0,143.0,155.0
117037,232.0,104.0,130.0,124.0
117038,255.0,142.0,140.0,137.0
117039,276.0,150.0,148.0,153.0
117040,248.0,100.0,134.0,133.0
117041,230.0,107.0,126.0,104.0
117042,256.0,106.0,131.0,138.0
117043,254.0,98.0,160.0,142.0
117044,253.0,108.0,142.0,138.0
117045,250.0,99.0,141.0,151.0
117046,247.0,138.0,134.0,130.0
117047,245.0,204.0,115.0,149.0
117048,250.0,132.0,147.0,140.0
117049,249.0,104.0,131.0,138.0
117050,257.0,127.0,126.0,155.0
117051,243.0,99.0,141.0,136.0
117052,259.0,136.0,157.0,148.0
117053,258.0,101.0,156.0,151.0
117054,255.0,94.0,129.0,154.0
117055,242.0,120.0,131.0,122.0
117056,260.0,222.0,165.0,149.0
117057,234.0,132.0,146.0,133.0
117058,268.0,69.0,156.0,164.0
117059,241.0,118.0,134.0,133.0
117060,247.0,100.0,147.0,134.0
117061,248.0,99.0,141.0,147.0
117062,247.0,105.0,145.0,130.0
117063,252.0,120.0,134.0,150.0
117064,249.0,69.0,145.0,148.0
117065,247.0,72.0,144.0,149.0
117066,256.0,114.0,135.0,146.0
117067,262.0,168.0,155.0,146.0
117068,244.0,113.0,143.0,136.0
117069,262.0,79.0,158.0,151.0
117070,247.0,88.0,137.0,147.0
117071,271.0,128.0,142.0,157.0
117072,251.0,71.0,138.0,157.0
117073,249.0,151.0,126.0,128.0
117074,242.0,71.0,133.0,133.0
117075,241.0,108.0,145.0,135.0
117076,215.0,183.0,127.0,121.0
117077,238.0,83.0,113.0,136.0
117078,261.0,153.0,145.0,149.0
117079,249.0,119.0,151.0,149.0
117080,264.0,234.0,169.0,134.0
117081,289.0,245.0,169.0,162.0
117082,228.0,89.0,130.0,120.0
117083,251.0,115.0,125.0,135.0
117084,274.0,164.0,151.0,155.0
117085,283.0,152.0,155.0,149.0
117086,233.0,119.0,137.0,131.0
117087,270.0,141.0,151.0,157.0
117088,275.0,152.0,164.0,166.0
117089,262.0,128.0,159.0,143.0
117090,255.0,138.0,139.0,139.0
117091,220.0,88.0,131.0,131.0
117092,259.0,66.0,151.0,153.0
117093,245.0,104.0,127.0,145.0
117094,248.0,94.0,150.0,136.0
117095,259.0,86.0,150.0,136.0
117096,245.0,74.0,145.0,132.0
117097,248.0,151.0,144.0,141.0
117098,250.0,129.0,137.0,154.0
117099,221.0,98.0,147.0,127.0
117100,231.0,121.0,125.0,121.0
117101,230.0,88.0,130.0,128.0
117102,241.0,95.0,130.0,140.0
117103,265.0,145.0,145.0,142.0
117104,277.0,130.0,155.0,160.0
117105,259.0,129.0,147.0,147.0
117106,268.0,107.0,153.0,153.0
117107,241.0,102.0,132.0,139.0
117108,254.0,158.0,138.0,127.0
117109,233.0,116.0,129.0,135.0
117110,232.0,109.0,131.0,142.0
117111,239.0,119.0,134.0,144.0
117112,246.0,122.0,121.0,140.0
117113,235.0,107.0,133.0,130.0
117114,245.0,211.0,134.0,145.0
117115,246.0,85.0,132.0,135.0
117116,259.0,110.0,140.0,135.0
117117,241.0,127.0,116.0,138.0
117118,240.0,86.0,131.0,140.0
117119,265.0,126.0,157.0,145.0
117120,259.0,146.0,160.0,144.0
117121,230.0,203.0,146.0,142.0
117122,267.0,157.0,160.0,144.0
117123,228.0,146.0,115.0,116.0
117124,264.0,126.0,152.0,151.0
117125,264.0,131.0,149.0,156.0
117126,243.0,115.0,133.0,135.0
117127,253.0,78.0,150.0,137.0
117128,222.0,109.0,126.0,125.0
117129,246.0,123.0,142.0,135.0
117130,242.0,104.0,148.0,143.0
117131,240.0,77.0,135.0,137.0
117132,257.0,89.0,152.0,127.0
117133,266.0,144.0,137.0,148.0
117134,222.0,71.0,120.0,117.0
117135,245.0,158.0,147.0,122.0
117136,249.0,202.0,154.0,139.0
117137,234.0,86.0,148.0,132.0
117138,263.0,117.0,159.0,154.0
117139,261.0,146.0,140.0,146.0
117140,242.0,117.0,141.0,128.0
117141,233.0,95.0,142.0,139.0
117142,237.0,128.0,141.0,123.0
117143,253.0,102.0,141.0,138.0
117144,250.0,77.0,138.0,126.0
117145,233.0,125.0,133.0,131.0
117146,248.0,120.0,148.0,136.0
117147,250.0,73.0,141.0,145.0
117148,242.0,115.0,130.0,141.0
117149,222.0,86.0,121.0,115.0
117150,245.0,82.0,142.0,144.0
117151,261.0,98.0,148.0,142.0
117152,233.0,119.0,124.0,120.0
117153,263.0,107.0,149.0,156.0
117154,264.0,176.0,147.0,145.0
117155,243.0,98.0,116.0,134.0
117156,208.0,96.0,123.0,114.0
117157,258.0,82.0,134.0,137.0
117158,248.0,151.0,141.0,137.0
117159,206.0,75.0,131.0,105.0
117160,234.0,82.0,123.0,125.0
117161,267.0,93.0,147.0,137.0
117162,268.0,137.0,146.0,140.0
117163,247.0,62.0,141.0,128.0
117164,247.0,97.0,138.0,136.0
117165,256.0,64.0,138.0,144.0
117166,244.0,136.0,139.0,133.0
117167,246.0,108.0,140.0,136.0
117168,265.0,101.0,142.0,165.0
117169,237.0,84.0,133.0,140.0
117170,279.0,93.0,173.0,144.0
117171,257.0,178.0,162.0,138.0
117172,271.0,96.0,145.0,159.0
117173,262.0,131.0,146.0,163.0
117174,237.0,120.0,132.0,127.0
117175,254.0,90.0,139.0,148.0
117176,234.0,114.0,121.0,132.0
117177,248.0,159.0,137.0,144.0
117178,270.0,151.0,143.0,159.0
117179,256.0,139.0,156.0,144.0
117180,222.0,108.0,119.0,123.0
117181,267.0,92.0,156.0,170.0
117182,232.0,61.0,134.0,120.0
117183,285.0,120.0,160.0,153.0
